0000.jpg 0001.jpg
241 248
845 941
587 1122
303 320
1374 1598
832 923
129 122
833 927
122 119
362 391
1687 1952
376 410
1689 1959
61 226
830 921
377 411
99 99
369 398
307 321
1265 920
137 134
742 1327
242 1083
840 937
26 2
127 121
1686 1958
125 125
323 345
268 268
737 822
1638 1886
136 133
538 587
135 132
253 268
131 128
844 940
707 790
373 401
976 1582
1158 1339
539 592
831 922
1267 922
704 782
1642 1901
1025 1161
620 1175
751 845
372 400
1157 1337
339 368
1037 1175
720 805
1178 1359
1394 1618
1124 1305
233 233
324 346
1147 1325
375 408
374 129
1417 1637
132 129
1275 1471
1118 1289
767 863
826 926
1277 1474
680 1239
755 1345
1258 926
1411 1628
772 868
749 840
1035 1179
236 592
1257 1463
1072 1705
1312 1017
1821 2114
835 932
697 775
700 780
1386 1607
1479 1705
103 101
1375 1954
876 982
847 943
588 661
1644 1902
370 399
1370 1593
39 43
227 551
502 551
199 164
269 226
1820 2112
1256 1449
773 871
1269 1459
1828 2121
1242 1438
1057 1209
1012 1592
827 1466
365 926
101 328
601 1151
1044 1592
708 1289
1243 1870
1541 1773
1404 1623
912 1017
979 1086
1586 1827
1378 1603
834 929
842 939
828 920
604 1153
1270 1465
1328 1540
1318 1548
1253 1890
459 458
334 360
1185 1377
1453 1997
1107 779
43 44
291 739
308 329
288 305
336 366
1490 1719
1324 1061
1549 1778
1379 1960
1005 1134
1377 1601
1712 1991
775 1374
817 912
368 397
1160 1342
487 1000
19 17
289 301
440 501
1611 1858
27 30
777 872
1075 1230
537 586
1139 1764
100 83
475 568
330 835
1019 1153
1262 1451
1823 2115
662 305
1641 1896
1472 1701
610 1161
1455 1680
1575 1809
1103 1261
1014 1149
678 1235
474 542
722 809
360 390
1039 1178
443 503
1798 2089
642 722
1192 1825
183 45
896 958
879 1034
968 1079
875 973
814 1433
753 1342
1167 1354
1015 1149
210 540
1408 1636
25 28
278 288
326 349
1632 1882
1610 1859
450 514
62 21
1293 1516
1133 1317
200 207
898 517
739 831
713 794
825 1463
894 1002
1478 1704
781 1385
1197 1827
1508 1737
718 797
1272 1468
187 501
806 897
871 1495
1382 1605
809 903
1501 1731
294 309
295 764
1150 826
1580 1816
561 251
231 230
745 834
1173 1355
1289 1495
1145 1766
454 958
1307 1534
1292 973
611 1162
1042 1184
891 992
422 472
730 818
240 621
1716 2000
513 519
115 111
769 862
1182 1809
1421 1641
1737 2017
1050 1197
1083 1239
338 367
733 1323
1259 1466
1122 1297
229 510
489 519
648 1214
1669 1931
575 657
22 23
535 583
1228 1424
1002 1135
382 943
465 526
309 330
699 779
771 867
179 186
938 958
709 793
511 1033
633 708
1091 1243
919 1548
975 1598
40 192
1539 1771
1179 1365
553 1588
299 317
717 1300
1361 1558
1772 2056
1306 1524
597 1145
207 552
1819 2120
286 733
571 654
897 1001
494 558
1339 1579
1590 1831
671 745
201 233
765 859
1457 1684
973 1087
124 126
1695 1967
1094 1725
1769 2049
145 436
1249 1446
698 778
481 233
1048 1191
230 458
939 458
1474 1702
1021 1158
1626 1877
1406 1629
1430 1654
98 96
577 1119
581 666
1733 2005
1827 2122
106 105
429 483
504 563
1229 904
42 191
1390 1967
1631 1464
1276 1904
872 974
1278 921
462 523
1309 1531
982 1109
1215 1402
1688 1952
1574 1811
1088 1245
1629 2119
258 89
1483 1712
1615 1866
1195 1385
1268 1457
310 331
1064 1699
1543 1770
66 75
14 13
1074 744
1567 1797
640 716
668 744
1304 1529
1657 1912
1661 1932
1584 2085
1138 816
238 620
1560 1787
204 212
483 548
747 838
971 1593
37 184
1371 1599
364 1463
148 346
304 322
1570 1802
1023 1651
363 404
1470 2012
277 712
1747 2026
1407 1631
988 1113
776 1376
849 1122
1447 1677
322 342
1762 2040
763 1361
218 458
665 741
1571 2078
1024 1162
729 1763
197 202
1698 1972
1596 1081
1636 1883
1317 1528
1281 1451
1656 1913
1250 1448
824 925
1003 1136
1569 1800
1172 1800
1017 1634
754 851
1364 1589
903 1519
1154 1336
619 1664
214 431
1708 1980
177 182
1484 1713
1261 1882
1161 1343
1622 1868
886 503
1627 1878
1082 1714
1766 2040
688 764
367 395
782 1388
1036 1176
478 1051
530 624
8 9
424 480
343 879
482 431
1459 1689
1395 1619
1168 1347
17 16
1488 2026
1480 1711
48 431
446 990
764 1355
728 815
1362 1584
1782 2069
1217 1404
900 1003
1416 1642
1129 1315
725 1315
315 305
128 130
384 470
83 91
13 11
801 1411
515 971
705 790
1171 1356
1517 1747
1583 1825
104 351
997 1127
1109 1736
394 1122
378 413
551 1087
683 1725
1445 1674
613 1164
442 497
1647 1903
1191 1376
564 1098
109 369
1724 1997
1403 1622
1645 1472
1026 1163
766 860
547 1079
1244 1442
1603 1844
714 747
1000 661
371 409
234 486
306 326
823 924
527 1068
1096 1723
716 798
1389 1968
761 857
123 126
1756 2035
126 406
1297 1494
180 189
301 319
520 580
1463 1688
105 104
1117 1286
1491 1243
1770 2051
1266 1454
1216 889
484 550
188 431
435 513
1779 2072
1140 1322
572 650
1213 1399
1383 1105
36 40
460 207
884 985
182 513
1481 2020
1183 1373
1194 1824
1648 1451
548 609
1282 942
962 1588
44 47
1077 1231
205 211
186 196
1198 1389
1559 1793
862 1478
1706 1975
567 652
29 34
20 19
257 688
1745 2025
1523 1753
1177 1360
1721 1999
1621 1871
1520 1748
1545 1330
563 643
1380 1101
403 455
159 455
72 89
1652 1909
1676 1943
701 783
1433 1656
1817 2119
1001 1622
5 59
1054 1689
1165 1351
559 637
748 1332
133 131
853 445
1260 1464
579 669
549 1074
38 189
967 1594
1734 2007
1717 1994
225 486
724 1311
1557 1789
1754 2035
1469 2015
1643 1904
1503 1735
1723 2001
107 106
1635 1890
1420 1646
1310 1526
944 1076
972 627
383 429
1679 1947
1790 2086
1199 1390
464 214
685 758
1300 1508
1709 1979
1104 1266
327 351
710 1293
770 865
151 148
762 1353
1287 1495
1053 1686
1811 1868
595 1144
53 57
1402 1633
810 904
352 380
1619 2103
468 569
1425 1643
926 1032
228 431
608 1651
666 730
623 1178
1486 1714
1234 1433
2 7
189 51
1731 2004
1815 2110
1749 2028
1384 1602
1419 1634
492 431
1703 1644
1046 1954
1079 1234
822 409
880 1505
1 5
433 988
1163 1346
247 650
836 934
358 917
1692 1965
67 1081
361 403
818 1445
120 120
1342 1565
931 563
1630 1881
644 1691
1704 1646
173 480
829 931
160 161
750 1340
1301 1918
760 1344
46 49
1825 2118
1248 1444
859 968
342 877
1180 1806
1440 1667
851 521
638 1686
209 535
456 517
838 933
406 529
49 51
164 454
1273 1465
555 634
1097 1246
6 59
945 616
569 651
1326 1935
1022 1159
672 1224
1255 924
1081 1235
283 727
185 46
1699 1971
652 1212
472 537
1653 1913
1736 2012
473 1006
1119 1290
873 968
684 1251
712 1293
1449 1996
837 935
1628 2117
1651 1912
594 1142
55 219
1230 894
1148 1770
1512 1744
1391 1969
609 1163
703 789
1126 1312
525 598
296 768
1506 1274
1400 1971
1288 1486
471 486
1564 2065
449 502
1532 1761
121 403
667 740
1771 2055
1525 1757
908 486
1833 2114
1340 1559
989 1611
1673 1581
221 431
1399 1085
540 245
451 504
1750 2030
1274 934
909 1012
118 118
1114 1281
1780 2073
1729 2002
578 263
1454 1682
1768 2047
1460 1686
428 479
556 638
1800 1081
1347 1937
1093 1251
1108 1274
1296 1502
839 944
297 314
1290 1499
150 147
170 162
516 431
1110 1272
1576 1810
332 357
813 1432
1175 1360
1763 2036
1413 1627
921 1025
212 1051
206 526
736 823
1547 1776
351 379
1059 1691
941 1060
1166 1794
1618 2101
408 461
318 811
893 993
35 41
1485 1235
155 152
1444 1992
1655 1925
196 508
1804 2093
495 565
1674 1937
918 431
1429 1652
562 1092
1814 1873
536 612
1544 2058
1254 931
1496 1720
448 214
461 520
1164 1789
637 711
157 459
1531 1317
1775 2063
388 436
1086 1716
1671 1938
1634 2116
1134 1761
841 921
1809 2102
1670 1933
1826 2113
523 233
476 572
1740 2024
1223 1425
1824 2116
1428 1653
271 1582
656 727
1070 1226
1562 2064
1032 1170
366 928
70 82
1494 1720
1556 1346
243 638
142 59
857 960
1181 1369
1554 1792
1066 1218
415 162
1298 1036
161 461
425 982
864 1488
1524 2048
1565 2066
1710 1984
1069 1215
889 501
1588 1830
1263 1452
980 1097
1128 1314
661 759
1368 1591
957 1573
1579 1378
670 735
1009 1627
1462 2002
1701 1977
1473 1698
1388 1104
1514 2042
856 1496
961 624
355 904
541 623
715 748
743 1329
1010 1144
404 960
413 468
1764 2042
139 141
1252 1458
617 277
1685 1953
1435 1328
220 236
681 1716
812 905
1510 1272
1422 1639
1598 1588
1805 2093
21 165
1741 1634
1808 2103
496 1061
395 952
1599 1836
1084 1238
237 73
1665 1935
239 1052
1456 1204
51 508
960 625
313 794
1351 598
664 1221
1773 2059
524 589
466 527
1170 1796
153 444
995 263
437 463
1008 1139
1396 1120
694 786
1526 1297
421 973
952 598
356 387
917 579
1426 1980
1071 1221
414 469
679 1238
981 1090
348 971
615 1168
907 569
1398 1077
445 233
1519 2039
768 864
1624 1873
1264 1889
1189 370
596 1143
1783 2066
402 451
317 803
1305 569
804 1414
1672 1951
1594 1833
1092 1250
458 1002
331 356
1792 1829
134 417
1335 1557
119 131
1536 1324
677 1710
316 1302
1730 1925
167 468
901 1007
346 971
1761 2035
1748 2027
1776 2067
1835 1898
940 1053
542 620
895 227
1758 2043
69 80
888 989
1522 1752
1436 1174
114 110
65 603
1719 1934
1587 1392
1681 1956
1742 2029
1680 1955
146 206
1087 756
1678 1956
1751 2038
1502 1279
560 633
1232 1427
453 559
117 116
455 996
1350 1586
647 776
1781 2074
1352 1571
1397 1600
1363 1582
1359 1590
1245 1445
267 130
868 478
387 515
418 1503
858 1488
486 1028
1578 2083
305 1281
953 1066
1202 377
1333 1933
116 116
1633 1882
379 415
794 1402
386 429
631 1588
1152 1774
1757 1737
1837 1900
1219 972
796 889
1548 1781
693 1733
691 315
438 986
1303 1482
244 257
1085 1254
1076 1229
354 386
546 1583
998 1633
1482 1634
1441 1671
479 550
1236 1871
757 1346
1566 2065
1100 1722
1572 2079
1568 1798
192 206
1211 1396
1233 1429
1439 697
673 1229
28 32
1667 1934
1640 1894
1060 1199
887 995
82 294
1365 1085
1728 2021
639 714
400 1004
526 598
1153 838
3 85
1311 1006
756 853
934 1557
1658 1934
1028 1168
1239 1439
1617 1863
1190 824
276 1196
566 646
1534 1762
341 1385
77 104
1438 1991
1702 1639
1605 1392
58 74
439 193
1466 1199
529 1090
300 777
1732 1934
1654 1915
1130 1311
1299 989
213 546
1791 1829
1205 892
815 443
1415 1644
1818 2120
1803 1925
64 592
1106 1331
785 937
1034 16
328 352
1711 1995
1666 1930
1530 2052
50 51
172 446
607 421
843 1470
1353 1071
195 227
1533 2053
696 1331
1401 1581
1410 1624
984 1098
444 554
1577 1371
1801 1583
583 659
235 624
335 845
250 635
1538 1766
320 303
108 943
344 73
582 676
787 892
1677 1938
219 599
1346 1861
734 1326
1784 2080
1609 2095
1597 1829
1214 1400
1280 938
798 375
910 1533
1830 2121
1151 697
1513 1738
532 240
593 1139
821 919
915 162
399 1728
1061 1695
797 1404
215 548
1027 1165
741 1331
1320 1553
500 627
1493 2034
744 352
1713 1986
1600 1839
1220 888
490 599
1760 1156
80 1081
216 120
1294 1607
657 610
1613 1857
1705 1976
983 1093
411 538
1602 637
1156 1781
1210 1395
1683 1945
248 82
558 630
1224 1927
758 1354
675 759
47 51
1794 2088
1684 1945
892 1036
1450 1907
333 943
1209 1394
1451 1934
1065 730
141 239
12 153
1062 1694
1487 2034
154 66
1726 2003
176 485
1516 1742
467 527
1664 1568
1612 2093
1511 1741
1135 1318
57 59
156 444
510 439
1718 1925
1336 1933
735 1770
1123 1296
1529 1986
1592 1832
1146 1328
169 167
1550 1781
795 486
1011 1382
1471 2005
1149 377
568 653
863 445
937 611
1437 1174
1786 1925
1558 1789
1767 1986
347 1013
948 615
262 1952
866 1011
68 486
226 981
852 952
1431 1324
181 187
60 85
687 1145
1735 1261
723 1308
606 439
1778 2082
24 167
385 463
245 653
190 992
1316 1549
329 1664
1231 1852
261 1416
1006 1624
16 157
669 1232
1606 1392
1589 716
585 676
499 233
554 1905
786 73
1553 2066
1720 2058
1492 1244
792 117
1200 1171
1141 824
1509 1905
74 83
312 1293
916 1560
1595 892
855 893
1212 1398
398 233
1561 1782
1251 659
1582 1820
7 971
1393 1971
1813 2108
1313 1526
1369 1074
194 51
1314 1045
1551 1784
1222 1392
302 319
1537 772
791 1583
1385 1096
436 329
509 431
630 37
793 1399
1497 1925
1696 1125
850 979
1089 627
1169 1348
925 1067
584 1147
1246 1444
396 235
927 597
1465 1697
152 155
519 534
506 312
1302 1478
1392 1630
890 213
956 1073
1348 1563
353 117
1323 1570
1013 1146
311 1151
1319 1561
1131 1308
1785 1378
533 955
1381 1606
434 187
78 1583
1690 1610
1111 182
783 312
1777 1788
419 1072
287 1081
1330 558
738 832
211 372
626 130
1793 716
401 528
1464 1697
727 1318
1101 830
1206 633
867 1484
911 997
970 1074
452 1542
1174 1214
1744 2027
110 941
501 573
1806 1859
930 147
674 746
1344 1485
800 689
1099 1207
1787 1826
1700 1986
1774 2061
15 59
1715 2057
198 176
1332 1931
380 136
528 1686
1662 1660
359 131
1625 270
659 726
552 1094
1738 1925
1540 1328
1593 1831
144 643
808 934
208 1633
166 75
314 1297
1542 781
951 1586
1427 1986
1004 1622
420 216
1144 1988
1221 883
544 1074
1345 616
223 66
929 24
0 94
102 331
1608 1206
1409 1681
646 685
246 1085
1033 781
96 826
265 753
259 227
774 911
491 565
1604 883
1063 1331
943 1056
1789 1821
266 901
1573 1366
1373 1585
71 374
79 1954
417 483
996 546
412 456
260 244
1660 1678
1788 1826
1184 1836
319 683
573 261
1337 1647
616 1039
1113 536
1405 1581
11 66
85 1583
493 597
955 802
498 588
34 491
1358 1950
1355 1586
130 385
1614 1336
273 2
799 1043
882 1072
1176 854
557 421
447 559
802 1340
1201 478
522 1066
974 1842
676 1349
1452 698
1797 716
222 60
788 892
111 930
1007 1150
1162 1350
870 1672
992 1530
999 507
217 588
1461 1085
503 673
1218 890
1279 1470
93 96
457 484
1315 1028
140 430
298 971
641 369
95 94
1334 444
345 920
1341 1861
618 800
23 22
1591 586
113 115
56 85
1078 2068
1387 1541
1505 754
518 42
1822 1885
270 1267
1127 23
162 462
381 405
349 115
432 986
820 895
1743 2037
545 618
622 70
1834 2112
726 683
249 699
1458 1216
977 575
883 1496
280 971
1338 1328
1467 2008
1693 2021
965 1074
63 286
1829 842
803 1851
274 2092
1831 2114
580 1636
392 435
1321 1067
1799 1029
138 900
1527 1707
590 1138
1196 890
76 125
469 1485
1581 1503
1052 1697
1367 1953
1812 1872
263 617
174 1825
18 222
964 594
168 273
232 611
405 955
86 617
149 42
702 1280
251 878
325 355
252 685
686 853
389 1540
1043 1176
987 685
949 1053
275 112
954 1686
1284 935
340 878
634 405
1018 686
73 82
193 238
711 1284
1418 781
994 1236
592 1152
91 405
1132 338
589 1328
45 195
586 1089
264 901
1040 901
426 982
1607 2093
574 227
1759 1621
1477 1756
1601 1404
1308 1586
789 1013
621 901
1142 827
485 120
75 135
284 402
624 2022
932 24
543 1052
946 613
30 304
514 275
1675 1933
1240 722
1434 1170
81 1401
1552 871
1080 635
1188 1876
1682 1950
591 43
1090 160
653 528
978 1678
1836 2112
1343 1206
605 837
654 1440
933 581
784 127
1424 1986
942 275
1356 1550
1136 698
517 813
629 57
1159 1629
1722 598
254 781
985 1104
441 1801
1528 146
576 1654
865 130
947 1485
1659 979
1349 563
1412 1150
505 1143
54 1151
854 1008
719 1773
256 312
1585 890
928 565
682 4
1030 1157
1286 1078
1707 1979
752 1674
1753 1526
920 120
1186 911
1668 1577
1500 1732
407 561
660 884
881 983
649 1817
92 96
1366 1069
807 245
292 129
1495 157
706 389
1752 1731
1725 1764
1204 607
861 2063
636 1213
963 1085
923 24
950 116
614 316
1187 270
1051 1565
993 559
1432 1322
158 12
89 108
87 1458
731 245
935 1797
1739 413
991 207
321 879
1016 685
97 1327
1226 707
860 1008
780 1793
285 1458
112 1303
816 722
1207 199
1446 1283
1555 1792
1802 2091
1518 1749
1807 193
1193 1014
350 1013
175 328
655 705
1376 1996
778 1006
612 318
1073 182
59 591
878 1021
966 1585
282 1440
88 367
1327 1784
1499 1731
550 621
1765 513
1237 1349
497 599
805 1112
1047 602
1535 1399
84 84
423 539
1291 1586
279 35
1354 1304
1755 1844
165 341
1372 1116
531 587
1116 1287
1442 1681
178 320
1120 1429
4 586
430 449
290 414
922 300
695 1740
1515 1754
431 443
1637 1139
1546 448
470 1633
1832 842
1055 1788
1137 1101
1414 1636
746 431
625 932
969 1640
1067 909
990 426
635 1458
191 563
1038 1227
477 1626
480 682
41 779
163 65
410 1931
1507 1538
1498 1728
1616 1863
1049 721
848 935
1031 208
759 643
337 850
1694 1965
790 1062
902 827
508 63
1697 659
1271 1467
877 1021
874 1955
1020 746
1623 1131
1357 802
202 775
869 668
1068 25
521 681
393 870
1125 1725
143 575
147 1388
1115 1227
1121 1438
924 216
740 1637
1322 1511
512 295
1058 1087
959 1748
224 981
565 158
899 719
1468 1675
32 51
1663 1203
1238 1653
94 129
1360 800
10 897
958 802
1331 498
1443 1995
600 686
52 200
184 1485
721 846
732 1393
1448 283
690 909
1650 1875
272 209
1208 582
1329 1576
293 1245
570 424
1796 592
409 539
416 1655
90 98
779 366
1727 1552
1041 554
1620 1129
598 113
357 292
1521 1309
1155 892
1095 160
1563 1347
986 1112
33 54
936 1131
1056 344
507 1313
599 1127
1714 1003
1102 948
31 131
1143 1393
1227 686
645 127
1285 1152
1105 673
811 212
397 933
1045 528
1098 836
1225 894
627 828
689 948
1203 594
1241 438
603 686
632 54
488 1325
1504 1393
1691 419
1423 1593
281 236
1489 948
906 1586
1795 587
1112 1773
1247 1443
819 417
663 2117
1475 1714
391 933
1476 1986
914 775
658 707
846 691
1810 1805
9 659
534 798
1639 1467
1283 1166
651 667
1325 484
427 1340
1746 1735
1649 1959
905 1585
692 2019
390 423
913 1977
650 1651
1295 266
904 1178
602 856
1646 1464
885 1485
203 912
1029 1399
463 1560
1816 1874
171 2000
1235 1422
628 1414
643 803
255 856
