0000.jpg 0004.jpg
834 320
376 322
845 804
131 84
136 85
132 320
833 319
127 80
842 806
374 320
122 78
1275 1330
375 65
1265 1318
832 316
137 89
372 311
1828 2116
1277 1827
1256 1312
1281 1332
1276 1334
1267 793
1643 1830
130 82
797 768
828 1318
135 87
1220 1266
1825 2111
382 328
1831 2121
540 835
840 325
973 388
368 313
1642 1826
588 883
835 674
1829 2119
831 793
367 309
847 310
373 316
1832 2123
1042 1478
1057 1031
551 388
1661 1853
1665 1852
1648 1332
1262 1314
370 88
1178 1700
1712 1934
129 311
1702 1913
1394 1868
794 762
722 647
1273 675
739 672
979 1353
1631 1840
1371 1381
1644 1827
1386 1414
830 314
1638 1818
1318 1363
1278 1329
1772 2014
276 510
1368 1861
1339 1375
362 310
559 423
1268 1320
1453 1929
781 1238
1282 310
1270 1818
364 1841
561 1514
766 1205
972 1381
755 1195
1167 1196
103 1329
1538 1642
1000 883
982 914
1619 2109
1438 1934
106 674
620 1906
1261 1317
575 876
341 745
1821 2108
343 745
759 1198
369 327
1037 1906
1139 1636
1138 655
1166 1685
1257 2134
772 1220
301 44
1253 2128
825 1843
1148 2011
715 1026
829 1845
1636 1829
758 1196
1629 2128
1820 1810
336 280
1145 1642
295 1083
125 1345
1641 1824
1266 1315
1005 1403
1185 1222
1672 1911
1416 1909
302 227
1645 1317
1543 2011
1618 1772
776 1226
1065 1550
1213 1746
1376 1372
1635 2128
303 228
85 192
313 56
1264 1843
1164 1196
1160 1674
1817 2125
1231 1283
1192 1719
773 1222
720 645
1566 2042
699 227
1260 1838
729 655
809 1792
642 568
1024 1454
1398 1439
1632 1814
997 1411
1297 1866
1433 1463
291 1020
977 1350
718 645
1269 688
1175 1696
661 1026
1170 1691
611 1454
99 44
662 1025
671 557
105 100
765 1203
767 715
1633 1831
1572 2044
1216 1257
1830 2122
1048 1495
1603 1856
1377 1854
288 1025
1234 1812
1215 1259
652 1002
761 700
578 1250
882 1926
639 1504
1180 1700
1362 1361
1819 1840
1088 1574
1379 1906
79 33
1181 1221
1140 1639
1583 1719
1628 1835
1050 1000
1526 1616
60 30
919 1363
1698 1877
1217 1760
1558 1681
80 20
844 326
753 1674
1259 1841
1195 1238
827 1841
1574 1212
331 1343
1182 1700
83 177
1133 1152
133 95
1799 2062
841 1328
1594 2063
1177 1208
727 1159
736 1169
1545 2012
1592 1732
1008 1382
768 1200
714 562
365 340
273 76
992 848
284 32
1117 1595
675 1026
562 389
330 675
1472 1520
1430 1910
683 1069
1407 1863
822 1342
1239 1721
314 247
826 340
1408 930
529 1355
655 186
108 279
1191 1226
198 493
1539 2014
1567 1686
1588 1732
1715 1859
327 1815
1294 1414
1293 834
577 1395
757 1678
648 1004
1611 1053
82 30
285 25
640 621
1179 1212
762 1702
1760 1413
635 189
86 32
713 246
1025 1458
92 27
995 932
1782 2047
371 1342
770 1207
333 279
244 366
377 78
554 1372
1741 1888
501 349
315 562
824 1839
279 49
735 1648
733 1169
967 2047
688 1083
361 1342
1375 23
572 1086
1258 340
460 406
695 621
128 1342
1605 373
1022 1455
1600 2074
647 553
107 1244
1570 1700
814 1316
188 1791
763 1202
717 1132
1219 1377
355 1302
1469 1522
1525 2000
320 288
415 1436
609 928
1035 1414
1094 1069
560 366
257 458
123 338
121 1342
283 359
240 1734
322 1169
267 479
542 850
499 686
23 233
81 173
801 1287
1724 1929
450 1436
1559 1680
87 25
750 1672
1557 1680
1800 361
360 308
660 556
104 338
1445 1478
708 1118
271 23
1834 1831
1497 373
1766 1988
1163 1678
558 2063
354 335
170 1436
1654 1381
1014 628
921 1795
1128 1153
1783 2035
328 479
756 1197
1808 2109
1370 1858
200 406
49 403
296 248
93 27
996 1407
1490 1574
1827 2114
1021 1451
1083 1574
1228 2097
771 728
812 1631
1287 1979
1198 1238
1119 1605
143 81
944 1362
223 52
1243 907
1717 1925
317 1139
1459 432
1836 1831
608 1453
871 1977
216 97
366 107
111 292
552 2063
67 23
1582 2058
298 51
1429 1904
1480 447
1304 1375
1686 1858
1422 834
1479 1527
788 11
280 51
53 55
1384 389
1586 617
1084 1058
1575 1700
719 1568
1199 1727
294 1068
657 11
1026 928
1317 932
63 503
1509 1912
1124 1140
70 96
1061 544
1756 1985
1130 1614
1072 1527
563 366
274 508
1571 2049
84 188
785 325
1165 1196
275 166
1052 373
226 703
77 293
1547 2015
782 492
1301 1911
1172 1690
674 735
1564 2043
1023 1453
1326 766
76 99
7 1341
287 192
319 587
154 35
710 1607
1425 1889
1421 1895
1197 617
823 1845
1589 621
1822 1655
748 129
712 1607
1541 1652
700 1097
1104 1580
597 1405
716 256
1833 2108
189 403
535 324
724 1136
247 1086
1289 1977
1474 1524
347 180
418 852
1255 1845
1463 925
1801 361
350 180
1621 1721
669 989
363 1839
482 1791
1118 626
810 475
1679 1254
308 1068
1223 1782
1770 2104
541 1229
866 558
626 479
1573 1693
1551 2041
751 1836
698 226
1733 1939
1089 1501
783 1260
585 139
1759 1372
993 817
110 64
1565 1571
1501 1984
1798 922
1436 946
270 1268
1096 1981
177 840
744 479
1200 324
1454 431
527 1083
1587 373
69 223
1457 959
1039 1476
1626 1523
537 289
1517 1995
874 312
1127 1568
775 1224
808 335
883 423
1610 1785
707 625
546 192
593 1298
228 1791
268 1836
126 107
861 791
11 52
1254 1840
293 767
1120 1096
1602 1679
342 619
1411 1422
225 799
738 676
408 1977
1046 23
709 587
277 161
711 636
441 1683
436 1260
78 192
197 194
1284 815
481 1782
1762 1988
638 972
623 412
290 330
1252 1337
1079 1614
1468 1001
484 1550
604 1968
1569 2045
610 1458
1740 1894
730 1161
1576 2052
398 1292
61 1836
734 1642
71 501
943 1521
348 51
174 1032
1233 1652
278 155
1568 1679
1596 361
1162 136
598 168
1520 1596
220 111
95 482
1364 2093
478 113
134 104
120 97
1530 1161
138 1349
682 49
22 1068
64 87
1063 1712
975 589
1171 1203
264 32
1040 32
1554 2034
17 1614
234 703
1019 952
1615 2091
1132 1270
10 267
1818 1840
672 879
918 1582
616 51
1531 1626
289 199
253 1836
286 521
1230 1274
634 31
1015 628
691 404
91 173
204 462
1432 624
1263 1311
1002 1421
654 487
1291 791
1236 1630
1212 570
1309 1414
118 695
1456 2073
726 587
872 1625
627 819
1054 432
435 1086
1499 1566
332 1319
576 1458
0 97
1437 1026
555 912
48 1791
848 1789
323 27
1341 1304
1743 1571
1669 437
90 198
1245 1285
1420 1413
1606 373
653 260
1824 553
686 1568
553 361
346 51
471 40
838 947
124 338
242 1836
1784 2048
528 2034
1522 1606
1674 2073
1202 139
378 344
282 487
876 905
1595 139
1222 373
214 1791
868 456
72 93
1778 2037
1365 1913
1272 666
509 1582
676 989
1158 1836
1458 373
250 1249
304 484
571 875
1296 1979
1229 475
114 333
26 76
749 1837
1135 1500
1279 115
1187 193
952 1712
1787 1752
1 275
983 1860
102 55
217 97
1342 1306
679 1058
1793 621
1324 855
442 406
231 260
1206 962
789 180
1519 1591
75 93
100 339
1113 492
311 789
1777 1679
520 2074
1205 11
1152 1654
1382 1470
1116 1115
519 1197
1548 2023
1552 1222
1363 23
256 97
1581 2093
567 1758
1107 600
731 1248
500 1926
741 1431
1696 1876
426 1414
1735 528
606 443
621 32
631 192
1584 2060
1444 1925
630 81
1737 1965
754 1618
1244 541
665 563
399 1977
1689 1858
1725 1628
59 1083
238 850
1598 361
1146 683
1176 1706
796 760
1470 1075
795 110
1769 2001
1683 509
1099 149
1032 1283
677 1967
316 251
1053 1106
1224 2122
425 905
656 359
1055 2048
1771 418
1311 1911
233 1476
310 982
649 1712
269 1836
926 922
1562 1741
1455 1492
644 1353
1036 1792
74 323
1806 1778
619 1792
1154 2075
1332 1555
530 113
55 58
6 145
1542 683
680 1574
182 2039
506 778
109 382
1768 952
791 109
687 1746
747 498
538 804
622 1176
1601 1760
505 891
1780 2052
908 703
380 180
119 91
241 33
819 130
637 1001
184 1937
47 406
147 119
963 952
1214 475
502 1836
1209 106
870 441
1316 423
1074 967
153 1076
752 133
525 1003
1334 1366
1813 1261
1471 363
889 2009
1288 2075
725 650
1396 1408
1392 1684
1761 1985
1395 2041
1758 1965
596 1415
411 35
235 113
475 111
141 804
263 103
974 1857
229 194
1540 891
769 728
1149 683
209 1103
163 1342
207 1549
536 23
1556 1672
420 465
157 891
265 1176
1403 1886
1078 1967
526 1163
232 1279
884 894
1081 1761
227 1836
1503 1985
417 367
167 1977
403 1074
485 97
393 119
1240 568
192 696
1077 1930
1129 650
101 622
1553 2035
1687 66
407 1188
300 44
3 30
1537 2048
1064 532
836 1348
1765 1444
1302 1515
851 475
1482 1888
483 932
1744 1973
1090 268
1292 1952
164 1983
864 1799
1492 1079
1034 2059
857 1983
1188 767
479 1550
880 895
1729 1991
1807 1043
1226 484
445 1476
458 268
321 401
1103 600
344 1174
476 113
1122 1127
326 496
1460 1106
855 317
211 292
1462 1939
927 494
339 412
1204 1328
815 404
1634 1654
387 1837
566 1099
318 650
401 35
236 1748
159 1074
1100 1405
1307 932
161 1977
556 113
1704 1879
504 1436
1508 1987
89 156
1779 1086
305 1107
1174 1532
1527 1533
1059 1353
299 245
248 44
1483 1657
865 479
1625 132
1351 1496
697 245
1290 1766
909 1965
511 191
1794 2058
1251 748
379 247
1232 939
1056 174
1473 1807
802 280
1062 1577
1651 1977
858 1799
335 1836
539 1260
1126 847
325 49
962 361
381 753
1656 1043
723 1139
261 323
1752 1566
1330 922
1585 1679
668 1533
673 1017
625 1039
790 289
388 1578
1523 1607
172 260
1424 1816
68 703
351 330
1511 1586
1095 2059
96 192
494 1212
514 1279
1001 1886
246 55
548 434
605 97
580 1695
245 795
966 630
306 416
448 1069
1315 2074
601 1798
307 1836
1797 47
862 2038
629 1148
1728 1365
1507 1018
1076 1372
867 434
1092 581
1086 1457
1481 1921
437 260
1536 1674
1397 1457
1101 595
704 1836
432 895
212 113
1599 1003
837 810
595 406
66 1347
1516 1505
678 1136
976 23
922 406
185 406
1524 1606
490 164
1823 1654
670 428
1781 1250
201 322
486 1855
778 1715
981 366
1461 833
243 113
1528 1794
732 613
148 66
1465 1679
641 1703
1440 1923
251 1795
1333 889
515 51
5 26
472 2090
34 2024
199 260
116 97
1754 1576
1451 373
464 1519
1347 441
1676 1111
497 43
787 11
1726 1518
455 1955
582 1144
1417 628
389 1921
1449 848
681 1457
568 711
991 892
1404 1421
1670 889
615 458
50 403
329 180
839 329
206 653
1705 879
1196 1628
583 1912
1066 359
911 850
1043 1925
1378 2047
1443 2044
1448 646
573 1051
1051 373
786 1174
518 2116
1776 2037
998 1780
1189 129
925 576
54 631
685 589
521 450
890 494
115 753
693 2087
1144 833
113 96
1159 659
667 1009
324 361
334 1837
385 313
931 365
523 686
65 107
666 1550
613 360
492 1791
1734 1945
412 1624
937 1181
416 1965
1207 81
1659 2075
149 822
97 20
903 1031
706 524
1168 1683
1131 437
404 1983
946 1790
1314 378
1346 1794
31 1294
690 1079
1249 638
384 1224
1653 921
1082 390
222 975
934 356
701 417
856 1194
1110 1909
886 2011
1374 589
1464 1679
1125 1614
15 49
879 135
1349 1436
1500 1986
1274 1849
1485 1761
349 96
737 1837
516 1791
1071 1431
512 511
1049 21
853 1571
533 941
1087 1058
933 1785
406 362
1401 879
524 2122
169 149
312 1607
1109 1792
498 110
1491 1981
1143 613
258 77
175 493
353 693
1684 509
705 625
1387 587
260 96
1335 905
1111 118
1184 1285
1510 1980
893 2009
1805 1223
237 686
895 209
932 903
1137 733
166 169
1802 1263
1114 1107
98 58
4 825
1675 2079
94 481
396 494
395 1540
73 48
1248 1280
742 1836
1068 962
898 363
503 1426
421 1982
1093 553
12 1571
947 1719
487 191
985 735
1353 1076
27 227
45 1478
1020 1016
1372 1743
1328 846
24 149
345 169
1627 374
1688 66
1579 1285
531 1340
1141 683
591 493
1550 750
1439 1712
1038 1704
915 846
21 1614
468 692
117 97
16 2037
1406 487
793 1258
1155 1228
1299 1961
1608 373
917 113
309 627
1097 601
1622 857
1506 1987
510 451
1678 791
1563 1903
1597 423
1060 581
1535 1746
941 735
152 1587
1736 1075
1442 2061
1681 791
1030 1684
1070 1959
419 932
1321 337
550 430
160 613
659 1628
469 1965
146 145
8 2117
1336 860
1190 683
252 659
1716 1941
816 568
392 1146
466 1139
1306 1031
852 1540
452 246
1380 1101
493 164
584 1212
1017 1888
532 835
569 403
453 578
740 1217
1774 847
1706 1975
1722 2104
1045 1036
1646 1295
1344 1719
1790 1759
1505 1965
215 254
803 821
340 254
907 1193
863 894
62 284
760 1340
1308 423
1435 1674
547 1675
777 440
210 58
145 1590
1400 862
1320 910
1412 494
1666 1895
1532 1630
224 48
1789 1785
574 524
183 411
162 943
1419 1888
1173 1626
1355 791
1075 1527
813 815
887 1065
589 96
1637 1557
1484 788
875 1952
721 1374
764 133
843 695
743 543
1418 2051
489 1817
940 353
1073 434
1786 1680
612 1097
728 1154
262 192
202 923
818 815
142 155
1305 1193
1246 1280
1745 1973
165 1829
473 1884
1764 633
1058 1679
894 581
19 204
1614 1989
1478 90
386 1571
1242 423
1150 1836
1713 2056
429 1443
1428 1925
1546 672
807 693
457 96
359 1840
849 192
230 18
939 18
194 403
746 1478
414 649
646 1718
1091 1565
439 2074
579 781
1208 11
266 954
1495 1571
1755 1361
1591 1328
337 41
664 581
40 776
1153 1925
916 642
438 1408
451 1123
1673 993
570 2046
1721 1500
798 1804
779 107
645 710
1352 1108
929 2061
1218 1687
456 363
1157 1837
507 1430
446 1356
474 1432
1512 1094
144 1797
961 1731
1809 907
459 18
249 165
1707 2093
1183 1211
338 1837
1612 731
187 419
1237 1694
1788 1752
1699 862
1147 1837
1561 1179
402 1500
1238 351
1142 2059
780 306
587 192
1757 1984
1010 406
1298 910
586 96
176 422
1486 1383
1410 1781
1156 2023
1604 1965
1319 134
1452 1628
1431 616
1310 1031
1098 511
413 1977
956 451
1136 1160
984 1589
1663 847
1763 1661
39 247
1466 2051
968 859
603 547
971 1574
1006 633
13 381
942 1279
1534 1309
218 1817
1151 1069
352 695
1723 1949
960 122
1785 2103
151 1146
18 81
1590 775
950 817
156 1500
1775 791
1193 569
1749 1165
2 60
513 18
1069 1928
703 2099
1804 1223
1658 423
383 425
989 405
953 1108
1496 1758
1791 791
885 415
850 1469
930 1761
443 1294
1327 1187
1300 895
896 1038
1201 1261
46 1455
1514 952
461 419
409 1103
205 379
449 1065
805 1177
684 553
1313 2003
480 225
1493 283
193 77
1027 1169
1826 1634
410 918
910 1145
990 1265
951 1695
935 1686
112 235
920 466
923 511
1446 1050
1739 247
1350 1695
1811 444
1112 1589
1657 1852
948 1240
949 138
1013 906
1690 1965
1426 1570
1652 1443
1340 773
357 133
1487 1293
774 737
1009 1075
986 149
221 1308
1106 640
1660 993
902 1017
817 141
1067 139
544 1343
1285 1349
1108 1987
1447 879
1467 2120
1730 373
955 1159
1731 234
58 20
792 1699
1169 2124
1727 1393
1413 865
465 659
1477 1771
1580 1050
543 68
14 1730
1033 683
1795 326
447 209
702 1006
878 809
892 1118
29 9
239 324
1697 1413
470 748
988 1518
820 817
1441 1605
259 141
1513 857
1753 1882
1210 109
901 900
1664 440
20 1475
517 1719
696 640
1004 1756
1578 2051
139 1661
1415 1063
1555 2049
1691 1271
1640 1755
784 710
394 192
1593 1521
1837 115
1518 1572
358 735
799 947
1502 132
1102 1482
912 2003
440 419
1286 1779
1710 972
1105 1217
1121 1687
1695 1882
1718 1365
463 1017
1016 1212
1701 1365
821 829
1345 1592
1123 2079
1738 1687
897 1765
545 2061
52 615
88 498
1044 1836
1338 373
1250 748
994 1869
999 494
614 110
454 1817
1677 1789
581 1674
987 683
495 1131
33 336
594 748
140 435
969 808
1399 1289
938 1038
30 493
36 96
1719 1354
1203 285
150 1761
1708 2090
1343 1095
32 21
1012 1836
1812 1351
745 133
1115 494
859 891
1414 1194
272 108
179 801
1835 1250
1732 1279
1390 1882
292 320
1134 1630
1028 458
913 610
888 853
900 1247
617 1678
965 1446
1405 1285
1521 1111
1041 791
1767 2135
1358 451
899 494
1711 1679
628 502
1402 1385
1650 1789
891 1356
800 1067
356 810
1312 9
633 1492
1389 1895
1515 1589
564 676
41 611
1434 1073
1080 444
168 696
1221 655
1018 547
491 497
1796 913
422 377
689 1482
42 247
1047 2059
1323 440
1227 466
1393 1402
219 1476
467 2090
599 1698
1381 1551
873 1408
158 117
1329 2016
1211 276
281 621
1773 2015
1810 254
488 821
186 1079
1624 1752
692 1083
195 209
1007 494
618 966
804 1213
1331 136
173 1011
1003 1421
694 916
811 636
607 122
1427 1679
1655 791
1295 139
508 97
1085 1200
1385 988
1225 1348
1544 51
1533 1725
1620 862
1356 378
1280 901
208 748
57 696
590 1807
624 2100
1354 791
924 97
881 1955
180 903
1476 773
1494 911
978 378
1577 187
1694 520
1747 570
1703 587
433 1762
428 1961
1504 1706
636 618
964 68
1750 1981
44 406
846 723
1409 791
1498 2093
1803 373
869 373
1031 237
1613 818
1391 1695
213 381
954 733
1383 1607
958 1821
56 1476
970 327
1662 683
632 2100
1348 1607
190 1145
1680 312
297 227
534 117
178 44
1283 405
1639 1607
38 1373
592 516
430 1693
806 335
957 705
1194 1194
663 1846
1607 818
1671 2084
1720 709
191 2002
496 1821
1366 1343
602 242
980 378
1816 864
1357 1495
1647 9
1360 809
1630 697
1475 1715
431 693
1814 1181
854 2061
28 1052
405 2029
1337 817
936 1432
1792 1684
390 1011
1709 2047
928 416
35 1146
254 2058
1488 570
1746 1538
959 910
1450 1647
860 791
1369 327
1609 192
1649 1299
1161 566
424 2095
1359 2000
1247 1753
1011 1748
1549 1846
1186 733
43 1094
171 1738
444 141
1489 1356
658 484
1815 1261
9 1473
427 419
37 406
1560 1608
904 466
1685 1979
549 27
397 923
1667 683
155 377
25 1162
1751 731
255 47
1367 1985
1271 898
945 574
181 1487
462 1407
877 809
600 242
434 1778
1322 268
1693 683
1714 1716
1388 406
1235 622
557 401
1692 406
1029 242
203 1164
1373 1875
522 0
391 855
400 694
1623 405
1241 1008
906 649
196 387
477 197
51 256
1303 897
1423 857
1617 2135
914 1294
1682 353
1361 1761
423 1693
651 933
1748 760
1700 1679
643 1192
650 571
1616 2080
1529 1647
565 1408
905 2029
1668 1728
1742 1223
1325 1294
