0001.jpg 0002.jpg
410 295
1081 845
411 296
1122 879
1083 392
923 744
614 383
1228 994
248 385
397 290
941 753
943 759
1277 1044
395 287
1337 1091
1787 1558
937 752
132 78
670 464
121 73
133 79
394 288
939 756
1401 1161
577 350
927 749
346 237
399 289
1197 956
1380 1121
1474 1224
400 291
402 292
321 213
268 392
822 637
940 755
1813 1546
1952 1686
809 619
360 254
107 59
1453 1209
1450 1204
542 777
551 784
1883 1641
250 147
612 379
1954 1690
1734 1445
1455 1210
1403 1149
1583 1287
102 52
1451 1207
2121 1899
666 457
75 17
311 200
810 607
661 887
134 85
860 665
921 743
785 590
1429 1191
354 245
1471 1222
737 982
1654 1369
340 228
1818 1559
1389 1133
622 147
1327 1080
401 744
2124 1900
72 120
1958 1695
817 1073
345 637
1411 1172
1029 792
1428 1620
1087 848
864 668
1289 1047
128 76
1383 1130
1344 1109
1154 912
1424 1617
710 501
1363 1114
1582 1686
1464 1658
1737 1452
1598 1303
1377 1119
617 385
2114 1895
792 215
125 93
764 1015
879 1133
852 656
1789 1529
823 635
780 585
699 784
1856 1617
356 247
1137 894
1692 964
1892 1658
1359 1552
1369 1117
1273 1027
700 942
1183 942
64 100
301 188
926 764
1452 1206
1896 1650
893 1172
1788 1528
1178 1384
236 127
83 147
1325 1503
1426 1609
1322 1076
782 595
219 326
1436 1185
1376 1123
1463 1239
364 655
751 554
922 742
623 393
1272 1454
352 642
1457 1211
839 646
1579 1285
2092 1872
1250 1443
1166 927
716 958
1161 919
621 390
385 275
805 617
1618 1328
826 639
1861 1622
1797 1525
1713 1427
1076 837
1588 1292
1890 1661
628 402
1743 1808
688 921
1705 1420
1860 1617
129 294
794 603
1548 1265
761 565
629 404
260 435
1592 1344
376 274
76 20
1425 1612
1134 890
1628 1341
2088 1863
1704 1419
70 9
929 750
281 173
1764 1492
1217 974
1904 1654
1817 1568
90 173
61 96
932 1218
1847 1599
1664 938
363 654
1684 1394
832 634
1460 1235
543 803
1416 1155
1409 1170
1176 938
1468 1219
1162 1364
1191 952
571 803
748 993
1151 473
92 35
1629 1342
367 674
1885 1644
1121 878
284 503
2122 1898
2117 1911
1843 1600
251 404
692 486
657 438
1840 1591
226 119
1667 1380
885 711
2066 1847
1449 1204
942 757
1889 1660
714 511
603 362
108 59
1820 1569
1044 803
1205 966
1997 1762
634 406
819 631
1018 803
358 250
1613 1320
2112 1892
859 669
775 1026
903 727
1342 1535
1753 1474
708 503
871 1119
1153 911
1086 847
801 615
846 1092
217 99
1972 1718
745 542
1190 949
1636 1350
722 965
407 294
2085 1860
1239 1001
738 541
1433 1198
1175 935
1652 1366
212 102
245 380
405 764
1994 1758
322 209
693 491
302 187
1935 1675
1682 1394
1620 1332
2032 1794
1069 827
1116 877
1696 1411
1770 1505
920 1643
1203 1400
2105 1884
1731 1451
344 235
1778 1830
867 678
1407 1160
357 647
327 212
1649 1360
562 793
1609 1704
2040 1808
563 796
109 60
103 238
1194 955
2051 1818
1766 1499
1338 1520
2017 1782
1841 1592
1297 1053
2039 1807
2119 1913
1111 1319
1164 922
1118 1328
1323 1501
1283 1042
2080 1843
664 456
618 387
299 189
1264 1012
573 347
607 835
650 428
912 733
1199 1397
2048 1816
1367 1116
1846 1160
122 291
1830 1580
1126 884
723 518
935 761
2025 1792
1612 1317
2007 1771
1842 1589
1165 923
1124 1332
1226 983
835 245
1621 1717
1438 1189
913 1189
2028 1796
1680 1392
1020 781
335 221
1189 951
1641 1357
1701 1413
702 945
1208 963
555 794
329 216
1223 533
736 605
552 340
536 323
1210 1409
1222 605
901 713
928 1240
1762 1494
778 583
265 163
115 67
620 389
1626 1386
270 165
1656 1370
486 344
1623 1337
1772 1509
2067 1839
796 604
2053 1820
857 657
795 613
1985 1746
1352 1548
120 82
1688 1398
689 482
861 650
1607 1314
1593 1695
1719 1437
811 1064
744 984
172 99
1306 1059
1410 1166
1408 1158
580 808
1357 1115
1862 1616
687 917
1458 1232
1374 1122
1305 1059
249 146
765 571
847 660
1895 1663
1765 1824
609 839
2076 1851
279 172
1967 1707
99 45
359 252
1810 1545
1769 1504
2065 1846
1833 1578
1461 1234
1708 1424
1748 1473
902 283
1794 1524
135 92
1729 1442
1747 1466
1689 1399
342 233
1046 1265
907 719
1648 1359
288 180
1351 1530
1802 1552
1591 1299
741 188
1462 1238
934 758
825 636
1106 1315
1263 1446
1472 1651
872 697
1420 1167
981 803
1184 943
2063 1833
870 1122
2022 1790
300 193
1079 842
1284 1459
319 205
1412 1168
546 330
1251 1008
382 281
2060 1824
1399 1144
396 740
843 649
798 612
567 341
904 1191
1315 1064
1345 656
2046 1813
101 51
62 98
1061 823
383 282
96 43
873 690
286 511
863 667
654 873
1221 1416
1133 1334
1361 1090
1768 1079
1706 1423
1763 1071
747 547
1440 1199
1441 1199
414 306
2058 1827
637 858
1827 1565
1801 1540
111 64
658 440
1601 1310
550 783
1877 1638
1637 1353
1882 1642
1587 1296
1442 1200
1963 1704
1413 1154
1798 1526
1973 1727
2004 1770
1060 1273
1584 1291
1158 1362
2035 1802
0 213
1806 1112
1370 1107
415 304
2009 1774
1163 1365
2083 1855
1781 1517
2047 1814
1317 1486
113 65
1750 1471
320 207
742 537
261 437
1303 1054
639 854
1937 1671
553 23
740 538
80 25
2037 1804
118 74
1332 1084
305 547
1791 1548
2042 1809
1073 1280
326 211
2016 1784
800 616
2052 1819
1599 1305
1230 544
1104 867
1385 1131
343 234
681 476
1209 964
1949 1679
1744 1458
1346 1522
114 66
1195 1394
106 58
1360 1102
1675 1387
754 1001
1724 1443
1207 1407
643 420
1574 1280
116 69
777 204
1293 1051
535 322
663 890
1419 1177
104 55
1347 1105
2118 1897
338 622
534 341
791 596
2069 1849
1427 1162
518 325
2008 1773
89 30
718 959
1828 1579
1849 1603
1678 1388
732 534
1757 1481
540 327
1245 1437
2003 1768
2044 1811
2093 1869
105 56
2002 1767
630 403
833 643
1702 1414
1402 1592
221 344
1717 1435
1294 1480
1611 868
307 197
828 641
1159 918
476 341
866 1553
1622 1722
1760 1065
413 302
1780 1091
1282 1039
1167 928
2059 1829
408 77
739 985
818 630
1662 1754
1333 1083
2041 1807
788 592
917 748
558 338
793 601
1135 891
715 956
1136 892
774 581
1366 1555
2015 1778
1430 1187
1200 959
2001 1763
110 62
339 229
1404 1153
1672 1383
1113 1324
799 1056
677 906
131 86
2010 1775
1321 630
1276 1024
317 1026
276 480
1355 1111
1109 1317
348 638
2084 1858
525 321
899 725
1316 1065
1320 1073
606 827
894 1154
1196 1396
1026 787
533 341
2097 1871
361 649
1299 1059
309 1010
1300 1056
768 574
1959 1303
1745 1038
1998 1760
1966 1708
1100 864
91 35
2061 1832
1938 1672
1845 1593
123 90
1310 1069
1384 1132
1290 1470
384 65
1160 917
640 419
776 1027
865 676
1735 1802
931 1241
1691 966
2095 1870
1009 321
1711 1422
1712 1426
2098 1874
1632 1347
1736 1027
334 223
691 928
1144 903
1953 1687
1992 1757
1465 1215
1330 1509
1132 889
655 432
1540 1256
1809 1556
1240 1002
1947 1678
1870 1199
2026 1793
1168 929
651 430
2068 1840
2116 1896
1388 1132
936 760
1008 774
1004 774
1535 1257
813 1066
1793 1530
1177 1385
858 653
1739 1804
2108 1625
1634 1351
1891 1650
1732 1446
58 1
910 719
769 575
1685 1397
1868 1614
406 769
1170 1373
925 763
600 364
1899 1220
362 147
841 250
1278 585
353 243
797 1059
1466 1662
844 652
1619 1329
806 622
1659 1374
1287 594
1119 1329
2031 1797
727 529
65 5
1423 1173
1115 1325
1296 1052
1236 1430
1709 1425
763 568
1873 1625
1602 1698
652 431
1775 1508
386 68
803 620
783 588
851 1098
648 871
662 889
1214 524
930 294
914 1202
1281 1038
97 44
1334 1503
856 1111
298 188
1740 1024
256 25
1633 1730
1961 1698
2082 1852
855 266
1298 604
1439 1202
314 202
328 600
2034 1795
126 94
679 473
1651 917
2012 1779
908 1198
750 553
403 309
1291 1460
416 85
1749 1047
263 456
1145 905
351 238
884 1109
211 318
2115 1894
605 830
660 450
1816 1566
2014 1779
1224 543
527 318
919 754
1722 1444
1871 1636
1869 1614
130 95
1929 1673
127 94
267 899
1790 1547
1074 832
1746 1455
404 310
906 736
1071 1277
1063 1276
1247 1443
1421 725
1725 1440
743 543
1715 1792
840 1503
1643 1740
379 278
1469 1219
644 25
1225 986
337 226
647 1317
1614 1324
1218 529
1343 1098
85 14
1538 1252
333 193
854 1106
124 94
770 566
862 1556
829 640
1238 559
218 327
1143 902
1999 1761
86 27
1313 1485
1867 1197
1866 1882
672 902
924 1233
1857 1162
1934 1676
1091 1311
1761 1487
733 188
1971 1717
332 220
59 4
1978 1740
814 1067
1432 736
331 598
1348 1547
1311 622
285 176
1248 1444
1902 1224
2120 1658
668 899
1901 1904
779 584
709 431
308 1007
1650 1361
238 128
1445 748
1123 880
868 1116
1108 870
850 662
1932 1674
1886 1650
1397 1109
1970 1717
1025 782
1232 989
1231 992
1774 1510
391 759
2094 1877
2070 1849
1146 903
1127 1333
207 96
1497 1464
214 1612
760 1444
1811 1532
1274 1028
1141 899
254 413
138 130
816 1071
565 342
1084 1301
1804 1544
1858 1605
1045 811
544 335
1990 1754
272 167
1261 1021
1130 450
572 811
1139 897
1553 1267
2036 1803
1387 1572
589 358
1807 1555
771 579
756 559
757 1004
1269 1451
627 1305
1786 656
119 749
529 778
2049 1813
1375 1118
1698 1779
1616 874
277 30
1092 408
1114 874
330 598
1805 1531
1534 1251
887 274
1950 1680
2079 1842
1014 773
1551 1261
1068 368
1532 1243
206 117
1051 357
1024 783
749 995
619 386
1381 1120
584 366
1467 1214
1454 756
1312 609
635 408
889 1589
294 180
579 357
290 517
234 1612
1099 420
1354 1094
365 1098
1940 1677
1581 1296
626 1303
1783 1098
1340 1089
1080 386
1683 1395
1215 1412
1356 1538
842 1092
1982 1358
905 1196
1933 1669
1631 1728
1796 1843
409 1241
1741 1807
1155 914
1058 1271
1093 853
712 517
1627 1725
1156 1454
759 1007
625 394
2030 1798
1422 1610
1568 1681
1639 911
597 371
1674 943
1072 374
222 8
944 767
1552 806
1733 1022
673 903
1989 1755
1249 1440
1386 1129
1663 1378
1604 853
291 38
1773 1823
2103 1888
1803 1114
2074 1835
2038 1795
646 425
1943 1678
1800 1539
1258 1019
312 199
2099 1878
1393 1581
1543 1310
1752 1466
900 1181
387 736
1777 1512
1545 1667
1364 1112
1630 901
1492 1464
1459 257
624 396
1979 1743
369 60
1032 338
1822 1568
638 418
1326 1077
554 121
539 331
2123 1913
1563 814
1536 883
1286 1466
1718 1434
593 355
1096 862
1268 1025
262 23
1826 1120
1694 1408
1595 1694
1171 1374
318 582
1414 1607
1212 973
838 644
820 625
895 1179
1728 1443
2011 1772
1088 1307
1219 977
1872 1631
1930 1429
380 723
313 574
1318 1067
1955 1696
2073 1834
1695 1409
67 8
117 70
1235 1429
1776 1508
1097 901
1905 1464
1658 1747
421 130
1759 1482
807 981
667 452
1686 1396
1125 1331
1988 1752
547 790
1855 1611
1951 1350
1878 1201
836 644
1017 777
1192 431
1339 1091
1546 1670
1447 1201
541 775
63 98
208 317
1365 1532
1280 1458
804 1061
98 273
2107 1881
1646 1358
1562 1269
398 301
1578 1683
202 344
790 215
1785 1850
1831 1582
417 767
789 591
875 1132
752 1429
674 904
273 124
588 371
2086 1861
649 869
16 830
773 583
1865 1071
1585 1289
1062 1274
1767 1497
1668 1385
1142 900
347 251
1570 1681
1353 1539
566 1612
641 863
845 1091
1149 1353
815 1068
1575 832
2077 1851
1259 567
746 992
915 1190
1034 879
2078 1851
1362 1539
1112 1323
583 821
2072 1854
1975 1732
162 780
1496 1279
2057 1688
223 336
82 61
972 1728
888 1165
1991 1697
2089 1249
834 244
713 177
1415 1178
1670 897
1852 1178
112 131
1329 1508
1565 1273
730 980
1557 877
982 1578
695 492
1202 960
2055 1497
336 617
1996 1316
306 230
1054 877
1391 1130
1262 1448
2005 1818
1825 1572
1057 366
458 341
1519 1405
1516 1716
1206 1880
1243 1014
1107 425
233 1612
94 26
213 117
1292 1029
959 374
355 183
1714 1791
36 511
1031 802
274 38
1443 1192
707 949
2104 1636
1179 864
821 638
84 86
1094 1674
1642 1454
1894 1214
1721 1796
349 1080
1266 1021
1257 1447
1799 1122
608 838
1288 586
1751 1464
1624 1724
1661 1757
431 718
2101 1279
585 476
1839 1590
1832 1134
530 1612
1491 1284
1036 802
1050 477
1308 1061
808 1773
1082 386
1738 1803
1939 1429
1703 1414
244 36
1147 1348
1349 1549
1981 272
735 473
171 28
1059 814
1690 1401
252 153
1533 788
1838 784
374 958
293 518
1102 1267
519 341
1478 1372
1589 1291
767 576
962 1835
271 164
1550 1673
1302 1007
1485 1358
1518 1267
1379 905
596 371
802 618
880 137
381 131
1480 444
239 79
1864 1619
21 730
706 860
1528 911
659 881
1270 566
781 824
1792 1853
1483 871
1244 1434
881 824
323 208
1265 201
1974 1353
1946 1678
88 181
229 23
1055 984
1229 792
2029 1795
599 371
303 536
557 803
711 955
1603 390
1077 1674
1657 1322
1064 371
1880 1637
510 344
1150 954
1887 1646
1487 1791
581 877
2019 1419
676 1348
1594 1330
611 345
1957 1692
515 772
2023 1267
1027 1554
1660 1748
963 975
375 1025
1198 1455
753 810
521 1880
60 56
1608 866
1956 1693
1915 1706
830 824
1085 877
616 463
784 591
876 824
1481 428
35 114
78 153
1495 1588
1893 1900
1617 1711
653 432
812 595
569 341
1569 1678
373 181
1242 1003
160 830
1335 1038
1255 1443
1922 1705
1610 872
1494 782
1267 493
93 26
1597 1842
827 947
1022 792
1510 1372
1693 1401
656 1484
570 869
956 1326
164 1234
1234 546
772 1277
467 1443
275 345
632 149
1699 973
587 753
683 601
1503 386
1679 1795
2071 1538
370 214
1779 1249
1596 1693
977 24
1120 1002
1489 1750
1530 1716
898 1604
1819 683
1638 1322
1488 1799
598 558
5 56
1201 1401
388 840
1065 827
1531 1242
169 104
366 91
1983 1738
1844 1251
325 20
513 1264
1529 1279
997 781
378 181
230 730
316 20
1850 1154
701 340
610 218
23 984
210 104
1039 341
1117 881
444 1809
891 824
1758 1059
1304 1058
831 532
1405 947
685 910
1559 984
682 447
1523 341
257 1186
1968 208
457 424
878 1617
1635 1027
1925 1676
278 69
1726 1448
1567 1272
1931 1691
1103 1322
1566 1876
568 127
971 341
57 209
1554 276
1723 1798
514 781
1784 1837
315 1413
684 526
2027 1434
602 515
442 1429
1324 838
1555 1670
1912 1588
703 502
481 1676
1181 880
371 824
439 163
240 362
195 1299
1148 1453
1960 935
1742 1562
506 1263
246 495
1965 1708
33 74
1010 779
848 1089
1006 1350
14 157
613 167
350 181
2024 849
697 1047
464 1703
292 599
1052 753
574 129
678 303
1182 1393
1005 1281
1590 1696
450 424
705 904
595 835
824 218
139 245
1336 1667
726 1412
1227 748
483 1560
1271 1021
1644 1271
1358 1113
877 1440
1157 802
425 803
10 1276
853 1100
463 1234
452 1176
886 1148
1053 1777
999 1267
449 335
957 335
1350 1106
438 1670
721 38
680 25
1241 1432
295 121
1128 1266
1986 1322
392 302
1995 1748
1187 1000
216 115
1505 1588
1669 447
1918 139
473 447
1216 1880
970 974
377 824
1577 1288
1928 428
87 465
724 121
170 686
755 1175
389 303
1394 773
235 354
341 1274
1560 1676
280 508
1605 1701
1484 1668
1431 1488
1941 1725
173 1642
51 910
1520 1697
601 1486
1921 1816
31 10
259 356
945 803
987 1502
504 1452
918 16
1400 947
1677 19
1993 1664
1307 599
1754 1216
1078 773
720 510
950 1421
1390 1577
150 1276
1138 459
1859 1819
32 104
675 1134
2043 866
1301 996
1502 1799
1140 1244
1655 1865
393 302
549 1742
1193 812
209 45
1687 1322
282 904
1023 791
1580 840
1479 1691
766 1165
199 29
1919 429
1021 1833
1524 964
243 66
1211 1429
3 1384
1903 1220
2050 1472
1572 965
461 893
227 141
1920 1676
1835 291
1067 421
1837 858
1600 935
156 1815
1090 1139
142 1352
1028 1247
537 504
68 8
24 887
283 209
95 13
1237 1004
4 55
1876 166
324 591
1771 1546
182 1484
1030 1281
1382 563
443 335
159 1443
986 1331
1392 947
157 1432
604 1650
988 1502
974 1291
1070 1650
37 327
1152 779
1645 1741
478 272
2110 1201
1671 222
491 1274
882 1274
66 25
1101 1271
1917 1291
946 803
2113 1891
2064 700
167 1477
1720 1796
883 974
163 1050
1625 1244
1499 1799
81 28
140 545
890 947
964 1326
1795 1532
264 141
762 637
1220 1549
642 96
2056 1473
446 1258
1936 807
1129 1340
1019 808
636 415
1980 1734
296 560
1564 1262
146 959
560 125
916 1199
203 1357
56 339
1285 142
979 1316
1782 1534
503 1808
495 447
1906 1674
136 43
1437 1047
432 976
787 262
496 1479
500 894
520 1276
1204 1497
952 873
837 142
892 1274
474 178
220 805
54 157
453 1815
455 338
1378 877
545 790
528 484
509 1203
198 450
561 1191
454 1797
993 1825
953 381
436 1030
517 1291
1331 137
310 254
1926 899
2096 1502
2054 1821
468 1440
1910 1709
1507 872
719 447
615 462
633 149
253 154
1527 1257
1173 933
592 134
440 331
193 1299
1260 1587
786 678
1490 1795
1504 1799
1056 809
1513 1479
1048 1001
470 518
1716 1329
228 18
954 277
237 657
698 1393
967 1249
1110 378
911 1726
1105 1268
948 386
1542 1234
1976 1694
502 1479
590 949
1756 856
1673 1389
1547 803
418 43
717 433
909 1060
1012 964
694 931
69 1650
161 960
419 610
1486 1723
368 1478
1615 986
1254 1795
2087 1134
1477 1350
11 47
18 157
1446 739
1808 1527
511 808
1368 1552
232 66
1666 1748
976 1069
482 1069
1043 498
524 1040
1834 78
1001 1260
147 445
933 1190
1246 316
1188 1005
424 162
1561 820
671 1761
1418 1678
645 1192
1836 333
1252 1795
575 8
576 289
231 126
1038 840
669 1546
2075 456
2018 1748
1328 395
52 450
1000 344
42 541
1406 947
489 1560
966 428
8 80
1002 532
1700 1401
1275 947
1517 1267
145 451
30 584
989 1283
1923 1438
1016 1069
287 361
1015 507
992 788
412 958
978 1717
435 430
176 206
269 1640
665 141
1829 1371
582 847
1927 27
1444 1304
390 296
2100 1816
204 103
526 648
165 470
1969 1711
1727 1438
499 1734
1049 638
1924 1190
2021 1748
1473 1220
586 377
734 1047
48 729
1033 803
71 66
2106 1881
704 410
2020 1011
975 782
1319 718
731 1373
1707 1484
472 788
225 367
183 441
1987 1348
564 122
1908 1190
192 729
2013 1401
1522 1322
874 946
175 1742
1697 1880
1875 1887
1011 1880
1541 1048
304 1762
153 1408
47 1026
1476 1291
983 1664
372 642
426 1581
258 869
532 1040
1341 662
73 4
77 68
433 739
1942 1682
512 1260
961 893
947 911
1854 1237
1041 341
497 1452
1984 1396
1396 1217
151 116
1848 1678
197 875
1823 563
1042 1715
13 455
53 223
1500 1243
1681 1791
690 814
79 482
990 1562
2090 239
137 610
19 236
1040 525
1186 1528
1213 973
591 927
28 178
475 1514
1003 1028
462 1853
297 74
951 1804
960 1664
1512 1675
1169 1194
34 116
1730 1587
1180 716
686 1514
1256 1448
1755 1817
15 157
224 164
492 1781
1907 1676
74 11
43 74
1526 964
1945 1067
41 1026
1309 397
266 1085
1035 1773
196 894
1174 1411
1544 525
255 601
1606 1676
1640 1401
484 880
1 41
1514 880
1435 1071
508 223
1909 797
995 1588
897 1148
973 1028
1373 530
437 1102
1851 556
6 1207
477 1856
1586 1246
2 95
423 951
1897 369
189 1357
1508 1588
498 1
201 612
469 1440
696 758
149 1408
1501 1309
427 157
1888 465
29 616
758 1881
984 1617
191 116
559 300
242 144
1434 618
9 439
991 1331
1470 148
1395 1287
46 1452
181 1447
39 1139
938 1696
896 1241
1089 141
505 1441
445 1804
1013 493
186 1040
969 178
1098 178
1448 1698
1977 1748
434 441
168 178
1498 1734
958 803
1509 1473
55 103
1521 779
849 368
459 1565
448 1276
1914 1283
869 516
548 330
538 115
154 101
1824 1848
177 322
1037 695
460 1050
441 1501
1515 1403
1253 577
522 788
1172 1751
725 973
148 541
1075 1288
22 1050
1511 1775
12 323
2033 1831
631 141
1537 455
501 1062
1571 336
729 1040
1815 495
179 178
1295 1462
49 1770
1879 1698
955 1176
994 532
17 236
184 157
50 887
1962 1608
965 1458
2006 1668
2102 1077
1944 1549
1095 1278
289 170
45 116
420 610
985 788
2109 1788
451 876
1710 1107
155 1074
1898 369
996 964
188 903
949 823
578 946
494 1693
100 463
141 319
1475 1696
466 1050
516 300
247 364
556 341
1913 1331
2000 788
1884 662
215 26
241 11
1525 1513
479 156
7 87
1900 148
152 330
25 1220
40 880
27 1550
1916 1710
1007 458
1482 883
180 575
26 113
1279 166
1066 336
1964 1021
144 87
190 510
166 1083
20 575
1576 1514
2062 1534
728 1128
531 749
1372 1029
1493 405
1676 1764
493 1357
1647 1371
2081 1710
1814 1029
1821 1247
1573 1325
490 575
488 788
178 157
1665 777
980 880
428 823
1185 1441
205 1297
187 1515
429 1397
594 333
1371 1086
1881 800
1911 1748
447 1443
507 487
1314 615
487 1737
1556 1165
1558 1149
485 788
1456 1786
2045 1806
1812 1086
44 322
143 319
1047 928
422 263
480 1288
1506 880
968 1441
430 1405
158 116
1398 801
1874 1684
185 880
1233 1823
456 1825
1853 851
1653 1604
174 882
194 1821
998 1229
2111 1898
1131 841
38 584
465 441
471 780
1539 1857
1948 1209
523 445
2091 1790
1549 1058
1417 300
200 1741
1863 1340
