0002.jpg 0006.jpg
83 100
78 98
301 371
295 364
752 978
749 364
751 848
291 92
73 93
77 308
745 362
290 93
755 372
1208 961
656 1523
757 359
289 356
759 370
261 319
668 875
299 368
753 977
750 308
1675 1738
756 371
76 69
744 362
1218 963
940 1273
683 902
675 900
148 3
1654 1655
1116 2170
1642 1626
1223 975
667 874
742 91
1209 960
1621 2251
1191 2251
1553 1551
79 97
1204 957
1411 1952
294 849
1228 359
1221 979
672 888
1653 1654
1226 981
1901 1639
1078 2574
1405 1324
1210 959
735 1646
1850 2622
666 878
1185 947
263 908
741 97
1620 1649
1207 360
727 1657
1186 1649
743 96
888 576
1124 1559
1211 362
58 71
1189 950
1114 2169
163 167
81 97
1006 1404
964 1324
533 697
1383 1925
1403 1319
54 296
238 296
919 1846
1643 960
1224 977
99 233
1213 362
341 497
860 1729
1130 1568
1568 2184
678 900
344 815
1112 1542
1128 1567
246 848
1551 2168
606 777
438 1105
1089 2134
1521 2145
677 327
665 1537
288 359
53 360
1573 2183
864 1160
924 1179
1445 2044
803 815
1569 2178
692 1567
120 233
55 55
1024 1400
1305 1804
1655 360
1651 1626
1900 2243
1580 2194
1701 2387
1359 1841
680 1553
235 1483
1057 1437
51 289
1889 1626
1410 1951
734 1657
622 2053
1650 1639
1814 2543
1230 370
1073 2078
1115 2174
984 1311
259 873
915 1800
1499 2093
1217 965
508 1251
1103 1540
56 848
911 1727
730 1656
963 1319
264 325
1184 1656
389 435
1574 2180
1571 2185
1222 1625
660 1532
340 415
1071 1463
477 1070
1313 1729
314 2290
1902 2252
899 1737
481 1179
182 615
93 113
905 1064
580 1400
1711 2362
669 880
212 747
1703 2389
648 2131
988 1317
1105 2161
85 99
199 710
1068 796
765 1688
1093 2144
1090 859
1442 1395
1674 2330
889 1760
546 1305
91 390
252 825
1087 2131
1646 1622
536 669
1422 540
1239 2289
221 261
650 859
1758 2432
571 2000
516 689
1454 2501
768 2290
636 2102
1238 2285
604 1433
1908 1645
1131 2183
1328 2349
1640 1647
718 1628
1644 1625
1010 1360
1539 2153
68 113
1657 2698
1441 1395
1721 2347
858 541
1133 2183
681 1555
965 689
532 706
1617 1649
993 1305
474 1157
1011 1395
1396 1251
956 673
920 1842
1362 1843
1335 1760
1360 2399
1849 2620
1015 1372
952 1901
479 1181
1661 2703
1215 969
630 1461
1658 2703
890 1767
981 1303
1552 2163
158 481
1382 1929
1864 2648
848 1139
643 1507
297 96
634 835
1838 2602
1065 1452
990 540
1745 2406
1365 1181
620 2054
1074 1461
1075 1467
1123 2184
1660 2285
1638 2236
635 2101
1572 1565
657 862
52 824
515 1251
88 114
1205 354
1366 2407
1538 2152
623 1312
1369 2410
934 2396
1713 2363
230 279
958 352
1780 2463
1909 1645
1905 1644
613 1312
747 864
535 1896
504 1901
1907 1647
1363 2408
1066 1458
407 494
1540 2162
1314 1160
1548 2628
1437 1368
966 1251
1753 2417
1523 2139
258 862
1512 2589
1364 1849
451 1099
1913 2699
401 154
589 780
1399 1141
1744 2408
975 222
1843 2622
1915 2703
33 178
57 55
671 888
215 754
1394 1931
307 108
1535 2612
1393 1931
1032 1443
234 1482
1234 1684
565 1360
1498 835
1742 1862
1117 1547
1904 1650
921 1181
1663 2704
232 835
92 105
1097 2146
962 1319
982 1304
943 1226
176 178
434 1704
292 359
887 1099
1274 2000
250 1518
1529 2602
694 2183
177 619
283 1013
1712 2349
1728 2389
600 754
298 1678
187 261
511 1250
1768 757
918 1843
542 675
690 916
44 33
1801 2510
1797 2516
1070 1468
1229 985
1392 2436
519 1254
308 108
917 1846
1495 1467
1505 2574
439 572
1008 1373
906 577
1484 1961
647 1512
1478 2545
239 1625
1641 2237
1455 2042
1545 2158
316 396
1524 2139
1862 2194
251 1522
300 1000
1172 1628
1554 2174
218 256
1791 2494
1110 2171
456 571
517 615
233 957
649 1519
352 520
1670 2006
1102 2149
1126 916
1509 2580
927 1846
245 1004
25 27
249 1627
74 108
1822 2577
256 1522
75 378
922 1843
1583 2193
689 1562
1648 2124
547 1304
1181 375
151 485
379 157
1060 775
436 1773
1848 2613
1526 2139
1656 2698
555 1333
1336 2381
1299 2389
1054 1439
14 601
989 1280
997 1607
652 2135
183 349
480 1181
1100 2140
305 104
1488 2079
1387 1902
193 1304
955 1910
465 1067
482 1180
602 765
633 1460
537 1312
1094 2151
1324 1142
1846 1879
19 1361
949 1241
959 1604
999 1333
603 256
1361 2405
210 243
1906 2252
1762 2432
618 775
1430 1333
217 763
1235 1689
509 178
247 55
1092 2600
175 610
1241 2284
1565 1409
1203 956
1398 352
1429 2494
1746 2433
1035 780
1662 2704
499 1225
854 1055
1446 2019
1206 1618
728 970
416 1631
764 2291
659 868
473 1156
638 826
992 1934
95 844
1342 198
1872 856
1188 2275
89 18
971 1278
1875 856
1494 806
1716 2416
216 1337
845 78
910 1817
1842 2614
1851 2623
303 374
257 1518
1310 1857
1760 2540
1561 1074
181 352
1425 2468
1555 2168
410 1055
1537 2622
558 1463
1375 2412
761 375
590 1393
1036 1393
229 261
1232 2287
304 104
1487 1458
1111 1543
159 490
557 1070
524 1297
296 90
760 376
528 690
1329 1786
1019 2000
1104 871
1464 1074
551 1304
128 520
1899 2246
71 391
1895 2254
996 1965
1397 1874
354 443
662 2151
374 748
1912 2700
792 2416
812 458
1227 367
1765 757
523 315
754 1000
1757 2428
664 871
763 1684
1144 1481
1266 1862
1778 2472
1277 1302
758 374
241 965
641 1644
362 188
827 156
409 494
476 2078
830 1302
1225 1678
1249 2660
748 1663
1180 375
1384 1972
1338 2358
39 27
200 722
1694 1230
1129 1564
797 2387
627 1327
1426 1305
1183 1494
1270 2006
1072 2081
302 374
1233 2698
1903 2684
84 1671
1427 2676
371 1267
1409 1964
1349 2423
1829 2562
1061 2055
1659 2286
1418 1242
1240 798
1099 2147
1231 375
1005 1167
1785 1879
925 1176
444 562
1343 1737
1541 2162
1053 1414
1839 2603
567 708
254 76
1612 198
1492 1468
655 2135
1911 378
1501 2564
974 1964
1326 1966
1897 2675
970 643
1098 866
1811 2529
1813 2538
844 2283
1283 552
1463 2029
428 2316
646 1644
1251 2416
86 114
20 385
130 443
80 1678
1528 2612
1301 1737
490 1213
1443 2489
306 105
1469 2529
941 1972
1333 1796
1816 2544
1020 2671
1622 2257
1649 2117
124 601
837 1994
1888 1153
769 314
951 1898
1718 2363
979 1434
1151 1599
82 53
450 1107
179 645
1219 1643
907 710
1550 2163
1683 2501
28 288
724 1523
1771 2448
403 1203
1107 1528
35 189
1467 2527
1421 1727
1818 2553
189 1895
1477 1437
903 1798
1395 1923
1510 2589
514 1948
5 294
90 848
794 1029
440 1327
1767 2437
1385 1857
1056 767
1400 1315
977 1923
1774 2471
506 610
132 129
1793 2511
821 632
1847 2633
1546 1029
938 1026
1247 1074
877 1182
1254 2387
1350 2423
49 1178
932 1213
1391 1898
406 485
1033 1405
1705 1705
445 519
1083 2246
1334 1862
928 1855
572 1262
1723 2550
740 961
1600 657
1236 1679
243 384
539 259
386 1797
1809 2540
219 43
1605 1333
1295 78
1747 1862
897 1034
23 9
1408 1923
1320 631
611 1436
348 601
1668 2660
114 113
1547 2627
190 614
324 572
1263 1976
1486 2081
691 2183
503 1898
1892 2595
976 1600
15 111
1136 2193
94 969
642 965
1352 929
127 387
173 944
313 108
1085 298
165 1064
776 2620
1794 1804
111 592
27 522
1319 1858
1047 1360
1407 1897
1373 1213
1198 1604
484 1000
117 729
347 1857
1812 2542
1370 1846
960 536
72 115
1182 1635
1372 1857
332 250
1177 2391
617 268
1666 1118
1109 75
368 717
1059 1436
1522 2601
881 1751
1690 78
1871 923
1520 2600
1489 556
1156 2269
1127 1562
1544 2158
413 2139
1804 2507
310 1004
1122 1566
1700 2075
1287 157
1311 2571
1433 1976
1775 1932
1457 1405
383 157
1293 1848
543 2177
1819 2549
358 1441
231 358
1840 1741
496 411
161 571
852 1017
1197 2266
726 1013
1697 2441
424 1486
369 1300
87 77
1132 1566
607 276
541 253
1027 155
1750 2420
197 358
833 748
1773 1414
1242 1929
32 385
483 2684
1613 1182
875 1966
1168 1944
540 207
1284 1410
1601 2269
1549 1907
1451 2510
493 324
788 563
337 1934
1337 2451
1423 2206
1783 2473
871 1203
1678 1844
531 1606
632 827
1084 2588
119 76
315 1004
147 2230
1667 2550
467 1279
67 103
1012 746
429 1030
1688 2550
1566 2638
420 1339
1108 2141
285 1041
143 4
787 1741
1578 1020
1435 2511
512 1244
1202 1568
1077 2564
862 2672
12 364
813 1669
1483 577
1481 2045
658 1626
6 297
1615 2239
766 1685
380 2204
545 1419
1291 2550
1581 1356
1279 2620
227 257
619 779
605 1313
1312 1698
1139 951
1436 2316
140 2204
1195 2269
1049 850
625 2246
1330 1747
801 2604
629 832
654 864
1709 1899
1808 2521
1527 2163
166 1156
1749 1074
676 900
1755 2428
1859 2581
674 75
715 1944
1882 2555
783 706
24 2073
185 1385
849 1844
781 2420
1086 2596
1318 1167
847 951
1525 2151
1470 1414
1754 1992
248 288
1636 2189
157 1827
529 643
1766 2442
645 1510
1169 1944
1379 1831
1835 1857
1237 381
156 1717
1475 1414
320 737
495 560
614 268
670 874
180 189
1504 2565
609 276
968 1234
64 104
1837 2480
70 27
356 520
1285 1994
174 179
874 1069
377 71
1161 359
502 2272
1166 2269
228 353
1438 1035
1579 2645
808 2433
61 18
309 1680
153 244
853 2075
631 2077
1265 2316
1376 1295
131 139
1854 2613
1691 2007
840 88
1884 2189
835 1492
1707 1785
767 381
392 76
150 9
1717 1743
893 1333
608 767
1009 941
1187 1604
69 375
1471 1415
1844 2455
1134 1579
815 2006
1714 2641
1048 2216
1357 2390
1118 1487
828 2227
21 9
1018 813
1530 2140
196 279
1340 2443
1887 2242
731 966
1531 2442
1727 198
1016 756
985 1293
1589 2005
408 1017
208 2180
1402 1772
48 385
471 2177
172 593
1316 1034
1479 1758
443 1739
1135 1356
574 254
663 1361
945 1225
1220 1104
198 254
1419 114
1272 2003
548 1278
704 944
1255 1324
272 1705
312 387
882 2360
457 1988
1449 1382
1832 2320
1173 1457
463 467
737 1012
1199 642
1852 2182
1153 1462
152 1589
351 1224
1119 2628
1160 1606
1825 1324
1414 1963
1468 2060
703 105
1013 1410
1076 1467
414 579
1466 2526
615 1599
431 2438
1381 2416
65 391
45 246
207 1254
390 1699
171 2059
1022 2558
1896 1279
1490 938
345 1065
586 62
550 2171
1348 2196
222 1599
527 1385
464 75
939 1844
601 2216
355 937
1599 1515
149 2059
273 75
1432 1781
725 986
1894 2124
1619 2193
1439 941
367 330
1482 2056
1406 1717
1570 1975
825 1827
1511 2664
1007 2093
836 602
685 1961
453 2332
1740 2525
26 1206
1261 1236
947 1838
1692 1924
1586 1443
1121 1236
105 141
60 957
1914 2294
1817 2544
1154 957
507 2230
923 1845
1820 2090
1176 1880
867 1142
1460 2626
317 1817
1629 2553
1331 2451
360 1440
900 2672
1271 1653
576 2558
1050 1310
995 1555
839 2415
1243 2318
1562 1726
1082 790
802 2441
435 2641
1577 1889
1289 1476
771 1177
1081 2117
1440 1961
799 2195
1453 1649
338 1934
281 376
1149 1337
34 249
1898 1244
834 1782
1353 1578
404 9
113 1286
500 75
1880 1934
944 75
1828 1595
884 1907
818 492
100 1337
1294 1838
167 522
1303 1017
237 990
1001 1374
455 1462
1178 2241
146 1161
534 254
972 1295
1165 1352
1736 1165
957 711
865 2594
733 506
773 1741
894 1767
1630 858
582 732
497 944
1401 1442
1067 792
518 780
1604 1623
30 158
986 1931
805 2010
795 1271
1672 1899
372 250
521 1296
1645 957
716 928
1686 157
194 358
1051 1646
569 1875
1876 456
4 2293
220 767
498 1225
775 1703
31 160
1590 1595
780 430
1347 2381
437 1119
573 657
770 1697
236 1722
213 76
626 1976
782 1800
1304 2139
8 804
1042 1405
1584 1242
1587 951
1845 1214
1679 2550
1810 2527
1857 2175
1770 2449
1610 375
878 550
1503 376
560 254
170 749
1726 206
326 378
139 1738
489 2684
381 1185
1152 1835
1404 677
1264 562
133 1440
693 1562
242 637
255 76
552 61
1459 2445
1258 374
980 1989
738 951
186 42
796 430
1307 1182
912 1334
402 1896
375 748
10 557
1244 759
42 234
898 1623
1125 1326
286 242
1378 1844
720 1585
595 75
698 790
1609 2241
1853 2623
1598 598
363 494
700 2324
706 2317
357 65
96 760
361 1312
1856 791
1280 1613
1413 2463
327 1888
470 1305
1276 228
1095 1597
914 1946
1286 1548
1680 1661
398 1580
1196 2078
448 521
1534 1187
822 1717
459 1944
1891 1833
1776 2470
1782 1870
810 931
1 1827
798 1703
1297 1795
1695 2297
418 1934
544 696
994 579
276 928
154 734
1563 2455
1341 1152
41 1891
287 356
729 299
206 41
784 1684
13 19
1145 2123
59 109
866 1844
1000 2622
136 234
902 1142
891 1807
1431 1064
762 1002
597 763
746 213
209 1247
1485 1451
269 571
501 258
983 330
268 909
1106 2623
824 1305
29 1967
262 2230
1356 1815
1175 2624
321 494
1496 2077
162 2483
1591 2485
214 93
224 758
699 216
1543 2622
1559 2519
330 2426
284 9
225 829
1603 1332
873 2641
1532 1160
1698 2304
1055 1606
1715 1141
494 1860
553 2671
1597 2248
953 1218
929 1453
430 1208
1588 2345
961 2411
1834 2186
260 2295
942 1225
673 2702
452 1140
679 891
396 1809
696 1196
1536 2172
596 418
806 829
17 2288
1306 1521
559 30
1458 707
991 1314
895 1944
1751 1883
1508 373
522 715
462 467
184 205
908 685
446 259
969 1293
66 107
1292 987
814 1072
121 952
1039 1399
349 790
843 1729
1861 1807
739 788
817 1352
1806 2578
1858 2638
1626 1603
311 715
1542 2376
1252 2216
1517 688
1062 1436
1174 642
710 923
1513 1966
1434 709
1627 1793
1890 1657
653 2207
1734 1807
973 921
226 1421
1865 1454
1259 1902
644 1241
823 2634
178 1412
1516 2462
419 1615
682 1369
1799 2423
916 1854
391 1989
1480 1606
387 1729
491 1916
1515 2573
253 1190
137 250
639 990
1878 1334
393 1568
1368 1850
397 1740
1836 2320
1021 1330
1003 2692
115 1052
50 1198
640 1625
1416 2440
1388 1838
223 249
126 19
1017 2447
599 213
155 1352
809 1279
160 2251
856 1233
1193 1946
204 732
722 989
1040 1398
142 2637
562 1138
353 1258
1260 2242
1317 2522
1560 2664
1300 902
549 1189
1026 225
892 2470
1163 1032
169 1442
318 558
123 486
793 2648
1325 2347
211 1
46 110
339 225
570 1599
616 1422
732 15
1729 2577
1257 1894
687 2360
325 2051
425 174
16 257
1002 1604
43 226
1702 2593
478 1360
1893 2579
1689 1899
1831 2153
1412 2186
904 2194
661 163
1030 2043
1664 2433
412 923
1351 1772
1064 794
1735 2671
1706 1879
1417 1322
578 268
1739 2009
987 251
1720 1989
598 1385
1798 2510
579 2215
1557 2629
1345 1942
886 1084
293 391
47 1
359 1373
277 790
876 2105
203 696
1031 2019
201 210
624 1436
1140 2343
1725 941
468 1134
1190 2095
37 245
1088 2163
1256 2555
426 2094
1585 2474
790 2687
366 1270
63 1123
800 1803
168 2650
1595 2216
584 41
688 1461
587 1977
134 113
1883 1884
637 153
188 259
432 705
1759 1392
1415 1948
461 1697
1669 1996
271 578
1790 1357
164 1134
112 19
563 2143
1796 2511
1556 900
1179 1225
1296 1838
713 578
1665 2066
513 1908
0 253
38 253
1671 2446
978 2077
1281 1838
1823 2468
1245 1894
826 566
1137 132
282 375
415 748
279 1123
322 1441
872 1899
709 75
1616 2226
1833 1012
1158 1723
1157 923
395 2644
1673 2344
1628 1258
1424 1414
1253 1608
1045 752
1732 2502
1576 1779
1358 2430
346 364
1444 1374
1611 2390
909 363
1815 2438
846 1809
1634 1889
40 27
458 1000
1592 2485
869 1420
1502 2385
1101 919
1769 2430
382 2637
1096 163
1113 900
1452 2008
9 521
721 754
384 572
1155 578
1567 2676
1028 2465
129 1258
1315 1028
342 1305
343 1282
510 1678
195 215
138 1519
1792 255
1023 1332
1800 1981
1518 2304
1704 1028
1374 1493
967 2677
1273 604
1262 1363
18 601
466 133
365 2332
786 1230
621 794
1624 545
1681 2435
804 2185
1772 1141
707 1835
935 1779
1582 1242
1764 1173
1043 745
1781 2507
350 745
1138 2287
460 1697
475 1369
785 1295
1091 896
1025 352
651 2659
879 4
946 31
280 375
883 4
1632 1291
1826 2147
411 1017
442 945
334 1160
1631 1106
1450 1167
1004 677
1192 1473
1802 2492
102 1412
1380 239
1724 1598
1212 2216
538 248
1250 2662
1877 1388
1041 752
723 375
1519 2659
22 69
1034 2445
1377 1575
1497 2430
329 234
1148 310
1752 1889
936 1575
588 1356
106 523
1564 2315
1216 644
1788 1821
1777 2558
1447 1720
145 712
612 2045
1881 545
378 2630
1143 856
1533 1034
1608 1560
486 1965
868 2141
816 261
1821 2433
144 1602
1910 1017
592 1402
328 814
492 989
399 1852
1491 2193
125 109
323 749
577 1599
98 946
485 834
1737 1838
1602 2199
388 1602
1201 1867
1803 2520
708 760
97 545
109 523
1164 1935
1038 2280
141 259
913 1369
1625 1473
240 1769
1323 1282
275 578
610 1398
1390 2444
1873 1165
1623 1473
335 1555
433 519
1855 1249
333 539
505 2146
896 1697
525 646
789 2171
832 371
36 245
1743 1152
831 1215
594 829
712 94
736 2609
1805 1203
1741 2415
1147 60
1214 218
1860 2638
1268 1072
1269 2227
62 107
108 2432
11 161
695 2172
1507 183
1355 358
192 675
1730 2316
1607 506
554 1891
1461 2032
1367 1845
819 2110
1784 1866
205 517
705 1180
1170 850
103 2093
954 1132
1676 1526
697 1989
364 1362
1327 1886
1200 1546
319 1412
998 1592
385 984
568 1244
566 770
791 552
1633 961
1248 1896
851 1121
1863 1410
469 2079
1614 826
717 2661
937 2596
777 1441
1779 485
561 2654
863 1796
1308 1617
686 2362
1682 1580
1824 18
1618 961
1448 716
265 339
274 94
1807 2523
1120 545
581 1104
1146 1180
422 1295
266 75
1473 2529
1795 902
7 762
110 2207
1321 1316
441 225
487 1132
1456 1354
1722 2562
1763 2383
1733 1823
1063 1977
1639 2129
1786 775
1830 183
370 545
1142 923
838 2213
811 2275
336 1467
1014 1796
1246 1422
1696 1215
1685 2034
267 164
423 2263
278 108
779 637
202 763
1141 1189
556 2051
488 1442
421 732
1748 1526
711 180
1275 2245
772 1081
850 1370
861 415
107 205
1052 2040
684 1470
719 754
1302 902
417 381
331 394
1058 1422
122 1583
1738 563
926 2659
585 1817
1386 158
191 227
1080 1684
1339 2283
1474 2031
1879 2383
901 545
1462 2517
1290 2643
1687 2360
842 1055
1346 2586
1874 1354
1150 923
1756 788
1731 1879
1029 1334
1037 1740
244 2702
593 709
1593 923
948 952
1476 1322
1159 857
1827 183
1500 1759
1870 105
1635 515
526 1398
1710 3
400 570
1594 1837
1761 2186
885 1698
880 2040
591 1643
3 1978
778 1012
1267 2245
1789 1031
1420 696
1885 1152
1693 1442
116 1543
530 689
1606 1960
405 1784
104 493
1868 849
1514 1033
1044 2659
1677 1619
520 1550
1298 75
1647 418
628 2637
829 1894
702 923
1428 1036
583 713
564 251
774 1768
118 2138
1558 376
1465 75
1867 923
1288 1381
1472 2069
472 1697
1787 1661
859 1786
1046 213
1684 816
1332 2293
1079 75
394 1181
870 1212
931 1623
101 1315
701 688
1719 885
933 2637
1869 923
575 1315
427 1212
135 1861
1596 641
1841 183
1708 941
1886 2420
373 1548
857 2245
447 107
1344 75
1637 1602
820 1735
1171 2661
1575 2533
714 1306
1506 75
1371 2691
1167 1938
270 923
1652 1542
1282 1169
1354 1580
930 1931
841 467
2 43
1493 1460
376 1150
1069 2293
1866 1169
449 1601
454 947
855 1865
1194 2344
1162 381
1278 148
807 2151
1699 2552
950 752
1322 2435
1389 1258
1309 1898
