0003.jpg 0007.jpg
89 50
87 49
286 204
797 580
64 193
330 193
702 620
290 634
63 188
68 188
1681 1782
705 615
61 182
706 616
262 1136
1091 504
327 43
85 46
276 592
1192 1206
718 622
215 466
716 631
1190 1209
1264 1294
1666 1209
1138 1112
264 567
1262 683
1733 1853
331 580
541 905
704 617
791 685
83 43
82 44
334 49
1136 1668
1413 1377
1662 1746
335 50
1031 979
806 695
1165 1166
1257 1294
301 211
1511 979
1654 1777
98 56
1643 1182
69 28
1615 2110
1405 817
1293 693
710 613
273 562
1606 1668
274 1164
1202 1218
65 579
337 48
1684 1783
1232 1838
805 695
62 186
282 612
1607 1671
1441 1414
822 1892
685 1728
1774 1851
667 1693
681 1157
67 193
808 48
804 188
1739 1294
1198 1789
1160 2130
1754 2228
326 47
1450 837
799 27
658 1099
1163 2147
647 532
1673 1218
1171 1182
268 57
2031 1851
1510 1554
1443 1418
800 252
267 1153
1260 682
336 50
1981 2172
1740 1293
1039 956
1609 1672
819 1333
1063 994
1859 1459
675 1154
1291 252
1285 228
1245 1292
1644 1740
1258 1293
1860 1981
100 56
942 1344
663 1670
1645 1769
1206 1236
678 575
1157 2129
772 1866
1144 2113
668 1136
1282 1268
728 650
1764 1273
1446 1423
1078 1564
1445 1422
324 42
1404 1384
1283 226
1172 1769
1432 809
696 1207
1559 1564
1143 1688
1295 231
699 1775
1070 995
803 49
1603 1666
795 612
1612 2107
1182 1191
271 586
1773 1716
774 1300
1177 1181
711 628
770 1860
594 995
292 628
1133 1099
1025 946
1187 628
642 935
731 650
1286 695
1568 504
1152 1142
1518 1523
1476 926
88 47
1785 1888
1372 846
1862 1461
1778 695
1183 1777
1116 1073
727 650
1600 1098
640 527
698 634
1145 85
1189 1770
690 1738
168 88
1308 1333
1294 692
500 344
1093 497
1114 1086
1948 2116
504 338
1026 949
1169 1179
1176 1187
1969 1764
342 250
1447 872
807 562
537 884
1266 1293
680 1159
501 816
1306 1892
1204 1222
1769 1276
1613 279
1307 1333
1300 2235
1775 1274
907 1354
1637 2139
66 58
959 342
790 47
798 27
666 70
1131 1108
1831 1410
1650 2168
694 1182
1036 457
818 1892
464 780
298 659
1409 1370
677 1149
1687 1781
1762 1268
200 164
1668 1206
1134 1661
1783 2238
269 189
325 562
726 649
24 70
1448 1420
1760 1840
255 172
1130 1107
792 230
258 1120
1265 699
674 249
1970 2161
1199 627
1193 1202
1175 1190
496 87
1052 1568
683 561
1781 2241
672 1139
671 1704
1304 1333
691 1744
272 561
1038 1522
1679 1226
1200 1243
1301 1327
1485 905
23 70
1185 1186
1508 1544
816 1325
1761 1878
581 461
1327 751
28 85
998 1495
2038 2235
216 466
1155 2124
1280 1314
1044 996
1296 225
1537 1568
936 1377
598 1026
136 69
1284 223
1691 1802
821 1333
1123 532
95 53
99 249
1640 2158
843 751
1007 1500
256 130
1604 1108
749 35
1784 1893
1179 1742
393 994
1963 2133
645 525
1723 1853
1023 950
1653 1180
1746 1862
1292 688
1167 1755
794 612
1451 1423
51 19
1226 453
1259 681
1181 1190
1069 994
693 1742
1782 1334
1487 1500
90 48
1669 1197
1273 1870
1861 1957
1624 2119
1973 2152
1652 1737
1933 2094
1649 1180
76 1
1788 1896
265 249
1680 1778
263 61
955 1408
25 170
1164 1742
373 269
152 76
1864 1961
482 742
259 70
1140 279
1034 959
1303 1325
1415 1344
1834 1927
669 85
1397 780
177 82
1766 1274
856 458
140 2
487 341
789 225
1074 1026
1968 751
1305 1334
328 183
527 201
1041 939
2034 1854
559 949
1255 1865
1734 1865
212 543
347 1892
1741 681
1203 1224
957 1407
1688 1786
729 626
1808 1995
1269 1304
1056 981
993 1466
927 768
260 1130
967 1427
266 58
469 288
1149 1704
1289 1149
2021 1840
723 208
619 488
538 13
91 59
338 233
1618 2114
1787 1896
1506 278
299 649
1867 1961
946 345
1743 1880
149 170
1379 806
8 82
1971 2151
446 319
1085 1499
1440 1981
1191 626
1777 1286
1033 1523
1832 1923
1186 1201
1966 2154
291 645
1211 1786
1478 1483
451 831
852 269
257 173
423 18
569 415
345 1325
1287 47
540 884
1676 1780
1983 1815
380 458
1683 1815
155 82
1174 1775
1390 1374
1279 709
1817 1949
189 1037
535 1481
2027 1845
1429 1965
1194 1760
22 314
2022 1265
1535 2051
1767 735
1807 1372
1444 338
1647 2165
1842 1795
179 364
1608 1112
1651 2159
534 1448
210 70
724 627
1466 314
1573 1066
787 210
1843 1795
471 288
925 780
84 45
1776 1852
1598 2090
1210 1222
1801 1905
339 233
1642 2133
853 2028
492 88
349 58
549 390
714 635
1496 2010
588 981
45 170
1619 85
1494 2010
1001 1483
933 1370
1786 2242
1290 1149
1771 1149
1022 1996
1218 278
643 1086
126 69
93 250
813 733
1634 2141
692 1754
1558 72
1373 1491
560 69
960 1917
865 935
1137 1112
999 1481
940 1368
924 289
810 233
1914 1920
1251 185
930 1536
1119 1086
1212 1222
281 1692
1561 1017
1403 1984
973 1434
1878 1532
1479 884
903 319
708 199
793 1163
243 160
2032 2119
662 1105
1571 2011
341 53
1589 1068
1974 2148
1248 185
1616 72
1401 289
1458 1230
1004 1483
1670 19
1685 1786
1659 1736
1414 1368
1829 1953
1453 969
1338 314
1689 1238
246 527
1394 1410
654 171
1731 1946
240 453
75 85
6 279
1517 1544
384 82
1454 1426
1457 528
308 85
1365 1949
52 59
1333 1975
633 1018
86 1333
486 327
1738 1850
1591 1641
1002 383
1452 1459
928 781
1080 1432
315 144
1381 1968
892 1832
636 160
1408 1984
971 969
1064 1853
457 279
1377 1952
477 1344
234 314
725 1222
491 435
53 19
1323 1371
1420 1461
285 232
1402 1368
2019 2229
764 185
1465 1919
593 1853
94 59
1941 83
567 527
81 197
743 674
1729 1339
382 928
969 826
1897 1532
1593 314
875 1952
1730 703
1081 72
115 751
1118 529
1976 2158
1019 1475
1055 1559
592 985
2035 727
304 435
900 1905
129 18
1129 1101
1483 978
1469 832
34 104
565 812
29 70
377 2095
1891 2060
1602 1668
1468 1460
929 785
312 47
1954 1347
1753 1671
1359 264
1563 1499
235 488
74 72
146 279
632 1018
767 1888
1883 1564
348 60
1120 950
1330 974
911 831
454 314
2033 1271
396 2154
1911 2046
1489 434
145 337
1135 546
1467 868
1809 1995
2026 1837
1792 1589
305 748
1108 1068
573 957
1896 1544
758 1479
1592 1086
55 16
995 834
648 314
1646 2165
1088 494
73 85
1565 1379
50 59
1737 1559
536 879
775 218
1763 228
1475 1490
1141 2106
1012 919
1633 1152
1156 279
584 72
939 1796
1219 278
1315 2028
1142 1725
1161 1821
788 714
1514 1911
1641 2165
574 527
2036 2139
417 69
1991 1355
379 82
1594 1075
507 1479
1072 1017
1 214
1742 1878
1121 314
444 318
1003 1108
402 868
205 37
1020 751
445 327
1411 1369
1423 801
1936 1416
1126 2090
481 939
1474 264
926 72
1547 1511
209 72
371 267
1632 1279
1500 1475
252 1997
635 517
319 42
988 989
499 140
514 136
72 55
855 453
815 713
733 172
858 1528
251 171
1062 987
545 340
176 605
359 1463
96 52
1682 1065
1124 327
307 72
1043 561
1935 1672
1686 1236
1066 1017
812 733
275 82
1400 803
1493 880
1674 1780
385 674
1648 2133
1250 1875
604 72
1727 769
1509 1051
1672 1196
1498 1694
1456 1982
207 5
1945 2083
976 1338
1756 1256
828 1981
43 44
419 1166
1356 888
989 474
506 823
333 180
1490 880
760 1601
861 1258
1351 751
700 1773
1061 985
1010 388
1103 1612
1325 278
689 1692
1836 1822
1184 199
1380 319
2005 1522
38 157
1384 1995
589 874
317 1323
1587 1372
1302 1897
401 868
655 1997
1419 2154
1028 1528
1324 1410
1882 1457
2016 1707
1657 1757
703 1204
1382 314
1626 2210
905 1919
47 17
1439 1949
511 874
820 1894
1526 1936
837 751
279 1325
686 82
261 170
1550 1652
1418 1258
386 458
284 1195
134 70
344 898
638 529
41 634
1990 1416
311 35
175 279
46 948
150 1071
1502 1516
1353 888
213 435
219 17
1159 72
144 337
1586 1096
970 824
1534 1304
1693 1416
1243 978
1477 1502
135 43
472 1377
461 1071
868 1355
741 1416
153 1624
697 1179
1631 84
1610 2096
222 916
2001 349
58 21
187 1037
513 837
1008 881
381 960
1005 919
1663 1770
997 926
768 246
1548 1017
1346 1355
343 366
1928 2092
340 250
1241 995
897 205
814 245
1336 1532
44 0
488 1380
92 720
916 2018
1961 751
854 742
896 872
1504 1996
841 1343
913 831
776 1997
1965 2144
1244 375
1980 1416
1639 2133
71 170
9 568
1542 1577
97 898
1322 974
987 866
387 723
1521 1287
1425 1281
526 136
515 1338
631 984
1386 1439
318 1323
1751 536
1071 1568
332 713
233 1566
242 995
1339 1432
1664 1201
1102 1270
1724 1020
1298 234
1912 2065
5 380
163 262
622 760
801 726
802 701
1127 391
391 36
1006 903
869 868
220 408
184 690
105 744
37 1997
1599 1109
1744 1912
1223 264
1449 1966
2024 2122
845 1651
1436 554
1370 1963
1522 700
1486 1508
1310 1461
1288 2137
519 760
1838 1918
823 632
1207 1786
886 760
618 314
390 935
249 1381
306 53
1115 1553
1045 264
548 326
2004 1981
1704 453
1984 1785
874 1446
1035 1553
411 603
1895 902
1986 1416
981 760
909 1968
1710 1268
1953 319
1957 847
2018 1878
1205 1065
1491 1859
57 995
1698 1643
867 1843
151 1771
627 1270
1084 1003
1906 911
2029 1845
1018 994
688 1821
1104 1047
1794 2049
1388 1432
1747 699
368 751
1492 1508
114 279
1117 1105
1480 2092
1714 1549
231 722
467 1719
734 2158
518 335
543 1266
709 1287
458 553
1105 984
1361 1378
547 1407
659 1217
370 1362
1538 2054
2 380
1459 1426
1918 2006
555 466
1799 699
218 916
1972 1783
920 1051
1499 1513
1040 1564
915 1951
876 1651
890 327
1967 2220
735 1222
1853 1949
1011 1859
1712 2219
953 1706
1956 85
1092 1749
917 1697
1779 741
440 273
1328 1549
20 636
850 974
1735 348
1725 1805
646 1381
972 1830
1481 1479
1214 267
566 1091
889 466
437 350
1877 1795
575 158
186 690
404 1217
302 314
80 734
1665 1914
846 262
1009 1534
862 1240
416 2175
101 14
1461 1834
738 1222
984 1355
352 1461
363 1462
603 1191
1051 702
1352 1651
1892 1576
606 204
1955 1550
1048 1840
316 1324
1272 819
1546 1843
954 821
1016 1564
1880 2022
7 2137
1716 2096
712 211
1675 1361
310 72
1332 1593
722 1196
31 96
1054 702
583 998
196 941
755 208
1178 1773
906 314
309 85
1238 1411
1667 1201
397 146
1748 676
480 1075
687 72
116 192
11 19
1835 2036
1770 1276
190 107
429 702
600 1562
717 211
1987 1953
932 1719
863 381
16 208
77 0
32 59
649 529
48 1478
468 1667
360 400
516 831
1412 1927
1082 337
78 362
1057 874
1101 1038
759 1435
546 105
1017 1513
1992 1347
945 1075
295 1020
1209 2158
353 1979
586 702
483 2009
1233 1843
30 279
779 740
968 1362
1977 2154
413 1654
1549 1561
1755 1219
1246 1865
33 1219
847 1089
1557 2006
1188 1287
761 1789
908 1829
947 2009
978 831
1579 1618
142 2095
878 1532
280 72
1870 1159
1000 817
1196 19
70 73
1532 282
544 382
426 1829
602 157
120 111
882 1829
520 605
1875 1490
1427 688
1350 2222
438 1162
1113 933
744 69
1888 1069
1732 924
1839 1369
36 105
817 78
121 153
323 203
1274 260
125 270
204 657
0 147
1158 831
459 905
1811 1920
877 2175
239 903
1925 2087
409 1561
1393 1528
599 306
147 871
958 1636
1601 1217
2020 518
1076 172
21 4
1122 529
178 1065
974 1420
425 974
1658 1737
1271 1728
1820 1374
952 269
297 153
676 512
1470 1853
357 382
1595 1085
1709 1843
1235 84
108 275
1989 278
1225 828
747 331
202 111
1703 1952
254 1251
1903 2201
1947 2208
1901 1992
1278 1872
159 131
919 1522
1830 788
1435 2219
394 480
156 1945
1058 1726
1495 888
556 104
124 1567
2012 1830
1582 770
229 396
1943 2014
736 1497
1635 1821
26 1116
405 153
1391 788
197 152
109 445
1885 1012
577 1396
1814 753
956 1432
1275 427
1047 1850
634 518
1395 1051
2011 2101
1625 350
1958 1501
39 152
293 738
1060 1576
42 24
407 1490
180 492
1949 83
1096 770
1857 2083
1416 868
111 152
1605 275
414 292
1421 1532
1708 2013
630 150
191 15
270 575
1553 1069
901 830
1819 2105
494 1660
237 488
123 249
763 35
362 2137
1656 1197
617 1065
796 2137
1247 35
1319 746
1075 1301
730 130
1721 627
375 796
1577 1607
840 1098
289 72
1281 1469
1366 1948
657 538
829 1416
447 1829
653 1648
644 1075
412 1567
561 21
364 674
1222 1098
244 529
849 1347
1239 2092
3 670
1112 163
742 1507
366 1446
119 762
899 1432
784 550
781 2096
1569 1190
79 366
435 217
664 1669
1335 934
241 1018
1874 994
1678 676
1930 2086
1623 1845
1343 1778
720 1785
2015 797
248 446
1952 2102
991 209
2028 1835
1791 1929
4 445
283 109
531 1362
1758 263
193 380
278 1363
1147 2048
562 974
1524 1035
1715 1844
497 1428
296 238
752 828
1590 2075
887 2137
503 1995
321 2196
2010 1958
288 72
403 1416
442 830
1816 1190
1110 2186
495 1432
1077 884
211 1605
1597 261
1556 1573
1371 776
138 241
871 1183
811 51
166 1881
1584 518
684 97
132 266
463 295
1385 1920
937 1306
1926 1962
164 1657
1309 708
1337 796
1630 2191
1655 2163
778 2196
1065 2036
542 416
1898 1491
208 131
1083 901
739 314
639 1849
1975 860
1107 1633
346 595
1516 1540
171 458
539 147
59 1231
1525 2048
160 92
2000 1297
1938 1357
131 1786
979 1454
1224 1643
1234 1268
1638 1260
2006 1873
1982 2169
181 492
1868 1796
1166 1131
1406 1581
737 2165
228 21
1195 2136
1881 1282
474 92
1552 1594
1342 140
1661 751
287 82
782 1864
2002 1532
183 1219
1796 2199
893 1719
1946 835
427 265
399 990
824 1070
1111 1875
35 147
773 3
1334 1589
294 171
206 266
1996 1361
1978 2160
434 241
1326 1588
192 21
880 337
185 147
885 2171
1806 2194
1201 2121
1951 1914
509 585
1694 2009
1530 1042
106 367
1541 2061
56 157
1317 1470
701 642
1484 1012
785 1324
1100 2029
1962 2158
432 2077
601 499
623 1038
1231 828
1375 830
1844 1996
522 569
162 68
605 1508
1428 317
1464 692
938 839
1268 1097
493 1959
158 1041
1527 1051
122 717
1718 702
1086 391
1910 1573
247 327
113 108
1995 287
1270 1315
1629 1722
707 606
962 1003
1106 496
695 1819
148 120
110 1362
18 169
161 1450
650 261
225 468
786 712
1013 1282
1089 1826
1915 2062
165 1662
358 874
1316 1987
300 1825
762 1266
421 272
453 1981
1927 2075
748 388
2025 1836
983 1499
1344 1071
1109 1655
1242 702
614 682
40 111
455 1705
994 1340
1942 2014
1879 1498
629 1839
641 327
1585 413
214 256
1533 2051
1923 2073
406 1671
1543 1573
1964 1353
473 839
1636 805
1024 1291
1520 1596
1900 1372
1217 2009
1197 925
320 347
1856 1582
1780 1906
1354 264
888 1938
1823 2111
1252 713
872 1561
1150 2119
1752 2165
1460 1426
1826 222
1931 2091
985 809
1677 1540
1154 899
826 1859
948 1393
253 466
1932 2091
923 1292
1364 1656
1073 450
1357 1398
1813 1912
679 1728
721 19
1997 270
1263 692
398 412
1437 1838
1551 987
1596 2074
1789 2065
1660 1996
951 1273
1920 2062
1720 1255
1798 2199
1297 203
1795 1964
224 1862
1014 2048
870 319
372 155
1902 2083
428 266
1854 1857
1030 1025
1572 937
836 746
1094 1619
1889 1576
1939 2078
894 1342
232 831
628 1588
1471 71
389 888
1162 265
203 240
757 325
1917 968
1067 1826
1893 1536
977 2203
1904 1142
1434 1636
188 76
436 209
857 502
1528 1278
1695 70
1407 1933
1959 295
529 726
1690 1583
12 1478
1916 2057
1726 226
112 108
14 30
1908 1016
277 831
1320 1934
626 2211
1728 748
1387 491
1374 1388
1944 2102
587 1605
1029 817
1463 1414
1501 2219
1236 562
1148 1462
450 266
1894 1951
839 1582
1711 18
157 1992
1347 888
313 1272
842 127
410 1900
2037 1357
1833 790
1368 1951
941 1886
448 2056
430 279
918 724
351 1070
1507 1669
1617 1531
198 1986
169 538
1627 2119
982 86
1821 870
621 1270
551 669
1950 1919
530 209
949 282
420 1549
783 1450
1276 402
611 1826
1845 1527
1398 1001
1921 770
2014 505
19 141
1249 1339
1790 1912
990 581
133 714
329 12
221 1758
355 1461
1818 1787
395 51
415 1724
524 364
1583 1005
314 351
1886 985
652 523
1772 1376
1430 801
596 1362
1560 1259
1887 985
834 1627
1985 2169
1815 1356
769 51
1438 1435
590 271
400 1224
1529 1190
1132 1564
1168 1166
1059 418
1312 1627
528 1251
1866 1434
1049 897
582 1450
1793 868
719 314
1999 1567
572 488
1531 160
1567 2024
1717 1160
713 1871
1768 1725
624 1502
756 2109
1410 2060
552 1858
780 553
754 85
1580 1038
751 645
715 1197
466 936
452 1496
1367 1370
1170 215
651 529
512 233
525 1890
1745 1006
1622 2210
1797 1877
230 831
1358 1180
365 1462
838 357
104 460
1267 1554
143 1446
1482 1989
1216 1761
1228 1670
827 825
361 1108
1417 1996
172 670
476 68
1696 456
322 1323
1277 1269
1905 2152
128 824
1015 79
1424 1446
612 507
570 120
15 939
1849 2059
750 278
1837 2034
167 127
2007 1261
13 111
490 1270
201 488
931 1817
1340 2199
236 488
1068 1702
532 575
1151 751
1765 562
1455 1890
1256 1850
250 1788
884 1190
1810 1890
1562 406
1125 261
2013 493
1855 1421
557 492
1869 1919
934 1933
1621 1051
1378 1240
591 941
1208 541
1940 801
462 538
1800 1829
1341 2175
194 380
1871 1945
568 701
1433 1222
1907 166
54 488
1759 1371
1827 1357
961 1308
238 234
765 1726
1097 447
369 136
1146 1386
616 1039
1462 878
1564 968
107 1462
1937 1109
245 1267
1804 276
460 330
1700 208
980 2175
833 1853
1321 920
1318 768
1539 998
1757 1371
1355 1272
195 111
831 1819
1574 1398
895 722
154 297
1628 89
418 1561
1749 1034
27 741
550 1282
1215 508
182 465
1828 1881
1544 1702
174 741
49 169
1503 1901
578 1781
1805 1812
470 1086
848 136
597 997
431 1311
766 144
1173 215
1099 440
374 15
350 984
873 733
964 1316
1042 751
963 1898
564 161
745 85
746 1010
1960 1761
881 2194
1899 1012
992 1464
1701 287
523 292
943 1377
475 1773
1512 10
1588 265
553 79
1032 1134
1369 2111
489 652
777 1729
1037 1986
660 994
615 831
1021 417
1540 2052
1431 1338
223 157
1345 870
1536 2052
1090 1441
484 1393
1230 266
1979 295
1513 454
1706 517
1153 350
576 1402
1505 2103
620 473
1253 93
1523 790
1865 1817
367 128
1824 1770
1578 1618
571 433
118 2239
449 2155
1095 502
356 658
1299 738
2009 2207
139 728
1988 2200
1702 173
1671 992
303 1801
1581 1637
1614 2007
1098 988
1713 337
1736 1165
1227 1132
2017 217
859 2093
898 1741
1890 1054
1692 508
1863 934
465 297
1876 609
1363 333
502 1581
830 421
1852 260
1213 1243
607 1506
986 1233
1697 1130
595 1737
1993 287
478 63
996 208
2003 710
1050 392
1519 2038
1566 1017
585 879
1719 539
137 1661
1847 2036
1389 849
199 433
912 627
1087 1576
851 2093
1254 66
498 722
227 150
732 840
408 1776
443 1316
10 111
944 1933
579 199
1919 2038
883 1361
1840 412
809 203
860 1322
1348 683
2023 1985
60 379
673 1108
637 302
608 304
1850 1446
170 669
1699 213
1994 1164
1221 1218
1360 333
1053 89
922 1370
226 489
580 257
771 274
422 1906
1846 2080
554 677
1261 294
1707 294
1349 1185
1705 2027
1812 1155
1027 829
1934 1999
1472 553
625 1632
485 492
1314 2217
141 782
1750 1149
1570 1895
844 1886
563 779
935 2060
1913 2204
1858 1864
1803 1927
441 1402
891 677
1311 2172
354 512
533 810
1329 2136
661 538
1851 1869
1392 2221
127 789
517 2175
1841 831
558 428
1611 1105
832 499
383 1900
1998 463
433 1314
950 1881
117 457
1873 1357
1722 990
1575 1932
173 1977
479 1881
1515 1818
388 160
902 1316
1848 1094
1376 1906
1128 1495
2030 1635
378 2086
656 2156
456 1687
1331 292
1884 2017
825 723
102 466
1555 1166
1383 266
510 2082
965 2067
1909 2132
613 1407
975 828
508 2200
1180 895
665 803
670 139
439 300
904 752
1554 2041
753 838
2008 1151
1399 1370
376 2086
914 750
921 1907
1229 440
103 1826
130 266
1240 254
1922 1858
1825 790
1620 297
217 1062
17 169
966 2201
424 1260
740 1441
1872 1803
1046 503
910 627
392 1606
1139 1105
1929 341
682 872
879 1260
1313 1398
1362 1209
1545 2136
864 1452
610 2136
1924 341
1576 1576
1488 2229
521 1250
609 782
866 1771
1802 627
1237 1796
835 1398
1220 741
1442 2199
1396 849
1473 683
1422 1826
1822 2103
1497 1001
1079 797
1426 1190
505 2199
