0003.jpg 0005.jpg
331 219
806 643
335 224
85 45
336 224
327 207
805 643
87 47
704 180
730 591
82 42
711 555
794 210
716 574
89 49
710 554
798 637
706 562
90 48
276 173
64 33
88 46
705 561
1264 1106
1015 830
1192 1036
797 634
1266 1107
1026 837
795 631
702 559
330 163
804 640
258 153
712 576
925 298
468 316
1287 627
1260 1079
264 161
1662 1014
1199 586
51 22
1609 1386
301 187
2029 1545
290 566
1257 1108
235 137
553 405
678 529
1754 1564
803 641
65 164
717 575
1762 1097
1036 855
168 78
1860 1646
1039 848
494 336
1091 911
1413 1187
140 65
1000 817
62 32
1607 1384
799 218
724 586
1123 498
1859 1646
676 528
1279 1129
1202 1043
1259 1078
1612 1744
292 180
500 343
1019 1276
282 543
807 206
1190 1035
674 635
1093 913
1224 1493
1876 1665
1679 1465
285 549
1676 1459
668 977
293 176
325 206
1143 1396
84 43
790 627
284 177
48 17
501 329
1136 961
66 532
903 1193
1615 1398
334 47
1452 1241
1480 1270
1045 865
506 769
792 630
1409 1185
1743 1519
69 35
685 999
675 987
1262 1081
1291 639
1934 1732
1385 1184
698 566
1294 1119
647 498
464 298
81 40
267 164
190 381
326 208
1007 821
1131 955
1739 1108
337 223
1618 1748
1500 1276
791 207
1783 1577
1138 964
1405 1205
1286 1098
1012 812
1510 1296
63 161
1663 1443
67 163
1895 1688
83 41
1044 433
1604 1381
690 1000
1005 812
1292 1118
1606 1387
1063 1323
1445 1231
1878 1680
969 1228
215 881
1212 1051
1643 1003
1174 1456
1246 1525
1283 625
1634 1763
1222 1069
49 21
1969 1778
1104 916
1603 1380
740 1067
273 539
1548 1332
1839 1606
1002 374
1479 1268
565 426
630 480
588 861
907 700
1193 1037
487 330
1115 940
667 523
1487 821
770 1092
1135 515
1354 1167
1152 982
1404 1190
396 261
1397 722
1668 1457
1184 1002
1733 1524
455 696
1137 1389
1685 1047
1380 1193
1134 957
1183 1458
772 1538
542 381
499 322
1832 1608
1627 1756
52 135
1981 1790
1421 1220
271 536
1599 1374
997 815
262 977
1204 1046
554 809
1912 1715
1744 1513
2033 1554
2032 1552
1775 1555
1160 1416
61 155
239 480
1194 1455
1172 1023
723 586
1637 1418
1035 940
658 956
488 337
1654 1458
683 997
1078 1320
1595 1366
1232 1510
115 57
800 639
1446 1232
504 1233
1171 1003
1948 1752
1061 872
1296 625
983 1248
1592 1364
328 214
933 1185
774 1539
152 298
728 597
808 223
1978 1782
263 525
1478 1267
1645 1023
1197 1038
1001 1266
1568 911
1494 1284
1831 1621
1116 934
257 151
1648 1425
1874 1662
1666 1035
959 766
503 758
793 628
1931 1731
1640 1430
1187 555
1970 1775
1033 835
1034 845
663 958
594 879
265 533
34 10
1782 1574
1144 1748
1070 879
447 291
780 1127
1106 1358
1031 853
224 125
1724 1525
1133 956
53 22
1185 1015
1207 1050
1680 1460
68 161
899 684
414 277
1189 1030
1776 1120
208 113
635 488
268 163
736 1050
1074 454
1972 1767
642 843
1659 1420
467 698
1245 1524
2035 1846
539 377
535 803
570 111
1066 887
636 489
1740 1107
298 193
453 718
1210 595
1774 1844
545 812
1885 1671
266 532
1200 1057
1688 1047
731 597
641 500
60 29
942 1180
640 492
908 291
50 135
1723 1524
1119 1364
1450 1231
1511 853
1258 1107
236 137
1681 1046
936 1187
2031 1844
1041 846
1211 1047
1014 1269
1277 624
1282 1097
342 233
681 980
1141 1745
700 1032
1448 1639
1764 1097
703 547
708 545
999 803
1327 680
714 182
230 19
679 991
1198 1464
696 1023
1761 1558
672 981
927 302
1470 1255
954 767
1602 1377
1546 1327
1181 1431
1945 1750
699 1449
843 1151
1561 1339
1307 1581
955 1213
677 533
1632 1761
472 301
1770 1545
1289 533
645 496
1507 1286
2036 1556
581 433
1308 1140
1864 1640
1734 1525
979 1240
1525 865
1176 1441
541 385
2034 1845
1163 1764
216 118
1454 1234
819 1579
86 55
1623 1751
511 530
643 493
1741 1078
727 597
1166 538
1052 1308
1760 1528
651 503
1129 508
1444 773
789 625
256 112
1769 1116
1178 1032
1255 1525
58 26
1293 525
1608 1385
469 721
1559 1320
1069 878
513 779
1169 1419
260 972
1295 1118
1175 1431
1150 1546
185 377
1349 673
324 204
990 1257
1379 1189
718 581
1384 1591
592 872
1937 1736
446 66
477 712
1975 1435
432 694
644 935
1656 1443
1285 1122
345 238
1284 1095
1862 1650
1476 815
1177 1426
1784 1582
227 129
567 421
1644 1419
654 505
1186 1444
1518 1696
788 644
31 88
1928 1729
1696 1069
100 164
1777 1559
1974 1439
1672 1446
1785 1581
419 254
250 503
1300 1573
1673 1043
993 1259
1861 1639
163 289
987 1255
1771 533
1591 1363
917 740
694 1003
889 1146
1411 1606
1537 1305
1773 1116
1549 1324
1451 1232
1490 738
973 779
680 981
95 52
1923 1720
1665 1788
707 550
1306 1141
7 57
2038 1851
822 1141
1493 738
1420 1181
243 146
695 1021
612 130
496 341
1165 1417
1867 1640
191 102
1016 808
1305 660
1763 1122
393 878
194 107
691 1418
1302 1576
304 196
1484 1671
246 421
821 663
692 1012
1017 401
1496 1199
1290 533
1598 1730
167 77
139 287
1304 55
619 469
735 595
1167 1430
887 283
1590 929
269 162
967 773
98 531
1114 939
1004 1266
1083 901
549 390
767 241
272 171
775 618
992 1257
722 600
664 518
1060 873
932 698
247 500
1888 1678
1766 1119
924 738
1624 1755
187 86
870 1150
1415 1180
1565 1343
1025 409
1834 1610
1535 1703
471 721
1459 1644
1359 1161
559 837
574 849
35 94
1838 1614
1915 1712
527 570
179 360
1130 1380
1809 1169
1747 1096
226 128
1418 1601
368 679
572 14
1664 1444
1778 1098
1517 1694
1463 1240
929 729
291 184
482 289
609 460
852 678
1892 1684
634 929
598 454
657 508
1504 1676
915 272
988 1436
1401 738
715 580
1586 929
338 226
1646 1435
1909 1711
255 112
693 1004
1303 1576
1914 1705
1926 1726
1594 935
299 601
1412 1197
1610 1389
1117 942
725 1051
349 164
153 737
1499 1686
38 92
1973 1780
99 635
1614 1748
1786 1858
1737 1090
242 488
697 1001
1203 1051
726 601
1650 1456
201 14
573 1297
930 1199
1830 1612
556 104
1566 1337
1432 753
1467 1643
1788 1573
593 119
92 50
1513 1292
1652 1426
1182 1432
1976 1780
1179 1004
1064 119
281 542
1781 1855
1801 1241
1024 831
818 1581
610 129
1164 1004
1579 1347
633 486
189 86
1118 149
1866 1641
1226 1510
1443 1639
1457 984
1570 1340
1667 1444
445 687
1489 984
1469 1241
1968 1151
1746 1106
1578 1347
1269 1080
812 227
1698 1069
1084 894
186 373
373 262
1273 1089
1571 1677
2026 1533
46 38
403 266
1582 1354
1006 1271
960 1208
1056 1306
1811 1811
1962 1770
1265 1096
1836 1596
1910 1712
96 51
1022 1676
528 363
415 275
1920 1720
1047 859
536 803
348 663
1280 1123
649 497
631 477
59 26
1538 1311
1390 1602
193 13
1687 1049
1373 1596
339 226
1155 994
1020 781
1072 897
671 980
359 789
1983 1797
1927 1728
998 306
169 7
1854 1624
495 764
1048 859
638 149
1639 1429
1943 1748
1930 1727
1641 1771
1689 1799
813 655
332 668
1979 1795
1889 1684
1649 1005
343 657
1270 1127
385 1164
1944 1748
1111 1361
1191 1032
976 349
1735 1821
1982 1795
252 185
1658 1425
546 401
279 1576
1660 1009
1573 915
956 764
1843 1477
662 516
317 81
509 1145
1256 1527
1534 638
1149 980
171 70
1651 1441
928 725
1787 1576
1539 866
2022 1533
1992 1813
1907 1702
54 137
492 78
212 179
617 475
240 477
1440 1646
1727 1309
768 81
1808 1676
892 1778
1076 893
391 182
2000 1505
815 668
538 91
1807 1164
1324 1241
971 1402
1113 844
1684 1049
1453 1402
1403 1224
787 201
1553 1712
306 44
841 1241
1526 865
515 349
1028 1281
248 149
1365 1669
218 38
347 1141
1957 1787
569 408
458 198
584 644
91 37
1933 1367
935 1196
1653 1421
1399 727
1742 1797
1953 1805
1223 674
661 515
1298 649
97 234
1472 1256
1709 1501
1023 838
1965 1787
540 1268
1485 385
1334 915
1388 1673
1142 972
1032 839
228 130
816 238
659 965
1581 1723
764 31
646 503
192 104
1351 1778
209 644
1655 1451
1966 793
537 807
1400 1199
461 141
1358 669
1098 1353
1671 1455
30 44
1556 1712
344 234
1932 1731
1126 1730
632 486
40 14
1596 942
1990 1239
1435 1624
1107 1357
1547 1328
1906 1700
379 187
1009 401
1985 1791
1536 1304
1683 1797
561 406
486 728
340 227
305 1491
93 233
1731 1325
1043 854
1519 1699
571 110
1391 1192
1755 1543
319 196
398 1
1584 1350
1323 1070
1514 1513
274 542
810 1131
1120 499
1647 1439
940 723
760 1525
1088 1343
1333 1241
1642 1426
1465 1595
1486 1270
564 423
1508 1287
1952 1760
1095 472
142 684
1833 1613
865 878
607 902
440 293
1682 475
1842 1477
1817 1621
1085 1278
1693 1239
150 141
583 430
890 1220
552 1269
341 1845
253 150
1278 1053
2028 1836
1829 1242
1767 980
1414 723
199 110
1921 929
1704 1145
8 238
1863 1636
1103 193
0 18
686 1576
1356 708
1402 1770
1883 1482
1361 1589
312 46
1502 1279
922 727
629 484
1877 1494
237 137
491 321
1408 1705
1441 1227
1922 1347
1756 1514
1512 847
195 423
743 687
401 1206
1971 1775
1205 475
450 20
402 1206
1419 1165
608 461
547 383
1919 1722
1853 1244
1896 1695
974 1232
1335 1324
1977 261
1339 680
1477 826
1038 833
1234 797
202 14
1521 713
1955 1764
1947 519
876 1169
1580 1725
44 8
1010 385
1935 1385
1248 172
411 1484
1127 1377
2027 1838
155 238
346 1138
660 150
1080 1675
9 247
135 47
1112 938
1105 477
1729 227
322 81
1984 1369
1925 1366
20 565
2018 1558
755 183
625 478
210 644
1102 1354
905 1721
1096 1354
1563 1278
45 644
1997 1622
261 644
133 644
233 889
1315 1241
606 122
1055 961
1882 1225
869 1206
1456 1646
358 1455
2001 1269
1122 1360
733 592
1891 1687
149 20
1657 1780
855 878
382 309
1753 1384
105 473
1353 1180
363 789
1710 797
229 18
621 896
1714 1622
637 931
377 1164
829 1175
381 1101
449 295
802 668
2024 1552
761 1290
863 373
1758 651
1524 960
689 1122
2011 1824
1097 1347
213 196
1823 1593
837 1151
244 149
627 896
1936 1207
1250 1560
1543 1712
1552 1329
524 791
1483 1338
1439 1070
1794 915
786 1053
857 141
868 253
1251 56
1540 1708
589 422
1498 1399
828 1646
184 93
4 94
1541 866
970 1229
1917 1716
602 124
71 20
222 38
1065 886
1587 1660
1986 683
555 813
480 314
1468 1826
1961 1161
1577 1348
989 1436
119 253
1393 1281
1429 1066
43 42
1139 968
1725 1464
919 781
599 473
241 486
321 645
820 1576
1635 998
995 1505
953 674
1716 1522
1958 1773
245 1288
1669 580
577 1165
1908 1704
1464 1649
80 81
1991 1675
126 4
1588 1358
19 18
874 348
781 1127
1738 1527
1601 1829
1589 1295
1003 1381
896 1508
1398 724
1371 1735
56 420
417 4
196 107
729 585
952 1320
1410 1196
297 68
294 1518
374 390
238 144
811 648
533 1153
1533 1075
620 472
701 1335
360 473
817 1578
613 462
943 1187
1963 1774
737 595
2004 1412
1522 1176
757 465
1501 1281
1100 1689
1238 1505
1328 433
302 20
170 85
1461 1505
1157 1037
154 305
220 242
57 27
1911 1703
465 305
111 94
1967 1609
858 735
550 1488
897 440
1423 1213
1425 630
1330 1089
481 1179
1820 1587
1792 1089
1964 1777
14 473
782 1365
512 1131
470 310
582 369
1011 1505
1225 324
656 150
353 322
1275 473
389 253
1732 506
1795 1643
1686 1467
47 8
1799 1843
234 644
1428 1659
1622 1404
41 566
423 644
758 932
1516 1694
937 589
466 1756
200 148
463 1441
1059 435
1092 1431
2002 1276
493 852
1987 1474
847 1372
214 875
5 13
1394 1621
74 20
854 1517
1332 846
984 708
1228 1505
639 925
1720 465
1904 757
856 331
129 216
404 861
1051 644
11 102
1495 1180
861 1065
846 432
409 1789
1960 1765
525 1570
823 792
371 674
1350 1358
882 781
176 192
1474 1399
1837 1616
1271 1397
438 540
413 421
70 36
1900 1165
1897 1239
125 61
426 781
1703 1147
16 761
1870 1649
225 461
1845 1620
1617 1751
219 8
1706 928
1233 385
741 781
1718 132
1 620
165 1379
548 769
688 1414
773 857
845 1089
1855 1329
957 753
1274 962
2006 1521
1336 1163
1071 1324
1898 1161
1530 369
776 17
769 247
900 743
945 314
1629 1776
159 119
893 1185
1018 966
867 1555
29 38
1605 1496
1902 1595
131 1488
333 220
1638 1739
1491 1505
1436 259
946 1182
156 141
118 353
1447 815
416 1789
1377 1147
1086 1848
748 1505
1352 1169
1905 1431
1730 1132
177 238
931 1527
1625 292
6 644
386 5
1814 1226
862 529
457 1068
566 861
1013 1464
1748 1670
1542 1712
300 470
2025 1834
878 1163
1310 856
1918 1710
624 481
1161 1414
174 412
1242 132
1529 1431
36 396
1267 1044
1062 883
1894 1239
1674 1779
72 44
605 741
1214 674
249 503
251 505
362 1175
1215 487
380 78
164 1379
713 550
1427 630
1030 105
316 50
73 21
783 924
1049 369
254 508
1073 149
901 1593
1029 1601
1840 1201
1806 1741
369 260
1527 696
361 591
2019 1464
526 1018
197 37
370 282
366 258
28 8
1940 1739
136 4
853 1164
384 238
1475 1199
104 1009
183 1488
1241 879
1437 1436
1856 820
1301 235
207 1655
1899 1292
120 27
926 1576
13 27
1375 1593
759 754
1209 1430
390 141
1087 890
33 1488
1628 1759
175 38
562 683
275 35
1050 389
1147 1601
188 369
747 1505
32 227
840 1513
1880 1680
734 1430
2021 1517
109 114
1040 711
968 1505
490 1838
106 850
848 260
2020 489
1697 157
1492 1265
1341 1805
834 1778
474 1540
18 102
1903 1239
1694 1825
375 306
15 331
1633 782
1768 1530
739 20
1460 1649
429 644
116 524
25 20
534 1078
397 222
1630 1772
146 1068
875 261
55 145
1370 440
1416 1676
1309 127
1471 1523
1449 1505
877 1793
79 234
138 1068
1950 1239
428 102
1661 1468
1481 1176
832 332
1312 1778
1367 1154
311 346
603 560
286 1138
318 227
796 936
1626 1754
1938 1825
394 364
483 1379
303 77
1819 1735
1597 1815
616 130
1364 1226
1772 1197
211 356
1355 1510
448 814
2037 747
1372 385
162 115
442 176
128 331
738 1048
151 1005
108 1529
313 76
1692 487
872 1789
406 1789
1151 743
1551 1326
1800 1843
1790 1632
473 1308
1342 127
568 648
425 843
814 654
1320 262
1344 1523
532 64
938 1225
1343 1843
12 65
1124 683
964 1805
2005 1430
203 94
1297 45
1929 1725
1749 627
158 1756
1268 1685
784 962
39 476
1791 809
1924 1725
444 607
1322 271
1347 1823
1417 535
1252 664
1159 1576
101 242
352 947
1168 1011
1846 905
204 1240
1804 1737
329 1655
801 226
1008 835
587 356
475 195
543 375
1954 687
652 942
944 734
1272 800
1857 1768
518 181
626 143
1946 248
1455 1570
365 789
437 1508
920 485
454 1068
178 1324
1715 477
1980 1675
1077 870
107 789
1075 1710
1677 1624
441 884
434 1068
880 242
1042 708
1600 1161
1346 1643
948 739
618 181
720 77
1523 1373
1868 1680
309 36
709 1151
122 257
1108 1295
42 42
523 849
1235 112
94 226
1850 1808
27 412
1109 1710
1780 649
22 238
719 1068
21 4
833 1537
1366 1487
836 684
2016 1524
1751 1685
1779 521
778 780
1678 1592
439 477
746 1333
1813 687
1879 1668
1140 567
435 339
1611 351
1550 1321
1675 1068
1082 284
1872 907
1942 865
462 7
2015 1533
1844 1721
600 1288
1557 1710
355 947
112 568
1057 988
2 377
895 1797
400 861
648 644
1188 1151
295 148
1621 282
809 45
742 1813
578 708
1195 1080
1726 797
1244 39
1430 1209
1213 1057
436 603
421 1415
1374 262
484 739
451 1068
114 102
278 1194
121 136
507 769
986 262
1670 22
839 182
1099 927
1281 364
752 771
1690 1435
356 785
1089 699
669 8
1369 756
405 136
1691 1779
985 355
1890 1678
894 1155
476 667
1881 1694
1572 1311
497 585
1871 1268
1575 1356
756 1415
1058 1542
1999 1560
655 275
514 18
762 0
320 645
1316 1757
972 767
1319 1721
307 644
850 1061
745 36
1631 1853
124 513
3 473
838 203
1329 1153
1101 1725
1362 1130
259 524
871 1004
1021 27
412 513
1196 1068
962 1222
1805 1837
1326 1469
1835 1617
2014 1524
1951 1502
1528 1045
1337 846
851 390
357 262
1567 903
132 464
1532 375
590 1602
831 1626
771 528
1145 8
1759 869
1613 567
601 428
1728 552
206 644
949 1202
1406 1638
1206 300
147 761
407 1130
1154 597
1431 1210
443 1598
923 1094
1299 1238
1243 1333
951 630
975 429
1797 1565
289 1488
296 52
522 529
579 64
198 257
137 441
1708 1667
1046 927
1939 1469
23 242
1148 332
315 31
1081 1576
1995 665
205 1659
110 317
231 1059
1433 213
1827 745
283 101
1094 1193
1996 1110
452 85
1959 1779
1816 1775
1338 1576
1569 1039
1288 1151
459 1112
666 524
287 27
1208 846
1090 875
1695 81
161 355
160 339
1239 1667
575 1644
314 612
1564 1722
2010 723
1110 1497
1054 181
1053 402
860 1570
1027 265
530 1476
520 608
623 246
1852 1659
1702 245
166 329
1458 1224
544 592
1321 432
1180 1085
884 263
1875 872
26 119
1544 693
180 655
916 706
1993 665
721 818
1236 651
980 1805
604 1488
1636 683
1721 355
1201 1748
143 426
1916 1733
2009 868
1462 1568
2013 519
277 21
1162 566
1466 1576
1345 1789
395 1131
684 21
113 232
1037 106
1509 767
221 564
1752 953
531 757
2012 1841
1712 1505
1146 332
830 737
1156 9
777 65
427 681
1893 1198
1263 208
1368 1694
765 1485
1884 1684
103 1819
591 434
1261 1079
117 855
1583 1336
1276 235
1711 644
921 1651
991 1222
751 1
1901 1812
310 36
17 21
1619 1576
1317 1359
1531 227
1153 292
1407 1527
849 1373
182 682
1560 1432
422 1833
909 1352
557 407
308 36
489 386
1221 1652
270 813
1789 1801
586 181
141 1510
1873 1009
596 1515
123 65
1389 586
947 1281
1216 855
75 36
232 1068
78 54
364 1159
1387 1586
517 1833
1363 1454
1585 1203
173 64
508 607
145 568
410 1149
1865 1625
1949 381
144 568
1701 251
223 146
323 644
77 36
1482 1635
1249 227
1750 151
1395 320
881 547
622 1068
1886 1328
1381 744
939 709
10 14
614 1079
130 21
1810 1586
367 144
372 94
898 1598
910 586
1802 586
1736 977
1705 776
172 1436
37 918
1745 574
859 390
1424 1808
958 1348
653 71
1913 1777
460 320
376 390
1340 1805
1941 381
1793 1570
1869 1595
826 507
1217 793
1128 826
1132 696
1348 1561
1818 267
378 390
399 1087
827 1429
753 790
502 460
478 1287
912 1039
430 916
24 242
585 8
779 976
1796 586
134 693
431 250
516 568
1515 1062
744 603
1231 771
1434 1549
1067 1440
420 1666
1707 1079
1798 1805
1765 332
1593 644
628 668
181 1001
1757 1207
1438 753
1558 1576
157 921
595 1426
1314 304
961 913
766 404
519 1068
673 1381
611 1081
1616 1576
354 1091
433 936
1331 277
1068 693
1828 586
551 913
750 36
1383 1152
1218 1653
1994 980
732 1786
904 1473
950 1432
650 1566
1173 642
280 644
1803 1567
418 1789
350 1146
1357 547
2030 938
825 351
687 1488
102 1146
1121 644
1887 1684
1230 181
288 644
749 158
615 1068
1576 1356
1998 1114
902 1598
996 586
1555 1473
842 793
388 903
387 1580
918 320
1520 710
2017 610
1386 152
1318 1770
883 547
1989 1653
479 263
1158 1068
1473 1789
529 1131
982 1251
498 761
963 1235
934 1766
886 1068
563 335
665 1359
510 1831
408 1385
1125 1497
1849 1211
2007 350
560 603
580 1685
1719 1669
1506 1152
1847 886
981 1068
1699 603
977 1599
1812 534
1503 1570
2003 655
1562 744
785 658
1554 1333
1848 1735
966 1519
351 944
383 649
1821 670
127 458
873 1149
1253 79
978 390
1700 400
1392 721
994 1570
1713 682
911 1068
76 43
682 1049
1219 603
424 1180
754 21
597 484
521 1642
2008 1618
1488 1432
1717 1238
148 4
1826 555
866 1781
891 1130
2023 1681
1311 1313
558 1358
1825 1850
763 43
879 1180
824 66
576 293
914 1039
1378 1238
1376 1464
670 898
1851 1084
1841 131
1545 1834
844 1560
1247 43
941 667
965 1490
1722 335
505 1519
1574 1020
217 620
906 395
1170 1576
485 347
1988 1812
888 263
1858 1468
1240 798
885 1814
1229 1351
1620 305
392 1150
1505 1351
913 1068
1227 174
864 1150
1396 586
1956 643
1382 180
1815 1081
1254 1588
1824 586
1237 1044
1497 1806
456 139
1220 672
1079 1333
1325 36
1360 351
1422 1586
1442 1651
1426 1432
1822 767
835 941
1313 1068
