0006.jpg 0007.jpg
66 26
69 194
308 27
296 188
1532 1753
857 592
928 668
1554 1214
907 1214
710 466
73 31
101 50
1513 1159
98 49
919 656
1570 656
889 634
990 714
2189 1805
1849 1422
1507 1154
638 394
893 638
899 639
1388 1030
895 631
2184 1789
100 50
1262 902
853 586
71 28
1506 1151
1278 922
776 530
910 645
373 236
127 63
1571 1235
295 566
2077 1662
795 174
367 230
911 646
1552 1213
91 43
835 575
979 695
880 620
831 567
320 634
282 180
2187 1794
1649 1294
2693 2228
357 227
1891 1477
1209 861
1476 1123
2168 1766
744 1037
848 579
1631 1283
1311 956
904 635
1779 1357
2038 1055
777 532
957 226
1194 852
93 44
554 329
1824 1408
876 617
878 616
2169 1209
927 666
1181 830
894 636
2557 2104
816 1123
949 682
886 628
96 45
921 662
1462 1670
491 297
2092 2106
162 81
1461 1109
1455 1101
884 633
1596 1255
1099 771
1494 1142
361 44
825 561
1360 994
1656 1300
1130 763
515 281
844 193
775 525
455 262
1898 1481
1297 949
1400 497
1280 1523
1850 1423
1326 967
746 493
2185 1224
2251 1293
228 140
950 683
906 637
356 224
1419 1072
1254 396
1349 1585
2275 1876
881 621
874 613
2278 1881
2186 1783
1855 837
1703 746
1443 1095
987 709
1537 615
335 214
2400 1955
1595 1258
2135 2141
887 625
856 1165
1352 995
2328 1908
669 1537
920 652
97 47
1935 1523
877 615
1453 1101
2230 1272
1564 1222
1657 1866
980 702
2404 1957
1861 1440
1198 357
2622 2152
458 292
128 261
312 592
849 27
1605 683
903 1212
1466 546
1207 872
2079 1666
2420 1984
1482 1130
1241 884
2218 1261
1519 1173
1413 1062
1634 1289
1319 979
132 64
1170 812
923 213
2494 2051
1867 357
1880 1462
572 350
1767 1377
1843 1418
2145 2147
364 580
962 691
826 1136
350 218
289 182
569 338
864 612
2127 1720
941 1254
2000 994
1652 1297
1925 926
1350 994
92 43
688 457
1761 1370
2522 2068
794 538
2276 1877
321 207
1332 977
1573 1243
616 391
931 665
2349 1923
1536 1191
1944 1535
300 189
325 208
2093 2107
173 95
697 137
1230 888
867 614
2544 2093
2541 2090
1541 1201
623 396
2330 1919
323 636
2620 2161
1607 1264
545 330
748 484
2274 1880
1947 1533
1946 927
245 149
2170 1206
1156 809
1255 901
2238 1274
2164 1201
2619 2160
1538 1194
945 1255
2261 1867
1512 1721
575 87
2566 2110
328 645
1980 1569
1627 687
2241 1857
1337 984
618 388
1441 1089
2410 1961
891 207
2139 1736
2469 2023
2161 1769
2162 1765
1458 1108
2236 1269
104 52
916 649
622 392
1473 1120
1551 1209
1250 396
1930 1518
1877 1448
1477 1689
1529 1744
1979 1568
865 603
1881 1463
1373 1026
576 349
2244 1853
1526 1742
454 260
2012 1596
2634 2171
1643 1279
222 137
2428 1460
2152 1749
1404 504
1655 695
1569 1227
2593 2125
1653 698
2363 1927
611 900
706 460
2197 1814
1139 806
982 705
1464 1111
2144 1183
103 52
1533 1754
326 209
276 171
1780 1384
2399 1954
2263 1868
1409 1065
2080 1670
370 48
1180 828
1888 1466
2637 2172
193 118
1687 1333
855 588
2691 2224
2627 2168
1629 691
1467 1112
480 287
1630 1276
1964 1554
1105 780
1553 1775
1911 1500
105 53
1550 1210
2703 2238
2109 2117
2416 1981
1535 1190
280 174
1626 1273
1873 1465
961 688
2421 1977
1020 267
415 269
368 47
978 49
377 240
1608 1263
1524 603
1897 1470
2270 1871
1648 1296
2053 1071
1786 1388
1841 1414
1678 250
1518 1165
1636 1860
2101 1690
1243 894
2561 2107
1893 1470
1184 338
2540 2092
434 261
1854 1427
2285 2234
543 328
444 280
319 620
1364 1003
718 470
2682 2218
1211 851
1202 854
589 851
635 393
1361 1007
2081 1671
99 48
1934 1522
1493 1139
247 153
2684 2214
109 56
1737 1344
830 566
2606 2147
2704 2242
595 364
2699 1888
1869 1455
2028 1037
2447 2006
991 716
1055 752
318 616
1929 1532
1302 1071
2128 1156
1003 729
1000 733
2231 1843
1540 633
1418 1071
1613 1846
562 327
215 129
2422 1980
2612 2158
610 379
2252 1851
167 3
1310 955
2180 1217
1866 854
1923 1516
1671 716
55 193
581 353
1548 627
1952 1545
1456 1099
1093 756
838 576
1186 830
2177 1778
578 340
1191 838
2131 2130
2594 2128
516 304
1305 939
172 95
1206 863
1674 1319
2676 2219
2680 2212
2010 1598
1574 1244
717 1013
1246 899
863 611
659 428
1231 887
1295 946
1314 960
106 240
2397 1950
1483 1692
1546 1210
1858 1424
1965 959
1602 682
483 283
2683 1851
918 1229
1759 1360
620 107
1523 1182
294 187
279 173
190 115
753 504
977 47
2465 2024
2055 1075
2375 1941
2146 1755
1484 1135
1547 1760
1144 799
2140 1737
290 183
1215 865
1557 1215
1391 1037
376 711
2413 1970
1994 1564
2196 1807
2174 1777
2412 1967
1313 959
314 204
133 65
640 416
2507 2054
969 689
793 537
490 299
2113 1708
1910 1495
369 49
2574 2113
608 879
1182 839
2401 1956
2470 2023
2292 2238
291 184
627 398
1987 1576
596 96
178 104
2283 1890
1122 785
2444 2002
852 583
1179 826
2289 1888
2269 1870
721 1001
2165 1202
1177 341
2089 1685
1496 574
131 260
205 120
1818 1397
1610 1275
2138 1740
2175 1776
2624 2154
1274 416
1490 1699
1153 1391
1611 1843
1901 1493
577 344
1903 1483
2389 1949
2030 1043
1707 1343
563 341
431 258
2559 2103
1073 759
2067 1089
2633 2164
371 50
756 512
390 60
1949 1539
1814 1397
546 316
715 142
2006 1589
1684 1328
111 58
1846 1420
2126 2124
1504 1707
1842 1417
2407 1957
1245 387
926 1243
2449 2008
1864 862
487 291
1236 877
1435 1085
1689 1892
1568 1225
1224 869
2205 1822
379 244
160 329
2254 1280
873 1195
1534 1195
612 384
2534 2086
1004 730
315 634
332 210
1805 803
1252 903
2063 1085
1857 1416
1646 1300
9 4
2288 1889
1374 1017
1432 526
456 270
2556 2099
580 343
705 993
1410 1066
1145 1387
2489 2046
1176 825
18 14
1392 1043
1679 1326
2471 2030
1259 1506
1692 1893
1962 1550
2672 2217
875 628
1683 729
1908 1503
1560 1218
1738 1372
2679 1848
2032 1048
989 711
2570 2112
594 361
1258 1500
583 358
1442 1653
1164 813
762 503
1744 759
43 21
1113 284
1216 866
2613 2151
1527 1745
2543 2092
1239 1474
1175 825
2054 1073
1188 836
1806 799
2204 1821
933 658
1420 1073
2090 1686
316 628
1160 328
1433 527
750 153
536 305
2233 1846
2698 2236
1760 1369
765 518
2545 2094
1562 1217
2602 2133
615 107
30 6
749 492
1238 900
1820 1386
2088 1675
1190 840
1068 754
1672 1318
1155 811
1107 299
324 36
2076 1660
2102 2110
1729 752
579 92
1027 744
1996 1584
2353 1916
1234 1508
2563 2106
2417 1971
429 258
2129 2128
224 141
707 463
2609 2142
568 342
1421 1075
2118 1707
191 418
1644 1274
1237 886
1668 1309
761 508
1651 1303
790 1089
1064 742
2040 1633
535 791
2248 1858
374 51
637 398
806 557
1100 778
687 447
2476 2038
2588 2122
389 251
1422 525
2595 2129
2286 2234
2475 2035
1807 802
1828 820
1659 1301
1762 1368
1242 1475
1096 285
2075 1656
1764 1923
584 862
2112 1707
1584 1240
885 620
901 627
1291 943
1508 1154
1117 1384
1800 1920
378 720
2581 2118
2453 2019
331 211
1103 767
2429 1463
1752 1363
10 5
2280 1883
2509 2061
1650 693
2555 2101
643 416
1395 1049
2257 699
19 16
2411 1958
2200 2185
1601 681
182 107
792 1096
2508 2058
2156 1759
2451 2012
1942 1517
648 421
360 228
2464 2029
1763 772
3 2
1417 1062
148 2
2043 1639
2237 1267
1978 1563
2042 1636
1772 1373
2293 1894
2332 1904
824 1693
905 640
2504 2053
1879 1453
2603 2134
1178 823
2365 1922
925 1235
2374 1934
1347 1586
334 662
1697 1341
1975 967
2058 1086
985 701
2665 2201
183 108
2154 1762
1766 767
1471 557
1034 1348
1277 930
1951 1544
259 161
2442 1996
766 161
1031 1343
902 627
2047 1635
387 1331
817 182
1101 767
1098 1368
713 141
1825 813
1928 1507
641 413
1793 763
1162 787
963 689
2007 1597
1586 1820
1769 1918
1559 1218
2284 2233
1475 1684
2272 1873
1011 737
57 189
2134 1166
2558 1686
1006 1331
2167 1210
1086 1363
1795 805
1192 837
1158 1386
1244 881
1948 1534
1152 801
2433 1999
2290 1333
1620 695
1010 60
1581 1241
2702 1891
2402 1957
1369 1008
1751 1374
2408 1962
139 74
2279 1879
168 5
2493 2052
481 288
1859 1437
2596 2127
1997 1585
244 484
1095 758
2387 1410
993 721
16 96
2364 1390
1816 1410
488 76
767 526
1539 528
879 528
2044 1070
2553 1663
359 562
1645 1852
1670 1313
317 623
375 237
1694 737
2317 1355
2091 1684
1685 1331
1999 1576
1618 1265
1542 1770
2653 2185
1412 503
1639 1276
915 648
2271 1877
1272 394
2597 2147
1189 277
1802 1926
1014 1341
1894 888
2258 1863
313 203
1492 1157
1555 1773
1324 457
2341 1374
2078 1661
383 247
1514 1156
2463 2020
2705 2239
2406 1961
2390 1945
1758 1903
2143 1185
1423 523
2235 1847
1826 1412
1522 1692
2414 1970
2213 1826
934 663
1708 1348
1065 1344
384 729
2501 2048
498 284
2281 1884
639 921
1415 518
1988 1580
189 112
2589 2119
2533 2080
90 48
625 390
1414 1069
1151 795
2669 2210
1853 1420
1912 1501
1225 1464
1567 1226
614 380
2147 2148
75 208
102 51
1028 745
1354 465
1932 1518
2629 2165
2150 1187
1667 1873
2291 1331
2641 2180
385 1325
2181 1785
2667 1835
1830 807
613 373
2148 1729
2600 2139
1785 788
1981 1574
1580 665
2636 2169
382 247
960 687
1622 1837
2056 523
2192 1243
2670 1836
2459 1518
1702 744
1833 1411
2019 1610
1624 1271
327 635
922 649
1561 659
1664 709
882 625
1434 960
2579 2117
1922 1502
764 159
892 1192
1479 1127
254 160
1868 864
1463 1671
2163 1770
108 55
2700 2240
2194 1238
2440 1490
2068 1094
2373 1926
142 77
1304 959
2473 2035
1945 1541
992 717
909 640
602 887
1119 781
2172 1774
763 157
1459 1104
1544 1752
1913 2011
2425 1976
522 295
534 798
1675 713
2294 1895
1214 1453
1143 1391
1681 727
670 428
2108 1705
1465 545
647 1517
1240 767
1460 1105
1647 1271
755 500
110 249
571 348
2472 1535
1924 2004
1359 1004
1778 1369
1572 1245
2382 1938
521 293
1366 1010
2564 2106
322 1192
2542 2091
171 565
1963 1538
751 495
2550 1660
2645 2181
2045 1638
1406 1053
2695 2232
1140 875
1982 1563
1474 1121
386 732
2121 1276
1840 1414
1069 292
1008 735
297 568
802 1184
2158 1201
14 565
2654 2194
975 230
883 1212
2347 1370
2104 1697
1468 1663
1351 985
1408 1508
1661 1306
1283 943
1783 1383
310 29
181 14
268 166
2423 1989
1200 864
524 289
1397 498
2287 1887
2656 1821
1451 1657
1141 1624
1411 1632
1138 1380
1741 1995
1691 1330
605 98
484 886
355 225
39 19
112 251
256 159
2219 1832
1 63
2685 2212
2036 1622
2591 2123
550 807
1623 994
2630 2166
859 199
1312 1086
1491 1707
1333 981
609 539
153 75
2647 2183
2651 2181
1743 1374
2405 1962
180 106
2321 1912
486 301
2538 1638
437 1184
959 685
2240 1859
2034 1622
330 214
2232 1847
1985 1573
2513 2055
2059 2089
1690 1334
1398 1625
1563 1806
930 657
2179 1778
2675 2211
140 875
1902 1636
2528 2083
2013 1600
278 173
693 456
1193 1437
890 1214
720 1015
2176 2175
1436 529
2319 1910
1080 1359
1084 1374
1688 1333
1401 496
362 612
1097 1365
2206 1252
2005 2060
796 546
1005 1333
540 800
2178 1780
1389 1615
2260 694
574 343
2246 2119
1330 448
2153 1749
2608 2150
1837 2018
1686 731
1273 926
1001 735
965 27
803 1184
2549 1663
194 1184
1817 1407
1918 1515
667 1184
2521 2073
2183 1220
1438 1553
1835 2018
2346 1913
714 1004
329 662
1335 1563
2061 1071
113 729
482 875
1159 794
565 826
277 538
1362 998
1680 1324
672 433
2503 2052
2155 1200
760 154
1399 1622
654 1184
2122 1717
1157 809
1673 1884
2526 2073
2066 954
1437 1086
2166 1770
1654 1286
309 584
2565 2113
1666 1310
603 888
1338 981
251 154
2639 1789
1803 767
809 1184
1742 1909
1892 893
1717 835
2255 1285
1665 1306
2516 2065
709 138
633 1184
1625 253
2490 1578
77 55
1576 657
1290 405
2643 1804
12 1144
2511 2055
218 454
939 216
352 1037
998 245
203 1184
1457 1661
994 239
1257 1142
1365 1009
1663 234
4 58
398 1184
2642 1801
2149 1765
2031 1622
696 454
872 406
2262 1295
2458 2026
121 1184
2151 1183
2253 1285
1327 981
1094 764
479 764
74 33
1565 1236
1862 1459
2057 1650
1497 1144
981 692
501 1184
2199 1811
1268 1184
2648 1917
1066 1975
2214 1832
2029 1618
61 734
2644 1807
2625 2146
1545 1211
2295 1896
2160 1150
192 110
265 1184
2671 2208
1210 2000
1520 1175
402 1184
119 1184
2062 1089
1217 2000
2599 913
1878 1446
1282 2010
1021 1360
1695 736
177 913
262 1184
948 680
243 488
391 240
1128 1184
1815 801
986 234
255 522
676 433
626 111
1017 773
1834 819
1628 1865
1736 1706
115 53
1133 751
20 580
403 1184
2652 1802
1104 1376
2011 1008
65 1184
2415 1905
208 1696
716 141
2017 1017
231 1184
1796 1375
1727 911
1316 1007
1698 773
1134 928
1961 1551
897 1210
1353 463
1226 1466
1124 1466
2052 1089
745 491
2666 1843
286 1466
772 1184
1693 1895
689 457
2492 1573
2615 2134
2277 1312
2041 511
258 163
381 245
1195 1459
2690 2227
157 33
520 928
1007 184
1931 880
2694 2231
646 405
397 1184
868 606
42 21
1521 878
1016 259
1407 511
954 939
1848 893
1856 1416
662 1466
2111 1495
2611 2157
2142 2125
1844 834
781 1466
666 1184
711 1222
141 301
1974 1562
679 1696
1531 100
1298 950
2621 1749
1357 998
1358 1009
1977 978
202 1184
737 1184
2614 2152
372 223
645 1026
188 229
1845 1415
2217 1833
747 488
2014 1601
401 1184
2001 2054
2296 1897
1009 1892
348 1130
198 1466
740 1466
778 1980
186 285
1900 2227
1592 568
1968 1466
785 1184
511 1184
1092 1184
1619 1269
1658 905
782 1184
2701 2237
0 669
2506 2050
1416 1089
2529 2087
225 143
275 866
858 1175
1171 666
461 1184
1731 1912
505 297
2510 2059
270 1184
1334 1348
2523 2073
1368 1017
729 1184
1161 1465
32 661
150 1184
349 895
149 1184
1804 319
2225 2207
1387 1466
850 729
1797 1405
2439 2003
446 1184
1885 1468
1696 713
266 1184
353 898
632 229
1012 713
1591 568
1556 1358
566 339
263 1184
1904 289
38 59
37 195
2141 1196
1682 1895
2316 1066
2607 2149
726 1184
967 1289
464 1184
708 648
657 119
1431 1061
495 1184
940 216
1604 1493
1726 794
644 410
2572 2111
1013 1888
507 1184
76 1325
1279 1522
2046 1641
757 394
754 496
1865 757
552 2190
232 195
1356 899
1976 1567
477 1184
1753 1378
2505 1573
2136 1736
1705 751
1718 757
1517 1688
120 1184
273 18
2460 2025
214 446
1765 1350
392 1888
1296 433
942 1308
1425 205
136 866
2329 1795
2419 1469
1371 1945
661 573
2660 1795
1154 790
560 1229
2468 839
870 480
1485 1849
114 718
8 89
2133 1175
170 2000
406 293
36 1496
271 1184
1355 1002
862 1204
655 1184
768 1184
700 18
237 1184
1363 468
1907 1493
2617 2148
799 1184
686 446
2674 2220
1367 465
2571 1694
441 1184
798 1184
238 1184
2033 1049
1187 1260
179 381
1321 1466
502 1184
592 867
1035 807
2249 1791
1341 1466
1340 18
2239 1850
861 1180
2445 2003
1386 1466
52 195
2208 1343
1590 216
1267 402
1773 781
1002 1324
936 285
1281 1026
1331 976
1739 1344
2171 1773
137 866
1054 2048
496 1184
2488 1562
1983 990
2454 1378
2517 2059
2242 699
2598 1529
465 1184
1142 1402
2009 465
2105 2208
207 433
2322 1822
1784 288
769 1184
723 415
1329 968
388 595
2193 1238
223 60
1660 557
1328 1456
473 1184
176 1450
587 1301
983 553
677 433
1074 1374
2418 757
1212 1452
2273 5
63 1184
21 1184
24 580
2256 1266
2361 1982
420 1696
1960 2148
1289 931
2266 1685
1261 497
1905 1473
34 580
1449 1184
165 643
143 580
1712 598
888 211
2623 2165
45 1184
629 402
2110 1495
187 43
2130 3
2267 2227
1469 533
284 866
285 229
712 998
758 155
1120 288
44 1184
118 92
138 1184
1585 693
1233 1995
1256 912
1381 516
896 1214
210 131
2064 1086
82 1382
442 1184
2448 2002
129 18
1699 807
567 342
694 2227
1488 2208
1345 564
823 1849
135 1184
83 557
257 158
478 1184
287 18
2438 2006
1091 1184
2576 302
450 1466
1203 1395
821 994
130 866
260 1083
2640 2170
201 347
739 1184
2223 1395
1293 940
1943 931
1041 598
1372 1601
460 1184
2224 1432
1566 1800
2462 929
812 1142
1445 1466
235 1171
2221 682
1167 2083
2450 2019
2182 1780
54 661
1614 1297
438 580
288 866
2441 1344
1030 1705
1740 1457
2264 593
630 771
239 167
346 44
467 1210
155 743
815 1184
33 661
53 59
56 588
50 1184
2107 1495
2323 1706
49 148
2188 1786
958 1007
1219 2137
808 1184
512 1184
1022 1395
2568 1292
573 827
347 580
1558 1226
1405 1623
1870 1992
727 1184
743 1184
152 347
2427 1921
598 2102
84 1382
2 866
773 1184
797 394
664 167
695 455
813 1460
1248 1549
2124 1716
631 227
89 734
1889 888
1303 1551
724 400
261 527
731 1897
974 210
787 285
621 919
5 44
2004 1002
272 1184
1306 1003
2008 2059
1637 1601
2234 1567
586 62
72 18
1989 2048
1036 327
2114 1503
517 156
832 394
62 334
67 909
293 1274
1067 295
154 319
1201 1304
269 1980
27 149
2437 2006
1430 1181
1836 2108
499 864
212 5
1393 488
828 1657
1632 1840
457 67
95 45
801 18
304 1505
671 428
601 105
1489 1713
46 4
1023 897
28 669
430 264
973 708
1606 846
2318 893
174 1467
1811 856
2655 1815
523 350
1053 1181
1549 988
843 1184
2687 1517
339 37
107 238
81 1382
416 1466
1528 943
2103 316
1641 1791
185 402
1525 1294
219 6
2424 1920
147 1292
2590 2018
365 1295
447 1184
338 1382
305 227
22 866
2697 1890
791 2060
1450 285
1709 276
1251 919
542 273
1218 1142
209 1696
2358 781
2195 1784
2060 921
2601 2148
380 239
399 1314
2531 2075
2198 1439
1322 943
1713 755
976 769
1205 1747
1875 2006
459 1726
169 1081
158 823
1071 754
1896 1995
929 919
485 300
2312 1651
2430 1374
463 18
784 347
938 2200
184 866
1078 205
814 1184
1070 269
1579 669
1635 321
283 729
229 1894
51 4
508 1184
1874 2046
1121 1370
1111 1181
811 1081
1589 2200
1318 964
497 97
1509 2238
2502 2061
1185 807
1677 1321
1823 787
2268 1869
1719 1911
60 287
2203 1342
1998 1710
1827 1112
94 183
1838 1814
2297 276
1146 442
17 1067
1662 191
1286 866
984 60
303 334
742 18
649 1980
1199 1469
204 1332
658 1980
2515 2025
1382 1020
818 1081
600 1450
1165 1484
2391 1567
759 511
409 897
1500 752
2567 316
1927 1486
2087 1737
805 1980
807 1155
1503 1211
593 866
242 3
1045 1355
675 433
1132 775
914 64
1505 1503
274 2003
1383 816
2100 2212
2452 2025
2573 1926
2311 1694
123 564
2668 2124
29 1821
506 851
1439 136
651 866
1050 1207
1481 1719
2577 1453
2446 2015
656 1184
829 1411
2039 2075
292 1286
789 717
2578 1705
1495 886
529 1881
1037 1466
2649 801
1079 1181
1454 1943
2466 929
699 1314
514 347
1249 1801
860 403
952 1267
236 18
537 1715
847 984
2381 1926
448 18
1452 391
2662 1343
414 227
1440 1985
2580 1054
466 97
476 1184
2202 1815
996 701
1270 1881
1339 816
1633 1276
2243 1845
2212 925
2530 2064
617 1549
393 1883
419 1696
1706 160
2362 1393
412 1696
440 18
151 18
1424 453
837 875
453 1184
443 97
964 25
197 580
116 97
85 1382
1926 391
1429 1150
722 158
538 131
779 2003
1487 970
47 176
299 1239
1972 1148
681 530
1781 1098
2021 552
2215 1493
233 347
2525 2025
1530 1148
871 665
1704 1386
728 402
159 214
474 1184
1480 167
527 1894
358 130
2073 205
2692 2226
2681 1849
213 158
2018 1606
1621 2137
344 2191
1390 624
1112 1181
827 1276
1385 508
1276 875
2222 1288
1129 1894
1089 285
841 1314
607 1624
489 1853
2331 2048
1895 1995
820 1849
1710 282
513 18
199 148
2378 2157
2309 1686
2051 1737
682 1696
424 1881
2220 1260
2398 1945
653 18
475 285
146 1184
345 734
2345 1449
1472 1980
411 532
196 133
1072 1244
2481 911
366 714
2394 1009
972 636
11 620
2436 2003
624 919
2037 1623
354 231
999 1321
2357 1383
1108 1207
944 646
1616 1827
2209 2163
68 347
31 76
471 18
1370 2109
642 1033
500 1184
968 843
220 1314
249 152
819 383
1615 1567
1617 1588
1543 2154
2618 2165
267 402
2546 1647
561 347
1600 1493
1032 160
2315 2025
1501 172
1208 2153
1747 1404
703 1314
1801 1457
2628 1388
2388 863
774 402
425 287
660 866
1594 564
200 714
1227 1904
846 564
680 1696
2500 1369
1782 1778
913 64
532 564
698 2229
1575 1796
2119 752
125 1696
619 152
306 909
1376 162
674 625
1587 582
951 51
840 752
504 18
449 347
13 549
997 740
470 263
549 214
704 229
519 291
1058 18
741 1184
822 909
2216 1945
2227 1492
436 18
2070 466
650 1177
955 938
851 81
2020 1466
226 1798
2650 1439
866 1176
1822 2227
1377 427
1271 1424
23 176
1515 1088
206 128
340 1382
2696 1882
937 251
2095 1089
738 1184
1147 356
2583 772
302 624
1876 2217
15 1797
407 769
833 1537
1847 777
665 347
1915 355
2003 1019
396 645
428 1466
59 1184
64 1184
493 1694
509 285
1059 1184
1597 1864
1040 287
2201 582
1116 205
1516 660
530 801
145 347
1428 1184
2157 1750
445 402
87 285
1083 1719
804 347
2015 1861
469 717
1135 1387
88 1189
421 18
869 1356
1025 816
719 1862
363 1003
2512 2062
2159 2028
556 1227
1380 1181
1309 1758
1588 251
234 489
634 874
86 1821
525 18
912 1110
786 1467
435 2048
606 1624
394 256
163 600
1444 1155
1169 2018
248 157
1725 1737
783 1314
2016 1737
48 332
1813 287
1700 1181
1168 1227
122 1308
6 669
1088 162
548 413
2074 1184
307 1505
845 862
1832 819
2560 1822
557 1106
2632 1772
2384 830
1172 41
1029 1380
1043 796
2211 1453
2659 209
426 1466
2592 2119
1320 825
668 1184
1062 285
1642 624
227 143
1063 59
733 508
1812 2157
2495 2067
770 347
935 1821
26 1821
1396 1010
690 410
166 643
1821 306
117 18
311 1688
1253 1871
2002 1573
2337 2204
2250 1292
1264 1184
1127 347
2247 2234
1510 1980
1809 356
1941 2148
2431 907
1819 2227
541 675
2551 2200
1294 1003
1060 1466
1247 884
900 1197
1427 18
1123 717
1612 140
2023 1246
1197 1868
195 59
423 2229
1288 1184
1957 495
2537 1717
1577 555
2379 2157
124 532
1301 1881
472 347
2395 1453
544 682
264 347
604 1243
1728 1569
2229 1561
2519 1519
2646 1796
2434 2041
842 861
1048 1142
1899 2065
2548 1077
408 1642
1638 977
673 153
1448 1184
1075 365
2403 2015
2115 285
1992 140
1275 1812
1583 1274
1734 458
281 1980
636 1005
2069 2146
2585 2059
1884 1715
1640 636
788 526
468 1184
2498 319
1971 1467
1603 675
1046 802
1308 97
1599 1945
1909 940
492 1007
1090 505
780 1544
2392 1991
2343 2076
1196 992
1265 355
395 645
1403 507
1284 1466
582 1067
2313 1287
1872 863
725 347
400 347
2298 2205
932 1241
433 835
2310 1973
701 662
2352 2135
250 453
810 18
1052 1142
217 1821
1788 466
2393 808
2484 1980
518 1031
418 258
1260 1262
1131 1492
971 3
943 287
2638 772
1716 796
800 4
2338 1655
301 1332
1792 1758
2344 2133
1221 1521
533 635
2024 466
70 607
2443 1372
1150 287
966 1020
1973 1773
1183 39
2027 1737
221 1332
683 1696
2635 2165
1669 1423
564 1681
144 340
597 1007
1723 1222
2336 1749
2584 1369
1863 545
2065 1761
253 157
1125 1467
531 44
2360 273
1229 806
692 1821
1750 162
591 902
1794 1578
526 347
2314 1973
1798 1401
1966 1550
558 866
452 1314
2610 2156
771 18
2461 2034
161 1169
1993 1335
1235 220
1937 291
1446 1140
1735 1354
1447 1314
298 1267
1730 757
1018 769
2664 1912
1860 2067
2582 2118
1336 866
547 294
1015 810
2604 1627
553 326
2385 1884
898 1197
1087 97
1499 1292
1019 790
559 1273
2658 1707
599 1498
2282 1208
1148 285
404 974
2120 1456
854 1717
1991 533
2569 2208
2123 1456
1950 728
2539 2153
451 1460
503 97
2616 2160
1920 1675
735 980
2678 1289
2306 2025
1990 1466
2455 877
2673 1652
551 1696
555 294
1204 1920
2265 1847
1213 1142
427 2185
1851 2033
1722 533
462 97
1323 1503
1776 573
1582 555
1808 18
1299 128
405 845
1118 1667
252 129
2339 1652
2396 859
1754 2240
1228 2217
422 557
216 669
1426 97
2132 1175
1749 263
432 993
946 22
1498 1496
1486 1532
2259 2165
1831 1586
2096 1535
2661 2194
1593 1822
2173 1669
2686 2072
2376 1426
341 1382
1578 631
2657 1283
628 1853
2082 1155
2499 776
2631 1505
953 1225
58 1332
1173 1526
1906 2089
134 1757
2514 1320
164 1841
1721 1861
2432 1585
1166 1696
1057 555
995 715
1042 287
41 21
2137 1627
1886 699
1307 1195
2491 1799
1126 1153
2409 1421
2299 2105
652 347
2094 1728
2586 1426
2071 1314
834 1239
2368 1672
1315 260
439 347
25 1696
2335 2076
1871 1357
1102 2217
2106 1532
1026 646
730 347
2562 2209
1106 1747
1269 1104
2487 1511
1609 3
1137 1583
1768 1322
2226 2092
1346 1864
1115 466
2587 1382
2383 830
1470 365
2324 1453
588 993
570 818
2677 1989
1676 715
2117 21
1936 1830
1061 466
684 227
585 889
246 147
988 130
494 1981
1024 458
1081 1757
2359 1425
2367 2208
1995 1864
1077 466
1343 1496
351 1324
2605 1627
2125 1184
839 347
2098 2158
539 1612
1887 1616
2085 1468
1724 1142
678 1421
1967 1041
2689 1290
1775 135
1149 356
956 1269
2190 270
2480 2220
2116 1598
410 1421
1378 994
2626 2131
1969 496
970 977
1720 1787
2478 1717
35 148
917 130
1056 418
1394 217
1076 18
2496 1976
1986 1983
2688 1847
1033 1793
2350 1387
528 347
80 1821
1511 2007
1375 544
2048 250
2552 531
1714 918
2207 544
736 489
1051 1142
2308 1833
1953 1320
2302 2102
1789 1207
1220 762
1984 1980
1384 980
175 1498
1940 233
2386 260
1829 1696
2301 2033
702 2229
343 285
1232 2224
590 1247
1757 1354
2532 1615
2369 1717
2303 2205
2456 1925
2575 315
1970 118
2467 1957
2326 412
1810 1524
752 468
2307 2028
2340 789
2371 1655
2356 1074
2482 1074
1266 1235
1317 727
1883 1039
663 1881
1344 564
126 229
337 2191
1379 162
1756 496
413 1184
2355 1706
1039 1696
1955 1072
2366 1933
2351 1401
2305 2006
947 2134
1787 2215
1085 717
1791 205
2377 1925
2245 2198
2026 163
2050 1769
1790 1336
2025 786
40 30
1287 466
7 432
1136 490
2210 1751
908 346
1954 1072
1478 1685
1746 1757
1914 2157
2086 533
1771 237
1402 468
1300 1089
342 1821
1292 1980
2663 1346
240 388
2072 1737
2474 1425
685 903
2535 2171
2547 2179
1348 1581
1223 1549
1917 1201
211 291
1044 1685
2483 1980
691 669
1038 1586
2435 1998
1502 1203
1222 494
1342 1335
1110 250
156 737
1745 2181
2485 2028
1777 1181
1919 498
1852 363
1174 1696
1285 866
1839 1364
2486 2174
2304 1686
1325 1969
2191 39
732 496
1047 1142
2426 1933
1598 955
2457 1393
1774 1970
2327 1749
1109 466
2325 1973
1799 199
1890 1070
2320 1914
2348 1618
1701 286
2097 1516
2554 1074
1959 713
2300 456
241 488
1958 713
2083 525
79 69
734 308
1711 1586
2228 1996
2049 1181
2524 1320
836 1332
1049 1181
1916 1820
2372 2158
1882 1092
2022 1042
2035 1899
1163 1474
2342 1387
1114 2232
2477 681
1770 1460
1939 1609
336 1144
78 285
1933 1064
2497 1075
2479 1516
2370 1121
1956 2156
417 302
2333 327
230 489
1732 1970
2334 1320
2099 1083
333 53
1082 1757
1715 2225
1938 1160
1748 1053
2354 2212
924 347
1263 303
1921 540
1755 2181
2527 839
2084 496
2380 1662
2536 805
2520 2190
510 1863
2518 2106
1733 496
