img020.jpg img024.jpg
485 413
168 55
427 225
270 84
208 225
495 306
282 102
161 427
315 10
209 476
257 172
433 55
191 310
474 307
498 424
447 499
195 58
377 113
41 28
400 34
205 105
452 407
204 172
212 194
289 402
252 217
194 13
330 55
61 91
378 327
394 179
111 470
396 443
475 67
316 496
274 95
365 479
497 210
393 262
341 99
451 62
463 360
249 58
230 58
492 172
349 179
428 95
135 91
405 266
189 172
470 355
160 303
185 97
313 55
70 314
449 376
75 100
179 33
64 228
228 465
407 487
395 303
310 388
155 335
255 55
462 462
481 432
30 217
484 240
357 484
119 406
471 119
397 360
32 383
192 172
63 58
23 454
356 496
476 266
354 211
165 351
207 310
62 381
11 1
80 221
308 396
264 240
149 149
332 86
480 185
164 187
253 335
336 489
477 39
39 121
148 217
415 173
37 58
278 298
43 87
337 381
6 189
301 57
201 10
68 354
450 117
303 25
79 266
490 298
288 29
499 382
455 346
465 74
401 367
489 100
78 37
4 79
85 173
418 75
333 373
35 462
3 100
14 95
272 33
156 352
88 163
50 146
122 102
218 406
220 420
346 25
153 470
183 167
245 172
293 475
311 278
145 58
169 75
268 272
412 290
47 336
69 5
2 353
187 162
388 31
110 355
361 380
40 265
136 226
445 68
72 123
82 276
483 202
20 93
100 70
176 388
261 149
296 57
31 217
494 288
457 135
260 122
327 100
167 60
250 154
297 179
157 184
26 146
92 116
233 364
8 251
387 126
170 101
213 95
239 79
137 211
235 462
101 284
435 154
488 48
151 180
200 310
491 87
81 498
206 55
299 246
460 319
276 319
283 452
84 195
193 240
319 154
97 67
436 180
120 248
246 100
184 66
374 57
190 424
312 487
67 459
60 393
196 37
265 470
89 419
56 198
348 94
306 249
217 329
281 462
237 106
335 285
215 37
77 79
173 123
404 226
284 79
444 465
224 211
285 55
144 93
221 95
390 486
420 87
254 160
340 160
347 158
53 19
232 248
417 499
482 278
46 54
437 469
121 211
461 381
178 221
188 209
214 91
382 134
403 296
139 32
86 132
408 479
429 268
379 50
180 224
54 95
197 353
223 117
241 388
294 271
138 310
21 211
305 470
440 465
286 217
458 288
59 105
367 391
381 64
96 105
236 54
243 49
375 470
1 100
302 30
132 245
421 346
93 320
104 23
472 403
74 226
76 185
17 239
42 431
328 157
227 149
55 100
226 60
432 353
487 228
468 50
65 422
369 53
52 172
90 490
103 264
34 272
117 226
199 339
314 199
355 1
24 50
5 226
464 499
225 405
234 295
329 160
95 381
317 479
25 172
112 79
277 63
105 321
363 50
376 140
58 479
133 363
15 353
140 160
127 344
339 169
446 134
353 30
49 475
134 471
129 187
130 232
325 240
343 394
279 235
107 422
159 132
448 381
166 95
186 0
486 164
115 383
28 327
38 434
211 469
123 55
358 113
383 202
203 486
9 345
391 149
442 126
216 154
240 241
441 113
409 222
331 58
384 55
231 498
362 185
99 444
370 212
473 113
124 388
359 113
298 468
106 13
247 439
172 112
406 119
430 119
263 415
269 173
439 52
51 100
141 240
371 464
392 149
142 248
496 54
33 34
210 266
244 223
360 226
22 202
304 366
413 281
7 30
152 81
175 160
478 185
242 100
87 248
163 407
198 397
419 42
386 100
109 13
12 475
338 496
373 95
27 114
102 243
150 128
345 240
326 69
248 121
372 222
414 277
29 434
321 314
467 239
280 8
385 38
453 396
114 23
320 58
48 475
147 266
266 101
98 336
171 0
91 351
238 182
344 267
389 197
493 170
416 160
426 280
13 475
267 240
352 443
466 105
0 281
219 50
10 499
259 373
256 154
309 243
271 19
44 67
154 237
258 29
399 344
222 137
229 345
300 63
66 180
425 187
45 486
118 23
351 91
380 348
125 112
18 169
94 487
334 180
424 276
19 383
366 154
295 95
113 69
368 195
410 376
73 239
181 471
307 70
202 381
71 98
456 65
431 226
318 403
438 47
131 266
411 381
291 440
251 287
422 139
479 97
292 374
273 211
146 310
36 142
174 224
443 174
342 470
423 137
324 224
162 50
454 387
126 170
128 63
364 154
57 147
177 187
322 487
459 35
402 407
275 127
158 63
398 1
83 211
182 142
262 167
116 462
108 428
434 280
350 212
16 437
143 309
323 220
287 63
469 351
290 406
