img034.jpg img039.jpg
124 154
125 53
149 73
213 316
58 154
72 72
248 313
2 106
52 53
251 313
300 231
180 154
214 232
224 309
209 236
223 231
303 231
38 154
46 7
152 73
159 233
127 153
283 231
276 313
141 317
318 316
126 154
18 311
212 317
20 91
61 68
191 124
259 313
30 7
230 231
160 106
222 231
263 316
293 311
192 316
168 316
100 77
80 106
244 317
21 7
145 124
37 232
205 233
199 309
96 76
204 317
310 309
147 313
109 106
277 332
71 72
107 154
182 316
249 309
1 73
60 316
280 316
87 20
79 80
190 316
12 68
284 311
172 124
170 68
69 233
82 80
31 155
315 313
6 316
176 231
23 68
188 240
48 313
136 28
173 54
85 153
7 286
245 309
43 316
29 313
229 313
94 72
123 124
240 313
307 313
146 72
189 94
241 317
198 231
134 154
270 316
112 67
19 233
56 68
441 201
279 67
243 317
143 483
261 313
70 316
175 124
121 316
266 316
102 316
218 313
269 342
14 124
76 215
104 106
228 316
329 339
27 36
81 316
151 157
3 25
196 54
116 352
490 339
316 303
10 94
74 66
288 240
155 116
292 123
39 72
221 362
200 150
252 309
101 66
13 81
132 317
118 81
210 362
115 56
459 449
130 155
302 240
467 483
445 403
117 81
167 67
169 80
201 303
8 94
383 371
391 381
154 342
120 342
301 124
135 316
34 328
68 316
177 240
247 233
207 342
44 67
106 233
185 189
122 81
389 103
67 68
139 357
290 403
65 145
75 54
114 56
439 201
187 145
498 375
476 480
28 94
421 201
304 393
64 357
455 367
472 417
16 17
361 203
400 426
487 408
5 352
375 372
110 17
253 408
156 445
360 385
397 430
41 68
317 397
382 381
15 7
217 497
321 257
422 267
294 257
9 240
111 398
257 406
395 97
289 418
424 426
485 451
35 80
250 17
408 41
144 383
36 479
461 267
338 345
368 16
216 385
0 377
103 453
22 194
379 433
401 201
343 493
299 267
113 408
432 387
165 428
313 346
377 411
374 171
394 398
220 393
468 438
436 481
405 493
225 483
483 443
362 490
426 345
32 123
458 483
322 371
131 434
314 449
463 49
291 17
227 293
409 110
271 403
242 105
478 432
435 381
492 367
410 372
481 291
59 17
358 387
402 292
232 437
469 381
128 97
183 381
474 333
499 270
356 418
202 17
430 171
497 375
331 403
349 17
287 171
40 171
219 408
344 456
491 393
385 483
488 451
262 123
286 283
208 408
363 70
25 408
77 381
90 335
311 17
452 479
319 449
47 397
211 364
388 490
142 105
425 307
384 103
33 97
197 123
440 367
398 10
420 234
298 439
92 184
393 397
460 171
272 105
339 314
352 281
347 380
438 384
260 318
370 476
464 375
496 268
380 372
231 117
416 437
312 432
434 128
181 194
457 285
433 395
419 205
63 408
108 395
411 2
215 393
296 333
324 493
161 92
97 257
342 449
466 489
326 39
399 107
273 41
256 396
95 423
119 385
337 384
371 39
417 346
493 478
73 381
99 104
98 101
484 339
305 117
477 400
489 420
274 491
387 39
66 308
186 39
282 408
24 480
255 350
453 93
392 449
444 480
164 395
278 432
295 41
162 17
17 171
174 417
323 205
480 412
26 410
428 437
133 450
351 346
50 434
193 257
267 455
153 335
381 386
330 161
238 380
233 418
138 497
403 318
336 410
443 464
473 464
354 417
309 454
470 341
49 372
157 281
407 489
427 187
448 476
465 493
413 479
442 92
495 49
450 437
482 263
475 339
486 390
335 383
376 373
184 487
254 409
55 194
166 187
353 377
479 453
306 171
327 237
89 107
355 381
226 389
51 483
206 495
246 400
235 403
265 375
325 480
234 417
264 333
418 341
471 453
446 489
423 414
447 337
334 414
390 333
140 398
178 397
285 16
236 448
415 103
84 156
340 346
333 385
386 306
396 101
345 463
105 354
91 414
53 364
57 398
462 475
367 306
456 333
148 380
350 410
404 105
195 479
451 79
320 389
268 281
179 396
357 385
366 234
308 454
150 480
373 16
412 460
365 477
86 389
341 389
258 92
88 281
346 110
369 93
359 104
364 472
332 260
297 391
406 410
429 383
158 421
239 489
171 364
449 458
281 187
378 24
494 379
11 117
78 403
4 466
203 453
414 292
372 410
45 372
328 438
437 482
275 346
194 128
163 398
93 450
237 477
62 487
83 339
454 375
137 381
431 458
348 389
54 171
129 410
42 431
