img003.jpg img007.jpg
154 442
7 19
239 327
175 200
75 497
128 276
5 381
123 122
94 88
339 200
109 476
90 170
15 303
210 213
380 178
389 283
402 129
149 19
211 211
66 193
343 193
47 83
174 471
306 302
1 159
336 431
391 368
285 287
146 154
271 399
97 219
67 234
241 81
311 178
385 79
316 327
37 154
452 412
313 254
54 363
103 19
192 54
348 69
22 116
409 271
108 10
357 334
372 316
379 283
445 366
485 456
254 223
390 283
227 178
162 190
34 158
301 67
323 497
185 486
270 337
36 276
426 228
363 234
235 367
157 373
191 438
374 495
415 234
112 425
296 161
180 112
328 178
40 436
48 450
124 27
167 111
356 153
169 14
209 161
450 208
26 450
150 67
470 485
205 91
24 239
304 264
392 178
291 280
376 385
62 459
104 27
325 178
0 294
352 412
106 243
461 421
394 68
305 411
72 38
375 60
9 360
27 178
477 456
340 150
478 150
277 453
176 294
292 468
401 38
155 69
358 127
8 449
278 269
16 390
345 283
486 445
303 60
183 216
346 367
194 242
184 408
255 27
288 228
25 124
399 91
119 390
152 302
405 207
237 67
396 287
140 122
6 334
117 333
393 476
418 150
111 341
120 283
143 238
441 368
467 497
98 254
76 83
483 58
65 126
206 199
207 324
101 280
92 112
32 320
217 190
51 44
173 283
29 497
420 415
2 368
252 479
226 486
44 16
73 290
129 112
465 251
282 384
214 239
272 206
308 219
476 446
43 213
283 153
455 38
364 68
19 476
127 294
145 397
93 493
417 294
86 365
190 309
222 492
347 59
273 216
290 28
23 270
136 59
321 260
200 434
69 21
266 178
46 339
302 476
55 19
488 103
178 219
284 413
384 368
258 354
78 422
144 52
400 390
163 27
370 437
449 10
74 67
458 210
448 412
355 369
434 456
45 156
281 412
91 431
202 414
314 495
160 58
442 476
238 224
318 241
84 408
231 111
64 226
99 249
312 196
327 360
453 91
354 368
490 76
471 59
201 249
341 153
386 186
479 234
382 482
475 247
122 72
131 126
197 438
228 492
397 54
88 59
172 394
3 451
18 238
208 437
462 359
413 440
49 283
81 77
315 67
349 176
473 460
189 3
198 467
253 232
383 54
324 491
439 54
236 475
487 283
170 216
259 346
21 277
204 106
408 208
494 210
151 221
156 126
188 66
367 129
499 481
365 309
335 283
444 456
220 434
366 384
431 162
4 242
244 30
395 153
464 103
107 269
148 428
421 459
247 492
89 61
213 433
429 123
300 467
138 27
293 59
407 211
295 102
158 462
71 278
297 158
219 302
275 92
371 0
85 312
96 79
436 285
182 50
240 317
279 289
56 67
68 410
10 196
257 40
369 308
30 426
13 401
50 436
166 79
215 150
468 20
410 383
53 269
110 132
223 27
456 379
52 94
260 0
139 415
230 352
416 486
430 408
329 52
216 101
381 306
497 82
196 86
256 336
299 75
234 294
344 339
412 198
59 211
233 21
466 402
411 419
137 471
38 390
199 297
100 181
463 86
446 76
168 118
116 316
298 183
360 494
269 50
377 139
378 324
432 361
459 415
165 14
132 334
322 391
14 27
337 415
427 113
359 361
70 72
280 203
484 126
404 317
474 440
60 293
333 185
495 67
424 69
443 456
114 269
338 311
121 53
489 0
326 34
264 456
398 84
388 21
33 284
35 66
12 71
320 411
186 287
457 247
125 275
433 198
447 476
57 68
115 469
373 421
469 378
20 435
133 278
261 21
177 415
276 486
41 219
193 62
80 363
11 415
454 370
268 421
351 85
460 312
159 254
387 451
31 462
251 411
289 82
307 183
287 429
368 39
310 176
438 387
334 343
491 68
195 11
423 86
309 284
330 177
164 161
187 378
482 346
58 302
342 413
203 221
79 96
451 287
425 368
294 129
82 447
319 58
274 214
331 186
225 264
332 228
161 78
265 362
480 484
102 342
262 81
224 491
153 223
422 147
350 405
406 294
440 444
130 101
218 483
63 126
496 327
105 73
246 185
42 163
362 353
498 344
243 476
249 52
493 242
39 290
118 106
61 257
472 157
141 197
286 179
242 18
126 276
147 226
232 33
113 245
77 176
181 355
353 173
481 481
245 362
437 124
403 325
87 58
134 208
250 483
414 70
221 98
171 92
212 173
317 206
428 409
361 377
492 492
419 482
179 325
142 222
17 324
435 73
229 31
95 177
83 475
135 69
263 464
28 245
248 232
267 188
