img005.jpg img047.jpg
63 327
430 281
122 327
327 360
271 217
85 214
132 311
214 201
416 327
283 164
305 193
441 239
469 367
495 330
486 397
182 300
298 306
269 360
379 387
367 235
480 386
382 189
223 190
193 214
359 126
372 393
317 90
355 157
196 217
284 201
265 392
6 268
412 170
463 282
485 81
363 95
313 299
453 303
419 169
109 170
201 382
192 178
361 456
260 102
136 368
498 416
99 381
30 297
435 318
321 378
145 387
11 374
230 300
251 421
392 87
421 53
282 29
250 94
467 44
318 159
61 127
483 214
172 73
204 174
252 416
70 293
217 313
375 174
336 200
19 284
126 70
464 107
306 360
406 182
254 68
296 154
125 62
50 368
119 396
108 490
188 120
116 383
413 148
436 147
181 242
127 155
187 18
293 296
236 339
133 357
368 380
159 396
246 351
399 106
51 198
164 147
23 421
286 316
470 456
232 313
428 214
499 54
494 476
292 391
403 147
449 33
437 188
273 300
213 327
349 370
451 208
385 401
389 461
320 231
176 421
326 214
86 52
199 310
208 357
281 126
377 11
387 36
56 333
191 220
481 159
16 310
259 244
393 456
40 242
249 20
371 346
189 249
266 107
323 423
478 141
155 368
456 214
87 175
384 320
175 282
303 363
270 147
309 454
423 19
489 105
402 456
324 290
146 479
227 318
373 490
153 368
267 105
291 291
397 185
414 249
354 365
352 12
311 106
295 402
171 62
248 106
4 277
115 459
279 184
197 37
471 57
244 299
154 368
439 172
262 380
12 337
215 262
415 329
330 346
447 496
73 333
113 14
238 68
315 409
388 200
427 107
60 333
424 282
337 225
68 161
404 188
13 303
422 214
331 418
425 120
300 343
178 240
301 182
185 106
25 113
66 23
378 497
228 194
206 298
160 396
105 23
219 31
80 392
88 139
110 387
285 475
69 23
492 46
158 396
226 280
325 85
329 280
448 318
216 183
198 226
200 396
398 10
452 414
344 20
442 282
82 382
131 47
332 200
24 39
121 44
180 268
90 47
179 257
225 17
276 12
347 119
141 333
220 6
190 112
257 340
343 389
362 319
3 378
229 296
84 360
408 36
496 59
434 456
203 465
319 289
426 191
263 258
289 179
433 169
454 147
111 159
461 93
405 488
272 458
209 333
0 172
2 184
335 127
205 268
474 147
376 494
488 235
328 23
346 172
476 200
394 381
177 317
333 224
466 276
168 339
288 202
74 23
221 440
162 147
231 396
54 242
297 77
383 194
242 455
304 289
7 246
184 92
72 23
48 72
81 407
211 435
137 333
224 467
277 179
299 299
256 136
450 41
465 129
468 183
135 368
357 106
14 381
247 36
77 418
310 443
431 338
477 183
157 396
432 363
9 155
33 298
195 242
411 282
497 277
76 333
149 478
174 148
358 185
409 480
173 40
351 411
118 416
151 242
167 155
356 160
420 458
17 190
22 267
339 371
407 60
472 282
31 474
79 298
261 172
107 44
35 242
340 418
59 36
148 397
255 183
410 219
487 17
243 418
245 162
322 99
43 287
237 157
458 105
89 357
166 190
445 270
374 129
44 298
268 386
462 318
53 93
302 4
455 112
95 100
1 307
92 19
83 100
275 304
45 333
417 16
490 56
234 215
345 265
123 335
58 242
202 418
482 96
287 20
102 412
307 209
479 217
338 164
365 314
446 63
93 178
139 411
62 23
353 179
27 242
150 397
369 387
29 23
142 335
165 57
278 300
395 230
57 186
186 93
440 412
34 116
96 243
475 350
493 412
210 257
144 213
401 221
438 264
170 293
418 303
134 64
240 152
253 148
491 312
350 60
128 159
42 474
46 357
169 492
91 23
258 341
218 220
65 488
36 100
342 312
64 485
21 298
429 313
241 373
49 334
473 175
156 396
55 257
138 152
264 105
348 195
161 368
222 439
75 339
26 282
101 72
235 324
120 155
38 207
15 26
103 72
390 181
112 431
280 449
98 190
212 439
47 113
117 85
314 141
32 202
100 202
147 333
140 234
18 498
457 96
380 120
443 159
366 249
316 174
143 333
10 182
39 357
360 6
163 401
381 358
460 68
183 463
37 100
52 93
386 236
233 230
274 142
78 215
8 459
71 174
41 202
391 214
334 122
364 352
290 104
130 229
152 102
94 224
129 181
97 64
239 140
294 74
28 298
5 224
308 309
20 13
194 164
207 289
459 118
106 236
370 64
114 104
400 240
484 355
341 27
312 365
67 74
104 202
124 175
444 442
396 199
