img001.jpg img032.jpg
364 363
447 397
183 268
300 301
334 280
310 250
319 67
15 395
120 37
390 51
342 307
479 301
254 449
328 356
255 354
366 443
489 29
485 87
115 454
134 250
397 357
241 402
91 397
377 442
9 273
360 283
144 25
355 280
380 356
422 193
435 442
68 11
394 338
404 413
42 220
260 229
62 174
176 474
186 422
154 363
270 109
14 140
304 31
138 48
164 38
280 397
370 442
32 449
18 203
441 96
175 250
311 319
453 130
92 31
416 77
323 398
475 399
402 118
437 174
472 420
223 129
468 172
298 429
425 332
166 494
461 490
356 242
269 129
409 355
6 56
143 397
396 336
374 118
423 319
129 412
22 429
78 363
208 321
373 37
421 67
277 301
413 153
436 443
97 229
399 52
189 6
69 394
243 189
137 48
289 260
81 200
191 457
309 413
477 449
26 277
291 48
108 52
33 280
84 270
167 191
273 425
233 347
359 10
321 342
210 66
470 490
274 88
313 205
465 178
494 244
245 356
178 149
224 165
234 363
427 405
462 77
34 127
173 77
312 356
357 67
455 80
368 425
0 382
31 151
337 86
125 307
231 389
434 96
72 31
339 479
412 283
49 116
343 383
21 38
301 312
70 378
205 319
239 494
248 219
295 151
201 484
237 191
297 25
184 167
221 43
486 130
459 28
219 338
383 38
126 278
104 301
264 474
46 185
107 199
252 393
265 276
498 280
285 242
480 496
299 423
306 423
171 467
153 451
458 363
199 146
89 271
361 104
375 413
190 209
64 29
216 44
448 88
278 210
294 363
456 69
159 193
193 167
200 212
27 344
53 239
52 174
152 471
365 73
242 385
476 113
55 88
214 422
7 167
331 83
163 174
438 140
335 452
276 447
349 15
432 193
267 160
76 375
484 457
236 106
324 123
344 363
491 101
206 174
471 228
161 191
235 449
202 384
346 35
358 384
35 229
158 307
29 485
463 445
56 442
400 319
230 278
45 54
102 149
251 302
71 372
187 463
246 382
283 85
439 15
451 130
131 79
259 389
73 312
160 249
38 6
133 260
308 479
119 479
13 395
30 306
110 165
82 403
24 42
105 150
352 25
452 7
12 91
222 151
392 346
3 386
51 422
94 79
367 65
445 267
203 191
229 250
401 271
63 467
1 459
20 141
336 262
123 34
378 429
384 423
19 212
253 14
170 242
387 480
460 213
433 127
446 354
419 369
150 240
180 228
467 294
86 164
333 402
195 151
287 124
429 193
326 368
263 472
320 397
391 94
148 199
410 130
444 397
204 66
220 76
330 336
449 116
117 44
405 483
466 422
406 456
316 333
403 274
464 217
124 295
165 264
420 399
226 454
39 377
275 293
130 323
50 382
290 496
469 106
41 82
60 195
149 354
293 395
307 326
16 422
495 22
139 305
296 323
389 119
351 111
211 310
59 23
398 271
182 145
225 382
87 98
172 219
11 447
54 318
488 384
169 476
185 124
442 441
113 146
393 380
417 479
4 107
109 161
381 354
490 108
227 457
240 228
482 467
431 44
61 102
10 8
247 439
57 398
322 252
345 167
192 234
288 144
118 376
379 52
369 193
408 292
75 161
43 436
325 21
348 51
388 200
74 71
314 259
188 358
281 277
151 321
481 437
58 443
48 443
83 118
426 50
457 294
407 354
168 358
318 338
386 267
350 83
258 414
145 212
162 85
347 336
362 199
261 375
443 399
103 375
140 93
155 375
424 353
395 26
67 258
487 382
317 66
382 295
282 81
141 375
329 333
302 425
430 428
454 184
23 441
95 476
478 491
209 416
238 179
353 336
257 83
371 50
197 181
483 163
93 190
262 176
428 493
79 441
218 149
157 269
111 302
128 12
414 273
340 346
147 204
292 49
286 69
142 317
372 254
112 66
36 387
116 321
177 416
332 140
85 283
121 98
212 431
174 326
127 359
98 353
354 479
284 232
106 386
96 208
100 213
80 344
99 231
338 352
497 49
28 370
114 277
179 98
272 474
492 342
411 270
37 30
122 380
132 272
473 1
181 318
213 229
499 207
136 245
44 36
215 257
198 29
25 113
271 298
244 102
315 52
47 84
135 375
249 30
88 469
385 272
363 86
40 181
194 298
496 218
207 255
217 375
268 427
303 448
77 74
305 99
256 264
66 375
341 206
376 14
450 323
228 422
415 282
440 467
232 199
65 349
196 228
250 107
418 50
2 177
156 74
266 399
8 259
146 446
90 375
279 194
5 454
327 455
101 291
493 67
17 375
474 382
