img000.jpg img009.jpg
499 467
236 100
207 163
272 162
196 280
158 21
211 240
185 155
162 19
112 120
193 155
230 58
80 58
90 7
235 155
69 275
79 107
186 107
14 84
138 276
191 100
192 162
317 349
136 78
195 79
172 56
19 7
266 200
128 61
495 475
78 142
4 142
105 48
132 48
84 80
12 79
463 408
146 215
37 54
99 2
18 37
262 349
25 172
160 5
86 275
6 88
166 155
458 416
444 488
134 58
221 184
194 254
228 145
93 358
199 250
98 14
273 298
409 113
209 132
190 79
81 263
164 445
184 267
294 349
226 235
42 37
20 73
300 287
1 19
176 56
252 202
155 107
173 56
293 308
231 235
75 43
5 275
298 289
167 1
422 400
28 33
302 331
240 425
77 97
108 80
187 73
476 408
104 229
2 113
469 489
218 165
204 179
346 113
491 401
442 496
201 155
315 384
445 397
238 398
461 378
342 488
188 43
35 474
85 180
279 303
234 280
149 308
30 70
219 215
125 358
26 301
61 243
116 415
347 415
23 145
284 484
338 466
54 401
68 58
285 449
390 496
387 386
407 488
205 289
310 109
399 292
333 310
259 92
345 484
133 474
151 373
410 416
441 59
189 58
178 68
371 236
487 383
247 205
49 25
102 386
268 493
270 202
60 308
301 352
40 415
142 373
437 465
67 215
330 494
260 489
48 71
53 352
290 494
356 351
414 451
490 344
288 489
165 113
483 494
113 145
496 148
351 318
384 496
465 386
365 488
248 73
364 398
29 348
332 391
303 300
478 408
169 331
241 372
183 308
360 301
362 377
401 326
118 159
286 353
89 290
202 236
498 345
313 96
111 334
208 415
343 301
479 425
46 279
50 343
314 145
74 259
318 92
359 369
376 313
87 308
354 239
413 436
316 318
144 308
3 461
350 415
63 450
299 364
369 104
97 101
425 447
117 496
452 259
121 470
255 405
400 301
264 259
297 302
179 308
245 352
43 307
58 109
225 451
197 347
271 304
141 126
412 350
429 304
492 244
47 439
38 433
214 161
468 442
363 357
436 350
126 350
416 339
477 430
395 496
216 381
329 451
443 111
106 465
361 106
64 344
457 442
377 407
237 451
358 364
110 210
92 385
440 378
450 384
222 496
304 496
307 415
340 450
32 489
168 65
480 401
357 316
122 303
242 496
433 345
323 433
464 488
73 302
386 362
88 279
217 304
321 382
257 58
250 252
15 484
274 319
277 450
370 105
435 487
258 482
344 496
34 469
45 186
261 323
393 474
137 98
227 279
383 395
280 115
306 352
339 279
473 92
493 88
295 364
206 87
251 311
420 476
494 386
232 29
129 482
322 306
380 474
448 496
481 466
7 342
44 175
239 470
367 153
131 279
157 414
447 279
101 453
200 418
328 358
33 344
0 348
325 323
229 88
411 494
475 417
263 315
123 448
366 491
404 300
115 141
439 451
373 332
156 255
381 347
171 191
312 109
415 202
459 466
174 290
96 304
127 329
419 431
11 53
161 459
56 126
70 62
403 323
497 180
348 352
372 390
456 488
281 404
71 350
379 446
103 202
337 152
150 387
454 476
51 470
311 357
249 444
331 333
405 344
426 390
246 353
62 183
124 404
388 236
424 441
41 462
147 480
265 323
119 463
243 399
65 149
385 359
72 390
180 252
398 309
336 473
283 468
418 345
159 386
210 406
175 369
382 473
182 140
378 104
326 434
177 241
319 480
233 65
374 485
287 448
392 153
402 257
59 496
100 382
353 326
292 301
335 266
130 401
389 442
462 257
449 339
120 414
391 315
431 407
482 468
220 109
375 76
434 395
83 405
94 270
291 181
82 364
153 98
22 41
417 356
9 361
467 340
489 489
455 111
305 301
27 408
408 348
163 417
154 451
39 376
223 65
430 163
470 370
224 296
488 436
109 446
135 88
320 272
324 404
453 420
368 102
57 382
472 339
282 39
139 58
198 306
423 430
95 199
114 434
309 456
355 470
91 105
256 485
432 255
17 405
145 201
438 420
215 370
427 64
253 301
406 363
140 143
308 371
76 201
107 239
16 486
267 340
486 75
244 369
466 218
484 32
421 146
474 39
152 204
13 454
143 65
349 363
36 324
66 373
181 283
170 211
21 141
275 115
24 464
10 497
296 406
31 472
394 397
397 456
276 68
352 350
289 494
451 428
471 200
327 417
148 347
446 259
334 262
8 241
212 105
269 442
460 409
254 152
203 362
52 415
396 498
485 309
428 480
213 186
341 392
55 295
278 349
