img014.jpg img026.jpg
273 404
488 436
183 386
371 480
448 480
281 404
3 346
240 404
410 480
194 145
329 439
331 416
160 2
67 2
417 227
110 439
492 413
129 346
284 335
14 253
142 473
452 436
490 453
73 335
209 335
316 145
80 413
447 436
406 456
461 473
392 68
383 103
202 145
385 386
247 2
444 153
238 484
415 456
18 420
418 153
277 389
470 439
422 436
148 192
450 460
243 1
136 248
379 456
101 490
288 165
359 335
205 145
365 145
6 303
396 341
200 2
118 229
244 473
344 386
420 470
414 341
398 348
8 335
22 143
261 241
427 123
40 204
199 487
485 430
111 247
17 47
474 157
161 337
237 147
315 39
26 220
368 335
293 145
274 456
404 365
323 440
125 71
338 365
231 389
175 266
335 103
386 2
84 18
254 420
99 484
25 206
212 105
278 335
413 303
211 143
222 229
330 193
340 492
408 341
428 42
165 115
355 446
233 127
306 362
468 196
29 168
270 314
220 425
255 168
289 473
375 231
253 135
259 297
425 104
152 401
449 439
16 436
322 345
34 440
112 56
191 390
467 477
59 460
86 2
249 107
358 365
122 388
195 112
246 441
147 324
206 217
267 266
250 78
319 143
43 125
171 481
332 68
213 460
155 303
311 50
437 440
140 105
336 257
47 487
372 92
388 61
184 476
53 293
443 363
373 341
260 123
173 231
391 335
480 265
354 204
483 368
486 241
55 125
134 169
266 115
433 191
76 350
258 221
393 377
310 253
151 6
297 365
296 127
376 44
271 404
301 2
298 7
477 113
23 390
317 460
153 386
230 284
458 266
471 174
150 496
276 356
496 498
328 426
102 77
370 192
366 21
66 16
91 35
321 78
397 143
42 174
304 145
356 494
137 327
401 279
432 98
48 8
364 36
35 302
286 135
374 335
279 375
103 417
204 283
232 114
499 271
384 227
169 335
382 96
226 389
402 7
19 369
337 114
93 82
283 93
411 352
5 193
96 50
241 50
39 61
74 380
146 241
216 325
478 449
88 247
287 483
113 211
123 104
167 363
333 165
363 195
116 208
69 31
127 217
351 127
489 47
498 414
75 154
264 241
456 400
51 197
177 208
262 184
138 411
149 159
491 313
348 169
156 145
424 181
168 152
303 191
89 39
436 496
172 252
429 285
217 164
64 82
487 441
0 137
353 426
380 449
435 407
395 470
423 382
100 119
105 145
300 397
454 473
108 22
313 283
52 106
144 460
81 211
203 255
292 28
28 283
65 432
114 460
412 470
235 273
198 125
403 184
481 241
49 458
54 137
130 157
61 154
12 70
83 157
164 442
166 467
159 379
10 432
239 397
37 433
32 221
145 460
318 171
342 492
434 78
107 285
115 105
188 485
210 379
387 331
367 87
182 95
2 476
341 135
419 453
248 293
251 126
78 204
280 284
77 95
180 47
207 446
272 481
369 148
15 200
494 394
438 7
63 458
294 2
119 323
339 379
229 357
431 384
227 229
79 42
236 247
441 325
56 134
407 114
439 338
135 172
327 473
190 216
295 483
70 429
131 151
31 283
394 81
381 466
445 338
290 341
157 183
21 157
350 388
7 446
62 456
466 82
141 122
106 374
325 266
178 283
27 416
451 269
132 379
95 150
121 229
472 95
476 7
201 70
302 493
163 103
181 73
361 375
347 276
72 223
214 206
192 171
307 147
482 439
33 280
256 195
263 259
97 488
346 379
4 209
218 126
324 359
493 173
30 76
497 36
85 400
362 490
459 476
120 395
430 108
460 125
133 122
326 379
104 419
421 5
143 383
242 30
345 375
20 206
71 25
215 312
38 485
58 145
462 106
479 266
45 5
285 159
68 383
320 284
162 54
245 184
405 262
349 473
475 411
196 193
453 497
305 63
399 426
158 157
186 22
442 382
360 382
176 121
309 136
24 487
90 70
377 173
187 487
139 320
463 415
36 424
189 130
225 229
193 395
464 88
457 7
469 491
117 127
334 436
312 122
269 352
268 178
9 474
94 31
409 306
299 420
60 222
170 232
416 54
484 423
352 294
44 481
275 400
308 53
46 474
179 218
446 438
221 86
390 459
400 459
265 215
174 199
41 446
257 28
357 169
343 363
314 465
124 491
378 423
185 22
440 97
228 491
57 388
13 484
50 350
426 37
1 0
223 219
224 487
126 63
154 0
82 403
473 462
291 155
389 127
208 207
465 442
252 49
128 204
234 38
455 138
219 121
109 301
495 35
98 208
197 65
87 379
11 53
282 418
92 424
