img029.jpg img034.jpg
65 37
96 20
106 200
336 460
376 319
184 100
249 411
418 242
45 303
107 401
89 80
343 379
405 40
433 397
404 40
411 401
13 467
47 143
236 25
142 411
437 242
478 232
283 361
378 488
6 385
15 113
94 459
390 397
446 441
134 441
164 161
203 299
85 76
168 487
318 23
222 329
252 176
7 76
19 287
73 100
110 113
215 142
144 459
228 488
294 488
342 488
347 476
79 349
317 319
468 479
17 490
105 498
382 40
412 23
108 246
179 299
414 397
112 100
392 476
214 385
284 361
381 329
309 291
189 435
316 379
427 90
460 439
183 499
353 401
423 372
238 23
275 25
139 305
436 103
447 329
181 23
352 361
141 385
230 357
443 242
80 65
370 467
367 459
132 411
321 90
301 319
131 459
97 358
178 161
12 455
280 136
104 452
354 23
366 423
170 256
231 257
442 405
207 110
111 46
315 23
292 40
81 350
407 489
242 487
386 453
115 262
138 385
225 292
248 459
489 333
312 351
75 178
289 423
350 402
477 440
408 476
48 382
263 164
389 336
245 66
371 311
299 8
64 232
146 361
486 92
297 453
402 434
344 441
232 20
187 391
63 361
435 142
357 21
476 250
282 291
360 319
159 292
18 397
152 16
346 351
449 476
71 394
300 262
279 21
441 277
363 459
397 423
274 473
450 457
20 472
310 205
331 468
341 430
40 302
66 331
410 476
83 394
116 219
324 105
264 319
493 441
440 292
56 411
53 321
409 347
432 64
286 401
22 257
250 473
1 111
77 483
499 401
148 366
204 319
14 178
438 401
76 467
348 31
425 92
254 255
268 242
78 208
452 441
67 113
399 467
147 197
453 306
30 256
455 491
290 459
87 472
233 268
306 385
186 406
253 21
217 411
474 103
488 271
93 488
119 317
291 495
121 46
165 349
221 136
177 339
285 222
383 8
57 498
129 333
305 20
384 349
463 483
31 462
303 468
219 450
100 441
439 489
193 369
122 499
26 424
278 458
339 231
325 40
415 400
373 406
461 374
387 400
494 305
192 325
267 185
333 103
0 400
150 217
307 36
182 441
269 397
430 467
118 385
25 385
161 256
451 231
171 411
205 285
243 392
466 427
39 33
296 361
153 184
322 488
364 473
212 328
351 383
103 331
197 274
356 439
51 89
8 479
191 450
330 157
422 344
295 487
44 448
255 282
218 319
340 292
337 361
21 92
210 308
391 246
95 20
240 80
462 459
35 459
362 380
287 220
239 385
265 215
400 450
472 0
270 457
109 473
244 66
199 449
314 367
229 103
36 339
137 459
32 391
369 499
151 117
323 442
448 32
123 357
174 287
483 459
42 393
59 294
49 287
276 488
328 377
194 127
479 472
84 97
113 101
120 397
246 30
426 351
155 461
156 419
335 161
320 404
256 157
135 356
41 488
361 446
349 473
211 272
247 262
251 257
46 386
262 489
149 108
180 413
58 399
61 379
202 453
304 296
484 479
424 400
237 66
298 234
311 36
393 361
157 440
234 397
375 466
434 491
480 89
456 449
377 487
185 319
334 325
293 334
421 43
5 319
54 473
401 194
413 98
374 453
429 400
473 22
9 450
277 157
158 203
458 428
82 361
175 319
226 492
260 274
338 231
398 20
60 330
380 206
224 473
431 305
190 178
416 430
28 313
209 237
126 480
420 453
88 405
396 392
496 174
55 174
98 421
372 206
365 354
195 477
329 319
388 161
490 381
92 428
482 347
3 50
464 305
38 349
465 483
70 394
117 255
359 419
128 268
308 473
29 446
257 350
345 417
259 350
4 385
213 440
385 36
394 449
69 346
332 467
102 448
172 50
133 376
136 156
485 370
37 394
302 466
491 385
475 402
498 103
50 202
326 480
223 468
101 430
454 438
379 347
10 157
271 143
469 272
99 369
11 434
173 386
313 231
27 43
457 459
208 157
497 98
2 392
24 267
487 130
114 375
154 16
169 358
198 391
33 356
470 78
74 295
266 381
395 31
471 54
206 423
428 354
327 449
140 392
406 142
273 77
43 461
403 447
68 206
261 157
62 448
492 322
459 354
167 492
124 367
201 456
162 472
258 234
72 381
16 262
127 164
130 403
355 358
368 400
220 386
235 333
288 92
125 319
166 0
272 347
34 108
281 391
163 66
445 408
467 384
176 429
160 367
188 392
319 446
23 268
200 498
241 264
419 328
481 384
91 378
216 417
495 448
417 448
358 334
90 400
86 289
227 444
444 350
145 103
196 58
143 399
52 421
