img023.jpg img028.jpg
303 141
471 417
4 396
237 141
353 277
346 487
498 409
464 79
130 379
340 311
378 246
251 326
264 168
328 329
487 311
396 402
431 132
418 56
332 124
190 211
496 329
308 327
397 487
386 423
281 482
441 124
127 286
389 88
279 330
144 432
278 262
265 475
246 148
477 379
370 121
225 141
437 141
368 339
49 432
178 63
344 262
450 262
387 310
294 445
422 435
45 42
336 335
306 121
412 137
73 95
61 97
469 476
52 217
420 475
361 313
132 396
98 70
373 358
473 496
494 319
172 217
253 217
315 14
243 385
401 395
104 182
305 277
219 297
488 292
214 396
46 39
126 77
257 432
258 379
78 292
391 262
151 326
390 32
466 270
177 369
492 318
100 224
199 494
364 467
149 405
459 462
454 260
467 487
195 423
426 219
36 169
348 107
47 318
475 151
300 259
486 228
362 358
430 277
359 332
250 442
376 160
352 292
406 240
419 132
493 340
136 231
472 396
489 111
179 447
458 385
484 217
170 390
5 432
350 113
229 415
329 66
394 339
194 260
448 482
137 374
383 482
145 114
99 33
209 4
456 330
313 66
482 15
485 318
338 433
248 476
24 74
142 136
309 231
415 392
168 33
244 379
416 444
404 260
451 329
72 231
163 196
436 444
119 160
205 339
217 77
460 352
235 97
326 228
435 124
440 340
424 496
478 462
256 220
34 277
180 66
3 340
50 288
372 115
316 213
317 32
121 340
102 302
62 499
324 271
85 200
405 358
262 4
433 333
470 441
438 437
22 460
474 168
444 188
452 441
252 459
171 91
216 66
227 338
321 237
0 396
293 57
312 325
110 1
135 39
82 262
202 496
291 80
13 326
395 376
409 350
499 77
318 90
408 410
201 259
141 32
468 480
42 424
175 217
302 444
374 482
307 422
282 132
38 136
414 60
292 421
371 268
206 120
334 426
402 344
296 496
304 6
211 213
388 418
96 437
270 286
476 78
288 246
189 396
266 278
174 295
319 475
123 36
411 221
290 289
44 458
101 69
153 462
301 253
39 474
481 31
58 239
457 320
97 196
367 472
95 483
331 107
20 169
161 419
263 78
146 277
400 288
222 497
342 428
382 495
432 463
139 105
271 107
31 450
242 61
210 410
381 375
479 262
268 255
449 262
12 462
445 318
148 285
249 285
70 190
115 389
276 335
417 45
116 292
228 422
380 393
35 245
297 102
30 219
76 422
32 301
241 332
355 103
67 22
275 396
295 342
23 198
284 277
423 63
105 455
88 2
261 60
188 464
94 424
120 127
53 391
434 462
71 428
147 297
218 458
165 111
238 131
14 26
393 432
186 486
465 335
286 160
84 302
299 213
92 141
157 8
43 39
198 243
325 292
80 94
439 368
11 89
413 180
245 78
330 410
398 183
403 411
428 265
254 352
196 231
224 208
311 160
379 474
215 40
425 203
117 284
173 2
68 170
128 32
310 90
93 301
384 211
421 33
230 124
323 255
17 301
221 44
51 111
109 32
155 458
77 451
320 163
10 219
125 322
453 417
255 261
129 352
399 475
491 394
191 107
327 39
483 453
143 423
91 284
176 48
106 471
167 388
427 176
351 73
7 396
273 188
461 121
103 80
118 478
122 49
341 113
41 352
57 218
131 495
343 91
497 183
86 492
59 105
462 486
339 314
345 74
375 56
185 276
64 217
48 324
79 421
169 213
55 66
429 491
159 169
490 454
269 436
200 139
134 423
66 322
33 42
158 459
358 22
480 254
69 193
192 328
203 419
83 282
335 8
152 340
181 418
16 70
213 330
442 454
9 182
21 476
108 81
349 200
204 161
267 367
197 103
164 63
259 56
37 375
160 87
365 203
112 69
289 78
407 394
187 346
226 49
74 84
138 124
366 342
28 150
220 5
81 24
410 352
182 13
446 426
140 487
247 411
347 242
392 74
27 251
274 117
183 490
193 459
356 275
495 403
236 156
239 45
377 295
272 187
360 379
133 78
207 8
277 434
231 124
89 142
6 388
154 89
447 254
166 47
65 219
18 419
443 358
234 439
63 119
114 289
15 63
260 209
337 49
322 325
369 117
111 467
156 377
333 222
124 244
150 78
357 290
233 196
287 385
75 183
232 484
2 102
26 312
107 165
314 419
90 451
113 177
280 229
363 102
29 411
8 412
184 175
240 423
25 88
298 56
212 346
283 57
162 448
208 206
385 318
223 496
40 128
60 153
285 469
19 176
87 218
54 45
1 88
56 439
455 42
463 333
354 198
