img034.jpg img060.jpg
397 91
246 333
294 103
422 191
242 56
319 56
40 56
347 366
166 421
473 91
142 498
113 14
411 383
358 131
143 71
401 26
321 323
219 423
472 220
329 332
51 71
488 357
441 26
128 22
24 351
466 406
379 91
25 14
468 7
77 452
98 441
325 151
217 56
421 249
360 136
440 205
339 191
183 136
333 38
368 177
382 103
405 498
453 7
419 26
494 264
353 488
357 333
17 136
349 433
383 440
216 142
354 18
312 274
393 243
225 118
305 124
338 26
97 64
458 267
346 38
356 420
372 489
119 142
459 220
304 77
115 37
427 260
480 140
361 433
455 191
65 368
370 299
232 125
323 405
162 279
399 315
291 391
497 472
63 423
205 37
102 23
408 255
409 77
215 223
467 220
32 275
287 201
416 332
439 233
92 323
153 26
33 89
425 405
478 351
274 131
341 241
150 15
402 354
435 196
23 126
391 196
394 366
350 451
373 230
158 354
190 292
197 187
292 20
26 233
89 302
0 440
127 37
108 286
132 78
436 337
3 37
487 467
367 68
8 115
377 131
400 269
464 472
430 316
476 32
22 279
56 292
311 361
80 126
381 172
461 277
385 78
460 69
144 166
369 395
389 320
331 0
239 374
123 224
403 241
328 278
253 303
463 78
211 250
426 107
450 83
482 83
250 439
175 224
234 250
374 108
237 344
406 451
12 224
257 380
317 383
491 432
169 23
366 243
444 433
117 37
295 12
499 78
167 23
90 402
81 292
281 373
313 197
428 165
110 355
485 423
53 201
49 201
177 78
407 438
470 260
195 91
133 233
375 0
492 206
73 56
490 273
138 123
481 226
16 213
371 323
475 443
86 359
457 427
28 115
101 368
265 494
351 327
392 294
82 23
139 23
155 37
47 330
299 215
9 78
288 78
447 283
39 115
206 237
21 115
36 430
193 136
255 216
184 274
202 279
228 23
308 299
384 290
437 232
477 230
70 224
285 294
286 434
306 275
236 476
260 314
322 380
181 279
220 338
235 315
37 117
55 479
121 115
149 37
314 118
31 78
165 233
34 23
224 78
344 273
107 115
352 131
116 115
410 140
93 354
180 37
210 90
284 224
112 37
118 115
43 292
272 56
301 224
105 95
289 15
296 404
282 351
309 476
483 215
498 232
111 191
114 289
262 98
278 179
106 37
208 167
267 489
174 382
493 34
124 37
290 219
66 164
320 314
64 290
330 369
78 408
233 406
414 231
221 90
489 321
495 427
62 235
13 37
336 399
342 461
418 205
58 37
72 292
420 108
194 245
335 198
271 0
99 120
103 406
448 198
146 292
161 403
35 368
6 23
20 97
59 190
152 37
387 405
57 143
469 313
359 336
61 292
187 72
279 23
5 289
14 224
222 37
446 354
201 273
2 126
136 115
178 12
231 474
230 37
15 115
104 126
176 23
386 143
126 126
417 68
345 24
95 191
83 342
207 115
442 330
186 313
396 327
1 288
298 313
432 106
479 15
11 361
67 15
315 23
434 68
451 499
100 90
445 313
137 484
213 23
50 311
200 37
198 97
52 37
120 115
443 407
148 321
226 187
273 104
380 399
145 292
191 115
74 23
256 210
337 349
277 23
170 224
172 37
433 224
486 180
340 489
38 126
324 56
151 78
355 396
79 143
241 78
135 23
302 224
415 274
189 367
258 218
157 399
185 37
243 23
227 4
364 57
484 342
173 90
365 285
247 37
362 147
474 197
60 173
214 37
343 499
160 224
68 23
192 37
363 369
378 469
88 469
449 354
159 37
438 23
76 115
7 37
29 23
303 23
182 117
164 345
171 364
269 52
376 148
85 126
130 23
203 247
307 23
71 292
229 23
245 23
270 224
156 290
75 23
223 23
94 78
131 492
179 98
125 37
248 52
452 349
404 212
168 37
423 461
413 339
332 482
268 56
280 23
44 23
140 382
91 309
254 37
122 37
134 37
334 8
69 78
283 37
48 37
109 224
196 23
209 37
18 37
218 290
275 489
10 37
154 23
249 23
188 22
390 272
84 108
348 248
431 418
456 94
141 78
276 23
424 333
471 354
4 404
300 23
240 224
454 101
129 451
395 43
429 40
398 366
310 23
27 37
244 23
264 98
266 78
45 201
87 265
263 117
462 272
163 191
212 78
96 288
465 285
496 87
30 11
316 289
252 23
238 321
147 224
199 78
19 126
412 487
388 147
327 100
261 292
41 95
318 173
259 23
251 52
293 78
297 131
204 23
54 457
46 115
326 56
42 486
