img002.jpg img032.jpg
478 363
273 456
259 242
360 456
27 449
302 96
290 456
417 354
396 397
148 268
438 363
101 490
464 397
73 116
407 402
36 258
320 313
331 399
479 354
333 94
439 307
209 66
341 96
159 236
86 37
444 96
165 153
34 0
364 186
378 402
69 89
348 363
163 118
212 390
402 201
133 461
434 281
312 96
371 454
37 220
88 1
286 336
105 449
294 363
249 482
299 474
66 88
160 280
206 50
452 402
252 116
219 336
428 140
57 442
194 116
228 252
309 214
24 428
125 425
306 9
79 384
329 354
47 172
32 325
420 355
475 174
115 1
449 493
443 458
109 429
226 273
499 479
310 189
44 422
380 421
108 384
100 405
340 415
413 250
146 31
48 425
207 214
291 155
347 228
140 179
326 52
12 255
204 479
211 179
20 173
95 278
307 190
4 93
470 402
182 384
18 259
143 389
227 442
22 69
189 399
418 364
381 53
174 280
241 96
342 94
246 439
339 1
205 411
161 351
171 229
184 319
214 297
279 50
275 415
87 96
239 210
304 239
400 236
75 37
344 337
391 59
82 243
33 153
230 141
262 348
153 403
383 268
292 293
90 13
283 451
158 4
233 174
41 301
49 474
303 137
191 262
313 337
261 422
298 106
467 140
433 354
15 52
193 411
64 295
213 16
408 402
131 229
173 191
176 1
457 437
282 165
445 395
484 244
96 442
240 183
268 169
216 319
377 29
481 228
65 56
202 47
441 319
5 201
384 369
424 356
242 479
350 149
26 102
103 149
135 22
222 237
369 386
172 384
295 245
52 32
427 319
238 397
186 93
13 409
272 322
167 29
461 387
220 354
338 11
113 42
111 213
114 25
235 117
410 429
411 394
398 130
91 468
423 233
85 278
335 310
89 149
162 336
195 439
328 183
403 264
278 42
280 134
495 365
92 147
210 383
234 14
247 479
367 314
3 91
138 286
300 174
343 142
53 310
319 468
399 466
296 135
16 181
183 228
107 363
223 29
42 353
6 170
361 331
368 459
392 150
62 258
390 355
322 441
118 177
316 61
382 49
151 46
8 413
187 169
265 106
370 35
482 437
404 253
17 457
30 435
248 38
388 355
498 454
393 303
447 245
139 499
221 448
405 4
487 437
224 155
311 499
254 478
287 189
124 436
132 213
315 86
237 336
99 459
346 405
494 210
489 408
23 378
168 166
117 415
70 195
431 161
190 425
376 383
468 354
141 280
256 389
61 408
68 141
83 491
318 219
336 15
477 472
250 415
251 29
355 329
231 483
274 91
317 436
401 468
80 181
426 241
314 220
421 264
7 2
1 389
2 442
29 149
293 132
198 402
218 480
78 86
225 229
474 428
297 93
372 240
448 69
201 50
485 81
50 286
28 180
164 200
127 14
440 271
497 365
232 483
38 266
55 419
217 80
128 253
244 82
456 437
94 264
98 177
71 47
496 191
185 56
181 149
245 363
154 428
178 354
144 77
334 336
188 173
419 75
260 267
323 479
379 165
76 470
397 347
112 202
208 46
150 244
255 198
394 1
270 422
351 361
136 50
170 14
277 248
74 48
152 214
0 279
67 42
197 356
199 293
169 286
483 222
11 97
51 264
119 91
253 273
325 36
257 164
121 329
123 401
284 48
301 270
269 145
289 177
19 187
387 355
354 432
175 190
9 277
432 353
480 179
476 462
493 246
266 415
196 302
122 75
466 331
321 404
155 5
327 181
454 425
157 93
130 483
455 272
142 173
40 419
267 387
349 190
386 197
31 469
84 291
134 413
353 234
77 294
345 106
56 289
192 299
451 191
58 177
263 415
374 497
116 244
25 61
450 173
458 83
469 404
472 470
120 314
179 38
72 173
180 475
465 93
285 300
203 499
375 467
389 95
473 438
156 80
177 429
460 479
281 50
422 374
97 239
492 479
147 292
305 319
43 263
93 26
200 398
430 432
358 71
59 238
81 397
264 18
406 474
462 291
288 228
332 384
366 183
373 406
149 347
35 214
363 325
362 52
471 197
215 93
46 174
436 257
414 155
110 444
330 496
102 203
337 4
491 375
236 98
385 398
39 212
271 396
129 335
435 374
356 344
463 407
63 81
10 106
359 374
416 197
106 335
137 479
45 382
166 104
126 49
104 322
395 190
446 340
258 380
357 345
425 407
243 426
415 407
437 470
308 192
276 78
409 81
229 228
429 158
60 277
412 383
365 357
442 151
145 229
486 375
459 437
21 479
490 175
488 36
324 266
54 471
453 156
14 277
352 197
