img020.jpg img036.jpg
35 294
283 369
184 25
242 429
285 112
346 457
397 369
315 328
81 99
451 460
151 294
200 200
219 385
187 457
425 36
415 120
489 278
46 370
172 150
69 112
4 25
47 75
207 93
475 129
452 266
474 164
161 489
424 165
427 217
74 146
62 273
160 23
447 174
209 427
142 383
168 52
152 353
236 199
442 108
82 273
407 247
205 129
495 361
43 240
298 191
185 12
379 36
330 52
449 196
20 349
463 278
493 48
377 257
418 6
75 429
191 435
455 274
395 23
107 428
384 29
137 113
111 457
274 293
149 429
361 441
481 410
197 105
305 239
248 231
462 103
428 12
167 397
329 162
228 132
169 278
313 159
41 368
302 352
93 113
117 146
80 338
436 363
204 248
101 130
308 109
347 369
153 12
31 205
417 200
460 249
230 284
337 424
477 361
400 328
498 126
363 11
255 160
170 383
289 450
2 478
14 349
203 388
284 118
413 124
282 441
433 293
138 473
353 246
408 353
372 28
387 26
435 363
333 283
471 463
258 79
316 65
189 248
237 38
159 213
404 396
420 114
467 448
59 25
381 294
441 120
421 274
8 237
72 113
466 299
208 126
108 124
221 349
349 23
448 273
112 113
164 211
212 206
123 40
140 112
419 108
68 226
218 363
324 385
358 441
357 236
88 294
97 12
213 435
314 473
485 23
468 94
5 214
6 140
306 139
458 160
25 5
300 491
39 266
85 6
492 103
176 364
125 273
239 299
222 324
178 449
409 305
144 131
206 160
497 75
156 283
23 457
249 249
299 192
231 41
483 3
490 129
383 391
393 383
186 323
348 246
461 349
162 36
317 400
440 72
476 190
332 201
265 195
327 228
453 313
457 287
390 492
105 288
382 385
399 25
100 105
226 475
84 409
326 294
480 103
67 331
96 177
378 379
311 498
171 375
431 287
56 497
119 299
394 121
3 266
247 4
310 279
95 231
356 272
365 38
51 223
124 352
91 313
52 288
406 427
243 221
252 12
411 104
375 425
110 113
194 221
188 94
335 46
374 23
66 294
174 385
55 370
345 475
294 464
392 410
77 294
201 14
268 250
129 448
422 257
136 214
464 473
198 104
70 301
157 302
291 92
369 112
416 139
290 154
423 368
42 291
277 183
303 107
64 370
276 275
334 175
122 330
135 23
309 396
233 202
79 250
216 221
482 76
27 209
235 103
360 396
439 303
454 282
0 147
63 384
373 323
341 74
438 274
469 80
48 335
293 323
148 288
224 364
250 221
270 481
113 8
180 468
141 388
199 20
296 455
254 372
301 44
479 363
238 425
401 13
430 414
116 199
106 364
338 208
166 307
364 273
22 324
484 190
146 131
281 427
192 12
241 356
286 317
30 324
352 111
49 225
38 247
292 305
71 345
328 20
217 62
371 336
126 385
54 483
195 271
287 104
130 363
405 177
9 288
312 107
76 103
342 468
24 26
182 104
114 286
29 247
259 283
87 214
89 485
446 193
450 425
32 92
470 77
355 402
432 273
437 181
344 20
499 470
50 461
385 21
325 314
28 467
10 174
73 319
86 335
104 466
154 400
320 336
307 228
115 477
288 127
295 371
1 114
128 188
190 217
478 276
165 11
491 133
473 120
486 287
256 350
264 246
234 314
366 351
11 127
19 199
40 149
444 72
412 62
134 417
98 224
175 338
354 471
155 235
321 163
339 277
21 205
37 271
318 319
150 186
376 354
139 19
202 251
343 391
386 8
53 12
58 195
336 403
319 96
251 385
410 196
269 106
472 196
179 286
57 338
380 368
133 288
367 111
487 50
65 278
272 366
496 472
297 143
61 343
370 402
177 93
34 386
273 92
181 363
262 104
445 472
33 482
121 324
145 158
304 206
340 285
350 108
396 458
246 338
443 217
17 273
260 351
414 447
132 347
147 110
266 248
459 200
109 237
215 254
193 388
244 395
362 345
398 196
388 325
7 494
103 457
183 471
245 248
267 368
322 10
223 467
263 206
271 401
45 6
127 288
389 38
359 55
15 478
211 373
429 334
368 486
391 323
257 332
214 430
426 484
465 257
232 14
78 285
229 482
456 484
16 329
220 126
280 236
83 131
18 488
163 464
278 205
173 462
494 329
488 23
12 305
36 162
225 330
26 241
402 432
323 271
13 108
60 242
196 479
227 129
44 50
158 183
275 199
210 41
143 111
92 323
102 89
240 471
279 231
94 201
99 23
131 62
253 499
118 65
403 241
120 149
90 464
351 460
331 231
434 332
261 266
