img005.jpg img060.jpg
352 14
493 357
276 14
455 357
469 430
7 449
199 376
398 299
232 473
85 215
127 474
390 357
111 178
327 22
463 124
70 50
287 142
406 14
480 372
392 176
184 108
419 50
491 353
280 473
413 314
441 176
18 358
226 250
340 154
375 330
377 108
329 330
99 256
321 334
203 442
382 244
477 112
51 37
317 176
9 474
125 136
323 315
286 140
397 256
407 174
298 26
11 289
282 243
133 161
456 174
353 406
224 379
194 240
485 267
318 317
325 282
411 234
349 6
472 275
427 91
490 256
443 7
227 262
322 232
376 446
152 451
284 369
343 61
90 366
486 430
450 287
113 0
423 474
467 237
120 474
283 357
471 471
337 475
12 485
252 237
435 375
230 142
391 308
320 443
430 91
439 169
464 91
109 427
326 191
433 297
496 32
22 308
14 348
68 136
182 405
269 22
415 316
13 125
348 120
272 337
425 20
305 277
190 27
481 473
350 174
185 214
122 7
303 18
217 266
285 419
379 399
488 460
412 187
440 229
361 26
235 365
333 143
228 397
470 226
281 209
30 161
270 336
494 208
420 438
458 447
426 101
260 26
495 161
79 115
476 322
131 108
196 314
468 129
313 212
6 172
151 37
171 405
214 383
265 176
233 4
162 361
178 18
229 424
238 20
172 380
191 403
393 190
399 433
421 399
315 228
422 402
498 237
17 389
139 320
236 37
173 317
371 7
248 7
372 207
132 380
275 406
336 15
181 37
193 215
344 163
453 232
278 277
267 267
354 237
126 71
177 419
448 498
25 167
175 38
257 435
311 279
394 359
254 333
64 499
424 187
202 26
205 419
359 7
367 326
201 194
330 395
19 78
88 196
483 6
416 375
473 336
77 284
59 62
192 274
170 253
225 321
121 350
369 131
158 37
211 106
271 77
395 15
445 7
449 25
10 310
277 27
251 190
409 147
295 196
301 491
174 128
289 237
302 384
223 389
482 394
459 163
338 357
357 125
0 131
1 256
165 290
16 366
279 140
155 37
347 0
373 37
431 250
73 37
147 37
489 70
363 380
245 7
273 136
388 96
188 178
497 357
189 408
418 273
358 71
143 37
402 231
479 323
244 18
249 425
261 83
266 346
160 37
138 408
206 29
362 196
123 335
306 161
4 7
141 37
345 391
96 143
168 94
247 498
112 237
428 51
242 61
110 331
149 289
130 464
187 287
161 37
216 112
263 348
324 192
250 160
293 33
288 143
15 314
404 139
204 50
429 303
447 95
75 37
339 226
159 37
115 337
380 473
213 14
116 298
128 99
169 441
332 411
341 356
310 433
218 274
234 85
71 237
253 93
35 37
180 316
290 25
60 37
119 37
268 482
401 399
462 471
304 485
72 90
136 78
24 77
291 198
67 39
246 203
309 291
417 44
370 304
186 94
195 37
346 137
389 416
86 136
183 320
63 245
92 90
209 37
118 479
299 448
26 152
387 320
442 308
93 97
300 136
451 464
46 37
342 388
360 325
2 38
403 393
475 73
61 408
262 115
222 457
200 29
410 139
231 78
56 37
167 90
437 285
166 103
434 190
239 62
385 331
83 37
157 37
58 37
117 260
197 250
474 95
465 344
296 27
3 16
76 37
137 292
256 22
179 94
355 0
384 29
101 37
145 131
134 144
198 136
460 474
144 344
105 90
106 473
54 37
74 37
34 37
307 464
335 131
98 27
454 321
40 37
81 117
499 71
408 492
80 78
210 214
65 372
164 376
438 83
140 375
487 166
89 37
146 323
23 295
314 236
52 90
103 37
243 459
241 381
461 197
8 337
492 202
53 23
142 499
297 448
148 211
484 22
21 37
208 285
436 315
331 2
78 201
207 94
446 335
156 37
414 239
264 129
452 486
49 104
255 140
457 280
478 323
66 90
107 390
33 211
220 239
292 120
163 401
176 173
312 461
316 498
82 23
259 150
84 52
154 23
48 23
212 143
20 498
319 78
45 289
274 178
47 143
215 148
57 335
104 29
36 37
87 187
29 37
400 474
108 250
386 253
95 37
294 204
135 29
308 408
27 37
97 146
43 37
62 90
365 416
351 59
114 445
39 37
100 90
31 23
466 191
258 290
405 62
444 487
368 335
91 29
37 35
381 195
44 211
55 37
364 139
150 37
129 494
432 473
124 112
219 131
334 341
237 408
366 46
5 23
374 139
221 313
153 94
42 23
32 23
69 364
102 479
240 335
38 34
383 464
50 37
356 445
41 35
328 106
378 91
396 468
94 313
28 37
