img023.jpg img063.jpg
370 228
437 259
82 275
97 492
115 277
251 397
487 278
438 307
440 376
38 350
250 346
194 138
303 259
137 352
98 304
488 14
306 314
308 332
49 384
346 278
5 107
304 346
152 421
265 189
378 397
22 201
493 398
329 277
338 118
190 409
58 372
237 8
112 85
325 260
328 337
480 272
387 163
389 176
467 140
290 231
430 310
353 82
449 245
266 377
484 138
225 259
340 278
216 410
411 267
396 386
319 189
404 371
422 153
268 257
145 420
454 138
420 189
452 353
460 467
141 270
170 260
494 140
374 275
434 362
359 189
35 429
419 277
269 79
499 469
424 413
258 405
313 89
368 314
37 116
344 314
456 376
179 228
243 12
214 317
142 237
217 420
32 476
406 305
282 277
486 231
172 260
450 245
209 398
315 218
278 191
364 42
52 260
348 310
427 222
139 286
326 231
466 169
476 421
390 438
459 187
29 72
263 478
165 187
448 356
147 275
256 38
474 138
148 409
395 48
286 413
380 444
36 253
317 27
477 458
128 22
13 350
39 187
46 310
106 9
441 356
433 317
3 307
180 89
382 294
418 351
222 499
479 260
173 166
206 471
397 278
253 194
451 487
305 244
213 325
362 21
475 356
492 140
426 477
20 138
386 304
350 198
314 125
383 471
19 27
185 386
393 278
99 309
155 317
88 102
136 183
489 153
129 429
92 144
219 438
470 353
130 278
295 316
373 256
121 352
291 415
210 241
168 420
163 36
458 377
345 45
195 467
361 416
66 49
124 425
53 342
481 51
144 107
177 367
415 494
45 221
161 492
202 88
126 278
157 336
16 402
120 63
24 489
78 275
186 310
102 138
131 9
11 351
72 21
371 333
401 68
215 339
235 351
288 339
233 179
135 429
281 314
284 82
151 335
159 253
275 93
341 59
391 245
246 293
483 185
86 187
211 317
73 213
42 153
413 102
244 257
221 189
224 131
264 14
4 404
394 420
403 166
118 43
230 461
293 453
442 16
33 149
71 410
76 32
83 166
334 48
196 367
257 218
122 182
30 26
309 142
392 45
485 208
116 476
327 151
436 189
252 324
321 28
6 273
132 352
260 9
444 123
117 437
226 407
355 91
119 475
201 477
10 214
47 209
55 484
247 78
431 277
104 438
435 361
174 63
330 51
158 45
100 336
127 171
307 29
421 473
300 416
101 172
294 231
70 291
110 200
17 322
248 419
332 374
189 140
445 393
490 294
64 48
331 82
89 349
205 464
272 206
241 353
439 339
302 9
316 404
43 181
369 479
192 325
67 260
287 78
228 231
318 166
44 55
259 305
367 277
154 398
366 245
276 219
199 409
108 138
61 278
62 247
261 432
59 237
296 195
324 63
242 362
402 409
31 347
50 488
169 78
409 490
274 37
90 219
143 140
478 39
7 438
236 329
95 66
381 27
93 404
68 336
138 48
358 83
372 161
379 363
123 374
133 95
249 167
491 318
337 7
496 384
203 492
289 458
405 21
472 140
473 352
14 85
178 398
414 255
21 378
277 155
336 437
342 175
262 292
27 185
184 453
238 345
34 346
77 302
207 297
254 429
227 195
181 143
26 175
96 444
167 402
408 189
63 312
175 79
245 244
69 185
160 293
469 247
197 257
239 248
399 189
388 11
464 382
351 438
156 289
191 444
231 279
323 156
311 343
105 329
57 87
164 398
471 247
80 2
113 167
349 476
279 278
498 406
74 12
271 272
220 207
363 306
23 322
465 248
468 302
200 259
84 142
407 102
41 430
453 189
56 98
193 303
432 361
140 244
48 306
429 9
482 429
187 404
94 258
412 487
60 293
461 422
65 83
428 175
109 22
312 175
270 27
356 407
218 328
377 340
51 377
495 354
182 11
146 477
423 349
443 272
333 54
347 189
384 275
153 265
322 417
457 353
198 389
462 195
171 83
15 448
208 139
25 27
463 326
292 459
125 111
229 149
335 236
320 476
280 370
103 433
385 177
446 255
497 199
12 286
255 387
297 199
273 419
240 346
162 288
339 53
343 444
376 458
107 53
0 404
310 402
28 16
365 461
149 257
375 258
416 332
234 85
352 360
18 142
400 146
223 430
267 176
91 181
301 273
299 295
357 209
134 467
114 487
176 330
79 22
75 361
85 163
166 260
2 329
150 421
183 53
87 11
447 274
417 328
1 387
283 392
285 257
398 367
360 132
8 468
455 185
54 469
232 2
425 185
212 78
40 432
9 171
204 137
298 123
111 277
188 487
410 185
81 208
354 106
