img014.jpg img017.jpg
392 351
376 367
498 484
461 229
273 259
326 382
110 208
379 34
415 229
240 259
483 435
88 277
396 294
331 259
142 229
355 16
449 351
281 259
351 134
129 259
284 103
288 259
406 229
194 277
437 208
69 8
209 103
253 288
147 354
310 462
202 277
490 469
316 296
391 493
156 16
298 216
425 499
293 394
14 435
195 307
365 214
244 216
210 225
213 299
7 296
271 430
201 382
339 382
161 294
59 333
296 134
220 259
329 288
274 34
368 103
18 295
486 478
478 261
107 322
301 209
286 259
17 463
349 34
3 259
200 277
371 259
160 277
383 118
134 171
86 31
454 411
80 174
448 462
247 294
54 309
374 411
153 259
182 367
340 493
27 432
482 365
344 426
441 381
249 68
236 372
447 286
243 31
433 326
474 478
10 373
471 38
58 327
315 329
0 372
33 26
67 277
66 445
488 392
172 202
148 186
359 493
19 351
386 210
363 44
492 213
204 389
250 469
468 102
125 475
295 455
207 394
12 144
432 403
111 31
22 337
350 339
245 183
372 376
155 208
384 288
479 443
231 426
347 117
317 315
105 103
491 209
108 291
159 382
65 103
93 383
346 470
427 393
20 367
173 121
390 32
335 35
261 492
421 320
277 139
289 103
270 348
290 294
472 109
116 469
413 499
98 321
332 288
113 331
181 432
306 26
252 493
338 76
29 478
333 448
410 208
327 291
341 483
242 434
75 29
103 329
152 385
321 225
165 107
233 205
146 492
205 277
297 294
106 307
322 259
420 392
121 103
403 377
443 473
303 172
115 59
73 76
256 108
377 363
53 74
48 443
127 232
158 454
262 280
154 58
176 425
429 343
493 444
34 259
311 379
399 444
123 454
218 210
307 134
485 406
278 439
445 424
95 325
411 107
211 186
318 313
25 432
42 110
199 409
254 297
36 322
24 348
367 436
463 471
487 103
133 382
337 454
458 33
476 375
198 470
157 337
266 107
466 261
85 485
312 493
385 460
206 256
304 277
192 244
353 484
178 427
136 340
138 337
257 103
162 200
237 365
279 439
268 424
417 26
174 381
352 428
47 321
328 444
470 208
71 324
225 337
422 286
319 186
31 214
51 218
52 58
167 430
74 351
169 327
418 483
229 462
39 309
226 121
401 150
183 103
370 353
168 339
434 385
43 34
215 109
336 445
414 464
126 324
130 381
269 71
497 343
424 488
373 294
382 26
398 467
387 198
251 115
96 343
450 287
79 333
408 103
239 242
394 97
404 11
467 221
23 488
13 160
356 242
444 486
118 103
258 253
275 390
216 260
102 44
64 114
89 19
6 408
193 103
227 429
203 473
120 103
221 63
191 208
456 498
214 495
283 67
381 385
112 23
9 67
15 377
455 80
30 197
314 484
388 63
412 424
238 74
439 117
419 333
187 40
63 261
97 302
132 225
45 453
70 492
354 222
38 66
334 124
101 383
364 150
150 337
76 106
94 1
358 294
459 11
141 202
255 339
324 222
235 460
139 38
460 333
180 428
124 56
230 103
345 103
380 13
430 433
40 381
44 124
397 222
457 127
224 483
402 217
375 408
185 346
264 473
222 445
104 209
272 197
5 428
8 462
393 380
84 270
260 340
481 305
299 222
362 58
32 171
128 328
462 59
480 331
28 214
78 381
81 331
90 178
407 454
177 444
499 23
83 478
145 318
184 478
241 317
119 58
431 416
212 440
423 99
280 472
68 350
323 288
366 329
330 331
428 498
21 478
263 252
37 290
300 97
131 171
144 29
453 117
465 318
197 374
234 301
360 399
342 372
389 345
140 59
114 377
438 217
309 260
55 34
135 18
166 436
405 294
186 284
343 47
395 443
451 352
171 124
435 33
137 74
61 29
267 33
452 286
348 443
489 428
143 121
16 286
473 223
164 33
219 342
409 352
149 267
276 402
294 62
151 376
440 449
57 125
217 160
292 337
287 103
325 443
400 236
436 337
228 412
248 305
196 12
305 255
426 48
91 482
361 343
2 427
223 59
320 455
26 285
308 132
1 120
282 205
265 280
190 321
442 399
117 107
246 337
72 381
109 469
170 443
60 74
62 376
357 292
496 403
416 440
99 94
477 454
163 290
285 409
4 29
77 494
175 481
446 236
35 150
302 336
208 49
494 59
259 236
232 473
313 449
369 293
179 229
469 267
82 469
378 377
291 344
56 292
100 70
50 318
475 229
189 405
495 235
87 444
46 106
41 449
92 22
484 419
49 479
188 339
122 307
464 419
11 331
