img003.jpg img004.jpg
340 276
316 276
175 29
123 296
296 281
385 116
239 29
209 281
380 291
65 241
418 276
24 287
459 38
208 484
470 297
372 308
394 337
94 45
46 349
339 337
41 415
101 389
346 364
155 188
456 151
19 498
343 395
492 265
342 92
391 364
227 291
472 42
120 238
276 69
396 206
56 484
330 241
301 337
354 337
44 151
11 235
90 405
375 323
392 324
409 395
298 64
363 328
27 342
370 490
184 405
303 281
215 467
196 413
325 393
441 364
1 93
253 441
335 204
364 337
143 387
78 387
48 280
452 337
103 207
373 333
355 290
109 188
405 403
266 366
451 465
84 478
307 490
383 410
377 178
484 465
15 207
22 45
108 475
34 452
89 389
443 291
150 337
486 354
92 452
87 143
423 248
462 484
141 362
393 276
467 475
202 342
26 403
275 337
156 484
329 235
379 354
489 286
36 287
137 330
356 416
37 484
311 291
23 346
131 220
468 340
357 196
105 348
121 389
449 470
45 409
4 215
164 242
159 233
33 64
290 490
171 49
425 323
245 377
361 445
7 207
255 452
302 300
166 42
281 291
397 9
314 358
204 397
265 404
288 342
238 15
112 365
111 8
269 425
277 497
291 389
350 241
475 195
411 441
162 397
235 482
88 210
259 183
280 15
352 324
478 276
429 417
154 400
86 189
100 265
107 337
285 465
194 285
149 359
222 337
402 475
286 170
47 296
40 269
177 121
424 188
6 312
174 97
76 314
119 481
431 450
284 495
241 276
8 389
263 423
128 88
217 63
426 395
21 348
99 482
98 474
169 45
292 202
30 414
273 210
139 462
3 484
389 238
59 499
210 88
93 389
124 45
188 467
5 497
9 360
17 485
477 291
16 481
157 388
300 9
72 359
473 197
488 36
404 206
66 323
419 42
460 462
256 396
289 290
430 297
309 134
328 342
160 195
168 99
185 88
261 391
96 265
279 467
395 333
145 467
252 492
313 242
427 484
334 383
187 213
420 327
2 147
178 57
485 291
308 372
400 291
50 197
148 328
32 397
461 114
487 469
282 314
247 64
82 130
216 426
434 285
471 470
415 481
458 216
321 480
190 93
348 64
151 207
191 400
304 308
433 206
323 475
440 277
387 498
496 227
129 452
237 337
345 385
445 481
122 287
465 403
14 8
74 162
67 324
453 342
223 488
474 202
495 218
388 342
341 101
450 195
173 111
228 75
466 341
25 340
35 379
180 210
337 468
413 111
226 317
186 381
422 325
144 188
318 446
272 45
283 408
362 462
176 93
464 330
13 497
106 153
469 298
211 428
70 449
136 210
244 96
183 210
172 238
421 425
374 358
158 150
271 29
243 403
347 210
359 114
199 403
51 475
80 484
258 348
232 484
480 465
257 402
73 492
315 63
167 207
297 298
327 443
428 286
182 295
193 39
220 404
490 493
130 426
401 380
476 464
225 263
382 7
132 312
81 310
117 265
319 497
324 352
20 274
68 433
332 90
54 108
366 162
58 441
203 138
18 470
53 247
60 76
218 188
236 229
57 277
491 63
64 224
198 269
206 204
442 276
432 126
79 381
147 241
0 389
146 389
499 383
214 205
71 29
369 250
306 242
192 63
351 134
140 266
336 192
299 469
189 266
52 91
102 200
398 206
127 119
349 329
10 207
85 368
268 30
213 60
249 29
386 271
448 291
417 238
55 60
201 481
399 206
205 392
230 379
435 431
97 403
494 13
75 197
200 125
412 206
179 439
338 147
416 333
181 119
333 4
115 295
437 192
49 409
31 215
390 403
446 475
224 308
439 244
197 78
254 452
260 402
270 406
234 178
381 126
38 497
274 152
497 446
376 417
116 395
264 429
454 265
360 428
455 447
403 191
493 59
135 243
195 315
229 387
344 384
63 327
242 387
326 381
152 418
165 346
126 36
133 116
410 126
408 492
406 93
240 318
447 403
39 197
207 476
436 430
69 408
294 233
365 108
483 62
457 61
305 425
322 131
262 41
125 387
278 162
368 417
384 493
61 364
104 210
138 182
28 298
62 131
161 243
378 381
29 493
293 210
407 389
358 128
219 242
118 496
414 108
479 299
312 207
113 298
12 210
134 290
221 93
295 150
251 493
287 462
110 39
498 288
212 182
153 116
317 182
438 128
114 387
142 147
463 281
250 196
95 108
444 207
91 45
371 150
43 418
163 65
170 45
248 328
42 497
233 496
481 75
353 182
231 182
77 204
331 475
310 465
246 392
267 196
320 274
83 202
482 366
367 475
