img024.jpg img030.jpg
430 319
121 372
454 221
266 226
75 139
253 388
377 21
218 154
55 343
245 479
87 391
476 217
212 52
462 419
225 388
499 445
19 28
31 131
434 254
424 326
479 9
129 131
100 457
306 495
10 23
217 310
93 226
416 325
302 51
475 315
451 338
240 380
402 388
182 19
336 326
161 173
172 310
123 221
157 400
290 243
97 221
80 91
243 426
374 266
483 384
137 479
43 368
418 251
327 282
321 498
50 434
21 131
260 207
156 388
495 254
185 48
335 67
27 338
381 14
189 204
180 263
312 479
307 327
28 156
262 233
405 290
139 466
187 344
201 21
343 67
353 90
105 90
487 497
170 338
39 359
127 154
101 373
283 100
368 326
23 479
5 173
72 326
171 314
91 481
373 460
95 490
300 419
317 120
326 481
275 479
226 95
279 131
344 310
467 92
439 494
472 91
403 231
220 272
313 366
406 348
436 412
149 28
491 118
145 53
214 131
310 81
375 481
345 473
346 74
498 254
239 355
465 419
216 388
493 473
215 288
151 326
34 374
303 332
337 190
54 392
66 268
432 451
401 479
308 266
407 139
259 100
358 400
417 22
356 341
284 202
423 23
486 333
420 202
210 137
15 266
53 83
179 204
25 264
311 21
108 290
455 338
164 393
119 455
318 192
285 306
428 166
46 365
148 428
355 40
99 301
197 248
470 379
412 67
84 58
492 358
330 399
357 366
379 177
47 287
89 377
248 303
268 67
334 325
363 107
147 426
196 173
32 399
122 130
1 326
258 450
376 326
4 428
224 25
194 388
352 100
12 131
178 91
29 123
252 39
450 276
166 272
230 326
438 228
48 489
496 404
466 217
169 458
304 492
174 428
76 33
68 47
74 350
264 261
111 326
133 326
366 388
202 271
190 332
67 121
298 81
359 393
52 326
173 464
219 428
222 435
272 333
3 326
81 101
464 175
388 419
60 47
474 448
7 317
107 400
158 186
480 425
485 448
144 428
153 499
94 427
17 482
62 355
378 327
79 310
136 297
392 177
477 335
471 115
191 389
41 326
51 184
116 239
61 118
114 422
305 113
340 71
354 236
397 111
35 371
228 29
232 303
131 51
370 445
396 218
211 375
333 486
63 450
449 68
456 298
56 499
45 244
38 486
393 325
440 456
86 272
160 67
351 241
200 231
117 228
227 438
37 64
314 291
70 219
380 380
150 21
425 333
342 166
362 21
384 155
57 379
281 23
398 493
421 479
128 53
113 464
329 83
276 173
246 140
478 115
413 316
42 307
110 341
58 184
386 456
387 458
92 91
497 407
163 426
244 431
494 456
104 196
186 331
221 297
254 444
296 46
404 479
422 175
16 205
261 139
208 204
255 463
71 140
143 23
286 326
263 180
267 366
383 48
441 316
371 388
83 406
433 266
162 79
411 468
90 137
0 438
452 325
24 32
265 399
295 479
409 341
274 107
488 287
69 202
30 67
287 256
103 213
256 454
26 236
289 118
332 445
473 257
292 325
293 166
135 265
469 204
223 384
277 166
429 19
175 366
8 326
130 329
460 446
109 368
348 112
419 191
251 272
257 199
394 404
442 271
98 366
183 328
177 366
350 39
427 287
6 101
132 82
242 49
88 53
443 326
249 461
270 401
301 111
229 329
322 357
77 118
231 493
102 401
142 304
349 468
367 486
484 297
382 143
2 113
408 233
299 65
120 325
360 297
207 26
338 155
431 455
154 364
203 51
20 439
155 323
233 456
241 194
320 490
410 460
65 260
391 265
168 101
339 94
294 451
364 468
115 157
457 312
22 264
9 329
126 496
319 38
435 379
490 479
14 447
106 53
437 138
453 74
13 62
237 346
96 228
297 325
118 72
199 50
323 389
181 51
195 2
146 101
458 366
278 204
238 400
33 131
209 74
271 198
426 456
36 250
140 265
213 368
328 137
198 329
461 281
152 288
125 305
415 441
463 233
489 33
138 329
273 389
193 55
444 316
64 92
395 465
236 51
11 345
235 191
159 489
250 473
234 366
205 312
361 325
40 416
315 351
385 329
82 44
288 2
325 427
165 100
280 403
184 253
331 458
459 205
481 358
112 182
192 170
188 450
309 499
269 495
447 189
206 291
400 465
316 256
73 101
78 465
141 366
369 40
448 184
167 426
85 9
44 139
468 413
341 4
324 93
390 134
399 316
59 55
247 325
446 357
134 483
291 102
18 488
176 405
414 190
204 322
389 323
124 365
347 82
445 358
482 489
372 340
49 175
282 127
365 20
