img027.jpg img030.jpg
236 388
175 388
276 388
82 14
253 385
233 221
59 390
277 283
453 494
327 461
414 242
94 103
362 162
166 471
383 366
417 119
98 278
426 391
428 343
160 122
32 8
136 379
205 49
261 67
96 332
496 409
405 99
36 409
340 269
440 409
221 195
365 47
154 85
294 419
378 297
342 279
498 12
250 269
9 14
375 474
141 341
235 50
393 477
13 0
199 249
427 25
128 240
413 365
445 394
379 216
341 269
398 3
39 471
320 41
392 451
430 239
171 460
81 116
169 240
376 40
163 143
179 69
87 47
293 71
206 145
280 465
117 475
20 23
291 249
48 310
51 420
493 65
434 1
487 393
58 391
424 224
190 359
68 464
436 223
455 174
408 483
170 410
137 436
480 348
197 25
42 383
469 50
231 126
354 153
184 41
324 72
46 306
429 59
109 461
443 467
156 445
454 287
449 164
456 240
256 427
195 464
279 447
359 49
26 310
56 49
311 281
330 137
422 481
49 344
229 82
106 91
187 121
145 195
122 279
143 121
283 355
174 121
92 233
384 461
336 310
152 310
182 249
463 151
70 49
309 226
475 172
66 392
214 310
44 135
308 142
21 211
439 290
264 290
357 189
377 99
388 226
248 130
129 240
185 360
74 187
315 457
220 481
207 386
282 379
389 293
410 251
239 202
272 310
395 243
186 379
133 47
242 341
419 420
433 50
407 467
37 67
57 119
211 390
289 4
118 168
421 207
323 14
358 313
459 459
373 360
165 307
412 331
423 279
77 442
292 67
416 348
411 349
52 325
266 38
386 40
420 297
113 264
260 94
30 203
146 491
316 240
431 9
71 375
326 305
351 447
72 242
53 81
325 226
75 145
274 475
132 85
458 301
356 196
310 172
313 317
204 267
369 499
18 83
25 147
131 67
22 81
461 198
385 310
228 4
415 340
85 447
403 311
396 139
115 239
262 192
89 265
301 81
33 298
172 179
450 499
457 383
483 99
216 420
363 67
194 153
95 386
2 343
368 106
435 296
157 142
191 146
448 164
178 47
213 47
444 331
40 473
497 467
86 135
222 274
110 44
196 299
381 25
295 57
474 409
259 145
399 299
401 142
492 445
1 50
303 151
334 459
69 67
73 291
16 341
312 175
65 83
238 419
121 83
494 106
348 169
3 256
34 8
360 324
477 92
285 106
97 301
101 458
232 44
366 476
319 335
471 1
481 462
189 425
180 72
226 450
135 150
227 242
159 443
50 209
91 489
332 406
29 150
61 450
155 427
210 85
140 47
148 48
149 32
150 347
298 140
120 32
409 129
286 435
339 377
338 252
432 483
473 34
442 279
297 341
391 246
300 475
168 418
251 291
495 60
47 29
116 126
464 173
438 310
367 71
317 72
31 394
19 406
447 442
331 249
394 31
11 388
108 102
244 390
355 429
465 246
418 222
470 311
111 67
404 159
144 351
364 463
208 404
353 323
437 345
467 454
241 38
406 464
321 150
441 226
158 19
134 248
201 440
343 44
451 445
181 402
304 57
209 341
252 10
15 10
215 22
130 312
425 420
67 283
5 310
41 76
64 279
104 197
107 255
335 327
273 353
446 126
164 451
387 325
476 239
380 464
151 124
374 150
219 366
35 388
12 93
147 86
269 184
93 315
370 56
371 413
24 145
119 83
243 142
305 69
400 324
84 176
123 117
397 383
349 55
271 490
382 174
466 262
499 324
346 242
484 86
27 383
278 150
249 497
270 255
350 409
192 67
344 270
6 448
112 58
314 44
76 93
23 257
265 468
79 55
402 298
328 308
479 329
153 475
126 251
247 60
162 264
462 203
237 83
485 404
193 447
254 249
45 492
90 120
275 101
100 473
78 44
188 65
460 238
255 223
288 56
333 107
372 485
63 240
38 101
167 264
0 73
161 53
10 1
361 371
268 324
200 137
4 162
14 83
246 327
281 352
102 106
267 277
177 287
198 113
125 145
329 196
468 488
472 118
234 108
258 71
318 42
352 50
257 192
80 255
105 383
202 96
127 186
290 408
88 175
488 497
217 408
173 82
223 4
60 186
142 345
103 248
62 47
99 8
176 168
230 354
225 459
302 186
306 199
489 136
218 81
486 445
452 499
8 221
83 176
240 189
296 353
390 268
345 192
299 401
224 81
347 475
263 192
138 383
183 330
307 320
203 423
322 345
491 29
43 243
55 489
54 338
482 322
490 404
17 141
124 310
7 450
245 40
287 50
114 4
28 227
284 51
337 433
139 134
212 353
478 101
