img011.jpg img031.jpg
347 374
270 339
432 482
370 162
395 185
18 185
392 482
26 39
212 39
219 387
424 120
440 446
172 307
111 491
136 417
147 392
400 304
218 189
221 374
472 255
188 149
423 156
1 436
173 467
401 6
367 267
379 27
216 479
168 488
301 352
99 414
86 191
85 42
195 418
155 392
169 112
355 251
46 392
150 332
49 308
350 482
21 269
66 187
317 169
120 343
47 487
494 492
282 332
63 407
288 170
438 446
293 334
30 429
481 134
58 105
464 156
140 27
200 332
94 192
334 131
174 42
247 13
361 59
41 352
235 189
142 263
205 378
267 343
96 267
141 174
303 243
25 139
184 493
106 37
435 59
53 351
298 461
134 402
202 495
439 477
362 409
280 493
497 132
211 402
189 32
27 81
208 97
239 115
297 349
461 339
24 478
112 259
222 488
52 413
151 420
255 165
462 493
336 231
61 349
285 268
132 240
224 332
294 278
124 451
405 332
394 31
273 421
231 25
291 10
375 31
203 241
349 251
32 32
185 56
230 143
480 82
308 108
3 55
386 156
56 379
71 491
19 332
410 162
496 288
43 494
488 352
153 454
286 97
436 111
209 278
254 473
181 35
309 165
9 434
128 477
176 193
234 282
261 23
457 488
325 470
10 263
89 107
145 268
118 32
80 174
364 493
278 251
144 414
167 387
125 405
158 105
450 351
22 496
259 429
276 374
196 414
444 437
339 437
366 421
391 411
441 313
90 392
70 94
454 238
272 339
8 405
363 295
177 488
257 231
29 262
161 278
470 276
152 269
73 370
108 158
242 77
393 184
326 482
495 437
88 443
54 360
62 174
72 242
485 10
48 119
57 426
36 288
275 242
34 335
133 49
489 253
119 451
404 446
199 54
330 115
117 53
264 94
100 460
371 302
39 395
40 105
408 143
156 152
265 77
296 483
385 478
123 94
163 401
399 488
433 93
229 377
313 202
428 437
471 275
6 213
79 174
0 102
115 10
179 46
256 491
295 461
98 184
201 454
204 470
382 330
217 193
413 495
95 295
490 282
315 205
409 318
491 239
127 23
166 242
353 162
338 437
358 282
387 236
236 115
269 390
310 282
412 493
426 484
122 175
146 496
213 257
114 152
446 437
245 369
369 349
448 441
478 439
130 431
304 265
126 406
233 395
320 421
319 470
356 413
447 462
55 144
284 86
60 478
83 253
383 101
492 392
194 426
279 286
323 492
456 149
14 464
23 175
78 386
139 286
7 42
327 214
67 229
75 425
311 303
102 22
16 375
351 117
84 285
299 466
321 146
129 487
135 45
262 405
493 105
499 82
316 160
31 417
322 6
157 484
344 262
329 499
160 170
260 96
314 421
328 302
452 257
411 193
226 184
82 317
178 105
482 346
92 355
359 420
388 282
148 109
250 162
415 413
197 149
340 370
365 120
11 363
69 8
143 312
13 285
64 37
110 298
109 212
207 352
2 23
346 280
162 105
228 265
306 119
76 454
414 178
4 112
28 189
266 29
449 453
206 409
17 484
465 133
324 387
274 91
398 277
191 77
345 405
416 56
241 46
101 324
302 393
214 170
223 251
244 126
281 330
425 212
460 204
243 128
486 420
227 499
337 191
396 102
445 59
237 148
484 318
238 81
258 487
342 363
434 371
149 310
455 435
182 13
170 310
466 339
37 461
137 470
44 324
479 187
210 280
33 484
331 479
103 204
368 189
192 287
397 304
289 280
476 85
183 339
300 454
374 132
427 470
341 191
348 414
443 76
180 105
252 73
417 287
430 76
332 191
193 494
220 293
91 119
290 355
248 376
467 41
5 473
333 265
198 181
87 95
190 74
35 332
474 66
12 73
74 488
458 460
420 374
77 174
232 452
277 154
107 85
186 425
473 462
475 326
437 457
418 189
20 398
175 497
384 40
377 349
65 310
477 60
246 494
407 51
442 150
429 107
376 287
343 369
422 76
215 352
263 234
50 201
292 241
154 314
268 101
378 303
68 487
240 143
81 448
483 447
51 181
419 191
402 349
354 445
121 351
271 74
453 265
15 32
42 230
468 339
113 193
403 122
45 355
352 487
59 141
360 86
463 287
38 165
380 4
131 65
253 340
390 98
225 136
335 239
138 343
251 105
97 295
389 55
318 428
406 104
93 396
372 414
116 415
249 191
165 221
171 148
164 367
469 326
381 390
287 461
305 499
451 25
104 62
373 206
498 280
159 37
187 443
312 38
487 257
283 51
459 280
357 496
431 364
421 25
105 52
307 141
