img002.jpg img012.jpg
89 145
438 202
211 6
103 145
475 237
47 449
317 196
461 386
51 494
82 223
286 303
222 291
167 497
348 205
78 298
157 471
275 7
340 344
27 205
441 100
92 62
79 156
248 237
139 148
119 491
470 362
440 376
467 431
396 291
478 53
403 36
290 309
162 225
370 114
424 171
36 277
96 350
296 425
33 321
204 353
316 1
12 435
171 266
338 11
134 194
399 301
457 259
44 46
294 170
420 210
342 349
468 186
407 292
464 100
214 237
105 174
333 432
137 294
160 249
146 371
326 51
327 147
405 123
463 255
273 174
312 170
208 442
109 53
331 367
485 274
62 66
266 7
237 225
411 27
349 171
360 12
413 63
172 212
310 110
452 292
38 113
366 335
136 274
418 350
350 233
482 420
132 211
378 303
408 148
73 423
98 274
182 157
252 332
261 46
377 362
165 222
263 386
223 361
481 250
173 362
228 411
212 170
381 321
372 274
267 331
23 278
444 186
181 211
233 251
456 420
57 350
125 378
246 358
436 73
439 362
94 360
241 244
5 392
135 219
315 345
52 194
45 302
197 313
32 158
174 249
48 378
220 364
489 351
141 399
448 364
13 289
95 23
86 222
113 413
301 445
354 120
434 351
466 336
18 294
192 145
74 412
40 422
319 255
499 294
133 96
156 49
193 63
29 233
368 435
216 27
361 370
363 85
479 198
118 188
108 186
190 413
410 333
187 198
131 432
226 283
41 165
114 429
238 449
364 331
154 31
268 212
49 412
459 420
402 165
121 155
213 424
4 270
328 264
492 300
390 365
297 133
299 303
421 386
26 464
347 487
232 252
494 260
270 145
8 231
253 212
395 29
318 445
307 273
460 300
250 97
427 291
445 439
22 202
122 433
397 366
428 431
34 23
183 262
198 418
242 294
159 87
320 53
69 300
313 424
336 352
234 218
265 294
302 38
283 263
311 353
91 399
163 429
39 491
423 239
498 166
30 231
151 442
225 190
90 170
127 28
185 452
120 478
115 239
148 87
168 16
392 376
425 255
147 225
152 144
230 1
406 432
398 205
101 416
117 427
207 144
150 255
164 465
415 3
209 350
285 142
383 447
11 476
245 170
300 17
83 206
202 278
236 194
329 283
325 132
432 493
184 205
175 448
298 294
256 96
80 52
37 236
480 440
107 84
138 46
433 373
16 369
386 440
339 366
497 364
81 322
496 173
388 363
477 294
351 38
367 218
346 96
104 123
194 73
417 373
70 452
431 283
100 429
217 492
314 407
140 294
179 423
251 432
345 335
255 412
391 208
88 293
195 262
68 438
221 170
56 349
60 122
262 278
379 123
474 233
153 351
451 221
374 205
380 198
394 273
344 407
376 216
7 266
429 271
15 433
215 415
401 306
87 136
55 207
143 334
269 134
28 364
412 73
99 212
453 3
189 421
292 89
17 292
495 79
426 115
278 400
176 292
177 346
240 232
341 339
43 31
387 275
487 420
289 364
61 132
239 198
309 179
430 337
75 222
19 377
356 152
227 291
161 431
259 1
465 283
42 11
272 331
409 274
362 147
235 438
443 376
14 253
369 39
343 72
384 278
188 271
304 376
231 347
306 38
64 154
247 10
476 396
205 204
130 44
6 89
335 359
257 42
282 415
264 203
373 301
393 384
84 495
382 169
277 422
389 411
203 303
24 148
102 270
254 36
72 413
308 433
169 76
416 301
124 54
65 207
111 277
303 472
3 377
20 9
186 415
353 451
449 440
170 296
490 44
210 393
357 208
71 207
144 171
484 427
355 6
291 6
322 50
404 218
25 207
446 179
178 136
218 21
321 277
337 252
129 265
371 293
66 429
112 252
53 478
419 126
2 174
149 387
284 398
110 198
10 473
21 185
50 149
462 420
116 204
249 363
63 475
76 440
332 274
323 440
260 400
287 341
400 378
491 396
414 396
471 274
488 311
224 241
219 303
229 85
385 339
293 286
295 326
77 166
58 69
486 85
435 440
305 442
155 207
454 420
0 388
365 372
9 56
200 162
450 323
473 34
196 333
276 389
180 123
274 233
106 274
352 274
1 336
469 452
330 52
458 142
472 300
126 270
279 255
166 411
271 316
280 495
35 17
437 495
288 194
191 202
375 85
358 339
93 317
199 21
244 319
31 223
158 28
447 435
67 377
359 307
483 439
142 93
422 430
201 476
493 166
85 449
97 84
258 155
455 450
334 205
123 207
46 161
206 58
324 85
128 356
59 258
145 108
54 194
281 85
442 351
243 189
