img029.jpg img050.jpg
65 135
184 61
73 255
414 415
112 159
390 451
343 451
85 206
45 279
89 101
106 261
64 318
203 397
141 458
96 101
134 318
7 104
404 496
472 477
356 361
303 271
228 462
6 458
67 438
443 244
116 318
477 438
183 442
233 360
317 244
144 415
217 484
152 39
87 268
290 244
418 244
316 451
25 415
17 278
376 244
149 389
446 411
12 346
294 462
301 244
369 484
278 451
269 442
137 448
125 420
88 420
132 245
363 374
249 413
248 268
383 271
298 170
427 75
447 410
120 364
341 245
473 440
385 351
168 177
131 415
260 7
291 392
268 244
222 361
381 318
164 392
379 419
142 413
44 170
93 438
117 474
13 458
272 20
128 360
138 458
399 458
126 308
441 266
139 202
179 362
0 415
332 364
254 271
91 432
344 397
189 270
218 170
407 438
267 447
250 389
80 306
151 447
299 104
19 456
231 283
252 451
314 377
53 270
47 169
400 353
493 75
55 172
15 79
105 491
331 318
210 170
382 459
348 46
453 73
35 245
94 414
460 397
22 484
310 46
365 268
56 169
305 420
20 484
71 362
178 413
214 245
287 489
118 451
207 248
292 496
110 318
135 490
442 332
232 332
360 244
328 397
398 420
295 370
239 23
63 270
242 353
437 496
226 287
408 410
175 244
236 318
279 364
238 182
77 388
275 445
415 458
221 401
27 420
263 171
367 415
347 410
422 439
219 389
306 415
405 496
342 462
362 338
14 496
246 213
277 357
318 88
280 472
476 75
309 84
119 358
39 364
30 264
274 483
412 363
26 161
339 489
471 73
429 351
181 182
51 395
243 169
253 405
158 440
95 352
401 486
451 369
320 418
148 496
413 351
147 202
173 492
457 325
21 369
357 63
432 333
29 417
159 202
371 365
439 318
458 98
76 332
240 420
122 484
129 307
244 407
276 434
293 244
330 357
435 244
81 202
212 433
83 395
492 220
191 495
286 75
259 440
285 173
486 270
433 374
452 495
462 73
262 39
33 472
411 397
48 468
185 242
220 267
326 481
136 362
307 351
46 398
340 471
215 413
325 496
424 402
34 404
384 353
186 471
255 486
160 452
324 447
194 332
366 35
50 20
66 413
389 171
397 51
494 191
377 462
467 367
121 103
264 413
241 20
169 348
430 245
199 73
245 171
463 419
396 489
425 270
478 84
43 373
2 489
289 413
438 410
284 202
28 408
40 287
204 244
421 95
187 452
1 327
177 376
8 486
270 7
127 466
409 447
61 11
174 496
90 377
205 24
450 212
311 372
163 171
201 442
336 464
58 437
202 377
79 411
41 455
321 108
373 202
370 268
102 439
37 419
193 489
70 39
182 0
230 169
386 403
354 80
223 381
322 377
92 39
107 346
180 226
59 184
78 462
391 415
484 485
350 428
454 291
479 245
490 456
251 441
440 408
247 360
449 0
146 202
498 480
459 453
475 84
97 412
111 162
225 373
4 472
170 444
297 32
103 143
488 413
114 386
338 351
312 440
209 349
329 498
283 183
54 11
271 407
3 473
265 333
378 462
420 455
351 177
448 369
18 441
455 413
75 0
167 354
150 369
273 447
113 20
188 358
410 318
130 489
161 360
98 482
57 427
466 428
153 483
392 0
31 415
72 387
109 349
465 247
200 463
192 39
372 417
416 489
497 408
165 437
257 377
489 348
237 171
406 365
469 473
234 374
198 356
353 397
364 495
100 437
368 458
302 486
155 274
171 244
162 374
281 419
468 439
499 346
258 170
32 452
445 496
140 300
24 407
395 179
224 471
491 490
208 471
282 397
69 444
487 473
337 373
308 336
315 95
387 268
49 456
393 353
229 324
470 345
84 184
461 496
456 383
483 245
99 170
108 202
323 185
74 308
197 412
402 351
227 446
176 264
195 24
38 248
300 345
216 489
335 7
480 0
9 466
157 486
206 398
352 75
346 440
36 466
434 345
42 308
156 466
388 7
375 454
296 402
124 395
474 452
349 374
417 451
256 191
423 446
359 483
143 263
68 185
213 417
431 369
82 452
104 392
5 413
16 252
304 365
166 432
11 64
485 406
358 385
374 161
62 91
496 383
196 23
10 91
355 388
313 391
345 244
334 167
428 402
60 146
154 75
52 384
403 357
115 73
380 472
464 399
190 324
319 454
394 305
444 440
211 452
436 496
235 468
101 467
123 161
426 325
481 468
266 394
145 489
333 383
133 466
361 374
482 367
23 465
86 196
261 394
419 439
172 484
327 463
288 305
495 433
