img031.jpg img050.jpg
446 318
413 318
169 451
185 318
174 451
255 268
418 79
40 436
449 364
304 415
59 169
108 318
240 410
3 456
479 318
406 474
156 496
263 374
88 462
447 245
438 374
278 374
436 318
427 434
32 456
186 496
412 415
134 438
423 246
419 318
1 346
114 346
195 451
146 436
282 494
313 278
354 225
192 413
150 415
33 410
411 287
454 413
167 407
276 451
90 343
414 413
100 451
429 436
473 220
191 278
323 32
137 434
421 469
456 485
467 458
330 202
339 397
452 292
307 405
478 487
338 462
381 485
39 451
288 169
481 280
170 24
250 32
392 332
332 414
373 374
279 443
358 374
79 361
486 460
343 169
181 380
374 361
283 280
2 490
243 362
320 397
352 476
213 171
42 169
443 159
227 370
242 414
420 446
356 451
84 200
475 161
296 476
71 413
161 35
193 484
363 451
298 405
404 280
166 460
496 417
154 177
82 413
115 451
316 320
364 370
246 400
341 169
377 434
390 323
94 477
386 19
258 318
190 480
482 458
314 369
465 485
171 32
274 435
488 413
437 336
489 328
249 448
308 451
238 80
401 106
187 362
229 411
426 240
212 469
384 434
417 415
349 420
375 297
448 408
291 219
425 85
267 435
180 117
385 342
277 346
301 462
492 374
487 345
91 169
111 169
397 244
214 108
395 476
120 84
477 413
370 39
67 421
458 441
474 462
470 318
415 339
471 408
251 442
162 424
336 38
340 93
360 246
357 467
101 397
379 467
312 488
239 456
132 169
241 322
54 7
48 244
348 439
387 369
410 458
10 245
210 324
211 405
218 446
117 445
189 407
389 415
141 456
495 106
165 322
224 467
388 470
47 332
442 35
433 407
491 483
62 170
261 408
460 244
184 307
369 458
416 271
466 420
318 464
435 271
64 413
382 318
37 202
197 386
257 266
268 106
380 169
262 80
450 331
441 413
145 459
53 191
102 477
237 440
428 107
225 106
457 39
45 467
136 271
398 487
56 356
27 369
50 458
142 270
295 255
26 339
112 384
175 477
86 449
409 287
223 482
60 413
13 467
293 73
319 484
122 226
68 373
113 283
104 414
78 368
439 452
294 430
366 182
164 384
317 384
244 391
129 202
168 484
178 169
200 94
350 170
49 270
30 413
74 345
140 376
430 21
247 24
22 7
152 486
351 362
483 342
264 395
119 496
202 377
297 191
254 152
315 435
403 35
149 496
98 489
485 395
139 414
4 376
462 38
327 280
228 270
464 395
215 364
209 226
219 434
493 39
6 336
144 191
173 39
207 208
286 440
230 91
329 23
176 477
25 169
24 342
284 458
138 482
41 283
158 191
199 407
372 182
271 458
355 420
148 404
378 287
407 446
453 492
87 185
36 114
92 484
20 202
126 496
309 407
0 400
34 452
70 353
23 496
89 308
405 73
394 170
182 360
302 499
5 107
459 271
46 201
368 161
116 29
285 274
147 312
269 390
494 170
106 389
497 353
344 490
81 170
400 91
498 458
362 351
109 34
235 84
303 398
451 310
143 278
105 467
431 446
188 397
347 465
461 328
280 462
253 488
128 34
206 387
346 20
8 356
204 439
367 101
96 89
103 171
287 75
217 462
480 484
463 200
151 31
110 386
371 287
408 419
208 424
396 215
220 129
245 414
259 351
290 93
216 0
469 385
95 84
55 360
422 487
19 360
63 430
325 372
12 357
159 419
29 365
353 373
226 185
205 495
233 480
201 191
203 0
270 84
333 410
93 146
133 332
402 405
7 20
11 167
21 440
97 369
440 110
121 453
131 486
289 480
328 487
445 385
299 20
311 385
490 459
499 185
118 328
252 325
399 354
73 7
484 170
66 245
432 356
248 394
85 369
99 387
337 433
266 437
15 202
221 398
434 458
155 264
310 434
31 349
44 318
326 308
232 480
265 202
177 167
172 490
275 459
455 183
83 8
61 428
65 84
222 146
179 461
125 202
194 362
468 495
9 0
272 402
18 202
130 376
334 73
292 403
322 29
393 308
273 487
345 323
43 371
51 117
52 358
361 441
260 385
124 349
300 383
69 477
231 462
236 303
234 468
472 271
160 480
35 413
135 343
38 99
17 469
335 321
324 0
57 413
80 413
157 202
14 93
196 456
127 73
391 91
163 226
476 272
77 20
256 381
321 453
342 483
281 385
16 91
107 419
28 397
365 167
424 480
72 190
123 461
359 39
376 374
383 456
58 315
183 480
444 35
306 377
76 424
305 272
153 106
331 407
75 108
198 185
