img002.jpg img019.jpg
341 303
157 211
146 412
477 465
312 202
491 253
72 102
425 3
434 353
444 303
47 475
463 36
448 304
417 202
160 401
297 373
438 202
55 94
431 455
363 214
211 397
439 401
60 65
476 429
262 454
113 102
73 387
278 102
479 202
267 299
220 398
279 88
338 15
88 384
495 448
78 373
174 414
167 31
224 467
433 202
201 163
415 343
193 338
155 94
76 406
456 331
119 350
422 295
320 106
4 457
176 166
289 398
302 303
329 97
281 129
474 152
484 478
411 446
488 301
8 429
319 401
100 44
316 293
450 102
275 421
352 107
403 457
195 32
182 420
194 387
252 387
98 75
350 373
342 15
205 338
125 293
65 353
140 384
462 482
481 281
56 15
487 482
386 163
409 482
48 259
79 420
196 22
219 217
355 308
486 19
345 430
383 304
105 106
465 482
148 23
236 364
282 402
223 31
151 353
497 453
43 427
334 217
380 201
136 82
263 421
400 293
95 365
238 31
298 366
360 104
458 301
470 433
212 74
432 411
328 189
96 104
190 190
453 154
63 323
149 457
366 421
141 414
473 394
133 423
326 422
108 190
66 475
288 364
493 254
331 363
378 433
348 470
172 201
178 412
244 474
81 99
181 222
416 456
115 7
163 401
92 202
159 293
414 438
162 472
485 159
5 101
53 390
198 15
254 381
496 168
241 303
280 454
239 98
266 421
390 74
427 259
364 22
307 401
45 457
339 384
498 110
132 397
240 282
460 281
249 7
299 473
58 153
461 457
467 394
255 44
421 457
82 422
214 118
489 276
385 65
375 394
32 458
124 464
346 431
428 394
101 401
134 342
7 79
361 394
413 496
86 106
229 270
482 240
183 189
26 201
250 493
435 400
52 122
91 63
28 420
459 319
359 315
478 202
406 471
57 59
131 413
325 91
313 345
59 94
61 381
373 395
392 391
452 424
293 411
451 424
384 45
440 391
472 421
291 225
294 202
215 467
247 498
168 345
379 22
399 429
394 431
336 387
424 401
494 79
18 431
227 475
449 423
407 108
80 470
226 118
333 275
398 179
468 202
457 240
340 366
397 384
230 491
128 443
36 124
372 260
391 488
70 90
368 106
412 457
38 381
401 463
420 433
22 398
0 492
103 373
499 366
265 457
248 472
253 349
110 233
171 472
408 119
204 120
295 455
85 44
371 430
25 106
242 117
445 473
287 454
109 470
292 72
324 273
327 52
330 468
33 58
186 91
139 38
447 106
286 401
64 492
258 499
475 349
54 299
358 453
106 254
31 38
335 74
396 31
121 482
274 227
89 124
130 193
469 326
1 234
175 280
264 65
118 102
199 23
94 241
114 446
179 31
303 60
23 372
202 454
418 58
492 281
117 429
443 58
87 202
177 224
210 464
323 471
405 394
225 15
423 460
466 68
154 368
185 98
321 458
349 422
454 189
127 423
245 304
237 275
256 479
376 384
344 460
144 410
165 345
471 425
166 74
356 103
16 118
309 499
15 424
209 365
24 490
44 4
77 369
268 33
285 315
6 443
99 227
234 427
153 65
208 353
317 406
29 120
387 433
311 490
332 268
197 424
441 31
30 480
137 117
69 464
3 490
41 74
42 499
10 457
365 424
217 439
187 74
90 224
377 15
296 332
347 476
164 442
222 332
102 415
228 90
393 401
14 413
203 459
12 193
19 406
437 427
310 491
273 345
480 48
430 480
84 201
354 480
67 164
173 410
191 350
259 453
150 463
233 422
184 372
68 410
455 281
27 472
290 106
34 409
189 363
283 60
206 82
426 418
169 22
404 464
464 31
39 31
147 324
357 440
300 22
49 168
62 124
216 31
51 490
261 4
120 390
152 54
370 422
251 404
419 49
138 106
112 193
20 120
35 350
410 74
111 456
429 189
74 74
122 179
402 293
272 22
483 217
277 401
200 173
304 74
71 276
107 470
382 424
192 490
315 381
388 468
17 442
270 37
46 75
221 74
308 85
161 411
213 23
142 63
260 11
232 64
83 408
143 464
269 166
123 467
374 432
13 405
301 363
180 473
21 497
271 58
367 460
2 472
129 101
126 457
284 125
158 461
170 423
436 156
395 384
306 186
362 185
276 117
11 487
235 31
243 64
37 475
135 410
337 424
75 179
446 410
116 142
353 410
369 461
93 342
322 193
314 424
231 432
305 104
9 5
40 353
381 59
389 22
207 394
50 166
188 0
156 404
351 112
343 474
145 104
490 441
104 249
218 390
318 4
246 410
97 106
257 428
442 474
