img024.jpg img028.jpg
436 441
403 281
286 348
427 390
91 495
246 52
294 282
376 281
55 340
386 282
130 26
87 487
407 485
200 228
272 339
121 487
149 311
476 441
122 52
251 451
253 455
103 338
287 408
343 200
488 441
402 31
450 446
75 327
489 408
372 275
172 77
205 140
148 497
296 179
285 450
486 377
440 459
141 203
156 348
280 216
342 334
290 77
443 348
433 224
336 455
491 477
27 285
180 90
472 392
499 393
100 141
373 334
478 345
164 285
401 381
413 282
220 497
423 339
41 155
217 77
432 402
382 375
306 390
302 347
392 334
8 392
484 402
197 116
152 64
381 325
185 32
360 246
212 246
43 59
371 446
353 450
404 313
377 347
211 86
473 427
10 292
475 14
295 249
359 371
380 114
492 133
307 497
169 66
245 351
146 495
28 36
131 289
203 289
355 213
31 394
166 497
225 348
237 68
191 182
393 473
327 327
71 391
52 228
50 494
143 447
470 263
107 64
479 338
219 460
229 150
344 439
187 449
289 478
496 103
424 228
183 350
248 478
462 390
15 268
69 183
194 18
466 390
95 326
422 283
239 64
136 459
483 348
57 14
425 20
463 273
138 26
351 239
431 111
173 134
314 355
241 176
308 281
231 320
456 211
39 441
53 69
375 495
300 390
277 452
78 381
125 394
79 217
144 460
42 69
202 417
477 476
33 64
230 495
358 492
3 155
32 59
384 33
218 332
199 86
389 411
222 464
84 282
129 495
135 355
323 107
368 368
352 460
252 26
318 426
279 460
313 348
25 97
210 366
153 410
493 377
140 137
178 495
175 300
321 163
214 421
303 237
58 220
60 183
356 330
326 495
113 417
487 18
105 14
9 332
268 220
346 103
367 489
165 402
340 178
388 345
265 332
410 215
471 391
379 394
216 167
255 412
298 213
374 351
498 376
273 182
363 64
490 320
420 312
65 253
62 68
452 282
221 437
151 368
332 326
485 282
7 460
366 348
92 54
412 259
66 217
224 434
454 213
394 418
442 313
86 475
160 91
312 168
159 172
170 494
101 197
429 351
474 282
345 50
0 42
19 311
182 286
415 415
328 11
81 497
118 220
201 36
97 113
119 87
89 90
137 307
421 320
451 391
38 282
48 70
111 497
61 233
74 491
261 357
155 488
115 285
128 437
335 200
72 228
223 68
29 457
70 403
177 497
193 428
480 471
283 421
240 81
11 210
109 59
127 36
68 32
319 493
59 312
266 163
17 1
397 445
82 172
260 366
437 394
4 455
54 449
77 366
228 245
281 94
329 284
455 285
334 491
30 219
35 26
174 68
435 474
460 355
142 107
208 389
190 237
383 216
416 497
6 473
85 428
233 495
162 496
167 358
441 282
418 423
278 387
120 477
226 32
391 260
46 387
171 287
254 313
263 91
258 92
51 155
21 172
357 345
259 190
411 394
400 445
126 0
244 107
310 319
405 14
406 14
271 373
275 211
459 476
469 492
22 180
90 11
467 32
150 289
267 47
362 455
99 350
270 80
438 479
378 491
396 418
408 80
322 205
80 456
243 450
458 471
189 402
204 455
179 421
117 436
390 156
106 496
227 311
495 309
497 103
449 426
34 94
316 491
93 270
116 29
154 426
284 200
311 36
317 288
365 446
297 218
337 98
262 339
426 479
23 87
439 14
444 282
464 491
428 214
398 76
56 257
139 131
73 222
133 159
276 132
465 176
434 309
157 418
305 373
147 107
215 300
67 449
184 428
112 451
94 173
301 422
419 384
304 434
163 369
5 330
102 121
264 353
20 67
453 372
192 55
195 341
385 462
274 15
238 370
481 191
161 135
114 24
292 492
83 489
249 428
110 329
333 313
36 350
213 26
104 392
369 355
330 426
293 214
123 134
494 338
338 223
339 426
232 217
76 355
1 228
13 451
409 436
468 431
26 107
257 398
145 1
399 493
354 425
12 300
341 426
309 164
242 485
395 156
47 0
96 496
108 206
315 205
124 368
446 133
16 457
320 374
445 20
186 77
196 241
370 319
88 365
98 203
181 289
209 0
158 421
64 120
448 492
236 310
417 270
132 396
299 479
14 177
364 156
234 418
235 239
269 51
331 1
134 52
414 345
63 91
348 433
206 182
168 87
198 441
387 452
430 142
482 214
282 223
361 345
256 480
349 320
37 341
288 412
324 31
250 232
247 165
207 408
457 119
18 382
188 480
2 214
45 410
44 480
24 151
40 34
461 491
291 434
350 0
49 176
325 428
347 486
447 199
176 419
