img000.jpg img069.jpg
80 96
61 99
231 124
199 87
310 122
469 378
90 56
25 183
230 213
136 125
342 364
134 125
236 68
252 122
192 207
68 92
37 96
19 56
81 118
226 134
6 207
173 95
85 79
221 79
104 56
288 12
364 140
47 280
86 73
132 95
188 48
193 68
211 121
304 141
69 83
138 269
191 68
14 73
185 79
228 214
189 183
208 396
5 76
75 90
128 56
78 69
176 95
172 186
436 316
235 76
413 203
260 306
273 121
110 232
186 118
344 224
158 73
383 242
187 121
39 452
272 207
183 31
239 374
116 306
4 76
303 364
35 139
79 73
184 76
99 269
390 280
362 220
429 322
190 68
162 121
395 161
209 83
92 244
195 73
84 68
285 56
218 269
242 141
338 348
444 364
264 31
393 224
103 336
404 57
105 56
194 77
293 225
360 248
1 69
149 132
118 67
442 280
286 399
26 487
301 340
299 348
166 74
12 73
159 38
495 499
87 15
20 269
102 428
350 346
144 215
23 462
259 244
53 174
358 348
399 132
412 281
347 378
7 456
18 98
83 112
450 409
348 57
376 236
245 408
196 463
96 463
42 55
263 57
371 346
217 155
244 184
280 346
216 140
65 248
312 122
317 140
455 1
315 222
29 429
40 299
320 439
480 357
170 232
178 66
98 163
126 258
131 67
201 74
476 499
296 193
60 31
327 485
30 216
160 449
3 155
281 346
2 486
290 486
410 155
76 360
307 396
305 359
398 346
238 203
366 141
403 281
493 362
292 127
133 116
106 202
380 280
164 155
318 244
346 486
261 148
498 141
43 319
113 315
437 413
46 67
241 281
268 280
387 179
425 37
372 210
486 345
297 0
88 67
48 31
356 209
93 475
155 73
168 1
91 277
246 384
257 233
409 499
478 497
415 122
248 269
448 224
332 331
464 344
49 381
400 180
370 284
146 269
219 269
11 25
439 224
111 331
314 214
340 58
89 364
74 15
197 399
446 176
135 463
179 221
258 142
125 376
416 488
64 312
408 235
266 50
363 467
306 293
107 306
222 122
382 71
452 132
465 381
54 139
77 394
470 223
58 122
59 418
262 464
365 270
405 453
351 303
407 364
491 364
417 286
456 467
82 458
227 300
271 463
237 486
472 71
463 499
174 114
329 392
357 307
462 355
406 286
392 318
397 343
210 454
123 322
326 433
313 428
206 269
457 286
468 327
15 344
343 106
300 282
487 367
180 348
451 45
17 112
311 285
384 179
167 84
204 118
50 78
57 13
202 380
255 250
497 445
72 461
322 386
8 60
316 303
441 482
479 135
449 71
121 374
124 122
73 292
368 329
426 6
28 73
63 218
233 332
251 348
220 244
165 463
169 179
181 383
447 67
323 199
67 75
379 364
232 394
250 348
213 171
283 25
420 386
345 402
32 228
389 300
454 264
115 244
142 477
223 66
200 22
224 399
325 469
361 281
474 216
22 303
254 259
414 331
114 479
354 297
328 185
419 67
496 65
171 23
279 472
339 141
247 248
467 63
295 80
336 443
112 316
117 322
141 497
353 254
482 112
215 233
481 387
423 388
377 453
38 199
270 156
411 122
388 443
401 40
139 398
334 157
294 490
471 249
229 186
34 263
108 76
333 122
433 494
9 268
483 224
129 323
489 405
253 129
277 284
373 405
45 467
461 284
490 333
459 468
10 86
330 392
375 268
488 24
157 105
337 185
120 239
355 212
421 59
309 3
331 122
458 155
321 216
324 371
352 274
24 235
473 244
475 293
243 0
52 326
71 462
198 412
205 211
212 156
284 281
287 322
70 494
302 346
31 116
335 201
214 463
95 433
240 147
153 250
56 93
440 381
154 454
44 265
289 484
381 315
145 13
151 329
127 123
0 52
177 14
21 9
418 223
466 488
16 274
122 424
291 211
349 164
298 246
385 46
484 223
147 193
367 334
150 463
203 1
130 423
308 386
435 112
424 431
101 53
269 234
359 1
256 53
265 184
386 284
148 184
100 282
402 264
161 156
225 252
434 268
62 193
445 208
432 302
97 301
156 293
396 244
55 9
27 287
33 209
94 281
443 284
453 295
460 150
143 475
430 237
275 337
152 369
249 269
369 407
276 445
319 189
394 449
41 394
422 373
477 244
234 463
163 471
492 179
494 381
140 383
175 33
431 8
66 62
485 1
378 78
391 344
109 282
267 341
499 443
438 498
51 117
13 147
374 127
278 7
137 261
182 69
427 394
428 275
207 68
36 100
119 287
282 12
341 39
274 30
