img030.jpg img035.jpg
196 193
437 339
211 103
226 496
103 208
51 350
409 178
221 462
402 147
106 402
348 171
275 328
182 452
249 193
121 383
426 462
392 448
223 37
343 455
99 465
465 295
185 190
122 455
72 368
139 355
245 87
201 74
372 103
381 397
383 482
301 493
420 382
234 219
363 485
216 317
344 444
484 392
390 80
306 249
243 133
169 166
467 481
298 473
120 256
278 455
497 299
375 473
254 295
126 331
86 148
292 468
339 103
310 21
124 154
238 474
436 496
318 485
231 350
277 159
189 323
174 383
207 250
269 392
320 113
154 239
294 395
334 41
474 58
394 448
432 110
360 478
80 421
399 218
199 468
137 351
499 147
393 459
8 323
373 312
25 147
205 154
299 13
200 252
297 413
494 423
283 317
14 17
333 272
170 444
219 60
2 196
77 24
81 47
0 481
458 303
166 433
406 392
5 218
125 133
447 403
155 41
156 89
377 485
102 93
142 473
257 238
52 389
227 473
40 478
407 89
119 314
385 147
391 114
317 416
184 250
475 91
445 448
341 478
57 351
172 473
248 17
293 117
21 291
149 368
212 21
369 445
47 308
173 68
240 131
266 350
150 148
268 37
46 386
263 74
495 242
233 344
270 317
67 80
410 59
323 386
414 148
327 104
359 295
442 128
229 114
12 54
179 413
431 39
116 323
365 434
379 342
224 472
11 382
59 68
272 154
435 294
175 256
217 465
349 345
351 60
384 374
490 183
50 466
90 342
41 383
75 81
313 74
49 178
48 354
60 395
459 431
203 287
87 179
136 474
308 256
400 416
135 113
438 59
93 413
130 13
479 136
273 41
326 350
340 466
267 47
368 136
446 80
191 246
222 352
246 22
88 190
261 197
450 183
247 464
331 382
280 392
408 6
232 260
388 239
1 189
281 393
26 258
457 138
145 314
123 493
256 101
290 494
101 154
276 308
416 246
498 66
319 432
239 219
244 148
218 184
43 474
271 377
74 257
117 81
262 175
466 480
85 324
138 155
304 263
396 239
13 74
279 211
387 198
361 242
451 121
380 74
353 216
132 330
370 128
309 15
289 389
296 478
65 395
36 376
15 77
253 211
347 211
291 485
366 426
488 368
151 311
242 386
404 434
188 496
35 375
305 265
61 444
68 74
386 105
171 325
378 373
204 105
198 98
282 103
6 462
315 462
441 283
252 355
355 317
79 408
129 197
250 308
476 113
44 98
439 368
241 96
28 185
303 22
153 103
405 237
146 363
412 398
314 462
477 352
485 342
487 392
95 12
78 444
371 344
98 421
471 446
483 401
148 496
158 454
23 474
397 114
3 190
422 343
111 493
164 368
265 0
493 272
97 176
449 90
83 23
324 203
30 64
168 13
38 382
470 86
401 272
251 82
311 494
337 328
345 255
89 347
113 392
374 481
152 350
157 479
255 13
202 82
286 62
84 131
54 132
56 472
197 249
342 392
350 317
434 361
463 389
109 25
274 38
195 376
338 286
288 89
419 92
430 490
180 261
258 177
454 384
464 398
389 120
133 276
328 306
423 480
187 142
352 264
482 430
140 13
192 231
34 324
364 382
496 372
17 408
27 457
53 202
443 93
264 17
128 338
428 105
115 238
82 103
104 86
285 464
429 46
225 146
287 239
4 343
411 207
32 155
73 111
284 337
358 377
382 342
42 298
461 12
489 302
367 480
159 386
9 20
144 414
39 136
131 363
190 14
456 99
376 496
45 216
161 241
307 384
336 262
472 85
7 93
415 183
444 399
69 120
160 355
107 185
31 320
127 229
440 6
455 442
71 77
76 227
194 61
100 392
480 87
20 206
62 365
325 416
259 258
58 87
395 121
362 269
22 22
427 231
10 382
220 113
417 448
163 461
433 363
332 427
478 78
64 105
19 57
424 40
492 101
147 176
453 336
206 263
462 336
425 19
356 133
118 193
29 169
236 202
235 372
112 495
418 91
322 235
181 425
491 116
357 432
302 295
321 0
210 198
213 47
460 392
92 386
162 230
178 476
167 146
230 327
209 406
403 433
96 102
413 495
165 186
193 327
24 480
110 260
186 2
330 114
141 4
468 387
134 370
300 478
473 125
260 321
70 194
481 451
183 34
329 130
208 335
94 27
335 55
354 372
469 294
312 489
18 116
105 224
452 229
91 392
114 286
177 392
237 171
176 3
448 234
295 387
316 161
421 86
16 168
486 363
228 157
214 253
37 433
66 169
346 102
215 260
143 244
33 418
398 72
55 54
63 312
108 349
