img016.jpg img032.jpg
289 415
487 384
13 98
101 415
49 94
102 397
7 356
450 384
221 415
213 479
344 29
151 387
94 429
378 363
201 435
14 394
242 351
374 109
238 364
404 31
331 229
27 363
438 364
446 363
470 342
234 46
493 355
447 392
333 277
297 9
298 479
2 52
130 293
92 363
321 117
139 336
343 9
214 415
216 52
337 38
209 363
295 52
423 464
428 321
105 369
370 485
207 255
135 52
149 94
35 356
233 359
452 429
114 375
407 364
454 293
42 363
197 31
395 96
62 44
138 8
58 237
310 456
387 478
439 234
325 402
272 313
411 168
76 191
277 145
444 96
262 429
136 186
328 4
285 354
440 342
393 220
453 425
75 86
342 450
71 277
283 237
185 449
50 262
410 10
1 229
160 277
230 363
302 495
88 433
267 169
306 396
241 4
303 161
245 10
326 479
85 112
191 98
79 459
120 301
103 399
252 301
476 98
235 354
40 356
353 415
38 200
488 324
172 201
231 78
278 242
318 395
218 301
186 255
65 259
198 118
222 271
237 428
389 367
322 420
336 361
26 350
156 255
10 97
174 418
64 358
250 278
334 344
121 411
349 11
402 450
111 52
157 435
424 130
435 415
107 450
351 22
99 183
12 432
57 260
408 183
123 441
17 231
91 273
30 1
257 495
282 118
346 449
405 94
276 255
422 56
228 37
330 184
68 86
24 280
433 166
294 44
420 454
46 189
181 201
414 422
430 407
429 25
354 479
412 419
115 242
165 446
421 117
273 5
66 422
148 189
217 358
41 118
166 402
482 369
291 280
480 96
490 262
379 237
173 496
171 115
445 118
29 117
220 357
400 141
403 369
137 356
206 214
210 52
263 490
296 85
309 88
360 229
203 397
212 427
472 390
34 91
397 294
61 442
159 362
153 199
227 144
109 65
485 382
457 195
293 435
391 416
361 220
323 301
381 485
9 214
304 377
357 314
437 435
266 139
320 177
335 14
188 490
133 397
145 358
106 175
373 112
16 429
119 258
180 9
456 419
93 4
141 90
15 412
44 401
483 321
359 405
436 495
362 344
401 478
432 446
441 218
461 208
339 167
497 439
270 271
202 9
418 380
240 285
369 422
376 418
382 402
19 415
129 479
271 87
463 166
249 236
84 165
469 318
132 4
427 29
124 250
54 258
140 441
286 397
467 141
281 324
481 385
11 265
18 397
72 367
455 382
95 169
211 166
36 393
155 199
205 10
383 380
110 322
25 118
195 177
347 435
388 415
117 457
348 242
81 295
459 326
363 193
269 479
5 201
345 356
489 24
448 479
460 140
167 429
3 250
224 271
178 199
415 355
319 333
449 408
78 145
194 229
112 358
239 228
260 104
127 194
182 243
380 191
462 297
128 260
329 336
190 179
300 62
394 413
143 397
204 255
248 347
392 435
350 476
122 81
338 421
147 46
229 74
275 389
264 465
356 32
288 120
443 380
20 314
169 213
255 338
398 402
67 413
371 38
32 302
307 329
47 277
52 0
90 179
97 245
431 206
473 195
386 190
259 195
324 372
74 436
247 479
434 425
244 79
89 410
86 263
413 137
142 356
251 375
466 338
471 88
355 120
59 440
116 359
491 52
465 137
43 473
292 485
417 439
96 283
146 86
152 78
299 369
416 419
365 419
104 429
366 207
100 161
225 333
492 415
69 274
113 50
223 291
332 160
451 392
39 29
468 47
193 415
496 160
406 180
484 408
279 160
80 6
83 295
265 416
311 341
495 244
253 162
425 113
131 191
183 59
372 217
55 204
162 303
287 270
308 300
163 43
219 191
70 179
246 83
474 335
144 399
268 342
327 479
154 313
176 413
494 234
274 178
377 437
48 302
409 325
33 283
226 190
254 470
486 425
126 235
464 468
208 167
125 294
108 300
243 341
340 17
290 320
458 149
82 426
399 479
51 261
261 166
215 416
158 454
315 246
385 492
199 85
316 187
499 327
56 286
419 352
305 271
280 490
341 180
98 284
475 195
313 264
317 106
375 266
314 497
118 315
37 230
168 62
4 113
21 262
284 267
28 62
6 244
45 259
134 60
161 314
150 64
184 1
0 72
384 175
396 356
367 352
31 444
177 191
179 396
175 289
301 354
192 466
77 447
73 282
364 447
479 197
187 182
63 140
258 428
87 162
478 384
498 76
189 220
196 14
442 213
60 49
368 81
53 141
312 444
236 427
8 224
22 55
358 222
164 358
426 323
170 341
477 83
232 246
200 229
352 177
390 452
23 179
256 156
