img002.jpg img039.jpg
425 49
290 380
424 417
326 417
363 86
463 49
396 381
329 445
89 436
103 477
401 359
449 478
148 17
441 381
358 373
464 381
94 459
273 380
6 237
422 227
157 433
275 496
184 385
355 405
146 443
340 483
1 493
48 205
51 477
201 359
420 381
113 460
108 90
448 443
64 307
491 29
211 384
132 434
352 84
459 30
200 161
266 496
289 472
331 370
216 257
456 331
478 109
98 450
267 43
281 265
26 488
481 97
172 109
341 202
350 484
81 41
24 457
431 450
479 202
413 123
27 381
492 479
163 371
29 459
73 372
78 43
319 417
315 459
405 426
256 371
76 472
221 184
52 408
197 417
312 267
133 452
433 443
45 187
194 92
263 353
150 449
474 131
226 407
438 203
386 84
92 339
234 337
452 417
499 338
417 443
415 86
298 294
168 381
229 52
72 468
154 103
297 433
348 380
379 426
468 109
252 92
461 135
228 358
248 381
190 18
480 478
236 211
241 203
408 417
239 488
294 380
359 300
453 168
454 461
485 18
124 430
171 16
325 433
125 205
63 354
383 409
486 47
47 372
91 24
390 307
279 359
346 371
220 472
497 101
444 339
136 356
96 110
131 397
254 103
203 402
328 408
460 479
477 390
79 367
376 482
476 134
259 205
403 496
38 103
488 322
270 436
106 52
223 41
428 77
101 459
80 171
316 205
62 455
435 490
32 479
178 339
55 480
139 455
470 171
13 101
15 417
498 396
487 50
43 103
465 185
345 494
360 372
434 480
262 340
127 402
36 433
245 110
288 269
159 194
8 379
385 367
327 294
258 371
118 392
364 476
233 381
264 460
302 267
225 393
296 388
409 186
489 451
204 430
274 68
323 396
278 441
399 202
407 417
475 381
269 372
493 84
284 318
30 379
378 171
333 381
427 381
143 371
307 459
361 40
374 260
49 399
332 195
219 247
265 353
338 16
301 403
237 414
421 0
495 334
384 380
68 171
375 14
155 480
90 237
181 103
250 390
67 358
134 43
324 132
180 171
42 368
123 341
167 381
280 340
4 494
222 381
249 372
462 241
366 347
305 282
458 11
189 439
292 419
330 18
349 449
394 344
22 110
253 156
445 171
56 344
412 482
212 110
149 24
377 257
310 381
99 365
370 381
311 400
182 307
69 491
213 380
242 103
303 438
496 390
23 123
437 181
77 92
215 200
295 237
16 41
53 161
472 402
205 465
230 104
381 110
170 402
309 93
354 202
410 381
28 409
372 409
451 359
306 203
162 499
130 411
128 466
195 411
356 194
192 353
317 464
457 101
367 479
467 202
185 328
429 477
105 380
152 171
0 200
110 111
137 402
432 430
227 373
207 16
397 415
116 200
25 438
153 451
179 41
224 408
392 117
260 111
33 281
342 234
88 442
362 294
402 373
406 398
398 380
473 493
334 147
206 356
411 381
446 346
102 337
41 372
70 93
109 292
426 383
240 441
235 41
20 97
164 41
37 92
214 271
12 385
175 231
246 2
187 93
299 493
65 254
199 201
471 177
482 365
44 338
484 363
18 491
439 41
188 436
440 387
247 337
387 70
177 41
100 412
443 403
450 464
165 380
347 403
111 376
176 417
122 498
293 200
400 205
183 387
313 398
343 110
483 257
391 437
3 458
59 480
210 103
368 451
209 374
104 260
119 191
156 393
271 429
7 396
140 103
158 383
5 497
117 353
318 403
84 488
393 92
320 409
238 381
82 417
161 397
286 381
469 216
436 478
304 399
339 359
382 417
166 237
160 417
369 385
66 371
115 359
57 110
337 97
19 437
351 381
142 394
466 493
17 449
251 393
291 92
388 364
395 92
35 397
14 429
34 367
272 417
321 252
11 105
83 283
121 384
285 384
21 459
86 389
151 420
353 2
414 490
186 498
418 110
58 366
141 257
173 171
217 493
71 480
10 482
54 43
147 111
371 427
61 454
107 380
447 373
380 420
389 451
423 372
308 306
93 333
174 439
255 499
135 381
39 354
314 167
336 489
344 398
373 204
198 16
144 499
87 373
244 307
404 399
40 465
75 380
261 419
322 110
112 205
138 100
126 284
95 161
357 418
193 202
2 380
208 254
268 350
120 161
455 387
287 465
114 397
129 388
243 101
283 426
232 260
277 2
169 100
416 343
50 100
31 400
419 460
494 419
85 499
335 372
490 260
430 290
60 341
191 356
97 110
300 426
202 339
282 447
365 359
231 397
257 346
74 381
46 421
9 429
276 471
196 237
145 373
218 161
442 444
