img031.jpg img037.jpg
382 478
454 300
276 485
419 396
233 178
327 29
413 41
392 425
25 333
108 433
229 470
224 314
240 33
150 172
39 368
417 485
488 300
427 379
479 276
418 379
185 433
158 178
146 333
114 470
465 396
46 458
452 474
404 379
33 456
189 195
251 333
255 368
63 262
313 33
288 92
414 216
110 169
54 238
290 324
289 178
231 77
481 379
415 489
53 69
174 172
169 368
271 273
381 379
436 433
243 187
492 44
208 474
129 199
187 269
70 46
239 342
0 115
304 63
111 130
358 485
467 247
446 401
470 145
308 485
192 45
115 420
456 471
477 347
144 214
278 115
363 368
463 411
461 324
119 491
56 343
339 228
140 445
447 313
332 158
472 29
142 262
466 8
359 144
437 379
482 247
149 141
113 485
400 222
412 485
247 314
323 33
94 206
250 419
373 115
27 441
486 177
74 369
211 434
261 145
459 434
59 494
215 405
263 115
269 407
343 494
348 485
24 485
421 230
312 351
319 251
180 439
246 160
238 485
125 356
45 130
283 44
297 395
82 61
397 425
464 215
193 225
356 63
374 33
8 204
429 170
448 463
235 270
126 387
17 402
79 279
438 474
347 324
68 21
160 73
391 397
154 443
449 243
428 115
22 255
67 481
52 144
139 158
364 0
445 286
455 389
460 288
13 220
443 451
42 494
423 425
468 490
495 286
222 75
340 324
493 228
331 482
410 247
143 81
156 390
390 494
71 300
40 103
9 79
23 491
134 481
90 433
349 489
270 16
99 202
20 124
95 93
202 122
394 268
242 158
137 34
352 215
389 63
267 180
37 343
49 199
131 196
64 347
184 441
92 242
117 131
388 365
407 389
380 405
475 251
469 12
3 61
204 368
105 267
307 50
279 41
353 274
227 443
458 345
62 491
335 303
473 103
195 443
476 44
157 87
210 88
262 485
201 384
387 116
191 199
351 79
453 303
282 109
334 113
494 359
197 43
34 399
104 47
245 243
328 269
409 162
241 248
330 150
408 199
490 449
354 208
416 434
440 269
81 390
301 265
433 253
100 483
138 451
450 170
474 159
341 378
78 45
286 315
32 342
206 118
296 401
314 154
491 492
177 199
88 471
350 425
58 141
186 169
369 435
489 378
435 188
47 390
378 228
155 66
295 111
80 149
109 172
162 51
395 212
338 33
309 201
7 330
258 433
411 291
161 45
398 1
303 55
385 201
232 75
166 145
48 436
310 466
432 387
164 492
198 194
333 208
281 368
384 208
6 101
217 101
487 287
273 232
212 298
280 77
228 48
420 276
91 390
346 395
226 115
2 131
15 497
188 320
4 360
145 37
274 4
26 111
36 242
379 343
393 345
29 452
122 5
66 165
127 198
168 382
326 466
84 201
425 176
1 458
65 81
376 466
10 130
497 336
320 147
43 386
172 158
485 215
98 323
406 434
498 247
190 69
362 492
60 186
30 497
19 45
259 271
299 394
76 90
118 75
257 296
209 118
89 14
102 201
277 31
200 104
370 470
265 104
103 201
148 492
451 228
405 492
85 439
442 97
264 31
284 313
225 266
221 341
61 492
318 75
120 24
396 285
93 61
426 479
368 368
499 475
311 404
101 312
236 263
272 266
237 19
285 135
135 213
171 101
214 222
357 295
205 159
402 485
106 107
21 77
183 140
268 323
77 452
132 314
287 320
12 447
317 413
50 489
375 484
266 12
422 483
219 189
321 92
322 352
175 308
5 128
11 191
302 441
107 419
216 73
136 411
178 243
179 314
133 372
253 492
35 45
230 148
441 390
159 23
294 122
399 381
18 14
298 122
38 274
55 407
325 492
439 26
249 100
57 326
244 251
167 474
218 254
401 122
152 208
484 377
87 132
141 203
293 492
51 20
170 203
213 482
434 172
151 447
69 39
73 260
223 377
462 217
203 178
366 32
16 452
72 101
128 247
329 377
371 162
403 97
478 85
97 136
153 107
345 58
377 466
360 492
471 188
31 407
176 308
44 259
173 12
256 146
248 20
336 392
483 50
181 427
275 229
130 394
372 246
112 375
123 219
344 19
116 295
324 268
424 275
83 416
220 201
14 231
165 186
386 484
96 199
342 144
28 124
292 462
234 155
300 268
316 135
254 243
355 162
124 179
365 159
315 324
163 320
182 0
252 155
480 324
367 47
430 368
86 390
199 324
207 434
337 159
431 265
496 351
147 71
291 271
121 108
457 215
194 60
41 451
444 38
361 372
305 22
383 58
196 308
306 470
75 407
260 65
