img000.jpg img024.jpg
346 326
393 402
259 336
317 91
318 336
409 326
499 436
329 306
165 326
59 302
196 91
117 336
463 294
437 462
415 376
380 194
310 402
476 386
169 462
2 91
342 100
441 472
320 499
271 62
93 212
121 230
338 87
35 336
444 87
262 91
376 230
125 334
339 15
99 209
323 265
439 480
53 95
88 210
358 87
477 480
350 420
102 10
390 424
495 474
252 3
433 259
235 473
351 295
238 326
91 337
284 202
479 6
448 402
348 55
459 135
332 144
239 230
216 129
478 294
222 41
489 498
40 211
388 281
315 56
48 217
312 376
138 173
304 216
124 131
483 313
111 293
10 193
77 496
232 43
429 153
447 377
302 462
301 87
442 424
54 212
202 131
449 493
458 138
491 87
193 473
131 302
133 336
37 173
431 58
194 473
217 230
92 260
106 180
294 326
405 243
280 421
413 486
96 373
303 381
200 114
49 50
268 265
347 217
183 418
240 302
26 75
118 377
361 202
63 171
190 32
270 416
46 15
178 420
115 377
174 187
402 29
299 87
208 240
440 32
345 187
112 2
89 121
104 173
180 407
4 50
107 64
494 10
288 353
64 100
474 498
179 55
392 154
399 290
384 77
127 130
420 376
461 451
357 56
333 287
379 33
395 218
407 87
410 255
411 465
311 58
469 498
144 100
369 138
87 355
387 359
258 52
110 232
418 277
436 173
18 173
330 346
404 121
30 404
498 283
134 173
60 97
265 345
85 473
290 253
149 172
234 444
166 496
401 422
50 12
80 173
47 4
371 10
164 86
365 407
136 173
416 202
84 473
86 32
307 420
72 470
158 346
210 185
206 173
306 470
377 162
5 101
389 72
344 156
378 156
383 154
484 16
31 287
123 283
209 346
69 496
81 74
457 29
132 173
293 418
173 113
364 91
251 407
493 125
245 470
362 407
454 376
103 393
159 404
435 139
450 169
44 477
324 476
250 407
472 499
482 292
490 242
128 173
225 12
260 180
386 137
28 496
12 346
32 321
279 61
370 164
241 202
287 480
414 293
192 276
43 196
236 473
14 32
19 173
343 169
470 94
65 319
223 265
255 58
105 75
424 76
261 486
281 182
465 10
74 94
328 360
412 173
337 381
211 473
321 163
496 278
257 244
400 136
426 407
230 173
297 48
468 286
289 394
340 170
322 160
423 216
247 319
422 191
41 109
95 455
195 403
237 253
264 217
425 154
191 32
367 376
141 202
23 180
480 58
98 46
73 408
185 32
366 272
368 9
221 496
313 114
336 119
243 470
6 276
83 237
246 154
142 222
228 79
292 0
285 173
430 262
486 139
286 154
70 103
456 327
114 285
116 66
162 496
27 441
109 206
7 353
218 126
374 148
452 196
34 479
316 240
381 421
62 206
172 173
57 25
146 126
335 50
244 100
283 464
58 220
319 425
78 473
220 182
417 246
398 420
481 100
438 139
94 363
29 61
397 108
113 180
248 403
263 121
295 340
242 126
120 327
326 418
16 173
152 94
130 6
11 315
427 313
391 319
396 160
475 187
473 29
186 468
382 143
373 196
188 75
17 29
101 107
139 276
108 209
175 25
154 36
15 327
135 375
273 496
443 109
156 114
219 173
331 71
353 212
167 346
160 415
177 22
184 43
487 106
176 173
25 173
197 180
214 319
215 31
419 236
408 475
157 171
227 150
291 262
126 48
276 394
464 418
39 66
462 112
171 334
360 320
67 101
71 284
119 444
267 443
354 95
488 145
90 75
13 146
309 110
314 79
352 418
9 459
155 473
453 252
3 252
22 12
79 468
497 99
204 496
137 401
198 195
272 276
485 203
434 71
403 493
406 241
467 0
51 441
359 25
45 179
24 19
363 212
233 79
145 222
150 129
182 374
274 226
492 436
325 222
356 345
20 496
231 239
249 470
375 496
201 109
266 240
170 232
300 66
76 335
181 470
446 108
148 389
68 276
207 393
277 232
56 239
1 346
33 475
385 323
82 493
21 376
38 252
161 249
75 276
168 50
327 451
282 323
256 155
203 356
305 316
0 299
226 75
140 179
147 172
205 401
187 346
100 0
143 393
163 478
229 113
421 100
8 243
151 195
355 62
199 57
52 25
334 470
428 408
212 115
254 116
275 36
122 212
189 157
372 195
61 157
224 232
296 315
460 195
66 460
349 238
153 247
394 415
253 317
432 180
451 94
298 426
97 340
36 390
466 130
269 137
471 436
213 381
308 112
129 161
42 209
278 7
55 179
455 55
341 152
445 243
