img021.jpg img028.jpg
493 270
487 248
412 487
404 270
197 248
440 487
5 340
251 141
152 40
91 132
190 132
446 412
484 311
397 311
418 423
460 248
491 311
212 40
193 340
488 249
340 491
149 132
498 174
284 270
101 194
437 114
346 340
457 80
286 36
246 132
260 340
76 326
222 379
455 374
451 379
363 311
78 132
124 32
182 219
49 277
85 35
267 213
433 114
421 439
490 270
458 463
463 15
448 188
348 255
447 412
29 40
439 38
441 270
245 134
146 326
247 213
430 476
355 397
480 379
427 495
426 270
459 330
339 141
147 36
275 141
296 90
106 326
158 460
497 293
172 340
281 450
417 499
456 270
370 36
109 379
128 32
342 379
236 270
452 261
478 463
468 127
410 330
462 114
376 213
415 423
238 36
492 496
53 97
234 333
337 449
423 462
25 32
126 340
293 379
71 169
318 487
345 253
425 449
61 194
489 309
334 84
167 260
327 160
428 80
276 107
382 159
420 159
56 340
379 340
411 475
434 395
449 77
499 325
414 137
38 246
122 340
203 330
241 455
48 174
444 124
102 495
235 15
474 127
72 168
475 325
220 410
120 141
494 417
117 217
20 277
401 476
69 217
282 4
389 68
349 396
359 455
390 332
429 40
208 340
438 449
285 79
115 14
90 311
335 38
34 242
347 417
377 150
467 423
424 303
159 44
55 417
326 132
188 326
380 464
169 66
277 277
306 379
290 455
485 462
365 410
59 78
143 213
51 432
261 393
107 40
233 327
329 162
132 497
341 213
364 186
244 40
351 159
354 124
225 76
119 340
252 449
402 86
482 490
9 3
297 24
302 32
405 95
204 168
45 460
237 397
73 326
301 141
288 54
27 311
419 127
294 462
129 24
470 16
392 124
473 200
262 237
210 284
242 26
2 68
104 333
486 263
289 432
398 48
454 94
385 87
137 456
103 489
226 465
93 15
255 55
256 495
298 70
344 90
75 59
313 397
58 35
136 393
19 169
243 449
23 424
357 432
116 64
216 120
375 464
431 401
111 7
21 259
46 421
353 474
173 377
378 432
3 402
176 472
121 169
231 320
125 452
168 64
83 472
299 335
163 118
187 43
166 422
57 467
291 462
333 76
381 462
185 68
367 117
391 159
65 340
63 68
249 467
403 99
461 255
81 318
232 53
118 55
144 188
442 159
30 66
31 463
413 403
181 40
280 449
393 426
479 270
360 293
196 449
319 190
240 492
140 358
150 340
436 322
283 446
469 101
435 33
465 352
89 95
142 62
300 497
373 495
36 455
388 127
10 419
24 134
369 439
239 487
408 499
145 212
274 312
177 209
400 15
134 469
407 379
164 41
178 313
358 14
477 371
315 298
453 254
138 132
303 32
32 46
374 270
422 68
110 305
310 467
257 334
148 29
263 485
386 330
8 411
88 290
352 322
305 188
229 213
387 401
127 495
44 353
268 349
295 313
321 491
314 86
481 376
464 394
130 295
325 270
70 16
183 58
361 392
201 213
230 422
406 432
40 403
50 353
52 493
259 260
399 6
195 491
28 169
443 249
224 127
316 40
186 448
253 491
330 182
395 397
189 474
207 329
223 340
170 17
338 132
495 394
322 294
317 471
7 277
175 332
228 209
154 122
171 219
14 205
269 326
80 34
113 302
416 27
266 254
445 23
336 36
74 50
409 366
0 484
87 118
105 132
372 278
450 111
496 24
84 278
151 196
384 127
47 412
179 326
214 86
96 282
94 35
18 494
86 213
205 436
16 271
22 32
254 324
350 380
43 431
272 469
250 298
324 104
215 491
227 288
161 391
209 326
82 403
100 96
165 134
320 417
77 284
356 155
68 15
184 421
13 29
221 70
258 254
304 211
476 98
279 422
199 326
211 295
79 464
287 451
362 221
273 14
432 293
67 60
394 380
39 263
98 478
312 14
92 84
271 7
191 133
17 117
270 102
308 219
332 326
218 260
200 196
248 434
99 150
108 162
162 483
472 88
206 410
331 293
309 486
371 376
366 129
33 279
323 64
213 460
311 492
307 162
466 418
15 419
141 235
194 295
6 295
328 271
123 107
12 48
155 451
37 131
1 492
192 156
292 213
64 94
60 343
153 79
95 440
265 477
135 53
26 18
4 394
198 143
156 495
35 239
62 384
368 30
219 408
264 17
54 376
217 345
131 132
66 99
157 348
343 435
97 439
202 494
174 101
278 392
160 329
112 351
396 210
180 182
139 142
133 88
42 451
483 127
41 127
383 401
471 254
11 421
114 147
