img037.jpg img050.jpg
247 458
179 477
300 308
475 308
450 308
170 415
433 336
401 476
379 280
480 388
368 415
414 152
435 148
390 308
351 488
396 280
145 384
168 270
451 429
425 415
436 245
456 495
153 308
216 308
183 345
417 364
470 411
50 177
109 241
333 338
476 148
313 245
276 361
345 308
279 411
491 191
443 421
201 442
471 485
369 345
180 420
483 421
172 458
402 469
160 322
248 336
382 484
103 308
481 495
453 376
218 467
315 191
150 202
460 374
463 408
215 395
348 410
474 292
494 334
33 318
88 324
115 400
242 420
343 202
24 361
41 443
45 413
195 400
19 185
223 397
233 7
29 79
106 270
60 362
104 91
337 283
320 397
439 191
48 270
0 341
31 202
243 332
485 451
232 385
235 361
321 303
228 397
273 245
296 396
169 413
85 495
97 345
237 106
462 279
159 271
427 45
61 496
37 146
23 453
322 397
405 364
92 453
6 191
347 413
286 106
251 484
438 280
267 467
302 497
312 397
143 467
420 374
271 432
426 420
493 245
191 202
158 453
124 202
4 268
398 467
253 486
290 476
125 453
165 453
498 361
263 303
230 490
288 453
292 362
90 318
399 191
496 169
192 373
208 415
241 473
187 395
342 456
307 376
407 483
43 456
116 39
449 413
268 185
255 413
128 364
129 376
404 385
203 244
15 369
176 392
127 39
461 484
174 422
18 412
331 51
408 436
9 73
91 303
133 202
65 183
308 477
371 466
21 202
198 73
487 376
20 20
458 373
250 450
16 346
357 388
221 470
473 202
495 270
211 202
353 332
489 472
287 345
356 468
387 413
258 497
156 185
293 451
269 362
71 401
207 308
378 452
466 345
122 377
309 385
314 467
479 239
157 422
70 395
27 341
205 386
197 333
8 420
77 485
93 333
335 242
295 270
434 406
130 464
69 270
202 387
194 395
224 42
262 198
81 346
325 81
365 454
135 433
326 117
63 1
441 408
457 146
68 202
184 328
100 464
467 412
275 264
303 106
455 469
34 408
445 496
62 303
3 436
206 442
442 419
32 283
199 202
486 346
80 496
226 7
316 268
55 453
210 469
193 225
472 106
25 99
488 345
182 486
220 496
305 328
328 328
151 155
42 410
152 107
327 454
217 343
166 0
410 498
47 467
415 490
478 280
418 467
204 376
95 202
373 332
366 184
76 264
246 342
123 369
260 200
11 413
117 484
444 246
354 468
490 202
87 373
336 468
118 191
146 353
120 491
177 483
310 324
362 473
82 246
393 405
229 356
272 420
138 386
377 395
154 452
385 324
112 419
132 35
341 413
44 341
294 328
141 35
281 481
344 376
338 499
424 146
264 343
311 270
298 487
319 184
137 446
274 202
1 486
111 296
225 456
39 112
36 453
64 7
67 202
289 98
392 6
108 484
284 7
131 490
259 348
12 437
355 184
397 107
119 388
101 167
105 365
299 267
53 373
323 106
304 461
291 307
465 374
222 75
238 413
75 496
173 368
332 468
484 297
28 117
416 270
446 184
83 84
96 496
40 365
266 484
391 428
324 299
448 480
252 496
265 495
58 386
447 171
144 395
428 185
469 307
214 184
163 387
240 325
395 191
7 413
236 497
99 89
244 388
477 473
482 407
86 452
51 407
136 386
185 432
196 318
178 359
346 35
181 496
363 245
306 320
73 480
301 499
376 419
277 117
134 146
84 84
212 115
239 191
66 419
454 414
200 468
440 398
372 420
413 346
10 91
46 384
285 486
349 433
148 91
186 35
431 471
350 333
432 421
492 440
140 413
370 306
142 386
234 361
110 452
5 226
188 453
411 364
149 464
270 0
334 350
375 171
14 117
26 202
283 328
22 91
254 225
257 315
452 0
89 202
147 356
213 454
383 490
56 117
352 169
114 95
278 419
358 499
17 496
113 424
297 112
280 431
423 264
381 361
429 467
329 465
13 395
59 440
72 413
189 167
499 460
394 89
422 375
126 356
231 305
79 307
361 461
2 270
52 278
403 372
164 402
464 446
38 117
49 498
374 467
384 356
340 303
419 440
389 492
360 376
430 315
175 395
468 276
102 183
94 460
412 444
190 402
121 417
209 387
219 184
256 475
245 328
330 99
388 443
339 495
318 324
167 373
30 325
139 307
54 395
400 446
359 325
437 377
74 22
367 439
78 171
57 226
35 468
98 466
406 73
107 307
162 325
317 446
261 328
409 372
421 270
497 309
364 226
227 499
249 308
161 499
459 264
155 198
386 433
282 184
380 325
171 385
