img012.jpg img027.jpg
186 160
133 175
266 53
130 51
392 72
423 32
497 206
27 233
435 433
412 87
163 175
45 414
228 175
428 181
227 175
67 175
170 430
438 417
233 236
7 175
222 94
287 160
309 354
419 436
100 445
219 435
37 136
180 175
478 272
340 175
102 324
202 98
303 480
11 443
111 72
237 51
59 414
291 81
174 373
297 175
348 98
344 276
278 39
247 160
298 175
165 453
205 98
148 239
362 233
432 206
335 175
12 440
283 399
479 451
363 419
30 145
77 388
53 136
313 236
23 242
373 128
136 145
437 47
388 19
431 187
157 96
429 190
198 301
349 152
96 346
85 405
2 49
360 236
449 475
290 1
332 73
346 72
371 253
0 331
120 469
486 81
418 87
87 2
333 53
490 236
376 411
444 487
51 190
220 385
193 214
409 487
439 436
240 236
319 360
405 132
197 34
110 375
231 340
81 409
173 346
210 428
24 261
113 175
164 454
338 416
300 383
79 31
132 236
413 70
341 233
411 100
35 388
36 175
145 175
420 466
147 487
38 51
263 326
31 236
42 62
271 175
68 436
407 417
336 260
451 27
253 190
258 329
277 454
64 34
328 475
312 0
171 190
63 31
466 144
236 37
156 426
350 184
285 256
430 98
33 256
46 363
352 81
375 294
208 197
265 326
334 175
339 359
176 120
216 278
494 175
6 279
161 436
274 52
69 383
18 3
15 89
255 208
149 292
72 439
359 46
384 394
369 361
256 494
422 42
5 363
184 441
330 312
183 149
399 233
308 133
345 175
495 56
472 100
203 413
485 436
275 190
131 59
372 249
386 383
10 383
353 175
368 2
447 323
450 276
306 475
377 197
434 141
493 89
445 217
52 49
17 104
217 436
458 49
304 253
135 94
169 69
8 122
223 346
221 475
323 343
139 150
314 276
194 106
204 426
141 70
105 87
249 480
20 96
40 442
292 280
374 149
155 193
260 319
66 213
134 88
196 313
3 405
481 361
433 163
114 204
138 13
214 111
396 23
143 336
252 397
61 487
270 175
337 288
347 431
367 248
206 318
279 454
316 172
75 440
119 385
158 472
13 403
234 346
262 101
343 150
218 332
442 224
267 489
301 50
104 175
178 208
383 362
4 91
73 42
380 182
54 351
80 53
483 184
50 461
16 233
188 364
475 357
239 290
436 37
381 92
462 479
124 395
364 95
225 358
465 310
28 383
122 363
127 144
125 368
57 436
391 284
264 413
365 326
166 490
329 292
43 201
32 193
250 383
446 487
471 335
424 3
425 409
361 305
101 329
160 289
284 388
273 346
293 255
289 427
83 346
106 229
1 148
90 367
280 53
251 137
417 143
49 183
92 117
99 329
286 227
60 192
215 480
58 277
91 376
440 458
232 324
484 328
224 99
159 18
172 222
294 265
185 29
259 220
118 227
229 296
22 336
76 158
142 69
269 125
489 361
389 260
199 124
302 35
123 163
299 60
473 321
154 115
89 197
181 480
235 416
325 65
144 51
487 328
351 165
358 121
167 207
477 406
121 197
331 267
307 236
402 276
482 477
14 214
459 475
39 358
321 61
366 294
109 251
140 416
55 218
357 286
248 335
19 83
48 0
129 486
25 169
441 461
393 27
9 383
153 130
177 168
190 305
406 75
498 123
152 283
86 470
21 161
404 154
200 353
320 233
244 307
382 448
295 131
82 52
116 117
211 418
379 213
410 204
179 92
296 182
41 60
74 193
416 487
370 331
421 493
480 487
281 104
84 281
257 171
468 76
195 37
398 187
397 405
276 332
443 387
56 45
326 112
29 249
461 168
137 330
151 431
175 249
254 326
311 305
390 81
408 171
476 360
453 477
26 486
268 100
395 411
452 341
212 4
245 197
71 175
98 427
241 207
355 478
97 487
108 353
44 101
103 282
427 260
246 494
456 434
261 415
62 180
209 267
491 49
162 329
70 196
354 228
492 466
128 238
470 249
499 181
226 101
474 288
342 219
272 396
242 95
387 285
47 267
426 384
317 56
400 143
288 367
356 353
457 187
488 452
318 24
115 207
126 175
315 408
414 189
310 95
378 143
448 485
34 487
460 143
213 368
107 55
95 18
150 413
65 220
496 314
322 305
455 171
168 38
112 277
189 307
117 35
207 362
94 283
238 292
401 387
182 415
324 0
191 220
146 212
464 283
385 218
394 11
415 163
78 499
305 244
93 76
88 387
192 257
327 326
201 237
463 312
469 72
187 238
243 422
454 47
467 104
230 294
282 38
403 456
