img037.jpg img075.jpg
379 404
382 454
313 454
33 310
159 404
4 293
408 454
29 232
115 499
247 452
396 477
321 285
41 405
324 230
450 453
475 453
345 453
461 476
203 281
230 387
300 453
47 143
106 49
103 282
273 177
204 76
208 65
214 243
441 162
172 177
216 453
201 394
97 187
368 387
369 282
88 2
153 453
366 49
337 263
109 192
390 453
474 360
237 65
293 239
245 162
436 452
480 409
170 452
35 12
147 49
166 273
483 356
50 96
287 383
68 274
248 192
401 26
489 435
389 162
438 477
285 162
32 464
407 397
308 156
487 337
70 212
86 345
183 126
118 209
263 285
215 349
433 430
0 85
139 438
189 486
196 310
169 355
425 452
387 80
473 478
333 184
77 486
31 337
414 226
485 56
370 178
343 252
61 245
267 431
274 178
124 294
228 273
242 450
481 254
48 372
148 368
224 384
443 352
356 30
251 135
491 302
255 321
295 349
460 165
24 218
428 200
351 148
180 450
435 226
98 248
199 411
90 347
456 448
292 154
163 427
262 95
6 238
132 463
12 131
130 156
302 268
238 260
91 305
101 363
312 423
344 439
346 164
353 147
392 182
417 56
354 295
476 348
168 49
179 394
217 459
452 396
63 284
200 464
243 86
495 297
246 422
232 12
315 411
187 2
478 477
420 485
80 332
116 297
439 345
394 266
416 243
218 140
100 156
158 346
338 55
162 298
445 266
446 12
38 439
326 355
279 244
426 355
195 487
363 138
358 178
424 149
58 260
192 368
229 149
469 274
259 50
206 205
432 306
419 368
128 169
188 315
30 429
64 299
21 337
451 192
43 496
235 218
402 215
125 381
51 22
117 450
175 438
376 162
498 26
494 95
8 355
490 162
136 281
211 235
37 294
323 346
46 433
488 421
20 321
5 197
133 274
418 120
34 474
45 92
291 273
42 347
457 276
296 71
493 454
286 12
466 383
149 156
303 65
119 459
127 471
220 122
44 360
102 412
160 201
178 124
129 117
69 349
294 149
73 396
72 176
205 92
84 368
143 129
81 368
186 183
377 55
3 428
141 118
53 368
269 149
165 478
176 217
252 200
497 265
449 98
122 65
477 386
96 242
434 403
496 381
471 65
342 120
207 414
231 230
75 202
482 476
167 368
348 110
386 424
381 298
79 265
95 364
92 381
26 77
131 317
191 48
268 43
271 182
347 17
311 349
288 452
2 375
154 409
151 92
182 2
225 224
223 124
332 289
309 297
272 118
193 201
472 338
384 445
93 180
405 464
14 321
40 132
66 47
174 281
171 242
290 28
181 5
320 110
140 120
241 261
23 191
383 162
99 245
57 271
276 218
305 255
314 120
36 483
221 379
310 495
104 209
336 464
142 98
254 428
349 298
319 120
55 315
399 212
429 83
458 375
340 359
144 109
411 424
398 220
107 364
467 230
470 47
212 74
15 302
19 469
71 205
250 358
341 453
253 101
455 287
52 209
146 464
261 255
210 192
249 475
330 255
85 325
152 463
177 397
316 41
156 126
150 455
357 100
56 325
281 286
49 412
18 50
222 55
76 228
335 259
135 498
427 409
403 296
60 405
185 373
219 261
463 255
280 447
13 456
378 378
137 162
197 433
1 135
164 470
264 256
25 120
442 49
395 242
202 98
375 164
270 119
492 416
65 395
11 220
111 230
415 375
110 366
462 21
393 487
233 443
134 490
361 370
318 2
258 336
352 381
301 343
16 337
17 43
54 202
260 382
198 181
479 203
373 268
385 190
404 169
257 371
108 181
155 338
62 55
388 145
372 387
112 162
28 151
27 287
275 443
120 365
322 110
325 61
22 47
307 431
239 93
194 212
317 227
145 201
365 384
444 338
453 408
113 388
486 209
234 368
459 228
126 132
89 240
266 181
362 429
374 470
297 172
114 321
184 276
406 260
447 187
7 113
448 457
298 201
413 172
331 422
431 397
209 289
87 77
213 495
39 62
226 30
334 397
397 304
284 269
422 230
440 268
465 226
299 474
123 349
265 448
484 442
138 394
282 36
364 419
9 374
227 42
327 417
83 209
412 371
339 172
277 483
278 391
355 12
468 442
499 434
423 289
306 387
244 286
157 205
409 285
464 232
454 219
67 372
367 176
289 68
121 365
329 144
350 229
400 197
391 207
410 219
10 487
82 55
240 126
328 12
173 320
236 291
421 456
59 69
359 316
380 341
161 297
74 138
94 397
430 317
190 315
78 155
105 396
371 335
283 230
360 328
256 286
304 199
437 387
