img017.jpg img021.jpg
16 147
127 241
309 390
394 238
210 238
369 238
340 22
178 101
297 418
155 61
485 364
299 241
223 434
176 61
26 91
460 423
393 124
62 147
147 101
179 61
444 444
229 411
307 418
259 321
197 75
411 286
467 147
301 101
159 101
53 101
163 61
154 101
157 101
125 334
319 102
31 458
34 411
103 132
218 390
306 61
242 498
470 444
192 101
263 101
354 350
105 61
183 286
257 61
343 248
413 350
261 390
342 189
329 456
250 101
277 359
483 83
349 378
338 152
422 387
326 101
403 152
360 365
137 101
151 101
269 101
224 101
308 101
41 101
208 321
110 101
375 286
383 454
23 212
345 103
8 101
42 101
121 382
246 101
315 286
69 101
3 101
165 101
333 457
295 412
233 101
245 418
119 61
443 465
461 364
330 351
276 101
431 302
222 245
433 429
48 101
458 186
1 61
234 101
372 286
430 127
44 101
161 152
486 111
255 61
38 101
346 188
488 252
226 101
392 40
272 185
279 206
322 478
6 101
463 286
311 101
244 101
195 212
162 390
180 61
196 448
153 101
225 286
310 101
376 124
282 61
382 238
362 103
227 101
216 147
21 101
50 334
144 101
164 61
239 101
102 401
138 101
324 416
95 61
312 101
5 85
108 101
228 101
70 101
14 101
68 101
118 61
117 392
404 152
417 393
146 61
337 352
156 101
247 101
2 101
266 101
288 321
409 285
100 61
64 362
493 411
351 282
181 61
332 61
264 101
365 412
468 423
57 61
248 61
249 424
391 384
113 212
201 61
253 263
451 196
364 282
286 302
209 422
378 370
238 341
231 101
419 203
281 101
130 147
15 101
173 412
280 80
344 152
265 61
270 22
72 430
447 334
10 134
262 101
258 61
405 208
142 341
203 365
232 101
357 335
420 76
303 101
490 494
149 58
484 55
43 195
432 184
114 103
313 101
462 102
202 427
285 246
158 101
240 101
442 233
132 101
465 400
498 458
457 8
445 163
74 342
252 421
398 350
221 13
136 101
190 212
418 233
469 444
292 119
477 195
141 101
215 101
47 420
296 458
24 203
82 434
416 334
200 478
406 131
171 397
401 91
475 352
17 61
133 101
79 341
243 101
353 49
450 361
217 115
120 188
348 372
19 50
452 6
139 95
455 350
305 236
314 436
4 101
339 56
194 61
424 335
453 50
274 220
96 61
93 230
388 302
370 274
492 312
134 321
177 489
425 21
115 427
256 61
408 248
385 392
476 8
464 359
236 100
55 29
396 177
321 381
316 316
437 401
73 230
368 359
214 478
25 424
170 158
439 359
472 233
76 416
290 230
355 397
474 56
271 388
204 101
440 128
497 424
107 457
131 93
367 111
331 327
499 365
254 101
377 457
35 101
109 461
166 101
66 312
13 9
58 421
59 18
363 42
186 418
80 204
275 499
145 201
152 61
29 402
135 274
219 198
260 393
480 385
46 367
381 7
397 286
481 465
63 58
267 170
380 248
423 212
81 326
101 212
427 26
294 458
426 299
11 317
77 43
98 212
317 230
92 152
150 91
489 457
241 1
37 60
106 487
140 129
112 200
371 473
205 494
350 132
184 212
169 474
284 236
174 279
20 212
97 399
94 484
291 421
410 393
148 29
473 261
90 359
182 274
75 313
49 473
347 277
435 177
89 274
61 61
104 132
479 311
374 64
278 277
185 51
407 282
67 396
487 238
494 404
87 198
84 92
428 416
36 8
273 61
327 177
328 351
27 287
167 128
335 283
436 428
212 200
220 198
33 100
454 261
7 274
206 282
298 58
128 101
300 1
12 90
366 179
390 473
230 14
123 35
78 35
287 450
304 74
466 312
318 439
198 29
449 286
302 473
251 489
448 45
172 101
235 358
268 341
359 54
336 62
124 358
45 210
325 35
491 478
88 212
495 241
373 327
30 472
187 274
399 114
129 299
434 103
361 299
323 248
386 100
341 367
160 380
213 321
412 365
32 171
320 91
334 407
111 298
289 116
379 56
478 261
122 84
400 472
143 287
54 61
199 174
402 437
91 35
60 43
446 384
389 473
168 131
395 56
83 10
387 299
189 67
352 299
414 147
456 76
126 238
9 450
116 483
293 488
356 88
56 41
207 1
22 192
358 79
482 171
86 268
51 212
40 102
99 161
28 192
191 295
471 424
496 212
18 134
85 146
438 153
39 165
71 0
52 496
459 13
384 347
429 192
441 90
237 36
175 409
415 130
65 71
421 1
193 263
211 359
0 13
188 26
283 329
