img025.jpg img051.jpg
81 299
318 289
229 289
143 299
60 8
163 440
415 136
73 346
438 112
344 136
212 448
233 440
429 339
69 448
22 161
491 112
439 479
80 289
188 58
240 289
266 151
308 374
228 31
268 284
153 8
221 374
208 199
82 389
172 299
418 289
25 138
206 283
481 37
145 449
154 340
350 289
88 340
306 373
56 267
207 66
484 419
341 390
66 430
84 151
17 374
52 299
476 287
383 466
180 196
182 66
150 483
43 112
148 299
20 299
142 456
342 331
360 448
14 283
356 359
32 212
129 212
265 283
401 299
124 392
312 414
164 357
255 458
485 373
139 354
77 449
445 112
70 394
94 165
160 354
435 478
433 373
67 289
283 264
355 306
373 447
460 412
390 463
430 283
75 488
78 331
472 115
289 344
395 397
338 331
10 354
161 165
220 283
189 299
467 394
256 283
92 217
202 338
470 478
90 331
358 359
247 250
106 352
279 472
305 417
333 147
117 113
271 14
377 26
323 483
7 389
103 113
409 97
259 284
170 289
397 285
394 447
192 488
214 391
141 262
224 212
423 392
293 31
260 439
421 227
37 356
28 286
461 112
468 133
469 58
455 51
138 212
137 112
216 387
414 299
6 412
44 452
116 344
87 449
38 120
219 89
243 299
63 458
48 154
144 402
319 227
254 200
292 498
151 127
4 126
288 448
19 92
183 494
417 8
105 75
332 338
125 469
264 321
406 145
346 479
122 31
213 31
412 92
185 260
232 486
49 406
173 75
85 139
211 448
65 143
227 482
98 80
387 346
379 70
376 196
274 339
388 331
242 344
294 285
475 234
39 374
31 121
241 286
126 199
407 285
18 262
363 354
463 249
146 283
456 69
284 447
62 147
328 37
329 275
34 147
121 443
35 428
171 154
26 9
149 24
425 482
281 359
337 96
334 96
440 485
11 100
354 498
175 331
186 483
278 204
112 199
50 129
490 379
262 199
269 469
258 127
314 457
446 299
165 285
473 113
68 426
384 86
375 126
194 89
245 285
8 232
251 493
317 235
209 484
488 58
263 431
400 96
478 459
156 284
311 354
471 5
218 270
351 95
23 462
96 232
109 362
410 31
119 395
302 283
21 51
300 230
381 281
134 246
386 347
498 422
462 435
380 482
54 347
179 106
349 120
393 468
320 445
267 77
16 435
392 393
298 31
190 128
0 68
59 317
422 484
168 139
408 255
196 418
325 232
339 362
100 287
286 266
257 479
118 160
203 452
95 281
299 283
83 459
152 200
76 115
353 471
2 2
157 461
362 435
64 8
130 5
321 112
348 77
5 314
51 395
108 383
301 23
443 498
3 339
385 83
492 374
494 488
120 285
437 438
99 362
238 456
411 393
231 488
489 498
55 391
113 53
166 70
474 34
102 440
114 480
396 478
364 151
79 106
465 329
276 437
340 162
135 468
378 37
236 498
248 24
466 299
45 147
181 299
297 338
403 235
428 113
402 498
86 286
235 22
223 345
486 433
104 63
309 82
367 483
427 291
324 405
71 488
250 440
448 498
184 417
280 345
93 96
327 428
210 395
336 120
169 298
226 494
110 492
133 463
426 207
57 63
296 33
285 227
230 413
261 281
374 331
24 53
416 331
343 63
482 484
483 126
128 270
200 491
252 413
36 458
46 365
197 126
444 468
382 374
432 415
107 255
272 496
89 299
326 226
72 219
215 227
352 404
58 107
442 47
345 285
158 89
201 113
291 383
42 440
244 383
357 498
225 478
449 32
61 421
177 227
459 64
493 428
420 338
313 414
253 362
187 39
366 133
127 286
41 62
176 258
404 97
174 383
15 107
282 421
477 460
132 57
29 488
222 443
13 26
239 137
322 346
74 130
295 417
370 498
480 31
1 299
131 448
199 47
246 134
147 467
368 107
496 4
33 421
136 374
431 234
310 281
27 331
270 399
399 285
155 143
398 120
487 290
458 260
464 133
204 202
413 94
359 425
454 202
53 475
193 448
140 223
195 207
453 435
205 151
441 120
30 31
347 285
335 58
162 439
419 31
40 466
9 488
123 394
91 397
273 443
389 227
159 147
450 3
47 451
191 291
451 413
307 338
424 342
361 478
452 427
371 14
275 331
12 32
198 124
277 14
499 9
217 374
391 202
303 475
405 338
290 235
97 456
178 63
315 347
331 169
434 488
365 208
115 458
287 342
495 428
436 8
497 294
249 70
447 46
479 262
369 383
372 483
167 3
111 498
101 395
234 428
304 498
237 32
316 433
457 499
330 89
