img014.jpg img021.jpg
281 373
202 458
355 286
331 102
418 337
420 259
461 147
129 427
410 321
194 458
195 418
172 294
315 448
371 103
391 444
160 458
447 204
373 299
273 321
142 286
110 321
230 288
67 458
247 458
488 204
483 177
260 276
136 28
452 117
300 237
155 195
254 81
288 373
220 427
444 463
3 256
445 387
111 458
200 458
156 238
286 127
316 458
412 335
344 299
205 359
107 478
23 263
284 390
103 203
293 390
253 427
101 117
343 74
26 487
398 262
358 458
422 302
106 277
270 351
366 397
397 480
306 126
134 293
240 423
211 267
301 299
183 361
348 357
326 286
148 140
338 159
392 3
370 448
487 177
394 119
450 417
14 177
215 433
7 31
449 177
349 238
18 339
356 237
427 25
144 421
213 225
238 456
365 458
299 493
51 43
333 220
66 233
406 147
34 125
40 407
436 138
16 302
17 458
137 486
280 288
93 396
145 457
243 478
167 497
223 113
311 125
231 288
250 392
472 221
263 396
396 478
408 361
341 83
65 132
59 457
72 65
239 492
340 361
130 497
261 3
367 428
54 365
283 439
359 45
385 423
163 166
429 288
152 392
322 195
271 423
319 484
417 263
73 299
226 195
241 125
58 220
140 182
448 321
478 241
289 434
345 288
470 321
173 195
267 19
45 262
89 50
264 261
362 113
193 288
462 358
105 359
353 225
199 226
296 127
236 478
157 380
415 286
456 457
171 358
368 290
27 46
354 491
120 177
229 497
454 411
393 91
52 421
102 61
0 286
78 438
138 44
178 327
313 327
9 396
88 458
424 499
79 457
99 345
170 204
474 74
57 251
262 152
347 392
476 257
141 366
471 101
407 55
435 68
8 447
401 270
153 427
25 186
466 87
39 392
379 434
329 195
441 119
463 227
390 171
86 458
149 331
287 288
475 408
85 421
95 43
33 418
481 120
218 158
131 234
209 390
432 436
278 103
493 408
304 359
312 336
473 392
222 419
84 23
339 147
175 124
69 358
74 159
181 46
255 210
266 72
36 445
180 444
235 336
428 457
325 281
324 451
217 327
395 167
70 261
421 34
63 390
42 101
56 498
277 262
498 446
164 188
169 177
292 168
121 288
297 478
196 372
227 458
425 321
431 311
496 30
146 251
161 478
307 492
257 423
372 231
22 414
248 149
61 315
197 263
251 220
374 434
426 83
468 401
165 476
321 231
47 189
75 364
112 212
182 84
497 424
479 465
214 360
332 412
290 478
334 245
491 299
87 485
125 142
295 97
119 110
162 478
201 238
43 443
490 435
185 418
317 417
123 226
485 248
272 283
419 64
53 190
279 125
135 182
376 111
399 55
499 212
302 138
20 417
98 390
457 257
108 381
381 473
465 83
29 210
486 261
314 55
335 370
438 426
203 168
19 177
24 353
384 173
6 233
228 46
100 40
274 439
10 327
60 289
252 390
179 424
388 392
91 392
118 147
13 237
158 425
256 101
469 68
133 434
364 215
233 294
147 116
400 117
383 9
246 191
207 265
212 439
32 239
128 176
62 71
361 159
237 3
378 274
459 74
80 321
12 382
477 257
480 125
174 473
352 100
188 23
327 495
437 195
382 172
268 87
96 142
258 263
116 494
192 101
320 350
143 317
411 392
204 258
55 233
124 377
416 1
336 148
494 409
244 286
482 38
298 189
402 186
184 252
190 328
380 57
71 43
151 498
1 59
4 341
342 21
38 180
310 102
492 148
363 80
225 350
21 261
37 270
82 245
405 151
115 61
377 31
242 447
439 392
224 429
350 327
360 4
154 183
159 286
453 422
434 392
44 40
294 156
187 492
305 274
460 226
276 361
259 235
234 179
191 261
150 50
369 109
430 243
351 173
64 350
77 84
387 75
50 496
451 270
414 213
318 80
409 106
92 86
221 58
291 191
404 159
443 351
413 210
139 266
83 435
31 458
285 253
46 146
210 424
208 424
389 390
489 283
337 84
2 309
423 151
126 232
113 52
216 393
386 63
346 434
328 225
249 101
97 188
433 488
245 75
403 72
357 119
455 113
176 153
41 14
35 52
90 161
323 253
308 87
81 100
467 388
198 494
132 74
122 251
114 153
275 444
48 281
375 169
495 358
458 271
186 48
104 270
68 103
117 353
206 369
265 185
189 112
76 87
166 457
30 426
309 261
303 304
177 457
127 66
168 309
219 147
49 477
282 416
442 347
232 52
109 425
330 52
94 134
269 416
484 371
15 164
440 473
446 191
464 259
28 100
11 230
5 281
