img013.jpg img027.jpg
307 87
233 253
3 236
140 457
368 280
291 197
55 266
110 426
273 13
495 449
70 87
112 253
23 383
185 236
245 451
249 117
172 87
253 94
259 431
25 395
33 26
173 221
115 204
340 428
251 39
79 98
325 37
34 424
410 87
111 492
349 145
438 191
117 47
122 380
420 235
136 443
96 221
44 354
227 426
15 117
215 29
73 46
164 272
359 53
202 190
441 37
83 457
43 98
101 395
217 113
61 457
335 30
199 175
373 155
417 89
197 160
225 248
87 468
178 145
317 47
443 383
68 234
385 377
472 383
161 2
174 175
262 297
230 202
411 87
355 47
413 428
361 458
80 320
344 91
401 53
27 440
94 91
362 13
457 23
98 439
497 91
93 87
62 293
155 166
145 98
327 426
351 234
375 383
189 330
442 50
482 87
12 190
129 110
142 380
255 335
489 451
308 31
343 197
463 280
268 106
339 32
89 342
304 42
352 175
445 42
18 451
72 136
274 387
313 9
200 229
69 190
63 461
407 383
305 280
179 151
297 82
393 440
35 117
123 117
127 236
229 427
320 32
358 457
330 351
266 165
86 133
498 75
206 424
177 428
303 72
75 232
261 256
427 378
14 23
0 426
426 492
26 315
296 91
323 414
432 60
126 319
348 178
366 89
265 106
146 72
469 193
222 82
235 59
195 321
216 326
65 396
171 150
213 374
292 21
24 276
78 62
60 451
125 20
46 323
207 197
301 202
66 378
84 383
329 360
387 418
337 35
470 453
439 87
100 2
170 431
248 467
109 428
405 383
131 297
234 395
485 323
433 79
176 132
82 178
309 72
288 82
205 435
454 202
311 106
476 423
272 297
347 239
181 153
430 343
492 443
220 374
367 427
257 280
369 165
479 56
228 184
285 53
354 89
144 159
36 70
154 110
16 115
299 73
388 52
20 391
192 144
203 213
204 9
153 250
184 62
350 181
57 90
243 29
461 189
473 274
477 142
486 32
121 276
198 294
491 231
397 175
481 121
165 376
421 149
467 382
47 56
201 37
450 255
466 197
91 197
231 386
316 82
431 280
496 343
324 400
148 492
455 165
456 480
392 426
120 213
138 94
37 493
278 429
150 235
208 207
484 35
2 239
38 117
300 381
326 453
17 492
81 171
134 455
232 70
45 126
386 387
103 343
342 204
364 123
277 104
487 267
271 392
4 196
460 363
256 27
412 426
77 190
286 313
1 163
95 363
312 119
102 493
287 197
239 347
422 213
85 280
52 391
114 204
293 211
31 100
447 249
488 413
418 197
415 301
67 386
116 29
159 244
130 25
124 109
156 191
260 441
372 53
188 351
104 144
295 385
429 197
493 191
284 494
108 224
424 159
270 173
465 66
74 233
336 175
56 431
490 114
474 170
39 270
92 272
141 378
383 95
128 361
494 313
119 100
279 493
167 242
468 353
54 92
226 383
258 47
341 392
22 133
483 172
105 106
183 114
169 40
8 202
41 359
139 82
409 197
211 82
328 359
182 133
315 413
406 470
11 50
106 486
149 171
13 305
275 10
419 197
451 141
252 226
391 61
381 146
187 369
113 202
236 79
48 383
212 19
218 326
143 43
5 87
338 47
423 313
157 179
133 76
193 163
238 213
402 415
71 310
332 383
452 175
175 487
190 101
51 38
118 234
345 383
475 189
363 286
448 319
322 95
453 216
306 76
135 95
396 313
404 237
32 163
49 430
28 335
147 250
223 361
318 310
414 170
382 378
90 169
378 267
458 19
371 304
444 144
408 248
283 392
29 259
416 262
42 431
50 234
6 197
76 207
425 283
180 229
384 383
282 60
394 172
374 338
390 85
59 190
434 58
437 23
166 178
107 380
269 75
395 201
449 82
137 374
280 133
403 410
160 117
9 92
321 197
224 182
247 133
214 380
246 150
290 230
152 187
334 487
53 117
333 359
435 313
480 181
436 76
97 100
264 35
162 20
263 74
440 241
464 343
298 101
158 293
331 483
357 124
376 493
254 110
163 376
221 483
462 149
210 82
356 60
471 273
250 217
58 472
319 13
240 197
281 190
196 472
242 288
398 66
499 499
428 323
30 494
40 362
194 76
7 220
370 486
380 254
237 202
219 11
88 138
478 313
310 1
10 19
191 230
209 466
379 470
346 44
446 321
302 79
389 168
276 29
241 199
132 499
64 396
151 454
399 267
377 197
267 471
186 414
21 48
289 19
400 363
365 197
294 363
459 88
314 307
19 52
353 181
360 131
168 130
99 92
244 101
