img029.jpg img036.jpg
65 79
7 166
189 129
62 92
144 427
73 166
85 168
214 427
248 427
184 91
249 248
71 129
499 338
96 272
323 201
447 343
131 427
187 129
53 478
203 367
106 262
341 386
134 481
284 174
89 180
485 447
47 328
112 265
19 190
45 260
225 174
408 343
179 133
141 427
94 328
477 343
142 248
369 209
410 343
347 481
152 376
56 125
51 114
290 248
278 427
392 403
236 23
398 208
228 403
226 379
83 129
381 367
418 345
155 195
64 343
159 77
12 44
441 232
275 23
363 427
344 338
1 293
13 427
318 76
336 248
143 470
164 235
256 104
110 23
25 295
420 369
35 328
77 255
218 388
407 343
329 72
93 23
264 190
294 403
139 174
146 174
455 396
299 91
427 428
209 285
178 99
314 424
151 182
148 62
460 428
390 489
446 338
17 423
413 450
425 228
118 295
305 65
117 366
304 463
279 196
0 427
488 372
204 72
80 83
339 441
405 103
223 365
383 265
217 248
478 377
493 435
138 361
41 369
285 149
242 164
443 103
409 457
126 285
238 76
147 420
307 150
14 62
376 345
22 361
367 295
6 295
48 495
254 303
379 457
58 301
5 333
328 404
107 338
439 384
312 465
283 174
433 397
67 343
175 388
66 235
87 489
79 371
378 23
354 76
458 218
386 23
449 343
258 388
181 76
245 164
399 295
437 223
267 29
252 196
251 96
24 304
122 427
215 175
360 324
97 400
92 445
321 353
357 128
231 126
270 381
309 374
494 129
31 463
44 361
88 65
137 65
120 206
135 244
167 486
132 248
168 164
317 328
171 383
243 441
342 403
208 374
232 276
136 255
169 113
207 52
160 391
182 334
191 445
391 137
473 435
306 427
412 196
292 110
36 235
324 29
300 456
116 481
353 334
298 386
68 333
293 109
352 174
239 109
303 366
366 149
483 484
70 483
350 284
414 295
301 324
371 473
459 310
274 326
415 427
81 310
370 412
95 48
255 465
438 445
128 235
192 176
291 232
206 149
240 65
268 314
343 126
397 149
162 489
406 475
50 112
276 303
430 196
61 206
76 427
330 374
373 84
183 328
39 206
382 62
157 414
463 490
49 190
325 471
102 485
177 231
222 481
259 391
262 343
332 397
28 164
474 176
82 330
55 48
43 329
59 200
176 240
15 481
372 305
404 472
435 103
173 109
220 373
434 363
111 37
211 299
244 295
104 285
295 164
411 423
497 212
287 441
424 427
272 92
195 386
158 469
310 272
180 224
129 38
340 374
99 195
119 495
185 103
20 337
261 424
471 103
229 119
186 374
280 196
331 119
476 459
202 244
269 474
281 369
297 106
380 425
400 203
57 348
103 75
32 448
396 441
422 344
109 9
448 455
316 206
247 315
194 381
263 203
260 221
311 326
40 70
271 452
154 278
468 137
479 386
18 146
368 347
188 309
277 84
150 202
362 132
487 324
2 441
374 120
454 149
230 245
440 422
451 234
121 68
237 407
253 37
472 474
465 278
75 170
490 146
431 482
492 75
315 233
377 403
257 367
401 322
348 97
337 367
9 387
113 21
282 271
469 411
241 363
345 441
432 488
286 423
127 88
23 239
165 414
356 284
462 361
78 164
161 315
498 163
417 458
453 204
190 228
224 75
334 473
105 487
265 104
235 494
428 310
101 457
221 180
442 281
484 466
489 318
322 338
246 11
385 406
26 366
84 174
210 324
8 280
313 465
198 251
170 271
149 312
452 496
54 75
403 408
296 174
429 314
335 25
100 23
233 363
346 465
90 477
174 105
464 185
266 374
461 103
358 199
470 475
193 314
114 412
273 344
423 203
4 295
42 205
200 218
289 175
212 135
388 221
38 255
393 481
34 305
351 348
475 384
308 343
123 366
140 245
130 455
30 391
166 337
33 498
364 344
349 218
421 21
365 109
133 287
486 462
125 385
108 473
63 240
46 236
98 402
153 146
416 472
359 447
402 314
450 11
466 279
21 174
27 385
201 337
445 287
338 174
124 378
3 419
213 23
52 92
16 45
199 320
69 174
74 399
480 134
115 45
389 271
467 237
395 55
320 364
60 462
288 185
394 281
91 55
172 111
250 341
156 363
491 344
333 287
234 254
375 458
37 199
384 104
219 164
436 163
444 408
326 146
205 383
481 427
355 488
163 246
227 374
495 499
496 8
29 222
197 348
387 314
72 146
302 440
419 458
482 478
10 45
361 458
456 212
11 174
457 56
196 55
145 318
319 117
86 499
426 310
216 111
327 10
