img005.jpg img027.jpg
302 130
11 381
298 323
223 72
99 443
147 405
195 434
413 214
305 96
252 32
349 117
485 175
247 85
282 233
369 431
463 316
488 392
85 205
51 405
327 276
464 276
199 94
182 115
38 485
230 233
450 468
271 136
257 324
126 1
422 448
486 276
116 146
423 98
58 494
456 2
111 456
337 323
22 323
34 494
40 483
181 434
367 158
384 383
419 133
476 392
329 37
442 70
41 495
412 136
136 413
37 495
498 32
467 131
300 9
263 271
398 158
101 483
315 338
253 251
206 413
17 110
151 405
170 441
21 495
118 42
54 483
375 25
377 417
368 368
6 439
286 416
196 93
198 283
325 197
483 2
50 495
133 454
80 405
326 456
275 441
496 96
296 361
441 175
245 364
43 483
77 292
323 315
407 2
96 154
153 495
269 276
362 186
67 172
355 155
14 164
162 492
125 53
158 483
248 19
406 171
294 172
113 37
103 483
424 141
68 216
127 456
143 405
209 405
270 465
16 32
107 327
277 100
79 483
411 145
128 145
472 492
112 59
190 6
159 483
201 331
152 47
19 163
160 413
358 123
73 405
146 233
321 409
231 485
7 409
35 405
320 3
70 87
399 19
108 410
373 181
148 413
342 384
156 483
449 36
481 426
273 342
293 262
175 376
30 276
27 494
174 407
272 364
283 100
60 405
331 29
132 276
359 409
15 348
53 379
90 320
39 494
318 426
284 280
119 483
173 333
3 57
9 266
155 413
307 318
448 363
439 465
135 471
425 98
26 436
5 405
281 149
420 58
357 332
474 66
202 172
28 495
238 56
254 47
261 451
279 269
354 403
434 220
478 348
436 160
360 99
345 128
389 176
427 175
42 471
178 32
187 468
232 181
408 38
44 413
469 175
363 236
56 405
172 383
295 160
347 13
428 317
138 23
166 409
121 304
361 378
141 405
194 60
89 483
71 72
414 0
309 317
376 74
397 267
235 116
157 483
33 495
371 91
393 311
46 405
291 297
13 191
109 411
120 438
176 471
333 181
471 96
216 59
25 499
193 205
379 411
278 445
0 47
352 197
390 100
150 418
76 405
139 76
470 117
391 448
447 426
214 280
473 242
311 112
392 60
495 236
55 471
81 458
228 330
2 53
95 490
200 485
236 286
48 421
205 264
207 485
339 338
289 232
208 276
466 495
88 187
225 82
164 375
224 329
260 145
161 434
171 461
212 331
285 259
98 149
388 96
204 280
32 418
86 417
36 495
251 118
31 483
348 394
451 213
169 364
134 335
24 169
365 455
403 319
400 262
115 149
49 152
317 35
210 364
292 37
405 384
131 320
226 291
144 151
322 95
203 155
443 96
435 293
229 267
8 369
165 301
217 188
462 145
493 19
59 42
350 428
62 379
421 61
455 120
249 464
106 333
191 217
306 209
480 101
490 87
280 426
75 405
52 277
374 97
433 133
262 107
303 33
415 238
324 379
340 147
18 119
310 165
330 19
83 484
465 397
314 388
491 220
117 172
497 131
92 379
418 301
192 69
250 104
1 152
332 56
344 187
385 244
458 487
183 472
430 383
454 82
220 32
426 360
93 413
180 152
219 80
184 283
395 361
197 439
266 383
256 144
416 60
452 61
479 300
105 405
185 396
440 191
61 462
188 141
227 283
265 276
65 3
78 264
268 155
297 411
387 306
137 379
364 328
114 415
319 383
417 494
461 485
460 337
453 95
489 377
299 475
394 439
396 468
316 25
29 405
382 363
287 409
402 197
459 110
218 421
177 320
167 380
276 197
12 21
189 321
74 405
404 155
140 121
386 31
23 313
242 336
383 280
475 304
124 363
409 465
123 33
401 431
336 197
243 321
154 377
328 495
288 195
186 434
47 23
255 42
45 427
82 494
110 431
122 171
304 108
72 495
149 172
432 300
237 488
494 249
431 410
438 383
63 175
246 466
445 96
437 213
222 267
215 370
372 477
429 340
444 468
234 456
353 124
366 271
142 475
274 129
338 100
20 480
102 148
179 286
370 462
4 367
487 313
499 204
239 219
267 123
313 77
356 289
492 106
87 252
91 495
259 465
341 204
410 69
346 492
163 138
84 102
168 405
244 32
64 23
145 97
308 351
351 472
211 46
264 216
378 335
241 29
213 171
240 298
66 247
221 97
130 229
335 42
69 108
380 300
477 133
446 293
57 189
381 181
94 309
233 112
468 155
482 191
104 421
457 451
343 487
301 171
129 38
97 144
258 53
334 0
100 495
290 435
10 171
484 312
312 355
