img054.jpg img069.jpg
116 172
119 54
53 55
115 172
188 159
39 81
8 99
69 186
162 207
111 54
222 122
26 102
14 87
163 207
6 207
10 54
174 122
35 159
23 159
102 159
114 54
193 77
11 144
5 207
78 159
164 154
144 195
90 186
21 97
41 97
99 159
158 159
197 102
105 186
80 159
176 56
153 56
34 79
17 81
160 72
156 154
30 159
159 72
183 56
45 26
125 68
100 213
83 271
126 56
59 79
168 77
40 76
129 207
58 84
137 170
235 248
109 56
166 77
22 76
260 222
44 373
31 72
172 118
16 144
36 102
117 236
161 271
127 68
486 279
120 410
219 154
320 175
123 77
392 414
25 88
444 459
416 424
250 207
62 72
7 154
84 68
157 68
128 72
13 76
98 81
150 170
140 253
18 55
75 159
148 83
49 54
142 418
275 364
165 84
236 124
395 53
447 404
19 102
47 84
9 214
464 279
0 236
249 79
76 173
376 348
43 81
437 53
223 463
496 478
15 55
189 38
169 76
207 175
60 121
210 82
243 443
461 464
108 280
212 277
138 178
20 76
301 224
247 82
367 382
317 220
237 82
134 154
208 68
310 308
181 435
251 139
27 72
220 84
65 215
262 496
227 124
498 430
12 76
29 46
141 10
279 353
122 99
56 122
217 364
314 19
414 122
204 68
289 334
396 375
149 142
225 271
479 280
311 277
293 428
410 359
46 269
86 165
370 285
303 204
61 67
224 93
284 228
357 122
398 197
133 113
423 263
321 248
404 236
242 192
205 258
167 280
309 302
265 175
290 293
391 364
333 106
488 311
230 154
478 140
337 179
426 19
187 132
493 404
283 410
346 292
97 215
458 23
52 400
82 332
85 258
295 418
216 12
294 26
259 255
421 23
271 202
448 222
257 414
231 159
307 430
431 225
325 291
481 349
77 129
482 222
178 294
245 478
57 297
143 478
266 199
324 473
413 122
298 236
341 315
136 206
495 463
323 398
494 463
441 245
409 443
206 169
185 228
209 280
468 276
445 13
300 138
418 248
451 274
372 359
373 248
374 494
379 3
302 473
211 68
430 112
132 280
2 94
195 153
492 142
233 276
228 316
439 431
194 242
455 475
489 67
175 139
91 50
394 344
360 236
403 294
449 367
326 346
417 302
3 276
336 205
446 10
364 127
239 286
322 40
270 428
96 168
118 12
72 329
104 36
353 264
350 302
470 499
48 232
288 407
318 120
88 10
155 477
241 468
221 36
342 148
390 264
191 179
196 450
232 28
54 25
386 417
466 57
371 38
93 9
234 296
459 314
335 280
388 324
286 443
42 108
435 274
51 6
24 146
55 140
103 14
485 68
319 394
402 334
94 179
433 4
440 374
474 193
121 244
490 444
338 329
358 442
68 477
112 93
146 50
177 248
261 284
472 9
277 364
180 175
332 10
334 138
420 14
313 263
383 266
362 292
272 388
452 122
487 442
254 50
282 250
352 280
471 497
226 394
214 442
351 369
66 396
131 139
456 312
238 211
256 273
248 200
442 464
366 372
267 432
287 192
375 26
124 376
469 497
436 331
292 192
244 485
412 435
354 203
328 184
330 199
365 203
399 488
411 431
182 108
405 126
483 250
484 38
264 168
273 265
406 388
285 210
154 208
281 228
312 365
38 385
263 228
278 315
384 38
184 214
276 156
240 209
389 484
63 471
201 73
349 175
378 475
497 257
347 381
308 318
356 65
229 353
434 197
81 265
200 244
429 199
460 220
192 479
343 60
28 259
107 436
130 348
480 244
369 211
4 45
359 199
71 143
438 179
296 91
37 45
101 406
304 296
110 227
213 484
476 221
89 161
467 467
74 348
305 113
408 313
340 481
475 443
171 214
190 264
380 263
453 10
477 469
170 418
246 333
377 53
32 105
202 116
368 164
145 410
253 169
457 224
450 457
95 431
400 314
465 224
387 475
463 331
87 497
198 233
203 108
415 425
361 36
92 36
428 403
1 335
215 272
306 77
50 193
432 69
443 4
381 302
422 264
33 467
106 413
315 184
419 42
331 473
151 282
401 483
424 449
348 442
454 38
329 428
258 454
316 291
67 275
113 36
473 164
252 472
64 112
274 113
363 225
345 463
79 253
425 189
255 95
199 74
139 136
355 389
385 3
427 325
179 346
491 38
186 153
499 390
291 233
462 256
397 3
344 286
218 25
382 300
70 82
280 314
407 168
152 131
135 127
147 109
327 273
73 435
297 282
393 281
173 413
299 313
339 49
269 28
268 39
