img001.jpg img054.jpg
96 6
103 13
179 219
76 34
261 134
240 220
291 187
141 220
121 210
256 220
61 219
181 210
180 220
343 56
196 220
101 134
178 61
194 98
244 164
447 320
175 88
275 418
78 217
135 220
54 153
72 217
245 295
334 262
425 65
66 34
368 245
294 65
87 176
364 120
441 362
255 65
328 295
361 96
310 317
269 88
1 140
91 88
449 300
271 43
388 333
409 82
150 260
246 494
344 366
311 265
92 321
380 384
64 342
134 317
471 402
102 56
59 234
88 171
231 29
422 486
499 338
379 369
475 344
423 265
122 159
93 174
273 482
169 140
346 207
90 43
417 413
337 209
304 321
130 423
24 64
427 56
166 282
260 112
233 284
3 315
263 66
333 66
443 282
108 337
31 133
466 29
373 303
372 141
296 124
225 124
435 317
476 300
27 387
183 333
416 221
486 342
386 383
495 198
460 383
133 479
306 2
421 251
429 141
70 468
85 470
195 317
280 314
480 439
46 65
489 342
392 120
154 370
415 408
453 342
485 346
142 139
312 295
277 445
20 140
438 451
301 320
375 98
458 498
432 181
164 45
404 496
117 96
468 187
162 459
319 131
325 323
383 196
82 474
295 285
9 88
129 234
234 120
281 445
247 318
248 325
439 274
21 45
35 130
137 324
186 1
316 266
173 338
190 328
205 294
62 112
307 174
430 384
479 328
467 341
160 482
455 342
119 276
105 314
487 257
359 341
149 178
109 50
339 390
159 486
228 29
374 234
426 347
494 279
120 2
18 318
407 275
285 456
382 356
463 451
377 372
419 180
229 378
34 263
235 112
369 109
428 178
473 56
217 201
465 167
44 380
131 82
413 271
272 292
349 445
442 103
139 310
498 347
286 279
326 287
45 395
451 229
215 352
321 334
391 314
0 124
214 251
253 406
454 98
448 334
49 334
192 200
348 437
412 376
107 82
71 216
464 454
477 372
239 282
254 320
356 418
408 332
266 402
462 317
48 314
397 195
11 337
320 294
399 9
436 185
482 52
336 246
293 445
155 414
324 321
365 254
402 234
156 308
376 429
69 314
252 184
84 121
335 302
400 388
469 412
185 445
201 362
118 318
313 55
354 212
251 486
14 311
89 394
216 118
302 138
437 317
22 342
104 379
124 279
406 271
56 343
106 130
401 410
340 326
55 82
189 321
287 484
456 444
25 57
94 384
97 45
145 324
153 195
170 373
200 57
390 362
143 185
207 79
125 341
338 366
331 405
478 131
322 153
403 342
444 314
163 112
446 72
329 402
32 120
208 321
445 359
99 257
114 334
450 455
223 88
309 0
493 101
265 470
418 86
6 227
219 287
226 344
58 287
431 294
350 306
389 244
420 121
332 409
384 399
317 343
298 474
75 456
218 239
394 82
193 54
202 498
387 451
86 484
95 101
224 43
243 445
264 426
30 433
43 300
371 86
111 221
370 54
283 64
53 88
360 72
459 81
37 94
434 317
481 77
19 293
138 45
472 48
210 474
230 445
366 94
7 378
305 56
144 185
270 328
357 479
42 292
203 82
381 97
83 48
115 68
67 322
284 309
110 85
398 364
290 439
38 275
198 323
496 179
132 76
13 312
63 262
323 297
168 472
81 118
353 349
300 294
358 481
242 309
308 390
77 308
146 174
483 490
100 457
171 302
303 454
182 185
204 103
315 56
424 216
33 262
52 78
452 449
176 287
126 285
161 262
282 136
60 82
188 200
177 361
237 48
259 457
355 48
267 206
51 202
158 278
12 158
345 328
127 486
274 82
278 250
292 1
299 2
405 131
414 398
73 451
227 81
395 103
47 445
151 321
362 9
433 263
318 234
268 239
222 285
50 136
136 333
492 103
221 445
457 341
342 82
484 131
347 271
393 9
79 4
396 155
497 457
211 45
351 427
26 273
257 97
262 32
29 324
410 263
28 81
288 194
289 28
352 337
152 228
167 284
314 353
10 341
157 421
220 77
68 82
488 328
128 413
327 460
491 51
113 305
148 272
23 233
199 187
16 75
297 234
440 183
461 66
172 182
276 445
15 314
367 215
112 304
470 66
197 405
330 294
165 128
249 246
241 326
5 421
40 282
98 57
378 388
140 330
232 284
363 384
258 213
57 101
236 402
411 152
36 263
2 70
116 0
213 342
206 342
238 289
191 194
41 253
385 24
17 429
123 328
490 395
279 190
74 54
174 204
184 292
39 51
209 472
212 282
341 438
65 218
250 139
4 45
147 305
187 56
474 282
80 387
8 327
