img019.jpg img035.jpg
109 347
473 180
7 461
446 481
414 479
398 103
429 105
316 440
252 440
380 324
348 479
319 347
45 113
42 352
107 317
151 440
182 439
159 372
35 439
368 440
266 347
341 347
3 347
71 372
36 347
9 352
388 398
343 347
95 347
285 440
475 12
320 441
355 398
247 294
311 440
161 439
469 383
275 473
274 441
83 439
283 439
278 397
374 439
127 213
318 347
383 347
166 482
210 402
141 470
280 402
444 485
308 402
136 402
239 440
265 440
234 323
6 347
199 347
267 439
197 440
277 397
31 342
312 440
98 317
376 347
456 463
250 440
329 441
172 439
436 197
24 402
255 439
465 270
357 440
257 213
237 470
111 213
263 441
214 397
89 402
198 440
260 372
345 68
47 461
177 295
208 439
183 470
218 470
401 323
309 213
382 330
422 366
457 105
499 41
356 398
287 347
32 154
206 440
128 347
133 439
215 213
346 347
478 446
330 440
331 352
448 475
158 439
399 398
190 372
170 402
194 288
174 204
18 445
142 461
216 352
420 147
354 402
93 440
347 372
251 441
264 441
48 316
298 347
361 470
227 440
186 72
43 296
403 330
325 439
200 439
293 368
360 439
413 485
25 439
106 117
126 439
328 438
65 0
307 347
21 294
467 174
375 440
400 93
140 352
482 338
15 166
29 288
108 457
97 24
163 434
336 398
184 440
322 438
84 347
1 372
310 323
147 288
433 472
213 224
171 439
53 317
74 223
372 84
337 347
340 439
179 478
326 310
13 258
121 439
481 75
87 347
472 462
306 398
453 147
181 296
220 470
358 439
272 347
296 440
384 402
410 453
344 347
387 482
470 379
289 347
19 445
28 347
160 397
105 372
365 160
129 402
212 355
304 147
207 421
496 371
118 330
295 440
26 411
10 470
80 213
104 462
167 372
195 395
434 352
367 347
51 347
113 421
41 347
259 408
315 441
333 347
134 428
246 428
39 347
417 75
321 347
412 147
20 352
314 213
339 147
362 438
76 198
405 315
180 440
11 440
245 440
418 330
50 317
323 441
176 360
228 151
455 378
217 42
261 372
286 397
394 146
5 52
38 295
120 375
145 439
201 456
335 397
59 216
75 110
424 295
209 330
409 17
248 439
173 178
202 368
256 438
70 347
196 189
192 189
284 439
297 441
454 138
291 440
150 440
373 350
2 347
232 347
369 493
406 77
90 272
327 397
253 497
464 281
99 66
396 445
363 480
391 93
381 44
92 421
317 441
44 482
292 372
338 147
352 438
379 75
96 190
101 70
219 397
288 352
483 445
476 365
235 440
427 401
231 352
423 493
242 347
81 434
146 347
156 286
249 461
241 441
23 413
428 22
431 365
233 213
102 401
221 348
187 433
281 445
404 57
138 372
324 207
407 446
154 288
301 372
395 136
67 348
269 438
254 434
222 445
460 370
164 377
191 447
421 374
494 352
82 372
302 330
103 317
271 294
366 459
125 323
273 388
17 372
148 372
155 372
68 317
110 109
178 372
441 330
351 122
46 360
175 445
411 0
189 338
480 475
49 401
78 324
56 372
479 135
342 374
8 459
225 237
168 415
290 397
294 54
300 152
392 12
364 437
477 52
425 448
79 117
491 26
443 12
157 373
402 172
91 377
463 459
442 342
223 317
240 421
416 280
474 84
117 498
224 274
69 317
153 363
445 399
390 25
498 498
268 439
279 372
60 272
484 93
52 347
226 440
188 372
489 331
458 445
143 439
244 347
86 152
116 440
130 317
132 347
230 488
73 347
77 91
430 204
62 407
378 480
397 441
149 434
359 475
334 381
437 277
124 92
115 153
438 468
270 372
471 326
88 347
487 159
204 330
468 82
30 210
332 22
57 435
185 151
371 389
303 103
313 437
152 438
33 344
85 377
40 363
34 332
353 48
58 423
131 440
165 203
432 0
243 397
419 363
415 170
449 353
299 374
349 382
4 191
63 393
12 240
144 375
54 167
193 202
205 196
389 114
16 373
408 352
119 386
262 290
461 169
55 352
14 332
370 315
37 414
169 462
426 250
236 421
72 368
139 372
490 308
258 372
123 317
211 250
493 251
435 323
447 218
462 94
497 271
485 204
27 157
100 34
61 336
0 290
282 389
377 100
238 351
162 107
276 303
350 15
114 0
64 405
393 4
135 48
66 475
137 339
439 286
22 292
459 12
112 325
452 85
94 303
385 105
492 418
122 303
229 48
386 250
305 475
203 138
495 374
486 301
450 306
440 392
488 101
466 351
451 182
