img005.jpg img069.jpg
53 99
62 207
69 154
72 154
66 207
92 200
56 55
52 48
103 76
79 75
105 81
137 51
21 170
172 122
45 51
46 76
147 125
34 69
39 83
35 76
89 76
76 119
210 51
74 154
33 83
58 76
48 84
141 55
60 154
195 73
32 118
27 83
28 83
73 154
75 55
101 269
43 269
209 125
54 76
169 56
266 122
151 84
167 61
406 140
136 251
41 84
127 10
153 73
5 170
40 79
155 83
182 26
309 127
50 83
44 76
440 140
158 83
104 144
29 154
181 73
160 74
91 165
143 125
271 31
352 236
37 170
38 79
118 226
488 47
150 74
305 364
95 195
283 494
148 74
497 140
161 74
100 178
276 236
85 215
171 233
42 121
303 228
55 154
81 170
282 378
119 74
157 74
80 74
135 73
83 154
409 455
17 64
156 83
179 207
345 127
36 76
483 340
186 251
116 386
351 424
413 332
423 420
30 390
99 132
9 10
390 140
1 326
51 125
107 46
453 322
286 330
317 252
159 83
395 140
402 376
199 409
476 292
463 132
336 203
456 408
275 193
428 421
284 428
430 139
349 364
213 236
447 3
113 282
63 444
327 161
70 18
412 221
236 243
261 435
338 140
201 228
323 211
77 226
326 338
379 359
382 443
377 378
121 282
216 282
281 494
175 324
214 241
343 381
298 348
122 67
384 442
397 337
369 491
315 250
486 280
361 364
120 10
193 3
280 372
154 394
245 140
324 318
471 409
165 427
185 316
481 215
407 408
13 475
128 272
252 226
212 245
422 57
26 297
111 435
196 17
273 456
192 403
206 251
6 19
464 224
203 253
461 20
469 224
487 367
455 140
270 409
329 241
11 336
278 302
208 390
439 478
388 339
435 14
232 414
288 424
133 67
454 57
279 37
178 303
190 168
392 481
436 152
164 409
168 54
320 475
162 47
332 339
496 113
197 171
394 12
318 431
260 113
348 330
364 466
415 330
425 279
493 203
301 475
22 348
393 487
145 268
421 41
479 277
31 84
109 8
262 361
223 64
375 326
485 219
424 152
478 347
443 113
96 10
218 116
429 484
265 252
355 253
389 466
419 18
59 138
115 140
445 497
146 378
230 378
299 405
398 193
434 487
61 18
125 317
387 412
300 410
293 227
358 110
134 4
418 36
289 193
93 79
228 241
353 147
88 31
173 78
292 232
23 32
225 354
24 176
8 212
416 67
441 161
231 228
391 348
229 164
314 249
19 394
263 450
204 18
250 488
126 166
316 46
363 388
243 130
462 497
465 156
259 206
467 282
142 433
257 215
474 302
14 410
188 220
166 211
431 405
253 193
249 258
373 111
219 268
277 162
308 380
442 57
16 6
354 216
47 498
468 224
102 375
227 491
306 390
426 28
452 379
372 346
269 161
498 282
144 380
170 193
411 430
420 162
234 365
296 140
123 214
130 498
235 491
285 228
291 303
244 303
84 493
427 224
359 494
490 346
68 366
311 273
321 430
3 153
401 52
480 164
86 209
132 161
337 359
339 250
205 19
0 355
90 19
470 236
492 120
350 370
403 155
251 250
475 282
65 129
473 313
71 193
449 277
495 161
448 282
110 127
460 123
472 391
138 9
417 197
367 255
381 350
233 475
184 37
226 228
238 272
247 2
297 3
322 224
290 39
371 430
328 345
386 302
380 414
187 145
307 320
347 330
18 63
494 253
362 104
404 264
344 201
200 73
108 462
294 7
437 264
112 174
313 306
414 394
331 208
10 331
433 18
12 424
333 240
489 440
131 335
410 377
246 38
2 319
310 127
198 59
202 475
217 308
248 316
438 270
272 362
466 304
458 245
342 4
325 322
302 180
207 381
368 268
20 49
7 366
191 16
491 475
152 398
383 246
215 111
211 14
499 219
4 203
189 25
82 422
340 250
177 456
360 174
222 110
459 64
295 157
482 141
176 340
400 373
174 45
268 156
330 488
237 358
149 109
64 355
267 189
319 442
399 499
366 18
163 393
256 263
357 434
450 430
49 115
287 366
451 264
376 366
25 407
94 436
365 232
264 201
78 277
180 31
457 488
405 4
139 116
224 406
446 317
183 164
334 265
385 467
335 466
254 158
374 42
258 57
221 411
477 138
356 284
304 172
117 256
129 385
239 288
140 136
241 208
255 122
124 14
346 21
432 228
87 332
408 192
98 168
242 233
67 188
274 249
106 281
444 458
220 228
15 450
396 4
370 294
97 336
341 80
194 227
240 278
114 398
484 423
57 334
312 43
378 199
