img003.jpg img050.jpg
380 379
235 79
175 405
266 241
139 442
239 405
301 336
325 379
184 415
375 177
303 225
34 308
296 177
66 79
364 336
150 241
394 336
339 370
452 336
209 177
340 292
473 450
330 241
316 405
399 379
146 308
227 241
112 334
237 336
459 103
84 415
90 451
11 401
216 420
426 79
99 423
400 84
183 496
208 374
271 225
383 462
288 462
44 283
124 456
486 415
343 280
397 485
342 352
350 410
154 75
223 244
484 470
453 379
445 318
174 362
111 202
130 420
409 280
385 477
119 410
101 496
1 413
405 338
478 341
299 453
311 361
335 484
418 283
196 487
327 167
173 334
108 456
402 496
143 185
392 361
456 100
241 370
62 462
313 271
346 225
388 482
210 397
363 318
94 413
166 469
144 407
103 191
176 413
19 453
37 185
206 442
419 213
421 434
318 35
479 339
46 448
188 268
291 456
329 153
96 469
65 241
92 308
275 292
123 191
474 374
27 379
391 280
164 471
382 400
393 418
331 0
185 362
72 191
121 308
415 318
286 8
328 379
57 322
136 308
424 349
471 170
16 318
160 39
258 394
51 459
38 397
191 395
236 384
333 20
450 462
423 446
472 182
78 308
85 351
366 84
67 411
197 13
261 460
460 414
88 24
276 447
284 1
61 462
420 107
107 336
215 415
256 466
368 372
26 364
55 367
259 16
211 496
357 496
45 414
117 341
431 11
249 407
348 477
443 438
193 402
451 241
8 308
22 386
48 169
80 51
104 368
425 421
252 438
345 398
439 485
93 496
128 443
449 413
6 84
178 420
54 386
56 271
386 456
33 442
281 361
497 169
272 413
440 379
290 169
47 202
50 495
477 493
49 484
24 452
411 434
190 456
298 341
156 185
149 467
232 200
434 346
138 308
315 353
20 183
485 397
277 373
389 364
171 153
406 323
355 245
359 106
15 191
265 167
280 32
292 458
358 439
120 170
379 398
466 445
476 343
3 451
189 452
300 324
228 11
70 452
351 226
153 283
9 247
470 458
98 84
155 442
373 468
493 286
69 437
377 489
157 426
87 447
246 202
336 324
86 25
100 122
222 143
344 461
32 455
199 489
250 428
76 496
354 225
152 373
492 107
494 418
7 467
468 373
81 108
255 456
116 389
244 487
416 106
226 39
230 457
202 379
233 446
97 418
253 472
163 383
168 148
447 441
0 413
58 419
279 451
376 432
278 201
309 226
321 318
214 419
109 341
371 474
462 374
302 422
442 374
487 436
194 412
352 361
2 292
482 438
64 364
396 6
113 404
158 468
10 403
30 200
441 421
282 84
238 343
4 412
324 365
187 392
491 485
122 270
264 32
205 20
172 497
433 6
221 7
192 434
469 464
322 370
71 370
488 324
297 338
106 496
289 415
390 398
52 399
465 484
43 395
307 479
262 384
74 336
428 353
417 170
201 241
73 458
347 496
245 305
483 328
247 400
496 285
23 99
242 185
306 462
308 112
162 421
254 418
140 191
36 369
283 184
422 278
430 374
387 458
361 439
372 462
458 465
89 170
68 171
287 371
461 461
42 408
401 184
105 185
135 107
131 341
360 467
475 377
17 349
457 486
137 426
432 351
79 20
480 336
195 412
362 311
200 226
207 109
381 402
145 451
490 196
436 454
217 415
60 268
29 494
356 373
40 499
314 198
75 417
274 263
198 202
129 345
270 373
446 399
181 22
127 338
412 481
102 73
59 467
263 389
448 410
319 381
378 371
91 307
151 191
326 220
115 495
269 462
234 308
268 96
257 202
341 287
365 73
489 274
467 454
369 323
395 191
463 293
53 84
41 244
39 263
260 356
31 356
455 75
320 305
370 170
429 173
177 200
13 247
167 359
437 430
499 423
169 467
374 467
464 324
141 263
408 79
182 421
14 308
170 459
481 241
110 202
21 333
147 390
294 383
413 420
148 419
293 22
5 496
225 226
304 428
384 415
337 11
204 408
310 94
25 325
338 245
334 450
438 108
77 351
444 348
35 484
218 353
114 185
83 238
349 341
427 185
118 397
248 344
495 419
186 360
142 424
410 453
12 453
126 377
180 496
203 365
367 196
133 283
159 84
498 445
165 196
251 305
414 311
305 415
18 185
404 471
332 458
95 0
179 418
403 22
273 496
454 93
285 469
28 404
220 91
63 495
224 440
240 430
323 146
312 84
132 345
219 98
407 387
161 474
213 324
125 426
82 464
295 91
212 443
435 397
267 386
229 264
134 490
398 117
231 490
243 198
353 308
317 311
