img004.jpg img017.jpg
201 292
151 132
173 231
161 231
72 35
43 1
38 132
469 490
222 132
56 156
149 156
44 133
174 201
366 442
273 266
8 142
342 445
302 347
230 303
236 232
32 154
117 232
198 232
393 442
154 266
25 159
157 256
68 181
33 232
55 181
156 144
270 313
58 156
282 308
135 121
224 214
29 394
168 231
165 159
1 273
31 181
276 214
155 231
186 282
227 53
131 394
316 416
460 477
253 263
245 16
259 265
401 229
211 68
42 215
175 178
287 307
231 232
291 420
77 137
62 195
188 350
353 406
163 226
162 174
116 117
471 216
405 183
456 442
40 57
297 16
254 198
179 98
112 51
363 347
84 403
159 51
50 121
82 231
498 469
343 401
481 475
225 181
181 303
76 306
140 163
190 403
141 233
89 148
223 209
235 201
482 472
369 447
486 464
143 195
480 477
30 154
172 8
34 156
219 16
283 355
86 110
478 489
16 51
79 21
129 228
153 238
408 307
226 178
441 62
354 183
73 190
193 184
275 183
39 64
145 195
264 147
208 205
90 23
85 165
20 15
28 148
459 445
54 195
221 87
167 156
237 165
109 161
26 98
194 101
359 171
59 273
400 456
448 456
187 23
107 195
217 92
355 413
23 15
203 194
267 231
304 406
51 96
176 92
420 484
215 355
281 345
303 247
69 102
358 357
365 16
67 23
49 224
364 345
105 163
115 190
255 231
128 16
169 23
324 295
199 403
118 198
242 259
53 172
272 195
106 433
452 393
491 121
92 89
177 184
12 416
142 403
262 157
395 468
333 354
258 184
484 467
98 174
22 41
83 113
171 8
104 113
350 476
397 360
146 74
362 337
164 205
437 479
48 413
323 259
380 295
444 26
184 161
170 161
5 168
24 187
244 362
18 156
45 392
35 13
87 256
279 300
389 340
472 83
64 294
467 225
66 113
265 345
27 17
229 251
256 233
335 125
337 363
260 157
463 337
94 23
147 449
280 436
257 227
37 28
111 44
497 483
99 26
17 53
476 424
367 316
310 290
317 297
61 473
483 337
96 43
183 157
240 161
492 103
78 51
166 176
136 91
19 8
427 245
294 338
329 309
495 85
443 337
137 195
435 357
195 348
388 453
205 278
383 493
241 421
103 294
74 190
430 294
122 227
144 317
132 403
361 27
204 383
490 497
9 342
158 96
123 247
121 251
202 439
475 457
15 307
113 167
360 488
114 416
315 357
319 102
261 109
377 374
438 103
474 453
81 406
210 333
191 140
100 102
428 388
125 203
207 106
327 394
407 322
394 428
233 462
447 453
406 217
88 206
196 33
246 283
11 6
63 221
250 24
330 285
340 307
133 195
390 465
479 357
470 286
345 446
266 222
306 284
450 1
296 285
138 270
10 5
52 102
218 320
299 19
271 109
268 307
349 14
47 102
126 291
409 14
466 464
462 357
373 350
93 286
356 401
387 393
412 294
429 407
370 461
338 99
404 462
374 406
152 175
446 286
485 294
494 327
102 485
322 457
290 467
403 357
21 79
232 284
7 371
228 241
423 406
464 472
110 177
493 160
332 337
426 294
0 333
321 490
465 83
499 58
41 367
57 166
346 58
357 473
263 345
248 289
418 402
339 14
421 403
239 350
445 453
496 462
288 411
320 283
414 357
451 102
410 195
65 124
344 222
391 360
436 221
413 391
13 449
238 383
368 352
182 417
455 279
71 289
80 428
301 441
488 383
439 300
440 296
292 316
402 169
434 439
214 298
347 120
277 93
91 343
328 460
150 367
134 302
180 237
3 112
108 300
192 260
396 10
4 351
372 99
341 330
468 356
325 358
97 434
425 348
326 336
313 453
308 492
289 298
489 43
220 294
384 58
398 171
416 291
352 458
487 451
285 43
334 114
422 491
375 363
449 465
189 13
305 140
251 392
295 253
213 286
269 488
311 195
14 383
286 109
185 125
293 459
381 424
209 171
461 26
331 218
120 389
216 415
312 389
473 361
379 128
385 18
442 143
197 455
178 383
298 392
60 9
314 329
200 286
376 483
307 185
46 443
453 348
101 171
300 289
119 33
431 160
457 200
130 374
477 323
309 46
458 489
6 85
247 417
95 71
206 387
243 13
424 295
433 111
212 490
124 99
399 25
392 355
336 168
386 58
249 290
417 99
348 25
139 66
371 253
351 83
2 452
274 286
36 409
160 236
411 30
318 392
419 292
127 143
284 329
415 242
70 10
382 29
278 80
432 453
75 31
252 424
454 416
148 492
378 402
234 383
