img023.jpg img029.jpg
452 87
251 179
328 189
487 189
340 187
132 129
370 87
308 203
420 390
303 71
378 203
475 22
344 232
426 148
53 40
457 248
380 284
278 232
409 307
97 441
379 213
214 129
145 148
421 375
499 174
281 232
14 124
396 17
225 51
440 71
210 168
441 120
216 407
492 155
38 226
295 414
454 325
161 260
438 129
397 187
258 189
237 71
193 352
205 47
102 290
470 87
460 159
202 129
406 404
331 42
437 179
5 174
404 249
319 168
386 189
167 56
92 499
486 390
466 53
497 385
395 443
402 137
424 493
321 15
273 50
137 129
257 49
82 317
222 295
288 254
286 460
159 178
359 295
177 487
346 187
113 421
236 109
383 320
264 215
194 204
355 441
47 203
84 19
242 390
130 189
313 460
413 229
227 263
49 249
477 189
201 62
448 76
221 316
469 80
55 282
68 230
269 215
151 179
36 5
338 120
431 152
20 335
58 488
13 226
199 217
168 416
217 404
18 260
143 451
422 189
32 174
110 75
306 214
436 105
481 492
100 108
67 472
203 260
294 390
364 383
29 333
108 418
115 226
191 339
489 272
329 136
434 297
4 84
241 20
498 472
348 42
459 168
291 20
374 443
148 88
394 317
467 431
461 183
73 14
484 290
439 105
399 295
414 178
333 213
39 93
332 231
351 453
253 290
488 142
195 53
430 14
494 59
141 470
245 143
385 267
265 276
326 354
368 479
230 472
190 88
139 40
435 231
471 144
478 303
249 260
181 385
200 69
412 187
165 275
64 178
94 342
305 71
390 68
106 253
180 308
226 134
35 461
419 409
140 143
352 269
124 178
247 19
317 62
473 129
480 268
256 308
373 404
42 190
387 279
85 87
126 174
445 334
98 189
41 63
456 71
52 132
371 117
99 479
391 35
443 437
147 443
209 446
361 108
22 236
365 138
78 217
474 19
21 129
144 49
362 292
248 112
428 95
89 58
206 416
405 418
401 209
450 132
310 148
388 385
219 174
296 14
71 352
153 242
173 498
272 282
482 437
287 107
119 384
315 53
358 335
155 155
483 159
260 15
164 411
26 161
458 203
172 232
197 151
170 141
212 470
62 497
70 294
154 51
433 71
215 64
93 174
274 310
44 129
72 142
284 148
218 373
7 54
496 189
220 260
80 201
185 98
33 187
25 74
299 230
11 51
323 70
356 276
311 58
400 164
45 436
198 324
101 262
262 342
334 66
129 139
116 336
382 375
425 166
61 272
449 35
309 5
300 108
316 84
324 136
142 1
152 58
485 129
490 255
493 71
128 251
322 311
178 256
88 62
280 24
367 379
476 189
233 89
384 137
10 178
69 353
453 221
156 168
96 384
408 200
43 58
254 437
302 168
231 269
105 311
393 409
432 127
292 456
472 129
342 407
188 462
423 115
135 474
381 317
464 391
418 189
0 54
330 463
263 12
48 320
86 328
103 32
495 437
285 358
244 37
104 68
350 129
79 54
163 441
46 148
83 392
320 174
175 88
34 129
403 437
31 340
37 44
335 382
389 68
357 12
59 71
235 71
398 332
118 131
318 498
91 135
12 46
312 7
232 295
204 114
415 294
174 446
234 37
196 132
347 485
160 471
372 343
353 142
171 37
327 498
417 453
250 14
462 58
157 187
283 186
416 226
8 58
276 354
74 416
134 159
138 362
238 109
268 385
270 380
407 79
444 51
51 113
66 439
429 328
149 358
77 467
120 226
123 454
349 97
15 469
127 380
411 187
479 132
23 103
111 267
267 238
442 330
90 467
169 187
447 174
117 356
136 442
150 12
107 462
465 245
290 318
491 484
451 189
65 61
56 409
266 202
131 275
360 82
376 247
121 71
162 322
246 178
369 336
293 161
366 20
9 461
271 81
252 263
363 300
50 18
122 134
275 14
304 53
341 164
28 320
446 164
17 233
19 178
239 282
410 81
76 161
158 446
282 473
3 14
24 245
337 309
186 84
354 78
427 74
279 272
297 260
16 2
125 112
182 277
112 124
301 211
57 267
224 354
261 480
255 282
228 412
229 92
166 260
339 471
325 326
343 300
243 101
377 84
109 251
223 476
192 499
95 212
63 309
75 177
314 260
146 71
179 162
289 69
392 389
189 129
6 56
54 277
207 74
184 161
468 328
307 12
30 14
213 14
40 311
455 159
277 274
259 23
133 187
211 263
208 283
87 173
187 117
60 320
240 44
2 250
27 353
176 169
81 312
345 282
1 74
298 88
336 134
114 97
375 189
183 462
463 82
