img020.jpg img030.jpg
330 344
209 361
384 394
185 221
174 249
333 484
161 287
121 304
41 287
168 344
99 196
155 67
427 388
313 278
476 363
123 216
69 103
433 216
200 360
111 385
81 0
253 67
137 50
208 388
201 238
252 290
39 49
148 310
334 8
404 363
442 15
47 272
324 246
484 313
153 379
413 15
170 412
206 344
357 385
71 157
285 88
289 388
415 261
59 227
475 11
151 242
219 249
52 310
471 19
110 10
347 177
88 426
218 8
31 310
205 226
457 69
261 28
14 360
315 361
226 47
197 116
317 10
235 277
400 137
228 497
12 135
273 50
187 297
140 50
34 333
135 32
229 162
244 133
329 41
388 428
189 189
149 360
495 479
75 420
341 454
498 231
486 363
405 348
207 457
10 171
349 177
25 8
62 11
464 81
164 173
144 226
255 392
452 278
462 137
104 333
105 172
428 79
450 469
237 53
165 120
133 68
108 1
72 420
169 372
21 347
414 437
446 86
77 465
50 32
138 293
320 175
1 279
311 204
119 226
223 499
407 465
327 49
494 65
190 388
259 484
221 50
29 359
191 279
64 50
480 254
314 213
373 198
463 93
112 10
489 360
230 102
377 15
419 77
204 323
451 113
93 14
199 381
481 72
483 406
55 3
436 223
470 379
176 67
492 310
246 148
361 389
477 479
30 431
35 359
278 50
264 313
356 369
68 280
91 319
147 8
212 388
239 302
249 256
20 14
478 200
353 427
40 257
298 106
443 269
491 475
78 350
257 290
455 1
54 61
282 329
316 404
98 106
393 238
339 14
281 157
2 121
302 101
447 445
73 294
241 57
56 329
460 256
318 384
441 406
461 160
70 79
113 238
192 310
397 406
418 342
49 279
270 270
348 427
487 455
378 246
332 428
350 80
473 15
310 461
417 471
160 77
243 191
287 295
355 386
23 221
43 307
66 242
301 489
203 401
468 115
445 310
13 315
3 360
100 467
499 357
11 326
449 112
37 151
103 233
362 465
303 67
369 14
95 120
117 95
368 34
152 144
337 450
344 168
421 1
420 240
171 28
300 353
245 311
387 1
354 431
248 72
364 191
409 28
202 450
167 47
8 272
268 90
380 155
42 88
381 0
408 9
293 436
432 346
497 276
307 433
444 479
184 8
398 222
465 270
214 32
275 238
166 198
474 32
286 11
58 49
231 0
15 41
74 95
198 353
61 32
276 297
283 406
97 38
346 79
96 226
156 406
173 398
365 24
430 258
360 189
385 444
157 162
258 123
263 465
186 189
274 192
437 301
326 47
363 407
391 80
125 349
312 67
386 79
65 72
18 499
379 90
115 117
435 348
46 392
85 464
403 459
80 458
83 200
440 359
181 20
422 141
180 204
272 337
51 201
220 202
238 101
331 416
410 231
424 1
130 137
196 100
299 127
79 306
323 95
372 99
242 49
215 100
375 90
482 60
53 221
182 7
32 48
308 479
236 420
394 317
188 166
38 254
395 228
4 0
227 372
338 1
139 407
177 147
469 1
136 447
392 395
425 1
260 147
290 351
5 115
399 304
458 357
126 447
224 336
305 290
321 323
453 74
467 132
345 84
472 113
466 155
7 96
33 242
266 242
401 329
57 226
306 184
118 233
45 103
131 243
217 414
216 232
129 139
254 7
412 240
335 331
213 392
67 205
159 126
265 385
28 402
141 374
232 238
448 297
485 100
86 30
107 88
122 61
127 467
343 149
48 170
234 479
304 491
76 19
297 317
193 389
247 199
438 361
269 273
325 359
142 393
434 455
120 303
342 244
145 362
490 457
370 93
210 467
371 168
175 390
426 197
211 64
163 411
194 449
340 205
82 139
146 378
172 303
454 236
101 47
488 72
132 19
154 304
411 490
284 241
44 304
9 310
195 256
24 157
17 102
296 485
328 399
124 359
367 265
102 297
6 372
423 1
22 303
36 303
429 446
63 144
374 358
26 258
84 341
250 35
27 246
366 16
233 304
295 345
376 393
262 198
89 22
277 450
271 201
267 193
416 200
178 297
383 358
162 1
256 94
389 171
390 71
106 85
280 499
222 397
479 472
351 233
150 315
396 383
402 2
322 19
183 439
134 318
358 455
19 354
309 95
92 108
179 32
336 186
128 353
251 204
382 480
87 136
291 264
288 428
319 301
109 272
116 105
439 113
496 221
352 295
459 496
294 165
431 71
493 338
114 162
225 379
406 51
60 48
456 23
279 191
16 204
240 497
143 104
158 290
359 477
94 497
0 316
90 483
292 351
