img014.jpg img034.jpg
483 329
315 347
379 472
172 253
8 487
3 113
183 485
14 329
447 142
406 458
220 113
101 354
200 379
338 427
368 379
17 397
301 397
142 458
236 128
202 379
322 253
69 12
235 253
58 253
300 84
161 397
411 459
110 25
65 253
6 441
316 379
129 113
86 379
372 368
281 487
485 349
194 397
134 409
96 402
106 409
171 62
27 194
365 397
66 253
488 242
490 448
29 103
420 142
404 402
293 166
397 360
125 441
296 25
233 253
383 198
391 397
137 171
413 401
333 488
88 379
166 342
299 391
496 173
152 397
243 379
304 379
311 402
461 458
373 397
415 458
313 410
204 375
408 427
193 487
344 497
33 492
329 441
230 450
153 282
425 441
437 441
107 473
358 427
73 427
253 483
34 468
247 397
382 425
414 427
288 25
367 459
429 464
396 312
289 379
139 375
471 2
448 468
395 491
417 338
212 442
306 57
351 476
366 360
156 379
359 400
273 113
43 467
279 475
310 476
74 497
331 219
123 453
151 370
473 51
136 374
410 468
443 440
238 409
449 329
274 472
433 499
258 162
492 153
280 481
385 487
104 497
191 421
160 415
255 401
18 422
244 472
72 435
181 194
468 100
112 27
297 427
361 402
25 453
111 473
76 417
284 397
363 398
254 422
356 84
392 490
62 370
195 422
318 284
456 400
266 459
428 400
290 312
249 96
267 99
250 467
321 448
346 472
474 476
278 485
277 356
341 25
450 289
454 397
486 476
222 253
20 246
103 178
340 397
326 385
453 0
375 402
184 401
209 473
419 370
240 232
350 419
434 459
67 312
54 253
452 242
12 136
120 464
345 208
498 351
21 444
60 321
127 276
303 499
323 421
44 62
206 342
80 286
215 391
168 401
362 174
398 289
75 354
45 356
199 453
275 274
327 400
118 253
271 487
463 473
353 453
466 499
424 3
237 329
155 488
217 195
79 390
339 458
370 347
257 487
422 375
167 476
23 433
85 477
270 210
354 391
201 389
207 379
335 30
146 440
325 99
403 474
78 306
94 212
478 36
380 496
169 487
423 319
377 379
472 391
135 53
343 488
231 414
121 379
337 246
479 304
131 361
499 117
164 371
374 397
319 197
460 370
148 287
53 422
149 162
251 144
376 246
444 305
286 113
459 481
405 343
407 246
389 66
317 389
95 247
400 371
283 174
210 379
349 385
482 329
37 473
285 386
355 389
228 488
348 273
61 477
83 453
276 402
388 50
441 461
116 143
165 417
42 102
248 492
113 429
246 351
332 401
432 296
35 412
226 470
4 17
229 490
48 73
187 468
192 37
260 97
381 375
394 99
334 354
261 421
480 153
133 312
470 219
89 210
180 397
211 347
384 489
0 397
30 259
40 183
216 197
464 380
84 178
176 286
262 67
7 389
38 62
71 80
205 397
360 217
438 366
221 182
256 30
487 464
430 117
51 176
387 185
252 253
393 148
22 226
342 164
147 394
295 482
442 319
203 476
489 257
218 478
309 264
324 292
126 80
213 397
158 246
26 171
159 379
100 423
371 282
19 470
102 102
239 171
87 424
150 116
467 356
491 166
115 20
145 143
16 460
469 432
124 462
421 388
31 289
177 467
182 453
223 463
90 248
412 290
264 476
328 467
399 246
364 26
39 397
57 292
330 429
439 368
418 311
70 236
241 429
287 434
272 188
13 84
214 400
190 344
336 339
435 294
143 441
347 337
227 429
268 140
144 51
265 15
462 102
93 463
138 226
174 317
481 325
9 386
357 366
63 450
132 448
105 487
294 257
46 202
99 408
170 381
352 153
173 487
198 143
427 309
493 128
162 498
10 286
68 256
185 399
314 63
55 386
77 304
477 328
307 489
175 491
122 359
298 246
49 181
140 370
269 375
458 319
188 206
497 416
219 143
245 385
305 274
312 427
28 131
178 161
11 95
163 128
224 219
436 110
259 157
445 274
81 256
117 466
431 470
451 406
402 366
416 473
401 451
409 59
109 399
15 370
56 84
130 490
32 419
196 409
302 496
179 265
157 344
455 174
47 400
494 385
386 66
292 22
141 144
378 395
92 428
390 258
36 473
41 416
476 468
440 264
5 239
475 406
2 331
82 399
369 140
234 123
208 61
52 298
97 371
59 225
186 399
64 385
242 208
426 39
465 231
108 428
91 459
495 493
119 105
24 356
189 289
98 468
114 43
197 356
457 255
154 298
225 210
232 468
308 12
263 202
1 268
291 256
282 65
320 434
128 356
50 265
484 375
446 378
