img027.jpg img060.jpg
56 110
175 380
117 215
133 297
201 138
98 20
2 270
87 50
145 156
205 191
214 314
295 426
444 136
162 354
480 1
235 361
233 104
359 315
353 114
428 263
469 103
160 196
323 193
136 263
445 99
70 110
94 99
426 110
376 136
236 380
276 380
53 136
197 422
475 250
96 6
497 243
496 103
169 77
253 110
51 196
60 160
315 315
48 103
155 407
164 103
310 243
443 256
320 366
454 89
373 376
141 174
190 50
32 237
121 476
402 396
424 338
104 275
152 136
275 138
395 412
266 405
174 103
294 5
74 385
492 378
453 315
35 235
429 20
3 331
26 136
13 330
206 104
256 0
283 452
491 339
383 176
259 196
143 65
221 452
100 7
407 256
242 336
327 154
20 314
300 473
447 382
128 38
391 317
261 218
202 426
316 234
400 143
456 187
106 423
435 110
181 143
360 143
81 148
189 469
58 6
431 363
449 308
88 233
347 121
42 140
216 452
21 214
487 203
381 265
460 70
59 237
398 110
180 215
187 25
91 307
280 498
354 187
389 16
24 419
346 70
9 365
440 412
239 50
307 163
399 155
243 136
46 218
311 3
137 315
75 414
101 424
16 174
111 375
49 196
112 441
326 25
458 335
123 71
267 71
47 451
260 43
274 473
248 154
450 265
168 409
317 154
332 238
142 38
422 216
166 361
227 237
131 86
427 265
158 243
298 266
417 256
195 96
186 366
89 498
476 77
378 233
343 390
82 286
116 121
1 375
288 157
328 154
113 110
159 164
413 126
73 237
129 410
66 8
144 379
486 272
301 6
459 243
410 104
62 297
238 320
264 201
392 460
341 15
119 247
171 337
433 361
39 361
57 148
409 334
251 157
19 441
37 50
416 323
163 43
342 103
448 38
224 356
467 289
203 76
232 247
361 151
124 157
125 196
271 348
419 315
386 321
485 335
374 408
151 285
228 175
150 393
237 358
34 1
170 236
464 187
329 465
22 393
297 355
308 99
92 449
388 16
182 23
68 474
31 169
405 37
213 285
420 263
269 479
477 54
494 329
200 92
244 373
147 233
149 389
451 307
273 463
461 412
52 273
78 174
351 34
375 136
110 237
438 172
278 239
272 120
324 263
348 275
465 169
12 68
436 103
319 355
365 170
69 1
156 361
38 492
379 196
396 317
439 366
95 351
412 250
382 191
457 40
364 441
463 433
262 378
387 78
466 367
468 328
498 426
211 237
234 68
309 476
72 476
172 26
314 12
338 155
165 242
120 260
161 241
334 366
33 61
411 308
185 191
363 363
61 436
71 136
313 176
452 265
229 315
50 397
153 357
246 57
336 136
30 236
293 498
455 331
192 442
157 38
384 144
277 23
148 39
130 154
403 172
43 336
79 68
414 328
196 121
352 243
282 315
337 197
178 0
292 259
122 308
241 405
377 117
281 435
430 187
321 403
140 177
220 351
108 131
380 8
45 171
335 91
126 432
55 481
199 23
191 326
340 78
204 333
146 298
249 285
442 365
473 100
207 443
493 367
179 40
193 498
418 211
482 188
65 476
423 284
333 209
258 368
499 464
446 110
358 188
115 65
176 34
415 314
215 196
132 313
212 185
252 136
369 438
231 178
90 486
362 349
357 382
406 8
36 435
437 461
394 237
135 407
306 1
105 314
401 366
304 62
40 389
184 348
299 368
481 51
25 237
114 293
367 271
370 435
29 427
434 37
484 173
6 27
109 284
222 313
250 89
289 147
421 106
279 285
397 363
54 120
97 335
67 130
230 333
356 226
441 484
270 366
393 106
302 246
76 322
218 393
305 284
18 128
219 183
489 239
284 393
198 68
355 416
366 51
4 314
265 417
0 34
17 130
138 421
372 302
255 256
7 348
194 51
134 99
15 445
154 399
325 366
330 108
63 291
245 460
102 224
85 498
350 104
44 263
118 78
86 121
425 131
312 424
167 65
84 250
344 265
287 108
331 8
408 265
268 104
10 274
223 68
217 427
210 182
41 16
5 136
385 56
80 143
488 408
291 23
177 242
318 266
462 190
27 373
23 430
483 197
247 35
93 382
183 69
209 99
14 0
349 486
404 435
478 345
303 38
127 333
432 289
345 355
290 85
472 34
64 375
286 117
368 34
226 405
208 94
225 255
322 378
254 159
77 315
11 238
188 454
28 84
471 265
240 227
479 424
139 477
107 499
470 250
103 214
83 162
474 65
8 140
371 43
257 402
495 106
99 236
285 197
390 416
296 331
263 448
339 408
173 196
490 80
