img013.jpg img054.jpg
91 360
149 360
240 360
81 360
122 464
350 392
484 477
458 404
109 120
297 321
481 471
291 0
177 294
253 303
407 480
208 124
384 480
423 251
285 233
178 303
419 0
51 223
104 445
3 142
156 298
392 257
227 181
283 418
377 0
161 372
54 243
461 289
110 65
95 140
359 233
216 311
428 373
343 298
233 65
203 56
192 445
59 106
73 112
173 294
145 356
164 187
181 274
112 317
185 243
222 120
66 418
262 120
105 223
23 289
324 392
199 479
197 317
244 457
327 279
266 217
453 369
485 470
427 455
276 174
495 372
155 120
238 71
313 418
55 207
190 251
316 460
46 217
226 286
376 373
466 387
31 332
67 260
127 499
287 124
96 88
187 427
152 434
288 310
348 287
441 341
284 148
205 303
309 140
15 370
363 267
475 289
202 445
131 466
61 445
397 429
123 486
21 192
448 451
44 321
421 298
140 445
34 195
340 372
452 371
136 82
204 28
405 289
304 420
223 260
225 317
207 0
385 441
460 334
138 65
245 451
328 379
383 289
7 461
393 328
497 498
22 409
217 356
394 378
341 245
100 471
101 216
361 108
382 121
473 412
63 315
69 445
43 120
479 338
111 307
259 451
146 474
325 445
135 223
279 496
258 403
270 283
349 435
150 113
143 215
170 176
175 174
386 98
33 187
74 48
79 431
367 421
36 290
35 97
413 314
115 96
371 335
87 50
174 389
443 480
117 73
141 275
254 55
442 94
90 498
430 468
249 221
132 429
0 321
239 279
80 420
269 262
172 420
337 276
11 66
27 342
493 471
228 55
47 486
334 384
491 394
352 480
498 284
294 480
322 167
494 414
49 366
332 423
489 389
17 96
113 453
211 460
255 487
188 77
381 472
418 310
271 96
402 0
76 87
366 334
12 106
4 486
292 257
311 223
98 207
243 452
229 98
391 410
401 498
14 390
358 420
50 140
182 139
487 113
128 374
432 243
42 435
179 472
231 260
450 314
388 416
94 486
345 479
48 251
499 56
171 474
107 371
282 254
368 341
62 445
296 233
218 389
457 203
486 398
41 481
344 303
436 288
365 373
221 68
290 389
28 251
251 498
400 121
97 406
160 245
189 82
281 94
306 139
323 474
88 289
326 445
375 222
72 246
465 88
335 52
25 45
70 234
148 96
106 461
356 243
420 388
447 139
451 274
476 155
201 474
333 104
307 420
235 445
396 378
299 445
417 334
18 464
455 50
303 28
318 445
467 95
71 67
60 486
273 82
280 140
412 112
265 490
315 402
6 223
142 446
206 187
305 71
93 1
165 417
488 430
29 337
246 139
83 420
431 341
16 217
435 378
496 260
53 279
116 452
37 345
84 172
119 437
390 276
433 422
472 289
248 42
134 271
158 448
289 260
237 71
312 45
362 445
268 406
272 130
300 430
387 199
415 451
5 477
151 319
338 96
437 1
121 170
314 335
20 279
474 277
26 57
32 340
64 391
162 140
215 325
351 490
232 448
193 412
57 113
399 429
133 288
250 325
38 217
154 233
247 139
409 257
424 403
39 116
295 45
373 326
278 233
286 124
372 259
89 120
354 445
482 334
78 352
263 489
320 328
321 318
224 331
24 433
403 9
212 389
456 271
191 389
410 445
236 391
395 242
126 351
8 273
198 477
108 113
275 204
167 412
13 308
277 73
477 81
166 475
124 42
139 120
200 113
9 371
414 277
30 9
339 328
129 96
196 459
411 445
469 200
480 279
336 473
214 384
329 218
144 390
406 299
416 355
422 32
483 418
241 319
355 73
157 405
125 486
369 65
360 433
65 143
169 478
429 289
439 334
438 393
114 253
103 178
176 282
301 300
56 390
120 433
86 413
213 452
45 45
130 445
293 51
261 300
118 231
404 457
470 388
426 346
147 256
184 352
252 343
1 140
274 335
298 480
342 110
398 466
168 483
10 365
380 421
234 45
257 71
444 401
264 473
445 334
330 325
331 170
446 190
463 56
77 312
102 430
153 438
92 302
163 45
317 391
346 351
370 206
478 482
434 346
159 87
468 284
85 445
492 9
82 289
2 81
408 54
490 291
195 93
347 273
256 93
308 221
374 214
230 353
75 50
353 486
379 412
364 490
459 493
462 396
357 37
194 91
449 321
260 177
378 457
58 465
425 202
242 434
267 390
440 416
52 390
19 289
220 77
99 298
310 437
471 280
186 50
219 483
454 121
389 289
40 240
319 273
68 37
180 104
464 495
210 64
137 287
302 288
209 437
183 291
