img007.jpg img051.jpg
294 281
276 299
404 331
360 299
27 345
280 346
363 468
344 286
317 74
154 345
284 468
366 112
390 299
271 136
471 75
282 136
245 74
380 331
193 8
369 488
40 358
69 46
170 331
266 346
346 392
156 356
351 283
465 356
261 346
422 34
414 435
197 299
145 8
324 484
153 489
242 413
17 440
81 8
38 100
178 435
326 8
21 24
479 482
310 411
483 498
94 374
442 201
44 346
327 212
264 383
338 481
448 383
452 389
367 235
190 8
101 331
321 92
203 299
128 155
234 112
487 392
389 481
393 448
309 339
457 482
315 60
274 419
328 419
58 282
166 286
258 234
59 440
260 8
60 286
77 424
85 414
396 151
200 138
198 411
468 389
57 319
157 389
494 143
463 343
24 3
456 112
476 255
370 457
446 343
375 454
124 408
204 445
312 418
475 199
391 212
330 331
174 94
308 345
281 290
207 58
55 106
283 283
262 364
219 58
56 454
436 151
91 207
411 428
7 441
305 470
1 331
359 255
188 440
440 331
110 212
250 498
469 112
300 448
325 345
232 211
158 345
213 75
224 8
185 413
226 14
318 405
458 136
54 8
425 389
342 187
362 370
265 5
455 475
486 489
126 452
403 343
4 477
11 454
381 106
431 106
320 8
492 209
410 467
246 202
129 391
288 70
473 212
257 136
289 498
439 112
90 477
496 344
162 132
444 343
489 290
147 456
34 211
348 406
2 232
196 201
329 104
159 483
10 440
105 331
340 299
467 70
51 439
61 34
92 67
122 3
447 444
205 497
180 281
30 24
140 196
354 74
314 34
9 343
236 137
33 355
387 284
106 359
438 343
296 120
449 280
88 289
499 207
208 286
356 106
273 139
89 483
311 384
402 136
79 355
378 289
478 374
119 89
164 340
445 211
97 138
355 345
336 444
423 406
43 499
104 411
217 289
349 133
313 106
397 46
399 286
373 282
151 440
358 187
132 294
70 63
255 492
490 389
32 283
96 125
253 138
169 488
374 411
143 427
394 484
333 109
67 136
306 299
68 46
123 497
395 411
127 389
339 143
316 374
292 419
206 426
71 475
186 120
400 14
405 207
107 361
192 357
74 399
459 286
6 466
220 483
477 437
116 289
179 448
350 128
361 473
451 389
212 5
430 363
72 299
398 354
171 100
177 373
161 383
286 400
141 494
214 4
303 448
488 426
8 235
0 147
228 435
272 227
37 215
244 165
357 120
413 26
221 374
241 294
36 343
421 459
434 290
347 127
383 356
441 207
131 445
429 363
160 497
248 46
460 469
254 97
495 365
66 56
150 429
168 468
181 424
82 83
103 347
138 373
12 281
137 33
384 89
14 200
470 51
290 356
252 139
256 112
95 235
249 207
134 397
263 298
25 438
225 314
229 294
337 120
481 136
121 294
139 37
50 8
461 361
19 411
293 148
238 440
408 212
42 83
112 34
379 470
269 60
29 294
435 226
482 14
450 46
195 415
75 281
222 97
117 130
334 89
167 37
491 107
415 451
235 361
372 418
401 482
64 56
335 397
368 355
412 8
462 289
62 56
352 399
345 75
5 68
243 227
419 402
99 135
76 395
409 454
341 232
299 107
63 397
202 33
301 362
183 46
485 393
474 347
493 200
111 482
278 445
388 120
443 355
371 314
322 492
16 212
20 354
386 136
52 78
86 26
152 62
251 477
53 391
307 89
392 169
285 331
80 489
291 47
297 443
343 8
78 413
406 402
287 39
239 106
240 451
211 346
18 355
48 129
118 100
144 428
484 43
466 13
149 440
218 483
437 37
175 23
319 289
385 434
142 408
216 137
480 187
163 75
376 413
35 250
426 165
15 374
464 435
230 498
302 8
120 346
277 468
331 100
432 457
135 39
259 79
298 498
428 199
45 427
454 456
498 3
172 339
424 19
453 373
407 361
31 135
108 495
109 324
270 492
176 383
353 398
125 488
41 106
113 41
279 448
377 58
155 209
133 408
433 314
93 60
417 169
114 374
73 5
187 75
472 406
497 428
173 265
194 43
304 428
3 134
189 362
215 89
227 450
364 497
165 270
28 443
46 481
418 413
237 3
13 32
83 70
323 164
47 74
295 188
201 147
148 453
84 422
65 439
22 373
98 165
184 478
209 483
268 270
26 39
231 314
420 380
49 401
102 488
247 498
382 205
427 466
275 294
267 330
223 219
416 107
233 80
130 29
115 53
332 421
365 195
23 137
210 43
182 33
199 258
39 82
146 56
100 32
87 161
136 53
191 354
