img001.jpg img020.jpg
235 168
178 41
82 457
205 148
443 249
219 407
475 249
476 155
283 107
248 218
300 205
321 407
175 75
92 230
29 335
104 2
231 47
310 207
364 428
260 137
42 155
373 14
64 445
360 230
103 298
274 218
447 205
241 462
455 137
267 190
485 75
401 152
393 29
394 35
245 41
379 477
291 257
70 1
254 185
66 387
328 495
377 119
370 217
91 39
15 100
202 207
143 205
359 267
489 137
448 74
102 498
427 155
412 230
468 189
62 111
215 297
334 105
243 2
256 493
355 462
225 332
296 394
346 110
167 486
49 241
398 107
69 476
404 349
23 138
294 39
471 370
68 480
169 365
308 407
383 69
154 452
223 452
409 148
295 499
197 430
26 151
368 383
304 230
203 44
98 337
105 110
160 129
270 184
129 35
9 75
392 200
126 2
221 164
423 97
120 69
380 41
290 49
337 41
11 462
96 188
454 441
345 440
311 137
135 493
233 24
498 235
366 201
134 119
449 253
286 111
408 357
479 119
32 329
344 46
46 187
397 184
451 299
170 339
362 400
391 475
89 248
477 373
306 278
60 77
18 47
78 111
261 493
342 77
84 300
269 75
35 411
183 463
234 187
251 255
81 193
307 497
10 404
365 476
374 2
190 346
218 498
240 387
163 23
117 346
216 378
252 164
487 324
435 452
181 424
465 67
280 436
305 498
319 11
375 483
464 162
110 203
164 252
381 111
173 305
426 222
402 326
150 357
298 191
244 424
441 1
101 387
324 206
63 275
413 119
50 174
127 433
301 54
458 46
106 31
31 200
141 425
336 436
122 24
329 288
425 255
107 204
437 452
417 427
137 335
434 481
315 498
246 68
302 384
130 208
369 418
467 181
166 165
403 481
108 462
119 497
287 281
24 17
199 245
20 464
472 403
208 17
255 75
276 205
161 59
415 394
99 61
320 294
453 121
388 187
94 462
113 404
237 480
273 384
436 404
338 299
21 245
390 1
28 149
356 187
186 254
376 498
361 111
80 223
326 182
14 296
211 2
48 218
214 365
371 378
179 108
432 43
121 418
180 387
79 321
118 11
145 4
313 291
445 471
87 424
1 115
395 200
165 223
115 364
382 265
33 105
430 380
76 298
140 61
414 84
54 168
210 70
422 168
97 205
299 278
184 12
212 243
242 305
88 133
442 200
482 475
138 329
53 186
72 169
247 47
352 4
56 373
25 432
419 335
461 379
478 49
142 498
440 256
158 445
12 449
43 194
284 1
16 11
51 87
195 327
418 324
281 224
128 364
83 197
433 277
410 466
3 264
116 333
303 311
400 213
469 24
6 415
34 480
123 144
264 257
486 105
177 282
285 339
463 54
52 23
157 259
312 495
333 480
147 241
196 449
480 452
238 352
73 330
171 377
293 267
466 369
55 151
259 348
358 111
239 37
322 454
193 218
226 341
428 397
229 111
22 489
36 477
439 429
405 303
411 74
309 333
316 11
125 325
275 276
444 329
86 212
148 335
263 400
227 233
431 54
421 332
420 243
459 167
61 442
347 164
7 357
335 235
495 21
192 106
58 486
198 177
159 470
297 218
189 246
339 497
332 108
343 497
131 235
317 375
389 175
224 415
331 418
438 122
200 116
416 122
494 255
488 430
93 208
446 169
325 243
378 408
350 112
271 384
497 289
201 254
363 115
207 198
266 279
59 241
191 344
228 284
258 337
278 265
139 332
354 308
194 384
2 223
38 346
176 5
111 314
144 4
257 430
340 15
277 2
249 305
456 16
188 228
136 187
348 268
492 291
473 87
279 277
282 379
457 175
460 380
407 180
470 379
484 100
387 301
372 153
265 488
353 122
399 462
323 302
318 124
19 170
272 348
499 157
0 180
185 183
367 3
424 335
114 310
155 208
429 129
77 369
100 40
151 422
384 401
75 307
349 480
27 249
493 343
153 179
109 307
47 76
133 332
253 212
386 421
222 200
491 2
289 7
357 8
45 477
462 213
250 448
95 430
288 308
90 442
30 80
57 332
156 422
232 335
406 102
5 316
182 476
396 185
149 169
385 110
168 456
37 235
67 429
162 317
8 202
152 451
341 232
41 143
13 334
481 87
330 225
44 212
71 257
187 170
483 451
236 409
206 86
124 378
39 19
351 74
85 307
217 5
209 342
450 382
112 198
204 292
452 140
174 36
262 351
230 77
65 271
172 366
314 308
213 28
268 174
40 256
292 115
220 136
74 12
4 201
17 129
474 396
132 366
327 62
496 456
146 241
490 431
