img034.jpg img075.jpg
213 193
18 148
293 262
245 82
276 193
244 262
200 40
126 136
249 160
248 46
277 262
223 193
199 262
222 193
303 193
259 11
243 82
160 46
212 262
192 193
280 61
38 136
80 53
214 153
283 193
300 71
60 54
219 404
230 193
149 148
124 148
209 168
284 7
109 71
180 136
263 262
12 158
310 148
19 168
1 53
190 136
318 262
141 262
145 11
152 136
125 148
204 262
240 41
251 25
459 454
102 53
146 11
123 7
6 168
369 203
151 262
198 136
261 11
134 148
20 136
159 71
94 53
229 82
48 136
113 404
56 41
205 168
270 46
241 82
176 71
224 71
69 11
279 53
307 82
304 111
315 148
23 168
2 53
147 148
70 41
220 111
71 11
168 11
37 153
127 136
288 121
25 232
182 54
58 71
29 54
448 470
104 136
121 11
228 82
63 340
85 11
72 11
170 54
43 46
61 53
218 82
135 11
191 53
172 168
252 61
107 136
266 82
139 82
302 168
188 71
96 196
30 39
31 148
167 82
177 11
473 379
115 4
175 53
247 121
44 7
81 11
10 103
458 452
130 148
221 185
136 71
253 403
21 71
112 121
201 160
7 4
350 455
316 148
52 21
144 436
487 413
406 455
380 299
106 11
14 7
132 82
97 17
120 185
361 366
478 436
210 185
0 451
46 39
269 103
68 11
187 264
393 59
24 170
497 192
9 11
207 160
118 53
360 12
274 167
342 203
155 4
114 4
34 41
26 397
117 185
183 17
122 112
40 343
225 454
385 293
13 103
292 366
169 137
65 11
66 272
64 136
347 295
39 7
382 178
41 193
67 70
305 395
488 186
425 124
197 372
217 478
35 11
397 499
351 195
116 53
27 4
421 172
468 311
306 242
82 53
477 454
189 66
349 218
15 4
74 53
464 10
467 476
314 203
383 360
441 218
242 52
439 110
313 195
301 46
143 452
436 244
486 454
87 4
154 103
402 197
333 142
469 243
110 110
90 192
344 403
346 142
408 228
391 411
101 136
394 243
163 55
366 59
400 65
355 439
453 255
472 452
32 439
379 85
392 203
312 254
178 202
271 187
321 120
28 40
8 103
370 470
291 197
416 403
424 65
287 16
119 12
3 40
481 474
368 453
5 185
438 94
173 137
377 459
371 17
294 12
409 247
208 254
381 260
329 361
232 436
428 314
435 439
289 495
17 439
250 26
317 49
483 244
179 412
375 299
338 408
461 271
491 414
442 62
142 270
295 118
308 470
128 130
258 43
49 198
282 314
319 343
185 103
352 323
444 218
389 482
479 415
485 413
499 348
455 366
325 119
498 201
290 299
33 353
246 315
211 249
286 408
75 70
309 228
105 24
194 433
354 114
267 421
440 209
73 343
16 74
374 242
363 27
373 253
358 238
215 294
359 349
216 140
311 455
456 214
227 32
196 137
51 316
77 120
357 12
404 374
475 361
272 355
401 347
231 395
265 256
450 1
285 184
492 124
165 92
202 0
330 249
157 197
427 216
457 384
426 73
278 165
275 257
466 430
257 201
260 475
446 388
162 491
445 198
171 438
323 390
193 178
264 151
490 370
36 451
184 422
88 78
206 119
158 107
55 436
186 27
320 233
411 414
59 74
174 95
356 89
166 215
463 208
299 273
422 465
100 137
372 461
343 72
493 182
98 481
108 244
78 187
22 110
326 355
262 55
76 66
339 390
11 12
156 54
484 47
417 195
387 124
415 331
423 17
433 324
410 217
99 27
273 243
413 447
103 396
331 92
384 41
234 95
138 27
153 432
489 100
480 78
376 18
434 333
470 325
414 218
328 306
348 247
451 269
399 271
131 360
84 44
236 190
150 495
334 212
365 184
226 455
57 9
95 389
237 447
89 366
429 285
79 137
161 443
362 494
460 414
298 27
474 239
93 423
476 347
86 48
430 478
133 192
111 475
395 195
437 216
419 460
47 496
403 366
238 42
405 52
452 155
364 400
340 257
322 394
255 170
378 324
420 414
91 355
239 182
465 285
140 392
281 388
327 198
432 32
336 379
233 430
495 384
254 467
53 64
443 359
337 422
418 325
482 433
296 377
62 190
297 318
235 496
50 360
324 72
367 1
181 1
148 42
496 392
398 100
390 466
386 97
256 67
407 347
268 198
195 96
164 175
332 271
341 472
335 381
388 358
92 478
45 431
447 356
42 463
4 389
129 406
353 377
449 314
137 337
462 454
83 14
471 430
54 478
412 248
396 448
203 306
345 73
494 310
454 201
431 255
