img035.jpg img051.jpg
350 331
282 331
347 323
317 30
485 346
440 175
481 391
439 249
402 309
352 91
398 325
176 363
407 249
372 182
460 365
415 365
184 331
166 200
438 140
441 175
294 185
105 422
397 104
93 413
246 31
470 93
275 444
348 325
498 157
446 480
213 167
295 281
84 299
323 440
461 281
147 112
428 422
368 285
114 343
378 489
445 234
219 39
386 391
465 325
478 430
30 89
490 461
395 439
434 157
450 459
390 365
239 331
78 34
479 200
205 319
283 74
155 347
262 281
296 296
361 86
358 356
26 354
284 444
371 130
332 189
92 46
268 480
160 440
448 459
180 346
288 388
314 363
431 440
488 234
491 447
293 352
384 413
366 391
381 489
13 285
151 78
360 306
471 172
202 290
103 284
185 459
373 73
412 452
473 200
68 340
204 157
258 126
377 267
289 290
419 306
190 285
74 483
280 358
308 283
354 345
20 13
183 100
357 414
18 484
444 299
456 412
67 153
337 9
146 94
410 175
173 64
342 289
426 447
95 391
148 39
364 131
223 440
215 175
285 488
312 216
200 58
463 157
393 469
388 447
330 373
250 225
117 290
392 9
455 448
206 33
459 418
408 201
343 279
224 94
227 346
241 444
115 32
375 452
218 418
77 142
302 237
112 175
432 407
324 439
328 92
60 483
110 422
167 443
211 290
7 382
22 101
247 441
411 280
437 38
238 46
383 477
401 436
475 24
37 411
214 296
232 74
154 126
469 294
480 419
468 407
138 361
197 443
489 446
472 289
421 244
449 163
14 345
495 264
27 279
21 200
79 488
286 415
404 478
353 388
422 343
237 456
484 480
131 13
109 454
379 319
216 39
89 78
94 56
236 82
374 46
171 483
265 393
279 346
403 29
318 239
346 120
355 448
405 161
464 450
433 337
457 114
496 299
62 483
420 163
389 348
64 260
157 364
178 427
187 290
196 438
303 112
39 294
189 10
276 175
65 301
128 426
474 131
311 82
423 478
458 289
104 46
102 39
212 244
159 418
193 422
363 171
17 100
209 411
396 47
499 494
152 361
40 32
135 283
259 444
429 281
493 238
80 60
424 201
12 483
73 100
298 253
327 120
253 346
240 329
149 171
24 237
55 47
134 433
207 427
235 348
75 435
435 446
221 224
53 165
277 84
315 491
133 354
331 394
376 75
100 443
144 346
49 120
61 225
222 134
338 372
413 364
466 290
387 287
90 161
57 187
58 227
261 106
382 294
494 130
274 397
181 70
443 398
427 354
451 485
31 462
486 213
175 478
416 452
497 38
453 488
44 451
365 484
425 41
36 56
91 392
400 468
244 56
300 372
351 281
483 155
257 74
71 89
233 130
394 346
339 9
487 70
29 187
66 167
254 207
153 32
266 5
462 346
225 475
0 60
43 299
4 463
5 339
47 161
130 294
121 205
243 477
287 120
306 444
116 51
82 483
482 281
163 450
46 165
96 19
256 439
447 439
137 352
174 127
34 89
10 444
391 129
370 491
122 349
326 411
264 354
436 155
42 470
129 187
406 339
50 130
120 56
291 317
101 285
38 391
270 492
467 410
220 3
269 60
33 478
136 300
272 88
418 204
3 130
125 147
329 31
15 128
141 134
281 398
273 415
229 201
263 443
292 356
319 31
321 299
124 440
1 403
255 459
6 444
162 281
320 478
191 47
41 473
290 478
126 454
310 6
11 19
145 491
28 397
87 117
454 130
399 63
414 128
297 399
252 106
210 60
177 187
442 147
48 205
168 74
217 471
208 343
344 478
430 3
8 397
52 31
88 19
35 336
16 260
86 89
127 426
198 143
385 106
234 443
76 60
113 3
349 393
476 280
140 373
179 419
51 391
359 497
188 479
305 139
69 22
251 74
309 299
98 374
132 94
194 299
226 120
150 82
304 448
271 74
452 244
278 476
334 415
45 130
119 134
345 18
362 253
172 314
186 449
203 2
23 89
356 475
340 435
59 106
242 199
477 459
85 13
143 496
170 393
299 414
156 393
99 428
409 346
70 421
369 19
182 89
325 106
56 161
249 161
72 408
336 164
417 395
139 188
231 89
341 187
108 207
313 291
81 161
301 267
107 481
316 396
25 5
164 89
492 345
118 339
161 14
307 468
123 496
267 415
9 75
19 209
248 53
245 413
97 39
158 408
83 60
169 343
2 5
228 53
380 408
367 318
230 428
195 278
192 329
260 56
32 397
201 187
111 483
54 405
335 100
199 3
142 232
322 475
165 462
333 89
63 97
106 43
