img003.jpg img009.jpg
375 313
450 479
342 403
235 313
426 479
303 313
357 382
409 113
453 357
346 343
90 496
111 292
119 194
445 408
306 446
173 318
349 451
16 194
109 494
456 14
19 495
380 401
316 451
66 313
343 113
261 459
364 326
296 313
393 451
402 407
486 491
288 401
301 280
392 358
459 124
84 462
7 245
257 383
196 429
383 470
15 245
76 259
318 382
78 38
128 364
205 301
36 364
150 280
183 351
327 446
51 351
103 245
108 465
172 362
313 113
199 366
246 393
394 313
376 111
149 245
335 473
391 421
421 32
239 494
170 281
112 386
452 326
25 245
4 308
281 206
24 364
143 309
385 47
176 41
485 441
449 382
330 260
405 386
422 63
207 373
94 489
325 301
89 38
388 429
389 467
154 30
470 462
166 110
167 393
328 357
244 94
474 385
266 401
110 307
46 134
397 388
418 279
44 141
152 446
47 259
237 313
363 316
362 494
222 385
466 317
175 496
443 401
140 352
162 492
22 489
315 279
227 401
11 263
211 292
106 112
424 474
191 383
79 99
355 455
168 335
334 236
339 474
223 415
214 384
0 415
329 263
400 300
423 435
155 494
340 279
432 329
220 317
465 450
184 496
416 461
487 473
271 279
34 70
277 436
55 146
352 326
291 70
9 364
37 480
123 352
145 279
146 376
276 8
360 450
5 393
26 386
190 41
93 307
255 70
415 316
160 290
226 220
219 436
197 173
49 181
138 309
366 301
476 408
178 331
209 494
86 257
497 255
249 474
477 441
201 260
215 491
120 415
96 109
300 323
401 152
286 266
33 109
73 412
156 309
448 336
269 440
298 474
151 352
350 194
252 401
131 109
241 430
144 438
377 473
472 132
353 193
124 415
188 462
210 364
439 499
116 469
158 307
442 473
88 70
114 480
71 431
52 252
38 446
118 252
273 112
319 384
407 292
240 417
460 366
213 342
478 202
336 323
139 263
489 282
45 240
101 415
348 257
358 181
259 484
104 406
185 441
275 47
6 427
165 342
280 372
228 187
1 415
14 218
345 473
467 369
262 279
203 126
8 175
419 187
268 453
462 491
236 279
67 326
217 313
322 494
57 202
434 488
471 342
479 384
56 482
463 435
292 181
430 496
278 301
130 327
367 351
27 401
169 146
390 495
68 324
468 317
23 39
359 435
126 384
461 453
441 343
70 252
87 137
373 486
127 417
420 433
75 369
258 356
396 405
77 274
321 499
99 280
302 362
304 201
279 483
30 92
54 376
374 332
399 340
440 401
72 308
493 231
117 424
483 384
365 200
451 170
338 467
341 5
102 200
18 309
62 430
177 263
299 366
180 382
193 413
491 492
174 201
311 326
414 353
431 318
50 413
181 417
323 480
368 333
32 280
65 401
69 390
82 453
157 146
403 200
189 138
159 408
192 280
182 440
194 363
243 181
260 196
309 187
283 344
97 331
492 445
408 443
58 458
164 359
372 430
455 152
115 469
429 411
95 382
107 241
324 342
208 454
305 359
285 379
344 65
351 187
171 85
488 112
499 435
85 420
354 474
379 491
425 470
297 199
48 473
332 425
356 5
308 111
287 418
307 159
437 102
129 70
411 436
91 112
428 438
41 181
92 382
100 438
122 252
475 453
20 292
433 442
132 53
232 496
294 407
61 463
282 312
417 415
498 59
333 99
3 496
161 152
284 333
496 451
35 366
204 120
135 469
484 379
238 421
464 317
198 82
64 451
221 199
371 291
60 426
125 99
233 459
254 236
289 462
265 436
314 420
136 471
163 480
290 302
274 130
395 219
202 413
105 99
29 295
272 332
427 279
412 442
230 417
121 415
473 295
347 489
436 280
216 480
74 310
98 388
458 379
406 89
200 342
384 388
444 252
295 462
320 365
387 412
40 230
457 349
59 307
494 109
447 420
39 5
267 376
382 306
113 26
81 348
370 38
2 385
495 30
43 488
413 380
141 364
13 82
225 437
206 236
264 205
386 319
378 47
137 480
242 309
293 15
234 417
21 110
245 402
80 385
446 456
310 379
218 438
10 440
381 461
28 468
263 472
186 353
224 422
410 255
469 375
133 461
369 193
481 401
195 468
253 279
250 201
63 416
312 393
438 284
42 324
490 424
148 461
404 353
153 236
256 302
231 440
247 496
331 112
317 193
31 146
179 494
270 82
53 408
83 491
454 445
229 340
361 373
337 23
12 350
480 326
482 401
212 299
251 359
147 469
187 306
326 202
435 201
248 431
17 257
142 385
134 463
398 397
