img009.jpg img028.jpg
122 123
467 390
84 21
107 71
83 123
222 125
251 125
97 123
124 71
21 71
25 103
118 123
223 123
192 123
131 123
198 123
190 123
225 125
224 125
123 125
147 123
12 21
176 105
48 105
275 71
88 40
403 431
46 35
19 71
139 105
429 357
288 125
13 21
100 37
278 123
28 21
29 59
157 123
3 105
73 0
91 71
144 123
158 123
31 71
133 125
142 125
81 37
74 35
134 71
56 40
90 71
433 431
258 123
256 123
155 103
85 37
8 105
22 0
7 105
114 12
267 123
156 43
26 71
6 21
307 188
184 0
121 12
180 71
14 71
286 40
4 40
58 40
389 68
266 194
387 460
358 491
72 12
331 262
235 40
243 105
480 411
79 37
162 72
129 105
80 103
27 71
171 105
302 197
44 105
415 217
301 66
191 35
264 125
416 412
254 0
462 342
52 495
76 103
20 37
168 72
240 71
308 423
452 40
484 472
473 441
95 105
491 342
128 0
185 12
277 40
229 40
215 0
435 394
64 105
408 83
234 40
262 35
459 357
276 40
68 482
326 491
50 21
167 105
261 72
141 433
49 35
105 344
125 72
214 168
237 71
285 40
292 213
197 72
250 72
78 40
55 35
149 0
323 16
352 4
413 394
140 0
70 73
136 37
103 25
259 188
412 299
247 125
232 105
189 12
432 76
172 40
386 262
112 403
132 3
113 495
366 211
382 90
164 43
137 105
284 105
127 40
486 467
151 72
494 455
343 412
43 72
203 105
426 59
75 35
16 105
496 342
154 40
495 390
10 105
300 327
341 464
77 12
388 209
280 237
349 83
430 460
54 40
195 72
62 472
311 352
34 21
268 12
60 40
108 105
472 242
63 127
61 472
0 125
348 66
270 262
313 410
86 0
344 423
67 163
206 1
11 21
466 402
1 12
38 259
160 72
461 64
33 71
471 375
231 72
145 168
213 194
181 151
265 105
194 1
384 164
239 352
178 192
488 487
421 83
451 455
269 43
244 163
228 40
226 12
117 40
169 105
441 327
279 36
385 31
263 53
492 460
252 493
39 369
337 59
317 495
257 3
290 472
390 326
318 121
455 76
392 295
37 40
291 451
362 211
440 164
364 326
449 72
126 386
18 105
479 460
490 357
233 105
177 40
260 327
35 105
161 43
183 375
355 485
42 40
109 348
282 313
470 242
188 21
342 442
405 419
465 168
209 105
165 35
357 485
383 496
148 132
493 123
478 394
372 364
316 159
404 433
423 412
395 75
204 184
442 91
47 155
174 72
483 499
69 12
425 473
159 36
448 475
173 105
414 66
489 403
2 105
377 261
65 58
99 163
36 105
436 495
230 472
120 127
393 396
298 71
367 431
373 337
87 40
227 40
401 327
319 154
431 410
41 121
218 80
306 90
332 244
201 29
146 95
111 58
216 0
175 213
407 2
487 143
469 242
179 53
422 462
245 263
309 32
335 59
271 43
17 493
334 243
445 489
474 444
336 493
202 348
376 108
363 387
324 357
330 431
45 426
94 380
208 183
482 451
394 388
211 114
338 19
345 412
351 181
210 52
434 137
30 142
119 105
170 434
398 460
152 322
220 132
446 83
444 194
410 383
476 200
443 392
391 497
475 209
166 12
406 90
283 263
221 472
378 211
106 469
15 240
236 124
71 403
339 364
163 353
253 213
287 411
66 132
361 285
428 344
424 307
150 132
187 200
379 335
295 421
135 326
110 445
92 348
196 213
397 359
310 497
325 431
219 132
315 444
463 495
82 245
272 323
32 76
297 71
458 462
138 213
193 168
499 64
217 125
420 203
89 168
329 418
304 444
153 131
439 497
454 229
296 405
59 273
350 70
242 43
418 494
205 178
369 207
115 91
294 125
438 489
248 323
453 98
437 162
456 141
365 494
427 335
53 181
468 271
360 391
353 176
93 3
143 499
333 491
255 174
199 302
241 205
400 15
417 302
359 222
371 250
24 427
51 182
464 288
320 478
354 64
396 474
450 494
409 52
130 143
321 196
356 239
9 73
368 379
328 35
293 312
207 179
116 43
497 457
200 254
346 178
411 105
402 444
274 102
380 103
273 343
419 107
374 484
447 369
340 288
457 215
485 214
212 211
322 322
40 239
23 223
281 277
375 52
238 269
102 240
186 449
314 464
460 373
370 8
381 268
305 497
5 78
312 148
299 302
498 57
327 160
182 302
57 463
101 332
249 160
303 346
347 252
98 434
399 391
477 178
104 210
289 169
96 34
246 484
481 316
