img033.jpg img039.jpg
23 81
96 90
460 472
176 81
401 488
383 115
429 99
467 479
388 496
345 381
267 371
174 90
427 339
492 90
405 433
417 61
154 474
127 333
273 433
436 497
156 409
442 370
319 353
97 415
338 381
258 310
148 451
342 256
376 498
232 94
264 2
435 381
306 496
73 49
29 456
320 474
485 481
113 381
353 316
404 370
461 109
476 257
233 383
486 385
324 496
303 381
162 436
83 307
277 381
385 417
373 110
472 487
332 381
326 449
6 332
53 336
347 257
293 383
355 472
270 392
325 112
283 385
454 497
462 381
173 381
371 97
392 385
458 423
495 389
112 242
474 381
379 358
54 477
186 389
203 481
317 2
346 434
327 396
308 110
48 354
335 369
402 339
268 433
153 362
172 445
465 0
251 162
90 436
58 340
222 381
226 422
411 373
255 474
213 381
391 381
43 403
116 109
252 353
282 353
140 203
194 254
336 162
292 489
124 438
145 407
190 300
36 421
278 364
337 495
493 483
35 318
144 104
98 171
220 353
339 432
394 97
494 109
159 468
4 492
137 396
321 90
315 464
313 477
1 460
497 117
408 408
487 0
387 495
455 110
237 370
432 483
138 171
471 171
478 399
229 380
218 433
261 282
69 200
444 381
192 354
343 408
108 367
225 370
488 201
91 446
123 420
370 367
481 459
205 483
22 487
76 110
166 381
396 493
423 385
93 359
160 438
170 372
281 369
483 497
484 187
5 171
350 97
158 90
358 376
18 380
34 100
312 362
480 257
299 294
106 372
499 109
94 145
450 479
126 380
412 417
244 487
479 385
30 439
180 2
196 469
275 490
328 285
463 318
28 395
363 492
165 372
120 499
290 397
253 29
356 493
64 385
25 372
121 16
211 437
99 334
63 359
111 403
334 452
10 17
441 381
89 203
354 346
375 395
257 467
431 2
322 266
409 476
372 30
62 385
195 492
216 373
443 70
59 123
227 257
389 495
2 346
128 381
198 366
200 43
191 171
56 39
247 458
269 359
288 385
142 104
9 385
314 358
352 369
241 491
309 109
12 414
393 386
24 156
39 41
139 200
416 468
105 171
206 489
482 393
80 427
318 408
496 284
351 289
118 353
367 459
390 377
420 381
448 372
329 2
248 171
466 399
477 381
217 161
279 104
291 200
221 397
231 458
67 171
246 104
300 437
259 396
433 24
395 97
84 257
17 39
414 380
473 11
236 446
453 385
280 339
214 105
440 204
449 453
489 396
155 105
407 434
296 100
381 117
33 171
415 97
107 389
147 41
430 350
16 466
201 171
437 468
57 110
115 343
470 381
219 203
469 459
178 2
359 482
75 459
102 380
490 127
297 429
340 433
65 466
202 480
272 345
403 408
204 477
141 341
380 211
438 393
21 459
134 428
171 430
361 458
177 155
103 381
8 366
164 454
132 410
421 403
136 499
330 104
294 24
428 461
302 103
31 353
311 453
301 418
377 467
307 203
418 494
125 350
271 283
197 468
364 344
230 171
323 420
92 389
245 412
78 234
468 41
61 68
260 24
357 420
3 459
274 492
104 432
41 484
55 403
88 156
362 475
11 407
183 417
199 2
70 477
331 314
224 200
179 145
451 446
242 414
81 70
424 117
212 110
86 424
365 384
71 320
249 344
366 347
38 430
188 92
45 344
295 420
360 460
46 372
175 374
446 449
182 346
341 482
150 430
189 437
37 104
399 458
456 446
475 100
152 477
131 265
344 294
426 417
32 145
119 419
130 16
378 493
368 403
348 396
47 403
117 271
410 388
235 458
44 393
445 156
256 427
464 92
14 93
304 397
289 110
223 104
168 104
163 339
400 396
193 256
50 100
413 98
151 70
122 184
109 400
26 475
100 451
349 466
382 477
207 424
135 397
422 92
72 451
185 117
79 489
110 402
157 171
457 479
239 400
434 497
169 257
27 487
82 497
149 234
7 284
74 353
262 333
398 405
498 396
266 459
406 410
52 467
85 109
305 402
286 459
40 372
167 92
234 480
419 388
459 478
208 410
491 386
386 164
439 478
250 477
265 386
285 475
49 282
374 104
397 371
95 414
51 467
447 397
298 359
384 456
66 444
316 359
310 110
42 338
20 98
209 123
333 98
287 410
114 419
276 337
19 92
187 495
13 397
133 106
369 397
0 449
210 41
215 439
87 104
228 200
254 397
184 411
452 388
238 393
425 481
161 399
101 446
146 161
284 422
181 24
129 104
77 465
263 92
15 465
240 419
60 471
68 92
143 473
243 463
