img002.jpg img013.jpg
417 233
444 233
441 79
132 203
391 231
62 203
438 110
312 96
4 28
316 283
79 233
153 146
44 304
333 73
36 352
75 109
146 67
49 477
139 410
383 222
457 367
403 443
273 340
399 216
302 112
108 35
41 326
317 405
204 405
160 368
212 27
161 94
157 127
159 297
464 177
297 127
261 50
476 274
235 318
125 222
103 352
241 16
413 96
326 198
263 127
473 403
98 292
193 112
32 203
396 79
487 387
478 96
148 297
433 110
171 93
439 5
329 36
461 370
29 337
470 164
55 149
89 352
328 407
221 173
350 84
59 438
410 401
92 46
27 73
23 122
182 173
378 368
331 382
192 175
386 255
348 72
213 161
266 127
314 179
203 410
105 129
45 494
479 327
179 320
298 84
262 415
124 61
408 410
434 343
310 73
51 352
138 80
341 96
365 188
336 320
353 354
477 166
294 161
48 222
252 460
482 367
33 252
290 340
12 372
205 225
66 8
275 127
86 109
335 295
163 202
226 96
319 305
131 450
165 313
385 181
52 105
452 410
127 86
494 126
366 174
245 138
100 348
358 181
122 487
107 262
370 342
405 127
155 421
432 484
211 469
141 74
282 415
351 401
270 484
120 61
151 105
94 337
301 248
412 300
168 73
256 307
357 429
373 274
7 344
424 368
322 63
340 185
70 342
222 197
418 27
129 271
143 390
454 483
398 109
73 362
47 431
456 243
462 300
345 84
404 258
468 465
225 94
53 62
77 275
338 136
60 76
99 138
299 189
13 488
416 274
347 82
183 37
459 387
466 385
249 188
380 344
26 259
421 375
220 36
277 85
281 30
64 393
407 305
181 407
342 101
250 442
485 292
496 189
369 282
174 273
1 59
71 481
244 227
379 127
96 335
102 6
133 11
268 178
395 300
6 252
164 318
489 343
427 79
40 228
313 413
91 498
189 134
184 173
201 216
401 176
251 45
30 351
101 348
162 73
376 213
448 292
337 179
109 495
420 173
234 207
240 419
24 331
199 91
247 348
265 274
293 107
76 49
87 474
446 119
303 430
320 495
216 89
339 241
307 469
449 300
194 410
239 415
248 73
484 249
306 96
400 222
106 387
309 125
95 101
315 397
69 347
392 401
11 77
367 37
134 174
426 185
267 84
210 405
428 350
492 386
346 410
411 164
15 305
208 54
97 109
330 413
388 413
166 295
325 345
497 236
90 262
223 33
135 148
289 292
260 106
187 173
430 357
180 346
409 255
58 434
118 229
364 54
377 164
202 178
384 197
111 199
259 66
121 243
22 328
355 116
227 450
230 309
360 450
25 414
292 313
137 23
390 234
67 343
437 147
465 102
349 263
197 397
190 392
440 297
37 201
136 36
288 279
304 477
28 6
114 70
198 305
206 385
269 330
382 397
460 23
472 386
214 173
68 93
43 429
425 363
78 3
233 269
406 211
34 253
272 397
361 480
232 204
311 366
481 275
14 34
65 105
279 30
394 241
450 174
93 106
228 126
271 369
172 415
415 84
156 25
491 84
287 495
422 102
445 136
115 241
344 74
169 372
323 348
238 101
498 176
88 188
147 392
5 148
480 23
308 453
397 220
423 450
81 224
475 177
84 448
231 303
375 200
72 174
242 84
2 73
38 345
20 157
493 102
429 494
149 274
483 476
254 226
283 453
402 313
495 217
128 393
113 322
217 431
209 26
305 63
116 239
368 272
467 385
436 82
110 106
173 273
178 233
215 244
280 20
458 102
362 403
393 261
451 11
185 290
321 361
447 181
152 415
8 3
414 14
471 386
224 208
431 466
112 106
291 159
195 423
354 328
343 63
18 23
150 442
175 444
104 150
167 269
207 448
119 152
188 179
474 388
490 378
19 231
80 465
57 450
284 33
285 124
443 92
264 135
372 388
246 140
10 300
499 86
371 267
144 143
123 474
196 259
85 101
140 275
63 350
381 297
154 9
176 29
435 376
170 203
463 363
117 36
419 322
61 416
158 162
42 101
56 305
374 87
332 483
46 412
356 365
218 369
324 102
177 470
74 163
318 450
3 199
0 233
236 106
17 442
359 345
126 28
295 340
253 178
286 269
296 271
9 88
389 364
453 363
82 241
237 413
130 467
243 230
83 329
229 37
486 367
274 498
455 37
54 190
352 392
16 94
186 107
200 393
300 342
50 70
255 70
191 53
278 170
142 436
219 173
258 473
469 175
21 127
257 498
488 388
387 25
363 284
31 442
327 30
442 401
35 214
334 44
145 171
39 214
276 32
