img036.jpg img050.jpg
16 87
90 257
216 130
79 135
192 133
57 135
97 87
220 260
181 180
19 69
172 163
94 58
260 133
171 87
189 48
191 135
128 88
187 5
145 28
26 103
272 4
141 135
101 55
34 134
184 3
54 4
219 193
144 193
161 65
179 257
261 48
3 33
44 39
15 96
78 363
1 240
182 197
208 130
22 288
166 255
73 13
48 259
76 88
124 163
156 290
67 71
173 30
29 47
263 132
198 128
95 4
136 240
100 163
33 71
87 30
262 260
42 154
123 47
31 47
165 255
319 102
83 53
53 70
74 97
270 61
120 110
178 131
155 197
69 65
193 88
194 133
167 178
180 81
28 67
27 87
148 30
169 47
82 47
157 229
91 61
197 154
39 56
232 262
71 101
108 70
81 178
106 33
269 209
143 30
278 278
59 81
30 97
168 30
265 204
35 97
85 255
268 124
140 249
7 28
99 456
267 124
68 4
122 249
37 135
153 48
367 443
86 55
257 141
159 166
75 200
125 413
51 58
66 77
427 245
133 397
138 174
60 42
52 447
345 456
209 331
0 144
114 397
450 474
338 397
40 61
294 456
243 278
103 244
460 474
365 381
423 397
80 85
248 456
63 96
328 245
129 191
160 61
36 187
255 2
256 26
151 448
361 458
38 202
190 413
336 61
236 462
6 447
46 331
126 405
273 412
457 362
147 283
339 200
474 441
394 411
246 73
215 268
225 397
298 412
466 485
152 187
404 388
487 434
446 441
77 191
327 414
70 101
62 496
324 170
386 453
343 397
118 413
175 73
14 169
483 362
65 385
231 412
276 308
475 345
472 489
295 451
448 33
235 387
368 34
163 391
199 461
400 412
435 39
465 446
488 429
221 371
344 354
217 474
434 358
281 345
376 346
4 466
353 388
266 397
240 397
385 473
251 356
289 318
428 379
275 191
397 364
233 474
254 451
303 269
12 270
41 413
388 170
377 241
421 171
271 379
352 308
164 370
440 280
242 368
413 328
247 413
21 268
383 332
493 490
64 339
453 154
329 495
449 379
354 414
135 271
478 356
481 361
349 202
411 392
174 183
279 322
484 245
8 497
58 23
326 372
333 308
212 269
259 349
468 470
489 242
334 346
410 362
498 197
214 469
202 168
456 171
84 183
444 17
458 374
335 270
369 318
284 91
366 485
409 360
374 379
406 385
139 393
280 445
274 268
384 84
113 202
425 34
291 39
391 106
356 308
109 414
111 399
183 264
13 381
23 343
11 180
372 20
323 356
154 395
399 283
403 318
318 346
431 385
146 456
226 271
314 169
439 452
5 467
238 184
301 395
469 106
196 283
362 400
396 413
417 484
206 107
358 322
380 484
373 432
387 274
429 191
286 373
112 20
258 107
325 177
287 146
402 75
119 362
307 191
50 356
405 497
72 244
142 33
499 170
18 75
479 421
308 404
244 406
455 106
463 106
299 191
389 310
438 356
461 324
2 73
43 498
88 102
223 369
420 358
201 322
121 421
363 467
408 343
348 386
283 271
357 191
382 108
422 39
322 269
320 268
293 397
288 496
304 407
370 202
55 15
346 412
104 333
495 356
437 493
310 106
341 171
375 465
407 313
56 498
467 75
393 31
430 421
162 376
61 342
25 392
150 352
132 345
491 75
237 292
381 311
414 440
350 106
312 241
239 184
253 400
415 379
378 343
496 57
347 73
9 427
364 413
137 269
419 425
360 164
486 303
264 244
229 452
306 164
436 283
482 167
45 393
110 89
131 184
445 318
330 191
188 35
485 461
331 360
228 395
24 396
117 462
441 402
442 238
305 454
20 422
211 452
297 385
355 447
200 202
432 32
107 393
477 434
130 24
158 464
252 311
170 0
105 387
412 96
98 436
127 447
149 352
49 348
392 485
426 473
464 468
300 287
492 247
398 413
96 311
277 84
337 338
285 345
17 360
315 107
379 372
433 361
480 455
494 308
241 474
93 202
203 365
395 331
309 443
473 202
186 307
245 334
459 241
317 461
222 491
234 453
92 202
176 0
497 490
213 183
115 73
230 323
313 394
462 484
321 491
218 343
443 146
470 263
471 413
102 430
292 333
332 20
32 22
177 325
185 381
249 316
340 403
224 107
476 99
89 185
204 496
390 106
210 167
311 332
302 191
452 29
371 397
416 465
282 341
401 73
195 499
447 345
296 73
10 418
116 167
342 489
490 445
47 413
207 475
250 20
205 496
227 98
351 433
290 201
424 75
451 499
418 447
359 474
316 393
134 91
454 497
