img012.jpg img013.jpg
46 95
180 3
331 397
479 489
345 397
218 424
148 172
227 352
208 289
437 489
324 371
498 54
302 135
241 76
307 352
396 361
159 40
297 352
366 371
62 141
448 444
66 48
304 100
416 444
417 396
321 252
65 168
87 161
69 443
242 135
165 27
377 429
92 479
219 148
256 284
2 100
196 405
207 240
490 185
305 423
10 199
166 275
259 418
228 3
472 31
264 405
298 3
323 365
373 233
451 475
156 227
299 432
450 361
393 405
95 314
271 334
347 433
186 197
20 100
67 407
412 70
353 352
471 375
279 331
245 418
443 499
278 327
340 3
136 178
292 368
260 155
170 55
226 332
334 184
436 325
384 325
127 244
15 299
133 3
379 381
486 130
35 201
296 226
5 140
31 3
83 198
294 84
257 226
7 199
205 44
449 92
86 431
475 101
480 499
418 93
481 94
446 175
120 249
64 450
358 309
217 136
204 473
76 372
89 149
482 175
303 441
335 494
132 54
409 334
429 202
385 271
244 64
338 339
163 185
362 34
275 164
97 334
169 5
233 3
431 177
428 122
155 8
113 48
145 337
438 318
53 495
100 43
175 444
407 93
115 81
3 284
313 334
220 34
360 3
17 18
4 47
388 123
240 185
497 269
364 392
174 44
209 298
289 488
346 201
236 201
333 401
337 198
447 496
36 3
348 43
419 34
270 384
124 202
368 123
495 18
72 177
183 343
255 305
391 3
173 136
452 31
422 445
59 482
74 469
247 43
262 207
202 110
195 431
252 140
383 169
33 307
316 428
199 146
249 305
488 207
167 88
121 443
291 79
351 481
336 198
81 148
101 434
119 90
178 238
442 54
211 407
258 115
359 92
455 149
287 177
462 489
45 362
309 55
54 469
378 283
464 435
222 253
352 486
371 233
142 238
102 72
439 34
171 281
11 164
433 453
200 234
478 61
6 82
198 31
216 255
301 216
408 149
153 64
390 92
493 417
444 484
494 397
363 413
432 450
82 407
341 73
367 340
399 177
157 197
50 359
414 375
459 101
27 177
413 385
164 153
51 12
468 436
63 96
253 34
276 113
410 364
308 307
411 31
295 201
19 328
105 93
141 434
277 14
380 226
485 261
24 381
460 271
221 363
131 381
37 109
349 93
369 223
470 404
339 110
401 113
75 112
77 309
73 469
263 453
60 288
354 160
191 419
483 66
23 26
325 27
386 127
389 386
9 157
177 389
328 21
22 201
125 39
129 64
194 105
293 215
184 87
116 228
188 370
210 177
365 324
8 26
317 453
135 55
30 145
168 486
272 64
435 74
423 486
79 64
130 177
283 96
394 472
237 177
342 375
12 55
415 416
266 89
329 129
38 200
150 494
61 363
144 60
193 164
392 146
88 32
138 482
454 489
104 226
122 192
310 419
344 3
34 221
453 185
280 63
139 171
160 265
29 494
71 247
158 199
225 177
400 343
187 384
212 73
285 431
126 174
176 494
424 316
234 310
382 222
491 413
387 19
477 167
161 368
425 438
185 498
492 69
1 283
78 499
111 296
350 173
319 409
484 381
80 373
203 494
440 255
332 482
312 255
114 33
25 90
26 258
189 123
213 39
465 224
96 136
190 237
434 90
112 51
123 346
13 33
231 268
306 74
473 446
238 313
290 359
496 214
179 432
243 118
181 368
149 325
314 484
267 468
21 233
143 73
90 478
374 409
457 214
288 478
32 243
405 176
91 94
98 297
361 39
376 26
147 452
466 406
55 465
421 133
215 450
43 74
146 64
469 312
381 71
47 28
192 382
197 206
44 328
284 450
395 161
41 243
223 281
154 100
85 388
326 372
106 451
489 73
315 223
370 473
52 98
251 308
375 192
265 200
232 100
134 215
14 56
182 478
246 175
28 361
274 488
476 378
372 179
94 2
250 23
430 73
137 241
420 469
487 255
57 227
108 215
128 390
300 23
162 416
16 173
229 252
40 309
445 195
402 452
355 381
456 39
224 94
239 250
140 26
273 241
426 309
286 186
458 385
268 97
235 206
474 334
254 200
281 334
330 422
103 96
343 303
441 15
320 71
311 39
70 4
206 329
39 114
248 24
84 193
42 242
357 39
427 193
18 130
406 101
151 2
0 434
48 108
152 73
461 494
58 353
318 4
110 63
269 487
93 488
214 93
99 434
356 319
107 448
467 106
68 273
261 138
404 443
172 473
322 209
463 328
230 152
56 315
49 25
398 278
282 228
499 209
118 473
109 34
201 308
403 493
397 39
117 257
327 324
