img021.jpg img031.jpg
147 39
427 474
365 427
220 67
294 427
251 53
286 276
321 419
451 140
458 278
50 493
296 30
459 149
434 39
423 418
302 454
418 243
484 119
204 186
446 456
410 149
253 108
444 429
491 119
373 418
363 119
447 474
117 186
412 114
370 39
411 39
393 499
269 339
259 357
282 114
69 186
3 240
74 231
188 339
398 123
27 119
463 27
460 1
327 165
228 65
456 126
314 81
238 276
76 339
127 327
275 387
493 23
20 13
124 74
331 484
378 119
25 74
71 488
317 418
403 155
19 82
419 416
290 307
100 54
425 37
474 387
77 140
195 481
468 448
485 398
264 65
102 481
241 363
477 497
257 470
167 357
364 59
280 453
281 357
473 414
36 307
75 369
29 181
320 448
276 81
126 339
357 140
467 387
494 429
103 474
55 471
342 8
289 289
247 149
339 339
492 330
332 339
498 149
263 270
149 339
397 119
349 432
53 214
478 278
359 39
128 156
482 427
26 189
91 11
291 384
351 295
277 8
295 439
252 339
334 347
497 351
78 339
142 413
441 23
203 357
272 47
111 453
120 243
401 416
390 307
232 428
400 37
402 149
44 155
90 158
438 37
67 62
299 483
24 27
59 228
347 288
396 335
496 455
176 396
116 371
172 1
106 339
319 448
361 100
415 339
158 338
341 156
439 390
119 23
394 475
73 56
480 45
476 168
234 37
245 45
190 125
206 67
305 116
384 352
392 40
395 190
140 3
177 374
22 156
237 30
49 56
197 1
212 411
267 297
428 288
486 144
137 384
288 134
487 53
184 338
146 339
151 383
362 289
46 448
45 261
56 68
465 23
274 254
352 395
449 490
72 132
193 37
345 379
5 53
93 37
366 117
376 129
433 119
461 119
448 432
83 475
191 253
481 81
429 448
344 190
457 303
335 5
377 330
8 190
426 149
464 478
159 338
414 155
235 184
455 453
144 129
450 295
388 481
490 118
413 239
132 307
207 49
258 145
104 37
440 114
168 20
243 453
40 23
185 416
443 401
298 411
375 158
380 493
115 160
230 241
284 32
322 330
452 339
182 62
38 479
51 140
358 357
260 129
266 13
255 8
218 141
163 269
350 475
84 190
174 140
381 453
420 443
424 263
469 163
86 314
138 237
242 453
293 493
229 142
219 372
199 359
261 339
421 390
28 156
436 137
389 372
283 195
12 123
196 453
301 177
337 339
374 289
382 262
297 142
372 494
233 237
70 58
81 191
326 353
48 30
454 84
430 137
495 218
417 303
222 265
488 268
200 176
214 60
435 76
171 40
201 439
408 363
21 377
249 396
336 338
405 140
340 67
348 177
386 149
186 471
479 126
82 145
248 55
325 158
194 391
355 118
285 202
156 436
134 105
303 156
315 15
63 372
105 11
224 314
60 419
89 192
499 223
121 82
270 269
318 484
404 23
407 56
143 68
475 302
135 262
353 202
223 351
379 351
181 493
240 420
109 297
110 52
306 129
225 136
246 11
371 220
136 49
330 97
262 2
173 101
210 29
346 114
273 97
300 400
31 373
360 184
80 466
150 1
231 226
179 311
122 411
470 66
114 244
236 68
205 357
23 222
202 251
43 259
304 249
329 406
125 154
227 87
453 186
216 93
192 454
268 219
311 162
442 108
57 426
62 75
221 49
157 412
152 411
437 81
99 20
161 224
129 445
34 311
416 304
183 19
160 266
1 0
61 257
30 214
209 23
164 189
472 385
399 444
108 100
9 174
406 140
445 499
79 64
98 25
148 67
279 437
292 81
145 47
118 20
113 488
166 238
256 117
271 82
308 186
354 74
244 39
155 73
265 195
391 262
189 340
422 483
16 17
65 339
178 286
208 411
169 258
47 279
14 143
39 56
312 145
385 344
369 390
489 310
239 173
139 44
175 150
6 138
343 95
313 13
87 12
101 181
287 43
316 497
18 242
338 469
52 219
250 490
462 15
483 478
324 443
409 115
213 412
96 131
58 36
97 440
170 313
180 293
4 360
333 303
107 430
310 37
309 188
13 44
356 103
68 431
254 81
466 212
367 125
7 68
123 318
368 66
133 272
153 66
85 443
0 102
383 372
92 397
66 196
37 101
278 436
95 170
198 257
323 273
226 85
2 11
88 108
131 101
162 444
54 222
35 238
130 487
432 2
11 272
187 340
154 483
307 258
64 473
217 17
141 388
17 214
112 172
165 495
10 73
387 458
32 361
41 313
215 353
94 312
471 43
431 372
33 126
42 312
328 140
211 197
15 17
