img051.jpg img060.jpg
66 285
8 14
136 229
299 187
437 116
373 467
374 215
343 187
344 116
448 452
235 14
75 215
201 215
282 215
14 91
345 498
389 5
294 275
34 50
289 383
31 373
392 215
354 323
390 215
212 208
412 110
457 426
211 274
46 269
281 498
440 309
92 289
138 269
286 423
391 50
283 285
112 215
262 213
58 5
151 110
280 177
219 1
358 20
199 217
347 411
449 1
478 64
227 213
207 286
209 91
400 34
200 256
435 215
9 417
393 449
285 402
216 177
132 199
446 90
339 56
127 337
139 8
394 121
129 421
215 404
430 178
165 335
356 22
319 110
483 199
106 103
13 191
94 449
126 91
498 415
26 289
488 128
311 224
340 20
121 207
331 161
338 131
428 7
72 52
431 182
32 129
163 126
190 37
452 91
467 131
65 52
202 18
255 488
284 110
147 418
6 143
402 303
474 381
99 314
96 271
196 274
423 34
120 255
383 283
458 249
111 37
413 106
395 140
491 106
153 72
97 470
242 72
418 134
439 265
186 37
456 131
142 224
278 265
39 331
469 289
64 192
146 292
470 474
89 16
346 136
218 72
161 375
188 214
107 166
363 250
277 224
70 315
113 438
37 314
131 177
197 292
69 209
84 211
102 23
225 207
486 293
492 118
123 23
359 466
184 23
399 37
348 187
179 37
426 199
77 265
482 376
236 37
98 37
459 279
189 72
4 166
193 90
304 23
258 64
315 10
419 399
306 37
176 72
232 199
105 23
231 224
27 224
67 335
109 95
454 499
494 106
241 52
475 142
472 424
152 37
51 180
414 56
424 106
61 23
436 164
268 292
279 424
125 115
213 110
19 233
222 23
269 23
352 20
385 52
114 177
110 37
429 494
272 23
266 474
273 224
253 155
481 170
170 37
248 37
118 292
167 224
68 90
55 23
228 72
287 469
398 34
22 290
364 196
480 209
223 72
441 424
260 201
473 97
427 170
290 361
463 170
489 143
341 22
477 67
130 250
60 255
221 292
53 243
143 5
270 362
422 303
485 268
1 52
128 322
140 37
274 224
275 52
115 211
349 52
169 488
406 26
369 72
205 52
0 37
350 52
361 103
309 37
353 23
217 72
3 236
256 52
295 23
103 97
157 23
174 37
56 88
162 101
300 78
291 363
230 78
434 143
148 23
182 95
24 121
323 37
411 419
461 143
297 23
57 290
397 484
401 37
41 258
237 37
444 250
465 159
416 42
90 90
82 499
296 23
314 142
497 346
100 16
119 52
85 97
366 23
5 16
117 289
310 292
168 52
240 115
252 37
404 37
83 198
203 23
337 364
355 368
259 37
466 127
267 72
382 479
2 117
360 380
484 34
443 92
370 72
134 16
25 251
10 37
214 37
23 5
88 417
432 490
451 9
194 37
144 322
21 167
317 37
28 23
43 433
415 335
183 173
36 37
388 117
254 72
44 37
425 170
251 37
33 373
433 299
445 166
38 97
79 350
327 37
104 37
447 22
62 0
93 37
316 78
318 485
173 23
171 143
405 486
264 37
249 224
226 363
63 61
101 37
124 224
387 117
243 224
362 479
365 250
367 224
30 143
421 133
122 292
133 372
50 290
234 37
378 23
220 292
410 208
420 55
29 416
187 128
417 61
52 37
73 289
263 37
321 485
154 37
181 23
479 265
329 290
261 37
210 78
332 265
320 37
238 23
322 224
81 90
357 23
233 224
271 224
292 52
375 37
471 250
145 292
185 37
305 224
80 331
351 22
42 37
499 469
325 52
35 23
303 52
372 126
198 23
247 292
54 23
48 37
206 288
379 37
407 213
15 37
116 211
307 78
18 97
86 37
330 488
87 37
288 23
450 65
380 97
175 37
224 388
493 61
49 52
376 290
464 143
12 37
403 191
244 224
245 404
298 473
468 335
312 37
74 399
177 115
178 29
155 37
16 117
336 224
396 91
150 368
335 37
495 202
135 258
313 117
408 243
160 288
438 424
192 224
78 55
180 115
377 258
301 52
208 445
442 191
204 55
328 115
141 37
239 94
166 224
172 37
108 290
250 23
381 13
229 292
164 170
195 130
265 492
476 289
276 224
40 23
333 115
17 211
76 23
191 52
334 37
453 335
455 100
490 91
384 329
156 37
246 23
149 37
95 96
342 469
293 37
159 173
496 137
371 37
462 114
59 23
324 159
257 117
11 37
409 252
137 455
20 23
368 329
45 37
308 224
91 173
326 382
158 97
460 61
7 9
386 266
487 338
47 301
71 117
302 52
