img007.jpg img026.jpg
27 436
154 418
412 477
158 436
145 5
326 252
193 439
364 74
340 327
284 418
271 404
86 483
386 440
234 439
402 104
346 368
400 473
294 436
196 403
19 169
458 104
481 480
24 359
422 94
320 165
169 213
9 359
303 327
61 123
254 345
190 133
67 311
122 359
437 453
390 390
367 395
366 111
276 355
408 473
307 192
327 441
463 359
44 8
281 325
197 355
112 436
88 463
150 341
242 23
274 151
95 389
170 122
217 309
282 404
404 456
445 473
188 436
499 425
25 442
183 341
246 60
334 278
430 470
383 379
204 496
129 95
369 248
309 436
485 125
337 464
232 276
249 450
180 436
283 93
68 335
228 389
312 74
57 368
54 441
77 311
71 154
446 377
450 462
266 436
84 224
178 24
496 304
159 178
225 95
152 291
414 368
161 335
200 145
460 369
81 441
144 422
126 145
339 219
343 104
14 494
260 439
469 304
12 481
277 283
407 403
360 241
467 359
381 359
201 146
85 470
272 39
143 221
174 92
433 319
258 37
37 143
325 436
198 43
300 169
456 152
60 133
344 303
492 93
411 206
0 487
356 143
59 436
131 441
373 390
128 99
21 388
124 308
447 88
442 39
352 150
338 466
461 397
453 348
62 297
167 301
156 276
363 418
405 410
297 154
151 232
241 62
38 410
206 189
106 480
55 325
389 466
317 88
391 335
177 127
314 309
477 390
487 368
208 346
321 368
336 308
436 153
97 145
392 459
428 125
483 365
211 417
236 309
441 368
185 302
474 400
457 147
368 145
98 162
491 157
218 312
454 24
434 136
214 16
245 323
482 141
269 283
162 481
394 219
466 71
415 433
438 183
149 464
219 490
413 318
423 256
53 459
324 178
354 88
213 494
329 37
475 379
476 78
439 439
40 403
186 464
401 26
435 385
121 114
215 452
486 183
374 112
480 464
293 174
74 150
207 60
264 365
280 175
306 153
255 287
8 386
224 375
50 346
7 376
79 341
295 389
371 95
305 70
285 104
80 251
316 395
378 160
462 176
141 23
216 95
304 479
36 374
69 247
147 150
20 494
221 157
448 365
464 390
479 127
163 251
238 270
382 241
229 62
328 305
83 21
397 379
302 255
379 391
489 4
444 368
393 220
465 347
222 165
342 95
341 417
212 123
4 451
166 492
410 280
257 404
139 394
357 436
470 278
75 84
494 347
127 347
384 452
91 410
138 430
220 319
417 460
230 335
58 233
111 359
292 1
262 143
289 379
1 145
296 359
443 466
451 400
488 287
420 221
330 198
173 481
362 79
398 176
203 28
10 328
248 379
227 81
331 410
157 379
380 456
471 420
51 249
253 1
315 464
478 363
459 400
247 389
18 459
261 436
78 23
377 347
395 88
353 40
440 200
375 244
419 487
310 43
101 456
361 74
76 436
288 452
497 319
153 28
290 379
355 88
416 100
431 256
484 294
493 309
265 494
116 470
226 247
348 16
313 355
359 379
103 127
105 473
119 309
28 85
46 240
142 426
370 19
273 442
63 169
41 96
6 41
33 54
449 6
172 78
118 294
171 422
287 329
332 238
240 398
286 35
89 172
65 152
104 219
498 422
17 8
72 157
318 18
426 29
252 287
34 276
94 403
335 367
376 318
164 325
322 154
235 293
387 39
113 283
421 84
175 129
301 54
16 145
250 384
2 309
473 145
43 43
45 221
125 468
135 406
349 256
107 325
176 335
409 67
333 122
406 16
87 146
93 393
64 132
5 39
418 54
195 323
396 333
468 191
66 423
351 379
140 195
110 347
182 29
358 161
52 197
291 75
432 402
239 21
308 436
109 356
278 216
311 409
452 78
56 382
90 463
30 22
130 43
275 453
102 340
256 252
233 223
403 28
73 452
243 287
120 123
92 1
47 74
189 348
268 154
179 220
181 492
259 204
267 228
82 442
192 217
11 418
231 7
299 445
345 158
70 384
132 161
319 459
388 415
96 226
251 431
425 352
42 411
117 221
279 336
455 154
114 480
108 46
165 156
205 320
399 379
133 110
237 403
15 253
210 288
13 362
495 84
168 418
160 431
31 105
49 449
22 57
35 481
48 329
184 144
194 124
270 95
29 39
187 224
350 26
424 374
115 302
202 283
365 116
429 470
136 310
123 219
3 468
23 74
39 329
223 418
26 8
472 96
155 453
372 125
323 467
134 494
347 159
32 394
427 95
298 258
148 12
209 172
490 219
146 237
137 270
99 274
199 262
100 238
385 119
263 110
191 205
244 2
