img007.jpg img035.jpg
307 494
215 494
226 250
266 485
151 492
404 350
19 496
284 295
170 239
101 184
356 255
242 93
27 262
294 481
287 319
143 496
158 403
7 103
154 354
408 170
340 408
126 375
17 485
112 57
338 135
253 250
229 444
288 368
281 187
431 478
38 219
389 135
249 83
137 206
213 496
110 350
153 378
36 128
496 202
378 365
217 492
156 350
300 478
430 314
373 496
440 350
245 241
28 59
105 41
211 274
303 261
415 343
1 350
462 382
448 105
223 354
309 74
88 462
79 391
317 283
276 84
277 400
363 295
380 350
218 492
313 342
124 342
331 220
129 386
272 68
122 43
486 381
369 78
442 84
90 227
421 235
468 459
159 464
497 169
125 59
465 397
55 382
335 138
206 111
14 342
420 496
128 440
310 37
20 43
456 303
61 314
393 84
196 408
400 239
212 57
476 308
116 144
9 181
488 37
493 492
308 141
85 485
157 136
394 288
25 60
44 144
371 472
464 179
41 190
203 280
57 280
24 17
273 444
381 252
37 444
58 330
63 227
398 261
280 180
403 205
467 478
40 486
149 431
444 422
452 218
461 274
52 374
346 114
263 286
489 117
11 46
321 219
354 288
423 202
261 74
193 303
34 350
241 385
262 455
443 135
97 445
42 392
83 494
180 295
50 161
437 40
432 319
480 57
438 114
433 172
104 37
306 185
341 29
422 78
51 101
65 101
197 478
477 427
386 303
199 107
208 87
219 461
29 367
446 9
119 30
147 355
200 250
207 470
64 244
239 455
339 459
289 170
305 42
186 210
188 210
355 141
111 226
39 206
455 55
351 445
227 58
358 311
396 211
450 238
318 405
283 239
492 351
269 269
414 52
248 136
360 84
405 202
407 43
12 80
182 319
397 239
258 397
62 309
250 273
171 371
234 413
383 55
325 295
13 418
238 482
216 386
439 413
100 90
235 328
16 221
247 0
255 127
334 86
425 459
53 270
342 29
246 399
252 321
296 346
91 179
387 456
447 11
160 286
69 92
291 261
487 422
141 93
185 444
73 158
345 84
237 496
330 471
463 9
6 41
35 42
205 286
311 350
2 342
436 211
374 128
449 135
233 263
293 493
485 136
54 339
279 469
315 76
135 488
275 138
96 382
70 298
84 335
202 299
333 378
469 108
68 92
72 427
166 161
134 274
107 20
183 154
285 229
379 173
31 406
322 399
59 386
164 205
434 121
460 52
76 323
399 239
87 57
127 350
292 54
225 222
329 294
169 454
204 480
392 135
372 136
454 148
470 116
429 365
395 45
71 399
348 489
257 330
347 441
494 397
93 175
471 478
224 2
475 55
118 50
178 368
192 87
198 473
174 159
167 47
259 442
324 306
189 341
336 306
361 213
214 378
228 48
43 236
162 320
89 8
142 222
26 50
94 55
426 281
327 426
4 413
319 45
175 460
256 413
357 464
459 272
113 258
251 479
312 218
179 332
48 319
56 281
388 49
367 105
410 433
46 278
47 232
366 330
18 299
482 116
66 120
120 473
490 217
498 413
5 469
221 30
144 2
195 64
136 220
190 339
314 262
326 303
483 105
385 148
86 126
384 183
413 495
77 480
297 100
478 456
3 119
295 363
390 202
320 87
435 202
323 263
140 434
32 495
236 385
123 10
349 346
201 263
274 93
95 363
173 351
302 172
265 73
474 170
495 143
117 216
98 416
194 85
424 179
177 174
82 55
168 354
278 101
243 58
254 161
10 177
370 17
150 154
92 154
187 444
8 426
445 350
161 416
244 107
102 285
67 303
99 92
148 12
282 303
376 384
453 433
316 48
428 55
375 1
75 473
209 131
220 472
132 85
479 48
130 12
304 303
298 323
33 161
473 200
365 256
451 100
328 216
286 391
353 443
364 251
240 336
457 140
163 368
419 77
181 433
138 433
362 317
344 155
172 12
391 239
152 406
352 273
165 156
401 442
30 289
131 250
368 154
49 484
382 303
80 187
264 105
222 229
343 229
103 478
271 303
441 48
176 387
21 368
402 87
121 234
60 174
377 397
45 216
359 308
406 378
114 2
230 239
145 339
155 308
270 79
0 155
78 13
109 265
133 458
210 232
184 354
268 399
74 22
15 48
458 87
466 199
301 266
232 149
299 1
260 24
115 98
499 303
412 220
411 76
139 78
332 226
350 250
417 234
337 223
472 421
108 81
416 15
290 191
484 24
418 246
427 399
481 330
81 339
491 254
231 172
409 73
23 53
146 367
191 71
22 17
106 368
267 303
