img001.jpg img069.jpg
286 329
96 207
90 68
364 221
334 303
409 303
93 122
76 79
310 221
103 75
121 56
240 79
196 68
447 175
141 79
62 59
425 364
154 410
244 154
104 202
253 252
225 199
261 79
277 176
255 348
179 154
355 303
256 83
61 181
383 221
421 139
264 326
194 200
260 31
178 67
87 134
180 74
181 56
216 157
498 428
437 157
291 176
78 364
54 56
97 176
368 478
175 221
223 221
214 135
119 156
245 67
66 79
160 292
64 378
458 324
426 284
56 60
298 204
467 485
393 415
246 463
295 324
386 385
42 230
254 175
343 122
101 269
463 47
143 12
205 218
413 485
135 79
219 192
248 202
307 346
271 165
344 344
372 10
479 31
435 60
92 60
366 479
494 353
118 190
102 244
159 10
280 462
164 317
273 222
416 338
9 221
468 326
441 220
308 264
399 214
269 221
91 10
403 157
252 299
404 463
311 175
31 409
123 309
134 468
276 299
459 45
396 433
489 299
21 317
120 126
401 296
130 263
330 34
476 14
15 326
144 291
375 316
285 106
99 290
235 379
53 317
290 344
471 438
231 46
348 375
274 50
391 450
466 46
163 456
337 392
422 215
301 258
72 348
434 157
304 308
296 23
26 230
356 235
202 148
263 396
294 364
321 197
373 126
453 148
444 299
412 348
117 204
243 176
423 175
81 71
125 230
448 18
446 348
70 276
300 202
316 385
482 450
328 38
186 296
233 228
282 187
387 168
265 499
108 337
362 214
68 303
167 413
336 347
1 253
82 193
158 315
357 320
221 176
432 435
222 324
335 179
485 221
332 301
480 221
166 6
309 155
381 329
133 263
184 174
52 103
483 307
319 135
28 324
176 242
299 204
69 232
106 260
122 68
360 467
35 41
347 232
380 392
281 193
397 231
173 435
237 66
58 415
247 331
477 276
230 479
454 271
374 13
370 347
73 225
324 421
442 461
150 222
430 443
57 406
126 12
137 479
267 280
472 232
320 3
95 460
182 433
124 449
148 398
326 20
138 176
113 226
116 322
193 174
195 409
462 408
495 45
13 50
284 329
241 337
346 175
449 14
388 377
427 230
429 414
455 31
171 366
208 414
161 413
365 479
12 427
55 282
297 198
303 245
89 344
59 326
436 479
48 298
398 344
382 370
272 264
142 253
200 228
275 248
49 18
131 428
107 132
229 347
14 10
323 282
478 360
259 471
105 450
402 460
419 450
3 193
283 467
46 248
361 211
227 268
443 6
127 340
340 335
128 380
191 242
400 302
384 123
270 31
23 273
278 274
433 447
242 361
390 389
342 35
452 222
475 397
392 453
333 479
7 180
44 263
339 380
461 405
183 180
16 296
155 161
149 10
486 1
215 23
203 413
431 209
492 169
145 228
438 488
17 245
234 453
6 62
22 59
359 485
251 113
110 80
2 5
30 282
306 15
75 348
139 308
371 54
33 306
211 330
457 485
325 19
302 368
67 16
440 422
190 174
228 345
465 443
165 206
217 440
394 413
11 228
114 18
224 245
288 43
450 294
199 176
451 171
185 346
198 160
499 329
86 257
24 120
60 189
331 135
487 376
367 255
10 198
369 340
460 418
170 25
354 447
445 460
79 223
469 449
152 494
322 497
313 184
156 434
408 408
329 472
32 410
424 492
350 301
418 48
210 233
292 253
405 204
407 348
209 206
377 468
279 386
226 268
84 386
88 214
136 157
315 298
50 206
439 468
77 472
428 294
417 346
34 241
151 273
172 3
353 433
51 147
132 327
115 477
65 137
18 139
94 483
45 203
47 49
140 353
189 8
169 141
406 206
456 57
41 391
338 367
153 211
352 231
358 211
239 232
39 310
83 153
38 164
378 297
395 324
109 27
168 226
379 458
129 46
464 104
25 248
345 169
27 357
318 286
29 462
0 353
491 13
484 232
493 434
207 453
43 476
63 337
314 268
111 47
187 241
473 286
98 297
268 382
293 246
146 66
192 352
201 47
376 356
287 346
266 296
36 284
19 366
410 58
177 62
80 424
37 242
112 34
414 335
420 296
197 493
317 412
74 291
213 330
206 213
349 176
289 192
341 179
363 219
312 257
250 39
470 405
385 259
232 50
249 489
188 336
71 12
220 46
8 60
20 297
204 206
481 417
488 349
218 406
257 465
258 235
157 254
162 487
305 192
496 436
4 355
212 278
85 180
100 484
411 9
238 336
389 478
415 294
474 404
40 349
174 380
5 318
262 491
236 406
490 53
351 176
147 8
497 406
327 279
