img005.jpg img032.jpg
493 345
455 281
390 281
30 86
196 229
377 139
121 358
284 402
85 363
359 56
128 386
481 193
109 153
326 496
286 278
70 11
182 390
26 386
238 65
320 367
413 29
375 338
435 346
498 15
142 30
125 141
113 8
467 358
476 173
214 402
90 456
152 78
416 215
172 479
412 363
99 29
263 146
329 338
197 219
14 255
483 363
440 281
430 203
361 268
423 193
77 116
205 485
111 129
336 281
6 278
132 356
133 415
398 51
470 321
252 15
448 277
489 415
166 22
371 46
323 130
471 19
478 456
149 273
68 174
407 359
173 331
342 439
9 193
146 83
298 268
313 97
185 413
271 250
450 348
473 445
164 37
393 344
281 56
283 56
165 90
349 200
425 354
248 65
16 278
296 133
254 432
333 50
396 58
282 139
337 293
305 96
497 131
362 262
230 318
456 363
411 142
7 196
434 344
247 358
292 357
127 193
118 358
267 195
49 48
272 168
358 322
188 96
428 363
459 320
8 419
395 39
469 479
490 474
277 403
482 281
466 181
190 281
262 144
198 189
245 56
488 489
192 428
223 39
266 383
347 314
218 422
59 358
115 419
418 69
487 333
330 65
485 149
491 67
365 431
199 363
449 416
391 489
86 104
372 325
63 186
379 16
208 415
324 85
203 141
406 281
229 387
384 197
96 312
421 16
462 320
463 115
216 8
392 190
226 114
71 277
162 361
389 107
253 396
348 88
388 165
340 242
193 363
464 149
122 186
410 300
454 177
12 273
239 403
278 332
19 290
394 43
499 356
367 195
486 64
0 78
346 226
437 352
419 405
495 375
354 307
431 397
355 220
309 161
108 52
233 414
304 184
280 193
447 193
452 170
67 66
107 398
426 159
316 358
299 290
331 145
228 30
369 399
72 374
264 309
261 332
415 25
126 186
279 235
424 363
171 320
289 100
439 177
315 382
442 200
22 354
191 440
11 180
177 215
422 271
321 221
123 443
344 43
221 495
273 390
275 410
433 405
297 363
65 67
479 132
194 487
251 246
387 266
401 16
357 225
472 255
80 375
178 280
227 141
306 86
420 274
232 161
319 197
183 213
327 415
338 281
18 231
350 359
360 497
345 161
257 364
397 86
212 208
265 462
366 198
3 26
24 55
474 319
69 374
235 283
209 488
291 97
318 354
112 279
270 175
98 104
332 65
174 113
429 470
134 4
376 195
405 439
17 386
244 469
352 126
325 281
443 143
117 242
144 463
222 244
293 475
403 226
58 375
417 325
300 363
364 270
204 277
339 143
243 145
250 117
436 166
184 141
385 367
445 47
317 64
475 277
225 484
201 356
477 405
260 141
356 114
13 241
4 47
285 262
341 372
353 227
206 264
259 173
334 99
276 126
301 31
1 29
43 375
167 102
47 99
106 335
170 232
202 205
308 206
89 375
303 416
496 209
154 106
23 246
210 98
140 429
2 87
381 63
56 374
187 40
215 182
399 238
15 337
465 474
322 177
314 130
343 438
468 113
116 203
363 415
451 191
458 247
441 264
234 474
258 251
494 422
432 219
175 101
480 67
88 336
38 375
181 228
404 352
402 180
335 272
124 412
211 153
32 375
139 422
427 149
163 383
84 158
287 378
311 143
74 374
195 375
217 431
249 282
93 266
131 87
145 74
241 121
400 129
50 375
62 374
40 375
81 375
130 256
294 409
25 213
220 464
414 479
295 174
351 123
141 184
231 259
44 375
310 16
460 177
73 174
237 220
147 413
312 438
328 63
409 177
120 335
136 264
242 79
148 197
382 436
35 375
82 416
137 102
94 243
54 375
374 436
78 48
75 63
256 356
138 418
213 203
45 374
20 167
180 29
383 191
255 405
373 181
380 354
79 228
57 74
224 387
61 389
307 89
27 375
53 374
492 328
76 174
438 398
101 375
60 374
453 392
408 160
461 1
189 190
34 375
246 182
135 228
288 375
66 42
302 350
169 321
269 415
39 375
103 375
274 474
110 16
268 399
92 374
457 487
219 454
51 182
161 228
176 224
28 375
97 461
36 228
87 254
155 264
168 81
64 197
102 437
129 213
29 63
91 63
240 479
236 428
160 264
105 63
151 264
150 375
33 228
446 353
100 374
207 107
153 228
42 375
290 129
444 58
143 102
200 259
386 132
21 375
119 375
46 375
48 228
5 375
158 264
378 389
186 228
41 375
114 233
156 375
159 329
55 208
83 228
10 439
179 285
95 375
368 259
31 81
157 264
484 106
104 266
52 374
37 375
370 432
