img025.jpg img026.jpg
60 303
368 441
25 145
81 355
3 199
491 368
86 468
43 439
401 378
153 303
212 355
397 479
429 459
44 145
240 490
318 470
105 450
28 389
138 145
170 490
143 355
471 157
117 303
16 28
461 165
344 404
387 248
360 468
13 483
350 470
59 431
123 251
17 452
129 446
485 303
224 386
266 420
481 418
21 491
484 383
217 251
24 301
4 145
62 210
165 477
96 463
492 422
85 325
281 290
306 416
486 42
20 327
80 470
126 78
414 355
150 470
221 355
276 450
430 38
36 24
223 417
245 378
341 370
103 440
342 379
358 370
15 445
151 383
67 431
395 359
73 470
333 487
175 456
415 253
154 135
338 379
229 470
40 121
290 389
376 394
433 303
243 296
108 145
52 374
435 38
181 241
470 38
14 453
206 453
373 314
317 395
182 446
119 310
163 470
277 441
466 442
462 368
78 456
192 123
254 8
157 106
289 378
354 381
405 414
92 184
271 473
455 379
71 95
144 395
325 403
331 258
66 241
340 215
438 439
99 111
379 422
186 466
463 38
252 430
321 440
7 92
90 473
403 389
385 407
18 163
118 419
193 388
327 153
54 122
208 47
442 61
57 197
259 185
113 176
399 151
106 65
346 380
460 355
87 211
366 170
308 210
436 375
22 123
314 256
168 153
260 257
219 157
337 383
116 385
231 198
286 251
256 174
137 439
417 183
292 415
8 179
142 222
284 380
202 161
184 266
425 127
378 248
69 241
112 248
124 420
189 374
238 498
261 278
140 13
187 192
283 191
42 160
253 413
459 15
68 312
374 244
32 190
437 108
476 174
34 455
64 441
88 387
19 318
416 473
196 154
141 181
172 378
197 252
400 363
418 179
152 179
285 110
375 412
134 35
322 470
63 420
328 248
347 255
211 147
248 395
230 225
160 112
203 145
51 418
135 283
98 447
139 189
148 355
264 496
465 158
158 199
339 250
257 384
49 65
474 92
288 39
27 456
130 270
145 470
247 474
355 35
394 339
319 391
473 227
382 157
468 469
244 375
265 456
213 313
388 78
128 305
38 105
336 490
39 153
146 37
269 145
313 266
453 22
233 105
456 183
312 278
377 443
411 125
334 50
352 409
439 339
11 150
241 395
488 405
46 214
407 255
242 168
268 447
299 401
413 209
478 0
324 459
115 369
356 445
89 388
380 252
273 44
499 218
10 374
228 332
293 332
448 157
75 248
190 405
246 127
107 459
477 120
393 352
451 36
95 84
236 381
447 270
227 253
365 240
404 310
45 154
2 495
494 367
29 41
48 35
419 257
496 167
35 416
467 15
159 348
169 300
326 36
56 181
188 209
249 484
185 8
0 314
392 464
109 111
147 225
364 403
82 276
444 174
345 231
255 233
469 209
311 494
351 39
434 115
171 217
323 232
389 169
79 144
199 61
84 403
173 153
412 472
179 301
487 9
304 388
493 319
61 480
156 324
114 483
131 378
348 391
329 206
216 219
480 293
210 310
263 106
479 183
357 415
402 339
445 280
446 378
386 389
302 247
398 122
406 21
432 224
161 35
421 411
41 466
204 312
215 110
258 375
122 9
301 402
320 360
408 350
279 442
443 381
1 301
362 24
423 475
183 150
180 99
316 468
475 361
490 142
298 257
497 287
201 422
232 225
431 409
291 415
426 221
310 93
125 183
166 359
235 158
472 195
76 495
132 21
384 217
483 283
91 95
275 415
309 8
6 135
195 221
396 27
452 328
441 381
149 153
164 190
177 110
361 278
296 270
31 122
440 253
454 421
420 445
272 134
205 420
262 401
278 256
359 223
409 460
294 370
332 383
30 193
58 97
267 389
335 347
104 320
110 460
194 17
100 28
93 379
127 231
26 136
12 456
450 19
83 172
9 251
237 392
489 157
220 37
371 218
70 21
305 174
94 78
498 396
65 106
464 286
457 152
133 243
102 105
367 175
225 8
303 372
297 445
343 382
37 347
282 332
381 470
207 270
449 258
424 279
495 9
250 204
274 60
50 313
72 481
427 480
121 76
428 298
410 152
120 253
353 88
162 30
218 123
234 172
23 274
300 82
53 154
287 444
390 217
74 232
200 24
458 459
77 37
239 464
167 120
209 178
97 97
5 467
482 471
222 154
349 16
174 170
155 93
422 209
178 351
315 206
307 399
370 464
176 33
191 36
214 258
363 110
111 263
270 150
369 104
55 400
47 259
226 20
295 154
251 382
198 274
383 266
391 485
372 237
280 243
33 100
136 385
101 453
330 124
