img007.jpg img060.jpg
193 14
282 467
27 50
174 449
40 20
129 498
234 226
122 187
336 366
154 50
262 196
126 91
283 161
422 50
276 215
177 467
39 408
384 26
297 324
197 336
241 243
300 263
72 270
228 357
159 148
207 5
90 148
257 467
320 357
156 161
349 349
260 14
213 174
264 354
400 161
360 215
294 498
170 380
58 215
305 115
450 311
125 400
200 91
288 77
492 91
198 419
32 197
350 322
393 96
269 39
14 148
139 197
224 357
21 83
271 125
246 18
438 169
483 176
225 92
365 381
480 12
158 498
344 332
341 136
386 475
408 91
469 279
313 142
456 286
203 121
369 50
451 5
211 142
414 154
390 336
373 263
111 376
302 357
295 357
281 20
196 236
465 208
178 83
34 274
147 289
479 471
19 366
412 26
59 498
359 488
114 144
312 78
319 219
497 40
38 26
53 330
205 115
477 336
346 154
356 103
471 205
124 104
415 89
309 61
55 263
145 351
316 282
248 161
496 308
444 154
83 77
87 393
219 182
404 274
453 7
467 236
247 111
439 322
157 22
242 106
463 187
37 99
396 277
397 440
485 71
304 357
57 51
448 176
306 277
28 324
326 125
357 498
460 190
61 92
95 468
493 172
96 474
464 321
229 361
368 30
489 460
183 274
338 170
488 432
222 247
10 50
110 179
340 308
151 243
499 14
445 267
13 439
367 14
482 380
36 51
473 208
416 197
286 34
486 167
42 333
103 428
314 243
188 0
378 218
382 249
173 186
284 50
321 289
301 218
335 136
226 91
462 136
194 348
291 234
79 274
105 161
428 88
487 336
405 286
121 307
354 427
474 333
402 229
86 83
186 237
221 355
476 311
94 270
179 196
204 289
366 332
238 50
398 103
468 162
9 51
351 285
1 179
231 326
67 232
273 65
385 381
24 376
435 460
6 261
362 238
310 148
383 333
44 319
107 136
249 175
185 262
441 471
12 301
2 172
85 0
217 172
446 17
68 373
293 89
17 123
82 113
163 307
206 148
263 25
325 56
371 134
115 480
454 265
423 26
116 382
153 315
0 27
30 277
311 161
252 481
363 50
91 331
16 274
323 294
112 498
403 48
318 200
437 299
452 18
54 232
144 249
169 225
189 260
431 16
458 14
138 441
440 346
299 451
63 136
343 252
455 8
143 308
62 40
347 195
317 250
65 175
434 389
190 14
322 18
132 362
69 22
272 4
71 446
131 19
303 484
60 351
494 5
374 315
391 167
392 330
160 199
280 385
342 328
426 34
459 167
478 317
498 26
88 1
254 14
425 5
56 499
389 432
495 396
150 278
287 381
307 412
457 471
50 423
239 156
52 9
167 142
285 252
308 61
166 406
399 53
73 237
92 401
401 322
51 191
328 26
355 56
407 308
106 433
250 456
15 304
66 40
101 267
265 163
215 412
117 331
258 211
3 63
232 388
289 495
77 434
251 199
491 451
214 83
348 57
240 363
388 255
277 100
327 91
381 376
99 461
212 128
290 111
421 474
142 395
261 385
292 106
123 288
140 31
443 380
180 250
315 237
324 239
20 412
43 34
430 148
411 495
253 91
127 161
81 351
419 238
436 167
97 9
33 320
259 361
417 230
442 6
475 343
216 256
270 157
337 237
18 297
135 80
237 174
449 297
243 127
387 215
470 498
195 419
413 289
220 88
256 337
266 498
278 459
175 173
274 433
394 250
75 33
4 265
165 447
208 342
330 5
364 78
461 77
76 0
192 265
418 106
379 117
47 335
230 84
406 150
201 314
352 25
155 442
334 498
134 336
162 224
45 331
209 80
447 419
484 433
120 319
8 238
161 91
202 408
176 84
427 42
48 403
84 51
137 426
377 329
29 38
370 365
481 229
164 187
218 498
7 191
25 464
74 452
275 324
223 219
11 499
433 181
70 61
345 96
78 106
361 78
149 112
89 498
410 322
298 180
395 56
181 147
5 405
255 50
35 416
104 315
102 359
376 402
409 433
26 201
236 480
372 88
268 70
109 75
331 154
172 84
432 239
358 486
93 166
466 214
41 348
80 395
168 0
128 97
227 484
22 467
46 201
339 78
279 246
133 275
141 399
64 187
333 273
113 30
424 390
235 80
187 270
380 274
199 297
244 106
472 265
245 250
429 477
375 433
267 357
296 376
329 37
233 452
152 397
119 172
31 250
420 201
23 33
98 274
184 140
210 84
171 263
148 38
118 227
353 408
182 139
490 18
108 342
100 87
136 254
130 61
191 412
332 284
49 37
146 499
