img000.jpg img020.jpg
465 209
317 135
499 209
106 476
303 187
262 135
30 204
178 480
318 208
104 415
387 495
208 462
302 315
59 41
255 37
259 208
134 442
362 187
102 315
69 298
111 397
131 41
209 387
307 480
271 451
211 387
138 442
390 212
6 424
90 415
196 485
65 6
464 230
293 43
26 463
301 285
136 442
494 315
72 111
60 185
46 41
404 187
321 88
288 492
144 75
48 205
286 74
84 442
442 41
437 315
57 267
384 41
329 212
346 485
179 452
284 415
127 282
149 257
53 274
80 377
190 449
338 285
201 493
112 347
79 493
87 110
469 2
19 415
335 409
123 451
343 463
192 424
142 222
217 451
14 442
279 391
348 463
96 454
234 283
128 415
43 475
105 168
360 187
40 88
285 188
342 39
358 327
375 316
100 144
328 463
399 148
37 442
246 74
311 300
64 452
169 315
405 373
426 452
202 498
115 450
272 377
258 439
299 327
463 485
195 442
324 439
395 209
86 298
245 207
377 229
237 78
263 489
314 256
484 427
310 208
417 299
406 341
124 497
170 88
235 387
332 289
257 262
146 442
361 34
347 204
77 425
379 191
173 377
351 170
92 47
448 498
344 427
380 212
439 474
185 298
236 442
193 442
411 136
25 442
450 489
2 485
75 413
290 208
315 187
126 327
183 327
260 404
316 495
47 208
371 315
49 98
15 123
18 108
264 2
22 444
223 120
110 476
483 5
132 377
414 497
462 172
99 425
481 357
145 499
398 155
141 203
172 442
407 180
308 319
364 50
454 472
113 486
330 498
4 372
476 485
435 341
114 335
214 451
251 327
88 449
93 17
345 415
194 425
215 157
116 148
8 448
222 498
493 483
39 263
313 235
63 286
117 208
370 376
400 395
165 474
191 298
254 461
135 483
166 363
372 255
350 480
187 387
366 104
431 396
233 105
489 476
89 463
475 499
409 485
312 8
240 450
365 187
401 187
292 368
186 493
133 244
203 103
97 19
121 135
277 311
498 212
147 32
218 442
82 264
156 236
373 25
199 374
295 383
352 236
354 10
164 388
78 298
383 407
273 387
108 387
241 451
326 162
408 373
221 356
213 165
230 377
306 305
420 8
28 316
176 415
392 243
101 390
180 187
184 493
34 389
415 472
103 352
167 299
471 271
423 212
155 425
497 299
61 442
433 349
446 144
261 168
393 208
129 433
456 96
459 357
477 474
210 32
268 308
206 439
397 30
336 401
478 485
42 413
228 335
35 11
58 8
418 212
444 180
495 485
267 352
232 421
474 151
243 452
339 161
177 140
487 200
388 455
419 161
12 421
74 137
120 37
23 484
225 308
239 78
95 308
359 264
479 289
490 248
396 254
152 490
158 379
425 284
452 428
174 330
413 481
150 135
168 27
449 447
216 73
247 439
451 10
496 311
349 339
85 338
226 424
148 60
492 41
139 82
322 432
5 387
154 348
229 174
27 474
157 230
1 258
56 418
175 267
430 127
436 483
289 437
81 258
32 205
320 314
374 211
283 300
162 387
265 104
266 325
353 17
486 497
220 253
200 27
188 441
118 41
248 483
20 298
391 460
368 311
125 482
325 184
21 456
107 100
480 65
54 18
198 267
410 160
109 179
130 482
467 404
281 393
305 337
275 271
33 186
327 360
291 76
331 341
29 249
447 41
181 6
441 427
416 236
67 421
337 107
294 474
296 457
376 289
0 249
231 441
468 498
16 415
242 333
45 28
50 196
68 442
491 285
76 175
300 66
7 429
160 96
297 121
270 474
402 341
98 251
143 263
340 476
276 440
238 427
159 425
488 150
11 37
41 406
204 379
51 61
205 267
386 170
429 339
470 167
334 346
3 333
197 367
250 327
323 308
83 355
17 279
151 150
282 183
356 77
443 199
304 471
428 457
363 448
382 141
249 481
31 135
244 166
457 498
207 419
171 395
434 344
424 270
44 67
140 349
357 370
9 453
412 148
137 292
122 249
472 447
182 493
91 294
253 243
24 125
73 103
309 378
224 59
319 464
458 280
163 430
189 172
455 261
473 8
440 453
466 402
482 5
432 264
71 30
227 498
52 241
219 424
403 179
461 24
274 323
36 489
94 308
70 227
385 253
280 407
333 47
252 497
381 234
438 308
367 396
256 429
298 267
389 341
341 366
453 311
427 349
10 233
38 458
66 103
62 32
378 427
421 96
119 78
485 67
161 408
394 263
422 118
287 498
13 474
269 423
153 144
445 102
212 472
369 458
460 313
55 5
355 196
278 99
