img012.jpg img019.jpg
384 401
397 87
85 314
429 310
361 99
3 241
450 434
272 486
357 11
322 33
449 433
303 310
478 310
155 397
249 401
340 373
64 472
430 324
256 374
54 166
267 234
306 414
396 197
413 179
6 369
316 412
471 415
352 31
255 463
147 399
364 481
428 103
317 60
260 85
497 472
225 31
328 414
419 446
373 202
161 401
59 101
335 457
270 457
351 77
298 373
83 465
133 373
388 304
176 114
377 406
16 46
219 201
314 91
142 424
264 144
195 234
173 422
458 259
332 387
238 294
362 433
399 414
227 373
330 225
152 86
344 366
211 222
297 373
221 275
68 392
188 486
412 414
132 381
212 33
62 403
223 15
485 401
136 201
365 118
491 472
275 433
31 373
125 468
437 480
197 45
34 399
207 276
371 304
51 424
13 413
106 419
439 473
486 444
174 345
38 201
205 59
292 424
311 11
472 137
319 417
421 144
349 15
86 142
181 47
253 473
2 454
130 349
440 170
27 433
438 401
139 390
10 124
425 60
367 460
36 299
204 389
386 480
455 94
259 191
245 229
294 366
92 77
206 481
169 410
183 353
278 201
202 202
228 373
299 203
241 467
302 65
274 148
339 293
198 60
265 394
342 299
191 122
165 345
89 23
113 124
233 298
185 38
301 421
194 421
143 46
237 349
141 409
53 345
180 299
170 293
67 211
368 293
389 395
156 59
262 189
220 125
432 472
378 418
495 204
239 166
484 144
447 106
73 471
121 427
96 445
97 463
477 419
493 411
350 59
409 111
456 327
423 387
289 481
408 385
418 119
291 31
87 202
405 110
454 445
45 475
372 4
63 303
363 249
12 473
148 119
70 471
17 201
431 118
203 227
283 417
196 299
321 391
74 234
124 104
20 77
82 229
179 90
307 13
167 492
338 365
61 422
230 90
236 475
35 100
171 422
393 385
91 22
242 65
492 433
22 410
168 401
435 106
258 415
215 475
407 442
79 448
427 165
310 102
375 142
391 381
341 31
401 445
199 65
420 262
474 90
293 275
160 398
459 108
43 467
246 65
11 410
273 422
122 65
154 164
247 179
286 411
214 442
217 446
263 394
18 5
19 471
234 399
417 293
69 457
105 168
381 410
4 40
366 445
444 91
138 475
353 373
280 410
360 320
126 381
315 353
480 373
65 353
163 415
453 385
436 310
33 108
39 390
443 10
157 402
376 491
446 30
66 222
433 38
145 415
323 102
57 401
76 22
348 470
244 303
104 440
115 229
131 387
355 4
287 472
114 101
49 490
218 66
416 177
90 293
284 45
107 60
240 0
93 426
120 491
295 475
354 378
380 385
400 102
300 281
390 428
460 440
101 499
186 474
98 96
81 409
312 466
359 294
100 372
304 402
326 409
334 241
7 211
103 484
318 437
222 59
313 320
102 345
1 209
232 164
137 424
406 493
94 491
385 448
462 441
84 38
200 104
216 5
46 4
457 407
277 427
374 137
415 91
379 144
392 101
50 106
224 433
178 424
75 365
324 447
331 22
9 415
175 490
21 454
468 144
58 157
252 5
370 395
166 469
32 423
369 499
473 191
60 470
144 60
489 442
190 401
251 332
164 399
305 144
422 101
177 439
452 90
475 31
127 411
208 427
320 15
231 342
309 491
243 66
266 22
276 102
151 458
347 106
296 385
411 411
15 466
52 186
135 186
333 475
56 5
72 104
402 399
466 411
28 373
153 209
490 0
494 211
40 294
308 162
158 379
213 406
26 303
42 439
285 108
481 259
14 479
345 124
209 464
346 101
479 112
123 22
226 114
499 221
282 65
487 117
8 22
80 79
279 228
108 104
44 238
327 456
5 5
30 31
77 106
424 59
48 386
149 491
482 439
189 303
257 211
483 59
268 164
187 497
24 4
95 65
37 496
336 30
150 65
271 124
55 201
129 425
281 353
383 209
193 74
488 114
387 482
229 491
23 202
118 432
496 72
235 435
134 168
414 299
182 293
442 22
112 415
329 59
71 211
464 407
210 74
469 461
290 410
0 366
404 120
448 26
476 389
382 486
250 281
398 164
470 65
41 476
337 38
498 381
201 432
343 410
248 373
25 74
325 59
467 442
288 427
159 294
451 457
172 85
441 106
465 90
162 90
356 462
29 5
110 22
445 166
88 0
184 65
410 411
395 59
269 179
358 13
119 173
434 173
111 413
146 480
99 499
47 40
254 416
461 423
261 164
78 240
116 304
128 475
192 212
463 4
109 428
140 435
403 423
426 404
117 401
394 490
