img016.jpg img017.jpg
75 183
428 365
237 382
453 365
285 364
289 34
404 408
136 183
19 461
278 445
40 34
35 291
454 408
354 277
68 183
221 34
378 307
444 297
209 295
13 451
195 442
193 411
235 297
326 31
146 223
389 418
348 150
233 307
7 107
214 107
394 360
435 107
93 315
282 383
279 130
446 74
216 383
439 160
356 279
461 341
355 25
353 377
210 392
342 383
474 326
402 436
41 410
410 443
101 490
243 103
298 317
247 31
401 382
360 329
151 291
396 107
138 286
368 78
409 467
60 45
99 288
66 417
90 411
483 442
343 222
163 242
296 26
256 98
137 34
321 460
29 299
364 443
222 295
203 12
492 183
418 354
308 373
377 373
472 339
310 465
275 65
303 295
367 450
213 117
132 30
276 465
22 476
30 59
197 408
252 307
145 376
274 260
1 465
491 383
350 62
295 392
373 349
159 242
215 80
226 373
445 383
31 493
198 286
206 485
349 436
329 140
347 111
241 385
86 294
96 203
336 486
267 348
2 383
230 337
301 445
406 316
497 16
429 80
479 162
459 29
292 80
114 13
499 432
147 170
83 120
254 275
49 278
357 389
11 492
50 392
112 371
246 124
286 12
434 406
448 291
15 25
481 107
297 222
119 386
344 238
460 50
135 388
234 484
244 461
79 380
443 244
88 392
18 74
5 97
54 449
455 464
334 351
408 379
482 365
331 171
223 403
340 450
311 489
92 278
312 162
85 349
399 294
168 80
155 436
493 329
156 245
431 112
17 203
124 297
249 365
393 49
304 409
470 25
391 337
169 59
52 457
363 337
382 376
313 306
411 367
302 297
432 443
84 486
397 80
126 109
160 103
9 485
130 408
217 126
430 341
436 142
27 295
345 359
122 100
319 210
476 404
299 142
447 367
201 485
271 242
480 307
98 71
202 222
457 29
239 269
327 198
320 271
139 222
268 396
121 66
153 485
317 99
417 103
487 222
32 177
423 120
269 261
12 261
433 81
189 480
46 297
24 349
190 214
102 74
118 9
128 251
191 337
258 18
450 222
14 25
477 370
316 31
330 19
333 427
424 349
379 242
64 429
257 443
407 481
485 464
291 36
442 141
425 156
266 376
36 79
484 488
229 331
314 160
232 406
452 441
456 432
34 214
465 432
351 217
231 169
245 97
324 359
42 74
473 436
398 58
405 238
365 396
387 450
176 274
422 458
421 134
255 443
20 428
70 294
181 465
486 331
212 241
413 375
305 350
248 59
427 353
142 130
284 177
328 177
468 381
211 245
403 245
16 457
62 109
117 469
207 242
449 488
140 30
67 455
441 333
240 455
91 337
94 379
419 291
218 74
290 488
386 65
116 64
383 291
496 480
332 371
10 186
242 222
261 186
337 260
488 484
392 461
458 467
498 356
152 169
416 450
38 94
81 349
335 350
180 349
104 339
440 449
265 69
366 367
438 419
273 97
148 307
323 453
175 278
103 428
25 260
154 365
108 16
133 64
341 103
375 200
463 94
61 392
412 360
173 83
63 125
462 314
43 124
100 115
113 18
372 217
72 168
227 392
106 348
260 145
178 286
294 74
346 222
362 294
149 278
306 465
489 270
187 42
287 49
174 392
120 196
158 64
262 222
82 388
44 305
71 300
388 461
277 80
134 176
39 260
97 285
219 107
293 197
338 142
3 337
188 461
426 309
395 217
490 278
352 169
164 459
166 436
370 140
0 495
478 353
172 97
26 492
238 196
161 84
315 457
53 249
162 33
58 97
131 39
369 388
183 366
376 370
55 171
77 392
157 444
171 260
225 44
109 47
143 329
57 314
56 389
414 370
45 63
437 50
494 388
204 131
186 245
123 476
47 65
51 337
167 124
74 117
111 424
28 71
309 457
264 83
361 388
23 71
281 494
110 216
380 291
420 79
205 36
48 22
141 409
6 146
194 329
415 293
65 116
165 393
107 18
400 97
179 196
185 395
300 388
495 291
288 241
385 131
272 94
89 66
144 415
251 373
105 329
200 340
358 262
469 483
359 423
280 29
127 83
182 329
33 443
170 191
253 399
283 242
87 245
475 335
322 372
471 436
150 417
263 372
325 482
76 80
129 117
374 222
464 122
467 52
177 419
371 111
69 212
125 396
466 241
37 47
95 403
196 400
270 355
339 80
228 24
59 74
384 321
80 236
224 46
307 246
184 326
115 442
250 392
78 99
199 19
4 393
8 427
192 424
318 33
259 376
451 486
73 253
390 40
208 49
21 329
381 80
220 427
236 374
