img009.jpg img017.jpg
408 462
140 232
155 239
73 239
107 180
236 335
237 282
275 250
90 250
416 460
358 288
180 95
123 181
222 68
22 48
141 212
401 442
96 67
254 313
132 231
100 301
124 265
157 254
256 250
134 158
338 347
80 14
142 35
288 68
388 430
31 48
263 35
278 248
26 158
192 282
251 68
223 88
300 288
84 181
473 490
113 259
136 332
198 282
225 68
285 403
175 142
83 51
128 244
215 257
133 282
224 68
91 192
436 473
85 110
421 430
21 110
267 250
77 182
118 68
86 42
410 344
166 91
149 157
93 184
441 472
189 282
279 16
184 266
206 259
81 110
125 403
147 192
78 23
97 180
72 95
122 254
79 164
240 14
427 421
36 113
467 490
188 51
52 430
28 192
12 215
204 238
114 95
33 69
63 195
131 51
258 51
495 490
68 59
471 489
260 288
228 403
60 195
27 197
449 404
64 195
229 403
4 102
13 269
294 98
488 295
35 101
158 264
276 96
50 51
153 168
247 258
20 110
435 455
19 110
119 113
170 415
195 403
264 198
271 91
268 198
496 62
250 403
0 190
413 455
139 113
301 408
69 282
57 49
7 195
14 89
489 349
197 403
269 403
127 403
266 176
213 224
484 451
25 2
70 24
472 472
262 176
293 98
2 190
108 190
156 176
326 406
42 403
194 288
6 123
129 113
150 195
280 259
8 102
121 51
190 269
286 113
144 95
261 195
3 113
217 61
51 52
117 184
151 403
227 184
390 297
161 195
162 113
216 303
295 294
56 21
257 313
185 192
478 479
168 403
148 195
62 195
475 499
37 102
297 303
10 113
76 137
29 192
426 197
446 468
18 190
265 113
384 208
364 307
95 195
202 209
48 195
298 273
34 21
219 195
290 195
434 349
137 403
493 254
403 77
310 294
415 392
281 347
411 113
231 403
233 195
313 460
429 206
245 329
352 307
11 91
167 113
462 498
431 321
433 283
44 403
154 8
452 102
330 7
277 95
1 51
172 403
209 195
343 460
164 195
349 259
54 21
458 348
243 113
494 261
332 392
387 103
116 91
103 113
203 113
232 113
176 102
55 161
43 113
110 214
178 35
191 8
252 365
430 493
143 205
61 195
226 98
165 403
16 23
235 195
242 91
234 403
308 307
17 174
109 294
414 406
394 178
448 31
331 436
486 437
88 8
491 411
469 472
58 6
82 86
87 6
46 403
220 195
92 294
47 214
179 224
348 290
71 74
40 10
171 113
375 357
405 331
474 31
386 490
138 443
351 476
367 358
30 442
350 125
316 43
49 403
169 195
451 315
177 102
181 480
130 120
214 80
344 171
102 167
273 211
406 124
454 463
466 365
259 171
291 210
404 265
66 113
476 389
385 214
39 419
284 113
347 359
160 404
345 460
311 270
380 255
333 43
200 36
465 443
174 190
382 33
239 443
74 21
346 352
173 190
304 433
309 497
318 436
211 457
182 237
440 488
334 208
425 130
461 321
292 24
455 489
106 461
357 26
337 192
373 423
307 24
104 358
479 462
38 340
115 241
336 253
112 329
270 436
328 456
492 259
45 177
377 420
398 305
412 128
444 38
111 185
378 162
432 170
105 107
424 428
145 392
422 360
212 289
342 97
366 326
327 300
323 305
355 295
499 468
41 59
399 36
94 455
456 384
230 195
470 202
75 232
324 106
302 280
468 391
376 286
438 205
498 343
396 81
487 357
135 278
159 467
272 489
383 106
335 100
339 334
482 425
443 493
480 140
317 202
329 197
459 206
460 492
244 59
400 485
274 289
407 97
53 300
393 380
490 206
163 374
207 280
249 300
353 71
126 260
439 103
221 295
306 124
322 456
183 270
361 324
417 392
409 321
445 321
442 361
395 71
463 202
497 71
381 130
186 307
210 185
314 120
325 283
299 80
369 489
362 262
315 408
341 4
120 458
282 489
392 171
457 473
218 489
23 414
241 213
187 335
193 383
437 203
15 461
24 28
356 388
5 160
363 218
423 460
303 43
391 369
447 428
9 383
483 360
205 425
389 101
253 171
59 458
67 409
453 405
321 63
402 321
201 418
420 218
359 174
428 107
360 43
305 380
372 109
477 191
296 388
485 124
146 409
196 284
287 284
283 86
101 318
32 432
370 380
379 418
419 393
450 392
89 431
320 489
289 457
312 49
248 115
65 58
418 99
354 114
99 58
152 173
246 120
319 236
374 218
397 83
481 114
199 383
464 442
368 83
208 486
98 213
238 25
365 70
255 24
371 196
340 386
