img034.jpg img037.jpg
113 29
459 382
497 248
219 379
25 29
464 248
470 276
472 425
397 474
488 34
410 176
458 368
153 248
440 24
385 172
63 29
489 16
467 247
429 482
409 491
355 143
183 255
143 273
445 176
475 276
441 33
382 319
368 345
127 351
321 319
55 248
178 141
468 379
383 44
347 487
22 470
375 176
425 129
142 390
322 44
104 351
232 248
103 196
389 115
98 463
401 24
166 392
435 102
400 368
0 201
380 64
225 382
313 492
328 27
29 351
490 413
317 141
242 300
197 343
294 319
80 351
377 357
487 50
314 313
86 495
486 313
211 255
469 491
333 68
358 18
331 45
149 351
352 129
450 24
26 407
108 401
40 97
473 407
357 232
346 5
298 202
414 276
421 33
161 233
361 315
379 230
123 351
194 34
491 97
23 351
257 44
124 351
448 436
191 351
424 303
310 351
408 216
14 357
208 248
391 218
319 45
235 129
21 351
329 401
444 90
483 320
180 351
195 50
477 313
272 449
30 351
222 351
320 356
474 333
97 319
456 333
480 176
119 38
77 292
52 351
394 399
402 42
152 351
323 366
261 296
299 348
354 36
58 351
176 351
9 351
253 443
306 218
436 379
186 449
16 356
34 316
282 438
349 42
48 351
371 277
126 351
399 399
290 176
215 181
476 77
107 351
292 239
492 312
159 351
147 351
418 269
32 315
109 351
134 351
276 296
381 58
105 232
133 248
6 351
427 248
214 4
170 351
18 351
273 487
31 351
131 201
24 443
209 296
248 351
330 149
132 351
311 377
484 66
230 351
165 348
51 273
53 356
228 357
246 165
303 4
392 313
110 315
177 351
217 97
416 413
92 123
461 399
411 418
419 276
171 343
439 348
38 351
453 101
291 312
61 351
213 351
125 351
205 351
302 351
175 351
279 351
340 113
2 351
136 351
305 315
485 438
73 267
184 131
406 441
17 295
94 351
481 42
206 141
62 213
198 351
141 296
360 35
44 296
295 99
57 391
223 4
422 166
89 315
174 341
82 427
234 496
356 433
20 351
335 122
338 93
37 4
366 445
226 144
376 449
398 47
111 49
423 249
403 49
236 73
237 417
220 220
339 358
341 261
326 449
192 351
446 235
85 351
372 5
84 79
202 377
438 0
449 145
1 351
90 222
405 390
304 491
250 357
342 313
430 165
466 113
46 4
315 351
173 427
478 159
50 474
231 444
367 59
280 296
309 131
270 296
312 230
283 4
325 101
370 466
254 219
442 132
193 274
59 470
83 458
252 296
415 250
101 427
404 345
68 316
262 377
284 296
267 46
471 90
265 0
72 351
54 48
387 147
351 112
151 351
286 109
172 351
224 351
139 316
169 427
479 261
318 296
100 427
116 451
156 480
300 351
332 152
135 351
216 295
245 4
455 343
350 441
188 489
204 296
12 351
67 316
144 481
278 482
281 392
96 351
259 296
19 357
386 208
426 259
255 413
249 351
157 267
271 233
378 120
39 351
308 425
36 201
499 179
241 351
244 296
11 377
179 301
390 333
99 277
293 4
344 312
417 112
307 351
15 434
78 447
334 262
407 90
212 351
207 451
345 305
437 50
95 338
374 99
432 357
181 470
121 351
8 480
189 427
393 445
13 351
251 351
258 156
452 7
494 317
233 230
256 482
91 342
243 224
227 401
65 316
106 316
140 357
130 351
359 30
60 296
457 246
138 384
239 392
274 226
163 338
277 296
451 407
162 235
47 216
145 351
221 357
71 351
201 451
196 427
229 357
74 316
150 433
81 316
263 351
289 122
396 145
160 351
428 464
297 144
465 321
114 434
146 357
167 415
118 357
498 145
79 484
35 427
373 390
128 417
238 267
102 242
115 351
460 390
210 451
66 434
482 85
69 296
260 343
463 472
70 351
33 316
240 296
137 487
343 333
64 114
182 130
268 45
447 324
199 4
369 461
154 480
190 316
337 233
288 351
462 391
120 451
336 222
420 497
76 427
493 477
148 21
443 490
168 351
269 354
3 462
365 305
433 357
88 205
203 189
296 377
301 351
285 417
353 425
316 351
454 298
266 351
10 462
412 60
363 255
218 28
117 357
56 114
75 434
185 154
43 130
287 387
434 463
384 485
431 190
158 276
41 316
495 157
164 417
247 414
5 480
87 480
27 462
275 466
200 351
49 233
496 28
364 193
4 338
187 351
28 357
112 351
93 91
129 338
327 64
264 350
122 316
348 229
413 407
155 462
362 263
395 333
42 255
45 204
7 480
324 71
388 200
