img019.jpg img034.jpg
265 125
266 127
368 230
197 152
141 293
218 276
133 70
355 259
314 276
374 300
357 124
285 213
343 283
24 303
383 248
309 213
3 52
308 300
352 168
322 192
216 213
311 104
331 248
319 214
375 160
316 230
312 248
176 107
277 124
329 230
128 160
184 1
341 213
183 37
356 259
161 230
278 192
181 248
190 100
344 213
83 300
280 214
95 37
239 37
320 300
252 248
214 214
337 213
10 244
283 223
109 37
93 96
267 126
198 30
215 80
21 214
257 214
330 160
453 22
210 300
220 218
306 315
287 214
307 310
151 29
223 201
247 107
358 213
444 73
28 135
147 149
206 104
291 160
346 303
354 230
145 125
327 190
315 205
6 248
35 152
89 213
76 149
127 176
136 214
360 300
340 300
11 118
194 149
19 48
80 228
99 248
172 12
227 67
276 219
376 37
195 8
250 230
237 303
246 124
62 243
160 139
108 319
158 152
164 453
219 187
361 310
1 3
289 259
208 230
42 60
286 70
318 124
292 10
29 58
229 25
9 19
254 205
81 228
98 100
231 123
111 213
182 300
207 269
295 205
367 245
274 280
248 300
251 222
241 180
69 79
131 56
284 213
407 311
382 483
175 1
39 20
67 65
122 25
388 315
321 300
221 34
290 190
298 52
264 300
253 124
148 185
132 167
296 283
230 48
412 329
73 125
317 205
288 6
272 127
328 149
155 101
36 124
297 222
325 176
130 75
475 242
473 242
113 213
232 190
335 34
244 87
336 6
260 185
105 7
159 100
434 277
56 64
50 167
304 22
242 180
192 115
167 82
372 202
196 185
87 6
199 107
313 10
261 27
25 123
200 1
126 228
144 166
180 152
245 269
94 113
23 441
240 279
279 27
121 58
226 67
188 10
43 214
339 441
163 104
53 75
70 283
273 125
323 2
212 329
157 189
400 377
403 329
2 38
171 248
414 411
235 269
255 27
84 300
477 329
347 10
345 347
269 205
92 190
118 75
202 299
150 125
20 213
270 52
275 411
18 279
103 87
170 21
33 34
480 434
41 37
34 7
256 149
446 242
236 70
333 37
86 3
233 172
27 101
419 313
51 37
348 142
268 52
262 115
300 315
82 87
263 37
7 411
310 242
418 488
439 459
413 491
351 10
138 189
146 135
353 25
409 490
271 249
129 300
178 149
55 106
154 124
140 230
243 125
52 46
149 87
143 192
293 401
299 478
116 101
152 52
234 319
456 493
134 79
46 190
338 22
401 242
391 358
59 425
258 2
433 40
17 300
211 485
481 133
71 76
16 82
364 10
417 108
168 381
486 417
174 223
15 354
362 6
107 76
423 459
14 189
301 7
4 442
139 187
397 58
482 279
88 46
491 323
422 330
371 202
387 408
191 26
173 217
442 183
496 292
332 77
12 218
448 434
406 82
476 337
47 411
410 430
373 379
396 31
483 76
142 298
123 155
472 347
97 75
65 466
32 413
378 157
31 298
457 279
302 25
166 411
57 166
380 165
44 331
294 232
74 469
114 427
460 432
104 376
455 439
474 110
68 269
228 127
467 487
487 142
363 88
452 313
463 385
471 410
379 473
222 0
303 299
405 362
13 164
77 476
177 368
96 377
429 279
102 428
38 368
209 401
399 456
415 253
381 448
189 144
411 370
78 20
458 362
165 36
179 357
124 379
494 136
8 102
225 281
402 461
426 344
365 326
424 174
119 142
464 88
156 159
72 476
281 362
384 337
432 450
342 428
370 95
449 457
75 158
427 312
112 158
431 192
454 325
470 89
489 455
63 58
394 76
282 66
430 136
326 255
125 319
445 319
469 16
48 498
462 380
259 77
58 347
484 422
60 357
22 51
85 311
185 58
100 491
101 308
79 296
395 354
441 462
499 486
436 386
461 309
26 314
45 409
203 448
37 413
465 459
369 102
201 216
137 255
49 388
249 298
468 163
377 234
205 395
398 167
386 362
359 383
385 55
443 380
217 378
366 66
186 197
404 341
54 460
416 254
498 438
193 358
392 217
213 385
421 493
437 105
438 377
349 360
459 381
479 375
120 312
5 78
224 138
428 77
90 357
153 282
106 489
91 400
64 332
447 267
408 398
350 274
169 352
440 397
420 394
324 16
425 201
490 389
488 498
334 437
115 352
110 460
0 237
492 166
40 325
493 324
117 389
389 92
30 405
390 138
61 164
187 311
66 499
204 468
478 367
497 493
485 200
305 416
450 234
466 281
135 174
451 164
393 369
435 345
238 416
495 256
162 358
