img001.jpg img037.jpg
178 368
245 170
328 170
465 369
104 219
364 31
366 169
62 442
117 79
417 201
280 169
134 366
137 220
337 425
310 442
485 31
448 345
42 300
380 425
78 144
300 449
482 356
373 21
321 300
123 449
344 144
253 63
68 216
129 43
480 356
254 366
460 485
447 491
27 279
91 366
479 366
260 491
284 215
97 491
269 356
307 179
222 107
108 302
126 491
93 474
313 196
72 401
92 93
467 169
26 207
70 68
343 201
46 118
82 141
120 487
339 201
241 216
394 216
3 452
35 104
361 88
425 41
243 204
223 343
334 319
378 259
468 130
31 228
435 356
167 169
94 117
384 303
139 248
374 45
175 366
154 199
190 81
138 204
119 482
166 202
458 274
298 141
150 433
486 214
205 319
388 458
412 401
248 202
299 383
290 163
85 42
437 106
431 269
286 215
69 342
308 153
451 154
461 45
145 220
499 62
265 192
301 314
235 344
439 239
219 488
368 269
88 262
381 187
477 274
200 267
430 368
498 382
462 215
469 242
183 18
216 292
434 106
155 420
312 492
463 377
258 197
170 93
277 449
267 293
233 494
476 246
103 351
79 104
270 272
413 142
441 199
9 356
324 480
453 344
63 35
59 176
203 130
423 168
391 356
164 267
124 324
456 144
109 42
365 347
325 18
426 262
73 356
370 129
375 231
446 279
135 435
402 216
259 474
29 220
282 47
342 300
89 338
64 491
311 366
444 143
56 93
263 417
252 356
409 255
360 338
408 381
102 0
58 136
239 209
291 255
37 39
143 387
246 483
7 81
0 407
255 228
77 226
173 215
484 45
181 427
346 315
449 246
274 387
75 192
273 480
489 218
202 399
383 267
495 441
195 291
53 366
211 439
236 208
234 81
415 121
445 208
61 427
297 216
443 312
416 144
84 205
230 6
355 494
116 471
81 378
176 103
457 12
130 443
49 450
199 176
420 233
432 315
20 14
21 439
201 54
221 204
306 315
376 368
208 451
296 433
30 42
141 414
305 254
309 396
113 126
356 73
261 414
38 81
293 326
14 278
442 152
44 482
478 57
15 342
392 16
294 228
171 35
302 462
371 111
454 244
455 356
191 149
473 205
459 14
180 351
215 438
436 203
358 140
367 95
492 107
220 233
336 491
111 389
278 343
86 208
379 262
377 204
163 446
332 492
464 351
483 463
487 381
55 156
397 97
285 60
224 303
488 12
276 394
125 7
438 278
131 262
403 453
427 300
107 165
152 285
32 487
250 104
405 274
433 130
33 168
315 404
198 394
168 115
6 77
362 273
28 343
247 463
318 300
424 252
96 484
231 407
5 371
320 426
372 144
472 418
475 348
10 387
240 351
22 366
295 458
50 354
288 71
142 475
144 205
251 147
407 269
256 351
157 451
279 176
351 241
382 168
149 144
161 130
57 275
323 268
326 153
399 225
197 460
264 203
54 427
396 70
115 249
41 376
52 354
196 414
229 366
386 368
19 302
83 141
410 347
192 142
12 246
51 210
34 252
159 473
18 443
156 407
242 136
419 133
207 133
60 225
237 347
213 446
193 387
400 168
13 342
227 338
304 401
16 462
169 148
127 344
470 331
100 254
390 458
398 222
421 434
106 181
283 467
393 335
481 230
226 71
316 462
218 254
287 369
333 493
158 61
350 356
422 228
67 93
404 231
133 471
345 241
25 18
317 213
87 354
194 427
80 93
99 481
338 144
352 130
210 84
335 309
148 496
354 100
114 406
121 427
225 407
327 344
369 394
179 427
429 102
36 3
43 205
319 407
217 337
359 132
411 100
497 254
322 479
105 394
1 14
331 377
281 268
340 420
401 357
98 67
275 109
491 139
206 244
289 488
347 358
212 233
292 10
11 302
189 93
128 397
349 487
450 308
160 228
110 458
177 492
494 70
136 119
185 199
262 464
471 246
118 462
314 179
162 407
466 226
165 354
395 320
23 107
186 16
172 219
122 114
184 406
187 216
214 246
257 208
151 111
4 149
418 314
71 136
48 174
95 28
132 296
66 351
329 455
74 239
90 451
268 327
153 36
428 33
182 58
440 472
8 308
406 272
493 65
65 30
140 456
452 159
188 64
389 486
244 427
47 9
238 308
414 169
45 425
353 78
348 73
204 374
303 351
490 284
249 353
387 424
232 307
266 205
357 407
101 357
271 292
76 414
330 203
228 226
112 78
385 292
39 114
147 297
272 238
363 287
341 132
24 463
2 82
17 327
40 344
209 264
146 115
174 266
496 99
474 63
