img000.jpg img017.jpg
270 209
191 306
69 250
236 311
185 119
79 119
242 287
158 110
46 130
235 332
222 296
252 294
86 3
35 31
444 445
12 110
193 53
478 478
166 119
186 181
463 462
419 414
131 216
407 364
14 42
338 295
143 28
262 259
155 118
495 499
491 418
93 43
211 258
20 3
367 361
84 42
317 259
124 117
499 490
293 307
195 301
162 269
273 273
209 250
78 248
310 294
498 439
196 259
146 42
59 378
187 301
221 148
342 295
99 98
225 261
190 215
4 53
117 394
50 37
105 195
194 42
138 42
348 295
371 385
136 23
125 121
184 3
98 132
493 447
373 353
404 295
77 269
303 365
133 200
304 287
108 146
476 462
388 385
204 308
75 190
339 216
384 229
5 176
312 296
442 223
26 295
436 416
290 345
377 339
268 218
409 430
80 23
37 23
90 195
199 403
218 231
85 306
126 125
192 190
28 89
465 34
76 45
49 166
128 404
107 36
329 411
346 259
284 486
145 160
259 394
344 411
134 23
415 214
306 337
67 38
299 297
104 403
132 195
390 277
23 80
30 376
119 362
81 266
365 295
167 220
364 319
188 5
18 21
358 297
418 412
492 223
201 239
412 362
423 299
58 294
458 460
6 113
19 23
272 403
324 223
447 414
61 184
481 492
130 327
219 61
289 261
226 195
420 361
318 103
480 407
376 200
323 218
301 295
374 302
25 403
121 31
449 486
380 31
1 118
92 117
401 445
237 493
393 467
448 467
264 222
381 359
202 385
378 261
47 103
370 99
220 449
313 67
410 460
441 460
68 113
144 307
54 408
2 468
178 388
217 345
42 184
113 80
496 455
343 173
135 319
179 329
439 464
231 5
165 460
319 285
431 331
173 195
302 117
315 208
397 64
102 18
411 464
294 430
63 222
450 365
174 120
232 137
245 297
248 192
210 300
464 46
362 106
177 230
469 349
60 329
387 436
88 272
332 170
82 124
336 333
172 23
333 126
406 357
51 40
176 23
331 357
3 460
48 329
234 351
239 202
180 365
335 409
395 444
115 225
154 241
366 411
29 445
123 202
433 360
24 441
372 474
164 218
263 295
345 409
251 297
241 483
361 461
414 170
227 316
316 291
429 200
459 305
271 200
398 25
243 307
96 210
328 366
281 296
413 202
292 203
426 297
330 309
40 349
189 5
240 130
468 497
230 5
142 222
238 460
424 43
462 372
89 295
295 307
477 464
486 372
45 477
44 238
347 443
216 205
183 307
127 291
360 395
280 300
250 365
122 121
87 222
351 461
137 99
169 385
285 404
287 31
321 481
483 464
111 170
233 392
64 297
94 436
416 334
103 294
456 43
283 445
260 392
206 256
417 357
399 24
228 392
53 245
363 83
21 214
215 131
258 425
479 160
34 316
440 197
255 203
403 399
490 26
288 329
453 354
7 109
163 58
116 349
31 126
110 392
101 170
307 25
65 295
149 307
337 445
326 349
139 433
472 486
150 205
261 348
27 468
74 171
389 174
266 36
375 18
153 213
257 196
91 99
106 392
205 402
357 279
70 484
151 292
182 118
427 464
100 465
309 307
291 160
66 124
356 476
156 237
471 36
485 112
208 436
300 36
256 235
159 374
118 16
400 441
432 346
160 28
455 336
17 63
311 408
340 10
391 380
353 26
181 267
8 83
314 18
446 443
246 83
320 337
38 363
437 107
276 185
0 73
297 109
120 456
197 300
457 309
223 34
452 169
405 329
72 74
83 73
286 482
386 291
484 440
474 443
497 77
129 425
41 493
396 361
435 290
141 486
15 354
265 402
325 109
214 319
402 324
350 59
71 447
473 356
9 149
267 140
359 302
200 252
229 178
43 329
454 25
305 408
277 18
488 380
249 331
489 431
112 362
368 337
170 36
275 29
203 34
460 213
475 349
494 59
383 482
213 120
279 344
470 270
487 271
57 33
482 99
171 76
443 80
33 33
352 252
161 46
109 478
157 203
32 349
175 402
247 330
52 427
16 405
73 425
379 307
385 429
408 355
39 12
392 189
207 175
425 236
467 481
198 230
22 461
349 369
451 79
322 355
282 443
152 238
298 402
11 83
438 290
354 196
382 414
114 419
421 453
296 45
369 283
56 195
224 80
168 252
327 80
434 398
269 309
466 433
36 24
422 485
147 64
140 330
461 166
244 288
55 294
10 111
334 341
95 392
355 319
62 429
253 83
308 389
428 450
148 139
341 314
97 191
212 188
394 28
254 73
13 103
278 396
430 29
445 83
274 32
