img001.jpg img012.jpg
178 391
245 391
260 237
328 446
380 494
14 198
310 186
334 362
364 170
296 488
294 373
106 114
205 120
68 332
312 163
78 339
280 399
93 451
409 275
337 132
366 449
92 367
453 219
117 136
22 53
56 359
180 85
119 416
269 100
306 17
91 202
412 89
154 102
225 335
311 100
82 149
103 85
468 449
240 85
396 303
62 205
374 124
362 173
487 319
9 376
102 305
163 237
114 199
234 222
323 286
458 278
135 397
139 264
368 388
199 124
55 45
130 335
150 377
254 291
344 339
164 376
175 202
339 7
295 43
259 10
365 429
388 371
215 488
33 362
137 449
66 397
390 472
455 100
28 260
120 222
467 352
446 319
108 61
176 54
246 302
20 76
256 85
498 83
179 357
46 371
499 106
84 321
223 376
86 416
129 429
347 303
447 12
142 24
465 96
299 219
248 64
463 2
402 332
479 157
230 390
423 120
300 423
480 202
404 231
104 225
221 341
15 267
451 339
430 233
448 74
461 429
291 11
383 363
495 280
469 204
235 247
333 429
281 286
141 396
214 379
255 388
417 96
407 79
397 384
24 208
438 52
35 244
219 148
319 262
392 447
196 85
384 254
425 371
64 290
134 309
261 397
47 286
123 485
60 217
107 173
400 156
433 197
449 236
485 102
401 376
375 231
195 278
346 38
292 24
316 242
70 50
72 316
267 175
270 27
353 303
342 22
394 59
26 422
460 277
355 249
444 247
413 73
472 384
489 349
32 102
167 303
497 471
435 165
359 161
441 198
97 12
143 406
293 161
23 435
21 193
429 70
308 148
356 483
1 46
208 289
277 165
126 225
370 405
477 174
434 291
170 222
160 377
422 428
473 473
408 388
118 307
373 222
442 435
202 139
183 238
229 225
320 202
18 305
96 322
155 353
87 458
197 142
357 262
431 251
301 63
42 422
6 472
59 332
30 95
69 423
432 431
149 198
188 73
73 210
253 334
462 157
391 287
216 365
231 262
297 459
419 363
203 217
476 355
437 157
81 431
274 449
427 5
57 195
241 51
211 419
321 74
76 397
88 38
428 316
53 280
496 49
217 31
263 429
218 113
443 373
354 440
486 143
298 53
19 0
273 377
247 196
343 277
436 449
286 385
27 206
113 124
171 17
403 428
12 28
470 54
330 303
450 206
7 43
138 12
376 498
168 451
372 70
101 397
158 485
386 133
304 395
31 136
243 124
276 341
278 198
421 262
492 435
238 6
377 367
459 280
52 237
193 19
331 198
49 200
233 267
105 266
264 293
416 23
494 204
190 371
325 432
67 305
144 405
360 89
464 225
166 424
313 153
482 287
0 259
348 369
206 237
420 440
194 396
456 140
61 361
290 376
338 424
161 418
307 148
395 435
169 326
379 466
317 1
340 148
37 292
424 11
275 377
71 475
349 15
77 377
200 237
305 366
177 337
210 280
329 262
10 124
74 15
341 137
186 222
415 319
471 468
152 425
58 54
127 363
484 190
283 367
336 225
192 54
358 1
125 285
159 237
165 406
315 233
387 119
124 204
75 241
345 51
13 86
83 384
242 61
414 475
128 450
29 406
399 83
282 387
378 68
51 393
45 337
318 124
426 221
90 85
361 8
156 300
367 4
40 476
303 204
381 339
393 312
405 236
85 326
251 92
212 405
140 302
48 293
198 432
100 301
382 339
184 131
237 51
332 491
271 396
410 258
54 357
257 415
262 276
351 12
89 348
481 112
131 171
309 194
173 333
335 306
162 60
115 450
478 483
34 54
185 303
252 363
350 491
326 54
109 176
122 255
314 440
440 433
445 246
44 270
302 152
36 482
79 422
98 49
63 173
266 487
99 310
258 376
369 198
222 435
132 377
172 135
145 237
439 1
111 260
220 445
41 120
201 447
94 273
475 440
279 73
133 10
363 498
25 376
452 408
285 60
110 198
244 413
11 51
5 166
287 275
38 222
406 161
265 437
112 363
228 14
250 189
324 413
65 120
121 357
204 368
181 428
491 332
116 82
385 130
493 312
4 143
50 399
239 325
146 78
227 333
189 483
148 280
466 235
371 428
389 371
80 58
191 292
483 329
272 445
151 428
187 96
236 270
136 57
95 162
153 127
249 44
352 292
457 485
226 440
268 283
16 307
157 160
288 185
224 263
147 94
322 411
488 274
182 108
3 411
209 393
454 231
284 81
174 96
398 487
232 466
418 357
213 432
289 218
411 5
490 49
327 447
207 284
8 321
2 160
17 126
43 41
474 380
39 355
