img000.jpg img014.jpg
259 202
346 281
196 288
2 281
388 213
310 247
124 347
437 266
216 296
347 420
93 173
409 271
318 200
222 67
364 229
117 202
463 273
499 490
262 281
393 205
47 368
476 310
442 355
380 493
294 271
43 315
365 392
390 355
478 310
312 247
59 406
46 142
106 447
239 172
362 23
317 296
303 332
48 315
123 218
91 423
111 123
165 129
307 422
125 173
398 212
332 118
387 411
131 274
133 243
35 243
313 283
195 383
413 341
185 249
344 396
58 161
448 391
329 379
489 16
17 51
88 7
232 7
81 335
245 441
358 18
415 161
339 245
418 228
321 488
315 199
324 59
336 43
410 253
178 140
202 91
115 365
338 482
441 240
495 273
268 478
261 307
270 301
405 238
121 172
208 101
433 343
60 315
469 447
333 247
458 253
252 247
53 134
69 249
402 51
63 397
290 284
285 262
260 420
485 208
179 315
327 5
419 379
360 417
273 383
477 169
342 134
371 439
384 142
479 257
246 488
462 388
350 212
429 421
102 140
40 400
92 194
144 195
486 152
192 499
444 157
187 383
194 69
19 468
348 26
439 183
343 417
158 383
311 382
450 384
127 334
191 249
481 449
286 488
400 155
399 106
242 244
240 326
200 283
64 315
80 499
217 110
431 480
498 172
90 468
169 266
340 106
404 417
72 254
236 383
105 468
31 358
78 249
258 213
77 12
288 148
474 170
300 395
186 249
211 383
225 478
118 133
280 266
228 266
238 385
27 240
183 106
49 326
281 7
309 1
301 195
41 289
149 148
113 447
423 0
54 467
351 367
119 331
193 249
304 432
452 259
103 489
150 296
377 167
465 272
497 71
26 258
94 360
199 499
323 478
356 215
472 264
30 136
440 91
96 476
376 110
366 298
108 94
14 69
264 299
291 13
12 42
484 152
37 496
34 475
395 391
146 383
316 101
335 270
491 157
379 130
159 144
299 146
382 402
52 178
302 269
23 447
204 471
155 42
209 383
483 152
79 249
249 330
414 391
84 69
492 355
190 383
220 88
306 195
436 299
116 420
166 249
234 273
383 39
295 146
237 284
227 251
447 386
263 393
6 262
319 83
345 432
89 23
75 499
367 249
241 25
164 222
420 365
407 449
467 348
330 304
354 78
449 158
66 128
361 376
86 249
104 432
5 12
188 112
42 387
320 444
189 496
438 9
132 499
135 141
210 301
229 89
370 367
265 438
466 145
57 44
235 249
480 14
381 165
411 152
473 71
61 496
353 222
435 51
101 399
403 158
9 380
110 395
255 401
221 71
459 351
205 164
271 218
99 387
454 31
468 163
128 270
475 46
296 204
18 262
39 178
174 82
82 292
378 391
74 319
230 496
293 72
20 383
138 69
130 384
162 42
389 54
490 131
426 195
65 392
172 496
432 164
15 147
32 455
112 410
50 129
488 78
160 292
13 304
267 81
4 249
85 201
287 194
73 144
136 496
180 392
120 33
176 262
177 45
170 60
157 2
328 449
408 258
266 479
297 215
107 479
184 12
247 199
87 397
134 387
368 210
203 179
283 125
326 420
154 453
243 215
251 248
314 303
1 127
357 421
76 13
355 295
337 485
359 184
244 392
126 57
226 496
175 184
51 311
137 164
95 405
156 22
276 334
257 499
171 54
173 499
231 89
461 268
464 131
224 178
401 66
250 482
167 201
201 377
38 190
233 362
3 124
45 64
331 236
24 259
305 492
470 427
385 84
422 165
67 383
406 445
142 447
427 54
140 435
143 209
272 499
206 206
284 387
425 148
496 295
28 71
456 89
396 364
223 295
44 135
248 192
457 71
7 313
0 485
83 51
68 499
141 229
207 489
373 148
122 71
163 362
289 86
56 22
493 27
325 215
33 325
168 94
374 287
428 85
100 441
487 149
10 388
392 51
416 498
114 234
363 329
386 55
22 101
277 196
424 89
153 336
417 363
482 1
375 154
412 299
256 204
455 302
434 453
182 206
214 129
25 424
275 75
151 179
181 232
443 1
152 78
98 265
148 38
70 435
349 497
139 435
453 55
446 348
29 66
145 132
62 357
218 30
213 100
372 254
391 492
21 290
11 480
219 383
352 43
198 179
494 490
322 363
16 224
298 117
97 12
197 447
109 146
292 382
254 324
421 217
397 315
8 170
269 302
279 382
334 398
129 219
369 108
460 190
430 89
471 488
36 451
71 77
451 407
212 39
161 373
215 435
308 370
274 204
147 99
282 22
278 462
341 11
55 161
445 336
394 217
253 71
