img011.jpg img012.jpg
25 344
364 428
212 233
291 223
400 163
224 223
261 449
147 444
62 85
136 36
77 85
276 20
347 20
172 471
235 7
49 180
247 449
355 233
115 223
26 31
270 202
432 163
80 396
366 203
440 377
374 27
189 449
158 341
185 291
108 483
179 304
472 409
495 383
317 391
449 38
273 163
378 80
470 203
86 170
40 431
231 294
398 186
387 175
306 439
423 290
184 365
61 142
96 61
201 148
314 259
222 416
118 290
153 303
272 156
264 3
499 59
31 147
494 451
41 176
162 347
361 97
441 183
434 431
32 220
375 468
485 54
30 7
84 341
152 389
338 95
401 262
424 89
200 336
128 27
439 16
363 388
101 153
173 163
102 449
250 259
66 170
132 20
351 383
323 69
142 10
301 183
48 27
365 244
412 156
155 175
176 218
195 302
135 491
384 294
326 416
386 349
409 303
487 397
177 51
163 409
435 97
144 422
233 431
239 180
252 405
497 97
267 171
344 69
106 130
94 362
257 472
289 351
488 274
123 3
282 433
388 483
182 419
410 176
2 363
78 430
7 336
111 163
416 130
480 83
122 218
168 175
391 364
46 416
281 347
362 388
145 3
56 174
210 20
438 373
47 334
79 85
369 203
127 432
150 386
71 163
313 141
437 413
320 307
93 333
183 458
290 475
446 383
27 45
209 353
427 496
462 156
76 308
297 203
448 64
130 244
280 428
450 347
174 336
251 397
23 155
433 493
19 336
221 20
259 386
288 399
367 171
325 323
455 208
43 419
428 378
5 305
11 133
294 307
350 416
140 479
354 479
120 221
166 344
377 470
18 371
460 410
304 153
14 265
426 255
188 278
407 218
254 233
466 373
29 85
161 353
336 351
90 61
89 198
28 28
141 233
464 83
107 199
465 406
315 385
392 334
246 439
395 417
452 361
255 483
339 383
413 237
318 468
474 410
348 252
343 456
217 86
218 28
73 373
245 306
125 466
129 69
75 152
473 85
197 369
223 85
481 385
55 100
103 194
456 363
74 35
203 196
87 468
170 10
100 304
154 398
57 450
241 369
345 218
53 55
124 364
262 339
194 223
275 256
274 255
491 12
36 221
72 3
181 267
303 430
295 323
383 417
69 222
319 411
316 119
493 459
134 277
226 141
230 87
285 237
51 361
269 204
202 85
54 97
85 402
382 411
445 337
457 375
490 468
63 386
483 234
0 218
311 481
21 389
88 428
300 293
99 422
139 260
322 307
340 160
156 386
126 288
405 336
458 425
199 73
42 76
211 353
95 388
6 160
213 256
342 391
486 188
196 18
327 373
476 392
214 449
143 85
225 173
331 95
370 176
478 462
67 63
484 51
24 401
180 431
193 460
411 255
390 337
337 316
397 456
444 316
238 347
265 184
234 69
81 450
44 390
58 431
151 115
109 41
157 81
402 203
443 42
20 389
266 346
358 468
394 395
38 463
117 219
359 471
404 316
461 368
215 371
110 248
70 386
83 289
308 232
403 411
146 176
60 388
408 222
482 54
116 314
406 450
309 483
418 3
13 458
298 425
131 49
256 115
479 368
477 64
356 326
45 398
232 196
292 487
186 293
236 169
271 308
190 124
431 121
216 330
260 11
278 294
489 146
447 262
321 294
357 167
175 398
1 377
376 153
9 442
415 238
10 67
35 479
205 374
64 37
310 264
492 433
22 176
149 14
328 144
341 170
204 326
12 64
258 41
335 293
34 437
334 183
114 226
133 479
243 286
284 185
419 170
165 64
98 76
219 434
399 15
160 83
330 307
68 334
346 199
349 336
425 300
17 102
379 20
279 354
352 218
192 222
496 223
299 420
332 280
171 280
208 12
113 218
121 152
293 422
50 142
104 333
373 283
436 230
198 85
396 300
37 365
286 493
305 6
16 413
52 388
371 382
380 216
393 136
385 274
312 424
420 242
8 204
268 319
39 244
414 137
475 159
429 157
187 194
333 280
368 28
430 226
296 189
353 342
360 405
3 424
229 257
65 209
277 115
468 156
227 485
248 96
15 124
244 27
463 79
159 260
148 415
253 274
287 107
137 316
228 260
381 269
112 32
167 26
92 179
91 341
105 125
372 73
191 159
82 354
467 264
471 411
242 422
283 361
469 347
4 135
206 389
97 327
119 2
442 397
33 477
454 397
138 337
169 382
417 354
422 199
324 184
307 324
164 396
240 464
389 226
329 334
451 120
302 412
459 470
207 319
498 121
237 404
263 405
59 312
249 63
178 365
220 424
421 120
453 120
