img011.jpg img019.jpg
77 309
88 207
95 207
62 198
142 124
80 246
438 212
102 414
86 293
261 444
78 1
51 50
213 127
79 42
440 23
166 394
181 444
259 395
270 202
198 113
301 453
202 394
115 424
264 241
297 25
163 90
464 410
153 475
36 318
43 422
334 353
70 421
487 80
16 364
247 433
96 26
367 8
386 410
411 493
72 156
182 15
409 410
194 42
183 188
452 257
251 87
369 25
123 396
13 324
122 464
189 414
99 401
481 229
145 215
105 110
126 427
317 215
118 473
94 444
325 378
402 439
395 418
398 179
18 304
195 418
221 418
308 418
347 409
57 221
168 177
397 423
32 473
143 128
488 429
29 17
55 104
454 80
298 60
63 165
26 366
254 208
56 173
463 302
404 23
439 446
434 420
391 71
75 99
282 38
124 77
0 397
210 454
314 481
61 401
291 275
430 401
224 399
212 366
8 389
216 481
73 403
134 396
244 469
485 7
473 215
303 97
225 445
184 118
285 199
477 460
278 439
435 493
276 454
385 457
233 118
89 77
1 209
366 25
379 402
127 473
327 391
289 77
172 211
201 410
188 106
323 299
387 38
280 118
326 366
344 457
54 241
484 249
375 426
461 202
173 299
200 38
100 454
361 493
407 462
223 374
267 475
413 26
441 293
456 275
354 394
437 254
128 15
135 31
320 476
66 77
497 463
52 304
449 372
23 431
185 31
300 142
310 57
150 478
42 203
269 165
401 72
199 108
226 474
37 452
31 84
81 223
494 65
148 112
257 454
312 4
132 202
479 338
108 491
50 345
92 54
272 491
346 229
470 439
483 349
416 68
499 101
53 259
364 302
116 187
136 373
423 410
250 481
49 427
146 217
60 486
24 53
311 22
186 476
340 304
343 439
114 91
417 378
431 498
495 418
41 453
330 124
356 491
349 447
113 369
299 185
418 314
350 199
47 65
322 13
27 475
355 439
448 472
111 415
392 439
410 429
491 475
120 275
337 202
405 8
141 24
339 276
252 449
490 23
292 144
383 391
414 38
133 202
338 72
275 199
442 132
39 339
209 189
222 30
358 483
293 447
121 407
268 477
295 486
46 490
313 409
176 241
415 491
277 65
45 394
84 345
370 467
196 119
446 65
231 48
363 304
19 38
147 381
217 47
253 97
273 65
131 131
428 276
248 384
328 419
462 332
384 366
394 460
158 173
396 489
106 202
368 26
426 411
165 469
177 487
74 44
33 411
236 124
239 373
445 422
472 247
91 7
229 440
2 7
205 342
365 378
466 202
288 401
400 415
424 304
22 461
255 5
432 439
87 189
465 341
211 396
235 369
283 87
353 225
21 379
192 378
40 372
457 411
493 491
11 342
82 212
425 457
112 482
218 373
315 61
140 454
215 65
433 473
467 458
130 480
290 499
362 77
408 96
450 79
9 137
447 381
25 366
179 418
204 353
286 411
399 310
58 332
174 272
12 345
164 379
234 427
76 475
335 414
294 13
93 372
160 411
104 402
71 381
389 405
274 463
7 160
119 389
284 38
342 415
436 232
83 482
154 394
90 401
157 411
388 209
412 202
187 238
359 481
352 369
197 393
331 363
376 407
380 169
258 363
190 58
421 350
38 338
374 433
341 448
85 91
429 402
156 399
232 114
443 461
480 411
101 491
381 416
243 411
271 92
468 454
129 65
378 179
103 440
137 294
230 378
161 415
393 201
139 77
214 125
151 478
332 486
48 345
152 379
372 464
240 378
256 65
306 473
97 118
17 31
109 457
155 177
279 378
30 366
469 378
203 120
228 224
110 91
34 441
444 403
20 419
68 369
245 31
406 460
460 490
287 496
373 482
237 386
318 170
482 345
208 473
28 399
175 92
242 104
266 353
345 72
324 85
149 464
309 225
6 452
486 457
474 377
44 135
170 381
492 458
351 65
281 72
207 432
35 60
496 394
191 164
316 101
144 65
5 4
241 101
15 462
246 422
333 479
296 225
357 338
3 378
249 372
476 101
348 168
420 59
489 293
262 65
265 404
260 410
336 77
167 303
69 349
117 72
98 461
180 474
304 491
403 461
360 249
138 411
329 462
478 447
302 460
159 159
498 440
10 415
377 65
219 77
65 475
169 378
67 202
206 77
227 462
475 294
307 365
162 72
455 118
471 74
178 474
14 411
321 366
125 389
382 454
107 409
319 440
193 22
427 66
453 480
305 462
422 411
64 74
238 410
419 293
371 72
171 488
390 480
59 478
220 4
458 332
4 303
263 460
451 119
459 499
