img009.jpg img037.jpg
473 313
113 379
467 247
206 379
52 379
495 313
441 433
401 401
408 33
416 471
388 379
414 312
112 295
458 88
326 248
498 407
383 16
280 433
28 414
386 313
331 494
146 178
29 476
318 333
434 47
68 494
300 33
236 201
358 433
245 295
421 379
338 49
451 474
390 215
384 228
259 491
425 230
475 159
275 351
124 414
446 379
306 45
150 480
27 476
83 414
64 480
332 267
260 33
75 427
404 420
348 312
308 143
63 480
312 204
352 69
313 433
489 267
472 481
407 156
341 135
279 32
474 434
375 174
194 24
41 125
316 480
450 47
496 230
248 63
394 302
426 351
494 474
392 320
12 351
470 481
145 130
369 113
38 14
461 303
344 356
465 203
87 457
148 480
196 495
74 427
53 113
192 4
214 203
26 476
109 115
367 414
290 292
105 180
301 119
190 435
406 43
84 351
484 228
342 141
362 23
349 433
373 135
181 36
22 351
143 170
488 401
266 351
355 480
67 445
239 124
491 425
152 168
24 7
438 324
286 427
297 357
317 310
437 481
99 267
256 351
430 396
368 119
448 434
486 442
366 92
50 414
201 223
241 93
17 109
415 418
170 248
73 351
356 284
90 351
420 206
379 221
345 471
424 351
479 433
46 427
456 144
492 438
97 351
432 261
175 99
323 497
219 480
7 427
11 427
91 351
177 427
431 471
351 165
292 267
433 414
499 379
155 351
180 351
439 298
307 491
452 292
436 77
483 29
72 462
216 357
133 4
350 294
376 300
329 232
481 231
120 463
397 219
39 75
31 351
304 146
364 228
186 362
310 115
422 88
252 322
469 312
45 152
47 485
204 255
343 396
95 427
334 470
199 342
209 480
398 88
114 351
311 439
428 461
70 390
187 230
139 427
81 296
460 1
89 203
357 93
210 219
382 268
393 150
138 218
476 115
134 414
110 115
423 396
462 368
128 4
135 86
302 272
13 414
282 479
229 292
353 447
19 242
58 479
118 351
123 462
339 441
65 388
466 486
480 37
333 91
132 4
167 427
413 137
200 326
365 404
253 9
455 330
387 483
435 59
25 4
471 247
111 388
263 402
289 268
309 300
30 144
442 12
453 100
328 334
440 261
149 357
385 420
4 427
378 206
417 169
485 42
60 292
315 159
40 356
101 208
405 210
324 21
363 455
8 427
94 1
207 372
213 484
281 74
255 352
56 427
211 449
303 259
235 434
429 451
169 292
272 105
370 46
463 438
3 427
115 132
314 111
377 223
240 351
295 115
340 204
131 414
454 0
231 357
270 286
141 246
409 297
161 480
360 51
320 237
396 492
85 296
244 302
346 377
497 465
284 312
92 250
445 324
184 357
218 479
230 228
15 363
71 12
287 495
361 100
44 427
444 28
86 114
464 455
1 462
35 427
157 351
159 485
288 351
234 434
251 462
391 160
158 296
189 414
21 242
51 473
142 4
202 115
222 435
322 12
371 267
403 414
10 427
172 357
283 127
395 97
254 357
443 230
193 225
400 245
147 351
165 357
380 25
59 184
106 35
468 447
242 480
122 435
238 78
490 145
54 427
129 357
130 407
215 357
285 357
162 357
107 351
224 435
108 427
153 480
449 479
88 111
48 427
76 351
337 351
49 427
100 114
198 351
354 298
418 362
278 351
203 226
261 480
20 351
34 427
293 357
57 260
66 480
212 179
487 271
55 274
359 438
220 480
121 462
262 415
136 4
140 296
482 484
36 427
277 292
61 269
179 357
459 145
294 357
32 265
374 271
14 351
116 480
80 296
79 351
126 60
144 351
102 425
183 497
296 262
399 324
16 427
137 357
182 435
457 192
160 357
305 50
237 351
176 292
69 414
191 415
321 242
269 357
103 414
228 357
82 127
243 434
347 492
156 357
381 135
96 327
267 351
412 51
168 357
18 427
178 485
223 4
372 463
154 415
221 416
127 357
257 296
276 351
43 292
319 167
330 414
225 351
402 373
249 391
273 251
0 370
478 1
62 127
233 484
291 32
5 388
299 136
325 414
411 151
163 316
208 463
166 435
227 357
271 480
447 210
232 357
250 357
6 351
265 434
298 462
335 325
246 380
197 357
205 60
477 492
336 16
410 479
327 99
119 357
185 351
493 414
78 427
42 292
33 427
171 292
264 370
419 227
274 71
389 257
77 351
151 462
125 462
195 357
174 324
427 248
247 296
226 462
93 462
268 370
188 357
117 427
258 435
98 408
164 274
104 137
9 406
37 462
173 476
217 357
2 427
23 359
