img002.jpg img016.jpg
316 249
319 402
441 62
403 93
461 151
165 42
420 62
212 331
333 49
408 355
160 325
464 62
89 193
252 439
51 193
204 354
213 154
378 325
143 275
131 1
163 402
470 24
262 468
410 344
62 119
405 388
396 62
105 379
187 62
197 137
438 233
171 207
146 453
94 193
133 402
433 303
397 30
216 24
342 49
194 439
338 457
383 453
230 439
364 29
103 193
492 269
289 195
424 473
448 195
413 378
452 355
79 209
377 24
290 446
159 404
435 486
477 491
199 454
380 336
30 29
302 46
402 238
223 424
496 135
12 156
411 457
417 209
339 30
24 431
373 474
431 195
341 444
444 209
65 321
33 331
233 244
101 14
157 354
98 91
36 119
73 165
47 257
132 90
348 42
370 260
294 148
174 215
37 393
479 302
52 356
63 113
99 304
220 195
391 222
248 49
6 20
304 149
326 402
8 67
222 424
74 49
182 139
234 335
268 267
275 90
291 440
128 257
328 354
4 455
257 481
312 444
331 404
78 75
256 217
117 151
195 298
346 355
228 422
173 325
439 198
360 360
214 476
285 239
124 298
181 354
320 272
282 267
284 493
179 62
466 35
418 331
0 480
168 16
211 30
225 271
310 331
219 329
263 12
434 416
381 218
303 421
368 315
317 93
76 327
266 12
478 450
340 12
108 453
398 446
226 209
325 448
66 282
27 211
498 133
240 99
343 148
217 441
375 430
323 178
458 356
69 335
283 340
336 11
467 447
175 134
456 377
109 262
95 370
273 238
277 198
390 493
148 94
427 323
48 453
315 237
44 393
57 218
184 233
425 135
499 213
125 453
7 186
86 185
406 149
249 149
468 444
193 346
301 103
345 327
489 234
134 243
308 35
362 443
432 491
45 226
81 424
366 354
87 44
351 171
404 199
22 209
281 474
288 356
261 66
347 239
392 16
379 388
356 434
151 416
476 377
314 119
203 138
111 119
167 424
241 444
100 386
121 76
472 335
28 461
447 268
162 139
462 377
92 83
306 46
20 320
34 27
113 146
460 399
385 389
481 327
75 42
183 20
82 372
311 491
394 30
423 59
259 334
292 454
5 238
172 343
104 463
407 189
436 178
152 210
344 25
49 344
487 377
85 398
96 16
139 241
153 26
245 331
376 326
437 74
119 45
237 178
247 359
278 434
264 387
107 42
70 101
313 490
491 327
150 206
136 91
269 494
90 16
239 13
250 101
41 407
154 237
38 146
141 216
127 269
473 443
254 401
53 472
299 76
386 232
19 449
305 22
409 232
15 216
26 453
295 278
205 278
361 430
61 68
235 163
349 473
367 127
115 30
21 31
495 303
138 272
251 105
106 474
209 310
297 409
177 123
253 424
265 12
267 409
39 49
270 237
369 260
207 347
329 91
224 17
327 248
40 156
23 468
186 151
307 14
371 420
236 366
334 18
350 327
180 140
422 377
80 81
91 313
463 187
72 375
271 472
382 288
485 91
166 410
440 105
353 386
244 285
185 234
29 31
135 5
144 370
210 357
272 219
359 356
384 120
170 93
279 227
401 248
238 415
457 377
161 109
227 61
335 472
149 30
43 316
201 113
208 416
158 247
298 443
318 397
16 109
120 64
189 278
221 252
286 210
482 377
354 495
337 328
357 147
488 356
480 256
415 443
451 135
83 103
459 377
287 209
84 449
25 315
188 35
215 279
242 213
426 465
399 265
64 180
130 439
155 321
493 239
296 372
474 237
32 129
332 122
14 126
389 315
446 104
202 106
293 121
122 282
18 213
129 366
309 9
137 399
198 219
123 391
54 321
164 267
191 403
374 58
97 42
280 468
494 159
140 213
178 482
321 354
60 20
56 457
300 85
35 39
387 295
465 232
421 93
246 8
443 331
400 453
126 485
497 303
190 461
419 274
9 71
388 18
2 379
393 245
50 200
322 331
71 404
147 252
395 369
77 168
176 457
475 233
372 312
196 211
445 138
412 479
260 411
449 399
484 495
231 33
110 221
469 171
102 160
358 498
17 180
68 49
114 88
145 429
454 486
116 121
274 313
330 239
430 206
1 2
365 168
490 315
42 491
206 18
414 477
218 472
429 279
10 292
486 356
118 17
192 491
428 13
352 327
363 256
55 499
243 47
232 333
46 262
276 152
258 396
450 406
455 222
169 462
93 366
355 184
156 126
58 363
453 317
112 138
88 280
483 495
3 0
67 404
200 44
416 479
13 305
31 188
59 29
11 208
255 1
442 311
142 212
324 354
229 394
471 301
