img004.jpg img069.jpg
276 122
163 68
224 122
84 149
145 149
184 103
187 98
190 149
90 96
11 213
85 98
296 410
107 55
264 159
22 165
151 118
222 118
137 134
69 200
186 83
258 124
207 410
227 68
199 149
109 125
38 118
170 213
18 186
44 73
72 79
19 271
15 468
169 217
122 181
237 68
272 217
100 172
287 31
56 68
143 95
235 68
179 269
112 84
32 68
172 68
236 159
94 119
132 98
441 67
25 68
270 83
136 81
129 159
231 269
58 68
51 84
86 69
211 76
64 224
257 195
262 103
34 159
33 69
123 55
402 47
198 186
67 125
31 76
260 186
365 67
157 84
68 269
166 163
104 103
173 68
54 56
28 84
171 70
62 56
255 68
426 471
156 84
275 280
253 79
149 159
291 348
380 487
117 77
337 244
177 178
16 84
133 98
105 154
20 159
174 68
418 47
383 444
408 302
273 76
66 99
193 154
340 157
141 98
471 67
354 280
142 97
83 55
168 98
42 68
317 329
324 424
405 67
165 68
266 80
24 154
89 76
1 90
330 57
176 165
367 155
461 421
219 280
161 68
259 79
59 121
49 68
55 154
240 182
73 56
265 155
159 154
297 67
12 316
17 68
254 165
9 494
35 165
77 68
110 156
217 178
221 178
427 57
76 72
241 32
360 57
316 316
230 69
26 170
29 224
256 98
175 68
52 200
91 29
327 314
444 344
92 251
183 213
443 215
369 316
47 186
366 475
403 428
425 494
456 487
131 280
93 378
281 155
39 132
53 72
428 378
484 417
144 116
455 487
393 487
346 335
480 376
23 68
158 84
30 68
115 165
116 122
181 181
342 475
106 134
485 122
82 68
167 183
377 103
45 232
323 475
40 68
225 181
474 142
267 98
404 203
245 280
364 155
464 446
154 76
98 499
250 214
96 376
162 499
48 200
338 382
413 424
118 251
226 269
475 483
261 26
489 23
7 14
350 132
75 129
178 214
463 408
81 250
87 269
345 23
319 65
114 23
155 68
446 12
499 299
389 216
282 159
103 122
457 377
387 253
351 3
74 124
459 250
497 494
359 400
111 38
370 31
99 421
481 308
251 352
348 386
347 353
349 111
311 51
472 25
396 201
269 430
283 344
146 60
498 488
119 242
191 483
194 165
421 423
284 7
433 361
79 74
299 157
473 377
361 67
368 334
43 68
203 154
293 46
479 286
126 488
432 262
490 335
332 372
148 412
397 155
8 132
452 346
482 487
63 236
223 23
215 450
108 208
483 245
140 144
209 420
329 280
220 156
384 286
458 188
306 80
61 47
447 325
460 376
321 392
314 176
6 293
128 161
305 393
388 157
465 129
423 464
138 223
398 408
246 407
50 239
303 178
304 421
78 165
357 497
415 246
442 109
192 489
153 332
88 414
205 461
274 299
439 46
216 476
395 486
238 179
263 263
394 161
410 240
102 281
310 404
453 423
372 202
390 272
373 426
467 392
208 141
286 205
448 487
491 23
335 200
406 343
400 423
214 131
14 452
5 344
57 440
318 405
60 232
487 431
353 464
204 224
213 2
401 67
195 245
494 292
430 476
445 206
344 143
386 337
320 199
27 92
4 296
239 199
232 483
197 406
65 303
477 487
247 223
135 334
331 355
392 338
476 161
185 24
420 71
10 68
322 306
188 199
462 428
268 248
440 325
295 120
139 412
278 413
302 304
376 60
422 472
437 376
436 105
326 256
101 299
300 284
288 224
449 274
492 353
196 330
294 281
21 295
97 59
134 467
339 284
206 129
313 157
409 381
210 193
412 334
416 123
493 147
307 397
309 112
470 306
381 286
234 242
249 318
438 4
298 428
36 237
379 284
242 475
391 342
13 230
356 472
358 428
478 335
202 443
290 67
451 154
271 216
362 372
95 285
363 221
374 190
495 467
212 425
407 139
46 12
243 44
182 298
336 318
469 366
429 348
292 323
352 499
486 244
233 184
343 414
411 296
301 185
378 256
201 279
120 129
200 132
435 108
125 360
124 242
355 199
229 355
385 245
218 320
280 286
488 361
289 235
279 130
399 286
3 108
70 157
417 23
71 258
424 57
414 380
315 355
2 310
228 498
244 316
0 9
150 443
130 473
277 334
466 32
252 498
434 113
496 29
189 108
308 407
341 482
152 477
127 335
80 440
333 363
450 286
147 164
312 476
285 414
164 356
328 351
375 472
248 449
121 401
431 169
325 52
468 20
454 123
37 33
160 370
41 388
180 137
334 303
419 277
382 305
371 375
113 224
