img039.jpg img069.jpg
328 72
289 159
46 118
80 92
62 92
94 195
255 182
342 72
220 182
106 68
67 68
64 54
54 82
71 73
225 84
32 154
296 124
228 81
275 207
302 72
311 79
233 76
322 84
68 68
270 76
73 74
87 74
303 170
326 81
218 154
300 72
227 84
77 200
286 90
189 251
357 54
72 74
7 76
140 82
154 73
51 51
362 182
230 74
327 90
50 74
53 73
162 95
288 159
324 81
26 165
6 56
172 118
38 154
141 82
159 82
332 68
31 154
299 186
60 56
21 68
277 84
57 269
221 90
256 87
224 84
61 125
264 99
325 81
229 68
76 73
215 207
69 74
336 154
258 51
42 99
301 269
316 159
66 68
59 90
139 124
33 61
83 82
86 118
96 118
252 83
91 76
134 118
1 61
153 74
240 68
279 76
321 84
115 72
135 251
180 82
251 79
246 56
352 56
297 200
108 79
142 55
274 269
212 81
295 56
265 118
148 74
250 84
329 159
22 61
195 73
163 56
138 200
15 83
36 82
102 118
47 75
124 74
216 159
232 79
81 182
151 74
261 54
40 165
236 76
88 79
209 87
8 61
298 87
158 68
290 124
143 95
35 207
20 48
217 207
186 118
307 0
169 73
239 79
409 215
114 165
75 121
110 400
214 207
317 83
273 83
242 134
27 251
160 54
313 76
280 83
48 68
381 31
267 408
433 280
285 83
222 88
231 79
477 481
30 73
99 134
149 83
199 207
248 182
309 79
213 154
315 56
119 84
331 118
238 170
184 343
241 74
28 83
372 291
444 215
155 74
19 200
45 65
223 72
367 420
109 344
320 88
262 92
136 251
188 74
276 84
263 200
84 118
226 76
178 99
0 251
89 79
176 95
116 76
443 364
305 154
173 68
418 53
179 243
93 281
196 73
319 88
137 48
44 269
269 87
182 56
150 79
52 251
439 485
291 499
374 277
323 165
78 269
191 159
197 84
14 56
166 73
340 215
168 69
65 269
118 82
5 73
190 144
82 73
194 424
145 269
185 118
436 418
193 85
147 74
13 79
470 364
37 90
207 243
9 76
249 72
437 499
243 134
3 90
117 132
247 269
34 165
177 243
417 179
174 69
97 346
253 118
74 74
244 87
12 79
49 79
132 73
211 81
144 95
55 182
85 73
272 87
11 165
415 122
445 51
129 87
460 374
370 285
389 312
432 263
203 302
157 68
259 124
355 76
402 224
18 414
133 83
235 79
465 184
339 348
16 214
403 291
56 165
171 214
405 68
192 88
58 90
393 233
201 348
398 304
175 243
344 179
202 0
394 424
292 348
126 134
183 159
90 379
113 165
416 475
103 79
17 487
25 154
146 73
268 69
281 127
385 439
383 199
164 159
170 134
446 421
469 428
120 83
2 436
107 344
488 56
123 430
165 269
397 319
131 269
287 134
480 499
29 73
428 475
447 97
245 154
304 154
330 134
497 260
438 499
125 73
210 88
23 421
208 121
454 141
472 245
266 134
205 106
468 199
420 203
338 122
79 83
122 74
388 215
348 123
219 84
441 139
440 251
306 155
458 67
98 286
451 490
104 193
111 377
356 7
121 83
452 252
70 306
435 10
391 292
278 97
335 475
314 421
478 156
369 52
496 161
407 308
450 250
358 236
63 68
476 67
404 251
442 355
392 455
92 9
333 67
198 84
361 304
486 250
43 155
284 308
384 68
350 142
105 288
101 300
200 114
234 214
112 125
308 65
39 202
41 49
24 228
474 10
346 331
456 385
271 98
365 0
257 218
453 490
254 457
411 421
483 392
430 156
498 392
127 95
181 273
424 156
455 346
152 127
377 471
387 421
490 300
345 107
495 485
423 414
390 38
380 220
408 464
429 30
375 122
426 110
396 131
461 464
347 244
464 257
130 125
371 346
493 214
434 380
378 478
459 481
237 127
484 280
359 284
400 492
354 245
494 224
395 273
482 406
283 271
318 425
353 38
128 56
414 318
466 467
449 428
406 122
4 269
161 231
294 69
351 96
364 304
481 487
156 452
431 116
410 273
386 365
282 113
366 478
382 480
334 435
491 20
425 443
312 383
457 380
401 425
487 147
421 367
489 23
463 316
310 273
479 161
360 269
341 348
475 242
419 190
467 192
337 4
399 326
204 484
368 53
187 442
492 484
499 171
167 262
427 284
363 484
260 211
349 41
376 335
206 257
293 6
485 444
10 493
471 355
373 347
95 161
473 336
100 226
422 56
412 247
448 157
343 284
413 125
462 305
379 444
