img023.jpg img034.jpg
404 242
396 421
391 389
460 292
253 319
251 422
106 438
494 305
378 421
36 40
340 469
454 491
395 368
488 40
264 242
487 197
456 347
49 469
471 246
318 142
142 422
374 368
308 421
430 321
479 368
84 287
431 16
270 308
393 347
131 24
409 274
426 317
450 368
389 258
406 40
466 321
221 478
370 472
105 473
467 202
499 287
265 478
386 323
459 487
58 352
353 183
422 422
165 150
440 347
380 333
157 119
94 325
146 366
362 242
449 368
313 439
484 242
5 347
328 382
394 408
225 422
474 234
194 142
141 491
355 274
423 59
70 325
32 480
145 40
465 397
10 161
444 469
22 25
405 242
72 142
21 216
108 242
481 389
33 325
209 439
179 458
330 312
346 347
109 368
139 39
288 468
136 368
64 319
329 361
250 171
341 409
373 242
420 397
222 487
348 321
248 187
435 257
278 467
315 298
73 99
153 128
215 169
452 143
13 435
24 492
477 425
42 206
82 295
269 242
497 456
351 217
86 488
258 16
316 294
412 105
276 473
305 193
206 295
319 253
241 0
469 246
102 242
180 338
303 197
78 368
40 324
144 17
403 359
446 78
424 489
175 368
345 165
125 187
4 374
439 478
170 405
100 246
101 356
486 397
151 292
306 143
461 499
286 441
116 381
147 142
190 6
323 469
126 347
3 333
437 455
25 295
97 257
266 325
52 368
197 76
299 306
496 186
300 370
302 253
205 368
171 442
104 295
364 106
130 347
172 411
359 485
34 366
76 157
92 441
35 215
399 485
211 374
217 491
53 30
310 220
12 128
317 408
210 487
388 362
482 333
20 371
17 290
158 338
485 461
137 333
448 467
148 80
338 312
390 40
41 333
342 350
411 347
77 345
451 298
163 438
48 404
458 323
47 399
277 133
279 358
321 24
91 309
367 111
445 453
470 143
293 235
294 312
400 480
290 286
498 452
381 370
59 391
173 258
11 89
68 357
434 428
275 183
18 380
195 321
121 435
282 16
383 458
115 22
438 333
283 388
397 347
66 90
119 375
260 232
392 26
408 478
419 16
167 211
159 371
202 347
103 143
307 250
492 202
226 441
489 206
372 365
436 144
295 458
312 202
90 497
227 296
292 449
193 346
309 491
382 233
361 477
155 216
256 184
257 460
325 368
237 110
9 341
127 366
216 468
186 461
287 292
385 386
249 493
88 419
14 254
274 6
311 339
45 103
350 358
495 326
7 148
291 467
189 119
384 391
415 388
433 333
233 279
124 425
178 349
128 242
191 350
27 403
67 257
366 458
478 25
243 453
214 333
218 443
268 105
376 492
441 397
284 17
331 491
414 331
473 489
304 408
402 499
442 311
43 325
336 497
98 211
85 474
57 105
363 268
427 337
252 59
177 499
61 347
246 409
89 22
263 455
231 397
476 371
301 306
335 304
38 455
39 22
143 399
320 469
69 203
169 197
230 375
79 365
161 380
262 440
62 488
96 333
120 110
174 470
472 11
185 489
50 184
326 66
324 221
181 36
204 493
365 467
71 90
379 421
490 453
447 408
123 385
31 349
37 374
407 428
110 476
154 89
333 356
327 325
160 366
245 83
201 184
242 365
19 371
129 305
491 479
457 383
443 346
156 400
357 254
387 413
432 322
493 77
199 234
332 322
413 427
65 184
281 463
95 184
140 325
162 299
168 17
401 379
15 375
55 291
271 477
421 408
207 138
138 161
166 375
360 361
273 431
93 409
176 294
267 375
196 411
46 84
244 105
297 78
99 11
229 344
238 443
44 366
418 171
369 53
322 76
259 231
339 465
135 346
152 399
198 76
254 346
453 143
337 462
111 334
247 375
356 431
344 458
133 83
132 216
334 319
219 373
16 220
429 281
6 211
228 165
483 461
349 128
296 309
56 347
200 399
462 461
83 476
164 238
232 397
377 332
475 459
30 347
289 99
235 443
122 402
464 448
272 215
371 255
23 445
149 231
368 430
455 89
213 178
224 493
118 397
112 425
358 161
255 291
223 98
236 184
63 258
375 105
0 381
234 297
203 274
354 364
51 325
2 381
347 282
463 148
182 4
298 231
416 454
428 358
468 55
26 271
114 437
117 425
188 448
187 426
60 399
480 295
343 108
410 89
54 32
425 231
192 148
261 91
352 322
75 285
212 292
134 374
285 334
239 129
29 103
28 447
8 487
417 215
113 273
314 493
150 437
280 237
81 105
208 346
74 77
220 445
107 158
184 332
183 485
240 97
80 50
87 254
398 447
1 399
