img023.jpg img047.jpg
106 15
346 1
58 418
370 297
137 343
123 320
39 456
420 392
214 282
471 196
487 300
306 311
378 456
441 397
308 456
180 231
109 140
375 348
431 399
460 381
328 217
49 381
340 300
225 214
397 1
469 196
93 258
24 454
222 15
112 310
359 248
136 465
251 159
210 384
237 147
409 397
453 189
295 180
406 103
494 282
209 306
338 320
440 170
43 343
88 4
217 261
324 176
303 159
418 348
438 324
292 95
102 9
286 132
132 282
2 24
390 183
151 120
52 8
329 449
387 320
452 311
175 438
486 281
484 299
47 409
319 384
247 27
386 217
3 324
61 258
355 279
461 279
401 410
498 183
13 155
86 302
419 83
380 102
91 59
67 367
396 479
195 217
128 140
278 483
395 140
391 476
470 437
230 169
450 279
4 282
367 120
194 52
361 150
368 494
94 112
142 359
220 380
332 213
100 327
265 181
317 36
172 8
374 194
451 402
472 282
216 17
302 85
493 102
313 290
257 280
203 414
205 238
351 48
459 303
18 380
315 34
62 189
17 387
64 22
10 326
154 211
5 305
224 116
264 195
124 373
82 201
177 9
499 381
473 234
46 343
199 389
38 409
189 235
126 97
268 122
326 124
202 147
188 467
213 47
454 174
258 300
155 282
281 114
456 56
59 155
288 427
485 282
26 22
231 367
55 102
383 180
206 467
309 174
48 194
201 318
246 88
344 481
444 170
186 205
140 205
399 189
138 174
253 122
436 85
412 436
256 386
350 57
492 102
496 304
72 174
467 282
435 127
276 491
84 122
148 224
477 57
404 174
229 378
345 491
393 170
437 177
165 162
263 326
474 291
221 12
127 227
57 470
163 462
415 85
422 291
304 416
466 372
159 122
108 9
131 182
489 132
70 318
215 448
20 365
429 265
402 445
424 132
497 397
403 135
14 498
130 300
316 29
22 302
475 213
53 496
226 132
245 431
458 378
411 170
334 122
197 475
211 308
372 463
267 14
122 197
11 211
250 57
447 27
141 174
457 189
330 471
339 288
190 419
249 367
157 259
167 280
129 282
327 486
12 474
357 57
174 85
400 422
305 282
348 261
449 279
32 258
33 343
44 1
433 142
105 208
89 366
300 383
45 190
323 155
394 483
353 261
389 169
42 219
495 305
97 363
143 40
63 4
147 88
426 185
170 140
488 280
192 147
279 163
68 154
76 295
118 133
218 282
35 282
144 170
269 88
439 38
349 393
83 340
335 148
98 34
448 311
99 293
115 19
242 81
96 211
150 359
78 438
291 254
476 340
161 289
7 185
85 279
381 383
430 175
266 193
421 483
320 170
282 83
284 261
364 38
362 465
275 8
392 411
479 483
40 380
208 132
294 327
408 181
95 206
307 129
73 141
110 4
233 224
204 445
365 419
321 106
379 479
416 409
260 312
352 367
16 381
158 4
443 381
219 150
248 196
31 132
25 185
79 432
414 418
483 282
293 226
152 423
21 282
322 411
50 418
358 222
347 181
232 130
299 464
369 144
442 172
410 211
228 302
356 327
243 291
179 105
92 132
171 463
119 74
121 324
238 125
120 409
139 202
255 247
280 384
168 246
481 212
377 486
274 153
297 31
103 126
296 1
318 465
425 266
145 261
66 132
133 479
331 246
373 381
384 115
153 192
445 102
482 282
423 456
310 52
465 107
156 95
182 301
34 282
200 18
272 324
311 431
69 211
178 39
446 421
104 47
273 318
312 76
341 57
407 61
30 13
241 497
261 252
388 355
164 197
480 195
80 321
191 66
277 241
478 346
239 171
234 304
371 357
290 178
187 385
227 383
490 479
491 106
184 387
336 488
463 17
65 157
360 266
185 277
405 280
36 280
41 479
173 35
434 68
254 282
271 70
9 97
376 366
428 181
77 317
240 378
117 132
160 18
146 52
333 200
56 256
74 291
287 294
363 411
354 353
413 234
464 66
0 227
235 57
325 14
270 105
113 63
135 282
198 76
432 251
398 321
60 431
259 268
169 259
343 36
382 162
125 315
23 197
114 372
289 18
366 131
427 186
236 386
15 103
75 407
207 10
301 78
27 124
54 334
81 296
181 407
252 36
29 47
111 278
28 375
196 152
385 337
116 127
337 241
101 96
417 315
37 140
166 152
314 433
149 296
298 414
107 64
90 73
244 268
6 39
342 134
462 102
162 17
468 176
262 369
51 317
134 305
212 74
176 390
87 480
19 18
183 127
71 353
1 241
193 102
223 267
8 498
283 83
285 462
455 388
