img020.jpg img033.jpg
68 70
168 174
187 455
41 273
475 420
476 170
252 303
55 18
190 70
192 303
148 332
185 308
205 474
137 474
105 474
111 392
330 321
34 205
164 103
289 200
489 64
249 225
442 417
427 306
221 423
75 461
314 430
255 174
415 342
69 423
474 200
208 306
70 223
138 497
436 55
498 273
95 442
242 64
78 403
191 479
452 156
313 174
433 174
119 373
204 329
316 48
72 453
303 208
327 156
338 353
243 43
257 130
215 340
363 48
495 326
32 238
310 208
346 455
467 355
329 435
97 59
239 471
302 21
103 255
428 462
189 248
161 273
203 14
62 442
460 460
151 33
497 467
480 142
20 222
224 147
23 166
152 40
445 84
1 163
88 445
200 494
14 163
207 345
132 317
51 9
136 267
451 481
245 477
25 103
149 461
365 382
47 405
139 136
209 493
258 112
413 253
184 471
286 474
104 118
482 465
244 104
2 373
159 307
31 332
490 486
35 33
355 237
449 388
5 267
463 427
52 471
153 347
377 383
186 98
395 206
49 223
30 444
353 21
237 212
362 142
447 497
412 229
283 198
400 33
39 229
285 96
470 453
66 81
100 44
348 208
356 353
230 442
236 441
79 304
196 340
455 450
58 76
471 164
420 156
46 479
11 313
21 381
317 420
477 326
145 184
462 493
320 442
3 140
440 446
63 456
492 201
212 220
398 353
123 460
169 156
384 321
130 178
82 460
197 468
10 62
117 208
217 165
333 190
450 367
357 83
406 244
270 402
287 137
418 401
262 119
288 237
381 44
410 353
106 368
218 264
206 174
4 221
110 486
150 85
162 55
43 174
77 59
86 441
170 183
305 261
421 319
253 46
315 371
394 299
81 445
273 64
301 96
386 430
85 117
229 289
269 320
361 490
484 81
231 438
444 493
423 253
61 408
354 444
235 480
397 402
499 236
254 46
404 84
375 367
144 9
268 409
485 125
124 168
37 225
264 480
443 353
101 248
378 153
223 270
281 75
366 471
424 383
129 154
272 291
465 153
131 304
417 486
483 23
368 114
122 175
133 0
290 224
334 84
419 232
295 49
437 388
352 333
248 209
332 90
74 491
16 189
277 61
300 225
311 115
446 353
407 249
175 34
364 39
373 373
76 317
201 471
343 49
486 170
296 342
464 36
385 342
15 435
27 93
147 474
173 476
393 371
93 307
195 225
265 96
473 417
176 147
121 444
6 156
274 308
347 179
107 237
401 490
487 205
155 180
214 340
321 185
42 262
160 314
40 195
178 76
360 248
399 183
389 469
461 423
48 278
112 471
241 364
422 458
435 55
158 185
202 442
457 304
472 388
481 58
238 317
383 179
426 301
219 232
259 60
326 33
193 444
349 206
171 166
299 372
154 435
140 323
44 332
199 493
392 166
118 74
7 447
125 442
405 373
26 385
387 380
478 27
98 273
324 437
64 486
488 478
177 471
454 124
115 238
370 313
282 192
337 423
53 462
325 480
156 306
9 291
335 45
211 110
188 190
448 126
388 110
29 390
89 55
96 229
142 183
250 242
135 408
60 22
134 115
297 206
344 363
390 233
339 402
59 304
17 355
396 297
102 165
213 261
222 93
233 297
232 298
293 128
312 296
494 415
278 283
441 232
165 55
182 10
280 449
466 15
210 424
276 455
371 442
408 240
496 288
429 206
291 361
372 319
174 232
350 61
57 304
179 123
91 55
379 48
345 24
18 211
414 205
306 406
309 466
358 78
33 3
458 350
294 327
54 113
266 106
411 478
50 29
36 254
267 147
425 71
24 178
28 58
234 412
298 353
13 210
128 448
256 327
65 10
459 416
157 434
246 126
166 57
328 363
284 348
453 484
304 110
323 188
318 416
391 114
331 7
216 55
247 277
322 356
359 306
432 404
108 232
251 51
374 23
80 108
340 467
341 328
336 148
307 92
38 215
438 192
367 22
403 330
92 91
167 337
491 108
22 490
479 30
180 372
198 208
127 67
456 412
126 464
67 375
113 471
271 155
84 199
163 320
279 368
382 302
409 129
12 373
292 246
172 267
99 408
8 377
220 397
19 186
369 212
431 83
141 14
380 472
308 319
439 292
275 417
228 267
71 224
227 166
181 55
194 376
90 97
342 108
226 329
225 435
45 323
73 272
87 245
146 490
120 467
183 406
114 124
319 395
116 474
493 299
468 12
0 262
351 60
83 304
109 109
416 249
260 466
430 7
402 94
376 93
263 12
434 185
261 213
56 118
240 19
469 115
143 106
94 145
