img033.jpg img060.jpg
156 110
120 366
488 26
174 110
388 380
58 110
455 26
140 336
474 366
306 380
25 1
343 165
318 278
471 256
392 484
206 52
324 380
18 196
292 126
94 52
212 321
332 136
479 110
481 430
493 18
180 1
337 50
225 331
385 255
404 331
381 128
186 302
108 190
5 243
446 397
205 71
314 441
166 187
300 373
213 103
461 110
435 136
185 152
97 179
480 61
412 267
391 103
273 344
123 357
497 124
96 191
371 5
492 215
472 30
232 37
113 103
39 218
406 322
370 460
237 175
303 103
135 200
494 20
103 366
64 296
198 15
184 331
432 176
59 103
211 438
21 50
414 321
467 91
78 419
299 235
405 91
121 50
345 196
373 77
200 268
307 336
248 114
463 474
148 391
17 201
163 296
311 453
335 195
427 438
154 110
202 86
376 430
462 187
301 299
67 12
319 78
347 136
426 398
251 137
73 5
444 134
450 430
147 237
441 196
22 379
24 136
253 78
157 319
420 103
173 383
291 110
451 147
357 299
495 263
222 148
54 274
33 50
333 46
287 486
81 61
354 384
322 164
150 176
277 103
280 150
36 438
214 498
244 379
348 499
75 379
189 233
402 226
289 270
323 314
50 348
353 173
361 453
264 50
469 269
218 165
230 336
267 430
296 237
90 166
408 91
458 131
51 233
364 313
204 60
226 20
153 37
423 302
355 58
485 322
47 366
434 359
428 251
411 412
93 329
486 275
100 152
338 104
9 156
55 250
125 357
484 176
288 446
342 196
393 212
208 50
330 237
46 237
424 136
290 396
334 417
449 125
227 99
44 385
194 147
29 22
175 96
203 322
238 50
422 0
445 16
308 77
255 96
114 454
142 212
162 35
460 485
329 50
19 350
268 91
363 29
160 322
83 323
116 265
118 209
409 446
356 170
367 161
430 361
478 77
172 273
233 271
429 90
266 160
281 138
400 499
126 331
476 134
109 45
92 116
415 147
12 211
132 68
456 251
133 264
326 194
130 225
313 290
223 16
144 237
8 96
138 383
377 353
84 56
85 296
176 37
283 27
365 250
115 117
302 288
328 106
117 300
168 442
191 395
124 7
145 286
258 7
312 273
228 255
199 50
457 195
169 77
229 323
431 1
407 91
134 331
250 60
297 50
2 258
453 474
88 77
34 357
52 68
66 394
339 35
442 106
98 328
43 408
390 177
70 423
106 309
260 335
170 69
276 269
475 237
178 56
395 335
183 369
418 91
425 279
179 52
443 56
394 380
158 20
62 302
352 402
417 213
293 166
386 444
271 331
379 232
257 373
375 353
13 243
188 40
295 282
321 51
403 91
217 250
7 138
14 334
231 7
382 365
11 95
360 272
89 287
468 148
63 143
181 408
95 266
275 147
433 164
23 37
351 290
210 108
325 37
320 196
42 373
278 199
219 16
79 26
102 191
28 372
350 207
470 382
196 117
340 337
482 200
336 404
235 389
483 128
136 313
152 418
272 195
282 33
358 117
496 214
71 55
448 148
76 402
105 120
171 311
284 70
159 68
239 298
344 23
499 191
346 430
447 330
490 188
438 12
164 87
0 134
374 212
437 289
254 256
16 399
104 197
440 417
309 428
397 112
215 1
10 315
477 16
473 265
459 367
26 499
35 383
252 126
262 322
119 363
249 91
269 250
366 177
410 166
1 53
317 61
45 70
315 295
111 331
201 136
452 97
31 27
389 350
259 106
416 147
182 307
209 191
87 487
298 218
241 297
384 363
122 474
146 42
149 419
387 50
369 330
139 215
240 486
439 316
304 64
190 195
263 84
487 82
246 237
413 427
155 84
221 366
110 78
279 237
466 56
192 78
41 417
48 117
141 346
69 365
129 301
349 95
56 315
270 273
401 400
454 12
99 8
465 190
32 7
80 381
197 273
247 280
399 180
261 343
167 407
234 391
236 20
286 63
3 212
316 85
27 63
294 143
161 348
220 161
383 37
107 366
165 427
128 69
127 271
216 284
372 82
327 143
72 238
60 429
131 173
61 227
86 63
378 419
6 22
224 315
256 143
207 109
419 386
368 201
436 152
38 440
362 293
4 18
57 103
15 482
112 106
398 499
30 313
37 152
305 260
341 212
53 273
151 70
274 335
310 481
74 70
285 320
359 144
396 488
331 87
40 390
49 409
193 137
137 51
77 436
101 380
187 104
498 275
195 105
82 349
380 273
245 309
489 187
242 115
464 61
65 396
91 106
177 46
421 164
491 397
68 266
265 408
143 84
243 297
20 250
