img028.jpg img069.jpg
89 220
40 103
141 220
487 364
43 70
340 279
248 220
123 83
12 76
105 172
21 84
37 74
72 96
348 122
142 6
35 271
181 223
333 279
83 497
0 269
486 223
194 69
59 74
125 76
374 421
379 221
449 364
490 155
483 224
71 73
103 74
358 378
68 213
121 381
309 396
265 92
9 220
268 142
447 179
158 67
326 468
495 140
334 331
60 405
159 70
258 228
493 348
236 223
402 348
25 83
463 116
211 381
462 155
243 424
311 31
292 214
32 18
423 430
86 35
195 364
198 63
213 379
270 31
90 378
444 322
469 104
102 264
23 116
186 303
8 177
87 392
273 457
485 348
132 344
2 226
281 91
78 6
277 177
482 179
442 153
443 348
217 179
88 192
7 430
118 105
53 118
491 376
168 483
127 478
302 228
124 224
412 155
3 118
408 417
171 473
157 222
317 1
31 122
497 139
131 421
411 193
499 443
80 443
263 348
429 0
57 491
455 392
237 140
180 497
476 86
74 250
128 3
231 214
246 478
406 450
319 489
425 91
66 487
430 379
208 392
4 113
260 309
145 220
267 228
318 348
431 163
84 157
240 35
356 319
391 349
188 450
434 250
285 228
13 15
330 299
403 31
70 26
422 476
26 339
439 1
136 215
55 127
76 141
134 104
360 153
210 71
437 354
321 142
373 489
345 440
484 278
178 274
286 335
155 481
489 155
494 428
241 175
454 47
346 398
108 384
174 35
291 123
343 487
371 443
36 67
97 450
150 123
69 292
140 146
417 488
276 140
498 201
393 489
375 298
347 67
18 197
62 464
239 6
472 339
249 394
352 319
465 162
81 496
255 171
342 38
167 38
380 155
477 476
362 31
293 439
205 292
432 326
113 249
301 296
433 122
224 443
221 176
475 263
289 403
163 66
322 424
129 366
368 403
436 469
219 253
397 35
335 32
328 391
339 67
33 227
254 330
307 156
446 122
261 348
156 138
474 478
355 113
395 280
370 47
327 236
297 335
329 0
284 174
282 140
24 218
39 276
94 346
320 443
460 486
110 430
154 25
279 187
405 104
262 179
245 379
234 222
407 142
114 496
77 12
278 64
421 444
46 212
283 25
20 292
27 296
228 404
341 360
95 275
233 244
30 237
363 221
452 53
492 23
1 499
216 45
388 479
471 155
15 439
227 355
367 284
107 398
196 228
419 112
451 476
377 24
130 1
160 360
349 273
197 473
295 180
467 437
450 12
410 314
496 126
244 450
242 120
458 177
314 352
200 417
445 192
288 25
310 91
137 10
172 499
304 297
366 116
64 155
325 221
396 319
184 15
50 26
247 27
138 381
235 25
399 499
350 355
220 8
98 228
41 396
338 439
409 224
481 179
148 19
215 331
478 161
385 209
457 345
29 476
193 297
169 232
287 111
14 151
122 350
383 443
290 235
187 297
151 38
464 201
202 111
192 212
440 49
324 399
323 443
28 224
272 139
306 201
104 402
369 45
91 352
54 434
300 488
398 398
51 192
212 443
82 285
16 168
206 176
427 466
209 463
42 64
58 449
17 375
170 71
111 203
229 224
468 203
75 242
185 457
435 113
461 163
303 367
416 467
182 425
400 67
99 467
390 214
394 294
259 335
257 478
365 47
401 346
336 8
48 445
453 410
271 329
332 392
264 230
459 285
203 156
252 346
313 488
73 189
112 31
404 147
424 255
183 158
315 449
115 447
173 491
101 223
389 313
299 38
473 147
479 407
201 424
316 281
354 67
147 191
177 228
480 355
166 322
93 382
189 176
44 442
47 9
49 476
230 281
179 142
376 396
426 442
392 325
153 341
364 489
45 268
351 161
190 482
428 489
6 49
34 378
79 237
143 3
266 138
92 63
207 499
52 449
164 222
344 228
5 433
415 449
85 396
117 450
222 497
176 380
10 108
109 272
372 264
294 47
337 460
175 191
280 469
456 44
382 282
223 253
470 499
413 489
96 208
161 326
11 109
106 440
63 360
67 29
152 25
250 358
56 366
251 297
38 179
359 25
312 86
116 141
191 368
256 292
387 251
253 80
126 253
381 252
386 297
139 261
274 215
418 394
162 254
22 224
414 407
305 3
357 314
384 244
238 142
378 147
204 18
448 57
225 425
232 158
420 120
100 295
353 17
441 66
135 445
144 233
361 284
269 237
65 17
120 128
133 57
466 16
146 8
275 419
119 190
214 375
19 171
165 18
308 314
199 389
226 299
331 355
218 293
61 66
298 53
149 110
438 20
296 176
488 443
