img011.jpg img013.jpg
172 407
153 362
80 361
124 47
265 63
201 410
392 86
250 418
270 233
162 278
10 179
221 481
393 497
341 258
226 111
181 450
132 474
142 199
395 396
247 34
235 22
461 497
195 207
291 363
325 449
347 481
120 363
18 46
27 136
440 313
86 55
224 281
34 174
40 117
444 428
95 279
149 301
101 272
185 79
490 396
423 136
222 192
168 410
281 259
314 405
409 373
480 198
140 94
233 350
11 265
428 254
426 318
410 386
33 107
382 342
147 334
323 418
52 312
427 118
267 77
272 110
47 494
54 78
67 249
301 427
367 442
401 240
438 313
379 497
371 259
64 344
145 498
130 258
217 431
196 463
173 127
412 227
499 299
41 409
100 106
136 352
174 498
295 350
66 110
236 280
330 280
188 253
386 93
344 23
3 316
49 443
191 169
14 451
63 386
464 366
129 88
199 348
74 146
112 274
317 443
55 89
462 227
346 156
72 274
476 146
32 164
488 409
75 73
470 3
26 3
8 451
309 159
342 417
56 26
362 350
58 94
106 177
127 69
42 228
150 150
70 127
239 185
61 363
257 100
212 84
383 222
385 292
435 32
157 318
96 21
218 24
398 73
1 158
339 360
326 444
434 227
320 276
364 123
365 222
441 141
180 245
351 283
276 421
241 115
192 222
133 15
303 96
30 127
125 451
300 195
358 376
450 158
143 175
355 337
456 33
430 5
282 32
363 91
433 354
443 169
87 446
234 376
361 403
432 185
23 8
306 164
115 281
278 337
446 283
204 396
273 405
85 200
280 350
357 88
179 178
88 279
108 228
137 396
421 436
183 35
89 416
189 98
485 305
308 291
128 33
312 316
200 198
387 444
122 8
231 23
338 240
99 411
315 333
310 376
481 265
24 113
210 421
400 185
472 3
495 207
114 133
219 167
376 317
334 343
457 192
374 318
169 131
275 363
39 217
158 234
48 177
43 164
261 92
460 432
118 189
497 189
225 206
313 265
411 403
416 200
103 105
197 253
44 460
90 334
203 459
94 34
263 70
109 78
164 14
403 317
405 281
417 279
319 258
352 82
388 283
248 22
298 438
161 179
230 262
350 284
408 288
5 447
264 284
425 23
46 397
228 335
209 400
262 340
345 424
4 57
144 304
167 272
311 342
176 473
375 56
437 229
424 67
348 454
436 214
59 57
223 469
246 164
82 437
163 54
468 233
479 233
139 63
299 116
0 275
177 59
294 294
135 269
73 233
318 300
296 133
284 12
354 200
331 428
429 312
71 106
93 79
494 475
138 186
62 361
215 181
474 198
439 33
458 115
113 389
484 192
15 165
107 228
359 48
216 428
327 258
340 292
242 247
328 117
293 417
397 488
76 261
211 383
25 452
102 305
186 70
141 84
170 199
258 376
260 164
29 361
111 185
255 159
68 83
69 73
449 200
259 127
304 258
356 38
202 388
366 226
238 285
378 9
316 63
83 461
65 437
336 100
268 134
370 375
380 330
159 26
78 279
289 260
353 443
36 274
156 193
253 113
466 233
160 318
349 368
399 468
237 433
208 357
119 233
184 113
266 138
19 200
343 318
360 373
244 130
182 34
493 277
252 176
155 334
256 181
31 281
292 418
213 284
240 398
391 123
475 62
22 76
148 107
123 361
245 238
322 352
455 289
151 181
194 310
98 372
491 252
269 480
394 2
496 214
50 26
117 111
413 101
447 396
84 0
193 246
38 328
53 222
254 175
279 64
91 73
13 96
454 331
9 268
152 144
274 305
302 70
335 215
285 385
384 121
406 113
329 275
445 198
198 170
333 437
414 198
467 134
469 340
126 247
232 226
37 473
407 261
418 275
20 424
419 187
297 429
277 105
220 57
6 285
190 8
337 292
482 457
332 57
35 318
104 251
369 284
478 114
227 275
286 131
305 275
131 228
372 456
166 415
134 331
60 386
415 328
324 114
452 284
473 275
28 86
288 25
471 169
146 451
249 497
214 25
243 318
377 432
368 275
492 426
448 33
290 101
373 395
271 166
489 88
283 165
321 386
420 394
110 416
116 416
205 271
381 29
463 122
121 204
422 484
477 457
92 242
77 361
12 413
171 433
2 450
175 69
396 302
486 386
57 3
81 113
17 152
154 163
404 297
483 50
487 269
390 317
97 38
206 103
389 56
251 45
229 231
21 302
451 246
207 479
7 214
45 32
165 456
465 498
402 23
498 364
307 371
178 233
431 23
51 31
79 315
105 176
442 388
16 388
459 364
453 68
187 279
287 478
