img005.jpg img016.jpg
298 428
293 388
306 75
430 354
283 234
133 136
361 428
30 75
327 492
136 474
326 378
469 90
11 356
108 210
182 493
273 62
337 404
115 412
85 27
422 404
392 31
88 252
271 378
412 102
441 193
282 24
216 64
406 321
63 147
118 470
470 428
192 237
472 186
425 233
363 75
125 79
393 428
449 252
6 149
262 227
281 321
413 344
109 149
185 201
236 122
111 233
300 156
463 231
172 213
397 219
189 357
238 109
488 336
285 381
439 453
132 146
201 457
127 233
428 334
18 197
284 14
314 379
269 75
487 334
99 88
128 159
148 474
70 245
369 32
208 75
22 285
193 285
205 381
206 474
12 91
317 193
352 321
490 174
121 64
231 265
489 289
423 233
222 121
471 272
315 209
265 328
123 227
24 407
403 336
418 417
80 474
197 50
407 378
81 474
343 131
232 285
316 393
303 457
467 64
214 14
330 109
375 88
71 382
371 267
149 91
495 409
199 249
261 453
359 267
0 199
40 474
65 119
434 428
78 381
332 84
486 90
296 267
377 85
196 139
426 195
323 51
230 24
16 61
411 351
385 20
401 222
349 453
391 434
131 163
19 35
200 474
383 332
112 340
146 346
266 326
270 51
286 165
105 327
320 197
248 499
228 24
122 421
307 47
263 105
134 417
338 234
485 458
455 26
174 123
223 22
483 453
107 439
456 285
159 474
367 336
152 231
164 228
178 398
173 240
479 360
93 86
171 351
494 142
2 159
324 72
476 484
79 474
402 285
329 165
431 116
242 244
448 333
390 365
295 346
453 321
247 241
84 146
14 276
436 211
1 280
160 474
162 462
140 79
276 147
395 416
50 474
58 146
321 84
234 329
277 351
419 349
44 442
272 411
376 457
493 26
474 211
158 474
235 79
225 408
218 103
299 215
113 333
387 125
8 412
90 306
82 317
5 327
499 7
354 407
408 160
166 351
229 311
478 277
119 474
155 474
4 234
466 329
36 368
384 327
72 476
83 368
42 327
150 474
26 16
373 18
279 149
91 327
342 245
346 206
491 404
97 98
440 234
362 182
62 223
126 447
183 326
244 19
198 270
23 278
175 338
322 93
59 145
163 28
227 79
61 150
256 137
432 423
212 461
260 323
336 411
339 209
348 71
459 26
74 223
374 326
104 327
257 27
86 447
116 34
420 411
424 331
3 123
48 327
188 450
67 26
77 393
325 365
379 296
60 476
280 209
311 176
167 461
213 147
181 474
245 267
309 20
252 470
305 444
333 18
73 476
203 266
204 245
340 278
288 461
53 223
56 476
464 409
9 91
382 193
427 136
480 150
38 114
220 397
498 400
267 7
43 146
95 368
151 474
415 429
17 351
468 491
454 130
275 11
117 367
226 264
101 146
153 474
460 352
458 289
54 146
120 202
144 85
195 239
388 469
7 19
184 274
404 326
350 233
451 160
20 208
481 285
190 444
209 476
372 226
41 327
89 327
254 12
292 439
345 389
437 439
96 51
268 150
27 474
69 223
355 470
461 359
308 213
443 411
496 11
416 136
135 474
75 476
45 327
142 133
100 327
33 474
243 287
358 35
445 411
210 152
497 411
66 223
103 146
313 325
251 278
130 212
452 132
165 92
217 303
442 186
465 7
215 24
141 476
364 112
492 79
147 394
304 72
417 226
259 334
51 239
405 64
398 207
145 173
191 431
366 168
68 462
302 389
435 272
168 122
249 63
289 471
347 309
291 198
297 42
318 240
335 160
224 7
253 306
32 442
211 357
179 122
46 327
328 327
250 62
34 86
87 478
394 198
462 272
35 474
331 397
433 275
396 118
157 474
353 137
429 152
360 314
177 149
389 100
180 233
240 215
473 323
15 21
450 44
139 275
156 474
409 320
334 420
31 256
154 398
319 406
21 474
278 148
287 488
447 202
341 391
10 147
37 368
13 362
98 351
110 20
55 368
47 212
186 474
114 196
381 363
344 238
207 265
39 474
49 149
421 231
237 393
399 499
475 20
92 476
29 327
76 476
351 327
357 499
446 178
310 404
176 18
137 476
169 152
202 483
410 237
194 141
246 476
221 257
143 476
438 17
52 223
25 417
444 390
102 104
187 22
400 244
28 327
106 312
161 474
255 386
138 376
264 340
380 285
414 28
301 365
170 22
368 158
294 446
370 315
57 386
64 305
239 26
482 449
124 149
233 176
241 144
290 84
477 491
356 490
457 13
386 51
219 474
129 248
365 440
274 8
484 35
258 352
312 117
94 286
378 247
