img005.jpg img030.jpg
103 106
30 287
101 106
35 106
181 1
43 106
195 1
79 1
58 106
80 99
37 60
51 1
46 106
133 217
21 60
281 329
39 106
85 185
306 287
89 106
54 106
72 60
56 15
40 99
26 195
27 106
158 60
463 240
151 1
99 310
36 60
137 98
132 217
430 272
271 121
161 1
60 60
32 106
349 391
153 1
441 388
34 1
327 51
41 60
62 15
324 439
28 60
208 287
269 152
326 349
33 99
83 1
285 298
147 1
359 261
81 106
135 1
141 15
73 99
305 391
160 60
53 15
284 137
11 386
362 145
74 60
116 449
31 99
50 1
483 360
186 1
227 424
44 106
155 60
167 60
92 15
467 390
168 15
179 15
45 98
216 95
470 481
136 1
157 60
422 102
313 268
77 67
76 15
469 366
214 172
69 60
415 142
309 149
401 110
272 395
379 349
412 494
363 152
95 1
48 60
448 67
253 485
119 60
397 23
459 451
159 60
323 341
427 231
188 485
1 238
420 236
75 60
16 8
382 276
495 51
38 106
149 179
329 0
199 360
252 390
122 166
406 177
110 34
410 206
156 60
143 99
428 185
55 1
205 260
413 310
395 236
6 125
296 261
419 47
471 79
19 381
436 122
182 290
198 153
178 172
440 77
209 15
113 67
235 458
315 234
17 473
169 98
61 497
251 492
180 251
310 149
355 124
332 296
223 451
146 221
462 236
105 270
148 106
317 388
86 318
340 20
71 323
453 481
260 264
266 272
365 191
439 296
472 192
118 383
480 424
111 475
128 195
423 240
304 443
345 149
474 345
90 41
286 223
375 238
107 390
248 448
24 240
7 159
190 473
498 390
125 264
492 248
52 454
193 185
354 377
63 166
443 132
23 308
403 329
273 379
228 277
429 428
497 236
109 41
121 67
210 15
447 345
456 391
238 261
66 60
245 463
262 161
9 475
299 136
486 388
485 388
14 198
303 27
376 159
348 363
490 238
12 25
261 445
425 49
257 420
325 499
164 103
291 192
236 1
263 449
280 475
322 32
394 125
70 254
361 282
0 466
65 26
230 221
22 49
369 9
350 126
392 495
433 47
347 348
201 479
358 23
449 243
488 81
176 241
196 436
226 97
93 127
407 49
282 119
337 14
49 379
78 260
5 106
84 217
232 25
424 192
481 475
270 391
298 234
175 82
68 171
204 47
393 499
458 152
464 231
100 60
127 126
229 463
343 338
150 60
8 248
377 263
233 280
360 76
279 449
371 335
4 166
297 421
321 81
389 191
259 144
489 444
316 95
445 451
117 20
388 211
212 430
404 62
25 463
421 295
435 67
311 184
496 332
3 242
283 177
192 266
380 378
339 234
172 134
166 376
91 60
126 329
319 369
434 499
231 99
265 495
294 179
473 475
207 468
42 1
218 207
487 403
112 336
336 236
300 198
185 398
478 348
387 308
454 360
247 447
465 465
249 251
416 166
384 168
202 297
476 236
426 204
206 1
215 209
243 183
320 256
213 259
385 405
278 457
293 171
367 50
451 465
499 479
287 431
171 121
411 81
120 107
165 71
174 242
200 369
308 181
438 204
302 66
391 282
2 306
331 20
187 274
455 58
352 58
173 211
162 264
225 458
356 168
373 173
292 101
183 118
318 395
191 150
402 25
88 125
442 445
241 150
479 409
277 242
335 62
494 396
444 488
477 47
145 466
338 236
217 299
409 417
96 422
431 273
18 297
152 9
364 181
390 58
288 483
256 32
493 451
330 448
366 461
211 383
466 60
254 366
333 129
20 227
142 277
29 60
221 415
268 124
82 444
177 90
289 390
399 489
131 197
189 150
383 227
314 109
353 336
274 421
405 162
276 166
250 444
123 145
10 272
242 242
418 296
234 427
437 137
134 101
144 137
342 26
452 415
417 115
15 382
295 122
408 48
346 358
264 430
351 499
491 458
115 248
104 60
398 356
461 206
59 497
414 497
108 173
368 114
224 325
357 58
130 246
203 465
47 422
154 334
197 408
246 434
87 321
381 127
344 158
67 332
194 356
184 424
220 136
475 95
240 257
400 107
139 317
244 233
328 141
460 129
13 386
468 47
163 256
222 75
450 448
140 340
372 118
258 415
370 492
170 223
457 37
138 86
301 481
124 109
267 155
386 475
275 323
219 405
482 455
396 131
102 131
341 398
255 47
57 272
307 165
334 194
446 17
114 346
374 134
98 187
239 323
106 252
237 181
484 42
64 168
290 29
97 295
378 384
432 223
129 407
94 426
312 265
