img001.jpg img024.jpg
364 95
235 187
178 302
72 75
380 306
310 100
343 260
225 86
461 420
266 29
102 336
328 401
255 87
133 86
479 93
216 484
355 240
260 417
91 55
455 355
150 42
312 306
78 87
245 302
425 121
463 370
175 121
296 179
137 217
329 29
9 407
56 439
93 402
395 128
316 8
442 128
254 454
470 420
240 473
186 160
484 420
248 406
498 462
360 20
435 406
489 211
303 208
475 58
79 16
101 209
321 185
421 230
334 240
269 407
205 228
215 179
143 285
306 298
432 363
280 66
311 355
458 55
434 100
202 310
362 436
465 476
92 316
246 230
138 172
294 87
337 245
348 425
226 419
62 100
181 276
374 353
366 66
14 333
134 95
223 407
368 452
383 161
419 161
119 313
357 220
460 403
277 217
291 172
107 79
195 100
123 380
64 290
108 462
413 353
468 79
300 266
313 92
443 351
163 257
221 217
15 498
68 495
298 320
31 432
487 224
171 344
486 454
447 217
231 58
41 11
384 229
409 217
70 100
155 3
417 476
270 105
158 79
130 156
33 240
422 149
356 162
466 160
467 222
415 179
263 420
437 100
459 94
18 331
308 487
208 212
162 479
238 313
115 453
180 346
59 160
61 209
319 220
375 83
464 50
12 160
241 185
394 163
344 121
45 425
480 454
117 432
495 273
22 407
139 74
293 240
426 232
333 27
141 496
110 48
69 66
253 225
6 129
219 420
390 486
396 406
161 79
315 210
330 405
140 150
497 480
166 406
290 55
427 420
247 352
282 471
82 266
289 145
97 353
104 475
305 396
233 451
481 77
170 147
142 424
229 93
452 386
469 71
424 161
471 443
251 87
197 140
346 102
391 161
423 187
273 56
412 304
135 496
214 368
193 95
87 239
297 285
449 343
179 209
267 137
234 95
309 178
29 285
109 460
199 226
44 86
10 163
19 101
21 405
301 418
218 490
275 56
444 211
103 32
190 303
42 185
299 355
27 422
281 206
339 29
304 75
285 118
370 406
220 226
438 363
194 46
420 29
477 221
26 498
113 498
402 68
377 93
149 57
38 212
203 79
323 168
331 486
499 31
403 484
131 344
217 260
120 5
243 160
446 261
17 311
196 473
154 454
478 18
472 240
476 160
350 196
407 75
369 121
400 100
274 172
177 191
259 225
457 5
399 10
66 50
85 440
118 373
124 71
351 329
46 162
88 130
160 196
99 91
76 473
242 140
36 164
378 479
388 460
326 154
201 314
256 473
265 305
11 312
32 266
116 265
51 289
206 257
473 49
86 362
405 221
408 470
114 389
342 163
494 265
152 91
430 236
37 248
456 5
73 89
122 312
332 431
276 211
431 228
462 100
376 265
111 130
341 248
354 139
0 224
398 249
453 454
54 75
75 73
264 154
20 96
164 475
230 161
353 5
81 202
482 67
53 475
320 418
258 162
185 167
283 249
428 393
67 268
168 286
169 197
441 82
496 65
252 211
307 487
439 189
448 226
404 212
387 48
157 183
325 321
228 29
450 416
257 431
278 121
127 55
279 63
173 0
367 305
286 55
386 8
445 382
125 79
401 319
393 357
204 100
28 94
159 95
318 388
63 102
406 439
451 187
488 5
126 67
379 180
1 185
271 46
35 475
183 381
347 419
414 222
60 185
105 69
210 135
77 459
121 276
71 191
94 66
340 160
359 66
292 182
436 462
8 226
176 141
363 384
184 266
23 25
474 443
485 100
49 81
322 202
58 164
30 268
373 432
95 189
232 244
397 451
129 226
167 66
261 473
172 154
236 104
43 29
365 66
381 87
145 105
213 217
148 404
317 484
349 81
98 249
25 142
372 418
40 71
211 475
371 327
454 212
132 71
392 381
112 355
491 69
100 491
492 185
493 219
89 85
16 151
34 19
189 19
295 310
151 169
24 153
345 119
191 453
239 122
198 454
224 107
83 240
287 436
284 310
483 7
227 94
55 314
244 276
416 95
358 5
50 15
156 29
165 117
250 94
146 289
222 310
336 97
302 319
352 434
188 287
237 434
200 217
335 344
3 206
136 303
361 110
429 192
410 149
382 370
433 69
187 30
338 195
389 340
90 278
262 85
249 180
314 99
7 224
324 195
128 267
96 407
272 14
209 461
13 232
106 314
440 102
5 455
47 420
147 197
174 142
411 14
57 416
418 327
2 139
52 126
144 353
182 409
268 263
327 477
153 155
39 160
48 79
288 455
490 400
84 63
80 286
74 418
65 183
207 280
4 71
212 226
192 104
385 44
