img016.jpg img023.jpg
149 32
428 308
453 308
49 5
475 421
252 340
163 426
135 253
363 225
165 32
38 346
230 303
139 328
427 499
445 479
237 452
271 397
216 253
325 484
347 471
291 466
456 242
402 479
195 378
215 199
156 214
27 346
349 374
410 390
62 340
132 334
130 424
432 406
321 478
354 222
145 389
226 338
404 308
320 415
491 449
457 278
146 370
52 482
61 10
294 133
483 308
76 102
447 68
455 222
278 286
209 303
172 458
413 62
421 478
289 370
88 454
444 251
235 437
66 201
355 395
28 18
262 430
193 486
233 151
285 47
398 281
15 395
75 100
272 137
379 202
201 471
219 179
160 317
282 253
356 106
303 142
1 460
36 84
331 411
58 202
41 128
344 353
429 246
327 409
14 253
433 250
148 460
124 328
365 165
31 402
378 487
13 248
474 190
493 49
102 49
54 256
337 58
446 303
470 395
487 386
175 464
222 216
94 424
207 279
166 374
299 126
318 404
79 424
405 430
176 265
12 471
377 324
11 489
245 348
214 402
25 238
228 30
490 144
99 313
255 454
125 213
416 295
180 13
450 303
131 199
351 92
85 404
81 440
485 222
496 413
40 306
137 370
29 359
189 403
424 440
234 434
497 486
310 495
35 370
439 304
90 420
382 136
462 485
2 253
297 412
473 448
24 353
249 424
68 452
389 313
336 438
448 338
142 338
197 180
454 313
46 460
7 295
138 488
332 317
179 29
343 340
10 414
91 115
293 471
141 127
169 278
8 235
123 318
191 367
93 265
151 241
302 422
315 193
319 428
409 420
33 110
221 370
57 182
92 444
286 49
279 387
128 497
136 370
340 179
119 65
346 328
275 136
333 45
16 186
120 346
339 400
334 307
121 14
213 481
96 55
468 492
22 45
159 494
476 340
171 430
0 294
103 180
243 459
106 250
373 49
452 493
117 291
247 105
126 247
461 367
263 498
482 209
231 442
323 458
105 346
17 131
50 259
133 49
154 216
198 141
238 458
257 58
181 49
101 384
406 436
240 329
266 381
283 121
359 498
51 152
357 17
412 165
484 478
65 80
206 368
242 492
288 171
480 251
244 199
26 382
18 496
147 408
157 471
341 105
251 486
348 286
20 17
276 92
305 181
111 278
394 22
443 370
241 334
218 341
471 480
64 110
185 137
211 433
469 431
370 264
268 317
369 172
202 13
298 236
342 461
388 127
59 58
186 494
42 346
326 338
5 46
39 353
290 132
217 389
423 451
77 269
152 442
307 177
155 177
440 256
104 348
127 141
422 62
338 460
417 265
459 498
397 414
488 471
200 113
239 203
274 334
481 190
30 352
162 272
203 49
309 30
345 170
472 422
223 307
328 2
360 487
366 100
190 232
395 98
311 156
478 5
295 82
260 98
220 20
210 253
386 67
492 370
292 113
329 267
225 326
435 475
192 418
301 47
419 170
495 253
205 73
465 471
32 334
140 193
212 0
431 432
143 190
273 250
109 13
407 49
71 88
436 443
393 358
232 345
434 308
415 49
84 251
314 270
400 426
53 400
164 389
168 84
174 116
287 400
489 144
391 476
173 58
361 235
426 358
458 413
296 350
335 265
97 119
254 244
494 10
437 471
70 231
280 16
408 216
411 434
74 427
178 246
353 241
250 234
248 344
87 385
372 440
19 168
442 53
284 26
45 59
116 440
56 317
158 384
246 384
47 231
322 498
401 457
227 190
364 454
430 127
324 269
383 197
261 4
381 310
380 108
153 471
392 471
259 99
73 455
374 406
55 216
362 95
63 49
267 492
204 132
467 214
313 203
264 58
167 327
78 298
352 198
277 84
418 416
161 261
371 75
449 478
466 173
499 471
463 133
3 476
44 14
86 148
258 190
403 483
438 386
194 92
317 365
384 115
425 349
183 431
112 65
308 224
399 80
188 390
367 86
281 487
83 251
182 190
460 471
114 338
330 75
477 419
122 57
441 361
6 149
129 26
256 224
72 203
150 256
464 253
69 411
100 23
306 287
115 33
269 57
9 241
48 125
224 460
304 368
270 288
376 479
95 419
253 490
265 59
385 176
110 291
486 86
134 323
170 494
350 457
108 97
300 10
316 216
4 389
498 228
23 232
34 326
107 461
387 394
396 78
60 188
144 276
236 80
375 265
67 188
208 269
414 307
80 247
390 438
113 367
118 110
177 264
420 181
451 413
479 106
358 190
187 130
89 267
82 172
43 341
21 297
368 148
312 365
98 241
196 398
199 182
184 199
229 398
37 434
