img029.jpg img047.jpg
414 239
144 87
221 392
363 239
390 239
367 239
278 239
399 239
252 392
53 217
248 87
253 218
214 419
343 206
279 392
415 239
194 178
131 239
141 311
13 311
306 356
47 419
418 465
226 409
62 318
120 397
12 359
269 367
61 330
49 334
472 397
280 356
40 496
311 289
83 120
25 410
189 300
178 166
370 396
433 189
254 327
142 201
21 40
298 246
138 419
203 159
187 402
126 92
430 87
244 397
6 297
442 465
316 206
117 327
0 239
70 337
88 452
369 363
249 280
118 110
179 159
50 258
443 465
322 112
339 266
71 300
404 381
111 298
341 455
63 479
291 31
409 361
94 419
129 282
398 487
360 394
38 495
76 433
342 112
122 87
437 381
376 465
137 455
4 298
20 131
365 419
295 426
293 394
328 456
87 311
292 381
18 107
176 496
289 490
19 9
28 64
435 394
272 184
455 103
275 412
151 337
242 64
463 172
336 280
164 418
451 40
307 130
66 22
223 270
51 147
93 456
183 279
267 155
48 307
152 57
391 54
168 182
317 394
26 346
239 218
169 102
424 180
379 361
460 225
136 456
286 265
212 386
396 266
290 363
95 467
162 330
140 266
345 464
413 346
174 258
310 153
240 178
387 239
80 196
262 112
243 66
318 287
308 386
385 73
303 99
77 312
105 25
299 492
73 23
102 395
377 41
268 394
305 238
320 180
494 147
285 436
121 298
397 490
233 272
366 490
232 433
493 102
301 394
356 409
108 196
354 287
204 394
123 40
1 359
218 342
119 215
440 5
228 303
337 20
420 96
124 147
373 196
161 350
260 129
41 106
60 78
15 182
209 463
489 142
368 180
148 381
287 266
389 411
103 212
230 246
273 139
210 30
441 487
241 184
271 344
407 17
24 73
159 343
331 448
45 198
134 303
215 18
104 174
458 442
36 431
231 203
411 210
7 23
89 469
22 323
382 381
393 106
465 390
324 337
185 483
427 267
447 118
14 381
412 253
429 186
135 96
128 272
155 337
32 161
488 77
416 52
386 412
410 118
482 217
422 42
344 132
446 371
149 498
335 487
29 482
481 7
44 66
125 428
477 371
17 456
55 474
163 212
2 266
313 394
475 318
332 248
264 174
114 396
132 8
56 66
171 201
259 464
392 106
222 312
492 367
462 467
181 298
219 64
352 102
147 155
217 389
326 220
432 473
97 244
270 178
5 143
384 102
190 70
81 464
154 147
315 287
362 487
90 70
220 199
79 292
274 64
283 267
374 68
497 196
165 498
351 107
454 497
473 5
110 303
139 282
184 19
405 246
383 38
64 303
466 73
10 4
166 127
452 106
444 140
417 494
461 465
333 179
170 39
425 18
449 179
33 180
329 425
116 197
251 127
245 212
371 318
357 178
188 120
146 381
175 254
92 412
156 435
211 56
153 140
236 182
246 444
150 40
59 479
224 386
238 124
54 321
207 23
130 250
198 160
479 101
195 150
347 303
380 105
84 29
426 180
428 68
160 243
498 291
247 350
193 311
499 4
39 54
68 18
402 73
177 104
258 266
491 64
364 426
408 118
37 434
9 359
294 303
490 335
348 422
436 109
197 65
483 95
338 464
350 4
309 4
16 186
205 150
277 435
101 240
113 184
496 7
42 163
182 112
469 103
96 198
46 91
229 112
157 193
323 157
330 211
206 114
406 150
439 302
401 109
486 29
450 208
82 40
276 70
201 169
400 106
200 181
99 159
395 153
192 59
237 212
34 498
191 386
86 180
358 26
250 386
67 303
334 41
325 272
35 344
69 60
284 282
487 363
8 318
78 241
438 102
300 61
480 67
453 97
30 86
234 107
263 392
85 23
109 386
282 290
112 172
158 70
445 483
115 5
378 312
65 298
255 426
381 292
476 132
173 30
57 497
106 357
31 107
421 257
484 167
199 5
281 333
257 112
355 422
457 466
58 18
27 382
434 103
474 109
91 335
265 148
75 18
167 359
288 273
143 24
213 479
3 477
314 112
485 327
394 95
133 56
23 24
227 32
266 220
327 45
423 243
196 433
304 227
346 464
468 473
471 235
202 96
478 412
296 464
98 106
312 464
321 83
349 64
456 95
256 39
297 165
172 86
403 405
74 174
107 479
127 229
353 106
431 159
100 106
340 106
52 1
359 318
375 483
372 264
216 467
180 2
448 389
464 126
235 40
459 394
208 209
361 318
470 210
72 174
225 315
11 172
261 271
467 256
145 20
388 335
419 41
186 142
319 167
43 26
302 182
495 179
