img020.jpg img054.jpg
209 132
61 360
41 167
463 275
424 31
161 371
452 317
485 0
230 321
442 90
17 64
433 16
257 187
200 303
495 371
270 0
274 120
212 167
276 321
415 109
384 52
218 314
368 32
69 120
239 314
112 323
20 317
473 159
329 323
489 120
135 298
497 390
208 480
46 221
387 60
390 437
427 352
419 90
14 120
237 103
153 294
65 321
75 120
188 164
149 120
169 486
394 178
300 54
311 290
467 456
480 445
155 234
410 18
105 262
25 314
330 52
363 150
377 159
443 18
187 333
308 255
315 132
77 82
483 109
51 309
407 472
8 222
43 444
285 65
194 300
204 445
39 328
98 108
137 342
235 94
445 187
199 171
123 411
108 220
441 109
168 486
256 113
207 435
482 199
249 282
31 82
222 68
236 265
498 167
216 487
185 314
369 460
2 265
229 468
357 217
259 170
313 394
6 224
477 369
418 448
471 477
475 120
82 321
339 488
140 303
306 456
490 468
21 82
224 445
191 120
221 221
138 303
148 82
378 481
260 146
298 34
1 474
107 321
242 120
147 314
165 33
323 32
381 48
40 191
253 472
287 190
3 112
376 347
383 143
292 254
461 28
297 183
281 93
458 356
93 233
405 271
289 335
301 336
115 140
70 474
190 423
396 289
310 234
397 490
78 423
129 441
460 321
395 178
96 328
272 96
258 402
472 409
465 161
491 92
13 160
47 489
417 405
435 42
54 349
365 140
130 203
37 131
320 410
428 45
206 16
481 418
333 117
414 55
421 31
436 71
30 82
279 402
338 34
205 342
449 170
255 52
192 187
264 254
350 102
392 245
160 374
374 336
55 486
422 53
178 242
284 29
385 177
170 132
413 169
66 238
439 494
425 46
28 279
186 130
348 29
243 282
302 445
349 496
63 493
180 275
228 93
121 342
217 146
166 246
248 95
492 82
213 283
346 328
151 445
464 110
316 134
49 370
176 334
189 187
59 337
462 293
81 82
303 433
335 184
328 89
195 321
254 460
372 22
84 271
386 362
470 88
283 217
85 183
134 155
145 131
388 430
159 3
238 48
74 242
181 341
214 298
157 186
164 51
252 314
184 314
211 32
352 244
337 410
142 337
345 32
379 60
305 309
499 104
42 373
76 191
487 110
319 196
393 337
299 454
454 440
62 456
245 45
133 254
201 184
146 449
89 434
132 191
265 498
321 315
317 372
288 402
429 244
34 96
351 24
474 480
420 181
72 57
325 254
356 127
9 498
95 321
119 112
446 271
64 233
136 93
307 130
331 447
122 394
493 347
494 288
125 323
219 59
468 165
451 490
370 458
29 9
183 353
23 411
97 207
412 82
266 187
179 96
437 255
50 405
154 158
406 61
35 445
5 93
87 239
11 272
172 204
280 0
38 472
18 217
318 482
484 238
193 118
269 250
167 198
304 276
353 300
444 267
197 195
24 94
215 276
152 444
162 155
27 136
48 265
67 1
104 61
177 397
94 32
175 133
225 283
332 124
343 455
440 312
457 48
111 96
400 198
10 233
314 96
53 328
402 183
476 187
373 372
198 242
128 51
144 315
241 234
408 323
117 445
327 130
488 336
411 403
52 187
156 223
448 322
143 412
171 481
227 245
80 388
371 308
244 482
247 323
380 429
453 491
100 305
355 218
334 314
32 4
296 141
110 246
250 402
251 161
268 395
375 491
275 272
295 410
336 286
44 57
486 381
367 401
233 291
173 446
220 398
432 323
342 316
16 408
106 203
344 232
496 464
150 233
246 370
361 451
86 9
103 371
271 44
459 435
423 13
341 344
273 420
294 173
382 59
447 451
174 83
293 372
120 429
354 342
391 321
33 48
223 161
113 57
68 436
139 428
234 401
267 341
196 423
203 259
83 71
324 59
277 42
404 91
398 169
362 305
399 302
118 171
182 323
4 337
366 314
15 323
231 426
71 254
92 252
278 2
456 492
99 335
438 491
45 366
7 194
101 300
409 378
450 84
286 180
322 71
312 420
340 234
58 388
158 45
389 140
263 398
358 231
431 396
479 308
114 96
141 371
403 198
469 282
22 85
73 43
91 485
79 314
88 82
116 319
124 273
262 45
127 82
282 113
466 262
26 136
291 489
126 329
0 318
455 84
401 191
359 89
478 71
430 299
202 321
347 178
210 328
19 70
60 278
57 253
364 323
90 266
232 56
163 5
36 184
56 253
360 200
240 71
102 271
12 285
309 101
326 48
434 466
109 318
290 238
131 48
416 213
261 439
426 112
226 398
