img024.jpg img027.jpg
55 205
100 117
499 156
68 87
212 197
121 426
75 426
86 335
217 314
87 253
225 175
427 267
194 276
327 426
149 194
314 110
475 453
169 323
187 49
253 175
172 272
103 113
74 381
454 136
95 128
160 192
185 87
159 165
19 366
424 175
129 171
82 70
35 224
180 190
206 468
266 122
310 145
450 383
33 468
467 87
211 496
69 87
242 456
336 175
290 272
34 133
332 117
79 214
407 253
97 46
50 494
139 15
419 23
112 178
484 21
263 84
163 256
477 431
406 81
67 469
30 87
402 383
470 221
138 451
123 469
382 163
202 380
318 166
394 260
218 383
158 332
383 133
320 16
404 443
177 383
153 95
156 236
241 101
93 136
18 473
498 13
344 48
298 66
434 475
439 453
335 244
374 363
274 451
379 171
462 294
10 294
167 214
386 197
186 443
496 208
213 262
432 117
90 151
259 149
271 47
341 163
171 456
277 60
312 487
102 229
249 198
106 492
210 23
84 197
232 36
240 417
345 91
451 50
66 480
307 335
303 100
422 311
104 413
4 276
257 377
420 280
265 276
264 92
449 260
132 174
294 100
397 90
444 197
92 149
178 171
353 81
105 325
471 489
174 175
479 431
267 383
352 171
463 234
54 229
323 133
58 201
252 218
152 262
465 35
370 396
276 49
61 472
228 235
46 383
224 207
57 326
416 313
237 15
60 133
162 271
220 335
246 17
272 4
355 51
32 483
495 475
226 332
248 351
63 109
134 381
306 236
445 337
262 92
377 236
11 451
127 175
418 84
371 10
12 260
166 363
343 121
486 367
179 326
363 262
154 0
261 31
356 94
480 383
118 201
126 405
239 95
53 411
114 262
283 106
285 46
175 333
453 260
20 382
173 380
5 136
130 492
326 220
337 50
493 179
25 469
296 92
302 276
56 197
410 171
16 133
392 120
77 454
372 224
136 207
476 276
485 468
221 9
281 258
380 417
17 323
409 186
81 363
487 151
7 313
278 413
447 54
436 294
417 49
289 189
145 79
122 270
279 106
388 249
0 420
321 206
369 110
39 50
119 262
381 143
91 171
48 51
216 175
376 421
135 100
203 487
435 359
183 289
200 458
357 337
366 276
255 197
373 171
193 47
287 275
3 95
222 441
73 468
96 435
189 2
423 287
70 324
365 62
346 487
442 104
43 413
184 47
401 477
425 100
243 42
37 381
375 197
358 387
295 260
165 197
8 220
110 253
113 68
137 92
347 142
472 175
466 477
143 20
131 487
85 491
354 175
21 100
83 332
452 19
313 383
244 272
59 491
94 424
146 38
440 323
258 440
260 351
199 174
215 487
360 21
229 224
473 23
245 163
78 168
147 184
161 320
28 236
72 175
317 118
396 383
342 100
334 52
405 115
76 203
164 494
9 262
192 343
208 413
101 331
330 260
148 335
474 197
13 458
443 189
403 408
308 363
412 363
469 383
329 18
181 487
430 118
29 421
196 49
297 254
364 97
108 136
150 499
144 120
214 120
207 384
429 89
117 408
389 124
36 62
350 80
400 62
481 337
497 434
268 244
230 95
393 329
254 443
142 272
227 428
361 52
151 408
41 421
491 335
428 367
128 192
415 86
107 112
231 60
316 180
155 190
120 313
26 362
157 250
456 487
64 50
6 35
305 47
22 361
62 408
195 135
441 332
141 353
198 409
490 487
23 204
459 239
293 112
482 55
328 23
115 470
238 257
140 394
71 383
47 405
284 50
99 23
384 288
15 499
168 468
359 454
309 181
233 144
460 180
483 383
368 175
300 487
191 459
421 487
247 168
413 197
457 201
65 234
197 121
351 411
27 33
251 171
468 208
88 18
299 159
494 106
236 487
340 293
182 239
478 331
44 496
188 393
170 50
250 491
426 451
367 486
349 265
176 138
464 88
98 260
315 244
109 413
273 337
80 234
14 62
438 195
390 397
338 215
488 487
458 335
38 92
219 313
291 95
42 244
234 333
414 62
235 176
319 367
209 258
49 321
492 392
280 224
292 52
31 486
311 383
282 499
286 413
288 347
433 195
89 50
399 415
325 339
489 244
116 202
395 339
111 220
201 383
124 313
301 90
378 130
411 400
256 448
275 163
387 106
133 197
455 300
190 361
391 353
52 393
333 326
461 427
437 220
322 313
125 387
431 96
398 133
204 482
1 293
339 163
331 106
324 198
448 269
51 175
408 20
362 175
270 234
304 119
40 199
223 95
385 204
205 499
348 38
45 313
446 90
269 487
24 6
2 19
