img021.jpg img047.jpg
78 19
411 216
149 19
370 216
147 216
238 91
90 217
397 300
448 381
290 130
444 344
351 448
243 449
326 83
246 83
190 417
423 303
286 99
434 344
276 150
473 22
491 34
359 130
241 99
132 15
188 159
172 343
267 300
247 29
334 370
480 300
427 303
451 300
55 196
447 303
128 92
487 1
493 217
374 217
245 300
390 99
312 50
43 289
317 448
456 305
484 300
404 217
415 479
71 465
134 29
318 479
115 340
306 381
362 381
494 239
373 182
10 289
40 305
117 201
365 303
103 182
259 280
410 381
105 23
106 337
418 479
414 370
223 324
225 164
69 201
337 479
73 479
498 246
342 1
263 170
293 388
458 463
0 208
22 10
492 282
124 35
392 367
204 9
220 12
280 480
417 164
477 87
294 303
460 378
208 337
222 282
156 182
461 300
446 303
488 396
182 10
380 436
277 1
412 147
442 473
302 174
450 165
376 282
457 54
126 453
229 381
213 181
269 370
489 22
244 459
346 83
119 388
86 155
144 381
146 337
378 56
438 282
426 217
5 83
91 417
382 25
9 347
235 300
440 147
61 198
305 381
203 381
212 333
50 361
329 377
56 343
173 23
196 155
339 479
320 87
135 129
82 381
195 182
321 303
1 186
49 308
236 378
341 150
21 317
112 467
391 477
454 131
379 378
497 57
140 280
231 95
433 34
485 346
319 327
324 402
167 304
352 449
452 479
178 68
181 333
416 87
428 238
20 300
377 68
25 10
449 261
67 280
232 397
289 326
327 16
347 71
84 190
168 147
462 237
388 390
201 235
251 159
332 486
77 373
79 224
234 226
495 64
384 456
478 320
169 225
102 182
252 159
459 361
59 177
35 289
122 337
270 421
322 346
441 237
139 220
348 159
356 407
474 479
389 492
161 304
28 246
291 303
355 94
408 296
221 109
65 19
298 155
209 348
250 293
224 19
363 29
108 408
307 85
420 473
284 217
76 431
127 182
152 333
253 303
266 150
345 10
255 215
281 10
482 41
354 213
154 295
465 305
258 34
113 483
469 22
101 396
309 132
479 381
357 217
499 266
228 200
104 211
285 165
393 318
394 134
275 479
239 498
85 298
118 334
87 485
272 154
283 483
336 136
179 333
160 250
233 303
443 296
366 327
51 373
368 158
476 467
200 152
53 83
218 375
17 477
111 479
81 449
109 147
282 5
361 206
467 479
54 465
121 52
145 150
16 457
325 326
419 448
400 381
184 109
455 102
24 139
409 22
425 282
207 422
375 103
439 279
401 377
189 333
381 40
387 422
165 475
216 4
292 78
481 261
193 120
372 165
407 215
159 181
185 38
413 416
330 235
316 426
340 409
486 205
197 120
46 196
214 447
295 235
338 155
123 412
422 87
445 22
18 360
97 139
303 150
403 158
44 337
435 180
131 421
174 226
150 214
453 52
27 34
248 290
475 266
331 30
29 407
120 388
176 154
436 172
402 33
72 438
240 290
45 182
205 52
301 250
396 40
206 426
358 6
328 191
158 81
23 179
260 388
36 218
257 230
430 38
63 107
186 196
472 212
58 492
80 436
350 139
2 128
261 106
262 96
199 399
364 438
265 463
256 182
308 185
100 127
88 74
264 145
217 285
344 148
490 237
271 41
335 422
353 264
14 318
8 175
429 426
93 291
148 85
333 196
15 220
424 36
421 342
68 109
395 219
360 318
38 449
405 226
116 155
34 377
153 158
483 80
171 169
399 272
70 111
437 293
7 378
202 481
349 300
52 172
155 220
468 164
367 76
39 62
343 312
26 239
96 109
66 415
157 181
31 430
74 70
242 296
136 479
141 265
226 464
57 262
3 303
30 12
170 164
98 437
89 388
310 120
129 259
177 478
94 448
386 148
249 154
287 281
48 304
83 346
32 440
210 59
64 475
297 381
371 383
62 409
183 129
466 426
33 236
107 341
198 452
296 304
398 195
274 279
143 308
175 391
164 95
288 456
125 164
180 388
279 290
138 57
187 23
273 78
163 454
166 249
406 373
463 480
37 404
47 498
13 85
385 460
19 119
299 73
315 148
151 152
162 197
142 479
137 320
311 406
470 158
75 68
237 261
304 419
313 27
369 26
431 422
12 469
95 27
192 152
191 25
110 436
230 16
432 145
215 352
300 426
464 480
60 132
496 235
194 386
99 140
211 102
4 375
471 52
41 106
6 170
42 25
114 389
278 493
383 469
254 8
227 454
92 222
314 301
268 12
130 85
11 186
219 108
323 182
133 405
