img005.jpg img054.jpg
406 223
55 7
62 164
470 483
66 6
53 8
298 376
52 8
5 58
497 478
41 47
36 169
42 60
74 25
105 8
276 0
92 6
58 13
361 376
56 69
169 153
35 165
48 60
54 165
393 391
137 219
352 0
179 210
45 53
83 7
69 21
379 410
327 209
43 13
151 220
80 249
101 46
434 391
29 25
135 220
46 165
72 164
440 223
75 25
40 220
495 484
95 134
266 222
395 478
27 148
269 209
181 220
372 383
33 220
168 210
89 22
3 48
76 8
85 65
37 7
39 34
91 86
141 78
285 337
489 491
351 416
172 174
380 367
425 394
167 250
120 141
458 454
79 220
50 150
127 181
309 364
409 416
210 144
44 40
11 124
34 220
182 45
195 220
51 13
100 41
153 220
186 219
104 8
464 438
209 219
122 243
432 424
343 347
30 371
136 137
103 13
290 363
60 35
21 7
421 410
160 220
417 398
303 281
158 220
487 493
278 309
384 358
31 134
132 132
73 164
390 223
463 466
280 311
28 40
413 82
133 429
338 478
324 321
494 472
123 9
77 234
155 220
111 311
201 281
143 219
161 220
325 223
32 40
159 220
213 117
147 53
483 435
427 429
455 223
420 461
319 358
411 110
488 448
81 166
236 230
38 127
439 448
63 243
119 220
110 308
13 360
232 181
456 65
261 143
191 203
306 209
423 451
218 234
279 272
401 410
107 29
148 40
283 478
193 221
447 392
333 411
337 376
99 187
332 448
288 416
243 200
238 446
260 55
392 340
157 86
373 394
326 317
217 95
469 413
317 423
22 370
96 412
125 28
247 242
441 340
462 469
305 217
199 366
349 486
88 349
230 155
315 257
344 346
428 333
363 142
301 360
429 213
424 466
442 435
286 314
471 449
493 298
175 2
164 283
200 220
339 496
479 181
430 301
93 138
9 141
6 314
139 152
402 455
271 320
273 294
162 96
231 248
115 55
422 65
486 301
472 259
116 190
445 396
467 445
318 72
360 350
454 120
481 392
185 228
277 96
388 277
345 336
221 364
336 333
68 441
460 441
150 59
192 484
376 492
187 474
206 220
416 149
257 65
265 352
126 96
71 445
128 468
284 94
459 471
248 228
398 140
67 378
385 242
178 263
412 207
208 243
397 371
448 420
47 191
240 269
227 1
449 349
498 48
146 155
272 365
293 215
82 212
375 234
156 220
173 290
461 434
177 272
437 113
215 306
331 218
453 117
84 132
311 376
367 259
369 422
8 55
61 190
435 140
205 146
340 218
184 1
171 233
245 223
382 243
321 468
251 455
134 251
4 374
14 233
443 217
262 146
268 273
229 113
436 196
474 221
226 262
219 308
452 410
207 430
216 445
485 480
1 306
59 334
491 373
228 191
300 466
281 374
197 146
24 45
419 300
145 308
391 391
438 72
370 408
252 445
154 157
468 222
404 472
196 2
253 474
418 274
113 445
478 379
291 44
256 472
387 402
26 468
254 98
307 288
90 328
225 321
407 317
7 82
426 311
431 46
476 374
313 48
282 155
450 470
152 233
362 262
287 118
342 186
222 369
358 371
322 494
270 279
330 389
400 349
347 234
237 325
355 341
297 54
482 354
223 96
19 46
394 216
295 481
264 24
70 326
328 176
190 96
289 50
410 296
108 261
267 437
389 131
465 472
473 401
12 441
496 217
359 464
299 263
109 314
444 443
138 203
235 28
354 445
165 112
250 198
480 345
121 433
255 234
23 213
246 22
174 326
304 64
118 325
180 187
98 96
490 184
97 289
292 48
371 110
353 48
320 321
183 56
166 238
316 433
466 5
202 218
140 420
64 422
188 317
249 331
294 455
78 324
142 9
263 314
350 372
131 82
414 413
415 187
124 420
117 378
405 433
86 82
234 304
163 289
203 113
357 178
492 0
302 74
323 342
377 82
383 341
310 65
329 445
17 110
214 270
224 133
334 390
10 318
18 343
308 292
233 470
106 215
366 244
399 376
296 374
274 460
211 152
0 421
396 415
433 300
198 421
57 289
244 347
364 292
451 341
94 179
176 182
204 287
403 374
348 445
341 253
114 152
112 407
212 319
149 218
275 315
2 3
259 366
16 328
239 213
446 196
242 302
314 48
20 93
87 101
499 409
65 202
346 399
15 283
170 445
374 56
381 29
378 487
189 42
477 300
194 425
368 344
408 103
25 359
335 234
129 346
386 309
475 420
258 466
356 353
365 32
49 294
130 191
144 301
484 497
220 93
457 399
241 33
102 442
312 369
