img000.jpg img075.jpg
79 21
185 146
138 11
69 196
235 53
236 53
371 282
193 53
221 21
162 196
166 21
191 53
273 3
187 29
84 168
155 208
186 29
465 177
499 452
14 168
28 21
196 436
411 360
211 29
425 78
20 21
384 485
99 21
86 136
202 282
209 29
158 128
246 187
78 196
85 53
167 21
195 168
87 140
183 349
338 110
108 7
286 187
252 201
324 191
77 208
208 270
218 11
409 363
442 293
121 436
4 71
239 254
194 54
146 264
284 12
346 363
98 15
12 208
262 436
310 201
5 41
74 412
232 353
6 185
495 363
40 343
463 310
448 464
131 387
361 12
124 23
219 61
264 411
268 293
301 110
395 177
342 465
469 17
170 27
280 184
165 403
46 387
281 282
49 293
302 394
1 3
190 168
311 401
67 11
104 313
179 349
204 208
317 430
483 360
347 224
439 360
184 21
75 103
380 451
136 41
54 361
81 61
498 314
251 271
26 26
476 310
242 116
330 451
240 387
489 122
134 41
293 238
399 478
80 11
201 148
393 464
47 293
2 413
64 349
216 31
303 26
413 31
388 315
259 165
222 358
390 293
318 165
400 50
45 298
493 298
35 436
114 143
102 466
345 313
441 413
491 405
419 470
444 465
135 31
168 291
365 110
358 273
479 435
106 355
486 451
117 464
116 27
105 467
141 90
364 31
50 314
25 41
387 454
433 186
122 192
336 328
344 356
321 260
415 130
492 493
128 313
161 397
113 181
217 314
407 273
23 219
299 273
30 414
376 340
24 50
63 349
309 435
401 192
39 317
320 162
60 431
72 341
238 314
245 297
92 23
290 170
61 103
103 182
237 360
378 424
383 260
350 463
150 314
402 392
130 498
440 416
43 472
438 269
44 129
118 493
377 368
329 65
18 11
420 406
398 344
416 12
93 361
244 47
373 78
375 283
53 49
478 77
48 472
362 252
260 27
353 10
405 431
449 395
458 101
482 386
454 499
149 247
339 65
199 112
497 92
285 441
296 457
203 291
65 410
125 480
58 406
29 192
59 263
71 214
312 201
88 56
144 49
231 160
488 307
325 390
126 298
340 17
351 86
480 209
42 103
468 336
496 298
250 271
156 114
34 195
360 50
112 149
307 259
169 394
210 383
133 436
110 18
68 103
248 410
404 410
180 273
289 369
494 322
472 162
431 43
220 155
287 175
100 209
306 341
111 88
295 231
154 451
379 2
294 413
304 65
334 324
474 260
38 358
177 124
435 288
73 268
241 314
258 56
57 342
188 103
228 95
370 143
66 410
192 115
56 248
263 337
323 424
197 52
288 5
426 349
452 455
481 449
96 311
436 313
381 184
484 433
467 64
470 186
90 53
178 270
119 419
348 271
412 135
477 310
437 452
332 257
343 50
316 86
408 209
37 11
471 79
354 472
271 314
333 201
423 284
410 314
418 314
352 412
447 371
17 205
427 353
457 379
230 298
475 44
91 143
41 333
3 65
367 288
464 366
283 28
392 78
95 95
107 27
261 162
386 291
461 230
115 215
83 192
434 285
356 411
76 171
19 467
227 358
417 384
233 114
270 430
337 192
16 233
277 212
389 73
403 484
406 23
327 18
490 366
9 38
265 483
424 408
243 298
132 11
372 109
157 366
172 11
335 131
366 239
456 408
225 487
163 18
160 426
368 341
234 314
21 326
315 31
189 103
51 419
305 73
164 85
292 305
443 219
247 149
462 451
0 459
224 27
422 381
152 359
207 166
359 77
300 260
455 289
397 478
223 251
314 205
279 392
319 240
32 120
429 436
369 101
328 26
255 406
382 263
7 80
89 313
143 161
414 239
70 48
374 363
282 478
94 454
257 411
272 185
385 491
27 347
159 56
322 286
473 182
15 199
326 108
13 362
485 236
123 436
33 483
52 304
212 205
446 64
174 475
331 201
31 258
391 408
145 445
291 270
298 44
396 380
363 459
147 332
142 17
127 86
215 164
176 208
206 412
226 370
349 10
229 154
10 489
97 131
459 125
214 370
151 471
8 187
148 430
182 137
267 215
297 30
487 377
249 460
428 319
450 47
120 305
82 334
171 103
175 330
275 19
181 311
432 181
173 179
198 341
139 167
253 286
466 476
266 260
308 431
22 346
453 367
36 455
357 415
205 44
11 401
276 312
313 428
140 433
153 449
137 320
421 172
101 89
55 421
460 449
341 42
451 181
109 306
62 202
430 125
129 116
355 370
254 199
256 388
200 114
274 198
269 393
394 312
213 108
278 430
445 261
