img014.jpg img027.jpg
438 409
134 373
461 236
391 276
136 87
355 236
454 175
254 221
452 42
415 236
48 13
402 409
215 357
368 175
110 197
156 175
488 37
193 220
142 236
106 395
277 120
84 415
333 197
238 453
300 57
195 221
194 175
249 434
422 42
284 175
366 233
212 69
356 388
316 175
25 100
319 26
202 175
348 32
420 417
359 175
95 467
498 451
204 42
250 294
394 59
151 73
276 149
18 253
75 190
260 87
301 383
354 53
493 163
58 220
425 197
325 416
101 190
324 169
471 485
62 73
397 469
299 233
445 23
22 359
395 13
288 171
382 82
267 13
435 47
103 395
255 165
406 276
269 353
266 330
17 363
182 1
157 359
332 165
40 111
290 363
135 417
146 2
315 187
448 165
148 26
180 383
365 175
478 276
433 483
481 141
476 106
289 236
99 292
307 386
3 171
126 285
16 13
111 383
442 50
499 49
329 197
298 1
52 331
392 96
129 197
279 148
306 398
143 112
358 249
447 480
326 276
104 313
227 363
462 74
263 479
345 149
31 457
444 242
374 175
26 435
51 458
77 55
413 165
334 358
367 487
200 175
432 299
211 428
213 133
141 341
437 197
131 428
139 178
417 244
482 96
82 145
480 275
78 56
130 39
427 133
379 276
465 49
387 286
173 197
217 388
331 171
168 473
393 448
441 39
470 197
253 197
56 464
12 377
453 383
24 450
65 413
205 276
60 57
222 427
418 117
273 197
458 382
304 175
424 195
449 96
137 180
237 96
179 162
169 101
450 60
21 40
188 457
343 100
475 163
6 323
154 331
170 436
61 404
160 175
73 335
423 50
272 487
385 220
410 197
2 226
370 410
42 494
89 187
113 179
244 361
486 165
191 117
256 494
23 2
36 101
64 391
138 51
209 175
7 421
261 343
72 253
412 206
144 20
239 160
88 175
158 451
4 346
164 358
357 22
264 91
85 288
340 236
398 361
105 335
259 316
174 305
187 492
231 130
466 487
293 276
380 23
339 236
241 397
225 465
376 1
39 351
109 242
377 413
33 2
463 76
400 274
32 170
128 92
474 191
327 175
235 369
309 142
220 197
341 56
457 106
233 149
381 239
97 260
161 383
199 100
321 35
203 468
335 408
76 62
336 311
313 292
468 195
283 330
152 175
408 175
140 87
401 90
29 149
280 369
115 477
119 186
257 499
472 169
102 377
67 175
210 163
226 120
362 33
369 196
318 454
487 313
125 2
20 204
69 467
479 436
171 480
86 383
107 95
344 335
347 351
240 197
388 265
34 332
91 351
268 298
371 171
455 75
59 133
352 275
121 335
421 95
1 470
50 215
252 175
251 95
265 250
349 236
100 107
190 95
147 400
428 92
386 102
485 167
337 91
229 149
245 434
285 52
197 187
45 341
216 376
224 364
363 285
342 258
159 95
242 159
297 144
81 457
218 340
248 420
262 466
178 388
118 383
184 307
491 313
473 267
243 95
489 182
236 472
53 448
66 220
90 483
311 362
346 294
14 323
127 176
201 434
258 167
96 498
230 220
247 175
323 197
409 347
165 337
383 434
186 22
133 175
175 13
47 284
443 70
270 19
54 95
396 175
108 163
291 2
384 96
281 197
292 144
405 50
497 88
70 153
404 207
429 220
28 27
399 230
440 363
49 114
37 95
274 487
43 333
456 158
79 487
375 207
13 388
483 207
120 220
74 220
234 485
496 432
153 191
10 285
132 141
296 191
192 494
303 208
451 79
246 230
338 35
214 361
390 25
477 415
322 149
123 19
350 2
407 100
305 490
167 131
271 220
124 230
63 383
426 286
185 141
27 364
112 319
228 47
294 11
434 219
172 493
80 332
436 299
278 112
15 485
57 2
492 197
163 421
302 371
314 47
373 383
330 244
93 230
44 423
361 384
403 485
411 294
149 305
181 364
308 360
364 425
155 197
122 307
87 19
295 364
166 436
38 394
30 494
55 56
282 60
490 60
114 182
320 400
353 319
162 384
431 387
183 383
351 96
0 236
360 288
494 213
46 242
150 187
439 487
287 317
275 383
372 294
117 6
98 276
467 95
378 208
68 383
430 195
11 181
312 35
464 159
8 499
460 72
469 289
71 458
317 102
416 62
35 166
196 32
5 470
207 175
459 249
145 133
177 123
419 87
9 107
116 451
286 245
176 368
41 162
208 499
495 138
223 75
232 343
19 450
414 335
221 97
328 158
206 50
219 247
310 149
189 432
83 19
198 182
94 487
92 332
389 335
484 49
446 240
