img016.jpg img034.jpg
90 397
102 347
354 379
483 441
454 441
404 439
241 397
349 319
218 323
453 110
278 165
445 368
1 304
282 319
485 166
159 333
49 347
402 459
62 391
24 17
93 397
10 91
171 97
287 290
75 143
101 459
193 397
222 250
198 242
233 435
303 455
428 441
424 17
16 321
231 361
446 422
378 469
321 255
359 452
151 400
139 391
320 388
289 459
407 491
85 17
296 110
214 467
362 232
264 380
160 184
486 433
490 347
130 441
42 250
7 472
146 385
410 321
291 321
50 398
491 459
455 166
405 183
439 408
178 375
186 202
221 459
251 415
344 469
35 400
476 3
46 32
235 492
356 253
298 397
40 385
302 89
124 399
61 298
138 142
493 304
135 463
209 361
393 258
148 305
456 150
19 354
474 58
211 311
310 409
154 377
333 184
343 391
38 333
149 347
163 178
183 16
436 272
41 404
285 22
352 110
14 242
195 22
441 459
81 435
147 478
127 380
365 356
216 319
342 319
386 375
266 368
274 374
318 142
203 409
119 184
331 425
409 379
421 25
252 347
180 435
239 31
237 385
450 197
472 387
18 394
68 385
459 363
79 402
353 448
389 349
470 375
375 264
360 220
20 331
188 285
338 306
396 368
58 178
123 97
299 347
327 132
484 489
88 40
430 130
128 362
27 347
271 178
242 321
489 491
292 174
499 468
117 369
29 255
99 253
437 98
373 347
440 452
3 359
153 459
473 467
295 319
120 347
190 397
438 327
17 416
165 480
262 193
308 248
337 323
31 499
335 267
465 488
96 291
210 319
311 400
325 354
66 480
166 319
357 331
412 113
297 391
234 488
351 325
25 40
156 333
432 491
78 334
32 274
114 30
388 400
142 62
406 379
206 231
488 246
111 354
492 385
70 493
92 347
272 309
447 294
143 398
275 397
254 105
400 178
487 376
140 215
324 405
482 441
496 458
185 489
449 489
136 385
379 347
54 184
86 80
279 408
94 338
116 355
248 20
442 385
301 492
347 98
213 0
134 85
286 347
59 49
83 83
232 492
387 408
420 451
174 78
435 459
217 397
398 354
382 142
429 272
106 325
309 242
497 66
55 4
458 458
39 234
346 186
433 226
176 253
283 178
368 3
238 299
392 467
256 398
243 400
131 330
394 144
201 246
255 491
257 272
181 304
328 397
480 399
370 287
109 306
411 453
313 127
380 174
277 272
47 397
341 473
460 75
100 349
152 98
479 493
361 298
336 357
355 368
26 103
2 423
466 84
5 84
204 346
244 354
468 461
334 344
417 253
269 0
173 157
294 77
261 334
247 256
326 413
367 379
98 239
145 258
263 225
112 62
220 371
332 308
71 258
419 234
207 333
76 142
315 372
444 461
452 291
91 254
137 472
281 320
434 433
477 398
15 368
219 234
105 347
169 368
364 491
245 408
276 333
323 77
462 483
363 254
177 306
267 325
461 76
126 445
443 474
469 197
416 150
224 292
167 371
4 373
448 379
226 457
427 287
270 35
0 150
113 463
172 323
121 422
415 111
104 236
158 499
249 401
97 110
197 421
202 231
67 28
164 258
225 9
319 66
13 25
122 185
9 314
280 463
366 453
426 427
212 47
205 298
184 288
187 284
322 51
369 49
423 91
74 498
385 367
288 368
12 246
223 100
268 309
418 57
36 54
494 298
240 333
290 311
43 323
358 224
397 298
457 354
307 234
34 397
350 278
250 272
372 366
157 400
8 443
191 201
107 390
150 473
422 488
305 32
317 386
132 451
293 467
413 402
401 23
77 54
115 90
425 102
87 202
168 375
399 493
30 224
161 0
348 165
471 430
273 370
230 440
304 264
259 393
403 347
51 77
64 402
374 304
414 49
408 488
103 497
84 435
215 378
345 62
6 385
253 424
306 433
451 246
481 459
340 174
22 103
129 131
63 225
60 437
371 469
57 100
141 289
200 295
284 362
329 445
144 165
11 83
376 405
45 499
258 456
475 383
300 394
246 226
381 381
236 64
498 153
260 215
316 497
82 347
108 58
182 91
118 447
28 493
339 376
69 273
44 92
56 258
431 322
52 346
196 390
33 333
377 281
21 326
227 268
265 307
80 439
133 53
395 171
312 365
125 298
383 463
391 437
467 11
95 260
155 430
330 358
495 179
72 274
73 203
48 361
478 445
384 57
110 461
189 295
53 480
192 354
208 242
314 408
464 459
162 319
194 346
65 271
229 375
228 366
179 327
463 183
175 347
199 482
89 268
23 397
390 77
170 231
37 67
