img013.jpg img020.jpg
202 151
69 204
136 204
149 485
81 485
297 230
397 161
253 200
240 485
199 47
162 389
366 310
178 200
470 157
91 485
130 88
443 289
185 427
340 39
73 119
413 164
318 141
352 498
307 151
421 485
96 452
262 274
291 270
203 498
460 302
273 231
156 485
95 310
316 285
278 447
411 151
112 327
482 151
177 153
171 70
362 231
179 407
3 208
206 399
123 169
410 407
472 289
305 462
197 39
343 485
419 61
296 10
36 311
62 151
79 168
281 235
110 428
407 332
164 492
43 475
109 489
344 221
226 289
198 495
172 77
34 484
208 270
279 418
295 321
445 151
205 200
227 255
139 248
234 88
111 138
188 106
420 191
325 302
458 270
450 436
382 249
161 285
337 208
49 248
89 207
373 353
439 151
233 39
377 61
80 310
256 228
351 104
66 187
150 499
225 39
252 337
261 151
441 35
375 474
391 337
25 189
249 213
114 234
94 137
92 404
105 135
54 104
207 270
368 263
495 285
427 18
200 282
323 31
349 46
4 129
55 420
101 257
313 187
201 302
23 289
335 187
255 332
301 194
9 41
369 321
82 136
484 209
155 274
51 208
287 270
342 487
499 120
26 186
120 340
44 392
294 8
358 151
285 447
274 382
392 123
334 471
222 187
189 77
241 393
15 489
452 161
361 449
271 191
104 76
288 107
29 154
58 344
175 456
304 312
251 447
268 427
245 447
122 207
476 218
138 488
437 145
487 76
192 480
405 289
33 445
61 117
465 470
409 283
300 11
211 63
231 17
35 255
90 305
228 144
247 68
235 253
393 327
39 460
67 285
170 460
317 447
438 50
158 200
312 321
448 301
18 401
367 378
401 110
146 70
214 30
134 341
319 204
173 111
204 365
359 137
248 251
145 330
12 151
332 212
467 171
59 325
195 407
311 280
140 253
383 289
398 213
100 70
299 151
97 347
232 470
217 458
238 84
423 332
309 175
303 303
14 341
38 491
116 87
457 130
71 480
86 167
107 421
469 360
127 289
221 89
431 440
1 471
98 335
113 364
17 157
387 482
0 39
41 311
115 70
459 11
117 447
350 43
131 499
48 47
193 308
264 78
428 230
57 305
402 270
121 427
229 18
388 442
432 457
280 47
488 437
8 136
70 117
381 310
133 78
475 5
292 18
63 262
315 450
385 236
412 313
5 400
154 157
442 308
40 336
152 89
259 447
336 498
72 185
324 378
399 224
327 3
37 355
384 332
258 230
27 217
215 106
400 300
83 253
126 282
474 1
277 10
394 429
16 357
74 499
422 94
196 459
485 485
144 497
230 345
356 457
157 238
266 460
331 453
463 407
243 87
265 104
148 489
418 474
135 270
84 40
213 87
306 389
348 136
186 234
322 212
167 499
220 382
328 171
60 75
376 37
430 229
354 309
254 1
492 167
93 137
102 382
444 212
129 489
372 414
461 396
151 199
494 212
176 341
223 200
284 298
497 447
498 120
456 469
174 289
426 146
473 22
483 135
142 447
447 407
293 491
477 112
42 475
417 348
77 151
408 290
338 278
314 474
22 472
13 340
87 50
308 213
386 458
395 37
125 112
216 311
415 361
471 339
357 133
371 5
462 474
481 135
78 126
224 393
236 458
453 272
31 390
219 215
320 197
347 310
64 411
153 259
108 365
257 319
276 155
466 463
141 489
237 193
50 365
390 228
424 336
275 219
414 3
56 194
491 489
182 47
363 139
239 171
272 70
396 461
212 17
355 10
434 357
143 9
147 333
118 427
190 249
339 184
345 212
11 201
85 151
468 444
302 494
32 455
124 404
333 16
346 381
360 253
24 422
290 3
169 291
298 212
480 27
75 321
454 74
404 124
446 299
2 62
30 219
128 401
341 280
28 289
20 272
270 111
21 234
379 486
194 83
88 5
103 349
289 485
263 375
374 271
486 484
187 80
250 446
406 132
478 297
269 205
267 341
286 11
165 95
52 28
53 129
429 99
330 87
435 160
65 207
283 481
321 17
380 11
451 311
106 401
7 135
47 272
455 229
416 390
184 437
353 169
163 62
260 395
489 236
181 6
378 499
479 489
209 403
210 247
46 285
68 359
119 403
436 378
218 120
433 230
403 399
329 324
160 169
45 295
364 104
166 167
6 365
449 107
425 333
246 303
440 129
282 264
310 390
159 47
326 342
10 417
365 370
464 289
493 485
242 358
180 83
76 474
496 489
244 362
191 427
99 259
490 167
370 437
137 24
19 24
183 326
389 5
132 380
168 175
