img028.jpg img031.jpg
348 421
455 307
326 339
402 313
121 332
31 308
4 114
155 308
141 339
281 373
246 446
36 39
137 45
386 215
89 339
224 215
446 421
449 339
355 250
157 240
434 352
278 160
260 232
240 30
55 20
174 30
76 389
228 238
237 185
276 471
248 53
389 352
169 82
211 332
485 1
124 84
392 227
390 392
462 88
195 413
340 320
255 45
282 185
352 34
66 101
332 255
371 215
487 339
472 396
404 421
95 23
320 467
32 74
408 421
443 185
60 63
357 362
323 389
168 343
333 53
14 56
293 256
322 223
90 441
347 169
439 45
180 374
8 15
263 191
460 338
475 363
380 478
219 62
62 240
309 81
463 278
432 119
342 467
158 39
330 149
423 339
270 23
234 79
311 119
394 486
397 81
284 144
465 46
436 349
251 215
412 398
496 18
385 53
77 119
183 136
213 37
1 437
217 488
286 89
285 267
474 187
83 240
476 136
494 242
209 295
254 186
277 379
261 191
259 7
376 454
327 395
381 263
78 264
356 119
478 417
29 487
447 392
495 117
405 45
182 222
97 297
190 470
319 27
99 395
379 56
80 392
289 276
231 156
321 276
127 443
167 410
115 428
491 446
37 425
291 223
64 409
467 396
360 81
292 488
304 215
411 82
6 477
38 5
339 159
410 67
268 303
215 471
267 288
245 432
473 349
351 397
57 353
156 148
222 250
143 399
134 45
329 140
13 302
395 271
481 392
69 240
318 374
2 403
445 487
262 447
433 421
421 338
241 297
26 335
17 470
73 156
497 67
400 159
353 202
417 471
138 271
200 197
249 268
354 174
188 297
9 46
86 81
131 214
344 321
42 68
388 267
334 131
145 46
193 11
229 263
136 320
53 181
358 30
370 330
287 97
489 478
493 214
498 135
15 27
454 301
227 189
33 47
346 70
81 357
456 398
207 446
7 280
367 151
20 222
23 310
85 84
130 491
492 164
208 263
441 467
98 59
430 38
116 456
103 276
205 135
403 15
451 373
160 165
242 205
396 157
407 109
94 326
196 92
297 477
0 462
82 79
186 66
452 77
264 441
52 399
84 493
107 81
315 413
338 313
393 191
70 105
63 334
181 334
499 363
87 255
375 89
477 195
221 191
132 114
171 59
201 191
302 110
459 191
126 89
374 58
490 88
425 310
59 181
105 443
457 428
257 185
68 372
258 45
198 122
113 346
133 138
54 240
429 466
324 488
368 276
185 471
369 156
35 443
383 375
210 455
50 53
426 213
453 297
101 391
458 9
243 138
373 330
40 497
162 147
307 363
444 67
280 174
345 263
92 122
151 267
239 101
442 62
343 479
431 360
299 263
19 52
197 13
67 391
16 216
479 296
471 162
274 118
470 240
108 3
424 15
313 66
236 15
303 134
341 312
88 74
111 185
3 372
163 379
483 263
273 448
294 330
464 495
203 40
159 262
349 269
418 309
310 412
166 205
486 68
148 54
172 465
212 215
437 9
39 149
123 174
363 144
161 73
435 243
482 42
45 302
317 239
468 435
109 116
247 68
377 472
301 206
91 299
24 142
150 85
139 240
71 181
406 297
22 298
409 380
164 108
382 15
187 149
114 232
153 82
350 463
469 45
28 360
233 373
235 200
414 296
129 303
253 15
12 211
216 300
391 224
378 397
480 435
194 181
290 143
305 221
335 134
65 466
271 450
79 159
295 1
328 187
415 135
44 420
72 340
177 178
184 37
175 214
220 101
102 385
365 184
288 206
120 69
265 185
56 297
225 222
419 175
448 85
128 19
170 401
18 356
21 181
300 435
325 105
364 448
214 389
401 458
191 226
387 329
384 75
398 70
30 350
11 458
366 372
142 101
74 144
48 178
58 491
144 487
316 445
46 17
450 126
269 469
336 206
422 173
49 246
140 90
362 233
420 431
178 107
122 199
226 97
202 302
244 299
250 366
428 214
125 174
440 466
119 437
135 178
173 302
461 469
275 377
238 435
5 259
75 345
266 197
96 496
27 103
110 49
252 78
361 83
232 435
372 200
206 190
93 399
179 159
10 99
43 411
176 454
399 240
61 360
484 94
283 143
51 25
146 393
427 212
296 493
104 372
256 306
466 100
488 376
117 297
154 265
204 188
218 296
112 119
118 373
189 66
298 117
47 175
192 425
165 487
279 155
25 257
34 322
359 367
41 81
223 303
147 461
312 310
308 362
314 80
416 102
152 44
230 242
272 0
199 318
413 322
100 464
106 245
149 168
337 64
331 84
306 466
438 366
