img033.jpg img050.jpg
429 30
497 202
176 55
23 163
467 401
156 397
173 467
342 174
267 401
401 406
383 33
371 332
492 362
480 169
417 70
350 107
435 467
264 456
244 374
442 412
6 291
474 467
103 467
460 255
22 383
248 456
449 445
493 244
317 169
423 202
54 451
446 169
200 370
453 202
427 346
278 356
438 459
96 397
377 322
337 456
199 185
225 379
67 496
131 481
174 362
346 401
345 270
25 396
44 413
408 225
113 270
21 185
112 213
332 270
33 456
312 39
162 225
116 362
347 356
455 346
335 102
46 185
391 356
306 415
389 345
394 171
477 146
178 413
180 387
355 318
373 191
252 268
445 413
363 477
281 322
412 334
163 373
277 270
237 379
487 488
232 56
353 134
415 107
444 169
268 405
147 117
320 19
338 270
298 464
251 175
118 490
318 421
440 370
308 191
328 213
325 447
485 495
465 155
496 376
336 19
52 384
53 205
24 413
486 202
499 223
59 270
121 185
4 156
198 445
459 450
461 362
365 392
229 191
73 96
476 270
273 451
376 405
484 1
10 388
381 496
293 353
388 451
424 309
18 376
405 370
108 397
343 421
471 467
326 436
230 202
402 361
297 345
208 185
393 386
57 184
29 447
195 401
253 262
233 415
495 356
303 270
48 135
157 496
255 419
190 215
84 413
154 419
45 244
86 418
93 198
170 467
307 202
458 412
211 410
258 381
272 470
468 496
97 292
95 303
392 39
314 318
89 146
166 356
249 308
300 361
270 8
403 177
114 226
132 485
407 271
1 336
36 495
404 379
321 39
159 474
356 73
463 356
443 456
473 233
329 456
169 202
406 226
454 459
202 0
324 451
192 43
194 474
226 403
490 452
185 452
302 342
309 278
257 336
135 459
416 199
5 244
432 441
481 407
434 309
472 454
203 495
414 499
189 322
153 223
234 384
437 8
310 202
352 429
368 7
475 496
271 333
431 392
172 213
28 190
367 472
50 20
90 185
58 362
422 413
256 422
395 23
218 177
483 496
140 202
30 481
78 245
479 167
351 39
299 451
340 177
280 336
433 147
259 40
494 202
239 365
469 185
287 171
274 337
94 26
69 117
366 404
488 397
379 271
181 311
482 459
76 397
120 20
354 353
450 407
11 303
448 356
81 456
222 356
7 336
31 490
261 264
9 348
102 376
107 480
164 279
214 73
101 474
110 171
370 397
269 448
279 420
420 348
387 480
47 20
151 22
411 356
160 434
385 242
478 191
115 422
283 307
358 420
430 307
462 362
188 35
62 270
105 456
51 322
98 395
466 465
88 480
124 462
134 379
246 35
125 474
364 99
56 467
196 484
122 452
137 465
436 459
104 190
245 420
171 383
184 433
397 308
348 404
16 372
127 415
142 386
296 185
39 392
85 202
55 452
223 324
71 83
238 308
285 386
313 271
123 324
212 397
8 447
119 91
126 191
213 467
322 222
457 93
144 480
91 10
168 73
361 490
489 465
60 474
106 459
182 408
64 202
464 345
41 442
398 432
217 467
372 310
390 332
418 370
197 261
61 371
227 202
240 308
250 91
49 452
201 456
290 392
138 464
117 287
210 413
209 376
215 413
260 477
330 35
13 387
236 202
143 333
428 433
187 480
66 408
82 0
441 468
204 365
224 73
43 481
275 104
386 365
276 485
83 356
220 106
380 291
357 324
206 343
295 39
304 35
133 386
315 171
231 271
316 73
40 185
362 384
17 412
139 499
193 297
72 91
2 297
286 478
491 456
288 307
63 422
291 264
152 485
179 328
319 106
378 73
360 415
191 391
207 93
311 445
292 451
289 0
359 15
452 201
148 0
439 375
26 171
219 480
128 467
145 465
399 419
136 473
165 185
413 6
375 185
12 351
333 95
349 422
456 433
32 490
221 480
327 171
470 270
175 202
294 465
186 202
235 365
99 452
183 484
65 146
75 374
266 445
70 434
161 467
14 385
19 387
129 417
242 432
339 342
334 245
205 307
451 171
396 73
158 499
498 385
384 426
382 416
111 35
167 185
262 190
400 171
241 345
3 490
42 420
323 324
341 386
263 393
37 184
301 419
87 373
35 245
109 308
0 496
15 0
344 95
426 244
74 29
77 371
92 480
216 35
228 386
331 322
265 473
177 386
425 263
100 440
409 419
243 22
150 374
20 268
254 396
447 308
284 245
155 483
130 20
80 344
369 73
34 0
282 439
27 73
247 458
38 24
79 84
149 430
410 264
419 112
68 315
374 267
146 264
305 400
421 425
141 0
