img060.jpg img063.jpg
187 259
231 197
134 275
366 107
423 28
14 39
161 228
453 362
336 259
178 364
243 438
218 476
136 82
397 253
270 259
357 172
125 39
215 144
50 21
5 314
220 356
110 350
229 39
302 8
378 140
71 471
350 27
256 438
332 28
402 210
77 54
473 132
330 438
383 438
91 38
219 476
6 259
174 259
311 356
26 413
267 446
200 476
303 187
173 226
274 51
20 397
263 331
214 350
333 16
387 314
376 325
160 188
355 8
277 364
320 168
116 399
428 397
249 223
406 442
380 51
237 166
212 48
287 295
341 356
118 203
443 89
7 160
488 446
141 476
3 480
329 314
96 277
83 209
143 86
441 39
103 82
308 144
255 293
421 329
25 277
196 217
315 237
61 14
23 37
163 223
68 23
195 9
260 187
240 381
22 128
205 210
194 356
291 223
13 385
324 309
193 223
139 476
140 48
113 424
191 237
321 410
337 28
368 247
405 5
493 334
224 15
316 420
328 334
251 226
18 356
99 278
319 183
181 160
226 332
479 224
289 9
70 371
327 303
56 14
129 228
498 166
28 464
175 489
37 84
206 241
278 66
360 202
112 166
467 494
27 336
51 337
250 380
438 369
216 494
242 457
285 192
299 477
192 399
485 417
460 121
39 437
391 303
177 116
1 48
121 304
208 283
403 329
414 191
273 292
452 397
471 460
98 444
171 480
233 480
269 424
109 258
165 494
483 146
491 28
156 278
446 382
314 82
433 399
198 381
258 311
372 455
389 221
90 445
348 405
236 472
439 460
265 449
282 294
296 195
323 181
472 241
75 276
495 471
52 202
398 138
430 51
15 202
150 292
158 440
169 354
154 209
317 350
365 195
466 484
64 48
130 350
238 189
144 209
179 118
309 218
225 21
202 332
396 380
481 185
474 132
89 464
344 422
0 48
105 438
65 280
429 382
69 218
461 138
404 419
382 315
86 472
166 187
115 69
290 52
422 332
475 223
36 334
286 332
102 170
16 62
57 68
128 21
138 480
331 89
392 225
294 438
176 51
361 24
442 82
351 9
48 377
72 111
279 484
120 438
390 201
126 31
9 51
457 4
58 320
106 226
335 2
199 14
484 405
300 397
17 460
76 440
375 301
122 435
246 399
454 146
456 294
230 438
462 26
30 83
313 476
322 287
369 275
34 492
114 183
395 418
147 189
418 24
148 310
347 418
135 258
152 62
358 437
201 476
297 471
426 146
232 386
234 444
377 289
12 477
40 185
131 175
190 10
431 454
292 71
379 442
223 444
186 194
93 47
451 349
312 83
73 166
334 221
276 36
342 294
373 66
492 38
157 334
470 399
133 381
477 188
78 143
480 352
32 491
92 471
104 384
42 409
149 476
24 333
228 452
346 327
359 101
101 332
381 45
409 259
252 316
38 185
411 362
349 146
449 401
167 494
172 444
412 405
476 170
304 61
66 245
419 257
142 420
432 461
468 399
108 477
245 419
393 215
247 491
79 412
213 217
420 318
235 202
159 390
100 97
306 371
127 436
388 68
307 429
459 58
262 139
275 429
301 442
478 201
124 444
338 438
162 261
264 22
241 185
221 57
271 247
354 61
444 160
33 116
95 342
204 394
386 181
217 116
284 124
207 374
394 334
407 195
244 391
363 195
417 356
385 371
410 328
43 143
343 444
45 247
401 89
362 186
53 83
188 81
81 491
97 60
209 294
8 257
44 394
117 117
435 376
60 471
440 109
74 427
450 158
88 471
180 247
465 221
356 334
210 397
367 338
123 14
47 245
87 161
239 454
261 203
326 336
310 189
80 237
253 272
424 145
340 449
463 121
494 276
189 211
31 321
146 394
295 58
434 10
211 87
151 160
413 494
268 189
352 483
374 181
318 149
82 394
339 426
448 13
490 192
155 495
486 444
437 487
496 349
107 49
203 1
497 409
408 329
35 324
41 14
62 279
54 302
427 107
469 13
170 414
499 119
137 81
4 232
353 413
325 250
182 83
272 81
19 219
55 67
168 444
298 429
436 489
67 82
371 365
482 32
489 400
10 228
11 164
288 87
183 493
384 7
248 420
259 486
458 412
94 366
227 326
445 191
487 209
257 416
119 287
111 459
145 293
63 471
455 316
222 321
364 339
197 375
425 5
266 209
254 200
59 29
399 328
164 68
416 40
400 247
49 419
46 164
2 278
185 223
415 294
464 67
84 279
305 329
21 412
283 134
85 26
153 321
29 284
280 294
345 248
447 320
370 447
293 415
184 57
132 330
281 289
