img009.jpg img054.jpg
113 360
180 220
52 298
269 11
206 360
228 129
290 176
233 21
250 41
300 376
195 41
155 249
168 11
234 41
285 69
162 163
231 16
44 153
243 116
149 105
172 11
72 138
48 126
140 125
376 341
123 165
156 102
235 41
352 370
197 164
129 41
131 47
165 11
151 164
265 17
288 22
251 165
22 249
3 164
100 127
263 172
139 6
125 41
280 223
118 47
119 164
222 165
191 80
229 41
164 41
275 127
142 249
84 220
132 123
133 249
73 220
7 176
279 266
137 41
203 41
223 148
388 298
286 53
256 34
157 148
192 148
134 46
240 34
232 16
260 376
127 69
175 82
154 102
108 25
184 84
188 156
262 158
261 41
4 10
254 22
78 102
107 220
88 102
190 148
0 86
189 220
200 254
194 217
224 47
247 49
276 105
54 231
80 22
227 156
358 376
122 165
136 249
225 58
95 98
176 11
237 127
421 298
90 84
8 8
43 250
114 7
401 376
117 58
128 13
2 7
465 445
13 220
294 60
301 321
284 109
49 114
18 183
124 40
169 109
42 219
81 127
160 41
74 43
56 153
83 220
327 278
37 219
14 137
171 11
121 86
293 49
173 224
257 40
36 210
215 49
69 134
148 16
264 86
86 125
161 53
271 53
10 43
19 208
12 34
25 59
31 13
185 40
97 220
198 148
213 188
85 127
366 293
64 98
158 34
449 11
266 83
46 183
77 7
349 404
268 40
11 40
267 46
432 395
6 86
35 86
60 176
174 11
16 250
291 318
216 49
495 475
28 220
471 477
21 208
488 376
278 40
258 138
452 53
217 49
178 59
33 220
62 176
93 7
287 254
441 483
226 25
479 223
50 7
144 46
357 321
79 34
297 49
451 335
313 0
209 16
406 445
473 475
91 220
355 321
236 93
147 40
332 314
183 326
492 223
220 16
453 37
167 224
205 235
496 209
398 442
491 409
58 126
61 183
308 320
364 320
462 340
66 17
484 109
378 89
386 319
393 388
92 414
59 490
202 414
310 222
87 100
177 25
494 335
277 86
472 391
29 220
467 475
141 93
493 249
318 132
475 391
230 41
384 260
34 220
346 288
75 247
1 7
298 7
179 15
323 96
47 414
221 16
403 172
116 17
38 140
55 100
26 46
63 43
274 255
150 16
377 333
299 146
448 494
436 471
411 129
476 300
76 13
315 373
219 176
474 494
27 148
20 84
326 124
330 86
426 201
252 321
99 314
394 293
413 245
181 191
433 172
469 449
103 86
431 429
242 53
312 234
322 356
470 223
410 16
460 408
468 430
480 445
390 279
39 82
446 404
186 118
344 372
109 276
408 470
430 423
340 54
17 235
201 133
45 422
466 217
356 282
30 387
370 233
404 84
347 278
362 94
455 437
353 487
425 489
341 201
245 342
483 286
41 293
68 270
270 319
383 366
373 68
316 310
324 64
387 330
348 321
442 462
94 257
70 82
342 305
138 82
319 54
336 321
207 201
443 480
5 481
328 98
304 374
110 414
196 259
367 40
461 392
498 121
306 234
351 315
331 270
385 472
214 284
396 288
405 402
428 312
302 281
296 325
400 468
283 233
163 248
166 40
414 321
239 474
145 185
143 409
458 117
295 414
120 143
9 194
282 331
371 304
153 182
259 187
395 487
146 45
248 406
15 82
244 484
338 283
450 302
420 89
334 490
489 342
292 187
159 61
415 293
454 423
435 98
130 229
307 180
360 467
392 388
440 346
337 125
241 391
135 120
380 184
486 112
204 187
422 389
212 255
382 445
339 451
345 223
423 365
96 429
51 179
309 334
444 84
485 304
210 271
317 440
32 327
102 361
439 124
105 491
112 45
424 489
67 342
429 382
218 198
329 189
182 154
350 311
482 176
490 421
170 333
343 330
255 262
374 226
71 271
333 421
363 459
438 178
335 364
416 0
459 421
478 455
407 474
418 262
434 192
115 353
499 495
379 242
445 53
65 133
447 304
187 77
238 146
152 356
311 207
417 106
437 124
365 262
412 347
303 421
208 256
372 336
391 124
40 182
211 474
497 291
104 330
126 140
272 96
368 321
57 452
253 233
456 212
82 72
409 124
397 385
89 106
464 218
375 184
361 182
381 365
369 477
477 444
389 476
314 199
193 221
463 365
289 254
399 228
106 267
53 292
457 233
487 172
111 155
359 298
354 161
199 9
325 98
273 453
281 324
321 397
320 477
246 439
101 330
402 494
419 4
249 339
427 287
481 389
23 438
305 139
98 296
24 276
