img017.jpg img075.jpg
154 153
228 153
178 136
231 262
179 136
306 53
159 136
8 153
155 136
227 153
157 46
176 136
224 137
156 41
232 193
257 158
226 137
95 21
250 196
282 127
53 53
15 158
301 53
312 262
269 128
303 137
138 53
219 33
181 21
147 7
273 21
146 153
180 146
469 470
6 158
220 33
308 136
152 21
68 21
258 158
119 21
239 53
133 128
14 168
198 33
89 21
248 127
54 21
105 148
78 21
42 168
165 53
194 128
21 11
2 159
233 46
3 21
281 53
247 21
266 53
255 21
201 262
234 53
87 15
262 53
88 66
158 128
148 21
110 136
132 133
96 123
256 41
144 53
44 53
310 148
265 21
311 136
332 53
240 53
35 133
113 66
51 15
151 53
294 201
41 136
92 33
263 53
172 208
60 21
499 363
182 123
192 196
489 470
118 3
365 26
123 29
98 29
259 363
1 136
276 102
307 238
187 21
313 41
215 71
490 452
137 264
254 15
55 123
223 191
430 363
48 128
13 133
369 272
326 128
243 53
69 128
135 121
163 148
184 66
34 452
204 264
100 168
153 53
246 11
183 177
16 272
101 103
70 53
25 282
444 452
91 15
128 226
291 65
440 383
130 116
214 201
394 272
190 66
38 102
136 148
20 4
244 168
475 405
61 102
141 222
82 293
125 230
468 363
164 148
295 26
161 11
442 110
470 454
229 293
57 193
377 184
340 245
288 26
290 130
264 39
166 148
24 114
408 432
297 349
275 131
7 196
452 192
485 268
286 245
376 245
462 310
43 409
217 2
23 4
389 421
77 146
197 148
339 368
460 448
17 137
420 26
392 343
103 96
287 31
436 454
447 230
210 300
455 423
261 451
120 426
450 387
50 230
107 454
4 53
149 53
221 361
127 464
361 130
62 493
348 2
173 26
416 230
196 337
108 196
206 298
435 361
305 2
351 244
300 52
493 287
296 485
94 251
411 452
106 74
385 394
142 478
309 165
417 155
363 10
270 240
203 363
299 353
497 336
117 394
162 353
218 353
277 287
336 172
449 479
439 498
476 77
382 56
278 295
63 137
467 464
404 467
202 400
477 298
423 39
461 381
465 349
186 188
47 298
464 360
293 338
371 126
319 404
139 495
327 96
445 28
80 219
364 449
345 170
5 103
383 454
121 305
418 28
492 465
145 276
372 476
406 459
200 436
403 4
169 366
208 26
360 403
216 211
357 488
79 359
171 238
379 257
487 65
349 120
343 107
222 140
284 246
472 244
398 444
481 187
483 385
65 326
126 170
114 298
396 492
443 64
31 96
495 464
375 452
410 155
314 307
427 113
484 162
333 470
355 171
399 135
160 445
378 452
451 467
329 295
238 129
225 353
466 465
104 325
249 371
260 242
33 67
59 270
122 457
280 4
76 406
480 387
441 50
26 63
407 26
167 491
463 287
337 273
134 405
330 73
116 298
10 138
393 259
448 415
174 73
413 467
315 487
429 126
124 155
242 302
362 135
64 478
334 289
486 12
322 258
388 281
74 212
387 192
397 165
73 192
213 459
245 318
253 347
353 252
367 227
49 422
433 195
331 432
58 118
473 471
177 155
479 423
424 488
81 365
405 74
421 96
268 359
415 286
341 437
344 467
29 381
321 85
28 44
419 27
496 211
193 88
292 478
27 41
304 225
354 484
335 360
66 341
236 113
191 283
498 287
395 271
414 211
99 428
46 373
386 479
409 233
458 255
109 411
175 91
302 498
352 305
37 314
274 340
72 55
112 326
85 423
36 27
170 352
189 269
346 346
185 200
93 100
289 434
471 462
446 423
241 52
370 34
434 423
199 78
235 388
402 234
374 136
71 473
195 370
115 314
188 43
317 272
205 90
457 342
381 364
140 260
168 199
390 414
412 314
338 313
32 306
350 406
324 392
272 336
368 498
102 437
478 310
380 197
30 305
84 394
209 182
431 281
384 224
428 360
97 225
86 474
366 231
342 189
437 313
391 409
267 410
488 337
453 256
359 52
425 300
52 381
432 474
422 193
426 197
456 195
75 332
9 477
316 10
474 341
454 486
19 298
212 193
45 171
373 7
491 422
325 133
252 412
18 466
285 368
230 124
39 95
356 386
111 412
11 311
129 432
279 400
298 303
90 45
283 87
459 96
494 294
320 85
150 449
131 50
323 397
0 96
347 129
211 216
67 428
358 409
12 435
271 73
207 326
318 475
401 405
251 468
438 246
143 387
83 124
400 230
482 394
56 365
328 480
22 180
237 173
40 418
