img030.jpg img051.jpg
106 11
15 170
99 256
98 229
372 299
1 186
391 299
80 167
89 257
137 280
60 38
211 448
359 345
393 418
182 197
344 448
278 448
116 289
385 448
88 282
119 289
283 369
479 418
207 14
270 369
343 343
342 215
0 346
326 211
40 299
338 415
216 6
51 331
49 299
241 19
386 445
318 346
219 289
254 289
457 299
118 121
281 92
323 345
428 445
259 355
402 299
25 26
341 430
399 389
156 78
92 51
381 389
275 92
100 383
21 356
206 425
282 344
277 216
392 348
396 66
380 414
378 6
126 394
133 283
313 132
499 321
271 189
384 138
419 202
469 329
231 211
280 445
129 443
365 48
360 201
272 46
339 319
3 448
328 92
146 171
355 369
217 389
354 459
447 209
279 106
394 348
19 34
43 431
454 239
353 39
416 31
466 467
139 112
263 346
352 354
443 90
404 157
350 109
371 69
90 478
484 370
79 299
375 365
185 299
102 285
234 435
256 456
23 389
148 3
471 348
467 391
223 200
246 253
348 483
91 383
251 260
145 363
299 13
311 426
407 87
429 453
72 403
174 100
189 483
476 343
356 488
268 132
483 173
490 100
184 419
408 19
172 200
307 344
336 281
85 74
446 60
395 213
236 373
465 345
204 435
52 26
258 281
284 88
435 44
445 348
361 389
498 23
123 398
161 74
298 202
374 281
221 361
62 209
315 106
351 483
153 106
58 286
227 131
363 130
82 284
47 463
317 445
26 33
390 120
304 187
38 294
369 116
481 373
409 354
8 200
436 70
242 440
143 37
205 355
456 428
235 173
164 100
201 132
32 347
464 266
191 82
266 331
314 82
368 389
96 467
388 46
18 199
324 101
157 339
65 445
310 346
11 394
124 14
463 127
495 199
86 39
322 476
327 46
168 74
480 392
225 475
285 70
475 343
67 60
450 100
294 26
7 494
406 215
477 266
410 290
113 107
14 413
122 352
74 91
169 289
171 495
6 139
131 347
134 396
420 354
68 345
13 414
489 299
71 68
434 389
439 427
264 374
101 60
269 212
2 204
132 337
421 80
33 344
426 70
77 430
175 26
244 92
257 463
442 411
224 492
121 361
202 463
292 491
487 223
22 77
496 491
83 5
229 459
290 354
340 291
28 70
111 74
329 480
276 355
135 70
115 280
472 162
238 200
151 74
152 331
297 435
44 5
50 106
107 394
316 465
226 3
247 361
357 407
289 445
333 88
412 443
120 453
296 448
488 485
367 285
69 380
30 106
81 99
349 130
24 290
190 216
291 89
425 138
308 445
261 461
332 299
195 290
345 56
366 46
194 496
245 85
240 13
9 467
373 220
379 227
473 89
64 383
305 235
149 112
144 19
319 476
414 406
210 476
358 267
177 383
198 359
377 483
57 41
228 380
325 235
415 100
222 398
401 141
218 418
417 459
451 314
306 380
34 456
468 454
127 364
138 369
239 290
249 55
301 67
230 345
163 492
243 354
411 204
430 101
253 290
387 476
27 492
84 47
173 411
293 290
160 284
59 352
55 405
376 70
432 211
494 100
250 283
142 216
255 92
423 207
36 290
400 447
458 457
455 34
474 343
262 478
42 464
252 439
212 260
260 227
462 106
493 9
78 70
94 480
312 373
440 39
10 139
337 358
334 93
20 33
53 226
112 14
61 262
438 299
35 396
147 423
159 202
4 14
389 216
431 232
5 280
303 400
427 74
158 34
288 125
346 424
31 131
130 392
424 161
461 395
331 260
364 3
87 285
150 449
141 233
197 53
413 264
444 103
398 215
437 9
233 41
181 483
248 290
103 201
167 262
287 473
162 290
460 360
448 430
95 89
199 364
397 444
273 64
166 215
295 13
478 488
97 363
93 112
179 469
482 3
17 144
114 484
37 147
383 29
452 97
196 347
418 392
75 472
140 80
362 406
12 60
29 294
125 488
470 19
170 299
154 447
320 3
370 3
422 210
188 488
41 70
48 488
459 440
165 415
208 453
300 213
200 216
485 426
193 33
76 120
232 47
192 299
203 397
39 212
497 209
46 391
491 405
155 143
449 395
265 498
213 24
56 440
486 381
330 340
347 361
209 440
433 443
104 130
274 290
110 456
186 383
441 56
267 314
66 428
405 454
109 346
302 62
180 260
382 361
136 148
176 365
237 478
16 227
117 5
187 475
63 131
54 134
215 446
45 39
403 128
128 469
335 128
286 483
309 34
73 499
321 60
178 253
183 82
105 169
70 47
214 147
492 47
220 426
108 147
453 162
