img016.jpg img031.jpg
483 258
146 39
285 279
428 446
444 243
209 339
233 105
402 447
101 251
237 174
169 392
235 243
466 442
454 258
193 304
27 177
234 471
349 447
409 39
221 332
470 454
354 246
297 495
93 278
222 214
163 149
141 202
492 174
401 169
435 397
90 452
136 174
182 63
282 447
130 143
342 447
88 156
49 346
241 428
38 149
147 471
438 126
445 473
417 384
407 23
306 266
102 158
19 42
289 304
334 173
491 482
453 1
321 427
198 170
151 152
362 492
427 22
421 427
271 149
206 98
382 82
138 414
301 279
455 492
262 157
326 364
210 247
219 47
153 288
279 50
111 42
131 10
216 193
17 67
217 278
142 115
350 195
123 81
480 370
335 448
404 446
79 317
195 352
363 352
205 477
497 174
243 388
353 389
62 56
227 63
461 451
149 299
303 320
172 233
249 313
361 186
84 396
16 188
14 192
57 214
218 233
474 181
298 246
397 110
485 421
486 101
109 396
448 363
331 289
389 352
107 178
325 141
166 488
35 255
422 471
295 193
156 157
245 74
269 309
406 307
436 357
46 53
253 319
68 39
76 267
214 98
12 429
133 247
473 42
99 185
75 174
252 289
294 140
329 36
450 56
369 86
309 488
226 421
490 4
318 91
7 263
42 143
493 45
165 54
67 218
424 149
83 399
135 193
370 239
344 432
40 174
66 163
137 204
416 2
465 435
323 233
114 238
207 58
446 339
442 174
352 138
230 387
367 100
378 56
337 180
405 379
343 45
413 471
71 487
348 370
496 2
1 96
24 186
272 270
140 20
129 31
239 367
434 101
302 37
336 330
190 212
479 199
487 56
433 353
238 233
346 140
499 465
391 187
498 165
240 493
280 111
386 458
94 351
181 105
50 86
202 495
273 58
472 188
257 239
414 86
430 172
36 127
481 111
30 10
356 67
11 229
201 448
275 458
248 390
263 380
358 104
204 70
215 92
333 334
45 224
160 227
443 146
274 248
322 380
31 428
61 19
148 20
122 462
296 56
355 488
411 472
482 143
168 54
357 54
266 89
351 85
18 247
177 97
29 137
59 73
41 82
78 83
58 379
439 62
223 214
299 8
120 289
419 47
431 5
139 105
278 264
91 352
203 22
341 269
345 263
10 228
429 110
185 270
368 104
399 262
154 143
379 157
457 42
264 73
197 120
277 123
242 27
291 23
359 81
366 494
225 406
311 21
189 71
293 288
456 2
13 396
305 213
34 241
488 448
85 81
211 302
159 9
9 460
423 399
77 80
452 149
87 451
176 377
180 105
328 122
287 414
92 143
115 143
410 32
32 55
426 298
56 197
126 54
174 393
128 269
317 496
320 368
315 405
437 448
116 224
365 108
15 488
398 42
213 385
310 289
418 335
97 18
374 190
247 182
458 358
468 37
403 297
440 54
373 30
2 127
121 399
469 440
183 105
187 462
20 487
132 213
105 8
224 1
178 92
412 427
26 131
415 13
489 442
372 294
23 176
124 228
360 126
459 380
265 325
74 136
134 274
396 447
484 303
98 312
251 276
384 453
464 349
380 288
106 9
400 233
51 228
228 8
316 241
258 311
158 259
70 307
208 123
393 442
408 437
447 445
80 143
150 84
55 214
81 339
276 85
432 3
267 204
270 70
284 55
332 197
381 13
186 330
338 37
86 349
471 82
283 15
327 262
103 102
110 396
157 448
191 451
304 202
152 214
392 98
54 278
324 488
5 233
96 188
476 495
64 334
244 118
255 126
376 473
0 497
47 487
60 218
383 281
167 180
39 178
22 68
82 124
312 268
425 124
460 493
212 390
290 470
463 180
44 216
155 10
449 303
462 157
171 432
281 145
28 175
220 64
268 334
394 338
188 47
286 22
475 76
192 267
319 213
313 83
375 416
292 110
164 476
254 469
420 213
21 297
53 393
300 80
330 105
63 461
145 226
231 330
387 348
143 64
25 444
200 297
339 206
395 461
179 216
307 288
494 183
104 23
478 22
125 424
259 66
308 312
3 20
495 218
347 448
119 115
371 10
441 447
144 17
89 228
340 390
33 122
127 54
69 74
72 12
112 421
184 48
52 71
113 224
48 234
162 122
260 49
246 439
117 310
173 73
261 38
288 5
385 27
199 302
250 239
175 202
6 242
388 172
8 318
100 120
196 81
232 399
477 83
364 118
43 188
95 430
4 87
451 66
467 34
256 262
194 15
314 466
229 480
161 487
170 184
108 255
390 9
37 445
377 36
118 81
65 168
73 46
236 249
