img032.jpg img063.jpg
96 364
355 252
449 278
281 172
250 278
363 278
293 413
402 275
356 356
11 48
390 252
345 172
417 259
301 278
397 278
354 363
395 93
268 49
405 48
496 278
203 38
277 22
112 352
358 166
118 48
348 491
124 138
48 252
139 438
364 47
456 354
415 356
117 336
88 176
282 364
307 371
319 278
338 48
229 384
231 70
280 14
166 278
425 280
442 224
321 332
52 275
189 278
19 170
433 438
177 417
201 376
254 304
359 197
370 8
394 138
44 397
104 221
236 237
336 425
375 20
39 377
149 118
220 214
447 138
344 463
31 89
320 210
174 277
38 153
273 330
53 425
87 47
97 93
262 305
8 183
489 386
143 223
122 401
85 347
474 476
205 201
157 158
368 264
153 278
162 433
47 160
59 98
16 103
134 208
494 322
264 51
67 70
86 228
295 397
37 352
94 351
129 307
384 278
29 469
27 278
172 252
257 385
386 153
128 413
161 480
64 22
443 305
207 433
191 93
429 298
168 350
173 109
332 259
422 161
66 153
418 285
271 331
77 421
147 201
444 434
140 318
491 89
469 309
467 257
245 161
255 210
413 230
369 405
460 153
187 463
131 491
165 277
215 333
22 307
71 62
458 448
310 444
283 45
46 334
306 426
330 316
461 306
248 183
403 341
34 151
151 149
333 231
56 160
342 48
185 413
278 384
313 195
440 226
195 188
216 257
451 171
76 270
102 277
383 207
438 138
192 436
385 14
242 496
109 310
152 233
119 292
400 491
473 460
357 213
457 438
65 296
103 45
141 182
480 259
367 475
130 278
10 270
366 342
160 83
106 470
297 277
401 341
209 47
420 477
42 386
125 377
98 44
441 444
382 202
284 491
240 202
133 308
24 310
249 19
407 68
116 183
148 98
155 329
180 394
409 496
360 320
193 350
81 120
43 376
483 293
72 235
228 174
408 172
6 70
183 339
99 11
197 11
292 487
181 177
186 336
30 93
127 250
391 46
312 237
389 306
412 183
232 72
399 226
212 257
20 337
374 339
300 17
427 492
414 182
459 170
468 1
488 148
57 293
113 476
350 481
196 436
225 437
239 331
63 145
335 277
13 346
137 160
291 131
378 190
265 405
498 293
169 336
303 448
323 318
396 259
61 172
305 488
325 194
337 376
233 448
176 411
346 101
200 397
252 308
423 317
324 5
387 424
430 14
190 83
349 57
274 204
302 453
347 293
135 160
95 472
471 16
35 430
351 418
93 11
210 208
167 458
431 406
436 222
318 469
419 301
486 488
115 352
328 247
83 408
111 72
132 397
69 140
146 176
446 476
5 211
175 421
388 296
424 79
41 401
275 385
73 384
213 118
227 341
450 446
121 448
154 201
243 376
18 325
398 166
410 153
411 478
9 404
170 248
479 482
258 281
482 278
362 54
448 457
206 222
79 236
182 19
199 275
89 22
244 432
329 266
421 444
171 46
465 255
114 11
0 46
353 270
286 293
208 249
62 173
261 487
304 57
485 264
179 2
100 325
25 315
107 253
289 101
237 376
495 252
91 71
234 293
381 78
80 328
214 418
150 404
219 6
279 85
453 341
198 123
204 182
70 123
14 189
361 429
464 486
15 293
445 364
499 446
7 204
126 303
108 434
251 413
90 204
484 121
1 409
331 1
49 424
276 296
120 281
435 186
352 26
376 361
23 59
32 490
50 11
202 216
266 482
371 120
365 387
290 5
428 379
33 468
256 11
144 432
263 107
416 305
454 226
60 471
463 492
101 141
309 314
437 447
28 260
2 143
145 337
339 448
392 178
475 257
55 270
217 333
341 424
311 219
136 16
470 7
21 406
17 358
142 429
123 70
194 475
377 333
432 143
404 83
455 276
221 288
317 459
92 429
230 211
159 313
184 84
223 292
327 181
78 70
259 492
393 107
75 276
288 244
497 457
294 107
308 149
340 296
481 290
490 14
163 247
241 494
3 465
68 287
426 81
84 22
4 415
472 275
476 192
380 1
466 81
164 471
235 123
372 414
287 418
270 347
452 314
439 68
156 19
260 3
492 370
105 222
58 282
82 85
314 322
238 334
51 459
211 296
493 131
54 381
334 166
406 305
267 145
26 336
285 250
462 199
247 263
246 133
218 333
477 236
478 231
158 68
178 82
326 222
36 170
188 336
487 434
45 160
74 2
253 433
224 137
434 329
110 16
226 386
269 404
379 312
343 454
272 404
296 429
316 414
40 366
299 424
298 370
138 326
222 12
12 253
322 336
373 329
315 97
