img025.jpg img075.jpg
179 439
180 485
43 26
85 242
126 487
208 487
181 405
430 56
185 321
60 430
273 328
268 49
90 485
17 271
328 59
481 453
350 414
68 111
163 17
241 47
310 362
138 287
223 478
240 27
254 27
429 245
306 363
323 27
80 17
211 2
342 493
266 273
7 177
150 27
69 273
139 120
24 478
168 162
10 120
18 409
96 120
312 260
175 482
271 177
360 375
35 403
338 165
25 165
71 242
316 495
318 27
52 238
8 243
341 366
153 363
289 366
456 195
317 413
418 242
94 451
131 297
229 27
355 205
143 49
387 343
411 381
261 326
227 405
233 17
395 375
256 353
20 274
29 139
87 100
344 404
401 364
212 273
117 310
265 485
463 194
45 12
116 497
415 404
479 195
135 321
376 23
458 321
201 361
327 162
189 465
471 77
172 273
14 482
78 485
165 197
31 464
75 242
206 383
91 69
269 192
320 358
70 497
248 448
67 70
324 187
81 273
141 409
160 49
22 242
62 364
283 169
337 486
182 239
438 26
193 297
349 498
137 415
11 323
203 130
44 182
217 333
28 430
4 331
301 91
57 156
100 230
247 20
388 387
243 449
37 424
149 444
129 293
130 396
225 18
133 359
427 190
99 474
484 26
453 195
152 108
151 311
257 182
220 485
0 149
73 276
110 268
335 248
315 69
370 495
228 460
27 470
146 482
417 436
461 311
378 129
145 260
245 117
444 128
195 107
368 89
332 481
358 1
412 121
325 178
276 89
293 379
467 81
79 321
19 298
21 455
197 340
288 12
436 405
470 136
34 274
95 86
109 415
76 322
161 394
275 65
308 364
32 387
400 436
6 271
433 311
455 470
485 310
65 194
262 315
494 328
118 130
88 349
123 455
226 164
346 379
491 448
108 254
437 178
386 430
263 95
286 484
382 246
406 225
434 420
440 432
154 273
397 310
466 395
483 422
113 456
375 422
385 377
127 474
258 314
171 146
419 96
403 430
103 347
298 192
66 273
13 182
106 295
190 300
267 417
216 95
1 140
187 431
379 110
414 289
446 395
186 343
221 467
445 486
284 379
490 54
488 268
170 414
202 238
53 275
237 457
222 276
224 216
492 50
9 395
396 420
92 264
2 15
147 433
174 170
183 238
465 131
112 184
144 448
499 300
236 267
255 448
278 498
205 101
362 192
319 409
157 450
374 32
42 217
105 273
194 342
364 337
343 203
339 192
309 187
405 318
259 110
297 150
188 191
242 81
287 187
322 250
476 222
64 166
239 342
72 435
413 381
156 484
460 49
50 317
142 459
300 293
122 460
253 209
3 224
47 433
134 223
213 215
63 457
352 293
148 456
472 130
365 174
423 429
162 370
353 181
354 52
450 298
314 107
51 113
59 56
204 224
299 282
49 308
196 381
448 477
48 37
5 478
119 301
305 203
420 117
474 52
58 279
392 381
478 181
311 349
464 360
82 23
207 453
270 370
46 100
104 118
351 248
373 305
30 401
359 289
493 68
251 285
158 342
462 341
164 264
371 464
482 205
41 237
93 314
495 347
260 10
294 197
380 31
473 209
442 468
16 182
384 344
398 239
86 490
39 405
264 103
209 296
404 432
40 261
390 414
498 216
166 162
326 96
280 36
115 457
83 478
125 244
468 406
475 133
409 486
84 484
416 352
38 469
219 77
329 240
425 189
303 227
452 238
407 389
61 190
102 44
307 481
15 486
140 389
469 95
356 150
177 30
231 268
302 13
389 455
334 486
56 12
120 150
348 416
399 389
447 287
281 432
285 248
159 410
295 214
98 459
313 346
77 260
480 323
279 359
121 339
331 454
451 379
132 295
173 48
428 333
321 26
340 288
459 484
282 286
252 455
393 95
439 379
457 432
402 387
33 80
111 371
377 199
291 227
274 203
210 323
176 455
290 330
369 495
200 309
357 470
54 239
272 248
366 197
292 498
381 326
167 181
250 119
89 77
74 243
23 277
435 66
215 149
192 129
477 181
36 318
184 454
361 432
336 27
431 222
304 333
372 250
426 172
12 453
249 117
383 346
394 130
214 454
244 498
136 330
443 43
128 100
124 49
114 385
497 333
277 352
235 130
218 323
246 314
230 494
424 182
191 329
454 268
199 120
107 344
363 230
391 495
486 131
489 368
333 31
441 44
496 201
97 32
234 362
169 143
296 221
345 373
432 108
449 387
367 463
178 429
232 406
487 474
410 440
421 389
238 389
330 420
155 383
347 481
26 421
55 482
422 354
408 314
101 255
198 322
