img027.jpg img031.jpg
2 1
426 339
276 189
19 295
436 186
421 238
197 258
330 390
413 312
236 174
443 156
42 454
156 27
70 187
310 149
253 339
175 363
165 250
29 17
79 317
233 149
96 114
205 339
449 320
174 432
137 149
468 464
417 81
140 81
186 297
37 414
487 133
190 82
13 186
51 56
91 330
481 140
34 206
375 149
32 158
294 449
56 378
39 453
315 144
196 339
73 82
467 367
187 105
251 190
440 233
297 362
358 91
69 477
419 144
451 27
323 446
58 339
149 344
181 314
448 125
395 158
95 67
354 144
82 143
492 468
229 453
359 243
479 407
497 156
280 454
309 144
266 105
133 326
320 393
143 493
94 270
87 156
373 289
486 455
401 289
150 157
336 30
411 143
377 268
36 140
171 474
388 442
272 357
1 15
75 45
128 143
424 156
469 432
480 86
264 13
117 313
53 15
180 313
453 140
136 53
334 119
403 239
326 347
491 213
66 453
100 131
90 55
214 156
105 441
260 398
400 399
345 293
412 13
445 53
366 144
65 216
496 34
360 399
461 129
35 467
200 81
456 105
9 320
164 68
14 126
249 263
416 186
221 243
409 494
383 483
425 11
98 339
184 140
206 13
243 297
72 190
335 269
129 34
362 122
420 180
431 55
407 15
152 13
189 421
10 366
155 197
121 209
203 446
270 214
357 13
49 330
394 57
235 157
301 408
363 226
154 259
145 494
148 334
300 63
372 34
110 68
427 352
282 56
283 214
101 269
131 209
22 62
104 66
470 383
428 1
442 180
89 488
352 81
450 493
414 232
242 468
231 37
295 305
376 56
472 31
135 414
391 455
166 453
292 206
341 204
439 52
106 137
434 238
192 353
380 495
446 125
20 7
50 92
261 95
386 11
364 295
384 230
157 13
220 67
281 80
458 262
179 293
204 344
59 180
116 400
46 432
430 320
170 233
314 289
151 5
349 180
444 432
122 149
466 476
396 440
71 432
47 448
191 210
325 158
346 10
378 320
311 243
347 352
475 239
379 101
112 443
398 320
410 224
61 70
185 320
81 158
208 254
211 197
256 82
338 399
382 320
26 156
333 27
342 140
48 119
62 454
108 125
92 204
25 414
254 450
21 243
348 297
111 15
230 455
392 422
144 197
238 87
163 254
279 78
438 142
293 326
24 232
343 250
387 483
113 68
418 262
11 412
331 288
255 110
40 29
484 367
195 451
454 150
369 88
222 127
381 199
447 60
16 177
176 94
193 487
84 80
482 5
355 383
477 350
408 372
33 10
216 56
457 165
277 372
199 4
361 2
109 200
107 127
435 37
239 197
350 80
194 9
308 432
74 466
160 140
224 27
351 133
441 57
142 11
153 352
7 265
30 49
68 489
167 351
226 196
319 330
485 175
126 119
134 353
158 71
290 86
298 399
329 461
162 106
429 1
44 206
141 177
232 216
118 214
31 296
385 357
405 211
494 64
182 308
217 86
248 243
322 213
455 140
317 20
52 388
498 157
399 352
207 446
316 129
201 282
321 414
85 454
327 143
124 190
125 297
269 143
340 39
353 141
172 185
28 183
97 19
57 442
274 339
324 379
202 414
371 260
474 23
299 386
471 257
119 143
168 496
259 315
198 287
432 425
3 161
499 421
389 353
228 103
38 344
406 322
473 51
159 366
6 231
271 122
80 213
132 52
18 122
169 432
15 234
23 94
244 161
227 57
147 198
332 154
250 372
288 460
423 441
462 405
393 372
115 191
367 471
275 282
54 477
305 379
102 412
183 8
262 138
313 182
286 220
213 78
422 463
93 13
374 175
356 493
415 444
465 293
303 126
86 20
76 373
223 0
278 361
337 272
188 443
368 367
370 445
12 317
304 87
64 149
328 143
402 40
146 248
88 391
219 429
60 131
476 32
247 375
307 413
4 81
252 20
464 289
0 400
83 228
178 54
127 152
130 487
123 159
397 226
161 96
365 69
234 273
452 212
483 274
267 271
433 157
63 126
209 377
215 45
291 140
289 407
344 140
120 131
285 41
138 421
268 142
45 334
225 71
27 165
41 85
488 78
240 93
287 5
404 252
43 9
237 197
241 493
489 399
77 399
218 353
493 483
246 254
490 254
99 49
258 428
210 86
302 160
437 127
296 206
78 27
212 122
273 143
284 169
460 48
318 296
265 366
459 322
390 80
55 286
312 269
17 428
245 219
463 487
263 112
173 297
306 86
5 62
8 432
257 499
177 329
67 415
114 273
103 95
339 80
139 175
495 181
478 214
