img025.jpg img054.jpg
60 223
438 376
43 376
8 294
491 376
216 347
415 360
20 120
25 480
165 321
180 383
212 486
34 303
4 480
344 360
271 340
471 471
90 432
283 347
342 295
138 480
208 413
260 321
37 429
333 149
126 335
221 486
157 284
52 317
93 423
69 370
62 303
117 391
376 56
486 492
435 156
66 65
153 298
103 470
7 319
19 458
455 395
341 403
306 360
89 471
401 120
179 82
437 342
129 413
331 198
265 383
430 484
68 216
355 284
59 281
92 225
45 110
81 120
151 310
478 205
484 321
108 480
152 294
188 9
266 486
308 120
241 133
161 287
195 373
137 217
418 314
3 82
88 264
224 480
492 133
106 52
187 314
433 404
288 486
95 284
73 48
143 317
248 257
285 311
289 417
220 56
461 376
470 42
17 370
70 2
175 319
251 453
28 217
171 86
395 88
154 486
18 143
182 167
201 274
286 224
388 457
22 1
382 471
44 413
380 223
14 340
118 222
338 295
99 391
190 492
458 234
466 498
279 68
363 311
189 120
319 311
462 391
56 224
131 307
381 71
442 487
148 228
230 81
483 42
32 19
78 371
105 275
375 32
145 71
349 493
467 294
416 457
448 478
463 485
141 52
24 82
185 314
256 319
207 484
263 94
71 110
219 474
67 94
227 391
163 48
96 294
225 42
245 486
259 391
284 124
481 234
31 170
123 233
142 65
384 94
77 71
10 181
50 452
379 372
155 341
172 486
485 470
343 205
168 110
139 265
397 217
13 288
211 96
328 139
480 121
255 408
102 48
181 470
360 217
417 495
337 374
423 370
268 439
409 395
196 37
327 259
16 229
124 181
116 370
214 312
110 198
206 484
84 366
253 343
244 423
460 265
85 110
202 342
326 251
440 64
127 310
51 244
278 131
135 314
439 447
91 315
312 487
377 98
0 235
307 291
15 389
160 290
204 82
231 140
125 275
213 77
111 292
317 490
27 425
233 48
132 177
215 311
387 82
200 344
243 260
295 453
413 326
336 48
490 127
494 82
173 28
79 314
35 72
48 201
63 133
140 45
293 493
80 271
83 320
100 204
183 107
425 469
75 57
250 238
291 313
445 456
146 484
399 403
446 451
218 225
447 457
237 423
334 374
414 486
258 310
311 130
235 286
366 218
386 217
487 391
23 289
498 335
320 239
454 24
469 293
86 478
350 314
296 103
346 310
302 56
468 487
87 42
192 437
400 391
472 59
332 245
38 472
97 272
164 159
156 112
368 490
436 470
57 226
197 286
275 340
247 60
264 239
134 284
166 3
378 139
133 443
159 373
120 353
223 82
464 276
476 487
21 492
49 121
128 272
46 323
269 414
262 390
406 250
149 338
281 470
488 262
203 289
112 132
257 412
373 98
459 441
82 56
109 391
11 107
236 276
94 353
229 314
339 414
287 325
473 233
452 418
65 485
144 378
193 309
394 408
261 487
407 64
305 401
194 82
242 321
232 422
282 54
370 457
479 374
114 279
496 214
274 369
313 106
353 379
364 120
403 289
393 347
449 489
351 283
322 91
177 45
420 258
495 433
318 284
238 65
362 321
497 466
482 94
450 218
301 398
374 489
398 398
348 132
352 359
113 294
499 492
30 289
104 351
115 199
321 236
64 421
205 233
249 28
170 187
422 329
191 373
421 421
276 455
411 369
199 322
304 263
167 206
300 371
371 242
76 184
178 93
119 244
6 65
39 448
477 91
217 361
389 283
310 106
47 286
356 130
98 322
277 340
314 103
42 426
270 95
273 198
358 410
72 316
309 196
254 314
290 423
299 140
390 323
228 493
325 294
53 311
465 128
240 187
184 475
357 96
453 296
107 398
36 218
267 378
385 110
456 463
210 244
122 298
361 300
367 48
412 59
147 286
226 2
340 416
26 140
315 471
329 136
9 466
58 235
150 271
324 273
475 487
130 478
252 214
5 82
2 208
234 474
365 9
474 270
402 151
451 251
419 402
330 328
61 4
432 263
493 473
323 192
444 94
335 337
431 358
169 331
428 477
303 171
441 472
74 342
426 24
457 54
427 396
297 353
1 361
29 187
33 395
272 290
239 498
383 205
405 466
408 101
392 253
429 93
222 443
298 493
176 233
404 45
354 489
186 300
372 118
410 271
280 445
396 418
174 373
424 240
489 74
40 87
292 433
162 218
294 370
347 498
54 423
12 337
121 302
55 473
136 277
369 462
443 151
246 72
434 118
391 270
359 95
41 297
198 291
316 437
101 240
345 64
158 82
209 136
