img024.jpg img051.jpg
77 196
91 235
375 8
121 299
326 8
164 415
87 299
84 8
240 346
336 46
55 299
220 138
355 294
3 138
462 202
180 345
201 356
100 374
75 112
278 479
413 8
178 8
173 174
294 8
407 75
185 281
472 212
491 138
86 46
473 240
214 235
377 331
212 112
366 383
434 289
353 478
312 418
68 34
182 46
302 331
61 138
27 415
442 294
364 481
383 34
272 147
103 151
254 488
32 180
349 481
424 212
25 161
495 200
288 480
210 196
226 468
402 331
260 14
253 212
283 8
50 214
166 138
239 109
496 84
474 136
194 46
443 452
233 428
357 498
464 26
465 202
46 253
230 8
168 428
29 398
101 497
144 235
169 112
208 479
95 100
259 383
485 428
150 356
187 284
129 428
202 215
452 8
42 282
456 114
203 143
498 200
10 58
174 396
352 8
153 235
41 14
126 93
480 383
79 281
330 480
421 498
310 482
36 225
386 8
223 465
237 424
490 169
319 68
131 283
113 252
279 235
284 463
359 498
467 37
198 393
450 46
382 279
35 69
232 363
432 374
90 196
487 33
66 483
189 298
218 356
300 34
470 299
400 283
146 235
458 383
139 451
311 356
373 355
117 241
213 56
381 201
420 463
463 147
275 498
105 411
99 398
97 449
8 212
261 374
209 451
236 420
332 299
346 148
34 34
303 112
248 423
378 8
466 41
411 253
323 34
376 211
156 46
211 346
418 354
149 299
379 383
227 459
241 225
56 112
285 130
429 255
289 138
276 294
140 497
392 8
453 328
54 294
447 481
327 26
44 13
21 347
454 361
222 132
328 196
370 21
127 447
165 112
271 338
477 128
471 497
111 8
371 46
401 283
441 8
406 39
497 143
112 269
318 279
468 87
52 107
360 402
145 285
451 415
47 252
290 440
385 393
440 207
183 208
133 402
417 22
207 4
306 498
118 31
251 452
325 481
231 498
479 361
395 481
439 39
39 34
266 120
281 143
64 339
123 475
184 13
81 4
298 294
37 383
7 235
404 443
181 331
351 449
0 70
368 212
154 74
257 227
335 4
475 100
455 484
1 445
200 351
374 255
225 383
216 46
104 447
151 212
412 32
423 389
409 444
16 144
344 475
106 294
33 458
80 235
313 46
334 445
76 458
114 208
245 418
403 331
170 418
444 8
478 498
157 26
265 356
286 211
499 482
138 480
483 138
264 393
74 287
43 44
130 495
4 46
120 445
195 60
287 31
143 41
343 226
389 498
57 448
394 480
147 449
486 147
388 255
428 215
268 32
433 331
315 490
350 377
380 200
356 120
476 199
484 430
460 60
13 269
358 498
6 498
92 235
82 448
410 8
436 492
362 356
419 225
199 361
427 41
449 345
148 138
62 445
115 63
363 294
217 426
67 459
196 294
267 454
188 288
321 103
347 480
110 430
177 255
277 83
51 225
22 397
171 82
337 339
493 68
137 498
136 435
30 283
342 147
250 405
20 3
12 109
69 144
162 97
459 199
85 467
445 330
416 207
172 426
224 439
228 106
235 287
249 285
152 139
489 97
107 182
167 427
206 428
422 435
243 258
301 74
367 393
78 255
340 282
405 232
425 433
102 266
70 281
246 434
72 212
295 498
269 283
457 403
11 489
308 331
320 482
58 19
128 5
316 456
135 397
384 393
179 26
71 479
93 3
219 235
108 294
38 205
488 280
322 282
393 207
141 415
244 200
19 299
391 462
26 427
160 433
390 56
94 187
109 384
132 294
197 147
307 4
437 253
17 136
48 448
354 9
399 8
191 169
414 169
273 169
263 34
31 428
24 418
116 3
60 280
65 488
215 255
305 107
242 294
192 488
258 89
297 446
193 285
205 373
341 56
221 290
304 26
14 29
96 482
256 164
448 47
119 34
396 398
338 77
73 428
89 56
175 56
28 356
431 437
161 125
324 14
5 471
430 139
365 283
270 356
348 331
314 428
408 420
15 120
63 19
186 260
252 21
158 97
163 187
333 443
398 34
435 397
274 134
98 498
9 94
247 169
299 330
345 347
282 69
122 448
331 88
255 26
190 275
426 358
387 136
59 199
372 147
238 47
262 120
293 285
159 205
397 338
494 485
317 279
469 465
88 5
204 69
438 51
23 66
53 53
124 212
296 314
461 479
155 440
492 56
142 460
309 459
234 255
229 480
40 362
134 479
18 255
49 74
125 338
292 26
415 120
83 485
339 58
291 208
329 5
280 161
482 298
45 362
176 454
481 169
369 89
361 66
2 285
446 145
