img014.jpg img039.jpg
379 483
329 201
421 468
316 436
14 339
0 477
406 483
425 291
134 110
18 470
273 480
33 267
428 458
482 470
43 483
240 408
342 395
156 436
281 408
483 481
437 291
7 103
391 402
201 103
450 418
496 54
310 480
205 433
213 477
237 339
392 291
449 339
101 417
222 472
448 480
397 381
89 374
411 449
365 436
270 366
146 367
415 477
6 437
355 477
58 383
150 374
403 198
194 433
157 366
304 498
283 417
69 316
332 367
249 280
187 310
200 433
112 40
366 381
478 479
325 372
490 483
271 408
258 17
202 436
383 169
42 168
493 97
47 350
110 291
461 477
88 477
253 339
152 430
173 335
367 390
471 166
215 381
195 200
380 97
3 408
136 2
331 480
169 485
125 367
191 409
133 436
165 346
317 418
466 492
434 371
274 390
335 331
207 436
66 335
209 485
468 22
231 450
286 438
126 103
326 103
499 59
161 371
498 254
396 436
299 381
172 408
346 417
210 454
29 453
53 351
315 117
453 377
293 187
452 92
474 451
454 496
252 494
147 472
96 339
220 339
251 408
387 130
94 317
59 452
242 334
433 402
79 402
349 483
234 24
486 451
492 437
74 375
103 381
481 200
339 483
93 426
142 476
344 467
250 376
162 464
86 464
353 401
377 135
65 494
398 418
405 377
417 109
34 419
238 380
485 378
127 317
229 339
488 495
153 480
23 111
155 291
199 418
323 291
257 421
381 491
159 460
54 494
288 408
57 203
118 383
388 479
426 4
479 393
254 407
107 338
395 372
410 480
111 406
291 314
184 451
121 383
284 433
386 436
37 338
351 480
129 437
280 481
109 104
384 409
266 449
289 498
180 402
1 307
330 312
362 417
12 354
372 377
83 418
247 338
264 367
67 103
255 367
307 438
72 109
443 341
422 92
2 237
160 433
245 483
401 396
36 464
256 148
423 493
470 201
262 61
385 408
260 171
236 97
303 131
350 341
51 96
102 231
248 307
413 437
198 483
439 457
212 344
8 453
321 459
123 418
393 446
371 480
39 384
124 383
105 494
272 459
131 237
333 408
341 388
432 220
447 439
420 372
17 464
190 392
430 214
168 205
418 470
368 433
19 291
424 474
167 480
298 476
309 419
328 43
140 2
115 232
177 426
400 39
183 408
340 187
354 257
68 101
348 39
63 479
76 346
71 96
235 408
145 483
363 103
375 369
480 281
21 451
32 205
148 16
444 470
226 335
399 43
203 203
318 88
91 402
312 494
376 476
230 481
214 477
193 366
465 182
358 433
276 480
435 363
132 383
327 417
135 361
374 415
370 380
223 359
178 92
192 231
489 371
306 90
122 341
116 483
48 497
456 426
347 359
30 236
389 498
246 341
431 334
144 344
475 353
84 429
322 408
458 495
73 467
360 184
176 489
70 373
275 395
359 379
175 393
295 472
419 476
206 210
64 324
227 97
95 84
243 436
278 498
297 467
373 467
408 415
163 103
409 423
244 476
98 181
459 341
186 260
261 367
336 450
4 16
451 410
80 408
296 438
407 254
106 398
204 372
441 203
149 300
81 372
45 421
394 104
26 109
224 358
277 418
166 426
216 419
61 449
100 482
82 397
56 234
185 348
343 144
170 372
211 110
267 104
305 270
345 383
457 310
75 171
324 110
24 388
495 372
35 394
294 496
301 467
218 346
265 468
113 312
268 359
241 464
338 494
171 372
308 434
311 453
414 494
487 441
472 93
143 201
16 2
233 461
438 385
279 383
151 16
52 417
356 380
404 345
62 487
31 477
44 104
378 97
25 458
158 123
90 2
287 363
313 372
382 17
219 376
285 365
11 312
120 421
164 105
228 441
416 338
85 400
137 339
494 41
99 373
334 257
78 385
467 395
38 104
369 423
390 92
114 452
460 418
320 136
182 476
22 407
196 41
197 299
427 430
442 70
455 499
141 477
10 489
104 375
469 41
314 346
402 388
429 410
119 499
179 348
476 337
217 200
20 93
130 340
232 438
55 43
473 483
15 425
300 380
462 167
60 257
436 208
491 101
357 234
477 438
5 495
108 348
9 493
138 472
319 110
259 282
263 435
445 457
13 260
46 398
282 459
87 426
27 451
49 101
412 150
139 412
440 100
225 127
464 403
364 369
497 450
28 430
77 393
128 200
352 281
117 104
484 70
337 438
41 345
97 363
292 410
361 408
290 337
302 398
221 72
208 382
174 419
40 381
446 424
188 341
92 444
154 67
181 478
239 171
189 473
463 487
269 424
50 299
