img005.jpg img029.jpg
21 65
34 65
39 65
89 65
58 106
27 65
440 275
46 106
133 214
54 65
41 65
44 65
40 65
132 252
32 65
28 65
169 184
406 15
50 65
43 106
51 106
158 65
493 236
195 65
101 65
105 7
48 65
36 65
38 65
151 65
352 236
35 106
33 65
45 7
276 236
455 236
103 65
283 401
42 65
298 460
79 65
37 65
73 106
181 65
336 275
143 85
441 414
469 269
80 96
100 73
135 65
153 65
60 106
361 17
137 7
14 159
413 404
5 65
395 275
210 112
22 460
160 65
196 53
390 275
92 7
155 65
329 142
85 51
497 275
111 179
53 7
30 214
55 65
125 169
327 399
173 451
7 416
489 137
136 65
159 65
303 290
201 137
76 106
359 26
122 117
422 321
66 7
148 65
69 7
72 7
52 85
31 65
62 7
91 85
322 105
141 7
254 413
63 117
453 105
157 65
81 96
392 367
167 112
428 1
353 372
382 433
482 297
146 84
282 317
491 212
119 65
315 226
271 83
486 269
156 65
349 379
398 190
485 343
388 379
74 7
190 342
265 221
29 85
393 17
231 395
209 112
386 451
228 293
429 299
83 65
317 399
147 106
13 105
450 337
323 189
75 85
324 277
376 416
430 433
99 404
199 124
325 228
459 474
270 58
93 65
337 460
472 147
162 154
150 65
391 452
56 112
495 343
224 372
213 303
443 438
363 399
95 65
339 136
448 62
435 62
179 85
340 79
279 62
456 179
131 14
165 152
267 372
275 372
273 142
458 137
412 83
289 333
309 286
281 26
230 84
319 307
269 118
71 498
311 134
161 65
296 123
261 440
321 71
17 474
144 209
115 228
214 142
425 284
208 214
227 62
488 92
421 353
375 142
232 226
242 416
476 463
164 129
306 6
464 343
343 217
193 51
402 93
260 344
439 463
186 106
419 205
320 309
191 270
245 15
326 83
278 425
470 446
463 284
286 19
417 102
338 401
127 451
257 51
1 56
407 480
203 54
483 12
16 178
171 400
104 85
305 192
377 317
236 106
67 93
194 86
310 353
152 373
140 62
116 163
362 358
314 148
403 26
185 41
418 70
182 53
371 192
427 390
206 89
369 247
238 123
434 493
284 217
68 409
345 353
192 104
475 69
471 192
113 75
216 68
229 422
416 117
188 71
423 283
263 174
357 116
225 427
174 404
384 242
442 129
117 250
233 67
9 281
235 330
0 282
6 174
96 451
226 178
445 229
11 93
246 56
479 189
70 394
420 152
302 499
499 39
223 474
379 256
248 312
358 205
426 226
285 305
462 92
318 203
197 36
372 102
280 124
332 92
172 103
411 108
205 211
19 160
342 276
293 471
494 61
128 84
346 26
272 331
394 339
77 75
410 97
474 451
178 171
168 85
301 67
333 226
424 159
154 306
287 457
487 477
277 445
431 249
175 139
255 103
82 27
291 160
177 409
121 475
373 226
247 264
25 57
433 103
2 14
370 402
461 104
212 305
18 356
200 65
84 6
308 326
454 51
480 109
4 463
354 498
490 249
78 211
207 395
86 142
184 126
452 161
61 18
365 335
436 12
123 88
251 219
237 104
344 457
295 189
481 281
447 307
24 63
266 245
222 99
498 53
187 480
367 108
274 109
496 182
397 132
59 251
217 226
250 341
348 418
142 435
294 446
307 208
221 362
98 498
249 21
253 211
88 486
414 166
304 389
256 6
492 57
239 229
389 264
166 148
109 174
467 75
347 19
381 233
107 323
120 451
183 109
350 480
449 119
292 366
108 94
408 153
478 437
129 200
351 311
198 409
15 358
399 116
124 62
243 164
259 127
473 372
114 497
134 245
404 164
334 311
215 220
451 239
477 433
244 198
126 391
356 311
331 250
385 274
189 178
330 255
366 256
460 385
364 291
341 259
65 212
268 271
26 190
234 176
252 75
102 327
380 124
139 105
106 385
387 34
438 168
170 215
8 228
374 260
220 198
313 249
118 164
300 159
47 39
218 260
415 101
383 185
204 470
163 326
288 246
145 362
202 446
112 372
138 311
10 200
87 19
149 198
219 307
12 189
262 260
465 137
211 66
401 161
400 159
258 432
240 88
316 109
299 19
355 224
335 72
466 83
468 39
457 337
368 310
405 276
176 149
264 485
446 467
297 256
110 247
49 189
90 19
437 153
312 5
180 159
360 71
3 438
64 109
23 389
130 61
484 111
328 85
97 34
432 27
290 277
94 127
57 467
409 79
444 203
241 164
20 268
378 454
396 392
