img017.jpg img033.jpg
223 273
417 469
16 306
299 273
229 273
162 274
26 492
76 388
349 173
210 162
195 176
214 388
309 376
261 363
403 401
297 156
127 405
463 405
345 440
404 401
392 471
295 492
340 121
213 281
154 353
202 124
437 251
183 273
425 313
102 176
315 150
367 205
365 492
266 353
411 306
385 267
493 306
329 59
419 128
34 273
313 353
370 164
200 275
484 258
351 300
82 467
409 255
44 353
134 36
138 417
344 401
74 308
222 113
393 238
130 162
42 417
443 84
101 429
270 309
48 417
244 383
62 162
113 429
375 306
376 121
408 370
337 140
249 208
142 497
449 418
164 417
156 383
371 167
480 244
498 306
316 268
369 306
394 306
53 353
245 373
470 326
8 353
146 417
307 392
274 268
324 395
410 469
263 417
497 469
383 5
332 417
321 194
433 401
467 273
262 73
461 288
117 267
248 73
132 6
489 432
83 442
268 191
135 6
201 6
258 353
218 363
277 268
163 417
203 272
233 417
282 353
439 70
288 355
208 355
330 402
59 73
232 383
478 123
13 353
31 268
176 73
25 249
486 258
296 388
21 417
23 176
169 423
184 429
372 376
157 417
421 377
161 417
153 417
301 353
473 123
94 470
147 353
98 48
260 424
126 90
35 6
280 153
339 309
171 308
420 492
15 417
170 150
250 353
125 83
335 267
57 417
196 495
227 353
382 54
105 417
444 326
71 245
228 353
350 450
472 203
348 8
152 253
256 417
327 408
460 440
289 433
412 54
257 417
431 264
22 10
446 465
68 353
198 353
115 481
14 73
167 208
242 381
238 191
283 270
151 417
294 388
5 429
79 191
239 353
453 312
291 273
149 383
24 24
246 253
276 353
311 73
286 25
64 59
231 353
442 108
322 162
212 267
338 23
481 387
490 326
194 417
451 401
190 383
427 297
430 449
119 353
406 335
450 472
55 353
90 274
107 358
381 163
464 376
41 417
178 73
136 417
487 127
492 226
334 453
465 37
72 194
179 417
407 280
103 90
290 377
496 31
355 455
413 401
432 311
216 205
159 383
173 492
209 388
310 73
386 46
182 429
215 417
457 81
269 417
429 356
488 399
221 211
342 58
326 417
267 410
364 108
458 235
234 417
150 134
271 275
11 457
306 417
226 383
494 128
304 123
243 195
422 353
447 66
475 492
197 252
58 103
360 481
476 436
124 147
285 309
452 352
259 427
308 417
30 394
255 353
181 417
440 297
469 205
207 208
47 31
88 353
36 476
219 353
343 315
247 6
368 376
281 6
204 6
66 224
180 417
253 140
96 353
144 417
499 314
95 353
292 138
468 449
78 429
397 346
43 460
148 353
254 6
287 205
110 417
396 34
155 417
225 469
418 156
378 273
428 405
265 73
158 417
251 275
485 78
139 344
314 458
318 490
319 402
92 53
2 353
462 148
27 417
415 465
1 73
118 383
241 208
220 353
377 334
405 96
483 485
133 353
165 73
346 490
389 46
278 222
424 298
373 54
388 25
97 216
100 232
185 470
302 457
312 417
317 90
50 83
87 429
186 308
374 417
114 72
273 383
471 315
39 97
272 60
17 73
166 6
445 237
6 353
320 401
60 499
264 319
0 26
347 120
120 122
252 99
81 423
284 9
109 239
140 78
240 353
303 383
20 353
224 383
9 114
89 253
205 31
206 58
305 123
366 226
77 465
336 58
390 346
359 480
436 45
123 48
395 370
454 123
28 167
331 7
29 371
356 465
491 469
12 499
141 6
387 51
435 300
18 196
172 253
112 39
137 417
160 317
177 450
455 207
70 417
61 353
279 335
73 237
129 11
63 38
363 437
51 48
69 299
236 261
93 302
495 52
99 93
45 87
333 293
352 377
188 279
3 417
145 191
104 465
466 226
4 353
46 355
187 429
448 352
380 485
37 272
168 328
189 221
353 435
459 189
38 417
400 346
230 281
293 177
379 427
122 33
325 395
328 94
192 176
91 416
341 192
399 191
111 453
33 44
80 55
361 377
384 463
441 108
456 77
19 402
75 475
174 237
300 297
401 154
49 178
121 268
414 273
10 113
211 41
434 457
54 164
391 172
84 81
354 63
191 45
298 23
32 46
65 22
474 10
217 223
482 491
52 307
423 48
426 459
438 292
477 355
275 474
7 112
85 155
56 362
131 332
416 66
358 325
357 93
235 468
362 66
128 417
402 296
199 177
106 140
40 190
67 195
108 71
143 97
175 39
323 398
116 83
86 451
398 441
193 211
237 93
479 314
