img025.jpg img050.jpg
342 374
43 410
224 225
269 336
80 467
25 370
283 448
284 470
462 437
315 440
7 332
386 440
388 374
8 270
59 245
164 380
337 353
355 448
461 318
418 467
332 353
306 361
171 25
438 318
390 392
484 75
123 202
318 413
28 462
439 483
138 225
362 379
415 280
67 34
188 332
137 318
216 448
153 318
474 383
212 397
60 318
470 58
92 158
117 438
264 16
266 443
472 469
483 392
157 420
346 483
4 370
435 136
68 270
142 412
485 410
6 327
81 397
376 364
328 308
15 485
229 413
73 413
384 392
9 202
302 338
196 489
263 420
96 184
481 308
132 20
271 451
344 280
85 202
350 392
412 213
254 413
186 467
208 407
352 148
491 346
161 477
247 222
397 410
377 16
211 324
30 322
135 396
354 383
115 417
95 332
429 308
66 167
163 413
62 202
214 244
492 411
456 419
260 361
151 470
204 489
201 491
248 318
154 167
259 75
321 381
478 452
256 364
312 51
99 495
129 283
50 469
125 491
32 291
189 397
338 374
52 395
90 415
467 270
437 493
56 157
14 332
175 472
118 342
289 183
468 6
48 178
319 125
44 469
105 361
278 389
150 467
417 485
77 392
16 470
251 457
108 421
221 397
143 39
416 415
145 413
258 462
18 346
496 470
395 184
253 84
444 448
126 407
78 415
475 46
394 382
368 491
124 443
406 19
241 462
274 484
317 462
463 279
240 413
379 397
323 22
109 75
155 242
268 397
347 499
465 96
144 462
183 466
233 34
69 443
2 219
141 346
17 346
88 362
100 352
13 423
457 367
293 6
375 392
423 346
197 421
482 414
148 159
476 262
447 418
387 496
450 429
36 379
422 323
287 392
341 397
220 143
35 98
63 476
180 451
430 364
305 244
288 419
320 372
267 16
458 7
473 84
34 202
168 202
445 327
242 403
3 459
276 377
298 336
277 450
38 185
215 168
195 84
228 433
54 486
82 332
152 467
116 202
187 387
203 434
360 362
47 381
173 278
238 493
490 58
106 313
200 7
389 202
170 467
83 73
165 388
194 480
20 395
97 185
334 108
455 415
373 429
480 367
87 449
19 388
404 333
119 386
149 446
393 448
308 278
343 244
487 84
210 196
261 272
166 184
431 152
127 485
71 202
286 408
245 202
403 343
45 453
110 245
265 242
411 169
37 451
93 407
400 410
24 496
140 313
64 491
112 308
131 202
453 419
122 336
213 322
76 23
217 440
227 201
146 143
235 20
348 152
279 73
326 495
374 342
378 308
185 413
223 184
428 440
446 183
275 415
367 35
399 75
46 466
156 159
182 451
351 125
380 346
303 452
339 315
160 270
419 322
207 364
114 389
21 384
57 448
255 336
336 35
0 455
405 246
421 482
292 368
209 422
325 356
244 454
147 474
111 483
385 202
442 432
290 409
243 419
335 398
300 213
340 482
407 397
498 225
230 171
246 486
369 454
232 357
79 468
134 213
331 364
139 413
236 341
270 376
396 403
392 489
98 412
193 270
382 391
440 318
494 169
433 361
70 191
272 385
102 484
104 386
252 353
128 333
172 32
239 0
327 202
181 0
190 474
120 428
410 392
58 20
91 270
307 183
250 35
311 146
414 270
464 428
5 489
22 308
391 244
257 457
499 490
401 202
361 333
11 466
113 467
158 496
40 264
365 464
469 198
301 454
39 39
366 315
65 242
133 73
225 387
294 499
26 308
89 167
177 168
486 245
94 441
383 146
49 6
179 496
29 459
358 397
75 202
282 196
42 456
466 499
199 348
262 407
295 22
72 172
206 308
84 184
313 436
333 419
402 368
53 489
174 495
432 386
349 451
497 402
443 368
23 185
103 410
237 185
370 383
452 98
309 413
427 324
356 183
493 418
364 184
27 308
425 274
219 459
329 305
121 34
218 333
159 84
460 419
441 383
107 112
409 455
299 364
202 493
192 489
426 112
314 107
434 403
297 357
436 410
454 445
451 108
489 428
51 196
10 369
1 202
479 402
322 345
420 191
31 11
477 456
359 392
330 403
178 420
488 464
381 73
281 410
285 356
345 482
86 445
55 386
398 374
408 353
413 464
324 387
296 185
191 98
371 11
357 324
459 90
280 386
310 272
162 1
249 397
424 1
41 427
471 324
372 457
448 391
495 185
273 169
291 454
226 376
12 472
130 201
304 440
353 399
449 245
198 356
316 0
222 89
184 490
234 0
231 308
167 303
61 440
176 493
101 146
205 460
136 346
74 270
169 399
33 452
363 376
