img007.jpg img037.jpg
154 300
248 4
311 4
440 420
27 300
156 172
283 368
204 451
251 8
157 4
19 487
438 12
122 106
450 408
14 252
264 42
404 420
284 300
234 41
499 33
400 368
462 491
465 368
158 390
85 97
178 279
415 411
183 115
451 436
363 300
38 214
414 279
145 379
58 228
276 458
1 485
225 165
193 379
271 379
485 23
460 109
412 433
196 178
340 31
487 470
273 356
88 491
53 153
300 31
494 425
260 438
481 276
40 106
479 470
68 248
212 156
372 117
162 169
353 298
335 295
304 419
386 33
421 378
428 247
197 31
324 260
383 273
360 458
398 491
320 438
43 205
380 420
207 243
491 34
223 345
446 60
417 313
160 47
42 55
259 107
348 365
231 261
263 25
32 243
174 125
206 398
373 199
126 407
278 250
402 33
441 470
34 337
484 276
202 488
131 451
294 300
492 230
425 117
132 307
452 288
77 109
18 488
303 487
55 106
467 163
444 470
351 201
147 480
163 89
346 279
61 390
137 488
161 50
422 475
185 18
198 347
476 474
313 106
159 445
343 44
149 156
213 399
239 491
392 488
238 216
24 178
219 494
457 470
423 81
188 45
307 491
390 458
229 399
9 214
246 302
190 379
458 90
96 457
111 81
139 243
477 439
344 379
250 1
333 434
94 168
110 368
141 338
266 97
54 443
282 379
408 368
456 81
121 55
366 60
20 491
387 228
490 472
328 118
254 432
310 140
180 45
338 43
493 491
177 85
318 397
36 219
153 70
289 3
170 485
341 295
215 491
445 425
72 199
50 443
322 328
11 238
436 187
129 61
480 54
356 491
326 438
150 27
70 242
378 176
362 434
469 401
497 113
230 460
166 483
21 24
66 492
90 366
200 248
123 47
217 220
116 342
173 410
471 187
205 47
468 242
15 348
255 220
69 115
143 487
228 121
287 219
249 24
437 293
461 141
293 92
124 106
474 393
397 0
253 407
218 255
381 21
265 68
261 347
379 219
495 70
367 433
312 266
463 215
431 346
127 368
112 156
330 420
442 228
2 106
364 323
62 315
224 438
329 414
281 356
449 466
496 320
101 368
169 387
138 433
374 326
371 165
321 480
393 269
91 18
109 3
286 157
482 115
306 269
57 144
262 442
291 139
60 443
120 7
257 85
389 43
59 390
82 425
95 433
79 260
316 438
347 462
8 483
208 483
295 438
342 491
411 318
395 136
80 192
327 145
336 394
83 133
277 331
426 402
385 271
103 385
104 447
269 42
359 474
377 368
488 203
151 218
305 154
221 315
420 204
172 436
325 61
81 483
301 186
455 378
97 420
368 32
439 379
350 463
308 262
384 204
391 230
396 134
134 215
44 387
67 159
71 184
309 125
489 191
117 186
242 338
466 69
235 384
296 214
352 314
448 483
92 284
211 491
37 439
453 77
272 204
247 196
23 472
26 176
245 391
258 219
86 91
106 24
76 45
28 229
89 326
56 58
334 183
140 250
399 443
323 75
290 208
405 320
339 174
464 60
459 122
165 283
16 485
288 69
382 196
63 366
179 228
164 124
17 255
297 165
168 153
268 283
424 76
226 50
203 315
241 211
407 452
119 497
181 471
315 452
176 474
361 378
280 97
470 287
447 136
285 305
357 186
135 219
435 101
443 201
475 201
12 439
192 51
7 312
3 40
105 172
409 400
64 150
118 56
107 38
275 75
403 144
433 289
222 33
483 113
317 219
30 265
358 5
232 200
237 69
355 342
29 267
5 422
182 260
10 156
302 101
31 202
220 192
274 18
429 130
331 119
6 8
114 269
401 463
144 24
171 69
243 74
22 317
473 393
209 129
194 307
227 214
354 47
349 93
65 248
125 229
369 475
84 259
186 73
279 315
388 213
454 223
74 415
78 18
256 480
394 174
133 267
345 269
432 202
299 177
51 217
434 101
4 370
240 488
270 229
41 214
498 33
0 66
406 365
267 182
216 37
155 153
75 262
233 445
175 233
413 407
201 38
189 93
39 233
191 123
187 69
370 104
365 271
100 156
486 309
45 226
252 133
195 309
236 139
47 20
319 238
184 300
33 81
478 320
142 171
430 398
292 205
87 141
98 256
128 224
108 139
244 179
115 490
314 390
214 154
25 447
46 267
73 75
52 206
148 233
102 190
375 65
418 281
130 308
210 185
35 296
298 30
419 101
410 222
48 407
146 177
93 28
167 497
99 321
337 268
136 84
13 210
427 125
113 156
376 60
152 45
332 20
472 119
416 330
49 201
199 207
