img009.jpg img012.jpg
462 494
491 494
496 227
12 85
332 432
31 3
489 399
245 165
84 85
99 432
308 210
352 170
429 289
386 147
22 3
280 245
441 364
394 223
29 85
473 83
79 3
149 361
266 85
110 41
490 289
76 85
97 85
20 85
73 85
136 3
124 85
459 289
190 3
317 374
495 344
484 428
19 3
254 361
401 364
218 91
407 346
81 85
180 397
466 62
349 245
451 10
290 428
467 344
21 3
361 440
331 360
175 349
318 344
155 85
157 396
275 85
362 147
486 458
259 53
382 35
52 207
192 85
384 368
279 297
390 339
28 85
287 39
80 450
38 76
78 322
91 85
358 89
215 361
109 353
27 3
450 328
158 85
443 36
316 377
63 413
262 85
285 357
135 309
213 397
39 193
100 85
140 85
272 411
300 316
430 113
133 3
216 361
241 238
415 449
25 85
224 396
14 396
132 3
159 133
454 69
120 323
465 459
117 357
326 89
107 85
68 223
47 211
142 396
406 429
92 264
494 389
88 152
206 245
311 174
13 85
405 487
492 310
256 85
251 397
229 357
184 85
236 334
309 77
156 322
72 85
90 85
123 397
85 85
237 361
351 59
323 81
154 322
56 85
435 272
292 266
26 3
34 85
413 272
475 115
452 428
214 399
37 357
70 269
11 85
53 422
387 113
113 207
339 198
89 249
148 388
169 431
343 115
367 396
420 294
150 413
222 397
281 363
239 111
277 311
252 316
126 76
357 367
278 396
434 399
64 388
41 328
378 389
223 396
198 396
248 41
71 161
307 266
356 54
33 85
348 377
128 3
432 288
493 396
82 435
44 357
338 363
471 490
185 85
240 85
134 3
257 450
393 40
62 428
385 353
83 85
336 368
414 98
138 12
226 357
5 476
297 397
431 133
408 351
469 188
118 85
476 7
404 233
288 85
376 485
202 451
364 170
366 221
194 62
324 188
15 114
145 497
244 331
263 396
425 36
276 85
461 437
51 337
306 53
403 396
483 498
35 85
488 202
260 89
344 170
86 361
193 249
440 141
6 85
112 53
267 396
379 330
227 357
282 91
437 310
301 377
54 85
114 85
421 351
446 115
102 336
428 370
438 188
313 245
449 198
127 357
426 3
283 136
295 380
333 283
204 280
111 216
87 397
161 430
247 450
427 95
152 464
345 194
497 457
151 430
217 396
211 438
225 361
183 76
355 430
436 351
302 452
334 413
291 208
424 335
422 265
470 302
342 190
388 207
168 430
209 413
479 302
220 364
261 428
179 450
365 223
337 85
17 377
189 361
478 89
7 357
219 430
270 61
474 377
178 450
315 377
69 357
74 85
304 208
122 85
94 79
340 445
460 176
60 428
455 410
472 385
3 413
48 357
146 423
253 434
433 283
144 85
235 430
18 274
293 396
321 293
286 357
228 357
106 234
147 85
195 430
231 430
453 198
181 127
197 430
233 430
350 268
66 413
400 4
416 437
46 85
162 428
187 6
131 85
125 430
250 430
196 91
445 386
101 360
205 378
402 9
55 85
310 41
43 458
170 259
10 85
75 450
191 85
57 256
269 428
298 397
137 377
372 457
67 432
40 64
353 6
359 310
417 303
172 322
200 57
207 230
139 428
439 342
320 480
77 85
299 405
42 413
391 310
423 115
108 357
65 118
284 388
199 292
210 19
176 428
327 42
370 333
45 266
485 200
377 428
50 85
119 430
61 198
418 223
167 388
246 48
360 301
36 357
383 385
398 258
329 198
296 221
143 374
234 430
392 30
165 430
319 73
103 85
4 357
104 427
442 468
201 316
464 259
153 440
274 386
129 357
457 411
369 184
499 208
482 198
268 396
328 206
458 258
480 165
468 272
58 431
380 142
371 140
163 101
208 198
141 393
456 23
188 361
255 61
264 85
105 88
325 396
98 69
330 396
399 403
8 357
2 357
294 125
232 430
395 312
363 3
242 430
171 428
341 387
322 468
448 323
24 181
312 359
447 267
412 147
373 352
16 3
59 411
347 42
164 413
289 181
49 377
389 311
396 106
186 120
381 458
314 339
305 10
93 322
463 115
230 202
182 166
477 52
173 388
481 327
116 430
1 85
354 334
410 430
203 357
335 85
9 337
444 322
221 202
30 463
121 85
411 274
96 306
368 321
130 44
346 281
498 66
238 64
374 386
273 104
419 496
32 276
409 335
0 430
115 337
397 239
375 406
249 303
160 428
174 413
271 98
243 357
265 430
95 388
23 31
177 85
303 395
487 279
166 274
258 430
212 386
