img003.jpg img037.jpg
235 433
478 474
394 248
301 433
343 379
364 248
452 248
409 379
241 483
8 369
92 450
303 433
99 433
34 475
146 300
254 345
445 33
1 347
349 474
405 243
94 491
129 153
455 81
292 460
397 379
128 228
379 425
237 433
426 433
375 433
469 174
209 50
296 438
210 291
140 69
488 385
150 248
306 101
78 14
313 379
178 302
396 205
418 193
208 337
311 279
401 81
232 32
285 205
465 47
157 178
462 466
143 300
109 474
66 433
191 470
121 369
21 64
246 46
380 401
112 493
103 487
484 455
203 167
3 115
93 255
41 335
159 42
7 491
389 436
40 376
136 450
299 92
340 474
123 199
393 195
430 115
89 38
18 216
90 230
200 419
376 157
23 229
64 10
339 248
288 481
222 0
330 109
26 461
346 433
360 47
211 491
91 79
162 438
298 0
65 407
204 478
258 345
334 44
443 401
350 248
32 433
55 204
240 155
84 170
336 79
357 97
328 93
486 170
15 487
391 29
183 80
184 170
466 310
439 77
25 106
149 106
214 144
205 204
316 474
190 125
367 268
172 302
215 466
307 115
139 201
167 21
499 235
407 79
335 313
24 343
390 23
72 259
37 216
120 335
429 154
145 208
468 452
160 292
282 204
16 401
169 449
138 300
152 41
483 77
9 228
106 75
308 39
382 287
370 337
19 382
431 369
53 84
385 179
97 125
243 335
434 498
300 310
402 61
451 402
0 11
5 487
315 443
12 464
471 216
450 433
485 194
272 45
220 196
266 248
260 77
470 273
173 333
421 10
30 455
449 387
259 292
325 401
476 486
493 226
362 201
423 334
76 491
291 390
119 401
417 141
383 120
318 186
170 75
187 176
283 338
327 77
447 201
155 201
242 132
302 71
234 99
2 474
281 248
433 205
352 480
193 144
20 490
75 113
363 451
107 52
324 40
348 455
323 268
314 155
477 320
480 248
255 61
59 491
151 439
344 100
410 158
82 100
294 148
96 210
227 312
176 288
487 425
223 203
277 265
252 456
427 337
124 216
460 179
117 321
278 118
206 179
257 490
175 0
31 176
85 414
141 137
345 313
366 84
33 103
378 174
166 308
475 122
154 60
226 116
441 379
192 29
442 483
464 189
11 201
81 109
365 7
47 199
27 279
322 268
54 225
414 474
56 462
88 125
276 442
392 24
338 125
188 425
413 174
98 432
185 228
156 300
279 305
354 248
44 179
42 34
372 433
374 174
14 390
110 267
271 50
70 123
280 269
48 417
387 288
489 191
174 223
256 453
381 441
10 486
29 42
482 279
198 274
158 92
101 225
182 90
207 306
186 284
67 480
122 123
425 248
69 276
125 394
453 93
36 315
202 276
333 81
51 61
341 274
46 47
49 335
95 406
113 136
293 288
163 61
111 315
217 443
474 460
13 168
35 425
130 465
201 401
269 29
6 90
415 228
43 129
239 170
114 183
274 347
137 166
358 337
249 434
265 101
144 321
213 147
472 336
337 297
473 248
58 245
73 460
420 200
448 24
454 280
108 37
247 0
104 268
132 183
250 406
422 480
164 248
233 276
467 268
424 0
196 492
228 201
126 458
131 115
377 313
457 122
57 465
253 111
368 91
384 44
22 220
440 248
238 101
216 460
50 187
4 274
395 314
199 496
229 147
411 434
408 29
497 286
319 289
355 425
224 113
304 275
481 235
180 310
491 299
127 300
326 260
118 400
297 390
284 492
74 443
419 195
194 451
479 66
189 446
287 92
312 5
342 151
356 199
168 326
268 316
261 463
373 442
52 322
179 406
230 314
62 481
38 349
494 455
305 261
416 303
436 120
290 273
498 339
28 371
264 228
404 391
61 471
218 465
263 401
331 270
195 238
71 455
219 77
400 84
225 27
496 250
17 447
115 481
236 145
388 269
492 50
244 228
406 80
459 411
386 43
45 128
116 312
412 205
444 31
273 75
262 146
100 451
495 16
63 456
39 365
197 377
105 387
275 474
77 263
80 337
181 58
321 29
347 363
461 144
320 289
371 463
446 275
147 407
86 296
245 373
171 455
399 118
289 359
432 489
359 232
329 179
79 176
212 144
251 111
165 252
270 358
153 201
135 407
428 324
310 406
221 136
456 271
463 145
267 61
435 386
231 22
361 360
403 406
68 82
286 85
438 407
60 466
102 466
295 107
398 39
332 84
133 474
437 497
148 200
161 93
177 411
458 58
351 397
309 411
87 303
369 335
83 305
248 200
353 406
134 305
142 44
490 113
317 132
