img002.jpg img025.jpg
275 208
417 81
438 52
312 88
444 81
89 342
223 67
111 220
204 25
266 208
348 52
167 67
470 73
103 342
247 375
146 438
479 69
478 52
401 216
193 81
341 69
342 24
333 24
403 126
285 77
319 430
101 481
360 187
424 7
182 395
366 138
237 152
171 85
326 7
464 8
448 438
184 467
108 143
409 16
212 68
79 81
36 4
328 138
95 254
168 418
51 342
199 397
294 20
72 417
197 90
137 94
163 429
425 283
6 36
162 152
105 24
242 94
160 73
302 69
26 106
217 305
441 467
396 8
239 66
343 401
493 412
139 481
461 394
420 68
23 286
161 71
402 379
211 302
150 343
413 52
476 412
254 175
188 265
451 216
307 146
394 82
411 233
11 310
468 52
382 474
340 208
434 60
64 154
157 138
433 154
350 129
115 482
481 129
121 157
329 19
174 152
28 144
261 296
221 68
371 442
296 121
439 73
132 302
225 168
172 106
292 397
457 19
399 100
494 327
289 156
322 242
62 256
251 185
87 131
232 278
291 375
86 24
29 129
98 19
131 68
24 206
209 290
18 161
148 260
376 287
189 145
140 161
74 185
314 328
378 223
415 283
432 175
60 292
487 412
220 266
159 165
286 80
284 215
94 256
47 254
99 132
222 414
449 161
445 254
3 235
154 256
280 66
338 488
68 22
323 94
153 495
249 135
385 36
164 233
310 325
4 224
91 283
352 247
431 19
202 66
207 262
241 266
0 115
336 316
92 212
45 284
130 278
447 227
125 43
216 179
386 16
353 23
391 484
52 258
100 429
170 94
135 411
387 274
416 100
44 481
113 479
235 121
383 438
106 348
143 14
17 305
55 344
347 213
380 71
482 264
141 152
12 62
78 342
82 411
475 460
1 343
316 36
492 208
19 484
203 429
491 76
43 256
270 206
272 38
90 88
210 118
498 442
69 94
460 208
297 138
250 251
373 57
407 429
287 268
349 263
73 163
227 187
388 254
5 250
181 129
390 268
357 397
2 24
127 94
176 350
65 60
450 314
427 395
165 465
368 62
473 283
66 312
346 376
273 52
224 122
354 353
477 429
114 254
228 333
37 410
134 28
281 171
334 48
252 38
253 8
337 236
138 296
226 268
453 444
214 215
58 255
317 44
136 412
152 215
183 225
456 134
27 52
117 348
298 256
133 161
192 14
40 296
497 326
48 106
408 376
485 439
34 360
300 179
372 16
311 206
480 161
25 227
118 403
255 218
496 254
15 482
21 95
335 404
238 68
430 405
488 465
7 123
414 77
422 247
486 472
16 233
208 471
345 138
465 16
109 143
495 259
196 22
446 392
179 67
410 179
93 54
245 238
190 319
331 451
30 15
112 278
149 134
262 66
320 308
404 226
124 207
116 114
293 250
392 199
81 470
96 395
290 52
355 134
406 87
418 379
344 163
389 428
151 471
452 38
499 94
20 265
234 197
398 131
277 402
155 60
263 256
426 93
309 331
180 3
213 249
301 483
315 38
490 310
198 378
339 376
178 81
489 471
364 333
325 4
8 352
274 190
265 256
38 338
122 206
57 96
305 86
240 334
248 24
367 312
257 413
185 333
259 260
321 129
369 29
9 119
428 56
440 165
194 145
421 224
327 216
384 113
462 19
54 445
32 31
187 71
271 311
304 437
85 170
200 250
397 216
70 45
56 216
41 219
119 463
236 32
107 160
84 212
33 311
63 48
484 124
13 203
324 352
395 213
76 247
59 60
244 172
88 390
46 272
256 429
303 337
459 412
80 387
102 197
374 360
71 60
370 68
365 375
400 106
423 80
67 445
243 244
233 223
175 338
405 275
429 146
156 311
375 406
279 247
358 36
10 394
195 349
77 302
201 444
361 56
377 179
268 132
205 189
455 238
306 217
295 238
381 52
471 431
123 383
128 477
144 167
42 33
173 73
362 256
219 73
264 349
437 262
276 262
466 285
299 305
472 109
22 285
158 262
269 287
142 352
363 348
356 485
278 19
454 412
75 62
169 85
49 381
288 19
231 62
443 183
147 80
31 295
14 210
53 158
393 121
467 56
463 283
229 412
282 148
206 320
419 300
351 459
435 377
474 430
129 382
458 412
379 262
35 85
258 104
313 80
186 444
469 190
436 468
283 348
332 36
318 187
483 152
50 132
412 213
126 255
230 38
110 305
215 143
120 457
97 364
166 295
191 351
83 410
39 95
442 428
260 56
61 266
104 166
218 66
246 299
308 107
267 388
145 119
177 493
359 431
330 84
