img000.jpg img030.jpg
465 361
388 250
14 1
37 15
43 103
138 99
6 15
84 106
75 15
49 381
235 106
134 15
395 368
225 366
120 151
192 15
80 15
259 326
19 15
496 25
461 338
351 381
93 25
318 326
116 119
18 1
106 363
131 51
499 217
90 15
158 1
74 240
405 426
166 1
236 1
146 15
46 51
255 151
4 99
211 106
202 419
96 437
172 15
47 39
87 219
118 51
190 1
191 106
141 401
89 372
404 344
342 391
350 137
347 119
437 359
339 266
371 419
195 106
441 91
108 99
307 137
180 33
193 1
356 291
208 467
34 463
348 343
30 224
99 1
20 1
364 146
61 15
136 15
133 326
194 1
35 326
324 495
230 98
263 88
169 419
444 402
88 231
125 25
316 381
53 457
232 495
60 221
462 207
219 99
273 1
28 99
332 272
292 232
299 49
59 51
86 106
390 388
469 201
92 124
413 333
377 44
260 223
407 234
144 391
162 1
12 1
40 314
442 388
185 106
26 52
360 360
188 15
302 419
419 217
110 116
304 333
105 216
362 88
56 401
386 430
135 484
173 15
387 479
239 326
248 60
176 15
95 338
196 481
411 419
431 83
433 100
218 99
303 344
5 99
98 365
329 388
213 208
23 263
491 234
132 15
358 49
184 60
78 106
486 207
179 344
189 15
283 281
174 341
112 406
155 1
393 384
79 1
209 106
117 326
104 271
494 412
48 50
69 106
231 98
310 272
157 2
170 318
175 264
25 15
440 288
271 428
401 297
50 406
313 137
124 124
204 99
233 169
338 391
164 484
336 217
489 0
344 388
288 310
217 132
222 326
365 275
54 386
57 264
115 326
335 22
373 173
0 184
268 154
277 129
73 233
68 15
85 407
398 31
400 297
42 15
450 360
270 325
31 26
361 412
245 49
149 180
323 368
121 312
266 13
478 456
370 338
403 448
498 463
397 251
448 257
261 329
289 301
343 14
102 217
315 332
206 444
331 118
454 491
178 137
328 480
111 77
272 15
346 481
77 365
244 79
242 333
320 471
359 264
2 58
226 484
238 58
435 168
416 489
483 276
32 498
321 377
109 265
216 245
285 166
237 350
340 442
251 436
306 385
186 1
290 366
488 296
63 420
122 308
221 404
128 15
214 355
475 94
91 114
200 324
301 391
224 227
281 205
300 291
246 426
171 325
24 297
156 145
458 456
113 263
399 119
282 10
181 33
384 51
240 51
493 270
312 112
220 35
241 398
410 132
456 480
354 293
490 439
284 225
100 44
426 379
7 17
311 256
38 328
8 426
39 115
64 385
467 223
210 19
21 447
438 422
337 297
252 317
374 215
264 107
482 183
167 60
473 123
286 95
203 430
142 263
150 77
394 193
408 353
479 101
423 266
67 98
126 433
207 249
168 430
72 49
199 15
392 168
459 79
420 491
103 325
187 1
366 259
1 106
424 378
363 480
412 225
447 266
464 102
9 477
151 385
429 483
380 207
436 270
474 212
497 241
262 481
293 240
372 471
253 45
345 271
94 479
409 91
425 427
29 244
107 242
33 2
294 91
44 53
76 446
130 289
472 81
296 323
317 32
159 444
152 488
45 64
183 291
418 166
250 33
254 160
123 484
452 251
402 123
66 69
325 485
140 487
197 13
228 263
201 60
379 451
280 19
41 479
258 266
414 272
492 51
82 411
97 455
378 366
391 378
65 297
3 484
81 106
279 87
382 92
27 316
229 15
376 231
381 479
434 140
22 479
295 297
327 416
427 350
13 101
161 102
257 170
449 445
165 316
275 238
177 297
446 189
353 102
51 206
330 387
16 464
357 294
481 391
243 464
15 216
154 497
274 470
457 369
415 207
439 388
445 86
495 481
314 381
11 353
70 496
227 112
471 209
297 314
309 397
470 450
137 265
385 69
143 20
406 134
198 254
319 455
432 203
466 477
375 168
367 207
119 460
326 251
422 330
265 267
389 123
163 416
145 446
322 449
487 445
17 74
368 471
333 272
234 499
453 324
352 345
101 245
485 200
383 465
71 352
468 469
443 338
484 186
129 334
455 30
476 456
139 395
153 130
10 102
396 88
305 149
58 317
463 33
52 212
212 134
287 386
308 450
215 473
477 58
160 416
247 17
417 43
349 499
114 494
334 376
223 333
430 334
127 389
291 430
205 291
278 305
480 234
36 192
276 434
249 60
83 301
267 405
421 33
460 42
148 264
147 135
182 60
298 101
62 376
428 48
369 329
355 32
451 304
55 429
256 27
341 192
269 23
