img031.jpg img069.jpg
373 122
278 122
46 387
421 122
339 215
243 408
330 274
170 483
446 475
27 430
9 204
314 10
145 176
241 139
246 122
78 241
32 378
263 224
117 141
142 373
186 306
427 463
173 377
191 348
224 111
385 192
91 35
149 204
452 122
37 279
30 35
488 241
192 306
212 336
456 482
42 303
414 230
81 396
479 475
416 236
239 479
245 179
114 364
381 155
443 155
418 486
279 364
22 405
297 450
8 176
128 389
2 141
361 9
399 449
451 245
276 418
438 122
448 486
251 38
289 176
454 230
23 176
100 16
413 364
105 221
403 34
94 381
481 236
185 475
1 220
233 174
53 279
307 280
386 90
474 155
109 390
89 253
225 422
210 281
39 67
395 294
465 236
52 171
320 364
332 38
141 483
157 204
412 122
82 282
174 161
143 453
158 202
68 255
387 435
101 106
299 19
3 50
208 224
312 336
392 179
335 199
56 221
88 155
238 118
271 390
346 19
304 257
63 228
204 67
410 392
357 198
187 123
447 179
406 91
137 463
57 202
184 71
409 62
352 329
358 418
131 140
195 16
247 433
389 141
211 418
150 280
144 468
119 19
377 273
125 344
177 204
71 13
115 418
65 404
197 189
169 465
70 398
458 122
240 499
493 364
156 216
215 443
206 235
338 463
453 339
441 34
227 164
283 444
343 413
429 161
190 193
390 179
449 346
59 214
250 285
471 331
15 13
492 417
113 69
220 345
491 407
47 214
205 120
351 106
462 438
270 113
440 339
189 252
353 204
461 402
255 141
356 141
472 140
188 453
87 189
129 410
179 284
282 417
290 316
327 140
45 218
67 236
340 236
313 497
124 345
60 202
99 291
103 447
374 475
111 462
232 174
323 285
231 497
434 443
154 263
90 146
102 192
459 236
228 302
371 245
139 381
295 134
463 404
274 38
333 257
108 475
34 94
268 394
286 435
426 159
62 378
265 132
363 280
110 228
209 46
404 190
433 62
468 387
388 484
135 387
318 479
355 277
349 147
411 134
296 487
487 49
417 161
175 334
148 454
161 46
176 355
222 425
378 215
126 160
396 497
13 19
298 392
435 141
364 257
477 49
219 273
464 435
497 142
96 132
116 233
140 6
496 393
303 67
264 461
322 111
301 155
123 228
167 280
25 396
127 43
258 499
193 241
83 284
217 4
398 155
494 211
11 421
229 387
308 481
348 67
133 447
155 168
329 251
466 49
277 453
292 256
93 216
40 428
432 461
80 352
393 253
420 407
166 455
235 94
470 499
20 359
48 462
159 141
49 26
55 192
309 484
379 201
380 390
152 484
6 4
285 349
375 159
267 381
259 43
334 360
483 334
92 428
97 50
10 479
181 441
328 36
132 214
428 471
43 234
269 263
26 199
482 252
405 430
310 244
370 353
280 494
397 211
425 438
236 415
275 209
134 475
162 336
408 274
54 485
242 381
266 446
95 14
79 475
153 227
430 140
437 475
7 480
372 440
163 46
33 29
122 282
200 223
19 326
171 285
439 272
485 391
226 156
244 281
64 228
194 464
490 176
284 451
58 226
85 329
261 155
498 224
51 297
291 68
347 294
66 237
415 162
345 50
384 47
213 442
288 413
460 62
74 398
300 184
478 78
214 52
489 71
73 108
436 464
165 46
336 69
366 161
311 142
253 23
252 228
442 49
237 372
24 69
201 344
473 18
180 13
121 22
31 32
164 331
319 422
146 396
120 499
72 253
495 366
368 263
376 53
106 407
160 64
302 158
248 160
341 38
469 3
475 281
86 485
203 249
5 253
230 453
249 394
365 331
262 163
178 428
383 483
467 161
183 321
321 228
207 403
294 284
147 263
202 256
257 77
50 469
38 335
107 141
331 265
315 389
394 35
354 257
419 486
118 145
216 64
76 444
256 47
260 321
423 38
431 302
28 454
367 79
362 123
130 344
21 484
104 232
172 281
325 23
18 416
499 282
221 1
445 381
480 77
350 201
400 487
407 314
450 396
199 199
326 454
0 224
77 30
337 29
223 293
401 21
138 185
360 38
273 45
344 211
272 382
29 30
44 191
182 472
324 282
168 128
198 347
484 493
196 326
402 481
476 18
218 484
112 265
136 426
369 381
41 300
317 47
305 204
36 365
382 316
455 435
254 452
391 174
424 387
17 16
359 220
75 320
4 160
234 355
12 268
287 120
151 341
281 36
84 244
61 256
14 316
486 123
342 169
35 326
293 229
422 484
98 454
316 418
457 329
444 116
16 328
69 287
306 221
