img017.jpg img035.jpg
243 441
329 462
25 354
13 352
343 108
53 402
281 438
326 347
262 347
332 441
306 440
153 438
14 439
178 440
201 347
266 498
258 440
231 470
154 440
443 180
234 348
337 280
151 348
255 347
119 440
179 440
70 440
244 470
382 350
146 397
60 497
250 440
312 470
118 439
44 352
311 440
136 440
233 398
257 440
180 440
263 347
313 439
155 440
240 440
301 440
62 239
26 368
248 347
408 108
8 398
59 200
3 440
232 439
35 402
113 372
68 440
349 342
176 440
282 498
204 438
215 440
132 402
48 360
228 398
159 440
222 487
138 397
425 229
61 470
269 347
166 398
149 438
105 440
101 372
265 347
295 147
247 440
4 440
317 258
442 147
164 440
310 441
194 347
147 439
181 440
270 125
393 57
307 114
183 239
227 347
239 441
340 262
461 100
2 397
264 213
163 440
481 12
156 407
184 372
192 440
69 438
420 147
376 262
38 419
110 440
246 348
463 154
366 437
388 461
34 239
392 473
445 75
15 440
144 347
177 370
165 440
218 374
158 438
196 133
277 375
95 440
65 403
197 348
355 444
42 402
276 347
397 441
102 433
79 143
81 302
418 75
41 294
6 398
31 258
16 282
57 440
137 441
365 147
96 347
386 154
135 347
303 440
297 114
150 418
261 374
5 372
97 57
82 470
256 470
1 213
195 332
203 254
133 440
223 272
339 303
182 497
324 493
219 347
441 220
391 332
108 445
483 446
472 147
142 385
308 438
370 468
128 360
190 372
224 440
64 494
88 470
249 40
225 350
83 148
162 387
385 308
464 375
494 223
210 350
87 317
254 213
268 82
299 239
372 441
485 100
85 393
23 372
55 347
157 348
229 239
475 75
98 439
123 439
465 494
387 395
21 348
33 94
241 354
288 413
449 154
63 438
78 497
171 368
433 433
17 439
130 350
399 234
91 317
293 326
214 350
226 439
300 354
291 55
152 440
145 142
259 303
394 350
467 308
252 51
284 8
77 434
314 480
100 438
406 384
431 461
221 303
383 238
363 324
419 494
335 308
7 445
188 329
389 40
20 397
141 213
292 138
364 75
185 66
220 347
327 221
148 497
367 41
401 84
80 323
206 147
405 213
274 250
29 95
172 438
411 239
36 323
242 274
373 407
76 493
73 101
321 381
371 40
374 348
161 398
89 288
278 466
286 386
272 310
318 94
480 49
395 368
71 46
54 288
305 172
309 374
423 4
207 336
290 324
209 426
348 363
369 350
216 350
404 317
403 317
484 130
245 455
356 497
499 330
43 355
200 401
273 441
325 315
357 352
287 272
486 469
381 211
474 13
427 351
440 308
280 77
251 250
457 164
493 239
173 413
58 473
322 154
296 350
294 350
377 438
415 449
491 154
92 441
170 392
338 67
446 389
217 70
413 389
417 40
187 445
205 110
409 28
117 92
260 442
476 230
336 381
330 24
351 413
451 355
49 354
323 250
396 0
422 365
74 376
169 469
350 374
24 385
334 82
125 286
208 330
72 405
236 94
279 24
495 170
126 269
497 40
99 203
75 160
488 487
112 319
90 387
444 136
375 308
455 475
452 480
30 343
140 457
283 489
390 40
346 37
238 138
198 347
333 308
482 270
487 414
103 154
352 260
342 408
186 64
94 56
468 303
37 24
107 308
127 239
424 306
430 330
437 446
267 339
19 413
28 428
315 350
436 459
253 43
319 330
435 48
46 85
477 363
344 77
212 474
271 433
285 117
447 286
18 167
67 203
134 174
289 396
380 254
439 375
111 469
331 269
143 224
12 293
354 235
189 45
429 135
470 470
115 24
400 20
471 40
428 154
460 330
302 196
32 370
426 161
47 328
124 86
298 480
456 147
360 363
361 250
109 472
450 0
66 264
160 191
27 407
414 156
328 420
379 161
466 363
353 133
358 489
104 374
496 104
45 202
9 76
345 392
412 388
106 9
51 347
359 299
459 165
93 140
174 254
498 239
320 381
448 161
168 150
421 269
473 172
11 105
84 92
122 0
407 17
121 416
492 0
347 380
139 155
410 254
490 360
341 122
193 96
478 172
368 375
86 76
199 15
235 127
114 363
50 302
316 389
489 239
453 68
378 350
416 273
479 318
398 147
213 413
237 369
202 392
120 378
438 129
434 328
131 325
230 226
10 137
191 326
39 151
167 405
40 197
52 39
384 71
469 242
275 469
304 121
22 216
454 172
362 392
175 193
402 289
462 71
116 16
0 254
458 392
129 343
432 392
56 336
211 343
