img003.jpg img069.jpg
340 224
411 142
316 224
464 497
156 253
0 241
24 10
445 499
298 116
478 224
210 215
51 260
128 215
160 245
154 312
397 236
339 139
433 16
266 475
149 31
8 452
211 378
357 282
418 224
176 179
487 428
325 285
90 280
123 57
336 177
94 378
97 413
143 46
247 116
405 346
275 334
120 214
406 241
335 214
492 263
106 31
36 420
254 18
7 31
67 57
180 35
380 357
56 91
318 378
276 243
191 409
271 199
78 253
70 435
122 435
136 197
343 486
1 232
5 204
33 264
74 331
291 214
119 475
15 344
178 428
140 209
363 222
192 236
239 224
308 284
222 244
297 346
44 161
124 378
333 453
269 140
395 379
101 241
347 378
470 67
54 197
441 464
92 298
232 91
228 192
453 357
218 252
402 13
354 139
311 180
439 331
227 270
279 388
37 46
315 374
217 331
375 486
72 127
382 116
16 475
489 497
34 346
105 386
39 407
329 394
4 304
341 338
175 139
131 156
424 300
25 473
307 253
50 353
103 31
497 143
9 145
111 132
146 253
459 76
22 299
137 497
18 298
393 122
41 241
438 135
40 276
235 475
173 38
215 331
220 457
465 428
449 282
169 275
96 122
288 424
417 232
27 429
185 245
238 468
202 467
273 64
385 122
121 396
184 257
213 282
188 38
494 164
272 330
415 431
62 367
407 126
431 396
14 335
468 64
301 475
370 189
303 486
110 317
157 377
214 220
300 157
112 38
109 156
416 123
392 487
190 413
152 47
359 36
153 380
162 444
476 391
170 176
296 155
379 219
321 499
374 111
100 199
484 16
116 464
350 475
368 108
456 76
332 222
299 214
49 381
257 255
115 314
469 346
367 193
46 111
196 484
20 297
260 64
409 486
376 336
306 140
57 336
108 282
55 347
265 497
292 66
342 251
426 486
91 174
241 122
183 216
198 324
223 337
389 179
65 32
104 193
89 126
346 236
391 236
172 214
168 63
330 475
73 389
113 358
396 108
466 140
138 197
430 161
52 63
471 226
163 18
327 497
371 142
421 273
246 491
422 478
165 456
95 282
236 300
328 429
423 484
150 475
29 320
351 264
282 296
472 103
61 482
381 123
151 209
167 409
436 256
32 23
360 284
234 197
442 224
12 281
79 235
147 442
205 235
400 57
255 413
226 329
127 346
348 334
383 325
203 177
107 25
233 348
355 142
187 386
45 161
98 222
263 270
324 26
76 19
88 216
2 481
23 31
189 209
294 189
38 430
399 25
43 324
174 106
446 194
256 349
326 286
139 161
264 205
129 298
200 223
240 50
302 284
404 250
258 286
491 331
454 135
485 27
427 91
488 375
3 280
230 318
66 475
193 302
85 161
243 66
452 475
87 97
114 63
199 381
377 422
195 318
208 417
352 40
372 407
93 297
443 357
64 224
71 434
286 402
148 199
483 62
155 156
323 282
437 477
141 391
283 431
419 244
209 486
277 494
451 129
364 334
10 64
394 334
425 212
467 282
144 199
281 222
179 282
145 219
387 418
26 161
47 132
224 454
126 292
444 113
280 468
420 280
19 381
130 147
412 16
475 245
59 450
462 224
13 430
313 486
201 367
450 271
498 419
31 6
221 397
11 68
17 264
30 334
99 376
259 23
249 236
284 484
434 180
102 306
304 434
358 266
474 122
225 320
135 264
158 337
219 140
455 222
166 334
305 331
244 316
366 476
401 25
58 203
181 288
378 286
251 375
334 444
268 186
35 38
48 214
86 121
118 430
319 262
460 161
408 256
125 237
365 413
237 254
331 193
344 38
477 325
177 190
274 194
447 346
197 243
262 21
362 380
398 399
461 171
133 161
194 411
159 193
164 250
356 408
369 242
84 141
242 335
171 68
390 110
312 174
287 161
435 113
493 411
481 407
388 293
338 38
42 47
458 25
448 185
245 142
278 27
309 264
440 357
429 23
182 120
285 108
495 480
77 278
82 415
349 224
314 355
428 158
337 244
69 302
204 29
353 298
496 9
80 253
295 189
216 147
68 491
384 375
28 397
479 478
117 66
473 23
290 142
320 396
253 440
252 464
53 375
322 434
345 366
231 174
317 18
310 294
250 26
261 123
63 29
293 66
207 49
21 326
83 21
414 380
186 208
270 329
386 479
486 156
206 396
60 447
361 206
81 254
432 394
132 193
289 292
490 476
6 29
267 8
410 373
373 104
413 284
482 313
499 23
75 193
229 8
161 235
480 208
134 53
457 188
403 315
248 440
212 184
463 23
142 53
