img002.jpg img021.jpg
438 418
275 444
396 480
239 83
55 102
464 480
108 149
441 480
405 408
78 286
157 286
88 387
155 102
413 418
312 418
103 286
420 480
52 427
266 444
297 411
366 390
410 349
403 390
59 102
47 117
350 359
79 460
27 451
340 494
226 420
361 83
98 384
146 412
168 397
171 448
333 203
378 71
379 322
182 418
184 93
30 319
377 426
216 493
44 424
174 491
132 392
478 326
237 491
444 418
342 459
89 434
302 418
386 43
178 56
452 71
468 104
351 68
101 489
344 49
76 35
160 117
360 456
81 358
319 113
470 349
390 404
496 67
36 409
310 410
51 434
253 247
105 56
187 372
179 358
290 456
345 132
495 394
212 491
62 458
240 321
329 81
136 384
448 243
248 448
424 71
214 73
481 232
299 204
273 456
223 484
254 21
294 376
274 356
22 109
190 190
284 209
170 422
73 302
159 246
341 418
417 418
4 132
147 79
354 332
314 445
41 82
23 275
328 220
484 188
87 486
131 456
449 416
14 216
140 135
181 265
221 312
479 104
263 390
233 480
348 234
5 167
466 112
172 78
434 262
249 358
383 246
426 141
404 87
439 117
238 273
63 61
222 493
317 299
370 490
134 132
480 416
493 43
431 131
92 172
167 433
326 72
80 203
427 418
203 192
162 451
371 10
115 431
165 342
269 327
50 481
72 365
415 198
423 20
24 445
70 457
338 449
325 238
428 334
209 353
394 392
364 366
153 210
425 61
485 384
234 125
54 137
235 402
382 445
152 341
268 497
244 188
34 486
100 302
398 119
412 327
91 61
498 43
96 456
316 56
265 488
446 96
99 450
109 56
38 98
305 74
362 421
208 366
247 354
308 443
65 482
142 34
12 460
280 47
139 128
399 384
28 352
315 286
94 434
6 309
33 305
86 119
320 455
227 357
173 117
211 200
402 263
68 498
82 304
306 224
118 384
228 225
241 418
261 424
380 492
406 21
57 77
148 38
408 113
303 189
392 53
161 402
29 434
194 327
330 199
133 128
397 200
137 356
499 454
48 263
288 388
411 363
389 271
455 9
225 402
497 243
7 360
286 245
197 421
37 327
388 491
26 190
191 110
367 445
95 140
193 289
49 376
111 409
384 460
462 327
301 15
433 282
327 61
477 392
144 205
113 34
271 255
213 172
336 358
262 111
421 434
279 198
8 390
278 34
475 480
2 402
207 341
391 169
154 98
204 299
445 19
304 203
372 384
84 367
451 335
401 304
16 372
151 74
251 118
18 392
355 409
375 75
156 255
15 175
43 286
217 476
473 421
66 354
236 244
369 295
463 61
114 171
298 390
346 302
450 401
414 35
490 48
163 71
267 447
141 69
492 164
347 155
296 50
322 210
224 268
374 379
407 402
177 399
202 7
457 157
259 56
321 434
107 376
343 440
69 392
124 473
125 263
418 486
219 134
260 189
75 14
32 392
323 416
409 43
467 58
46 324
458 138
465 43
471 384
482 327
289 137
376 327
189 16
461 390
460 299
135 386
230 327
185 55
71 125
119 484
359 88
25 455
67 195
334 134
3 287
164 355
494 438
180 8
472 390
281 198
332 327
476 161
368 360
393 96
220 419
282 322
309 428
128 258
454 131
385 76
491 43
416 43
381 456
285 214
205 59
432 231
188 202
74 397
53 258
313 277
149 161
201 198
400 497
489 158
232 469
138 424
287 380
300 349
292 327
447 497
85 266
349 71
435 35
198 276
229 108
13 270
291 327
56 61
331 15
110 75
307 283
206 161
256 354
337 175
127 202
352 43
90 456
358 138
17 402
40 216
373 488
339 18
195 125
443 305
42 235
117 390
145 345
39 484
64 126
270 458
166 96
19 228
242 232
311 399
395 327
486 35
97 106
129 114
483 204
120 171
122 445
186 421
363 198
121 375
430 377
245 261
196 438
357 321
353 219
45 336
1 454
252 71
436 416
440 90
272 364
116 380
474 98
199 279
150 476
130 32
258 392
295 270
200 121
176 378
231 469
257 476
356 173
83 240
112 240
102 361
192 238
387 437
469 134
264 177
215 138
243 217
143 424
250 364
35 475
158 457
9 375
93 331
210 409
277 204
106 198
488 212
487 16
11 113
442 271
365 183
293 271
437 401
335 258
456 416
58 384
283 355
0 16
77 299
422 212
459 88
183 194
21 135
31 399
169 2
20 112
453 61
246 54
324 135
255 448
419 424
60 210
126 390
175 444
218 258
123 226
10 43
61 348
318 302
429 148
104 175
276 298
