img019.jpg img021.jpg
414 117
348 117
446 117
401 117
202 418
276 321
122 427
473 117
252 101
94 423
229 427
302 388
204 176
342 447
383 61
341 61
312 101
257 101
310 117
299 423
176 101
247 101
375 101
319 61
368 101
266 101
211 427
330 101
384 387
190 212
195 212
410 71
223 212
320 101
92 181
311 101
444 69
275 302
98 58
198 101
374 101
309 101
216 61
416 380
80 212
220 152
234 204
331 101
9 61
215 61
1 212
133 101
421 390
295 212
429 351
28 101
343 61
387 117
285 101
11 181
6 61
168 302
227 61
207 212
99 101
130 181
308 9
127 61
314 101
231 61
221 107
372 467
151 101
218 101
142 117
265 101
327 58
232 61
315 212
425 350
113 181
406 30
87 61
47 117
353 321
111 61
267 101
317 101
261 212
475 117
199 101
373 370
418 3
93 101
155 244
293 412
428 263
39 101
337 61
59 77
184 61
413 204
102 34
277 61
43 61
245 101
86 212
323 61
239 101
448 38
316 101
197 101
233 101
31 451
128 101
329 101
306 212
328 61
472 378
118 351
442 378
170 43
346 29
210 101
97 334
194 61
147 61
364 152
83 101
178 274
291 61
206 101
335 61
250 61
73 101
292 212
104 461
126 101
272 101
283 101
173 284
95 61
219 85
196 212
188 212
50 420
424 439
35 61
318 61
131 181
388 101
454 168
165 350
158 101
286 61
287 61
21 61
159 212
208 101
402 236
2 61
24 101
25 101
354 101
179 326
360 101
324 78
326 185
412 38
160 152
345 342
201 497
145 101
420 78
376 61
108 204
357 101
103 419
226 181
253 29
124 458
230 61
407 475
180 61
46 134
241 101
72 261
339 177
214 61
463 439
181 61
313 212
161 101
255 101
358 101
321 61
398 419
457 390
105 212
280 101
262 212
474 418
67 181
367 232
458 329
382 233
27 351
53 420
3 101
40 291
187 388
322 29
106 331
132 61
394 377
146 152
453 233
455 163
242 61
433 71
74 404
340 101
431 387
34 152
290 58
361 101
259 263
496 209
163 43
76 61
212 419
461 74
237 101
352 152
303 418
437 421
380 35
491 289
36 61
338 282
485 161
68 29
209 3
469 123
365 374
23 169
78 43
260 212
109 61
297 101
480 468
125 71
363 279
171 61
470 260
71 419
15 433
300 152
183 101
254 29
141 101
281 232
307 9
366 444
137 189
391 131
90 457
304 38
349 165
278 61
417 282
129 35
246 101
193 455
7 259
60 176
65 177
182 101
200 101
243 85
263 61
465 231
57 15
400 131
240 382
452 87
33 212
336 152
274 101
487 71
70 152
13 489
405 43
477 177
344 101
436 83
289 61
481 307
140 329
55 185
449 387
19 101
58 491
79 492
172 101
430 390
494 238
426 132
134 420
81 101
284 58
371 436
369 392
136 101
409 170
356 61
385 478
478 280
192 212
459 87
54 203
288 61
404 124
169 387
222 135
451 211
29 274
490 98
434 409
116 181
248 58
355 29
96 246
332 50
45 51
150 85
273 212
75 12
38 439
62 152
69 244
101 237
18 43
362 152
471 100
32 489
236 58
403 177
154 61
115 162
427 286
205 116
482 191
10 101
14 2
85 326
84 409
256 29
351 61
423 416
450 421
499 372
251 101
488 148
282 132
379 391
88 43
476 416
52 198
390 7
415 447
438 173
224 404
381 286
164 460
235 61
422 71
162 387
333 61
269 29
112 394
325 61
177 392
279 61
389 50
89 101
441 352
175 274
298 61
119 71
264 101
432 47
244 274
440 225
225 108
468 20
213 287
347 29
370 338
191 108
498 409
249 277
296 101
77 168
447 26
91 377
56 85
203 14
26 488
392 207
399 18
439 416
110 183
186 118
462 489
166 302
479 489
44 449
49 394
378 316
396 299
148 85
4 424
397 409
258 61
419 377
61 242
121 101
334 34
189 148
377 272
51 198
20 61
37 489
411 385
82 329
460 131
395 464
483 34
8 61
408 335
42 287
100 289
120 135
467 177
443 59
12 134
153 323
139 61
17 274
41 101
66 468
270 152
157 85
152 61
268 274
107 198
464 154
493 304
301 152
5 163
22 366
495 103
135 210
271 274
138 2
445 392
228 383
466 151
114 226
30 180
486 377
350 305
16 409
149 274
185 101
435 64
143 274
156 101
174 61
492 126
294 194
497 287
144 299
167 274
456 356
117 135
489 86
64 162
386 37
63 101
48 299
123 212
484 195
217 161
305 171
238 433
0 347
393 99
359 464
