img007.jpg img009.jpg
452 495
193 194
400 496
391 430
122 352
234 300
170 496
271 113
207 386
451 495
341 292
283 473
463 352
288 352
58 384
469 300
327 430
145 280
381 393
462 259
459 334
147 355
19 245
460 326
321 377
326 280
408 496
294 415
366 300
282 358
399 430
417 473
309 417
156 496
88 489
213 308
320 300
468 394
61 39
355 417
27 406
465 386
300 245
354 356
16 92
211 307
356 308
217 214
312 378
397 496
208 479
55 392
260 313
83 259
494 386
344 280
219 68
367 313
450 473
489 82
205 426
412 326
249 280
440 404
303 245
425 318
346 413
499 408
68 454
485 467
143 245
402 280
390 488
60 349
445 496
292 405
359 476
34 141
305 426
40 323
446 352
17 39
243 281
439 441
256 316
138 441
177 343
178 348
458 206
183 202
129 465
448 439
20 146
123 105
361 426
154 465
293 27
101 496
158 415
21 459
166 280
422 38
79 110
91 301
263 105
36 146
360 364
388 181
487 352
14 489
304 408
441 408
276 364
479 466
274 301
372 467
69 494
204 441
241 39
224 436
157 386
258 12
62 259
77 92
379 426
482 109
369 175
131 442
317 332
492 187
56 420
149 407
54 349
81 280
342 138
313 323
190 280
248 467
196 352
335 112
456 300
295 422
493 332
169 39
160 105
428 467
228 413
444 352
339 386
67 206
174 467
109 163
334 53
289 462
7 220
272 152
383 473
340 146
488 465
291 259
311 27
254 280
269 53
474 430
257 113
97 92
343 280
128 155
414 413
453 304
0 455
246 394
212 382
30 94
44 138
59 70
497 369
495 332
404 496
124 308
9 352
371 175
93 485
151 332
496 300
24 135
284 417
461 239
308 417
96 87
203 390
280 211
386 300
105 159
38 352
57 390
125 339
37 259
33 309
262 355
364 378
395 89
307 112
42 422
473 159
185 393
285 280
126 476
188 306
10 480
8 430
209 340
477 364
66 396
232 431
374 71
431 82
239 307
362 229
164 390
51 326
141 344
389 497
345 384
301 241
110 192
242 414
348 454
215 112
329 31
238 309
438 30
220 287
245 332
281 311
484 326
434 82
252 259
116 145
133 216
159 489
127 386
163 436
315 480
437 471
324 375
373 311
336 356
476 451
363 406
407 245
481 206
1 496
6 302
230 462
478 283
302 436
261 415
387 290
403 135
393 384
491 499
182 57
200 496
368 388
201 323
31 395
45 357
161 439
171 245
435 208
121 339
112 480
65 326
153 5
5 336
314 175
357 480
394 356
486 161
72 239
75 214
331 283
405 300
467 112
11 353
216 351
279 384
378 39
206 489
225 351
28 302
310 480
398 259
442 486
2 292
265 382
229 292
251 302
12 376
218 245
114 436
142 218
424 319
120 145
287 397
347 443
266 376
195 338
63 211
90 434
223 353
95 349
197 364
338 236
273 390
454 357
94 390
316 430
50 492
411 317
306 364
382 446
430 489
25 45
84 201
104 415
214 424
186 287
187 352
198 214
236 351
82 96
144 401
162 306
299 427
413 92
181 279
18 385
498 201
240 315
64 51
89 204
107 196
130 200
323 400
421 453
150 454
318 38
227 245
470 53
480 183
406 441
4 341
226 279
86 413
457 383
3 351
278 333
401 436
333 470
85 415
264 463
74 146
325 347
221 126
247 369
172 473
464 401
176 451
192 411
375 497
26 356
92 110
384 485
253 498
436 436
423 301
427 350
106 120
140 279
179 262
426 356
380 496
167 126
117 382
137 382
250 460
175 356
180 415
297 473
377 96
98 92
73 480
328 301
189 370
119 175
103 440
352 350
447 465
132 259
471 436
237 352
433 287
118 319
396 323
351 47
48 57
358 45
43 340
47 395
108 38
134 352
449 236
330 496
71 495
173 378
259 306
210 379
365 487
455 200
420 489
80 364
392 476
415 367
370 392
490 386
152 395
222 388
277 53
298 105
148 199
70 105
184 39
35 385
472 316
52 263
385 468
483 463
111 440
419 440
87 306
418 238
350 32
233 112
235 211
270 302
332 371
53 331
319 340
15 401
135 306
376 63
322 67
255 39
41 245
286 361
290 443
410 469
409 120
13 309
296 5
139 329
191 351
29 308
199 32
39 296
267 387
416 432
78 303
168 110
46 40
202 382
49 365
76 306
115 440
155 471
32 474
475 26
194 153
275 292
432 353
443 236
136 239
337 287
231 422
113 306
165 54
429 145
353 439
466 352
22 392
349 407
268 54
102 455
23 476
100 38
99 495
244 153
146 308
