img017.jpg img036.jpg
180 145
301 16
68 90
133 16
119 57
95 90
250 57
54 22
239 16
181 220
248 191
53 187
110 19
158 16
48 19
89 144
269 16
311 189
215 16
282 94
258 260
194 220
255 94
462 403
192 189
312 262
152 179
247 189
276 51
148 220
195 33
3 57
306 189
164 19
231 63
144 16
108 97
182 144
240 216
266 189
136 19
178 189
219 144
220 198
55 16
132 191
69 16
232 66
163 153
313 191
201 262
146 53
243 262
179 189
41 16
51 219
308 53
332 262
57 1
105 153
310 262
307 129
281 261
138 153
176 94
165 16
254 180
118 260
153 19
70 19
265 79
187 198
154 63
35 79
135 262
326 187
263 187
256 94
155 189
365 44
1 78
159 189
257 189
246 209
234 153
161 167
6 76
98 141
156 108
226 184
14 68
102 83
273 179
78 22
166 187
204 16
77 181
147 94
224 51
490 328
13 54
60 144
157 71
23 29
295 44
96 220
113 35
149 16
264 219
184 42
99 385
151 16
137 262
100 71
7 178
303 57
101 67
228 63
21 100
38 63
17 54
141 180
190 73
262 272
42 16
123 179
2 15
202 430
436 328
8 94
63 16
61 94
259 481
403 156
15 66
172 179
88 54
244 262
44 16
227 189
406 404
87 144
198 220
233 167
117 75
92 216
388 125
329 12
275 346
208 23
4 16
297 114
103 164
200 88
299 226
16 217
20 28
128 171
288 423
369 450
485 386
420 44
5 70
431 125
468 440
408 343
478 403
26 298
372 196
91 180
440 397
338 274
390 339
394 126
404 69
475 367
214 147
286 471
322 135
430 440
442 394
287 241
461 386
245 225
34 489
59 14
437 122
443 190
455 465
346 330
197 215
210 217
260 38
62 254
221 433
170 212
319 481
86 479
355 491
433 157
385 397
277 126
417 92
467 135
483 52
337 414
216 368
107 361
499 440
171 225
375 126
127 135
173 278
423 180
497 477
213 343
411 489
412 121
191 202
382 368
364 394
223 196
285 349
345 325
65 242
93 459
460 487
463 126
74 129
169 174
302 320
472 394
291 109
445 394
280 274
386 9
183 196
470 328
82 393
418 486
333 295
397 196
409 457
413 265
353 434
340 118
24 103
58 142
392 190
383 337
407 278
160 347
43 415
249 92
348 461
469 427
242 62
351 404
315 450
489 425
25 146
241 247
336 11
481 396
492 301
367 290
45 286
300 279
344 157
465 77
376 118
419 190
321 366
130 368
222 12
451 157
294 362
377 328
402 131
64 5
434 373
410 499
401 353
474 329
427 364
196 170
454 403
229 295
71 96
185 306
488 293
439 325
360 61
493 121
225 206
334 335
47 461
317 201
80 72
342 366
477 23
81 330
416 496
46 336
145 50
349 125
238 420
398 373
366 319
114 32
253 338
309 304
486 274
324 308
10 426
339 176
393 92
438 23
29 484
106 394
134 423
371 98
361 147
335 397
400 337
381 347
458 492
18 453
177 246
217 492
142 77
466 367
272 217
298 448
289 55
296 75
480 489
362 496
305 301
330 369
441 104
270 113
444 361
457 223
39 427
356 404
209 279
252 406
318 469
112 146
415 404
49 146
343 329
378 425
218 180
284 62
36 32
422 51
495 217
85 177
389 107
473 403
425 233
414 489
484 174
498 212
33 246
391 255
203 164
278 349
109 50
189 333
384 202
212 75
435 440
350 61
314 448
37 284
206 373
380 402
429 9
476 134
405 401
31 164
464 126
120 367
121 488
354 355
396 414
76 196
379 377
399 330
325 127
359 103
290 308
73 231
274 126
374 386
139 408
487 325
251 315
261 304
83 273
327 343
341 108
459 279
449 196
79 335
186 439
368 320
267 303
456 467
320 450
395 284
124 125
131 113
363 201
446 255
19 162
115 61
125 455
279 197
370 421
94 425
471 58
424 385
432 117
453 457
140 25
304 116
373 11
491 489
168 488
271 447
293 199
174 164
30 271
357 221
323 374
387 253
12 76
28 201
237 206
494 163
122 347
50 455
9 479
104 468
205 430
66 239
268 452
126 164
236 396
328 410
27 233
84 247
235 287
331 231
52 310
97 186
162 206
230 201
67 149
352 45
316 58
167 494
450 425
452 488
199 92
358 85
447 462
292 472
193 378
496 182
111 202
347 401
448 487
428 254
207 474
75 264
426 415
22 348
143 137
421 279
0 201
129 164
479 23
90 304
40 282
188 111
283 11
116 385
32 237
175 177
150 409
72 203
11 481
56 424
482 190
211 373
