img024.jpg img034.jpg
180 142
336 379
313 397
217 304
326 488
271 350
298 216
294 476
228 216
225 397
287 153
253 379
499 406
185 368
346 128
352 24
91 282
475 376
230 478
123 119
355 32
375 488
143 477
191 231
300 368
153 478
480 485
259 282
393 466
144 478
378 450
240 142
436 51
135 103
132 119
129 282
283 24
427 472
458 485
172 304
169 329
58 55
121 455
84 113
245 472
255 428
413 219
473 288
184 333
214 488
102 357
156 397
404 477
406 409
360 441
211 40
5 376
87 455
226 375
306 472
454 435
76 329
452 150
327 492
136 470
61 464
187 435
31 447
268 258
148 464
403 55
402 397
55 110
3 379
407 16
32 124
450 397
476 467
93 347
111 66
366 397
4 362
314 476
50 20
108 220
290 220
474 485
462 459
489 153
498 375
439 409
472 478
466 459
131 257
424 379
465 131
63 445
381 377
302 385
310 86
149 469
266 73
495 411
74 281
383 368
335 184
418 435
456 459
1 66
386 468
215 499
79 287
401 459
464 165
178 219
67 11
75 483
125 434
286 415
33 488
154 480
496 463
139 274
279 24
146 208
186 220
491 464
68 242
97 186
441 219
54 119
34 306
261 361
277 488
425 477
481 313
353 409
241 473
165 153
392 24
484 418
248 442
39 459
86 144
202 246
113 246
95 197
443 55
303 356
119 448
23 400
273 313
216 397
151 289
221 402
194 397
20 291
177 397
420 452
220 397
445 313
411 482
223 498
492 313
168 476
51 473
379 282
272 51
224 153
477 32
43 159
59 267
359 459
373 24
10 368
21 487
70 97
430 16
112 380
37 427
114 231
377 385
493 361
233 282
100 77
374 340
166 278
38 289
150 128
312 463
382 264
463 477
105 376
459 274
343 309
422 90
265 385
69 374
89 268
342 488
440 476
434 40
376 389
30 442
64 314
133 232
380 142
419 451
127 400
200 389
437 482
260 322
322 344
117 230
274 246
344 360
92 421
316 338
219 396
453 496
171 382
204 353
337 459
485 476
351 274
183 499
323 368
416 427
207 312
101 43
460 466
487 184
161 347
486 246
483 55
173 190
369 325
396 36
174 63
218 467
71 256
66 411
276 352
482 203
203 198
285 469
175 400
282 265
212 329
387 402
239 76
254 477
388 370
182 368
106 11
13 380
470 409
7 282
331 416
22 325
299 349
356 469
301 157
345 453
307 487
18 237
9 400
205 227
251 397
267 0
275 400
332 401
421 459
488 314
29 480
118 416
372 479
206 476
319 433
341 442
442 32
479 311
321 347
324 473
72 478
53 339
250 275
357 405
162 401
490 128
284 295
244 215
432 402
42 22
56 433
103 461
189 339
468 96
371 473
62 64
308 278
367 447
193 482
409 411
26 402
467 260
81 278
232 319
231 206
398 477
155 369
242 292
163 40
363 231
364 274
368 312
8 208
208 463
160 260
99 36
246 378
365 449
198 424
494 194
256 498
289 397
423 459
209 463
237 64
362 66
197 484
243 331
417 391
190 453
201 128
120 464
179 434
293 468
448 313
340 453
126 248
80 278
451 174
85 129
124 464
280 431
213 231
394 36
28 400
457 432
19 425
305 406
410 282
350 36
395 129
6 278
429 429
229 360
47 115
77 473
405 304
210 257
317 473
137 472
288 423
257 182
318 262
281 384
338 335
234 0
295 459
48 391
128 291
433 448
426 444
15 356
138 351
158 470
115 324
164 493
36 397
412 184
159 422
249 291
334 488
104 427
311 128
142 215
0 425
17 441
109 499
199 374
296 308
385 487
60 375
354 478
291 478
389 466
455 324
269 50
94 355
469 282
262 328
370 202
236 385
399 153
73 475
45 498
44 382
57 292
270 499
339 36
391 430
147 338
41 312
116 349
384 472
329 304
358 493
328 131
414 369
140 319
278 463
435 32
78 486
222 174
309 351
96 489
145 164
444 113
497 37
122 398
330 451
11 305
449 0
263 368
25 77
428 345
27 459
333 246
90 36
181 60
325 361
397 202
349 375
408 335
107 449
83 98
258 327
196 347
304 50
176 493
252 400
157 98
390 0
110 299
192 226
16 397
14 495
134 427
188 123
141 403
471 486
348 389
152 231
447 129
82 476
292 493
446 59
431 453
46 21
227 425
238 4
130 429
195 253
40 398
400 278
478 427
12 456
170 319
438 419
49 473
361 356
315 108
88 476
52 345
65 420
264 325
297 493
347 423
98 465
24 390
35 357
2 364
167 319
235 161
320 402
461 447
247 493
415 174
