img011.jpg img017.jpg
77 147
62 176
80 135
102 392
26 130
438 408
432 411
124 337
30 444
168 25
276 134
392 385
172 464
261 349
440 288
173 444
301 364
136 315
400 444
325 452
18 288
277 439
123 218
347 134
78 195
395 288
273 76
49 296
270 297
86 307
25 34
275 197
66 337
213 1
247 349
386 142
428 379
257 454
339 379
350 197
153 286
143 44
51 8
446 468
95 195
79 157
423 340
132 305
185 307
327 83
32 443
70 309
239 467
43 461
115 59
223 4
145 69
355 76
481 103
73 365
464 24
211 296
351 379
224 59
291 326
197 494
487 255
29 312
16 403
479 295
61 59
444 379
216 408
142 467
298 47
303 446
264 197
452 147
129 428
472 229
383 26
490 173
462 253
497 107
158 349
362 337
163 216
412 307
233 416
212 16
24 455
118 443
200 291
184 447
369 147
52 492
210 499
0 261
430 410
88 5
326 444
230 339
72 69
195 351
285 246
85 461
417 121
57 102
150 291
183 195
11 229
236 393
147 383
320 296
109 493
31 117
437 283
253 10
202 326
480 383
40 169
436 374
46 467
130 116
47 76
36 69
222 25
226 337
308 208
297 44
340 472
278 197
135 349
391 295
413 485
388 213
344 290
267 457
461 346
141 16
179 134
364 336
323 394
363 477
311 486
317 130
111 439
194 256
99 427
128 349
366 147
473 44
282 107
409 286
48 349
76 389
149 177
231 261
55 222
198 157
499 270
370 360
410 455
458 485
87 327
221 134
225 419
380 112
166 246
203 73
13 26
251 405
204 259
262 346
272 307
254 59
309 188
67 245
181 349
310 317
361 107
189 431
414 24
56 494
54 261
68 188
208 24
470 62
235 444
454 265
75 147
241 454
314 363
415 497
201 417
154 111
182 349
41 472
161 249
5 386
60 455
375 361
441 407
485 388
378 489
408 408
37 125
167 465
293 427
445 485
322 93
424 395
83 387
377 139
89 337
246 461
319 458
209 317
8 337
155 385
64 111
476 473
250 363
106 334
192 19
334 139
1 448
101 441
374 242
27 419
401 478
299 80
258 389
318 324
144 45
352 481
42 497
2 349
137 174
217 80
300 49
53 94
171 167
205 483
9 287
112 162
186 49
152 261
119 405
125 346
127 443
294 126
425 290
177 457
336 478
337 446
435 107
418 128
113 188
69 169
22 236
286 292
457 359
478 291
338 468
346 432
404 365
382 454
176 63
495 462
342 450
193 458
15 384
448 124
103 202
376 173
358 406
20 289
398 409
387 25
63 289
218 375
367 326
306 242
248 385
371 484
434 354
121 355
146 140
379 454
259 383
93 79
252 189
292 221
58 222
232 93
295 337
74 429
234 428
268 83
422 402
45 23
148 414
433 457
447 418
122 117
255 188
256 85
491 481
120 388
368 197
385 455
450 339
3 401
7 197
283 42
215 409
188 260
474 485
482 276
126 495
296 174
420 497
196 427
439 431
39 295
405 470
260 242
175 377
399 80
133 297
475 97
343 388
359 261
411 80
170 467
96 461
349 490
492 229
10 229
23 117
71 315
33 414
65 383
274 318
100 486
331 408
50 74
330 440
394 177
116 490
245 34
365 395
35 333
19 291
419 441
494 468
44 160
199 83
265 465
429 381
489 418
315 167
471 458
110 368
169 352
341 295
280 206
397 361
455 267
467 28
321 261
81 413
483 393
131 21
139 334
108 213
21 352
402 377
14 66
328 484
140 222
178 125
465 13
97 468
389 343
180 384
381 143
442 265
82 295
354 486
6 167
384 117
114 350
488 206
17 349
228 355
289 492
493 346
271 298
372 188
496 197
456 189
191 458
207 474
157 414
407 419
406 61
443 478
84 349
427 441
477 185
174 212
28 76
290 388
329 76
335 83
469 171
449 354
206 206
134 296
266 355
463 451
107 139
219 337
94 109
104 367
162 441
244 329
333 199
426 388
316 284
279 56
468 381
486 5
187 302
357 150
238 400
345 384
460 75
287 169
12 185
165 12
269 99
281 484
90 485
284 241
313 134
160 107
227 12
38 418
156 103
484 388
92 125
305 71
59 346
431 374
34 460
373 43
466 465
229 390
242 340
220 73
396 324
138 458
312 193
353 209
214 109
360 80
390 465
151 472
356 131
243 318
348 32
249 455
164 298
421 275
288 109
159 173
302 390
263 189
117 285
91 94
393 489
416 329
105 189
237 421
98 454
304 458
324 346
403 458
332 167
190 384
4 26
240 193
459 139
498 498
451 465
307 33
453 131
