img039.jpg img060.jpg
344 5
496 380
433 179
443 215
494 179
377 220
489 126
459 380
402 380
202 178
388 428
437 467
367 116
340 110
480 229
346 197
409 215
381 142
97 380
415 430
455 430
451 249
16 50
109 191
267 191
408 467
445 289
376 5
339 332
397 330
110 187
371 311
171 50
493 461
146 37
184 25
338 274
457 380
475 311
417 385
400 70
430 217
385 156
203 187
291 467
453 491
390 118
438 7
197 37
281 391
444 110
407 289
450 154
477 380
201 249
436 179
441 166
483 71
498 488
90 215
166 37
32 37
449 369
104 237
31 37
130 37
486 144
266 29
131 37
254 7
335 190
257 136
341 470
151 37
342 52
233 37
306 95
416 154
292 308
454 161
41 64
194 26
420 411
308 29
307 178
44 37
117 156
353 78
470 215
123 20
174 29
365 90
452 176
458 299
366 303
479 430
93 395
472 226
116 37
434 430
153 37
370 331
25 37
161 396
478 335
4 37
447 364
439 313
138 72
18 143
393 338
431 254
70 432
277 37
57 37
488 364
428 433
199 29
405 430
187 388
389 187
398 315
410 68
5 37
17 26
67 23
113 94
200 110
372 313
421 150
476 161
156 148
147 37
481 467
14 474
355 37
374 25
77 72
426 71
471 298
350 411
485 491
314 206
154 37
299 52
164 404
196 37
205 26
310 7
81 72
463 122
383 271
208 29
359 34
387 106
269 164
107 191
487 406
132 37
300 52
282 444
39 323
60 72
358 423
103 380
380 263
237 391
150 37
432 271
484 430
72 37
333 161
145 37
406 34
474 37
122 37
91 37
105 498
343 272
157 22
362 37
64 292
139 404
61 37
418 479
19 90
80 242
206 35
234 314
27 94
99 90
170 441
347 179
378 289
495 319
51 90
65 37
195 37
249 37
357 23
242 164
270 37
296 317
56 37
497 41
419 439
165 37
43 423
279 37
54 72
414 211
106 126
112 90
141 441
181 317
148 37
382 267
118 37
73 115
133 37
162 404
283 367
364 435
464 440
173 94
442 34
240 37
87 37
137 29
47 37
82 37
348 8
368 326
55 90
423 106
11 265
163 404
88 37
143 404
274 52
384 34
403 331
356 367
204 388
394 143
369 202
286 37
62 242
101 327
45 90
140 317
278 29
84 94
177 29
328 52
473 197
247 115
332 23
288 52
325 23
144 404
192 37
448 406
2 50
83 292
115 37
23 35
243 29
429 389
155 37
468 143
71 37
251 37
119 37
74 37
312 35
49 115
169 37
231 23
168 37
245 29
289 290
38 37
246 164
68 292
250 37
422 20
75 37
124 115
100 444
469 457
302 52
230 22
334 272
3 37
297 242
86 37
446 295
89 37
336 37
52 94
92 139
361 131
79 115
42 37
94 37
295 37
317 22
324 23
491 170
8 404
440 340
193 37
1 37
222 37
48 37
395 290
323 29
236 97
375 392
59 404
271 474
53 37
142 317
311 126
316 37
207 94
183 37
424 283
78 37
229 23
185 29
411 331
24 115
354 143
273 37
20 90
232 117
239 78
69 37
304 37
35 37
256 52
352 115
111 26
95 89
499 177
127 20
175 441
244 90
465 323
125 37
135 94
253 78
6 72
404 143
76 37
186 94
298 52
326 23
401 127
386 56
258 474
276 37
303 22
29 115
198 37
280 37
63 37
172 37
263 317
492 94
98 161
13 97
294 126
460 75
12 211
28 37
413 458
176 90
456 75
215 37
50 37
108 367
264 317
425 404
182 37
319 37
211 29
22 404
179 37
40 94
329 23
58 292
345 479
392 303
159 242
412 251
315 164
85 37
126 317
301 37
26 95
30 37
209 37
482 239
136 155
66 23
134 430
275 37
461 150
293 193
149 37
216 37
224 37
287 164
252 37
260 88
15 37
427 143
189 43
399 204
34 23
96 29
180 94
160 404
223 474
9 224
262 29
33 404
379 183
114 37
363 43
7 115
255 37
391 476
167 259
36 37
10 366
102 37
265 94
268 29
467 459
228 23
313 52
330 164
396 131
213 37
220 37
241 37
120 37
309 78
360 80
490 37
238 329
219 29
46 34
284 265
337 170
21 381
318 425
435 37
214 37
178 94
190 404
248 52
218 90
226 37
305 94
285 37
152 391
331 117
373 263
121 29
212 37
37 90
466 485
217 164
235 37
158 23
290 101
210 37
351 37
462 47
129 37
0 289
225 37
188 37
272 37
322 37
327 117
261 441
221 52
191 137
349 172
128 474
259 441
320 90
227 37
321 37
