img001.jpg img026.jpg
103 99
465 401
256 195
240 142
261 31
121 185
180 63
76 99
196 195
141 63
235 39
135 31
93 47
92 293
245 456
178 473
102 145
54 163
155 145
244 64
394 418
194 163
365 43
283 148
383 21
417 401
413 484
64 463
468 470
9 385
181 163
62 420
175 39
364 220
299 355
451 349
485 169
66 31
255 420
344 343
328 456
87 59
366 431
179 90
96 79
55 464
271 163
312 350
223 214
402 436
120 214
183 410
461 490
32 261
101 31
463 378
219 418
208 383
154 327
150 439
26 436
375 314
61 142
46 410
313 168
398 23
459 123
487 28
60 6
308 418
168 283
269 110
309 314
388 390
72 496
337 400
78 368
412 430
480 39
310 143
285 249
137 300
472 490
408 159
118 137
117 403
300 169
276 308
342 418
380 456
15 189
176 490
343 462
435 463
89 23
260 21
401 249
489 463
142 446
399 87
234 327
195 233
425 355
170 221
216 150
479 359
91 39
36 60
273 177
484 105
35 385
334 470
476 270
491 199
373 143
400 403
448 418
404 252
368 369
407 388
267 415
296 369
494 48
42 436
202 143
470 364
477 210
304 71
374 436
221 494
97 169
251 293
82 464
90 443
419 21
274 436
437 403
70 157
164 110
434 494
27 24
331 58
473 29
113 283
59 283
241 6
71 287
467 481
290 249
409 199
280 463
69 436
441 147
63 154
298 403
482 302
391 302
167 43
329 137
403 188
6 114
68 6
107 138
497 386
11 490
254 325
286 127
315 93
143 417
53 203
439 293
44 208
362 287
469 48
294 374
453 362
23 204
259 335
291 312
384 153
246 133
389 452
205 463
449 270
38 19
158 334
268 351
277 169
321 418
360 257
30 265
339 247
458 343
13 232
454 163
302 177
493 375
52 325
129 418
177 316
499 269
67 283
122 443
265 314
324 249
311 39
295 292
452 206
139 413
115 470
171 154
355 105
436 87
94 352
134 390
319 1
210 17
263 490
128 412
157 324
443 24
156 383
218 443
99 273
242 138
369 39
305 394
104 75
354 20
432 243
81 491
160 39
14 110
153 194
31 362
495 251
138 8
206 15
56 27
211 403
348 113
416 75
127 333
429 39
199 466
45 42
422 110
278 39
478 476
22 221
446 71
10 418
279 278
367 251
236 486
420 97
306 355
392 210
229 359
382 388
440 333
43 337
73 13
486 179
445 392
172 75
185 350
415 71
418 108
162 36
108 84
18 1
320 134
1 123
184 204
444 463
29 312
424 42
340 6
161 199
481 485
356 410
190 374
264 470
40 48
230 176
275 227
215 389
149 435
427 412
123 417
390 372
21 192
119 341
203 417
225 145
346 220
247 345
58 418
163 254
233 490
253 352
41 153
224 314
159 85
333 105
345 434
475 130
303 384
5 495
12 173
462 277
471 242
395 249
281 6
297 309
75 437
301 15
243 176
248 484
252 323
140 127
492 204
213 312
86 482
376 394
430 191
0 306
270 192
130 383
316 250
188 342
456 21
193 130
323 233
77 211
152 357
347 34
287 352
124 48
370 494
131 232
381 420
114 335
455 39
498 87
377 359
109 293
214 446
238 289
372 75
361 292
322 135
378 498
49 283
350 62
7 403
57 275
396 436
217 145
166 48
201 476
37 490
231 137
379 442
85 416
450 369
20 340
288 382
363 248
438 110
169 315
327 96
426 474
105 470
421 145
226 262
173 132
227 172
79 297
442 362
125 463
197 66
258 45
431 22
325 129
332 350
112 18
165 159
200 287
24 330
189 450
359 193
28 143
147 492
307 418
19 60
98 290
51 283
3 157
335 470
33 417
249 269
351 118
133 167
106 319
284 147
317 188
191 470
237 105
447 179
192 283
262 449
460 409
405 186
266 211
25 161
198 223
116 273
483 85
357 247
341 129
151 96
16 137
338 39
126 176
397 178
428 314
186 283
47 34
84 61
423 372
209 200
358 75
83 175
464 438
48 8
100 482
187 412
148 123
466 23
349 169
222 147
88 74
50 193
239 221
136 468
232 172
111 153
336 222
110 355
144 88
414 481
282 35
433 75
330 436
289 126
39 158
228 137
250 290
371 474
292 315
293 418
182 88
314 212
34 106
204 188
80 477
65 11
132 96
406 260
257 100
318 459
488 349
496 98
174 20
386 107
411 396
410 199
353 213
272 34
95 388
220 337
74 130
393 84
352 490
145 174
326 160
4 337
457 309
2 124
385 325
17 48
146 337
8 8
207 210
387 95
490 41
474 227
212 232
