img029.jpg img030.jpg
94 393
47 361
214 361
414 388
13 361
416 56
367 495
138 156
376 374
390 388
141 368
248 361
131 495
24 366
218 374
56 172
399 495
415 495
249 116
106 99
171 172
142 172
339 389
144 361
118 51
6 51
189 420
26 329
418 374
12 72
71 385
117 333
7 283
317 389
306 156
279 51
226 234
187 457
88 338
209 26
430 276
164 150
254 437
136 139
65 60
305 444
96 99
499 264
328 402
25 51
438 458
175 374
351 366
203 3
221 495
73 216
19 189
370 288
321 423
343 396
178 8
383 280
45 106
15 100
53 221
433 250
137 393
442 465
174 212
252 51
413 463
443 374
363 495
168 428
255 463
405 431
437 189
461 19
2 358
341 444
311 168
134 58
70 122
303 437
332 276
129 253
242 428
299 350
490 429
217 298
179 3
344 450
204 13
358 382
283 240
109 272
269 5
278 368
404 310
38 182
295 366
83 49
360 227
280 495
307 366
285 407
253 156
108 455
89 80
287 389
42 212
140 251
230 371
62 424
267 378
120 124
4 288
256 192
277 184
76 250
111 21
382 310
268 359
232 444
365 479
386 77
493 297
123 225
409 38
148 459
450 191
239 39
331 139
313 389
228 58
9 72
151 216
298 225
301 374
51 457
14 459
436 473
463 337
427 297
236 77
243 389
322 58
432 280
498 291
87 51
182 332
22 137
159 192
240 407
435 68
177 174
425 457
472 447
377 177
233 241
61 396
158 456
184 182
275 77
128 241
290 298
474 473
445 159
251 419
391 333
205 19
369 338
451 345
133 90
169 24
132 238
392 473
63 126
294 481
126 47
316 112
258 389
153 48
284 240
337 489
48 221
379 378
206 265
238 1
162 112
211 485
122 5
406 323
440 473
121 338
282 299
271 250
110 77
318 1
80 464
471 190
85 270
264 318
270 150
20 118
231 231
281 378
124 475
155 329
97 206
95 365
185 277
246 483
74 47
35 217
320 19
460 297
0 495
147 88
220 146
183 366
334 329
84 253
304 374
412 1
407 132
46 246
292 310
192 451
286 149
494 107
487 298
40 99
244 21
263 4
384 439
152 88
17 282
272 103
492 276
378 451
150 389
44 455
50 88
411 456
59 253
1 40
381 36
66 191
397 191
77 139
78 312
459 225
396 389
161 29
336 375
491 146
28 366
112 270
215 230
241 199
55 407
107 44
222 481
146 240
8 437
92 451
41 58
455 189
75 459
64 58
250 20
371 451
224 353
329 13
223 342
194 387
326 45
465 139
347 456
325 119
342 451
113 90
201 18
300 415
482 363
345 479
408 282
79 244
82 433
173 430
247 427
400 472
462 313
422 25
478 33
310 106
18 388
291 181
454 42
181 1
262 451
297 77
105 484
143 471
485 403
488 7
470 84
29 32
103 95
90 340
207 282
219 20
468 155
32 251
104 47
274 366
36 241
477 33
420 484
39 479
402 366
410 316
54 466
101 485
190 44
288 433
449 316
116 58
68 224
69 84
193 159
154 471
265 17
350 83
401 177
481 217
119 125
424 217
359 69
49 331
160 265
167 329
447 33
348 99
423 456
431 489
157 456
176 470
362 47
398 238
289 263
212 26
227 160
453 293
446 36
213 475
293 479
235 345
403 453
434 119
234 48
389 85
354 231
486 121
273 283
473 139
356 87
309 184
149 414
428 145
191 312
385 301
98 93
457 389
374 77
353 149
34 416
93 77
276 166
312 489
429 366
483 159
421 373
452 282
58 376
324 61
180 458
170 295
448 225
196 218
210 69
23 345
260 466
439 452
135 236
333 332
245 101
319 388
198 469
308 256
257 296
5 202
125 114
208 497
30 151
139 445
352 240
497 340
393 473
417 498
259 486
480 489
21 431
296 456
466 366
60 352
10 243
315 1
484 91
237 71
340 72
496 23
37 197
368 217
394 69
441 115
102 498
163 9
27 298
357 469
364 366
72 96
195 389
373 171
91 429
469 121
366 209
355 150
476 111
43 49
165 415
197 353
330 488
372 332
479 419
225 240
229 264
33 217
114 429
11 107
302 100
130 265
16 389
261 16
349 101
388 73
216 265
52 213
458 324
156 494
387 388
57 184
81 171
489 457
338 69
335 383
202 391
199 389
464 345
266 45
444 105
100 473
99 329
475 36
115 389
166 276
186 497
127 292
86 493
323 416
314 357
346 448
200 93
31 455
426 479
145 159
67 58
3 365
467 292
380 101
456 389
188 489
395 161
375 323
495 37
419 187
172 350
327 388
361 388
