img050.jpg img069.jpg
87 74
299 124
294 154
81 118
80 118
140 186
234 124
347 124
237 124
192 118
74 69
209 154
243 182
238 87
302 124
217 90
282 76
211 83
69 73
54 121
290 154
363 74
53 154
56 165
216 72
21 207
88 74
352 54
71 82
10 124
210 154
258 83
275 83
17 124
277 76
12 186
260 83
338 346
55 154
197 154
42 73
232 170
37 83
340 154
319 89
276 72
60 172
125 154
161 95
162 74
134 83
301 154
214 81
255 200
235 124
144 144
82 82
30 134
101 68
304 83
19 90
249 56
57 92
103 68
300 90
213 118
78 83
281 154
297 97
229 154
50 85
33 95
137 269
397 364
141 51
212 118
366 269
178 74
231 76
95 74
47 154
285 118
77 75
26 269
341 224
48 83
68 207
18 154
298 84
355 165
250 88
135 76
228 165
153 118
239 98
364 346
15 251
136 269
224 48
3 69
52 92
306 98
251 178
58 269
63 79
181 69
133 74
293 124
283 122
322 244
256 88
193 76
150 182
66 61
215 207
102 133
279 84
296 68
188 73
278 364
346 364
163 181
24 452
174 56
308 346
128 83
270 26
266 118
288 269
145 48
438 475
221 81
104 134
223 51
138 79
218 76
284 83
442 346
5 73
157 101
295 83
191 175
292 122
261 83
180 118
206 200
170 452
259 83
169 214
350 54
155 163
230 154
195 154
207 200
329 165
441 346
72 163
176 269
2 96
83 269
326 269
443 364
36 118
310 165
65 243
100 251
401 346
123 134
273 118
313 96
46 73
168 90
159 93
13 61
154 207
320 83
130 83
179 74
29 92
240 269
92 83
421 356
456 216
70 73
186 144
369 435
424 139
113 154
265 165
76 90
158 82
496 378
97 54
28 73
349 122
291 118
204 87
317 79
27 269
289 269
173 79
44 96
199 165
14 165
286 134
413 306
124 134
175 72
165 172
253 97
233 163
182 186
257 76
362 348
4 76
219 118
462 155
151 154
156 163
368 315
45 61
147 172
31 69
110 87
86 73
116 154
187 76
9 163
356 176
166 96
205 97
407 280
64 243
378 87
62 68
132 83
208 55
451 418
245 214
41 73
160 243
222 54
287 134
7 268
111 121
467 299
361 475
316 182
85 83
119 243
67 182
189 61
39 364
447 133
25 172
23 118
75 487
203 154
379 357
115 99
410 475
254 76
459 378
336 475
96 159
227 73
318 475
312 99
469 122
323 413
43 154
220 122
321 165
248 182
492 407
38 165
274 497
241 475
335 154
131 74
389 407
148 76
262 84
194 83
328 488
406 154
152 73
395 468
374 471
8 251
61 51
342 334
149 54
142 178
330 118
114 84
476 313
79 486
331 76
484 452
244 214
143 122
411 364
59 72
357 185
314 97
247 497
452 302
49 165
415 418
16 124
121 56
400 122
429 23
345 346
485 155
436 452
464 346
185 253
480 216
202 297
404 264
177 486
371 286
448 228
408 457
488 163
434 486
455 139
167 497
445 325
360 412
271 236
139 269
11 346
470 475
146 216
332 346
20 296
129 79
386 315
487 294
327 149
370 139
127 79
200 122
376 101
453 366
184 302
402 152
474 356
334 179
472 481
122 243
280 444
268 73
420 228
32 478
458 38
225 244
422 284
380 87
477 346
405 164
454 256
35 412
446 294
126 251
269 142
419 292
118 243
490 141
499 276
382 353
40 96
494 475
359 235
388 348
117 13
403 57
343 23
311 315
412 421
73 233
473 201
120 48
392 321
106 488
373 348
439 67
393 18
242 179
437 313
418 138
493 103
171 156
108 472
475 346
486 494
107 264
377 36
435 38
307 272
0 180
495 475
272 380
414 428
417 393
457 5
164 481
391 309
491 475
90 175
172 73
34 452
427 116
348 60
449 321
201 120
183 158
381 124
387 19
84 180
482 185
426 201
303 484
394 160
430 284
324 211
497 66
89 378
353 488
440 23
351 62
325 295
375 394
94 41
428 185
465 41
489 343
365 233
396 326
337 334
99 332
478 472
6 109
498 394
433 404
226 491
315 146
416 273
461 228
1 239
390 455
112 262
425 118
466 130
398 385
483 313
372 239
22 231
385 123
367 476
423 434
344 286
384 156
190 199
450 334
309 35
468 37
481 358
479 219
305 271
252 346
383 18
471 192
91 45
463 192
51 192
267 431
354 114
264 402
399 365
198 432
333 235
109 380
358 312
460 123
432 242
93 155
246 302
105 407
409 140
236 362
444 194
263 353
196 41
339 165
98 162
431 290
