img013.jpg img030.jpg
185 388
349 471
233 391
229 25
3 388
292 25
110 475
352 326
372 267
142 445
443 400
273 0
35 392
59 359
189 359
413 173
199 124
251 445
250 86
262 192
271 456
409 131
54 333
279 280
327 372
136 242
203 124
450 223
227 391
375 384
109 103
101 197
198 359
291 58
466 480
140 383
133 428
313 14
129 44
96 211
495 436
214 479
134 454
280 205
441 254
26 28
272 264
328 476
215 150
253 360
112 3
420 471
325 323
178 360
177 352
174 463
247 205
340 59
228 264
222 14
73 226
127 366
79 314
67 282
381 67
23 400
27 409
202 323
204 424
460 67
368 137
305 137
164 310
34 242
335 121
415 267
63 44
367 65
323 242
173 457
299 323
172 47
344 50
316 88
146 323
161 14
479 49
497 126
453 261
197 409
434 155
410 465
259 240
318 374
111 445
456 150
130 254
472 366
18 81
12 359
104 19
205 296
145 339
89 221
123 372
235 323
69 323
248 86
92 426
84 365
55 240
481 451
206 27
343 77
362 254
252 450
366 19
383 325
22 396
390 447
43 11
431 13
480 261
25 243
484 250
442 114
350 475
312 473
15 445
297 14
223 236
411 465
452 287
33 310
122 126
61 383
461 325
401 126
288 52
29 169
437 346
156 100
1 143
377 316
86 47
254 451
249 445
309 26
207 428
0 420
77 359
72 72
135 326
482 323
36 385
286 386
336 205
192 258
7 312
354 323
66 72
85 323
421 131
44 38
363 435
310 333
290 486
412 296
117 345
71 23
5 57
418 386
348 497
98 219
225 244
351 91
17 456
166 276
322 396
168 312
405 325
393 174
371 497
62 383
100 79
179 26
296 50
347 427
221 217
358 323
330 150
445 57
258 439
448 113
388 407
438 146
217 445
81 100
93 41
126 401
143 293
170 443
392 282
423 425
463 447
155 360
440 228
226 231
139 299
278 445
324 475
283 236
97 177
276 26
48 428
419 316
90 240
125 420
105 481
74 341
94 50
151 399
265 91
487 23
234 254
403 338
162 112
333 204
427 289
384 386
45 240
147 333
304 48
337 495
360 67
439 323
498 137
115 242
128 166
196 346
261 47
396 93
141 482
447 497
483 325
429 58
138 410
46 33
124 353
462 131
239 391
303 424
457 43
49 299
14 328
149 100
208 350
11 137
32 387
190 428
243 128
260 332
417 19
493 448
51 196
56 202
57 427
238 227
454 95
281 157
311 91
255 325
38 332
369 450
113 443
144 443
436 325
361 483
182 92
211 87
391 184
16 239
70 181
200 171
307 461
426 296
285 488
387 317
476 268
187 179
2 30
488 325
446 193
320 363
236 458
95 67
458 350
475 325
494 325
319 95
300 425
282 323
188 147
459 228
116 447
42 9
400 215
474 486
345 166
244 101
428 33
83 383
373 23
407 366
58 168
157 48
176 85
232 296
399 287
171 482
359 50
397 19
245 329
478 166
432 166
24 266
31 486
306 424
165 240
267 328
295 450
455 44
148 44
9 143
154 44
287 386
308 28
152 115
408 351
163 240
103 131
467 174
80 197
334 455
256 497
424 84
131 192
8 47
158 296
10 146
241 399
298 366
469 254
435 403
60 126
465 59
183 91
486 46
477 10
266 458
473 115
346 202
39 292
471 346
301 47
274 429
277 54
294 326
212 428
88 405
376 256
87 457
329 64
167 345
216 249
491 29
326 470
195 497
37 65
264 205
284 399
382 256
118 417
356 19
339 189
385 397
13 353
68 91
449 88
321 272
231 132
342 267
82 443
257 137
315 35
416 71
102 415
201 57
65 216
268 166
78 468
224 188
218 131
159 101
470 370
209 334
422 62
314 366
332 301
374 208
451 489
184 388
331 123
485 33
489 171
406 265
181 391
394 312
468 13
121 368
240 316
414 360
50 259
275 301
19 273
137 305
40 83
21 13
53 229
380 325
150 227
106 69
4 475
30 249
75 332
169 473
317 456
379 183
47 475
120 62
220 73
386 366
6 312
114 473
496 87
213 150
41 229
425 355
175 51
180 247
270 145
395 86
91 58
302 492
28 101
499 5
263 115
433 439
107 430
237 202
338 171
242 479
193 218
289 102
355 171
444 265
210 483
430 79
370 366
76 66
364 117
246 264
119 159
153 266
64 100
20 391
108 70
398 105
186 265
269 173
293 82
160 475
402 316
365 312
191 455
357 311
230 95
404 101
464 458
194 453
389 325
52 246
492 263
341 451
378 101
99 296
219 481
353 252
490 461
132 155
