img012.jpg img069.jpg
432 19
85 74
10 224
264 244
202 221
353 122
265 281
31 67
357 119
12 176
130 221
333 276
298 67
361 77
37 221
268 316
198 274
449 433
307 481
479 489
72 171
316 348
322 72
419 306
212 107
278 409
100 221
186 221
292 241
411 494
219 47
297 122
290 177
378 375
340 67
204 449
348 210
424 46
211 334
428 10
132 67
53 410
399 228
377 404
120 302
205 408
315 374
422 230
165 176
5 417
200 176
407 35
233 481
65 464
170 408
152 107
352 378
194 280
313 38
242 417
251 218
376 221
379 16
394 122
136 47
240 141
391 67
46 253
263 281
288 53
487 112
339 408
371 364
220 260
287 175
303 214
393 122
180 67
64 202
7 224
113 280
124 330
373 285
304 497
452 142
237 175
227 481
148 253
310 120
173 214
267 365
374 162
409 465
224 330
423 275
133 481
143 249
306 477
341 299
119 209
161 232
280 233
27 378
142 232
45 260
309 461
362 306
223 428
210 15
431 175
433 214
2 364
445 358
232 497
275 241
271 280
360 481
81 145
138 330
497 19
66 244
174 175
59 288
94 317
260 80
54 291
270 244
67 481
86 413
185 447
296 122
403 258
328 303
38 80
291 31
305 244
380 417
222 204
145 67
402 390
28 156
495 71
171 428
208 499
311 186
87 333
261 292
472 162
363 3
334 122
335 16
440 112
434 80
247 221
451 122
3 73
23 338
439 306
228 67
368 220
137 380
384 49
36 481
250 156
446 67
365 294
63 302
354 156
381 303
481 71
160 314
331 219
429 479
25 26
98 424
217 13
43 324
168 477
255 38
476 449
102 410
206 250
244 348
157 157
6 122
196 4
225 378
494 219
473 16
493 13
485 378
176 336
197 3
245 475
395 6
314 280
438 35
234 366
350 25
76 255
1 387
389 484
410 219
30 204
190 299
110 297
388 348
189 348
418 214
115 490
459 378
405 291
349 335
396 74
332 197
259 244
248 135
75 132
266 297
337 219
458 478
105 378
156 114
256 68
321 60
33 18
345 67
20 497
139 1
413 57
90 292
336 471
253 483
283 293
199 193
207 140
62 475
486 232
430 154
221 228
41 156
52 274
127 246
109 71
367 467
104 388
60 314
400 120
17 15
131 226
262 192
453 162
35 35
51 214
154 203
344 390
490 67
135 410
257 444
329 446
317 62
364 424
169 253
191 139
163 161
416 346
83 214
149 226
435 259
412 335
16 456
187 122
249 378
467 71
415 392
4 47
397 269
0 394
13 479
19 361
106 123
9 331
114 303
89 348
471 444
444 392
281 141
386 161
382 57
443 161
141 409
436 49
408 463
50 324
323 222
48 442
213 98
406 228
450 76
183 348
158 244
203 465
32 315
302 417
155 122
498 388
319 313
167 250
40 259
107 205
195 365
466 62
8 0
96 396
184 184
390 198
93 498
57 330
293 242
68 233
483 40
146 185
489 148
236 46
172 221
69 336
475 277
437 484
21 94
425 162
34 428
320 241
478 50
447 113
214 335
218 192
359 60
175 156
111 193
125 345
285 413
442 457
82 486
369 142
372 253
274 23
73 485
448 252
14 345
144 15
97 447
289 185
456 447
254 281
441 57
491 377
92 215
150 481
61 447
284 330
129 487
215 202
474 443
330 467
370 187
95 29
366 224
192 29
24 253
182 375
347 324
15 282
286 193
392 193
11 216
91 71
343 211
299 91
44 407
338 216
294 346
22 253
488 23
246 392
385 123
326 317
401 488
147 428
71 481
116 446
166 318
226 164
123 297
79 185
312 278
457 80
300 334
461 53
77 282
417 359
80 292
239 352
209 241
193 216
126 257
74 2
39 282
484 460
492 216
277 244
188 23
342 122
216 16
258 203
383 375
295 46
375 392
29 336
308 398
181 232
122 392
420 485
252 25
398 176
140 249
117 230
325 63
460 497
470 147
241 4
272 424
477 199
346 30
455 475
42 375
101 147
468 192
164 440
480 66
465 71
464 57
482 147
58 498
327 316
18 49
469 168
496 53
84 3
70 112
88 283
179 366
235 8
404 18
108 171
153 120
324 122
454 488
26 180
128 413
103 209
358 253
78 9
134 108
269 410
463 412
231 426
178 403
273 496
118 313
229 317
356 483
47 4
112 367
279 355
49 136
230 440
355 321
421 438
351 64
301 294
282 446
151 314
414 224
121 308
159 499
99 237
462 123
55 57
56 296
427 38
499 162
318 196
238 14
162 320
276 120
387 331
426 321
243 455
177 206
201 407
