img019.jpg img047.jpg
373 99
299 99
398 449
86 333
444 280
110 380
212 306
118 313
478 480
47 222
8 363
23 306
453 456
384 129
387 88
394 68
302 458
473 10
429 477
202 214
90 68
345 29
481 456
304 456
276 182
455 421
412 306
380 202
381 393
363 220
109 242
402 159
410 10
124 275
433 52
19 298
379 411
173 52
94 182
476 499
234 365
421 384
147 368
211 25
122 182
366 99
342 130
414 280
49 134
399 419
160 228
225 461
194 368
472 305
130 333
229 182
15 201
372 19
191 290
400 290
59 373
442 104
415 471
33 333
424 222
60 68
474 193
338 241
179 147
199 368
3 242
272 368
29 368
76 368
144 331
335 333
457 206
458 393
471 249
134 402
93 368
446 261
190 155
318 452
11 333
311 298
281 286
417 456
339 456
71 23
142 88
460 128
44 316
468 43
176 360
391 290
470 214
401 88
316 298
361 360
454 159
97 409
102 38
85 147
106 102
250 437
195 333
464 127
483 93
456 363
266 242
104 305
348 201
293 120
482 472
177 279
217 86
275 103
35 116
298 242
332 139
119 35
469 244
438 412
150 396
38 122
96 83
31 29
170 242
232 361
137 200
34 198
496 381
45 373
420 147
280 72
329 242
227 361
197 396
13 281
120 404
192 339
310 465
492 498
324 19
73 396
405 411
67 333
30 465
46 158
198 298
290 283
87 351
215 116
303 214
411 285
418 193
98 333
224 111
80 333
159 450
428 304
210 116
475 465
208 487
7 326
40 303
42 407
14 244
406 124
488 241
477 456
207 333
369 367
327 283
220 361
407 210
188 257
354 298
156 389
165 229
320 242
434 397
57 457
206 474
246 433
312 298
362 7
99 333
53 459
267 474
294 132
413 52
493 363
499 250
259 244
403 456
357 242
265 396
314 242
164 193
83 242
125 10
204 390
216 242
221 333
321 430
448 480
226 361
485 304
18 320
370 23
168 490
172 298
135 27
240 430
152 72
200 474
74 141
26 455
462 169
397 397
189 42
241 433
43 228
494 439
491 313
365 119
392 52
409 112
50 390
214 242
262 351
203 318
222 347
331 298
274 474
95 242
371 23
114 180
193 132
36 368
91 180
326 320
308 116
443 39
111 242
9 475
254 298
78 474
88 474
430 408
41 298
63 113
283 242
205 392
282 491
10 320
422 52
251 368
132 19
277 198
463 363
480 471
103 23
163 202
6 475
389 428
437 37
140 242
341 475
1 23
242 257
175 474
346 242
374 298
51 351
128 475
27 158
32 386
330 298
52 474
431 242
116 333
269 368
108 332
289 283
441 303
435 487
5 61
24 298
183 242
245 433
322 242
28 475
37 357
84 116
248 363
333 437
66 467
166 222
368 298
416 436
201 378
247 368
196 257
112 139
427 46
360 21
121 257
377 321
182 242
353 96
81 368
68 228
252 298
127 116
171 368
239 224
295 333
258 257
21 333
89 298
350 258
20 429
92 492
376 452
423 253
465 101
264 242
487 13
117 221
161 363
100 18
184 298
231 116
328 242
388 389
55 407
169 4
367 368
439 101
486 471
484 176
113 333
479 67
436 391
256 368
340 391
382 306
449 380
145 396
158 474
404 150
237 357
307 360
319 474
75 313
115 188
336 72
271 242
375 430
467 442
260 257
447 375
356 283
133 198
228 433
396 368
154 116
278 198
284 487
296 298
426 251
309 298
249 372
129 202
223 333
349 76
219 198
459 335
17 298
131 333
268 202
148 368
253 257
126 124
383 198
385 107
25 124
461 179
213 7
315 444
255 116
351 257
393 442
408 224
65 482
0 90
58 141
390 52
334 134
306 333
155 473
186 334
257 207
39 198
123 202
22 70
146 224
185 433
490 463
70 298
359 313
489 295
107 23
136 207
358 487
419 68
72 211
77 159
181 333
139 274
425 134
244 298
395 199
4 157
151 298
279 257
2 257
180 257
317 125
82 434
270 298
305 174
209 412
498 58
54 288
64 488
238 174
355 21
432 324
187 315
466 263
243 298
343 198
497 113
235 361
364 93
285 116
157 473
344 207
105 257
69 361
218 298
337 437
386 208
440 230
287 242
141 392
12 402
292 333
263 351
323 368
48 241
286 242
325 202
178 202
62 287
233 496
101 246
297 368
291 433
174 224
352 66
56 450
273 437
451 182
167 202
445 321
313 72
153 241
288 361
79 343
450 256
261 478
452 345
143 298
149 474
347 450
495 73
138 450
230 6
378 258
300 72
301 23
16 23
162 272
236 6
61 84
