img005.jpg img023.jpg
85 303
337 313
464 420
133 370
30 401
320 180
423 13
435 473
327 370
407 437
470 378
425 151
486 420
111 251
361 286
286 246
165 431
199 438
456 437
398 42
232 38
392 402
126 127
164 346
132 370
70 317
196 49
298 308
354 194
271 328
205 5
131 202
483 137
99 264
469 435
313 484
465 325
485 420
413 217
273 430
422 308
472 494
208 401
109 32
419 389
463 494
424 214
430 222
448 201
331 446
244 412
323 397
11 86
269 306
61 2
281 434
329 167
181 355
74 364
339 378
26 243
14 380
16 10
193 225
182 340
305 303
442 492
429 210
495 370
467 110
439 396
349 303
247 446
201 402
227 296
427 420
151 57
326 151
6 93
270 476
363 453
1 167
252 246
434 286
90 246
136 409
218 228
175 494
86 72
322 265
72 364
420 70
121 88
315 329
174 271
262 259
284 82
441 420
214 82
223 46
462 492
127 487
455 396
471 396
261 225
453 302
479 328
266 481
213 439
336 22
172 435
187 476
283 471
263 32
416 100
166 3
125 132
481 329
488 492
454 308
397 179
410 349
230 340
309 24
367 214
406 459
225 216
393 286
226 496
302 88
276 131
251 423
426 115
203 317
92 139
279 77
10 221
395 382
412 487
148 53
137 364
235 193
19 190
56 364
75 364
344 287
0 312
243 414
478 414
49 49
415 246
135 355
468 435
303 278
321 157
45 364
78 369
268 105
299 412
278 303
22 225
144 432
352 131
369 76
257 456
411 380
325 415
198 211
238 68
382 457
53 364
9 437
391 71
449 440
206 409
229 105
79 190
191 228
280 198
2 456
183 123
473 237
458 402
260 45
358 127
402 308
44 53
76 364
333 111
122 478
489 370
50 355
318 378
13 131
178 199
83 139
253 42
68 211
494 338
62 364
77 317
328 57
353 383
177 393
282 353
311 227
32 53
42 355
142 199
375 454
8 165
81 190
220 50
428 307
113 389
245 434
373 59
433 389
300 214
385 180
38 355
25 330
447 197
475 200
195 355
291 108
348 315
73 364
384 388
105 139
306 401
162 250
377 362
317 486
362 418
491 180
316 173
301 321
497 321
167 198
171 493
496 303
265 486
242 206
409 342
184 334
376 470
152 442
3 229
390 321
96 40
89 53
490 334
128 4
288 139
15 279
210 125
248 471
117 372
192 387
200 461
357 459
60 364
59 128
476 473
23 345
7 168
123 259
188 440
267 448
437 171
440 321
493 396
146 485
231 190
88 328
173 329
314 327
296 157
249 456
18 180
153 57
216 23
12 115
342 122
307 363
414 402
330 469
150 409
54 355
204 454
115 413
63 62
69 364
289 315
343 199
112 245
169 139
285 5
170 327
451 446
480 256
67 174
355 395
17 380
80 190
445 100
387 343
110 17
65 358
134 222
371 434
254 143
340 446
240 199
168 139
71 318
237 358
443 251
255 449
436 419
498 173
236 57
293 149
149 66
234 402
197 190
221 142
41 57
120 384
461 498
359 21
58 355
388 367
438 89
332 396
482 100
141 364
250 469
368 26
40 355
222 275
103 53
350 225
95 139
186 409
380 115
474 143
27 355
405 122
48 355
189 17
334 153
304 364
372 332
346 388
324 59
228 496
290 151
47 149
272 434
155 409
400 244
401 71
145 64
158 190
180 191
381 111
319 210
35 139
217 251
46 53
107 317
190 100
338 185
219 230
275 458
224 403
36 139
84 452
118 389
207 461
233 459
370 89
116 31
351 203
179 139
34 233
31 139
457 469
101 190
156 409
287 440
24 460
160 409
176 307
5 409
452 293
364 343
140 380
499 170
277 327
403 155
139 450
91 57
51 139
138 481
202 113
487 101
55 57
64 181
295 328
157 53
404 30
66 139
97 465
360 270
52 139
347 499
432 148
477 389
194 51
383 176
129 330
163 358
246 496
108 496
310 225
212 224
98 413
450 45
446 187
39 233
389 324
396 280
28 233
264 250
459 92
4 238
294 174
43 139
104 139
297 451
33 233
460 190
418 308
124 254
209 364
431 20
37 139
312 20
308 161
159 409
421 239
394 373
100 364
335 187
82 139
366 187
29 364
399 321
408 174
241 446
356 298
492 165
211 31
379 258
154 402
292 67
256 114
87 443
114 16
57 90
341 271
21 57
466 111
274 154
185 471
147 364
345 24
365 124
239 413
259 385
417 395
161 53
119 409
20 374
484 232
106 291
215 268
258 396
94 56
93 344
143 57
374 161
102 330
378 153
130 496
444 238
386 437
