img027.jpg img051.jpg
70 448
417 200
117 374
405 296
253 448
413 447
494 388
205 299
330 363
434 111
13 440
96 448
426 299
436 346
175 14
23 225
2 75
276 9
59 120
56 448
160 448
190 391
408 55
342 352
87 34
98 448
311 435
376 294
25 440
280 280
341 72
421 35
285 40
221 448
81 477
383 46
377 272
483 309
133 34
196 392
110 5
10 140
178 468
485 388
388 120
58 299
180 75
435 412
378 112
66 139
255 363
233 289
236 14
113 151
458 35
256 483
49 294
393 325
427 469
428 299
456 354
208 178
51 448
368 175
162 457
395 440
301 448
206 365
443 488
131 60
441 397
347 151
37 440
498 60
272 440
128 100
39 299
371 334
193 345
336 289
277 77
414 346
423 352
449 290
484 38
381 479
50 63
294 202
143 394
480 483
197 373
386 319
340 125
242 299
53 106
402 260
141 299
201 31
283 352
260 480
493 469
323 112
132 444
469 70
107 472
213 209
169 232
430 3
134 361
361 393
305 350
142 56
182 157
398 299
364 267
216 448
403 483
432 203
324 340
335 46
410 260
95 445
286 334
487 296
351 209
471 73
475 281
492 294
149 393
466 477
72 89
85 414
176 342
248 435
375 361
379 90
362 5
94 282
353 345
104 294
195 125
185 390
359 343
140 478
100 347
275 31
86 435
101 226
202 457
57 440
136 299
495 155
452 332
18 5
166 352
396 267
74 346
181 319
412 260
468 428
77 472
9 100
360 253
409 475
380 267
431 467
467 446
235 290
319 266
440 440
20 488
184 100
214 488
35 498
477 51
97 165
163 56
290 484
244 410
343 299
394 414
350 260
115 470
444 139
21 448
119 89
317 201
415 187
211 120
315 448
179 56
354 343
445 394
326 415
429 344
165 282
32 120
109 89
82 282
295 457
486 480
118 210
496 294
42 478
291 117
63 3
252 139
215 77
442 290
187 294
69 440
476 232
247 241
88 457
155 281
303 130
420 100
450 469
332 144
200 346
239 281
281 354
433 361
231 448
146 405
293 187
229 472
310 200
67 27
352 443
424 483
325 444
222 82
251 5
268 139
47 13
316 139
102 160
262 56
446 294
455 439
3 457
159 454
191 428
238 281
333 480
358 232
365 481
373 299
418 342
199 297
249 498
258 360
407 488
490 491
129 294
226 82
391 489
4 403
209 403
212 89
411 100
448 344
292 60
1 161
92 393
228 165
264 260
400 101
139 165
46 478
254 55
481 352
24 426
491 56
106 9
497 488
327 19
385 483
145 348
33 363
158 488
48 475
453 70
75 363
156 482
299 1
34 130
62 219
387 287
36 130
454 9
167 457
243 227
461 5
31 343
232 5
186 227
298 253
472 138
121 5
154 74
164 89
225 120
309 450
266 354
320 488
111 161
464 362
148 60
300 411
338 479
61 285
122 100
64 187
172 469
366 290
271 395
367 68
447 120
198 285
250 125
203 207
174 361
261 120
237 207
419 340
279 414
112 182
224 374
274 470
207 458
105 120
153 458
16 412
331 363
220 373
339 414
194 361
126 395
439 260
489 423
171 383
425 491
19 24
30 290
384 60
348 411
382 13
150 161
73 391
204 347
313 410
6 314
11 422
84 444
227 60
157 187
273 406
321 31
344 349
130 457
312 447
170 299
397 255
12 457
68 188
246 454
389 106
363 128
52 435
297 201
357 426
137 354
151 33
108 227
22 397
0 74
93 106
499 447
318 493
60 51
138 462
334 408
54 29
416 408
192 161
27 129
463 285
465 69
217 484
41 292
80 472
257 47
459 294
89 345
482 69
26 365
349 187
135 457
17 102
71 139
14 409
5 289
125 450
369 402
120 60
263 56
76 445
392 290
90 19
282 232
346 58
328 19
329 397
374 67
404 440
65 440
152 365
304 383
223 56
479 495
259 426
270 424
269 89
265 497
473 424
116 226
15 162
78 299
451 213
399 479
457 255
38 120
123 391
218 279
267 199
278 423
438 411
147 80
177 244
144 345
370 354
124 5
355 454
210 73
401 53
189 114
462 13
161 485
307 437
241 364
437 232
289 92
314 5
406 294
83 363
322 47
29 484
79 285
422 212
288 496
43 299
390 491
44 3
287 99
173 496
308 267
470 82
306 478
183 488
234 432
372 426
474 362
488 265
8 187
91 394
296 487
302 97
460 339
356 324
7 34
284 331
114 34
337 418
219 490
245 495
345 345
188 290
240 89
40 428
168 340
127 348
45 469
103 360
230 480
55 107
99 51
28 496
478 67
