img023.jpg img033.jpg
420 273
156 132
480 475
364 401
49 435
386 462
288 379
306 273
251 156
328 392
370 273
383 412
431 460
46 163
295 412
460 497
340 391
474 480
492 492
413 449
441 273
433 494
201 469
380 497
464 409
73 438
161 30
144 471
488 443
406 84
303 462
401 273
374 121
450 371
131 318
409 363
317 469
421 412
319 440
250 85
494 486
422 462
225 156
397 479
193 148
130 441
387 273
438 479
64 365
22 198
487 345
160 228
194 81
127 205
419 461
217 135
391 371
155 494
102 81
404 84
352 464
237 479
499 474
140 289
145 44
5 120
440 18
154 139
199 446
137 414
484 81
466 278
151 156
265 194
305 85
393 474
346 9
165 449
486 405
3 414
222 405
437 156
456 435
359 440
309 365
173 389
308 492
382 361
353 471
84 466
180 184
389 21
132 430
110 114
477 479
126 103
138 365
493 461
498 467
378 492
206 317
454 84
458 392
338 273
396 455
430 278
11 139
329 174
57 48
331 135
215 379
388 363
34 85
258 423
253 55
472 494
469 450
170 121
29 475
141 389
36 438
13 174
489 386
6 151
45 114
58 373
242 376
341 308
230 365
18 368
467 494
264 480
167 178
326 313
42 202
332 273
43 223
214 430
485 494
315 217
448 412
471 266
376 225
497 363
453 376
82 178
281 385
104 397
435 346
88 297
146 288
323 391
457 319
60 228
72 81
20 365
260 218
367 154
195 392
399 405
135 289
245 289
92 108
105 350
478 127
275 5
390 135
482 37
426 471
32 47
330 339
238 397
483 307
86 313
169 332
248 401
257 471
395 371
147 5
202 430
52 199
348 135
4 486
189 64
405 157
334 208
362 24
470 493
227 406
51 386
98 476
276 377
220 30
198 48
159 55
177 45
410 307
123 273
21 494
200 224
157 283
447 475
254 37
142 478
403 22
277 257
473 323
246 180
203 131
407 148
14 479
66 77
172 337
252 451
129 85
418 120
121 103
320 471
139 487
192 64
351 221
274 353
94 123
96 497
205 45
459 200
278 412
432 467
373 290
444 423
381 469
452 376
249 260
136 337
186 223
297 30
496 173
209 455
128 33
347 275
304 445
313 76
446 155
47 156
213 304
115 58
25 248
99 67
162 276
235 479
318 81
119 297
445 123
97 267
311 224
178 188
461 363
93 448
325 121
210 481
428 127
38 58
316 332
197 196
247 185
7 5
434 29
191 497
100 293
244 63
0 208
266 123
290 313
371 324
495 411
402 302
35 497
369 128
411 345
33 289
287 455
365 319
111 71
476 140
327 289
116 464
175 214
443 424
256 469
439 379
361 5
363 348
424 211
259 120
187 239
190 358
269 178
273 399
298 120
79 132
108 438
24 237
271 381
408 233
17 225
234 149
300 109
263 120
293 50
284 420
344 73
179 493
321 449
55 76
475 493
221 162
400 333
219 248
414 466
185 312
228 313
267 364
398 363
109 21
184 209
70 166
302 402
436 172
241 412
152 98
355 363
412 474
345 225
296 430
16 128
62 266
211 453
279 453
39 172
268 99
292 407
314 395
324 499
226 488
350 453
67 267
465 90
106 440
216 355
44 169
53 380
294 119
394 337
286 488
163 12
224 397
74 476
229 300
312 355
239 209
490 8
153 257
379 83
208 185
112 323
270 317
462 289
333 490
368 344
65 46
479 371
78 371
30 107
282 461
218 288
168 446
83 163
101 36
449 371
69 370
356 234
149 63
272 65
59 58
76 184
143 486
12 319
463 342
392 80
307 164
335 332
48 21
301 46
349 262
481 267
343 297
416 355
2 208
85 38
122 163
299 479
56 435
171 168
231 346
360 66
491 440
164 114
336 189
291 493
37 390
243 476
310 67
50 418
103 205
89 485
90 377
442 486
207 483
427 467
10 180
61 399
262 211
423 315
204 333
283 101
148 93
261 466
384 444
232 274
289 65
429 218
342 237
415 172
120 442
166 368
451 226
41 9
354 218
158 76
54 310
124 173
133 166
95 472
181 450
223 448
68 283
63 271
107 317
358 147
118 274
196 365
176 166
182 209
385 255
9 130
26 395
117 114
375 149
113 411
455 224
15 17
27 286
23 389
468 313
240 89
372 469
339 120
8 228
125 417
174 51
236 7
40 294
77 313
31 108
134 468
337 281
366 200
322 363
1 265
19 24
280 110
285 63
377 166
114 357
255 442
91 123
357 492
183 493
233 93
71 352
80 467
28 0
212 62
87 251
81 14
150 224
425 274
188 360
75 151
417 65
