img012.jpg img028.jpg
482 446
446 404
490 342
494 342
298 36
340 36
85 37
393 348
353 348
407 86
297 228
133 36
227 228
180 36
290 277
345 342
287 379
451 446
67 36
291 270
391 347
272 357
438 86
380 446
202 326
3 37
207 282
76 424
351 355
145 342
396 427
183 402
188 357
210 213
163 342
36 36
228 36
31 268
132 347
225 464
182 191
416 351
113 455
452 417
344 121
186 248
352 464
247 213
27 114
240 441
313 332
334 446
100 213
296 281
38 134
332 219
23 78
49 191
165 221
355 126
450 53
331 390
394 446
96 85
478 90
2 326
337 150
271 348
83 390
259 491
59 360
226 455
53 374
150 228
246 404
399 60
424 220
278 141
381 339
409 115
447 496
328 168
437 394
62 1
130 379
156 78
20 355
378 468
260 193
348 340
223 98
174 284
189 434
449 260
475 81
179 80
303 90
339 326
102 363
90 191
498 342
392 8
261 191
384 169
283 99
439 168
385 412
252 220
413 243
419 254
307 368
362 260
203 404
170 263
237 213
264 348
470 381
423 219
360 332
218 200
368 141
432 432
196 348
444 332
211 463
316 402
357 40
373 326
266 356
410 33
429 169
448 208
169 259
323 493
299 425
61 168
371 402
37 213
292 292
253 231
89 434
361 0
234 447
314 121
198 89
485 450
205 340
148 32
435 486
124 32
5 445
349 356
10 483
412 38
200 148
270 392
358 126
54 217
402 121
459 81
262 200
249 60
267 196
354 421
389 102
480 115
21 89
6 483
288 76
7 455
16 134
30 374
34 121
154 111
91 365
468 335
176 474
333 184
135 55
436 90
476 58
244 459
257 36
106 456
377 493
474 80
309 487
388 327
157 329
233 115
495 20
411 313
195 196
136 141
171 482
408 334
255 103
304 9
104 425
46 445
122 208
422 445
472 465
4 64
427 418
51 262
366 22
41 445
369 20
222 487
453 441
481 424
138 90
72 379
161 90
277 31
364 243
57 464
65 62
346 90
109 114
111 42
320 356
13 260
363 379
197 311
465 186
193 188
12 311
335 155
220 270
219 248
312 96
397 0
279 331
308 32
66 455
15 473
315 111
471 455
105 86
17 472
101 353
168 464
221 217
239 401
433 351
147 351
167 434
306 494
336 87
375 390
87 261
75 270
300 418
382 470
295 6
305 477
376 55
33 32
280 403
120 24
466 87
45 264
417 195
338 169
442 273
139 219
322 43
487 419
256 37
341 379
483 4
497 171
97 320
406 98
486 90
22 8
164 36
330 235
479 472
110 187
194 475
217 86
319 434
464 293
79 380
127 87
199 411
321 235
317 472
374 377
395 363
144 184
172 379
123 286
379 463
275 168
175 381
40 437
153 393
69 54
367 485
173 292
390 81
477 26
11 197
425 230
489 330
310 242
359 221
462 24
43 486
301 22
428 127
24 219
415 87
342 497
190 397
326 116
143 432
289 380
86 196
251 15
284 464
81 15
216 58
365 84
95 29
206 416
19 78
26 459
35 90
236 144
386 300
430 474
273 398
155 483
126 332
129 394
269 453
294 124
160 410
208 172
8 16
116 216
73 18
115 190
311 40
460 62
39 110
0 353
134 74
440 419
461 473
149 2
52 178
99 353
241 222
29 153
245 29
263 494
63 270
78 11
302 408
230 80
242 491
28 323
258 116
456 0
214 453
268 417
418 376
191 495
74 324
232 9
431 134
25 136
71 155
400 465
458 164
250 203
1 4
50 352
128 22
441 69
184 279
192 54
64 450
152 68
98 243
185 426
443 151
293 401
80 486
426 126
131 2
146 492
350 329
125 202
204 391
84 14
141 487
142 217
434 213
48 426
274 474
324 478
77 437
121 348
140 78
9 444
215 174
70 326
281 499
420 391
44 78
119 184
224 352
329 363
82 455
473 288
55 308
56 315
212 265
383 425
401 418
469 245
231 68
166 361
286 229
243 394
455 139
151 373
60 428
118 389
488 421
32 492
492 313
108 324
159 207
68 245
484 463
103 99
88 302
248 497
112 58
114 230
318 58
178 38
238 29
493 411
92 139
445 288
463 289
158 155
181 317
370 418
137 38
162 378
187 345
201 96
347 428
496 17
372 307
467 273
58 58
213 43
387 368
491 137
107 70
209 203
14 426
343 126
457 313
254 494
276 476
265 316
177 29
229 221
42 446
405 128
421 288
325 198
47 471
282 205
414 233
93 162
454 394
18 260
327 316
398 191
235 169
404 91
285 169
499 465
94 178
403 367
356 108
117 426
