img013.jpg img034.jpg
397 458
463 452
452 472
422 452
48 473
73 347
325 242
156 282
401 346
418 497
203 397
297 90
291 113
481 476
421 488
240 476
81 282
199 397
112 461
161 377
484 448
0 425
286 464
217 311
149 219
441 142
202 142
377 219
235 258
145 110
359 216
192 408
340 347
62 491
225 492
413 347
419 219
458 219
131 262
259 361
391 157
233 455
67 250
136 242
208 113
79 355
197 425
146 103
34 217
198 368
69 142
111 305
258 361
344 216
337 397
440 433
94 305
32 499
261 375
355 406
288 250
25 220
343 113
497 305
361 288
409 282
139 22
91 153
8 380
475 427
10 424
342 246
410 142
213 438
495 425
49 22
284 188
307 491
172 491
264 383
26 425
285 406
352 379
245 305
446 133
439 491
332 278
155 311
287 113
494 466
189 368
405 427
117 305
33 211
406 399
254 402
135 312
232 216
317 350
384 166
328 492
271 428
251 305
334 474
133 473
222 489
252 291
301 337
450 381
179 184
407 379
27 347
362 242
381 184
110 455
104 408
223 489
12 242
105 24
141 421
177 382
485 481
84 288
15 401
55 292
100 476
366 368
266 455
383 464
447 397
207 232
443 397
51 312
101 347
160 488
451 399
491 305
467 377
64 181
393 387
83 258
479 461
423 473
92 491
195 131
411 242
130 40
57 262
272 440
74 423
200 354
379 91
89 292
279 8
164 220
318 319
364 479
461 427
428 402
427 22
273 242
76 475
61 491
118 194
9 335
206 319
234 217
349 202
351 400
388 116
498 463
18 216
372 357
375 397
174 63
96 461
59 242
295 215
14 413
305 411
483 153
38 22
201 258
472 397
323 217
82 380
229 344
66 236
125 317
68 494
363 152
44 347
373 442
1 264
226 278
314 195
283 153
482 491
190 26
312 236
23 397
109 347
170 100
239 492
348 271
41 91
70 442
278 350
395 165
415 357
22 397
169 103
277 350
420 119
350 92
54 246
138 236
370 447
219 444
360 184
42 311
168 444
300 493
188 337
173 387
211 377
296 216
309 309
299 206
72 435
185 397
430 476
77 142
43 292
176 451
178 489
470 346
313 90
466 22
476 242
86 389
103 462
212 498
265 478
16 421
46 489
126 357
432 477
98 53
462 487
469 271
162 335
181 401
399 51
275 58
228 309
157 400
255 133
159 55
339 99
365 55
191 449
184 50
294 397
311 24
324 92
465 216
163 403
6 312
87 475
97 356
93 17
336 383
253 333
78 50
460 184
456 161
477 374
335 349
129 178
187 421
493 476
445 491
124 375
127 0
371 397
376 55
128 219
182 448
321 498
35 202
142 311
56 452
165 361
356 309
102 378
227 455
387 176
29 273
230 195
243 438
396 489
431 319
274 279
238 142
367 291
28 487
394 232
39 82
304 480
249 22
292 344
369 441
449 250
499 257
90 32
175 389
262 347
327 422
435 489
140 408
5 295
480 424
3 379
158 489
486 206
260 236
386 434
402 498
319 375
382 439
358 295
341 488
444 466
143 306
63 215
303 178
113 47
144 195
214 234
268 255
115 103
36 490
338 193
45 197
150 334
220 438
436 227
247 397
11 234
438 476
329 133
166 499
322 379
88 281
231 468
2 164
345 379
385 106
236 487
95 184
487 368
147 468
154 402
412 344
37 445
148 476
392 344
123 483
31 246
122 202
434 289
306 397
320 73
380 376
310 285
316 238
215 290
368 174
408 133
489 406
71 442
400 165
47 282
459 433
276 184
330 438
263 427
454 195
281 459
442 319
433 346
60 92
108 400
4 422
455 441
205 333
453 424
30 465
357 304
152 456
488 208
183 447
134 165
132 265
315 80
40 402
120 337
280 312
116 131
237 319
326 339
80 11
429 64
496 377
424 129
354 258
464 203
24 443
242 365
437 413
171 103
403 463
398 311
114 400
390 405
289 468
425 164
180 57
99 265
210 164
293 484
107 344
426 424
448 111
250 457
224 477
298 397
193 105
478 489
151 288
282 430
17 461
52 473
106 313
417 368
256 131
416 488
347 491
75 103
153 255
121 314
13 47
7 25
346 295
457 495
257 142
474 236
333 22
218 386
167 367
473 319
85 142
20 424
137 493
21 142
221 423
404 397
468 319
353 429
492 460
65 311
196 95
248 457
302 336
490 98
246 346
389 487
331 398
53 105
50 309
244 487
267 398
471 271
269 376
290 369
308 399
209 317
119 477
414 282
186 217
270 297
194 381
216 92
204 421
241 463
19 289
374 381
378 473
58 362
