img016.jpg img028.jpg
7 381
68 268
136 347
405 277
404 493
62 270
482 195
344 277
90 483
101 211
139 329
49 330
234 276
428 66
331 221
424 114
453 132
142 345
13 472
221 121
138 90
252 379
454 493
461 243
233 340
401 347
137 381
209 326
85 174
230 141
146 121
481 285
237 339
75 224
35 307
480 474
135 217
222 493
362 408
120 113
435 151
123 236
201 417
382 169
151 332
439 219
27 311
147 334
343 134
25 86
88 231
40 299
59 301
46 423
10 60
159 39
248 151
472 284
313 431
211 97
475 33
373 174
309 169
84 472
297 134
450 270
148 248
86 446
235 326
218 284
447 70
166 482
226 345
93 348
354 455
347 417
22 42
102 379
445 32
491 32
487 270
433 430
193 208
337 113
188 94
65 94
470 376
363 434
79 496
370 254
195 327
172 284
207 188
271 330
278 74
16 245
473 482
443 121
168 302
457 197
161 165
149 432
23 196
111 344
114 228
141 424
483 66
19 439
105 363
321 334
430 439
18 128
194 403
92 374
335 183
156 396
186 319
293 417
266 286
346 329
474 59
160 18
289 345
291 114
61 60
359 366
109 377
42 430
20 160
223 131
446 78
163 8
32 131
249 487
303 66
26 282
216 217
338 213
334 205
132 426
378 221
214 80
198 2
34 228
285 389
298 497
47 483
241 445
325 231
38 356
81 340
431 463
12 417
144 416
407 260
31 307
30 494
485 348
70 307
310 352
244 439
276 15
493 137
409 475
411 209
462 396
260 70
272 374
262 113
333 2
245 90
296 132
263 124
304 259
408 497
202 134
275 88
302 423
372 405
178 450
261 97
76 302
437 273
282 38
294 329
24 134
14 252
134 211
318 309
153 417
169 482
468 472
406 455
94 92
100 493
295 287
284 131
410 90
210 287
421 276
217 483
165 376
6 494
389 295
227 285
83 415
231 428
377 391
122 0
239 103
402 390
488 70
349 217
130 4
183 131
270 152
152 13
154 493
432 324
273 17
413 232
440 18
206 80
345 320
397 161
353 138
213 124
355 482
387 347
448 455
492 121
219 447
336 472
476 40
388 80
91 379
422 334
55 214
398 482
459 41
242 423
71 29
495 464
351 15
66 445
175 339
444 326
57 476
225 36
326 463
286 311
471 482
58 352
348 160
460 40
82 309
124 78
131 151
1 352
203 137
374 270
279 404
400 397
2 217
267 83
51 405
455 348
403 379
128 475
64 29
311 150
463 130
116 340
247 122
145 49
215 267
442 395
399 31
5 270
392 185
350 347
157 417
265 177
490 432
327 192
0 445
489 90
232 416
50 244
238 284
180 136
280 249
299 330
465 334
99 459
150 18
452 325
281 363
456 460
196 94
417 454
451 179
176 421
427 301
54 422
240 64
438 284
323 113
243 455
328 483
167 247
358 494
103 451
319 233
97 290
420 128
395 362
171 277
393 219
29 36
384 26
74 94
106 442
205 6
251 433
301 389
11 329
15 324
44 141
192 439
441 20
104 284
416 495
496 342
274 86
173 301
342 285
67 40
185 290
287 401
418 405
78 60
255 169
386 348
96 67
158 211
458 36
469 132
306 4
379 6
394 40
357 91
228 314
115 283
191 132
259 186
324 73
41 181
80 346
39 134
69 221
315 328
360 450
434 493
117 210
174 426
288 219
292 14
199 51
329 367
314 436
415 213
107 366
365 111
317 345
367 307
283 270
60 54
190 348
352 132
423 391
396 390
340 482
112 348
184 494
187 0
436 403
366 468
48 325
425 297
361 146
119 219
246 330
269 323
332 375
484 132
412 448
121 308
9 313
257 260
494 436
197 66
52 42
63 197
341 303
3 379
264 301
308 281
43 402
181 406
21 93
477 239
486 485
129 308
449 282
497 208
204 245
499 237
110 26
155 33
127 108
356 3
108 384
268 436
312 150
87 326
385 394
368 0
478 55
320 243
322 38
466 277
28 419
36 168
371 183
140 50
305 173
383 121
33 101
8 277
17 462
419 216
300 177
498 160
220 391
414 314
290 246
182 60
467 458
133 10
464 464
316 131
224 13
426 299
200 363
95 193
98 473
369 307
164 153
179 284
307 439
118 147
56 91
53 422
143 134
162 264
380 482
429 148
77 217
277 60
375 476
381 98
89 367
212 176
177 226
479 387
254 379
376 88
72 131
339 288
189 482
390 7
125 436
4 216
391 345
250 189
208 356
126 95
364 397
45 287
330 196
256 53
258 0
113 211
253 24
37 170
229 88
236 3
170 145
73 154
