img027.jpg img075.jpg
427 409
87 414
405 41
373 337
342 243
69 200
175 287
450 409
57 17
236 464
20 268
266 349
436 5
56 273
494 146
276 487
233 120
444 412
376 412
97 392
26 276
197 415
314 213
104 12
248 341
158 139
457 126
21 409
135 380
311 341
375 243
317 171
496 343
141 297
426 49
372 213
443 478
155 463
94 337
454 464
326 230
387 473
483 226
156 162
377 99
32 200
72 246
81 17
280 326
146 155
160 243
421 130
458 130
221 49
440 64
401 213
91 162
133 414
485 226
2 252
115 238
122 368
424 343
109 57
336 478
449 49
95 10
272 111
152 276
169 247
471 123
315 390
49 154
22 438
408 103
495 196
244 443
323 26
79 197
126 224
497 478
145 364
59 368
190 245
62 52
453 212
256 414
262 338
437 147
397 126
304 479
46 295
428 81
151 282
420 345
395 64
117 405
480 18
214 321
492 364
357 261
37 463
70 405
180 465
191 2
434 168
239 453
251 246
193 421
487 482
9 50
469 439
431 455
71 439
136 238
417 27
264 321
488 374
288 381
316 242
396 409
398 49
438 204
407 302
18 396
93 438
448 366
253 49
96 47
344 298
472 327
129 164
283 289
364 314
439 64
53 242
354 345
361 268
456 395
242 139
98 243
231 162
308 372
294 454
380 313
279 282
341 31
261 344
378 218
19 314
68 149
359 212
383 272
393 168
481 243
423 178
413 146
235 364
301 313
0 305
353 181
208 15
1 59
285 33
85 187
137 17
13 260
310 200
31 444
118 305
402 156
116 50
220 436
425 439
67 6
335 335
166 212
170 49
368 66
76 10
58 313
43 438
298 298
181 467
255 84
412 118
343 486
216 248
324 368
42 326
165 465
332 186
351 394
498 265
51 242
445 372
363 126
333 69
48 5
379 409
157 5
205 273
320 478
206 478
227 457
319 313
291 99
6 48
213 282
334 118
274 49
365 184
461 472
65 246
309 337
110 2
360 230
5 276
39 162
232 368
150 233
391 101
467 133
211 342
243 138
386 63
35 499
121 68
348 478
111 59
128 124
369 415
15 199
392 377
260 293
462 218
33 84
25 217
47 455
203 310
249 43
24 118
346 249
399 409
3 380
196 110
73 246
238 453
163 86
202 187
100 141
45 96
338 305
119 209
305 295
16 294
247 21
429 297
340 191
259 381
356 172
411 431
475 376
164 483
282 427
484 66
419 42
36 176
459 395
90 455
30 483
289 199
409 2
312 397
63 64
441 246
10 7
218 87
394 355
131 246
313 96
174 247
54 207
201 379
267 452
187 154
414 8
228 397
113 364
105 155
143 50
204 332
464 238
12 244
132 355
226 187
447 200
246 94
23 23
327 319
194 142
182 493
277 408
371 115
442 48
74 270
224 333
269 431
78 77
219 487
430 212
435 364
451 162
66 188
234 491
186 337
297 271
271 76
92 387
321 62
106 474
64 210
199 70
184 295
241 233
490 3
230 162
293 455
40 186
366 345
463 28
468 8
229 48
329 355
381 305
350 111
149 68
385 5
389 183
254 298
124 234
200 259
347 444
452 223
476 81
172 341
209 151
384 96
34 283
325 212
273 410
14 126
142 55
252 188
176 392
101 463
446 395
7 431
123 259
168 89
404 381
61 164
80 285
358 483
306 98
400 423
415 240
223 206
382 49
284 87
352 242
192 463
99 220
52 430
299 97
29 92
108 389
189 312
300 64
388 49
303 164
50 466
140 414
167 50
82 47
138 386
416 118
38 387
8 188
134 178
144 96
292 209
355 198
198 389
185 175
432 223
322 175
330 114
75 114
89 457
88 380
477 454
215 337
217 205
403 355
466 176
307 465
465 248
240 351
418 182
337 350
171 415
55 366
207 361
159 269
406 338
86 465
130 244
84 236
237 43
362 68
153 246
491 164
499 485
120 256
374 205
161 162
422 415
178 156
179 478
410 321
107 373
77 212
433 235
331 53
486 333
275 382
286 123
455 17
112 314
148 430
290 62
60 315
339 261
479 162
127 333
349 35
173 367
11 447
270 100
195 437
482 248
17 324
370 367
44 108
470 219
4 178
250 300
287 155
460 156
83 261
222 357
41 490
147 62
114 491
177 233
281 471
225 390
302 368
474 243
367 31
493 244
473 432
139 134
265 322
328 422
345 478
102 141
258 53
27 388
183 64
188 298
210 194
212 260
154 397
125 134
257 42
263 57
103 233
162 197
478 96
489 298
390 198
295 68
245 486
318 355
278 22
28 236
268 109
296 14
