img002.jpg img054.jpg
413 207
146 275
426 352
36 56
132 56
252 234
302 207
448 257
373 226
125 333
434 478
462 124
55 442
111 56
340 132
194 234
157 479
444 275
65 478
464 207
473 9
317 289
48 333
78 61
103 167
190 16
221 207
390 45
331 121
148 391
275 335
396 320
383 235
491 12
417 275
438 88
478 112
155 298
108 65
441 265
329 411
428 392
485 290
348 120
479 486
32 390
73 234
265 226
334 192
239 153
62 56
82 293
283 369
233 262
5 474
20 38
399 311
333 342
187 45
232 433
456 452
182 88
184 294
294 444
391 321
403 276
386 430
341 311
350 413
422 134
79 65
151 223
423 323
290 120
266 499
141 155
228 286
224 87
364 149
51 167
312 317
497 356
279 261
98 290
326 384
418 418
486 12
202 96
363 34
470 187
97 120
482 458
261 140
71 374
263 226
377 82
89 479
248 342
72 494
459 84
301 121
57 372
492 390
159 321
380 468
262 96
355 159
420 45
219 192
244 181
316 333
178 275
467 441
147 136
210 174
463 60
499 174
315 423
475 441
216 262
44 234
212 45
211 56
33 372
487 199
226 421
401 94
220 392
286 155
94 243
167 324
197 371
416 430
474 220
76 176
92 217
370 82
378 238
439 48
484 290
22 221
29 276
234 273
409 424
59 442
249 314
280 468
376 77
435 447
18 287
425 184
23 498
105 346
86 303
298 226
56 337
138 1
140 287
424 93
7 81
185 395
339 66
204 175
328 124
388 314
311 222
466 491
450 266
354 181
454 458
476 430
195 251
452 270
207 198
356 447
74 57
95 185
223 342
394 194
168 342
241 245
213 120
250 9
209 462
320 65
332 244
381 372
372 458
412 200
63 85
27 120
382 438
451 262
136 411
313 344
143 276
214 45
299 91
495 290
13 358
468 486
61 407
139 472
494 259
135 346
1 106
273 120
349 93
200 355
26 260
240 124
397 66
460 390
489 478
69 198
117 191
281 40
238 216
84 260
352 40
472 390
419 113
183 190
297 479
433 95
361 399
296 24
38 482
172 336
25 245
319 94
431 356
259 333
16 362
19 373
366 423
193 181
192 174
198 187
160 48
295 32
15 191
318 325
398 474
481 430
99 51
236 53
6 131
465 467
477 337
24 438
8 423
68 187
453 220
64 92
91 491
133 484
285 42
153 50
277 254
427 328
12 259
256 222
345 89
165 112
415 157
237 320
367 121
284 45
208 117
121 270
395 182
469 189
164 362
110 189
260 461
458 249
215 274
405 132
338 198
449 421
188 61
461 384
171 82
189 282
488 150
109 372
358 455
498 282
163 93
66 101
169 140
247 301
496 262
230 51
276 232
306 221
28 274
421 430
369 215
406 314
100 300
310 303
429 352
83 282
131 426
30 352
269 325
432 477
127 477
360 207
47 254
152 82
52 423
115 66
347 203
443 304
154 61
245 372
289 43
119 46
149 485
321 414
87 370
357 406
291 131
113 494
408 66
217 281
375 98
455 102
170 222
75 120
323 287
483 155
4 480
34 370
303 96
124 301
181 175
268 112
130 131
203 91
270 423
90 233
288 138
96 51
384 328
400 333
134 352
402 328
335 45
440 321
162 294
278 245
314 139
371 487
411 82
330 394
246 472
264 482
3 318
88 56
274 99
404 353
58 279
67 260
107 120
112 433
307 398
42 187
231 3
129 307
359 138
374 96
414 33
457 421
304 323
379 389
106 199
177 427
122 29
31 9
17 68
161 451
410 233
222 24
243 339
101 48
174 294
85 185
144 215
242 56
173 82
254 395
255 185
40 327
81 66
137 255
205 317
480 406
343 120
342 82
191 146
0 257
365 56
102 479
118 72
325 330
292 373
179 262
267 479
41 45
309 198
446 331
272 253
142 136
287 439
493 40
60 50
385 274
199 376
337 202
368 130
346 66
353 152
120 54
45 414
43 485
336 328
2 405
80 362
176 270
206 136
362 319
389 130
186 369
392 372
251 187
175 226
445 238
201 94
258 319
293 238
53 131
54 256
282 112
11 106
407 71
305 471
158 422
77 146
9 287
35 426
166 224
327 261
351 267
324 84
253 342
70 110
471 481
229 40
196 28
308 104
490 338
126 251
46 462
344 323
225 82
227 185
257 136
37 200
235 405
322 65
93 307
116 401
128 118
49 207
10 263
21 348
150 191
430 37
180 82
436 135
387 192
104 206
447 28
393 48
300 171
123 277
114 297
437 390
39 262
14 195
271 45
218 407
156 152
442 214
145 326
50 140
