img002.jpg img003.jpg
403 239
165 205
55 313
140 385
157 175
139 146
366 175
89 316
44 156
413 24
103 184
438 210
417 210
65 269
369 183
261 156
27 15
291 225
220 185
95 106
439 136
111 11
310 15
79 128
143 254
5 180
329 160
421 463
24 146
18 385
297 175
431 27
59 343
434 409
212 149
266 239
78 470
345 175
444 210
15 41
204 339
452 176
160 190
348 123
132 385
457 96
193 210
51 184
12 13
479 210
242 385
470 93
303 397
341 210
211 166
424 176
155 343
225 211
275 239
228 411
302 210
124 33
171 111
294 154
326 173
184 70
319 360
29 430
478 15
456 166
11 77
174 272
364 470
460 139
461 423
13 388
86 15
247 33
74 93
167 46
328 339
92 119
62 3
146 154
76 194
425 46
151 269
179 106
485 423
465 342
181 424
227 272
331 453
378 190
333 15
133 405
270 184
315 184
383 227
36 222
42 23
152 377
289 185
223 106
4 117
47 1
52 383
28 383
433 128
256 462
252 143
105 15
386 342
73 169
312 210
391 363
273 94
481 85
492 109
464 149
207 377
94 208
168 149
350 175
402 123
441 36
22 395
385 380
32 420
221 24
498 195
371 86
468 210
448 380
108 128
407 1
259 266
497 196
423 4
370 183
135 5
182 210
19 281
489 306
75 333
101 431
213 205
482 429
244 128
409 342
496 314
88 385
163 146
300 158
162 7
68 89
418 453
271 400
102 90
197 112
476 342
451 374
336 272
125 352
153 114
408 255
426 296
50 165
262 152
295 202
66 146
208 269
338 88
405 234
232 312
398 103
355 11
499 48
183 334
395 376
420 149
6 52
217 173
159 453
487 342
269 396
399 342
491 456
203 8
317 339
357 162
98 160
199 282
307 3
87 210
342 158
230 402
150 35
290 94
40 455
314 18
148 227
245 16
475 70
71 409
277 365
445 318
471 423
9 57
347 494
292 227
334 168
449 218
141 0
416 342
53 357
185 87
235 417
349 176
130 263
404 230
249 55
304 110
411 124
432 215
113 422
301 285
311 143
226 300
234 421
222 25
210 275
64 210
131 110
279 374
45 376
394 26
332 168
321 358
23 36
392 246
396 7
299 291
72 424
54 397
248 15
384 94
309 19
375 456
109 336
200 270
463 456
296 336
119 46
216 25
427 94
320 43
56 158
137 139
401 465
194 156
37 156
215 73
455 161
134 383
34 9
190 493
495 477
306 395
241 24
346 3
397 329
77 414
41 331
21 109
298 456
477 405
272 389
480 275
7 154
26 87
238 172
246 129
325 339
122 120
466 475
473 199
82 176
100 124
400 157
170 393
374 336
353 273
33 123
91 461
149 44
214 24
224 346
251 106
358 440
90 434
274 472
8 342
239 483
196 20
61 58
201 46
219 46
156 21
494 421
186 432
268 260
430 497
192 358
136 286
25 43
121 223
472 423
195 298
198 89
250 230
169 89
376 54
147 429
254 105
172 87
144 231
450 315
387 199
379 19
483 102
99 264
205 210
337 3
84 264
231 211
373 432
419 360
486 342
343 151
362 390
281 45
462 459
0 38
327 45
354 283
10 308
69 155
318 433
114 272
339 329
340 486
352 456
283 73
414 33
467 259
267 175
377 93
446 468
3 462
316 476
20 379
118 346
176 172
380 58
389 324
164 417
453 188
360 94
382 18
178 356
187 468
351 12
2 15
43 71
70 290
175 474
293 417
189 328
49 110
81 169
323 258
263 109
428 359
240 306
410 12
278 422
437 421
440 15
280 40
412 376
237 24
138 78
161 183
454 479
406 20
177 55
243 499
30 12
123 323
265 344
38 424
180 357
361 432
458 274
313 15
390 24
85 223
188 473
60 324
166 189
80 374
46 361
202 210
443 31
1 77
17 0
48 352
209 308
367 228
484 423
493 328
67 321
282 36
236 276
388 374
63 46
39 461
435 17
308 379
368 260
447 13
288 315
381 123
344 341
285 168
58 483
173 172
229 451
287 128
115 172
233 94
260 265
330 154
127 405
255 34
305 449
93 417
372 244
264 303
322 366
96 123
365 308
129 437
422 168
393 92
16 94
356 328
154 431
107 128
469 361
97 15
258 19
459 396
14 51
117 432
206 373
335 55
286 230
474 197
363 348
110 184
112 357
116 304
83 266
490 95
106 160
429 3
284 24
359 301
257 447
145 76
415 45
191 193
35 0
253 7
57 485
126 39
104 89
436 446
142 422
31 172
120 357
158 131
324 342
276 85
128 55
218 386
488 456
442 476
