img017.jpg img025.jpg
499 306
259 306
83 199
295 491
365 438
444 208
288 43
208 60
307 52
382 342
408 43
468 306
476 219
407 43
472 491
315 208
411 208
326 283
442 491
439 244
420 491
351 43
388 67
297 88
134 241
375 208
82 129
480 370
277 4
490 7
452 165
59 188
399 53
309 138
493 138
431 318
464 138
210 25
377 342
392 170
24 387
294 118
25 481
319 153
222 8
430 306
185 49
337 172
435 43
201 283
166 355
465 68
462 344
413 141
379 253
394 25
478 471
34 7
475 491
128 355
262 283
440 206
418 362
260 385
349 80
469 208
448 368
150 362
385 14
283 439
485 196
242 179
16 4
120 124
261 126
173 341
329 68
146 355
488 401
369 25
43 19
495 499
125 215
170 93
192 48
6 470
123 171
142 85
445 491
130 90
62 90
340 481
103 138
460 344
489 455
64 68
196 68
214 118
461 45
217 211
470 342
209 269
271 259
48 355
206 386
467 207
364 491
263 283
253 17
455 373
380 321
66 160
177 230
57 463
102 141
386 447
31 25
498 129
296 50
463 25
333 182
36 305
127 208
397 256
454 89
181 470
243 216
281 283
229 208
266 355
26 212
169 289
384 307
248 355
118 171
254 247
290 269
183 342
393 331
49 261
171 88
19 165
224 470
443 68
223 208
94 49
246 283
446 19
216 90
70 283
310 283
324 203
140 305
335 302
197 7
414 90
138 283
264 247
419 418
363 320
417 481
95 470
141 247
188 23
121 284
245 143
117 126
305 211
376 231
483 156
167 191
174 43
291 7
301 470
425 190
332 216
8 67
348 153
289 247
358 18
487 456
270 24
387 269
144 355
13 355
230 296
479 13
112 261
314 156
154 463
451 156
75 391
268 133
457 234
396 237
53 283
153 283
486 156
342 288
160 38
299 208
327 419
378 90
244 171
249 296
282 355
313 470
372 256
436 7
108 48
322 25
14 171
225 342
135 283
466 0
255 435
213 99
276 435
449 349
459 41
273 171
343 362
74 143
152 171
239 355
215 472
190 171
330 153
195 18
162 138
241 328
285 89
409 288
383 112
168 58
269 355
303 470
339 17
157 470
284 91
361 374
368 208
46 165
119 470
156 470
471 27
79 223
381 427
434 19
424 469
280 329
308 164
450 388
161 92
236 51
497 296
91 247
473 382
3 470
77 472
71 312
126 237
203 349
275 58
492 201
98 171
165 472
345 35
231 164
415 269
441 462
219 247
428 25
484 21
155 463
51 247
336 266
99 372
131 205
334 133
139 290
312 283
9 130
218 208
256 430
274 197
234 283
395 289
147 463
311 470
68 470
124 72
200 417
202 93
212 430
371 493
158 355
306 430
346 223
61 216
132 472
398 377
143 335
316 129
38 283
159 470
250 470
80 263
81 177
4 463
429 328
359 354
238 85
325 129
240 90
426 269
76 237
453 288
355 242
194 65
433 332
29 328
298 58
416 100
58 406
286 145
15 463
278 132
279 19
228 283
172 430
35 376
113 171
104 224
374 110
17 67
107 342
437 141
145 85
317 4
293 490
69 283
182 2
265 355
178 283
148 171
220 247
114 53
406 142
5 412
50 215
133 472
400 133
21 92
101 171
232 463
360 498
287 333
63 355
204 355
477 0
226 463
221 415
247 355
292 279
474 52
42 470
110 444
163 65
258 355
402 91
321 54
389 361
427 354
198 171
391 259
33 250
320 445
179 470
357 384
257 463
32 312
45 122
87 2
27 190
55 76
93 87
180 355
205 246
28 236
39 76
302 464
47 56
227 283
137 92
11 357
422 483
401 445
92 171
106 319
1 490
267 21
304 237
331 404
481 309
52 123
78 171
176 463
149 48
44 118
458 246
404 18
136 65
362 15
122 234
111 215
37 99
0 255
456 377
390 27
366 484
354 2
105 470
341 437
100 470
235 404
318 14
7 472
30 324
423 247
412 349
41 472
151 283
491 206
115 35
23 319
22 264
367 303
251 31
97 179
323 332
438 36
89 2
300 354
373 269
447 215
350 408
494 219
86 174
272 190
353 116
410 428
199 79
109 11
175 301
72 179
73 334
54 247
2 490
432 448
252 305
207 236
482 393
129 94
184 171
164 463
233 283
56 172
60 247
186 113
191 95
405 212
65 429
90 444
356 135
88 67
187 412
496 348
18 76
96 300
403 351
338 92
344 19
10 270
370 87
189 80
40 35
116 5
237 365
20 65
12 202
67 300
352 451
85 162
328 409
193 58
421 228
347 389
84 375
211 164
