0000.jpg 0006.jpg
15 37
331 1042
1058 2148
929 2558
777 2208
18 37
2208 3265
1102 2148
1663 2558
1949 1744
724 1042
49 135
1280 1091
1275 1291
485 1873
1913 1820
934 1744
2217 2446
1963 2308
1697 3265
2001 1835
1347 997
30 56
643 719
137 49
32 80
635 639
330 1008
889 455
2136 1820
1591 1096
67 443
1447 2192
684 1298
588 764
48 128
679 2272
492 942
320 421
1439 709
1538 2711
33 92
2072 1291
1603 1325
1203 1295
1305 2558
17 54
2184 2751
1712 2351
2190 3265
37 92
541 1744
1463 1065
1200 1376
738 679
462 526
46 97
467 526
1696 3369
1072 2130
551 2668
2014 447
784 1105
1400 2255
528 1006
852 2580
1116 328
1861 2751
2230 2846
992 2192
1268 2601
139 1259
1525 709
1629 2562
346 1008
47 97
2158 1889
581 714
1342 1497
187 406
1749 1483
149 569
353 916
2220 1358
1443 935
1089 1757
153 1003
1704 2192
1709 1156
662 252
1070 2676
1611 1539
267 913
447 2558
818 3178
192 2751
1911 2407
2063 2751
2179 542
1071 1126
1791 3096
709 738
28 42
1046 1468
837 1134
696 2824
991 1290
1777 1906
2200 1734
1020 942
1323 769
499 1070
1513 2264
899 2842
2257 2400
1084 1480
713 3265
0 15
1965 1906
1773 766
266 1389
545 719
1324 3178
1918 30
217 2751
860 1480
261 1505
159 2751
106 642
1715 273
210 1591
1503 2586
1928 2155
839 1685
1293 1271
915 2192
235 1968
79 428
2236 1505
927 1468
1683 1499
1550 328
789 511
1085 2053
75 174
2191 2319
21 42
2196 3143
593 1025
731 3345
1549 1591
1951 2601
1686 1904
2121 2299
1080 421
1785 2167
1760 1616
262 173
717 1049
1507 1937
236 3265
2005 2562
1114 1155
1134 831
848 2400
1087 931
1651 2690
2172 3264
2056 2301
1857 2407
891 1216
752 1872
773 3345
152 3345
2165 1070
1437 953
1973 2785
721 3265
481 759
2228 2895
1833 1964
1262 3070
9 1744
2041 2646
432 842
2150 436
982 993
1747 1035
1533 2534
640 2069
489 1941
1438 815
1343 2602
980 1433
945 1872
2241 1453
941 1569
158 3272
1051 1049
1505 2264
1625 1551
2160 2424
976 600
1982 2169
25 56
228 1259
1289 3418
1586 173
854 663
1743 1155
354 2228
2259 1734
901 2753
1812 1372
669 2824
500 1006
2254 1546
1182 1924
1953 1889
1719 3105
1801 1144
572 1414
2164 1835
1532 1591
1920 2629
1374 1685
1868 1507
733 3013
754 2894
2243 3280
763 1008
42 97
1687 1181
1489 274
1594 2884
12 1744
334 743
2101 2208
1618 2931
1716 2269
179 3007
342 1259
1391 173
1583 2610
1688 3049
1578 3020
214 367
2117 2610
828 1049
1380 2631
1734 2319
668 1091
971 1146
1431 1591
1326 2192
1375 2436
209 2269
913 756
969 2841
1258 2733
506 3395
211 998
727 2809
1755 2180
1017 977
1726 1758
1041 636
429 2104
2078 2895
1754 2586
1104 1915
1718 1649
1539 1903
454 846
80 428
1836 3315
2207 2400
775 2908
413 1744
2013 1973
1383 2288
801 2768
811 3369
2075 1819
1224 2153
2219 1453
1559 2285
1067 1139
826 846
213 2208
1281 1658
227 2616
230 3023
585 2213
2091 1937
1384 2254
2011 3005
1248 1616
1770 2657
1213 1412
1153 2924
1454 2617
1961 3207
700 1763
1138 1376
1510 1460
1921 2351
1378 1938
112 2580
1368 2037
559 2653
782 1872
1233 2629
831 2081
1321 1187
739 1208
1008 1416
2222 1520
392 3395
1133 3263
1970 1937
2116 1964
648 724
2182 883
238 2876
949 1184
2178 3080
968 1098
484 1458
953 2068
168 2830
1419 1499
1711 624
1176 592
2250 966
469 3037
1892 3045
1405 3372
127 1416
1198 1125
2126 2751
247 157
64 269
1360 738
361 139
336 2228
628 724
1667 1773
73 269
172 712
111 1003
1669 3105
977 2089
902 542
599 3224
1250 1458
829 2169
113 1416
1251 2503
1484 3351
477 1734
686 2420
1190 585
1771 2850
2039 2430
1660 2562
143 575
423 428
319 406
1189 2313
1986 3306
167 3054
2025 1640
1616 2332
1608 1649
1435 1616
1808 1842
166 2392
1684 2117
1610 3300
1797 3013
1580 2914
1822 1708
2142 1688
1185 2631
1886 3279
340 1551
960 2312
1782 1937
2134 3179
570 1885
677 2479
306 24
1021 856
1154 1399
1382 2823
497 2068
1584 1134
1945 3005
1049 1785
1840 2806
2021 3369
546 624
1509 2332
1529 1208
1563 1039
2189 1549
31 109
412 428
95 1213
2055 1155
2085 1933
1634 854
771 1514
1694 575
656 1470
732 2161
1227 927
550 1718
350 3007
1206 1187
231 1414
1568 1937
1761 1399
1005 2026
1599 1785
1764 2110
1285 931
1739 1499
608 1574
2077 2824
434 1440
1890 2442
250 2562
1698 2495
1937 3292
1607 1782
2151 2189
1180 2310
184 737
118 2836
942 542
2027 1008
2107 2579
958 2288
1441 1616
954 3265
1263 3069
1377 1872
1147 1005
803 2966
1810 3305
313 2247
26 64
950 2089
374 1154
1879 998
1850 2161
1519 2025
2163 2189
1042 1139
587 2809
175 3066
1753 2310
1893 56
1050 1551
1590 1885
1927 3337
849 1744
1320 2526
1779 2644
994 939
682 2215
1730 2098
1016 873
1943 2155
612 942
453 428
391 2316
866 2242
1471 3207
446 1758
1458 2760
1653 1551
618 2540
1748 3181
995 2498
1556 2716
768 2096
1282 269
1659 1691
2057 1117
1079 252
498 428
1270 1551
1898 953
1423 591
846 1499
197 3357
1318 2605
1622 1616
1398 2824
1309 1682
415 845
1979 981
1498 2586
592 1674
1897 863
2068 3068
2211 1780
1167 2944
1807 2110
1816 1583
2047 2228
2008 2643
1130 858
1410 1616
2125 453
219 1757
14 43
1987 3030
456 1718
1366 931
173 607
1534 1259
1781 1785
1027 2459
1497 2310
1678 775
951 1903
579 759
2024 516
396 2625
798 1157
1299 2096
557 2610
1308 1208
1222 2161
940 3007
1249 2652
959 3069
1673 1904
1576 1440
1693 916
1425 1747
1721 1688
364 2527
1241 2798
218 2562
1873 1179
1968 2643
163 1591
1388 1208
815 895
409 1758
1729 888
535 1565
2044 830
491 3364
1464 92
1386 3213
1647 637
332 3068
2251 1418
1105 2631
1996 1941
606 3087
1518 2299
1474 1499
1092 1388
533 529
742 2809
749 2288
1422 2572
1671 1474
1025 2823
370 939
2017 1157
1351 3177
922 1807
689 2400
757 1975
1582 2208
1279 888
610 2068
1627 1551
241 3066
661 3255
1670 1723
2033 3418
76 1584
1900 3213
1641 3364
1925 2726
407 856
2128 2586
473 3007
503 2525
356 1361
1752 392
448 2288
1054 3191
900 1025
2082 1938
85 2254
309 1886
617 3003
1315 3013
1337 1551
170 798
2253 3088
1746 1964
1212 2896
1468 575
165 3037
2029 1232
753 1235
1585 2594
272 260
894 3415
1312 2161
2112 1547
1040 2870
202 1757
2180 860
1806 2161
1166 1975
183 1551
1486 1730
761 3116
821 1313
382 724
2232 603
807 3420
1010 2192
2174 1889
301 2269
1341 819
1192 2868
598 1192
542 3124
360 3191
1553 2402
169 3253
1011 2089
1933 3195
578 3312
1245 1070
1389 1732
311 3077
552 252
58 2254
1255 1458
1082 1065
1195 917
1499 2317
314 3078
1110 1486
302 380
917 1025
985 948
1178 603
1322 530
1137 976
1862 1197
1117 3124
664 3330
1433 2142
1099 2182
1139 2668
371 1008
203 724
1273 3276
1172 1337
88 3009
358 3309
299 2953
981 1382
1039 803
1573 603
996 2540
501 1320
1657 1350
2177 705
2113 3103
1353 2613
486 1337
2058 1134
333 1584
1237 2870
108 2625
1023 1340
659 2625
794 3312
1614 2191
1522 2060
1344 939
59 25
338 2089
430 856
890 2576
1938 2610
1307 913
1115 2876
1666 3191
1526 1892
1434 3305
132 937
586 1486
1234 1591
1896 2044
2187 1656
1355 713
1875 3191
642 3312
1602 3204
1612 2375
2171 2586
2201 2653
1276 1139
864 3375
1310 2513
1856 3292
1359 792
133 937
181 2420
1488 3312
1457 2823
1787 1036
1776 3334
1164 1941
653 1736
1910 2436
1805 1198
2095 1937
723 3423
703 2105
1851 3418
1132 2566
571 1320
1703 1488
1738 3054
1800 3207
560 1551
792 1730
1914 1997
1126 803
216 2424
632 2288
1975 177
135 1327
1428 2178
2092 2301
1596 1324
1316 2182
2053 687
495 3061
813 2622
1432 2301
1948 1363
697 1008
1566 1474
1733 3178
52 2740
275 1440
1988 1718
1934 308
2242 2254
401 1302
2103 1937
562 2657
799 1933
22 1035
978 2036
225 1139
1026 2085
327 3213
728 1018
918 2319
421 1664
29 1035
936 1748
148 2214
1502 1962
780 3261
710 1798
300 260
1676 516
563 1154
19 444
5 4
1062 889
2 4
1124 2599
2135 139
698 2225
1619 3115
1467 2652
1628 2228
303 651
2225 3230
834 2400
377 3261
13 951
1218 1179
1402 1440
524 2602
760 1008
1242 1675
1818 3252
1811 559
189 651
452 1547
896 1605
1253 1511
418 260
2040 2152
385 2647
1123 2085
855 2687
1472 3296
1300 784
2037 3177
283 1612
1815 1705
428 939
1390 3037
565 1008
1244 2798
1145 2868
1197 2993
1917 157
751 1288
2132 2144
886 2225
2235 2934
1916 3093
1416 2817
399 2629
796 1642
2145 2505
1243 3004
1895 3207
785 607
195 1642
1362 1477
672 326
688 148
844 721
671 1195
543 533
1141 2751
1817 1944
1478 3161
240 2468
1097 1171
215 2754
376 776
1493 1297
2258 1188
937 2288
1150 1551
830 1095
363 421
40 1257
722 3357
517 1195
2105 2402
1985 1606
865 1008
200 1511
1855 1195
298 2392
605 795
1876 2791
591 2586
1335 2736
943 873
1545 2894
1059 2301
1501 3252
425 1347
326 1250
141 798
795 779
373 1837
1835 2715
1485 1079
129 3340
233 930
154 3295
907 873
1832 810
623 1913
1658 3204
1363 3309
1691 953
422 1382
719 23
816 3282
1429 3391
906 1447
65 125
1784 2724
351 1182
1292 636
2212 1350
1759 1144
83 1134
317 1218
1325 1008
544 1136
1725 1943
258 269
426 1612
1207 221
490 2225
1544 1700
2062 2876
1283 3178
948 92
384 3243
1387 2158
1256 784
509 845
2224 1338
675 3088
1977 2650
2152 139
745 2254
1825 1328
196 129
1639 2823
553 1162
983 3423
282 1139
1989 1266
715 661
2043 1849
186 1484
766 3098
357 2169
2138 3230
1878 1338
1330 225
2130 1171
525 2215
772 3296
386 1041
1512 1045
702 2513
365 3082
70 911
1869 1616
1406 1935
1804 1733
246 1758
2012 3412
2002 590
1081 1768
875 1243
1587 516
1769 2630
667 2836
1196 1304
2233 1087
845 2310
756 3195
404 1152
345 1999
614 1381
1980 3063
208 3050
893 1327
1140 2340
774 1846
335 561
884 1099
1880 1892
2048 2532
2175 628
1056 2098
1012 607
812 1298
1317 1730
136 1723
787 795
507 2472
634 1663
1348 542
704 869
947 2081
375 2936
1905 2949
1894 1070
1047 2736
999 3099
1889 1423
897 3077
1481 2625
1735 276
16 1730
596 2726
938 2576
1757 2726
427 3154
658 3233
1874 2007
222 2228
601 1917
972 2259
1562 2496
1871 18
779 516
597 2207
1541 2161
318 3050
1181 636
2071 511
678 3101
279 1139
1714 845
805 1687
851 1195
466 765
594 3154
190 485
681 202
652 1574
398 2781
2149 1399
903 1033
583 869
34 775
1002 2186
1361 3242
1415 2317
259 2254
1997 1933
1881 2821
380 2516
1554 3008
1144 1546
926 2301
625 638
1548 326
1365 1904
2032 327
872 1040
393 2664
206 2947
2140 1999
1649 1747
260 660
290 2025
1842 3423
869 2254
1560 754
1888 3093
1952 2972
1849 2584
1143 157
2244 3029
368 1342
1756 2539
2088 2007
1412 3088
1152 2876
1813 1994
1620 2567
2007 1854
97 842
2080 1680
1004 1349
747 2420
1392 2247
580 937
2086 2944
734 255
1220 1546
1314 1144
198 2288
109 1213
933 878
522 3304
130 155
244 2494
1440 775
329 1774
725 2506
685 1288
161 2420
885 861
2023 1516
1149 2579
1018 2214
2146 221
2198 2972
867 2188
770 3019
1845 3017
223 1025
116 2605
1211 1637
863 2870
394 1606
474 2357
463 1939
339 1079
641 768
786 2541
1569 3285
523 139
1547 858
1064 3103
1053 2405
540 764
193 3093
714 2959
251 3245
573 202
1482 1250
2185 421
1824 3104
2218 1534
645 1343
2018 3064
439 888
660 869
1371 3427
406 2716
1491 1322
2238 3289
516 1401
1286 2579
1520 1220
1121 2248
1901 2251
1274 129
997 2754
414 2228
955 2263
1798 1909
600 2128
835 1290
1272 1897
1844 1693
204 1139
90 2598
567 3364
904 106
436 1994
1984 3128
1720 2076
833 2304
4 443
2019 2065
1074 1837
916 193
1418 221
1595 3289
1617 1964
870 3198
577 2716
156 640
2229 1891
2030 2158
297 1849
2143 1723
2076 1134
1993 2931
1930 943
1635 747
788 522
2073 2816
226 2716
1906 3306
312 3326
505 3146
27 3271
115 3031
1630 1540
1998 2152
1204 1365
1038 92
381 1646
2252 1516
2169 2720
1261 2445
328 1326
1609 2397
629 533
895 540
1158 859
537 806
2156 3227
273 428
201 3009
2226 1123
2203 779
1045 125
2213 1026
909 3418
616 1115
931 1978
1287 1033
1235 636
1157 2396
1129 2309
558 2505
646 789
905 3407
1175 106
1621 2423
663 2718
817 533
921 2301
827 1875
2104 84
2155 625
1971 636
160 682
1495 2938
1853 1913
975 2301
1508 2297
271 1612
809 1188
832 2650
692 1195
1034 2182
647 373
2093 3045
561 2329
1593 2718
1304 3138
1899 1747
284 1657
1448 1195
119 3154
1399 1250
1103 2228
1226 3423
1194 883
1101 3115
145 3423
1829 2950
249 2494
790 1730
1381 3305
1470 3061
1589 2576
622 2060
1029 779
1828 3308
1264 2340
876 2791
2067 2589
2157 1195
1783 2876
2181 27
438 3412
1567 3207
1523 3443
348 2870
853 1616
150 475
1030 3290
2239 2629
720 1298
1799 1842
459 3355
94 1631
2046 3363
121 838
291 3025
2240 1935
1665 1551
1931 2776
276 1130
746 1268
910 2043
397 1885
1708 2896
1605 1752
2042 3050
2227 485
1552 1669
1006 2959
476 1594
589 1711
60 3355
234 3033
1903 2477
2204 3093
2074 940
39 3407
2247 660
1209 2290
101 3031
856 2071
631 1845
1446 3093
1932 1913
2133 1782
307 3154
131 1417
2054 3263
986 2254
2147 3334
1193 1396
2026 1146
36 1322
1957 2060
819 1997
310 3277
232 1883
1417 1677
269 531
419 1417
1788 3121
1015 2754
1954 1920
221 3099
77 1744
957 3383
1598 2290
388 1814
555 269
2000 135
387 3412
2170 2934
1955 2699
146 1017
1790 1198
1736 1594
1445 1833
460 1827
776 764
35 745
471 3179
699 1326
887 1157
759 2516
1604 2775
1459 1511
946 805
24 2237
718 2254
2119 3122
2210 2089
1066 2576
1240 2921
2166 1041
295 1301
1349 2267
81 2828
1057 1195
2237 797
437 2142
1672 531
62 99
730 2254
1926 918
898 2340
765 1677
1456 3054
464 2868
1652 1306
1336 3249
1403 3103
162 1968
1352 2653
435 960
2193 1323
708 851
2234 3271
38 2230
1887 3334
670 2215
120 2254
1254 1323
888 1900
1867 2280
1677 590
2115 1349
1480 2442
2248 3191
470 353
1827 3281
633 3266
270 2654
1035 1326
1792 1785
2097 1512
624 3303
337 1705
1061 3169
2168 1641
1466 1616
1821 327
1338 1945
1990 2759
87 3371
1014 1125
2016 2089
967 2671
493 269
1107 856
475 953
157 475
823 810
1682 404
778 1312
2221 2913
650 128
1238 3154
1231 3149
104 761
1537 59
781 3272
482 1500
124 2452
1551 1834
1713 140
1983 2558
2035 1266
1159 1674
1496 2288
2118 3001
1786 1160
1527 1225
369 139
1019 2559
487 334
874 531
1372 2080
362 1317
527 1917
1221 3009
2036 1943
1731 2357
554 2354
2216 1840
1277 2854
1710 3163
530 1839
411 2097
1260 2917
690 128
607 638
224 2654
1732 2275
1345 2622
1332 1738
881 453
584 3261
1288 2288
1737 2211
2139 1921
1165 3233
1581 983
613 686
841 1246
1044 790
103 2254
510 1888
1163 1780
84 2598
548 3122
1978 839
979 3291
694 2961
1003 721
54 1268
1883 1723
712 2505
220 2675
1094 3119
1000 1584
504 3305
1969 1171
519 3214
263 1139
701 2232
286 3076
55 2294
1119 1139
8 3321
2045 2093
57 3204
842 1584
1741 2675
1794 2921
892 2913
1278 2259
636 1711
1870 24
952 2080
1852 2103
836 2960
1073 1933
2064 1666
1744 3305
1120 2988
1216 1845
1155 2592
2223 1301
2009 1082
1517 2899
1156 1745
1542 2304
1394 3257
654 1188
1767 2388
1401 2556
808 1578
1170 2371
1490 1840
521 1259
1865 322
43 1229
1882 2465
963 2068
1427 2103
1396 2303
1884 1196
825 559
1339 1140
102 1216
883 1839
1681 3009
254 3116
518 2557
126 2505
974 2749
74 54
2098 668
1483 3300
71 2805
1357 1798
1229 1313
1516 2082
2050 1760
783 878
626 3249
1624 3440
1981 3304
1469 2504
1664 948
962 522
1230 1933
92 109
248 3011
1668 1167
1803 1861
1866 1563
2161 2297
882 1757
1303 2936
2144 3269
1793 167
1136 951
2111 2275
1908 796
868 1537
366 565
804 2132
711 334
924 2082
1543 3291
1570 1490
2206 1803
1354 2854
1854 3313
1958 3108
292 3011
1766 2419
1915 3136
2246 1169
1521 2621
1642 367
1184 2217
1078 527
2122 2975
1063 2515
2148 167
800 2645
531 487
1267 3249
1636 3017
741 2712
93 149
2124 3084
1424 1998
199 3348
1631 2752
2003 3203
171 814
1228 3171
2020 3396
450 2974
265 106
1252 2304
1290 528
619 1641
695 3054
296 803
1680 2158
1173 796
1311 2196
1789 3427
1475 3261
737 1408
1271 810
1528 2511
1331 1756
1118 2776
323 3347
1762 2376
1846 2495
2183 2005
1615 590
512 3050
1939 1169
2127 1996
424 1403
347 203
472 738
729 1408
859 869
1750 2882
1009 2309
2084 3305
1644 90
1177 1687
417 2990
965 2605
840 143
755 440
96 2590
657 2761
549 927
2015 2114
1765 1804
1214 3412
877 1008
1257 2505
2231 1674
793 3075
2038 3115
939 1837
1633 2924
50 1268
383 2913
410 3266
984 1095
1561 1370
862 2592
277 3347
205 2417
603 1735
316 334
538 1594
928 2740
63 1257
343 1086
1904 2365
1112 1306
1295 2959
2070 3233
443 2556
405 3420
1477 2579
1830 3233
1838 2559
1745 1849
23 646
293 2681
2061 2303
1722 2204
1404 1796
2162 1158
758 2889
1774 2950
289 630
1902 878
1565 2392
45 1412
502 3394
1941 3202
1912 90
1259 1110
359 1289
536 701
1449 1669
2066 366
1577 2247
1052 2093
253 2386
1511 860
1504 1616
1706 1817
1328 1738
1946 2237
1974 1961
1702 2121
1656 1304
1831 2209
791 3304
1848 1644
1334 129
1843 2145
191 1749
10 1465
1450 1930
1208 617
666 2972
2192 392
237 3099
861 2960
1763 1166
998 362
56 689
128 833
736 3123
1032 3334
431 3340
2109 2472
44 1412
151 1226
1370 1201
400 2598
1346 1349
1187 3347
1048 131
1675 897
1106 3064
1999 2699
321 3154
1091 2560
1442 2242
857 2421
86 3016
508 2460
735 3198
1313 3203
344 2681
534 2974
1028 1675
532 712
1802 1804
51 2532
1959 414
1095 825
1515 2937
1142 1443
2199 2591
1758 2250
1820 3120
1575 3258
155 2990
602 2216
256 904
147 131
349 230
1358 2132
1086 2066
726 1313
1695 3334
308 3125
68 1240
1907 3300
1125 2281
1723 3051
1269 2960
2031 2698
1007 2007
1131 2960
1705 3112
2087 3120
988 2634
1420 1285
880 848
1199 2838
2120 1676
676 1107
706 476
1409 3433
305 858
1077 3271
1751 2495
257 2371
1646 2747
1236 3021
566 1186
1500 1228
858 2675
142 652
932 2851
72 203
1742 2158
2010 851
1535 1531
2049 1862
1645 2386
806 781
403 2422
207 2304
78 2480
444 1814
919 2411
908 1089
341 2913
1860 2550
1950 1079
1205 873
2028 984
638 912
1169 3427
987 2035
925 1089
288 1827
445 808
1302 3364
990 2573
750 781
1369 1309
1031 869
138 269
1201 2290
1976 2044
125 3440
1956 2871
1823 2070
2114 3404
1215 3412
911 2032
140 2658
389 225
993 2994
1531 1868
91 2049
1239 2551
1397 2871
1444 3056
185 2921
604 3376
98 1332
1191 1082
1329 430
2094 2093
1692 1885
1395 1418
769 3429
7 982
547 3198
1648 2200
2131 1455
620 690
105 835
1919 2853
1837 2465
177 2578
1 860
1327 2560
935 2658
1600 888
255 528
243 366
743 878
41 1233
526 2329
1453 2383
649 601
1296 855
944 788
2102 1108
1775 2747
1994 2129
1524 1660
1858 1151
705 3334
367 885
1168 559
1219 430
1995 3391
1530 2476
1161 397
1700 2876
1411 2542
352 2005
416 3301
89 1840
630 854
440 3301
2100 531
1623 2735
1643 2986
1701 487
574 3050
1707 1803
2197 2598
1319 1479
1075 937
1076 334
117 2730
1967 2402
182 2114
1588 2871
281 3209
639 2041
2004 337
1689 3163
1514 559
748 2367
61 1281
53 2699
2069 2932
355 2505
1135 657
1966 2093
810 1319
1613 2091
651 1053
2065 2656
402 2001
212 2560
838 2280
1421 828
1936 1454
1922 2550
245 1892
144 1657
174 1370
716 951
123 139
878 2369
1891 3112
2099 3163
914 3381
1557 2804
1574 3198
615 655
627 1053
433 3219
673 2904
2096 3194
514 1662
920 2253
564 131
513 1872
278 2578
274 1139
455 498
420 3355
1217 1532
1679 1215
693 893
2195 3200
1024 3178
1462 2759
1661 221
520 100
1841 1351
252 612
178 2413
1558 22
11 624
1655 2281
1699 1270
395 3154
1225 2986
1717 2683
99 2684
1373 129
442 1313
180 1066
966 419
1728 1528
479 1309
1364 2731
449 1662
3 982
1991 3295
1037 2464
2083 1752
767 945
1088 2129
814 1567
1877 1010
1992 3306
1108 2698
1780 982
441 2560
2205 2873
1266 3112
1944 1272
707 4
468 248
923 904
1376 3287
665 2489
1834 2622
1546 3016
1740 1041
1564 1029
576 260
1494 1885
1872 2257
1160 904
529 2805
451 2904
287 762
325 2290
1247 3262
515 2598
2215 1386
1246 2132
1942 1213
1033 2988
1096 796
2188 1086
110 140
1962 2408
1606 992
1298 2419
2034 487
372 1584
378 2179
390 2542
1333 3440
1109 1099
324 3198
1111 3241
989 2282
1055 638
1662 3028
1847 1967
82 1537
1640 2551
590 690
2256 1194
2081 293
1768 2005
294 3055
20 2765
1001 487
956 3059
242 2738
1839 3
764 1738
465 825
1479 697
1947 770
1859 3295
1060 3030
1179 732
1650 2650
683 1115
1065 2035
114 1805
644 202
408 143
6 825
1814 3000
1202 2454
458 3222
873 3123
1043 2445
611 1591
582 1086
2141 2795
1579 1891
2249 1092
488 3154
1638 2598
1127 2645
1294 365
379 1994
1356 490
1128 2873
1487 1170
879 1152
1284 1075
609 2390
1885 430
496 851
1083 559
1572 1113
1291 2664
1960 3409
802 1086
822 784
1506 2702
1536 2035
539 2376
457 129
264 1443
1809 1234
1465 3341
2202 744
961 2793
1232 2526
1796 2250
2079 3076
2089 3093
556 1023
66 2374
1778 932
2006 1481
1940 1749
744 2367
2051 1660
122 2648
2245 1266
1492 2937
1592 140
2090 3431
850 125
1632 554
1183 3209
1146 3016
970 2664
1069 371
1036 1696
674 2715
1297 137
1223 1825
1093 2319
2154 1099
655 886
176 2665
1414 1084
1407 3002
2106 2937
1113 3016
1460 697
1772 3409
461 669
637 3348
304 2290
1100 3288
2137 1377
912 1887
2022 2401
1964 3199
478 2975
847 2978
871 1855
229 1426
2209 2514
568 2626
1265 2838
1148 946
1151 1083
2214 2965
2052 1803
1162 2333
1654 2917
1452 3061
2255 914
824 1855
268 2965
2129 893
494 2271
1637 1785
595 2899
621 2097
1863 3326
1571 2086
1674 1550
1379 357
134 1863
1186 234
1555 200
687 1016
100 2305
1826 1479
315 2472
2108 371
2060 353
322 139
2110 2550
1090 2290
1461 775
239 2305
1098 3243
1350 2414
740 3217
1601 2801
1819 2020
1923 3125
285 2516
1068 3273
680 825
1473 3335
1626 554
1935 851
107 2983
69 1805
280 2413
483 3202
691 924
1909 2992
1393 3240
2167 1805
1690 3131
1022 2137
1174 1897
164 2384
2059 2833
569 2035
1426 2599
1430 2992
843 3160
1413 541
2176 21
1210 2851
964 833
1385 854
1188 775
2123 2937
1171 85
1972 697
480 797
1597 296
2194 1817
1724 2194
1367 1901
1476 1696
1685 3125
2186 3239
1122 3409
1340 2960
1795 220
511 678
820 836
2173 220
930 2414
188 1426
575 3254
1301 166
2159 2688
1451 2723
1924 3073
2153 2505
194 2115
973 3219
1455 1137
1727 3073
1408 3240
1306 3281
797 3387
1013 35
1864 2335
1540 1501
1929 2199
1436 3261
762 667
