0001.jpg 0010.jpg
28 120
14 120
12 120
2223 2316
725 3615
231 895
167 695
1860 3780
781 2327
1264 3079
1011 4958
1257 4383
2247 4124
1627 2786
2309 3450
1044 3802
1879 1160
1450 2497
2439 2070
1803 3780
720 2656
1514 3310
1956 2316
818 4618
2002 2327
2221 3266
1981 4681
2038 3098
1925 2055
2404 1160
2444 3098
93 3972
203 4618
2235 4124
870 2894
531 165
2085 3450
2446 4383
1310 2055
627 2010
619 456
668 3056
1745 4839
216 3214
1707 1471
2429 1225
980 3656
787 1243
2268 4958
1080 1471
1634 2894
2337 3057
2131 5013
833 1674
944 3780
1497 2994
1281 5013
116 1411
746 0
1253 2009
1327 4090
1147 2010
815 4004
8 11
258 3214
1753 2072
1481 4625
1451 4632
2333 1607
997 916
836 2894
225 2318
1698 1820
1899 2108
1282 4994
2281 1800
1403 2010
1821 5013
1893 4681
1620 3266
392 519
533 2786
1249 1215
188 2318
1277 4903
1764 3990
1241 2318
1814 4084
2367 4404
869 1607
1262 3802
1476 474
2010 1020
1621 1995
1005 127
1757 1471
1390 4090
821 2873
1118 925
411 3978
1885 2728
180 534
1553 4404
1306 136
1346 2197
1459 4618
835 3185
1015 1640
65 49
1480 3619
1146 4440
741 1471
1009 1122
922 127
920 2198
1360 4846
742 3305
1591 2010
1995 2805
1980 2726
1976 1832
1641 886
1361 4572
2023 447
1108 1962
618 4618
1966 4084
607 1322
99 3324
1903 3219
1056 2792
290 846
2433 203
976 3737
1545 4625
1383 1762
1902 2267
148 3015
756 3928
1937 1471
311 3788
36 1968
461 3056
674 845
1157 1148
330 1266
325 846
408 1472
803 2798
235 1768
434 715
209 4791
1035 1122
1301 3079
150 1674
1825 2058
1997 2003
1165 4618
1438 2876
2407 4054
2280 3858
2052 3990
1630 224
1498 2010
1816 3164
1667 2497
424 1877
1258 4074
420 3485
2077 4171
888 313
2081 4688
151 2114
1273 1277
1746 4408
1942 4145
1387 473
2238 474
292 4786
1014 3799
1418 4090
1485 3656
1562 2894
403 2926
676 2010
822 1724
778 678
751 3737
88 460
1955 3862
2139 2515
1706 3310
1466 2031
1191 1180
136 0
615 1200
2387 3737
464 1350
1106 1343
2000 3862
628 3015
1901 3022
118 4161
1008 2876
1336 473
391 3795
342 4618
361 3801
491 136
1572 1136
708 1943
381 4464
1524 4839
1352 2010
990 1855
1518 557
2199 4445
1425 3788
1889 4404
111 1599
2160 4681
744 2597
2290 4054
1406 3433
1949 3613
688 1994
1458 4021
318 8
2134 4632
1916 3795
1886 2010
1376 3450
286 3182
340 311
107 1599
770 4767
679 473
1549 3955
1796 3065
1407 2873
393 3795
2284 788
2149 3656
1240 3862
1865 3801
2146 4538
608 3217
610 5062
2216 3656
1729 3324
522 181
486 3858
1554 3795
1809 2864
2468 2798
1790 3990
1110 474
570 771
759 2517
60 4075
851 80
1434 3382
1127 2833
831 3780
1613 403
902 1605
1208 2794
2155 2252
270 1567
1119 2742
1686 4618
1400 2010
2265 2010
2323 4811
740 3862
1917 3953
2312 4647
682 4088
185 2285
2045 3862
250 1263
758 1473
452 2304
2039 2500
458 4291
357 216
1530 1758
1030 2500
2375 1827
1691 3527
1192 3057
1090 3737
501 1805
241 2713
1303 3310
2072 3281
865 3475
1823 3310
1674 3737
1929 2055
187 4171
2403 4008
519 4786
953 49
1862 3266
2148 3627
483 1200
854 4676
1711 4618
551 3266
1947 4221
652 3810
1687 2012
2351 2441
665 1346
1049 888
2356 3586
1145 1719
1874 4064
2419 1674
1806 3669
677 1938
629 1073
726 678
984 80
1539 2325
433 1754
1203 514
418 3177
92 3978
1122 3786
74 1471
783 3048
943 4090
1351 2010
2397 2495
405 514
2303 4989
2317 405
723 3807
2110 4445
651 4977
1854 1995
2259 3310
1018 4989
2128 3821
566 791
2237 3737
1594 2051
2329 4791
526 66
421 216
1052 2786
255 3214
1564 4885
2395 660
1155 2684
1677 3830
2423 3788
1473 4021
1820 4444
2241 3015
81 1758
514 5186
1508 2241
223 1131
2358 2709
1142 1347
1835 4090
1426 3631
2430 4439
2025 2366
1446 5013
1849 741
1833 2277
127 4954
1427 528
1484 3151
1189 1721
1226 3785
348 3788
1195 2241
1503 1725
1543 1357
439 4161
1822 2072
1085 1073
2215 1938
334 1200
413 2162
217 2175
441 3830
2197 3978
924 224
1116 3101
320 771
409 4600
1953 2108
479 3821
1895 2314
1689 3682
1898 5171
2236 4460
1454 1674
2021 780
2475 4772
1998 4859
1175 1243
945 3786
53 3822
1435 4685
785 2858
552 3182
1128 224
449 2394
1867 3613
1991 3511
450 583
777 4512
2228 2441
2028 5171
345 1509
1696 2979
97 3905
1832 3818
884 4404
120 1780
660 754
644 2198
762 1721
1941 2687
534 4618
567 2873
2438 1999
621 5149
2136 1968
332 2247
95 916
512 1225
1853 3862
1457 1960
211 2300
1588 4515
1660 3915
2135 4411
702 1200
1394 3542
595 4751
1992 2792
481 2753
275 2729
152 2871
2364 1758
1339 2197
691 4461
1199 1471
2208 1640
733 2858
1584 557
1926 1417
842 3015
1421 1122
1161 4035
1184 1724
1242 3818
1755 1874
56 4751
2316 3022
1919 5013
654 0
874 1882
623 0
581 4974
279 1624
764 2804
918 3810
1604 3278
1684 4286
1710 3785
2478 4357
353 2729
2019 2277
506 1758
254 2592
523 2926
937 23
1786 2308
606 1599
2463 2175
540 1665
2371 4242
1663 1995
2296 3749
2354 2257
589 2717
1228 5186
1972 4515
282 1624
2102 84
2164 577
1218 2878
1795 4445
1194 3972
586 3955
712 3666
1914 4445
247 1350
745 2366
69 109
240 553
460 1284
1455 1640
218 3812
389 8
2465 2956
1535 2270
798 3785
994 2224
843 2863
826 3057
1314 2804
2460 3076
2388 4398
272 2083
2320 4647
1270 4600
1897 4750
1516 2873
502 1473
891 3978
1859 2252
1777 4257
1076 2058
1766 4751
1094 886
1186 75
303 1624
121 2014
2310 3677
1657 1225
1223 2198
1645 3223
1150 1565
981 4063
849 3563
2170 4379
268 1302
1647 1938
26 2244
560 2198
1826 4647
914 4461
1436 3656
2399 4054
1699 3946
808 1215
1401 2072
635 4686
2169 1141
1382 1800
582 3037
2013 2112
1419 558
499 2766
182 553
2156 1978
1608 3381
2339 1346
979 2927
2359 1947
681 3737
609 1471
1836 2775
2432 3040
996 4512
509 4625
889 1180
1391 2010
1494 4054
2385 2397
765 3053
29 916
1824 3022
179 2070
1431 2876
1151 327
904 4835
1365 1250
222 2029
2350 2224
1624 4926
967 2257
1125 3737
113 2805
1619 3381
430 3795
569 3946
1012 2873
1206 1367
588 2012
1268 2635
537 3382
1602 4445
1025 3057
1512 4583
2186 3214
1526 4790
395 2162
743 1350
1855 314
693 3788
1143 1243
172 2285
1214 2072
2484 3830
1385 3511
2324 5031
2147 1758
2440 4528
645 844
2378 3719
734 2500
768 3788
490 5149
1105 3246
496 3180
1124 2700
485 3788
2089 3149
757 1875
1084 3830
438 2198
1180 3955
1632 1611
971 1724
344 887
718 2729
2331 4303
897 3182
1293 1758
558 2794
1027 1180
1778 1759
2389 3757
368 80
2176 1995
1440 1753
515 695
2466 2198
134 3561
1402 34
1614 4242
422 5081
750 678
1386 2224
705 2412
337 2073
1375 5136
1603 1180
1633 1045
1804 3810
242 3631
797 1473
513 887
983 2257
1318 2927
707 3822
194 3182
789 4259
1453 5095
201 1296
1744 3879
1576 3737
2024 3788
936 3766
932 5149
1759 2680
1837 5129
1328 5060
4 30
2262 1473
1721 4175
239 5105
946 2807
1059 1724
1019 557
404 3247
1709 3745
1509 553
2079 4063
662 5117
2249 3114
521 3136
2120 3801
2251 3447
1135 4361
2057 4338
1771 1832
1432 2500
1578 2871
1349 2526
1638 5143
1644 2881
2212 4017
1345 1180
177 4176
2418 4982
1209 617
158 334
545 1473
970 2010
1792 5171
1366 4860
1472 1225
1648 3785
549 2253
1609 2247
1137 4833
2239 2805
600 2053
2202 2704
2402 3164
1519 4811
1815 2819
1326 4790
611 2729
518 2849
1931 2229
1529 4139
1424 3656
237 4843
1156 327
1449 4432
2274 4303
2001 3603
941 2824
2292 4254
1379 557
1528 3858
1353 2058
2326 851
96 3768
2322 3477
706 1623
371 2798
1430 2876
1070 1807
2476 668
692 2834
525 2743
1877 1036
2473 4269
881 2730
1700 4404
949 80
1568 4591
1159 2729
1190 106
1548 5013
890 1724
359 4733
1413 4215
259 4843
732 5149
575 2183
1023 896
2154 3305
1850 6
2271 2397
1078 678
1527 80
1904 2833
1255 4063
2022 2460
407 1800
2328 2571
1417 3818
1870 4286
1297 1753
603 5101
1544 2363
1154 3766
562 1820
1222 4154
1915 1122
731 2308
2195 1464
1486 1532
1109 811
1017 2285
35 4555
871 3324
811 1938
262 3498
1868 5060
965 3101
1694 2726
547 2873
267 2175
1399 2620
308 2241
2140 3862
819 831
1269 224
1243 1225
601 1408
767 5149
1532 1753
356 4161
221 3108
326 4791
1840 4497
1555 2366
1936 856
1038 2805
782 108
305 4751
931 1342
832 360
876 1644
975 2257
160 2013
906 2670
1160 2873
280 2798
2363 4572
1704 3363
1533 791
546 4259
1666 2766
1846 2236
791 4250
2234 2345
504 4480
2277 3905
738 1919
277 771
195 2455
1077 4538
168 1016
500 2866
1158 5059
1177 4572
2217 5062
1590 4054
1571 2484
477 2873
1861 427
612 765
470 1768
2166 460
2213 2353
1714 4175
1443 4171
2295 2798
1215 3179
2012 3955
284 3019
680 4161
1007 4353
1770 4811
2011 3953
1338 2775
853 4632
1567 4674
2470 3792
46 948
1579 925
1456 3757
1153 4338
1140 2257
2032 3610
244 4153
972 4647
2483 3222
2307 3516
1408 4600
2481 3990
126 2001
2291 4411
1292 80
2382 3398
694 1473
2132 4441
163 641
1100 4751
2377 2794
952 3900
122 2001
1631 4075
573 887
2390 5031
860 4084
2126 4114
1246 1800
1487 1532
1404 4954
1227 2936
1773 1225
2298 4303
1797 2595
1309 3788
1680 5145
564 3527
339 2764
1220 3037
948 5139
1062 4090
1447 3757
1712 1689
2442 2253
1962 3451
1727 2435
304 1754
321 3429
2254 1889
2471 1411
2346 2794
234 1986
419 4217
593 1149
910 4259
1876 4843
199 1589
343 3019
658 3785
1642 4589
1819 523
555 2175
1906 2473
1344 4175
264 4064
319 2809
834 2192
135 787
2049 3043
1263 2241
184 4163
2314 963
351 4791
2457 1762
475 316
423 453
1325 3880
375 818
1239 2072
112 2681
200 771
1812 2168
1213 2926
288 4885
1445 5110
793 86
715 3951
1307 4292
1152 2484
1010 2333
75 1800
825 1995
810 4164
1869 1832
437 1016
2256 1518
1515 2993
70 1544
717 4846
1646 4948
1585 2805
2435 3887
647 2415
2427 2968
1081 1434
1091 3788
83 1780
59 1170
415 4807
1948 4480
1096 2175
1067 3136
827 3054
202 3171
1442 3064
1974 679
559 2625
2384 5181
1022 4139
2196 4868
1251 3745
1762 4524
641 2010
1628 2063
162 2926
2260 5010
2143 640
2015 1832
1610 2140
189 4289
2003 58
2073 2883
141 3040
760 3151
1732 2335
2269 4931
1204 1480
548 771
1654 3745
538 791
1266 5060
206 3433
263 1986
2392 3801
960 2792
1187 887
387 634
1320 482
159 4289
894 2366
1392 4361
985 4618
294 1350
816 4520
748 482
379 4278
1260 3101
1129 4338
1054 4793
1415 4833
52 4428
349 4445
164 864
1016 3450
472 325
2266 5181
1389 2878
1193 4112
2393 1543
2386 596
1181 2424
634 542
1967 4956
1538 4843
2071 3898
1733 238
840 3128
829 1625
406 3230
653 3893
1112 2687
1381 2926
2187 5076
1921 2105
1618 3788
1636 4648
309 3935
532 1212
591 2569
1037 4793
1312 2927
1784 4751
1589 841
873 4843
1581 587
2127 5008
959 4647
1377 2895
1093 4171
796 668
801 5149
1650 2245
1651 2812
251 4535
1730 699
1794 925
469 5048
1818 414
169 3303
2365 4798
2107 2862
204 3538
1172 2175
1676 4114
655 4610
1834 3498
473 3693
2050 168
1506 4648
178 3893
1083 2644
771 2065
103 316
253 1962
1089 3175
1693 3136
939 2926
183 28
1661 316
1279 1938
2400 390
489 2247
1179 1216
1522 1960
638 3298
1670 1305
1563 553
2042 2805
390 3905
597 3926
2117 715
2203 2394
1892 2842
780 5149
41 4555
1971 5181
2341 4589
1884 2065
19 1677
108 3114
2006 4520
542 1938
2411 4575
456 3795
2273 4996
1202 4638
1807 3228
445 3028
1601 2681
1789 5049
2116 3054
1048 2257
978 3960
1659 3531
624 3785
248 3179
106 2415
2034 4604
2063 4101
1 2196
2398 2473
721 2058
2151 2669
516 3830
713 2059
710 1119
1973 3065
2360 4772
55 4912
1101 4176
335 3850
722 3830
1162 4451
1207 1664
572 4811
1136 3114
207 106
1738 3982
1517 3745
1311 1407
1595 2792
1462 1150
350 3498
355 0
322 311
1843 4002
583 3893
1799 2473
289 4791
358 436
2306 2484
1685 424
602 3656
686 791
1433 4538
1705 2245
385 5149
1460 5186
969 2263
1802 577
1625 3590
2099 4442
153 460
625 3281
1574 2027
727 2528
1582 108
166 2713
642 2255
878 2198
1467 4790
2066 4557
561 1222
2035 5139
1629 3694
2270 715
1570 4090
73 2927
1918 5031
291 2704
955 2366
524 5021
47 2681
1359 3893
1252 2811
498 4375
739 4325
1586 2455
1342 2435
446 1382
143 771
794 3477
1357 4292
2253 2528
23 1758
989 4520
848 130
896 557
913 2424
553 4259
2319 4696
1280 5110
1881 3923
661 985
2106 2263
2178 896
1741 2726
1682 4171
2453 3977
900 2835
2345 2122
448 741
2218 4205
2372 3171
1598 3905
463 4439
695 3058
2091 5181
2263 3223
2129 4638
1507 4411
15 83
912 6
276 5008
1780 4885
813 1437
1072 24
1362 5042
283 1897
1130 4139
1878 27
1201 4524
1933 3192
1658 3946
2088 1700
1261 327
1337 679
2293 4938
2004 3761
729 2794
198 4530
986 1572
396 3037
2165 5065
471 1800
2056 673
1045 4565
1237 3179
1294 2766
1985 1843
1688 3182
2204 820
2030 4114
1233 2605
1333 2253
2321 2083
1768 4648
640 1580
1883 4490
2243 5079
2188 3187
678 1978
377 489
1808 2960
974 2198
1999 4037
2396 654
1006 3757
2172 1222
2009 711
1334 3910
1626 4076
78 1170
228 710
1471 3246
947 2192
2325 3978
274 1780
226 4991
329 3994
735 4737
133 2001
1235 1618
774 1865
1719 2800
131 695
149 5088
436 314
238 4600
2425 4809
1212 3923
1938 350
2315 2747
1354 3830
1305 1824
585 787
2287 3542
2454 5112
11 3905
1372 2960
443 4903
1552 3151
34 1681
1032 5139
637 791
227 446
966 3830
1229 557
935 3819
37 4045
1071 4490
703 2325
2302 4211
2482 3732
451 2492
156 641
1170 6
858 2994
915 4600
261 901
416 463
576 1243
1452 2241
1988 2023
747 2177
2060 2764
295 945
2332 5136
1133 1928
964 4303
2097 1887
281 84
432 3922
1250 1000
2194 4793
1224 4108
1927 1139
2336 2729
536 1243
30 4785
1286 3281
620 2729
132 1270
497 923
520 1390
1483 1874
249 1135
929 2063
13 81
700 715
987 4163
1592 3148
919 1572
246 3876
16 81
2366 4217
2161 2345
1308 3994
1001 2897
49 686
880 1178
1374 2208
1057 3652
2112 2847
1409 2470
1284 4377
1749 3398
2067 4397
1046 4411
1728 4530
786 2798
1254 1572
1247 1599
1461 4625
447 1768
1952 3361
2264 1650
923 4254
2005 4666
2209 1348
1960 5122
2059 3091
1176 4796
1775 760
510 2350
916 4385
866 725
737 3702
354 1033
862 67
921 4135
2224 1464
271 4358
769 5000
905 429
1577 124
1371 5082
1200 2586
2078 4101
1356 4666
2472 1373
1276 4029
1566 3286
1880 5196
208 4150
632 2528
2048 2505
1087 3950
719 4394
2174 4088
1934 711
1716 4934
2301 4535
795 4544
2205 4153
1034 5000
1343 4098
428 3792
369 2927
1217 2105
1547 1413
2103 1033
852 3092
556 993
2464 4088
817 4302
893 1669
124 4954
761 3913
2405 3939
883 3960
1723 3363
879 4565
1183 4387
1536 2598
2068 3766
98 360
541 771
864 764
1139 2424
2458 2779
2124 4638
2062 4432
1138 4671
2294 1473
1492 1722
2257 4217
1909 368
908 4768
2299 4432
1205 1087
2244 778
87 796
2276 4090
376 4254
1332 4977
807 4113
115 4668
1681 2334
236 2260
2252 3785
1857 2891
1316 93
882 3554
1965 3057
2145 4320
18 47
9 1246
90 2683
1599 2797
1617 5010
1983 3788
1013 2779
2133 3437
1429 4405
2347 1390
2080 66
995 3583
1313 3156
2109 3792
2175 904
2061 4303
1913 2122
2409 347
278 4512
2340 1952
927 557
2362 3833
2074 3479
2436 4205
2410 2247
788 4512
599 4807
2044 2266
1765 4671
1296 2255
594 4414
2450 3672
2158 3140
2477 4835
961 6
1838 4581
1888 1505
1020 1344
33 52
2183 870
614 1986
1290 2871
1502 4461
32 83
1299 3435
2220 524
2179 1175
1329 1967
671 2805
2171 5065
1041 4150
587 3398
1907 2969
903 1539
1587 3745
181 3128
837 2289
154 4292
999 186
2200 3957
45 4475
1099 4377
2075 4387
2448 2586
2394 3803
397 678
1350 2110
544 3905
1887 3727
488 1016
1813 1162
2304 4090
823 4907
1086 583
1088 2702
297 1938
2046 1215
875 1938
1754 2927
2191 597
1322 1516
1211 3912
2076 4846
2167 3426
63 1920
689 4477
1341 2878
2258 4241
1324 1769
2406 800
493 4757
1470 480
1798 4874
1123 2039
40 3814
590 2255
2353 4809
1858 673
763 1348
1963 950
1256 370
1950 4045
1074 1348
346 2435
2417 1824
1468 2670
1800 4411
1945 2075
1671 4535
1373 655
2368 1267
1002 3598
2462 3121
1993 4946
229 2949
1541 4302
998 3201
378 832
2272 1744
1787 3116
315 502
666 4291
17 28
1871 2936
830 2560
1098 4136
1827 4153
1896 1348
462 3305
1422 640
622 72
1793 4408
455 2846
50 686
2125 916
2210 2041
370 1463
809 557
539 653
193 4081
2027 4806
1742 4279
1234 32
1219 5076
1523 2310
347 1139
2421 2216
1851 4712
1752 3232
557 2196
442 1175
1970 3353
1769 3644
110 715
454 1587
266 1092
165 1407
1569 2241
287 323
617 4522
977 3201
2227 1527
2152 725
1321 2257
1323 1049
2434 3973
170 4358
1428 1673
101 208
895 40
824 5149
1036 1854
2480 150
1302 3900
1496 5000
598 1938
772 4397
517 4292
142 1100
933 80
846 2342
2461 4292
1478 5145
1216 3978
1369 4413
1673 3905
1396 2444
1477 3718
38 4913
1232 1538
2064 3999
1236 1149
2297 4211
1511 1834
2214 3130
1679 392
656 1188
2267 4010
1050 4001
584 2253
1946 3738
934 2140
828 5145
1040 4852
775 2927
1740 160
1491 3411
1683 5102
2114 3711
2065 3644
956 2084
1772 306
1829 3056
1474 3788
86 208
790 842
885 831
313 845
2424 4964
1982 856
845 1407
1042 2116
1558 4780
636 2177
1469 3718
1368 1863
2211 3557
2144 4010
1920 2257
766 522
1367 4630
1420 1247
2459 3577
25 3070
1672 2019
616 4912
299 4561
1510 6
1717 2730
2018 5092
1178 1604
1259 4757
1702 4858
1132 3698
2189 1676
2041 480
2443 4236
1891 2895
364 853
417 4414
1033 2417
1612 59
196 3999
2318 3950
2469 502
1225 557
233 2509
1489 937
1866 3328
91 2393
1930 2361
1842 1754
2070 1104
2150 3397
71 2065
814 5115
1000 1870
820 1337
1791 3694
1414 1330
1701 2308
958 4051
753 2363
157 4751
410 2562
129 1859
306 4795
367 2764
1103 2763
1652 3574
265 532
2412 2479
2007 4302
2040 5118
173 3435
431 2693
1331 1360
2193 3847
400 2562
1959 2150
1957 699
2115 3355
312 1474
138 4954
2137 5095
480 3429
973 3219
79 4076
1188 4358
1751 2122
2286 1884
917 3603
2082 3463
467 776
716 4528
687 4638
2246 226
1611 5115
145 2234
1095 1753
2242 1014
402 1304
1288 3721
505 2144
214 803
657 4131
550 3905
1690 770
2180 4557
1863 810
630 3718
27 3415
2086 2110
855 3719
2225 2608
2121 3410
982 583
2190 4080
174 2196
2017 1944
1844 4463
1580 2767
24 2041
2026 600
2456 4512
2095 3577
341 2266
2278 3847
841 750
988 1938
2311 2036
690 4375
2449 4181
1244 3978
1513 3386
215 933
2231 4674
1335 4113
1760 3603
2123 2253
805 3240
1111 1995
2016 223
2163 875
257 2880
968 3893
776 2581
1649 801
1839 2146
2090 937
696 453
190 80
925 3061
565 5145
457 2140
1039 5174
224 4741
1082 1955
1287 2007
1490 1647
1319 1455
1774 4996
1653 2528
2289 4985
1520 4222
1114 4668
1069 1190
928 4019
2093 3905
323 34
21 31
1149 4638
1575 1992
1637 3939
1811 2027
2233 3467
571 777
468 4358
1448 49
2029 3467
907 4679
1669 1876
1464 2266
1656 2041
2055 1473
2043 3725
1298 3108
754 1887
324 919
1600 4477
2305 4147
62 1264
426 4929
684 5145
1894 747
697 1949
459 3370
1593 4907
1551 467
2357 2424
1550 254
465 1515
64 2153
2130 140
954 4444
1300 2681
1943 3893
146 4377
1388 2633
683 4302
930 886
2100 2308
1315 2359
72 2153
1841 1172
2219 4163
1065 2274
2141 2846
192 526
256 97
44 538
1097 4217
1238 2763
1761 3912
563 427
1556 3101
1495 765
48 2136
137 2194
31 1247
1715 4673
1285 3101
942 4648
1275 4397
755 5033
1504 2315
672 3131
2168 5049
1977 2989
1718 635
1163 3550
427 4213
863 1952
605 4213
394 4293
1875 3391
352 1717
1560 1464
1782 1888
210 531
1304 602
444 3935
1725 38
296 1707
2206 349
2285 4396
109 3090
543 963
1031 4001
2344 41
1358 937
2261 2146
1378 4331
1801 2696
155 2528
20 137
886 765
482 3260
175 1278
711 1084
659 530
1734 4484
1370 1463
527 3437
1340 554
709 3938
161 1720
1412 3415
1488 2788
230 1873
1695 2277
1944 4671
58 2234
2177 2236
293 2723
950 490
1024 3371
1121 62
2119 4588
1708 3214
664 2528
66 2162
1788 3604
1475 63
730 3405
1817 2795
487 2379
1639 886
1055 2084
386 4525
649 4113
779 554
714 317
511 1031
604 598
42 3029
176 3461
535 2620
1248 4490
1231 3353
1805 4940
579 963
333 49
2101 988
643 3604
39 3445
2426 3799
366 818
1066 3187
1735 3005
1026 1737
1964 125
1908 4328
363 1716
232 1033
104 1414
298 4769
2486 3532
577 3399
1924 4338
1141 76
144 112
1182 602
792 1545
1148 4377
2441 1955
57 687
1961 3366
857 4705
54 80
1616 5020
1605 2035
252 2386
2105 3844
2487 3861
1922 3853
2230 1429
1785 269
1197 4912
1465 5098
22 2313
331 3550
1173 4827
663 2408
171 933
2373 4772
1559 4493
1763 4415
838 2936
1393 914
1932 860
1969 699
1622 3550
1996 1706
1731 3604
1410 4292
273 4163
1911 4874
592 4375
578 4270
1063 2605
1882 3142
2222 1969
317 1854
338 1517
117 4237
139 29
847 2605
728 2330
1317 1843
940 4512
568 2960
1756 2853
1441 3013
675 1879
2308 988
1003 4165
898 2581
1722 2123
2414 1075
310 3642
2415 4636
1928 1400
2245 1498
1989 4768
1384 5115
2349 4877
307 3720
67 5033
2452 3787
2335 2927
1873 958
673 1645
2250 471
1583 280
2020 3557
2381 2939
1029 1139
399 5088
2248 4834
1230 413
1678 4163
1295 4560
412 3155
114 2825
301 5117
580 3637
1500 3722
1748 4086
1607 3447
2413 4835
2330 5196
992 192
1615 2313
2094 1585
2342 970
365 2721
2408 5145
2355 2871
77 3852
213 842
901 554
1104 765
383 4790
669 522
2182 3808
1115 3745
1060 886
140 661
861 1267
1347 2688
374 2351
2 1082
494 4113
667 341
872 889
1267 4505
2288 2317
1597 1244
802 4215
1079 4827
2361 1911
384 799
899 2545
1713 1088
1144 3728
1355 1394
2008 1582
2111 2143
1102 5057
2054 390
1623 2693
2283 208
105 3472
528 689
1703 3192
1890 2853
1720 4715
2087 2146
1364 3415
507 4671
2069 4361
219 2509
859 208
2113 1360
1542 4252
2445 4321
130 4208
1561 914
1167 1929
911 2940
2083 1103
1779 2650
61 2440
2313 4049
1872 3923
1534 2578
212 1526
2229 1150
1278 1614
639 3542
1537 1030
85 3429
2485 4316
1990 1088
1493 3118
1675 2110
466 1376
43 3922
1174 259
1028 2528
1499 3707
1643 4874
2327 2509
554 3
626 1870
1168 744
76 783
1596 1096
613 2056
362 3298
1134 3155
1058 1837
68 3430
2474 2969
1283 370
2159 1379
1912 1425
147 1028
1905 613
2058 4307
401 1589
1810 3809
3 1810
327 2664
2338 2112
2053 3495
1665 554
1776 2361
1291 1720
2142 1598
1856 3226
892 4898
1724 673
1668 3464
2380 3977
2092 4010
425 1629
1210 3755
1064 4807
1416 4614
962 856
10 1795
1781 1174
1051 711
2098 4963
2455 5196
1655 2082
1540 2301
699 1870
646 3672
784 617
503 2857
2348 516
926 22
2401 4753
1557 1764
2343 919
736 2915
260 3050
220 842
2431 1088
1363 951
1830 787
799 4409
372 2856
123 5068
2157 4222
991 14
1272 4351
1053 2664
197 4377
302 1096
1737 3555
1166 2162
2201 396
1979 4631
2428 2965
1736 3093
596 822
800 4118
1330 2583
1664 2573
2096 338
1975 3259
285 2472
2279 270
530 2387
1640 687
1423 3728
453 2417
2181 5192
724 1386
382 4113
633 1095
1697 826
495 2780
82 554
839 5073
1692 3019
191 4490
1405 1515
435 4028
1525 4448
1864 1143
631 4649
670 3356
2374 2255
804 2667
698 299
938 4105
2232 2184
993 5145
414 1983
701 488
877 2506
2031 1578
2051 3245
1758 4048
2122 4414
1113 1453
1061 3230
1073 3589
1482 842
1986 2935
2422 3156
2084 801
1397 2105
1828 2124
2334 875
1107 3087
1739 996
957 4029
2447 385
867 4771
205 1810
1463 241
1164 2280
5 1080
2379 4831
429 1961
6 1810
812 3201
269 4834
868 4237
1479 1656
128 1379
2420 3987
806 2581
80 5183
84 3626
963 3039
1954 5033
850 3253
100 1278
951 2887
2479 3758
2184 2696
484 5145
1635 3677
474 1973
51 3029
94 3887
704 3784
2467 928
1910 3167
2370 1287
2033 5186
1117 1874
574 2185
243 3187
1289 4185
1444 3039
1747 3969
89 4631
2207 3723
102 1366
1852 1629
440 4512
648 2331
2037 1790
2036 4178
2376 523
773 2400
1437 4458
186 4104
1245 1406
2282 4964
1783 3034
380 3070
1380 1503
1662 5000
844 4728
125 925
478 521
1984 2328
1743 1203
1951 3384
1546 5145
2138 3987
2104 112
1126 2763
0 3905
336 650
2451 4178
360 3632
492 5187
1171 4769
1939 2052
245 1310
2226 4328
2300 956
1274 5100
2383 871
1265 2219
476 4271
1411 4319
300 718
1845 2082
752 2219
2014 2983
2391 2142
2047 1436
856 4078
2416 939
1398 3847
388 3744
1987 3226
1047 2195
1505 3659
887 4031
2369 3106
1994 4220
1750 535
2240 4032
1092 1578
1131 3708
1395 4086
328 454
1923 2219
2275 1016
2185 2953
1021 3636
1767 794
1935 1016
529 2355
398 361
1120 5172
1348 917
7 2216
1185 2543
508 3430
373 3570
1940 4414
650 4377
1501 2697
1068 1660
2198 2828
1847 2191
1439 981
1565 2352
316 361
1978 675
1726 5156
1531 1294
2153 4691
1075 5024
1900 704
1271 4031
2108 2588
2437 2337
1196 3657
2352 2528
1004 1248
1958 3632
909 716
1221 2151
1606 4872
314 3645
1521 2299
2173 340
1573 1594
1831 535
2118 2603
119 708
685 630
2255 94
1198 857
2162 4645
1169 2579
2192 1997
1968 2721
1848 3200
749 1793
1043 698
