0001.jpg 0002.jpg
14 40
1143 1236
458 287
209 129
1620 1749
2139 1623
2433 1717
725 512
2477 2370
12 40
2439 1792
842 446
1746 1210
486 262
231 169
1111 663
519 385
371 258
11 17
1151 838
1630 1339
74 52
674 256
1803 1205
1145 804
1318 1060
75 79
396 150
1249 832
500 222
1142 1260
1821 1828
1015 593
2202 2364
1925 1521
2263 2357
851 841
2484 2100
1981 1650
1208 1123
1352 956
1903 1515
600 323
1241 945
821 682
1310 1172
1365 1202
1293 1059
2089 1651
2268 1520
32 42
2144 2304
2459 2119
167 116
157 104
1243 925
1524 1635
1745 1635
368 316
720 801
619 503
1590 1727
1514 1273
870 702
1709 1485
738 306
23 34
1814 1488
241 184
1427 1281
1262 869
259 204
1579 1103
39 25
1711 1204
65 66
1135 924
902 548
1426 1173
2140 2047
1476 1078
1080 736
1258 1025
28 40
1018 763
1706 1341
551 262
1312 1176
1685 2043
13 29
2002 1752
416 210
682 658
781 978
2429 1590
980 898
1777 1294
1997 1599
1333 1163
479 311
2337 2358
2131 1828
2413 2233
2402 1864
1707 1505
522 381
1336 1193
2348 1928
979 895
78 78
1400 1720
2442 2045
2346 1622
1005 989
210 149
787 788
922 989
1535 1820
651 459
1032 691
270 156
628 329
1519 1289
1794 1796
1608 1632
2254 2316
762 555
1558 1175
185 96
2375 1932
2092 1604
1457 1088
2116 2314
190 148
854 530
1160 985
2106 1616
1237 983
2023 1986
357 181
34 43
1244 903
1530 1054
1281 1064
2249 2203
740 720
1586 2101
2432 2052
1193 886
1451 1489
2267 2304
2365 2239
1356 1053
968 536
406 353
1175 1236
1897 1360
512 386
945 856
116 85
1192 812
1955 2310
332 208
558 384
873 609
59 78
2238 1945
1346 859
470 457
268 193
2009 1307
1282 976
441 321
1674 1353
1351 1006
282 225
908 397
1694 1229
1557 1684
931 657
2306 1491
1654 1485
540 434
1624 1438
1860 1666
722 633
1434 944
145 88
2481 2279
298 163
533 410
822 913
1152 1128
1763 1756
1118 280
1693 1862
741 720
2463 1465
1609 1020
639 418
2244 2421
1025 1229
279 156
1835 1605
483 309
1619 1411
1886 1538
2296 1880
759 561
2197 1209
1927 1927
801 618
1035 1108
609 513
1008 734
2284 1525
1837 1690
1462 1095
2243 1849
2221 2164
1059 940
1898 1698
90 56
2207 1429
575 567
2407 2175
8 3
1447 1359
447 457
1926 2059
1110 735
794 661
2086 1385
2145 1781
618 371
16 38
188 145
1972 1886
1449 1820
1443 1304
2260 2443
2247 1792
2478 2342
136 155
751 565
2015 1216
2479 2111
1383 1383
2053 1962
1822 2155
2395 1954
2309 2247
131 106
1103 595
2265 2099
545 564
2148 1638
1353 1002
1684 1798
705 539
481 386
944 585
191 121
2290 2175
2128 1320
1869 1216
1661 1688
1090 861
2050 1484
179 111
1095 738
2040 1779
665 437
2326 2148
150 118
2218 1074
2483 1704
1390 1085
1881 1664
1401 1397
1798 1649
1764 1474
2387 2084
2078 1668
29 24
1536 1750
2448 2122
1795 1183
1006 739
988 844
92 55
19 43
2228 2109
2344 1777
1876 1948
1752 1640
2385 2316
928 293
1807 1721
334 200
2006 1788
267 160
342 219
2126 2001
1641 1486
2039 1699
1574 984
1555 1130
1303 391
2373 2313
1194 727
2303 1596
26 24
1091 510
1157 896
1122 421
733 553
2028 1698
1757 1505
1740 1480
1591 1720
1209 350
2134 2099
1403 956
1838 1325
1012 977
2210 2384
617 344
1567 1501
2175 1781
1011 998
2155 2387
1883 1144
921 776
653 723
312 209
305 127
1687 1171
524 431
31 37
2358 1374
1660 1409
2386 1946
1676 2001
1859 1440
2208 1447
301 178
2410 2280
2271 1679
514 335
1328 1252
1991 1560
1056 1003
1487 1359
1216 903
1953 2228
1562 952
173 88
1116 685
2239 2419
601 485
2087 1978
581 375
2121 1766
1460 1461
599 409
234 97
2331 2004
93 82
1529 1460
1703 1683
2347 1914
2183 2000
782 727
1627 1393
1044 869
2261 1978
710 514
330 265
411 183
1811 1377
423 307
1437 1684
480 218
2321 2347
95 73
1759 1278
1385 882
255 322
730 705
1538 1427
742 516
586 368
953 432
195 92
833 788
2160 2263
2124 1269
2236 1594
2392 1672
1316 878
1388 1174
410 274
2364 1778
1374 515
1137 858
876 563
101 72
836 637
1790 1456
786 639
515 194
289 199
2421 2184
2367 1614
1880 1644
163 119
413 304
1488 1319
1561 1301
1394 1318
1634 522
1651 1833
1792 1836
1782 1662
1568 883
1753 1551
2327 1604
1691 1133
1677 2039
1248 1082
1256 479
2325 1817
1919 1261
2486 2255
2133 1858
1701 1430
326 197
2328 1737
2338 1971
1768 2098
1202 817
1094 1005
2043 1322
1387 1193
2103 1494
2120 1523
1956 1752
2351 2109
1040 971
2462 2064
113 113
1732 1461
89 74
1995 2048
566 612
1285 694
978 491
452 297
1943 1155
2227 2421
947 769
1408 1231
1419 1006
346 143
666 453
1366 921
2062 1552
1456 1528
1315 1146
1498 1179
1708 1655
1829 1473
990 401
1360 877
709 382
94 81
2449 2401
2341 1853
819 648
2396 1744
323 248
1855 2378
2426 1984
1700 1519
1496 920
1076 709
287 179
1532 875
727 463
1648 1688
1203 1221
387 281
2273 2209
2324 2141
1031 469
1688 1382
151 1172
501 845
640 529
1161 928
1526 679
1947 1719
121 95
1774 1562
2453 2400
791 610
530 603
1971 2186
2345 1892
614 359
1778 1451
1494 1316
1992 1563
1729 1192
2384 2192
246 64
1405 2024
1086 1433
428 425
1572 831
22 22
607 391
2129 1786
1841 2196
1155 1279
2389 1821
1503 1810
250 156
2288 2011
1478 780
72 50
1980 1466
1028 857
477 378
1455 593
260 152
1083 957
316 186
1240 1114
1773 1002
780 642
397 407
1392 1557
84 90
2192 1741
2033 1691
2065 1640
965 922
1806 1290
2099 2167
1637 1502
941 527
2097 1516
1548 1261
2237 2084
2223 2139
1551 1544
2297 1300
227 134
41 45
562 347
2471 1200
1600 1715
1065 1056
2430 2214
2077 1667
103 60
2334 1233
1917 1660
1453 1794
2105 1780
726 884
2251 1219
1865 1035
1445 1098
2152 1764
743 358
948 691
1696 1335
688 589
834 1112
797 703
1719 1049
1789 1444
594 380
1482 1271
1873 1034
2281 1773
2291 2123
1604 1051
2353 1997
2000 1729
2085 1845
1197 1275
818 455
2114 1445
64 50
1 2
1364 1237
472 299
816 471
785 419
2298 1842
1184 282
202 105
1622 1057
1124 1092
1941 1228
2438 1961
826 737
1566 943
912 1877
538 612
1761 1702
1393 1337
587 1008
732 618
958 929
453 144
1617 1376
869 1901
47 48
1060 1392
1518 1177
2425 1046
769 665
363 257
2381 1841
1049 1005
395 304
2335 1524
216 470
1853 1660
910 1164
2398 2276
1874 459
351 216
63 49
1826 1309
1889 1263
1238 885
1067 743
303 225
494 792
539 295
420 632
886 535
1528 1321
1284 1740
1899 1400
891 467
824 669
57 62
961 730
1301 930
228 180
263 97
1735 1446
2320 1988
1497 1085
2311 1889
776 671
1448 1344
1670 1450
54 57
1432 1051
1052 749
2058 2326
724 382
225 145
624 398
1578 1585
2333 562
1667 744
1611 920
2057 1527
1442 1680
1564 1109
796 305
2107 1468
358 123
418 632
1396 559
2283 1944
783 589
1350 1207
1893 1586
1435 1921
1663 1882
193 114
2123 1873
1598 1342
58 53
1549 718
2029 1539
2170 744
1669 1653
1292 690
949 525
913 908
328 242
1800 2001
1914 1495
2257 2347
744 1590
2157 1669
1335 920
1084 1550
927 284
2199 1228
421 181
344 307
750 673
529 188
1195 947
400 192
1537 1871
1205 1101
1057 445
880 443
1268 1177
321 102
1252 963
162 112
1834 1396
2253 906
1119 549
1136 375
890 282
852 799
1716 1395
1690 1789
355 221
2111 1774
571 355
1323 1536
290 272
1273 765
875 927
943 1085
398 186
1440 1234
300 166
258 362
1543 1015
542 416
1754 1524
1226 747
526 318
623 383
1780 1547
148 1940
746 66
1515 1603
2474 1676
755 678
130 103
1846 2368
203 1576
768 777
2270 2066
1225 1067
325 272
1055 546
1513 1424
106 108
1173 1024
1418 1197
296 248
1317 1431
595 310
434 284
36 19
97 77
884 467
2096 1893
1553 1097
1762 1782
2362 1892
629 513
1481 1845
2201 1426
799 678
1942 1938
1854 1641
1576 1367
689 520
2063 1668
1379 935
2132 1253
1430 847
338 162
677 675
1723 1151
80 98
795 954
2371 1135
144 101
1167 568
304 666
966 547
1710 1321
1372 449
1229 829
7 10
2176 1641
180 470
1260 823
1594 1689
2319 1996
2193 1935
46 16
901 778
686 715
1051 721
1875 1535
1371 484
1615 1343
1556 694
1277 1489
1030 646
244 137
1689 1263
2322 1305
347 308
30 44
2446 2263
1613 1004
1339 1027
1063 1075
1186 935
265 152
808 832
703 494
1189 953
399 296
1805 2070
1399 1243
1305 1151
712 549
694 307
1092 570
654 432
2167 1776
432 102
1879 1605
1409 1111
1257 701
2091 2123
766 601
1320 1510
847 1075
2404 1605
1825 1329
125 93
1725 1034
118 788
728 399
1726 627
198 138
1348 795
981 687
311 389
1148 619
626 450
637 519
1479 328
1164 2410
1421 1108
1909 2206
813 662
840 997
25 21
534 273
676 1749
1066 967
436 538
2397 2028
956 546
632 463
1450 726
1158 1791
2400 1855
2314 1731
2021 2154
2235 1792
1334 1697
883 1010
1682 1356
1300 833
699 450
1279 623
2482 2299
1999 1941
1355 1277
803 788
1170 730
1123 862
2016 1067
1147 1542
2455 2373
369 288
217 125
1512 1467
612 502
2153 1076
976 1992
756 944
1533 1129
1014 808
391 1389
438 704
1215 1156
124 158
349 243
1231 622
1938 1045
2259 1647
415 409
627 410
1799 1370
989 982
779 778
700 1010
1810 1302
1505 1257
739 684
1907 1676
615 1193
1266 755
1109 1279
1291 1009
488 235
811 623
867 597
1602 2296
2215 675
1041 695
55 16
946 808
1187 1398
1936 1348
2359 1866
1894 1627
1650 593
6 6
1545 1845
1071 1467
445 243
2222 2160
1088 754
1068 791
2136 991
1206 845
1849 950
765 781
408 196
1937 1477
1438 734
10 0
748 535
652 174
1325 1113
1480 1081
5 9
1105 492
644 340
718 1389
1713 1323
1085 793
2141 1984
570 150
589 337
2081 1623
2146 950
1949 1047
994 1038
1844 558
527 319
828 770
1929 1845
506 518
1295 328
691 315
2287 1996
554 339
211 334
1425 1047
1420 1149
262 877
409 513
567 487
1499 1387
635 1116
1901 516
427 283
393 1389
1749 1283
493 332
1623 1154
2280 262
2475 1523
492 1394
645 753
62 49
1264 1205
1368 920
1467 679
511 365
679 200
984 841
1165 916
194 1117
874 1038
388 191
1439 1063
2467 1191
2360 1510
1459 682
1162 1152
862 997
2431 1323
86 69
1358 697
885 583
531 2116
156 119
835 1248
1024 748
1796 1711
2415 1857
582 456
930 786
1407 1667
172 161
1896 590
2323 483
2256 1454
1699 988
1840 1637
2419 1828
485 426
278 182
2266 2123
1730 950
638 132
569 303
2292 2026
187 1043
1766 1521
2372 2232
1038 408
1329 1444
1554 1389
69 83
1101 808
560 683
1871 1789
1816 859
788 550
2317 924
1078 675
1902 2131
920 1389
286 813
105 136
1976 59
1802 1637
318 156
2390 2197
1070 660
350 167
1539 2159
253 198
2272 2388
1775 1145
2399 1749
433 1077
440 541
361 506
192 76
1673 1366
1058 688
971 1279
43 25
1770 932
142 89
518 2210
1108 198
1645 1538
1508 2360
1463 972
1042 842
2052 1689
1743 1355
1906 2276
1491 1275
655 429
1475 785
1827 1874
120 1565
549 349
509 827
758 1399
1357 1195
2030 2206
1945 1862
2378 297
831 1205
745 1365
1207 1463
1934 1307
2205 1874
2025 1329
1326 1467
2045 2431
2468 118
1304 1061
4 7
2022 1988
348 363
403 1389
952 537
40 23
605 283
2219 1288
152 273
715 635
1144 902
843 1367
669 601
1571 2435
444 330
464 358
111 189
140 133
914 315
702 2139
1219 1074
2164 1614
2035 1989
2011 1298
1454 2350
1967 2320
1470 1496
1664 1517
2342 2063
1552 1588
1940 1885
2112 428
1299 943
345 64
341 497
389 156
2024 2128
1458 1642
457 245
405 2139
277 300
2079 1656
107 189
2110 1778
1290 1681
1570 711
1391 1947
2312 653
606 389
1823 1205
2318 2010
2388 2176
1327 711
2010 1248
521 1862
1406 1132
866 438
404 94
2411 1116
1270 2407
1686 1963
322 569
681 2375
2230 1418
708 1477
1516 1333
1211 1165
1253 2139
757 1320
2196 2190
806 671
1362 1140
1074 353
52 14
329 271
392 726
1998 1011
897 1389
1966 858
1424 1650
189 427
2158 2018
1201 1212
1246 1089
1220 141
2122 1885
1146 1332
923 623
1628 1463
714 584
1638 1389
88 87
302 146
237 1948
1204 1441
713 514
1133 1029
1923 1854
222 813
770 533
1087 870
1402 1479
1666 1732
815 1389
723 851
693 177
1140 1418
1261 2411
717 673
2135 1916
382 541
621 2144
778 718
1990 1475
1306 2116
1182 1061
2041 1311
865 297
158 674
430 1389
1097 1048
184 427
159 838
1073 1215
1376 2247
1382 1773
1230 857
997 73
888 2116
1863 1636
877 1728
827 686
1386 477
1916 1389
2149 1868
564 1862
1605 1014
1338 770
1924 1925
2102 77
523 224
2173 1872
390 633
1079 981
77 68
1422 1706
1233 1980
1862 2298
657 732
1621 272
932 2144
2004 345
2019 2049
491 2116
1217 1352
2295 1634
340 400
1089 695
17 32
1843 1224
134 100
983 798
1658 1259
798 936
1213 224
1381 1848
2339 1910
1117 451
999 1556
610 466
127 155
502 932
967 1340
707 155
810 1241
208 135
525 1116
2179 1933
1485 1868
1484 1588
687 338
896 284
1665 1057
663 529
251 406
170 205
2316 492
2294 2409
1431 1338
1077 950
1868 973
561 675
2460 1711
81 1183
207 610
1436 898
1908 1328
1584 2407
1255 79
1588 1628
763 464
2166 400
320 363
1633 1414
537 944
1373 1103
1180 608
1632 462
2412 1153
1493 1302
1833 2049
1836 1909
463 429
1228 1910
917 1327
678 975
1585 1053
2048 2002
1473 1571
2461 1195
1104 1728
1023 201
294 353
1521 1499
1507 1874
2027 511
18 35
1642 2144
2195 208
849 1560
200 112
1199 736
1755 528
2200 1105
60 222
2304 1823
254 2146
1931 819
2073 1664
99 70
1227 731
1446 1856
734 1399
1288 1127
381 901
1183 340
2026 2390
2012 1296
2252 1569
611 177
2156 2338
1680 770
1581 1118
1962 1743
257 946
1130 2328
906 2117
2278 1935
960 932
649 204
1577 1810
1022 1931
1007 1642
603 1564
2274 766
830 1217
1861 1487
1502 1888
155 109
1712 1224
633 588
1375 1931
1510 730
987 2002
499 137
661 224
475 244
580 872
924 1515
1062 969
1657 401
1019 377
1878 1887
996 1427
608 1555
642 573
1744 1511
490 273
737 398
860 859
2441 308
2054 133
478 285
1096 198
199 171
1283 979
2465 1179
1125 1104
559 424
275 1575
721 1590
353 1575
634 1252
935 821
2356 2352
221 265
1156 477
706 275
437 291
1286 689
939 500
658 1724
1885 989
1029 782
56 124
1895 1353
1531 1355
1099 2189
2418 632
1081 408
1522 1383
1804 95
572 1235
35 29
1048 315
83 100
2276 2273
546 219
829 1476
772 1178
422 1961
2212 1064
446 491
450 742
2472 2451
1595 1289
1695 1319
812 504
419 112
832 2020
647 1635
2216 1609
1647 1025
1983 1654
1867 1260
1918 435
1411 1906
731 765
1974 1539
2423 1389
660 174
2470 425
1728 1490
1819 142
459 891
1349 2114
177 1992
1644 1992
771 700
1309 1812
496 1990
1214 1798
1872 1584
1705 1362
1950 1754
620 112
1322 974
2457 1219
1159 1613
49 13
24 20
2038 960
777 1427
1297 513
1815 1590
937 2199
335 2214
2444 1443
848 417
504 137
602 1888
407 765
2350 1988
174 253
878 2128
716 837
1704 417
975 315
2262 307
1302 345
1786 658
2476 2194
1239 903
1263 947
2067 2079
377 1367
536 1236
918 803
2403 966
576 1236
2258 165
555 879
2408 1448
1472 1081
2315 2272
469 1002
2117 1488
1212 1988
774 360
2032 2132
2003 2258
1857 1842
1224 2411
1016 2331
1580 888
520 210
1120 1040
894 2144
443 1856
385 2328
456 1389
462 827
1026 634
2034 142
108 1856
898 756
616 132
532 1818
974 224
970 1489
1461 1772
1824 1228
471 1550
1506 1719
1172 1351
98 425
1452 117
2241 275
895 1378
1359 1160
2466 1244
1354 1068
1412 1624
1921 765
1218 1365
96 1555
45 2143
2071 1812
1652 4
711 911
934 515
1113 902
641 1852
1153 1919
2113 1512
1977 1492
1307 1339
1200 1743
516 1138
461 1588
2440 518
2310 1193
2332 408
573 273
863 730
2269 2057
1017 150
1523 1557
1698 1205
439 788
1433 950
1741 1174
284 994
1527 1033
1771 1161
164 1645
2305 2132
552 363
792 460
1656 1203
1127 1340
2094 2082
1000 1378
1429 1402
460 63
2042 1642
925 797
2188 2237
2172 675
2225 1529
985 1583
668 1588
695 1920
1659 1274
692 91
2194 2408
1946 1539
853 1947
53 155
272 2146
593 1578
1509 2116
2329 768
513 273
1337 212
379 1515
1973 1486
2217 2202
2143 1743
565 946
1582 1081
1601 939
206 127
2427 1320
1129 1717
1332 1898
1075 830
178 122
2001 1888
729 1001
2147 2432
2242 1758
868 504
109 158
2286 1847
1190 1169
698 285
2464 1133
1614 341
2061 766
2074 222
1347 1093
1738 1079
1948 1903
236 313
2405 1411
588 1171
317 121
882 1195
292 262
1870 1820
955 1329
1002 638
343 994
972 1088
991 566
339 1220
903 376
2154 310
2213 590
201 1171
2005 555
1733 1492
2044 1796
2417 1151
1275 2112
149 2077
1001 2202
556 1047
2434 1103
264 1810
229 2154
0 4
1486 2114
2186 322
1321 1476
1904 1907
1626 1751
50 11
1343 102
969 1616
584 2437
1181 1003
749 545
825 777
1631 222
1132 1342
1415 1594
242 1856
1150 585
110 284
747 214
1747 242
1093 1147
2473 2176
2354 142
1254 1142
283 921
138 1680
1112 1939
2204 199
1892 2143
597 1932
683 2437
1589 212
48 11
1100 1614
548 161
543 327
1748 1721
790 915
1313 2422
2169 1760
789 877
1428 1135
299 229
1501 1607
1009 156
2435 711
235 457
940 826
1884 1667
196 172
182 1527
767 2407
553 1051
1319 815
247 353
337 19
871 632
1128 2172
904 2193
324 223
226 530
636 1688
223 265
2013 1047
680 1015
1417 303
1625 156
2377 1064
1369 291
1342 2195
1106 1740
1808 384
1247 1848
1413 2209
1784 1001
2088 1531
1988 707
240 1527
168 1890
793 2323
87 513
489 307
238 1636
2080 1108
845 2236
858 2214
574 325
143 1705
1877 470
356 2419
248 208
1308 1852
2072 14
2125 1671
1054 1868
1965 687
2209 590
2178 1081
2151 493
1832 2362
2185 1040
959 1088
814 441
2206 2060
1920 1418
2233 2082
916 1074
362 132
2370 1759
1037 142
1960 294
1069 2107
1679 494
2161 1725
1466 1485
2234 1351
2277 439
1269 2320
2250 1032
1114 1898
2046 1242
2165 1340
288 1109
1474 1142
281 1807
1171 767
2382 625
547 907
1649 1432
112 383
1251 947
1469 1523
1341 407
613 1042
2174 1501
1887 1231
684 770
1361 560
280 2419
271 928
2090 587
1639 1005
2137 2143
2456 2367
2093 1460
1061 353
809 284
1646 949
1287 964
1541 1525
309 592
1671 848
1517 947
1471 384
308 1314
70 2413
2115 1947
2458 1898
1636 1179
1010 2176
719 725
1788 1574
1610 50
165 2236
273 436
1550 733
297 229
2076 716
1915 560
625 689
2414 1850
376 487
2180 1103
319 2214
1178 487
497 1488
1221 1741
424 14
1179 1637
1534 1303
1468 2117
2355 1098
775 1401
15 42
1850 2329
1702 1387
1888 2031
1511 937
964 1842
2075 1135
295 439
1139 877
1280 843
735 2204
1045 1664
2127 406
1765 1579
1223 964
1569 1639
276 383
1959 752
1013 1730
1232 167
1495 543
1296 590
881 1138
1367 408
2480 1822
648 496
2366 1818
1912 440
169 751
585 502
696 307
1812 1135
137 76
864 513
1760 1327
204 638
73 65
1779 2269
1993 1570
2150 2303
872 1949
1177 560
1311 2214
1629 1260
2198 2332
893 376
141 1318
2018 599
673 415
929 2050
1820 645
166 602
307 517
544 1366
2393 2370
1776 1480
2171 697
805 2371
557 380
417 620
846 2349
1389 1181
1618 2344
1565 1268
1599 272
510 467
2069 2016
1864 1685
2336 1948
2059 26
2380 868
249 860
1489 555
879 1736
1072 281
807 931
2299 1990
630 1711
1404 484
291 291
1294 2288
672 991
154 384
855 147
2182 1570
550 631
114 209
1797 625
697 1201
1033 1702
517 1241
823 435
1250 1178
2220 246
414 1439
2211 1907
91 1718
2409 471
2214 1909
2485 2149
817 2060
761 337
181 1267
367 1058
583 217
2060 1220
21 237
2307 1002
1851 1645
1736 128
1410 2132
2279 308
2177 1098
9 620
2231 492
1793 43
1340 602
598 1960
2224 695
383 946
1982 1400
2361 2006
1781 1445
274 1961
431 2214
2163 161
2357 916
333 383
1242 2341
905 408
998 2219
579 2043
973 1954
2095 1653
2191 120
1963 1694
541 811
1612 56
2443 2219
1715 442
2264 2061
915 2371
1932 1067
2394 1973
1222 2312
2051 1269
359 2401
66 540
1603 1331
122 19
2289 1568
568 507
132 860
293 215
857 1392
1560 1317
1731 1574
2130 1113
310 241
2100 1309
1769 1065
1176 1814
1672 2279
1098 2125
841 1929
563 629
1441 1657
982 1433
2109 1119
754 1509
2301 1224
2340 949
1168 469
426 796
1191 936
1188 317
1678 598
1653 633
129 2269
135 1280
1034 1892
2 6
1952 1633
261 950
643 872
1036 478
315 860
1607 1140
1064 409
535 1243
2055 1484
590 1559
2066 1103
239 925
1540 1085
2056 926
468 1017
2343 2006
2302 1809
1756 626
1970 233
2007 1982
1046 2167
160 2388
364 1980
1050 1444
67 939
1196 767
161 1441
1331 352
2436 1136
1027 462
401 133
1985 1418
378 198
1727 2098
2020 1497
2064 1068
986 1890
802 2364
2406 501
919 1890
306 1907
79 2032
37 373
61 849
671 1866
2368 515
2190 547
1848 242
218 2038
889 936
33 58
1742 1068
1236 1578
892 127
476 249
1344 582
1964 1975
2248 102
1465 1175
604 1164
442 401
1697 517
1587 1454
926 469
1683 405
233 943
498 406
455 1059
126 19
1643 1387
2070 2251
1583 464
1520 2051
577 198
1314 2193
1852 1790
1662 1548
71 2252
454 1588
370 295
1791 1786
1138 1370
115 1153
1414 1317
1913 1087
1989 1274
659 223
1477 1523
474 2401
1363 1246
977 1318
1121 1963
175 1858
1483 1073
1593 2295
2363 560
266 1564
1563 925
449 1372
837 1644
675 738
1115 827
1866 1682
1842 76
1592 592
938 517
1890 1892
1616 738
219 943
153 1688
448 1799
2184 592
507 2270
214 2027
1930 974
2376 1956
2349 107
1149 44
1809 1805
1933 2039
1817 1139
2447 42
760 512
1839 1491
44 952
482 1623
252 1974
487 1307
2229 1274
1944 107
1969 1376
591 659
2424 1818
2469 1919
2168 1044
1345 1018
907 1540
1597 1480
764 2193
1166 143
656 11
1464 631
1082 219
1490 754
1739 1900
384 824
2452 2329
784 1989
1378 502
1384 212
954 2117
1234 1292
963 2242
622 1703
664 439
1734 2320
2245 1262
1961 1280
1575 1962
1370 147
1957 1626
27 2242
1163 1057
578 1014
1324 317
313 256
1721 582
331 402
3 6
992 255
451 1586
1717 199
505 1147
465 521
2454 215
394 2219
2142 143
1559 1243
592 406
1039 1655
2047 1491
1722 546
1813 2231
1858 1479
1856 1175
1259 2083
1504 452
2084 1527
942 1106
146 504
1911 1222
2082 141
467 1175
100 1676
466 1075
1787 2213
354 1075
117 2446
2308 458
2374 2234
1004 756
429 1110
1397 149
38 991
690 1758
76 866
933 931
2187 615
1801 273
224 218
2104 411
402 1846
2189 1892
1910 1784
1718 1928
2203 813
147 2118
804 2304
838 2282
372 525
1003 218
899 1118
962 143
197 215
1492 1285
1751 1892
900 195
667 1978
800 1818
911 2060
503 1321
1675 2225
230 1764
1272 1922
2445 111
171 1756
133 1486
1235 889
2049 175
2487 1321
951 1915
1398 489
950 75
1596 440
1444 1620
2313 2348
495 2162
85 1676
993 264
374 1644
1954 792
1053 1842
1714 470
1935 2053
215 1756
213 134
68 543
435 352
2330 1424
1380 1201
2068 265
1423 1730
995 1655
752 601
1692 961
701 1979
861 105
1276 338
82 136
2101 68
1210 1834
176 1325
1174 2243
1975 1653
352 525
1547 196
386 1695
256 1937
2098 128
1020 846
2017 1110
1395 867
2285 2384
1126 288
243 1574
212 1274
1905 1491
220 1174
2450 1435
1818 218
1154 1361
2293 470
123 1764
753 1587
646 1103
375 807
1785 1242
1928 1201
365 1984
2428 1684
1987 1175
1724 2157
373 2149
245 37
473 1721
736 864
1828 80
631 1067
1891 251
102 2189
2451 2308
2014 1138
1047 738
839 2184
1330 622
1289 2232
1544 1701
1668 1630
670 2072
1882 1746
2246 1494
336 2038
1994 1825
1720 419
2369 2249
1500 817
662 436
360 1839
859 458
128 2225
20 4
2008 696
285 437
1951 44
1546 1432
1102 2166
1640 62
380 868
820 265
412 822
1298 558
704 2417
1767 1311
1274 1822
1377 854
2036 599
850 2334
2031 667
1979 1983
596 1544
2275 2053
1831 1311
1681 647
1772 1077
104 603
936 1833
1107 1483
1141 509
1635 1742
2422 2189
2159 109
2401 1377
1922 61
1245 2079
1737 696
139 1676
2437 1662
844 2417
232 746
650 267
2383 2451
2119 1607
1278 2105
2108 1834
1783 383
205 1995
2379 253
2232 2189
2037 1093
366 1492
1830 2142
856 1832
1986 724
1265 10
1996 1029
1750 299
51 2299
1606 889
327 2166
2118 2304
1021 1028
528 2355
1131 1822
2391 496
1758 1460
1939 2251
2300 500
1900 1100
1655 72
425 1165
2181 1604
42 126
1134 1382
183 1509
1984 1277
1198 767
957 2249
2226 785
2083 2334
269 1915
1525 460
484 780
1958 450
2240 2107
1267 617
1271 899
508 1822
1573 440
2282 344
887 1110
1978 1740
186 514
1845 72
2416 1342
2138 247
2420 2406
685 270
1185 2075
1169 1915
1416 2049
1542 1921
1968 400
909 101
2352 1733
773 14
119 1237
2162 929
314 1159
2255 450
1847 1509
1043 1958
