0001.jpg 0007.jpg
14 22
28 22
1175 1876
12 22
2131 2135
1143 1876
1192 1054
1015 715
654 778
2208 741
1821 2135
607 433
1634 1923
2081 1897
2134 1283
2429 601
581 507
760 947
1543 1003
1249 1138
1293 464
725 1117
1707 1788
35 42
1706 2099
949 499
744 228
746 778
1277 562
1281 811
1427 1473
1955 2342
558 269
512 413
19 38
1145 404
56 73
1455 741
826 2692
870 925
2265 1283
203 808
1080 1097
1562 925
540 2933
1757 1788
481 413
2337 565
1237 1444
1025 2692
610 535
836 1830
452 234
2023 972
1691 2547
1487 2874
2375 2511
1426 464
1136 507
1992 170
2433 565
1303 433
651 284
1903 1198
1925 333
1451 562
1630 1101
1459 2611
131 129
65 1258
1151 460
781 1366
209 463
2139 2637
1703 1067
1514 2099
2052 1522
368 354
953 778
1005 473
1840 1599
1208 811
2333 821
1292 499
869 1786
2148 2317
1282 533
751 2000
1609 1904
2367 2142
1995 2135
614 310
2199 1277
1447 2874
1803 454
185 163
740 533
922 473
1860 2418
821 522
486 183
118 998
976 1080
1694 2692
1947 2036
2237 1353
1956 1366
11 56
1778 1822
424 92
34 38
2223 1366
618 808
2077 791
1119 1979
2309 2314
533 562
23 66
2407 2831
1650 741
1383 579
551 183
1498 1895
231 985
1351 2831
1310 1963
818 1097
1889 2191
741 562
1886 2273
2128 2468
2221 2831
1142 128
2290 2831
2387 1353
1297 1448
1745 404
1937 597
1454 527
2089 2539
2323 1711
1006 1059
787 1003
1476 431
458 2120
479 453
2110 2635
1686 1097
1627 1964
2268 2314
733 311
13 30
1312 1946
1044 1503
1484 1571
1346 207
902 350
1711 1037
1512 2538
1014 567
1966 1917
2155 1920
534 808
822 1715
1262 404
774 1481
411 2033
1157 306
2397 498
150 841
1526 1657
1030 2019
1071 2538
422 2244
2439 333
1108 1337
615 89
345 28
564 308
1110 2099
515 129
521 308
1374 2114
1998 2607
619 203
450 2718
1917 1705
1524 1822
1553 1964
1862 2751
1450 1560
1258 2547
1816 2244
1403 874
1481 2914
342 1291
2236 1503
803 841
2358 2448
1518 878
1874 284
520 94
531 2148
1576 1804
1056 791
385 384
2260 1837
2002 1366
1360 2942
627 1895
609 1633
1814 712
1770 2154
1264 2494
1567 889
742 2314
1885 2748
2419 2135
1352 2831
2025 808
1972 2570
268 128
1620 442
116 51
1795 1842
2446 780
2388 938
1118 469
2390 2669
808 1138
1206 1163
1472 325
2235 1963
121 51
1689 2142
1194 325
1790 116
990 480
1991 2244
2039 992
395 849
2378 854
2463 966
1067 1435
1240 1080
854 1496
1919 2236
218 2826
849 1875
2238 183
1220 2054
1530 2036
623 1258
1365 1837
1407 791
1661 1825
1980 2933
756 1972
2247 2314
758 1308
1897 2451
1764 116
357 2310
1953 275
167 129
944 2494
2364 1287
392 1655
1861 1268
934 2114
1802 1599
1753 2490
2197 2283
2402 269
136 778
1899 782
1684 2024
621 453
835 533
1642 2942
441 2120
1467 713
501 2596
1480 272
600 998
888 2148
1193 975
1879 1064
1135 2585
281 1785
1160 605
1035 1147
1621 109
1651 1726
522 633
1508 456
932 2942
603 2338
1090 1522
216 2689
225 2301
81 202
1929 1963
1339 2087
628 1066
381 428
1010 938
1226 1940
1122 1715
180 1119
2317 2054
720 1099
1253 2605
187 2635
2325 1104
708 2754
1270 1893
745 1097
2107 203
1554 236
2389 2136
668 884
409 1633
1667 1022
2448 1631
1545 1963
267 2506
1503 2494
371 1710
16 30
1497 780
833 1003
434 2944
1228 1877
95 646
93 1222
1853 486
524 839
679 89
682 2225
712 1979
1865 1004
1209 617
1677 1972
1670 1145
575 556
241 1523
1494 2669
884 438
890 1061
151 333
994 2309
1657 272
1981 2359
1926 1979
980 2314
2135 1543
2444 1715
2438 2225
2404 1064
1096 2391
292 1223
2038 1715
461 1571
99 2147
277 578
1893 2359
1674 929
1696 2831
1127 579
1997 203
2015 2473
36 78
2164 2608
1594 2490
1548 2273
1165 2611
1008 267
460 1580
723 2025
2312 442
1823 1334
676 2327
262 2507
2073 849
404 133
979 1157
2000 2341
1147 2831
570 1348
405 1715
1012 849
1915 642
721 601
1976 1384
2010 467
1538 1628
1619 2730
641 264
665 905
1638 236
1549 2448
707 2054
1419 2364
831 2418
1241 2301
438 236
1137 1800
1333 2541
519 1223
2136 78
491 2845
778 108
2430 2908
2476 1021
1949 1032
765 1287
361 428
1336 89
629 1337
1257 1064
1011 2314
2028 1964
1604 2019
1648 1825
1867 1032
1125 2497
2045 2087
1825 1291
1941 1138
1574 788
1710 1267
1624 236
246 28
1595 2371
731 750
996 2698
588 1157
1101 2748
1533 1754
782 325
502 556
1318 1275
1883 1187
423 1487
1792 1440
2022 1761
797 2866
702 1366
1128 2148
1687 1904
201 317
1591 2225
1555 786
2085 1963
2215 1380
2280 1337
2296 2943
871 1963
644 1348
1153 1650
1446 2908
177 2473
475 915
396 1072
655 2440
1387 273
420 314
1203 89
1152 2541
843 1766
1391 1773
674 469
1584 264
1150 1790
1401 1969
2453 2541
1967 2342
1366 1163
1585 1972
924 2695
1306 2148
2195 2182
1445 777
179 2683
874 1384
41 42
1425 2179
390 384
1400 1413
1438 2507
1590 1334
555 808
937 2142
693 2179
1214 783
1038 2120
2399 2383
254 1641
75 378
2097 774
891 2655
1180 257
1602 1278
1834 601
469 1487
726 1788
1458 2635
1729 2147
311 2179
946 2748
785 1177
348 578
1022 1891
2167 287
2481 1622
2032 118
1430 983
2468 841
332 1904
92 2202
188 2301
1532 2469
1564 1303
108 767
403 193
1906 2373
1806 253
865 330
1815 228
734 832
258 2689
319 767
1645 1413
1195 1287
96 566
851 959
97 2583
74 1311
970 1200
1895 2764
608 2447
1215 2196
2143 980
1898 1964
325 2784
1572 203
2011 1705
777 2698
290 2784
770 2304
1881 1794
860 2244
677 1380
1693 308
148 2314
1431 267
1432 197
1902 2764
1421 984
1833 1818
1273 318
337 1577
1301 759
483 337
1239 783
1535 2341
2484 2120
647 579
1855 1947
320 1348
576 1876
2130 1176
1822 561
286 578
2284 688
1588 2383
1268 375
536 1876
253 2391
430 1992
2449 2234
2320 1761
1184 1061
1509 2725
1434 955
1076 684
943 2720
762 544
550 795
152 2250
1394 1907
681 2473
1771 2437
1130 732
15 35
1457 1334
1904 2785
945 2647
1901 1823
2350 1895
1246 832
2120 2445
1199 667
1059 2237
2465 2080
52 92
1443 2932
1440 2171
1832 1635
595 1823
757 2635
1659 354
764 2092
546 221
60 1129
1746 971
2202 1850
705 275
456 1992
259 1072
237 2698
2021 1367
2251 2204
463 2440
717 2674
2303 2341
2356 1032
1796 1498
1837 2041
159 460
120 2536
1699 162
560 236
1936 1622
1386 1496
1868 2085
2386 2175
2478 2874
439 2658
1517 1088
2116 234
1870 2631
2329 1800
407 434
351 486
2359 2583
1207 254
569 1294
1808 2214
172 2784
2479 1067
1413 2843
2212 2392
1571 2541
1328 1766
1613 1543
283 1163
408 940
2324 1200
1632 1412
971 2947
1988 1024
1385 2182
1189 2214
1089 330
1314 2092
1700 925
1052 2801
1453 1920
443 2635
1799 1265
2392 2653
1255 1868
2012 1803
2186 1754
567 300
1608 2943
1216 1906
2019 1818
1338 1941
158 1899
1835 2708
272 1641
2423 2179
1528 1334
2385 2020
418 314
1768 1467
485 1032
853 1283
78 148
920 578
981 2754
2395 286
2299 1813
1349 781
2458 1228
344 1216
1251 1088
1522 2000
1375 2205
1356 664
2241 1367
1644 579
2013 2028
2217 1421
2442 828
2050 1235
984 499
2259 1770
2102 782
1876 1628
164 923
1018 696
356 2588
545 453
2003 172
87 1024
738 727
1705 318
312 2749
1945 287
876 2377
2382 65
2160 2359
2471 40
965 336
952 1705
552 578
1233 1363
1376 2359
796 1997
1766 333
2457 2669
1449 2341
700 1398
2339 377
252 412
694 1798
1109 2947
1242 2765
1869 849
2156 77
2365 1185
477 453
927 877
5 5
2191 355
2200 2234
83 318
1464 1827
791 2020
1704 486
2314 2669
1744 2938
1859 1907
1628 2887
490 1235
2347 583
1921 664
1777 540
768 1032
1456 2874
513 361
379 2695
1218 1097
2342 2198
2306 1920
134 315
2432 1955
359 1362
572 2236
1129 1690
340 1543
2147 2696
326 463
488 1666
244 2635
1462 2585
1243 885
138 174
1515 2500
1146 2635
2243 2715
2254 2020
1539 2020
1342 603
586 1945
1361 806
941 2903
908 340
1826 1384
2249 1200
1124 1599
602 2301
235 1139
1914 2952
2460 1498
1516 1384
1811 515
2057 1830
1390 780
1962 1923
211 567
1027 963
1436 2301
1698 1943
217 2506
2403 1263
2252 2085
706 183
525 1908
446 2154
544 931
387 2557
107 2179
2271 866
1415 2834
834 603
832 2635
1578 136
1807 1141
1100 1077
1084 2120
840 1380
1087 2639
2216 2301
748 1976
1007 2225
2124 1983
921 882
280 998
1965 1830
1158 138
42 49
1155 2947
1325 367
1116 336
1212 2093
40 2056
997 583
421 2310
2483 1498
606 236
883 1398
553 221
1690 1590
1685 759
499 1263
1646 1529
1927 93
2425 2914
537 1967
1809 2620
1263 1287
358 88
906 2834
111 1072
601 581
1001 524
1916 1129
242 2568
29 646
2170 1022
894 1201
275 1185
350 842
516 538
103 1398
1019 473
496 754
955 1487
2273 1924
1081 2120
1733 1785
305 438
1322 1319
251 1918
2115 849
1506 2872
916 1860
289 486
1117 410
2292 359
1918 1813
1527 959
2380 2039
1786 527
2346 2000
264 513
827 580
2137 2842
2274 1918
55 2601
1217 664
2149 2359
2256 716
1709 1754
1190 114
2316 1447
985 2304
112 45
960 538
1139 1043
200 1348
122 2320
113 313
739 2313
526 96
810 2823
1326 2567
2042 2220
653 1893
2377 1137
397 1684
335 1447
1942 2573
573 1972
1085 2629
1095 1657
842 821
2281 1124
2132 2947
317 85
417 151
1486 1644
881 1103
2177 575
656 804
1581 1920
184 2785
1721 1807
1402 1354
433 190
1418 780
1854 1244
53 2054
1392 2175
936 2722
589 2147
1755 1918
1666 1263
497 571
1353 885
1871 1590
2272 650
106 2225
2341 2020
967 2357
2326 1059
2117 877
1460 2669
1078 1667
989 1785
846 1130
1846 2316
1202 1025
582 2179
2394 1928
189 1527
419 2012
1773 168
1600 2238
1299 621
2466 1898
2331 1918
1931 77
2477 1843
226 767
1519 1283
88 296
94 67
1888 2903
929 2943
1156 2364
1227 180
1382 791
1017 2179
1114 1467
652 2179
732 1235
1789 1543
2263 2327
291 1644
566 2342
1485 2359
1070 1334
715 2839
1433 2281
1824 2926
1172 1268
1442 1453
999 1192
1626 2657
1647 1380
1775 901
910 2639
2360 2649
1250 602
471 732
1187 1235
1371 100
2414 2254
2475 1920
1308 2468
248 767
339 2226
2234 275
1819 992
645 1715
701 2262
318 642
2062 2509
1362 1865
612 146
1252 567
1320 1453
1244 2186
559 1223
532 2012
873 1258
1307 2658
1641 2466
1636 2697
127 2054
727 2518
2079 2371
855 2290
304 2314
255 1754
1820 2476
547 1235
1780 2903
683 2159
1732 2515
1473 432
1159 2179
636 1761
334 2887
1793 900
1424 1263
1784 767
165 1103
169 1708
1702 26
1133 2784
1332 1467
769 2943
2332 2120
1601 45
1106 8
918 2179
1579 2809
939 354
1973 650
393 193
509 2359
722 1972
126 2320
931 2683
1181 1291
2464 115
813 2465
2372 1855
69 2265
1041 761
798 1267
1499 43
666 2049
377 1661
376 2732
1280 180
1406 2212
1224 1773
2384 2440
206 2212
790 1248
816 2629
149 1733
2239 2658
2270 2250
864 1667
697 2015
1660 1077
1331 1481
413 849
625 103
2106 2647
642 334
1836 780
1086 1453
1225 1840
879 2858
1877 2765
294 29
1452 1197
2295 1862
1654 1754
635 1908
1765 2932
1186 1900
1938 1463
1948 1690
680 1727
1679 2464
593 45
1959 907
1103 2214
493 259
2262 453
132 896
324 1707
1231 2465
416 98
506 2273
1359 1785
2418 314
776 1261
1577 511
1340 127
771 93
1857 2287
191 85
2336 2653
182 974
1461 2359
2258 649
1177 806
1009 642
247 29
1611 1463
2472 994
611 2179
1569 2370
1023 1705
1759 864
162 1072
26 1337
518 324
1466 77
2158 1601
978 264
2400 567
966 2049
1269 2148
634 486
2393 1843
2398 970
1334 1814
2473 938
2091 2440
270 1139
135 81
445 1104
1552 1571
2074 1784
442 765
763 320
1589 2718
2067 2739
353 191
2440 1249
632 2518
630 1702
271 1103
322 1809
1191 479
30 903
1474 1644
154 2426
355 347
983 1064
2006 1249
672 1983
1266 680
1797 1423
2410 566
824 2557
349 1104
585 263
1529 2888
1762 664
489 2068
1719 632
190 499
1550 869
240 1054
584 1920
1344 1807
504 1263
1138 566
1429 2653
863 2672
1040 2933
1417 2765
1260 336
436 2370
2405 2943
719 2365
658 593
227 203
1057 2891
1952 491
2307 1009
1582 2954
925 154
912 30
1536 2706
2298 1918
389 456
718 236
689 839
2166 2138
1723 168
2059 1024
207 664
274 2065
1663 8
1851 923
50 2318
2196 1416
249 2196
1934 626
2427 1124
1523 2501
2176 1244
819 1655
288 1342
437 1340
2310 2530
1715 631
1049 1577
1341 2091
202 173
2001 1761
789 1291
972 1809
1200 2270
1132 291
1037 780
1337 1453
829 2778
1105 701
1091 1185
1728 2287
597 2834
2294 712
2213 1867
815 1936
783 1979
2140 1800
1838 100
1631 1936
1072 2674
2145 40
1649 1456
295 264
181 2226
2315 1158
2253 2583
156 2184
2411 2647
2112 938
1658 2439
2126 2440
2125 1579
1563 480
1688 310
1884 823
2242 2399
2007 2222
2426 1793
2183 2697
1794 2735
369 1080
729 597
2311 2572
2178 2954
1730 1881
1399 2006
1097 2365
2480 1453
737 593
624 1421
1850 1402
27 399
1892 1463
59 148
2080 984
878 2578
1614 578
178 426
1112 1647
2169 2445
897 578
1541 2222
671 1416
1804 1641
1680 217
1983 1348
229 2404
2224 988
1162 161
2040 1878
1909 2330
1161 1970
2076 793
1154 2722
2034 645
794 236
747 1761
308 624
2154 2628
968 396
809 1319
1774 2572
2072 103
1404 2698
1676 2301
1513 2915
802 1796
1798 2691
500 650
638 2690
1435 1754
1211 2009
2172 2639
2096 223
2328 2620
2109 2801
1327 2359
959 2093
1849 1881
1284 1628
687 903
786 458
70 2601
2044 2461
788 1491
905 2785
1408 2723
2029 2953
2030 2330
549 1955
1123 1832
904 757
1068 2598
45 2054
750 1788
889 479
1098 2054
2099 2330
2277 1398
1083 983
1414 1686
10 5
1625 2886
364 2771
1669 1110
1315 1487
2193 642
1586 864
1629 1646
1236 2828
47 2
692 192
2264 711
194 193
2088 191
1950 396
1971 2440
1204 100
1345 479
195 73
538 76
1309 1240
2435 2307
691 2359
2075 2622
1812 2578
2061 2287
115 2748
1610 2434
1369 1322
678 2191
2058 2432
236 1453
811 2674
221 757
793 313
1488 1818
2063 1961
1603 873
1623 1038
1393 2414
2024 2179
48 2318
2482 2122
261 2331
1379 1900
141 2431
510 783
278 299
562 1877
1557 2680
1074 103
2066 2289
1633 1426
1294 1263
988 2777
1880 2948
1598 2888
2361 1538
598 2643
470 932
1961 1954
2218 698
2287 1850
730 2062
1468 2224
1229 849
2319 621
885 492
462 2316
2055 1235
7 13
1741 662
2396 1826
2151 1633
464 2301
2351 607
1599 470
947 603
2179 765
580 1676
1708 1754
814 1939
2129 1394
323 2084
498 2828
695 1090
801 1556
1738 1941
1437 2680
2470 2801
2165 2214
2209 2138
1093 2932
204 1917
2046 1161
964 1918
2163 856
2171 2214
431 2377
124 883
2114 647
825 628
2322 2480
2228 1678
1183 1898
39 32
110 849
1673 291
2214 137
1491 329
46 2601
297 238
1396 1868
1496 2943
1178 2025
2005 321
2297 2588
1471 269
2146 2192
713 168
703 2166
388 901
523 40
2004 1862
583 1246
163 2184
928 314
2194 2359
1016 2314
2345 102
2161 1891
432 2802
1335 2943
228 1249
1682 566
1034 2365
2293 2765
841 2914
2188 2206
561 1380
330 1094
1247 2653
1042 2483
2289 2671
2267 1601
1046 2499
329 2697
193 94
472 336
688 2878
91 200
848 2407
514 1877
54 959
1617 2915
1863 1398
49 441
79 2454
2459 2680
767 264
1769 888
333 1539
661 2287
548 1881
2175 1348
1179 590
315 2196
133 689
1930 864
660 1072
1511 2748
2415 1951
1275 2379
222 1936
1716 2163
1223 2622
1999 2198
2362 102
710 2771
1288 1714
2071 1908
2371 2622
1695 1818
1062 1064
2353 510
862 457
2027 2145
137 380
2180 2289
845 2437
1570 2307
823 2880
306 2437
67 1714
282 2147
1201 664
21 2080
974 2578
1279 1621
2009 1507
354 1168
807 1832
1287 2287
1054 2359
686 1591
577 2822
1618 1185
1032 1099
447 932
143 1348
1896 1809
2354 2357
1843 2281
772 1813
1045 1800
1094 650
923 538
391 1240
310 2740
913 1190
1763 2606
590 2643
2355 575
1238 1971
2016 823
1354 2120
620 33
2436 1084
239 1550
1381 2578
38 42
2060 1043
1712 1918
494 1518
594 126
2469 2725
2048 2513
1232 399
1970 1951
780 264
935 2915
1655 836
961 2126
1671 2287
402 2510
1960 2879
1974 1588
2144 1601
987 2366
157 2240
858 2440
2434 2522
872 1444
1036 1460
982 781
37 1492
759 1032
933 1562
198 2466
341 931
950 1166
279 2147
1176 334
1290 773
2069 2837
1389 2771
2111 2305
1002 1564
98 2364
2417 199
2206 1100
168 1577
852 100
975 1804
2220 1924
1013 2440
223 2878
830 578
465 2080
1469 2445
2412 1163
2366 2828
1672 2102
735 2155
32 36
1607 1865
1373 2809
301 1505
2174 1747
930 310
250 1139
428 1112
1502 595
2105 1781
2123 2541
1 45
820 2722
196 2846
743 92
276 2082
299 629
303 2147
714 375
192 786
406 1223
2291 2236
761 2933
153 1899
1024 166
1254 1240
2257 1898
914 2359
73 2526
1305 197
9 1860
1878 1751
898 2375
1188 2258
948 1099
2049 1489
266 1492
1913 2131
1643 407
375 785
2103 942
2204 2224
1048 1804
542 2639
969 2512
1230 223
2340 1558
1701 1880
2244 1024
1748 1141
663 2799
1077 1918
1583 1999
591 580
1069 771
1222 1421
44 1964
2266 2359
1213 2578
18 2484
257 2359
1507 2359
1829 1754
459 2827
160 840
857 2477
1489 2434
298 777
1409 698
1714 2725
1170 2126
2093 2796
1975 2006
1111 354
1933 795
915 426
1752 1663
2141 1793
1357 2658
886 2916
1977 2115
1566 1285
4 14
1800 2601
309 2171
2305 2658
1727 1631
539 1904
370 756
2409 2457
2301 2503
166 89
1560 2509
2152 1376
1920 2522
1612 990
1653 2006
104 2038
2231 1661
1559 1110
637 376
2068 920
31 2287
2462 2349
482 2637
2318 933
998 1924
2056 543
449 2092
649 151
173 2572
1329 1543
208 2316
1066 2812
1298 2722
238 1803
1717 1465
415 37
1422 783
1082 208
1908 391
1164 2718
1544 991
622 2472
1740 2745
1678 2499
1372 1367
1286 2748
1725 1934
882 2658
2421 2743
1367 2120
1285 788
1534 1462
1302 1705
1593 2238
1478 304
1050 2884
1205 1445
296 2084
2064 453
755 1714
2406 1686
410 969
1121 588
2090 842
2321 1898
2078 2449
2486 930
2133 2463
2229 331
1148 1005
1355 2256
1316 279
273 2390
875 1380
1907 1052
2100 1434
1964 364
2288 2128
1368 1558
1380 2221
64 382
1412 842
1754 714
2278 642
427 752
1558 2653
1323 2934
1197 329
1520 2669
2269 780
265 2310
1039 2345
2443 1924
1313 2916
517 2911
1470 2525
394 2386
557 230
72 1544
579 1930
1592 988
2008 532
1946 2466
1428 2578
1477 2445
234 310
1358 2193
400 969
90 1161
1842 859
1300 809
2018 2159
805 1798
80 469
1845 836
2413 2878
321 698
2363 806
639 2039
1261 473
640 26
1311 2236
343 2622
86 959
1276 2848
1982 2479
58 1439
426 2375
1580 1863
1330 2530
455 1434
2373 2466
1637 2159
2335 714
145 2802
1088 2792
331 755
365 280
1656 1348
2357 580
412 2667
1029 830
346 1631
1873 1934
1031 2527
1166 1600
2441 2084
287 208
1099 2230
71 1708
1475 2464
543 2669
837 2477
1761 2009
2150 608
170 2885
1033 2885
1219 1671
1756 1480
2461 2785
260 544
1350 2166
1140 1623
233 2321
779 2920
587 1518
2210 33
754 1465
2113 1161
507 2864
1760 1940
1827 2499
2086 2674
1248 1657
571 1934
1510 30
2087 2355
838 544
646 1903
347 180
1894 899
1785 756
800 2261
25 1013
775 2379
896 523
1149 2729
1378 2462
2276 2785
1817 2569
556 2179
2368 1077
657 494
366 785
2020 1969
1989 1498
22 49
2205 602
1495 1990
155 2166
2313 2076
1561 2414
466 1934
1830 2530
503 1038
535 2616
435 1411
1504 2650
144 37
541 82
1718 1273
2127 1881
2227 911
2454 1474
605 752
880 2305
1872 2819
1779 2737
1951 1832
1787 1754
1928 1216
2065 2469
901 2920
378 423
8 27
2053 340
448 1881
2452 2465
1051 2888
1500 1253
210 2464
1388 662
51 49
911 2365
1587 716
130 290
1420 894
2330 2915
1932 2366
174 788
1235 2740
2408 1135
2187 1325
1483 2678
1347 2828
84 1513
563 1106
2456 151
2230 2148
1737 532
1943 384
1776 1684
1568 1666
480 53
199 2224
2283 82
2094 2882
828 2552
2225 2785
161 689
68 1990
1370 1708
648 685
795 193
2374 2440
129 2705
2248 2167
2304 2359
986 16
105 1666
2211 2658
1622 2247
1065 1351
893 2440
995 726
900 439
1944 988
284 840
2035 2359
2447 1392
2070 1589
2051 1724
1055 2643
1782 2463
215 348
1060 124
1104 1361
954 2476
505 2425
1163 1047
2054 2404
792 883
293 2653
2450 1110
1866 1477
1616 1593
716 229
1575 798
2108 1826
2043 1439
146 1262
382 1000
451 114
919 1032
2017 445
859 1960
219 1879
386 1033
1256 2438
728 2162
1781 1161
474 1928
401 1623
1492 466
907 2355
2338 340
1890 1468
1887 2723
1758 2289
487 1208
977 1253
1463 238
675 1248
817 1240
1911 2365
2157 1220
643 1676
2082 445
360 2616
1444 1497
1736 2728
940 2496
1726 2550
958 795
1844 961
1805 2827
20 415
1791 1394
806 2375
114 2601
232 1168
867 175
2445 2084
263 310
1818 262
1652 166
895 2897
224 1152
696 1389
61 640
1479 1349
866 860
1384 1745
57 2802
76 730
1742 519
673 448
109 1373
1697 1007
1675 2080
117 2895
2203 1936
1882 1794
667 1777
1441 1890
214 2200
1115 1963
616 1192
2261 2247
300 367
690 2920
1749 1628
1547 2886
327 2544
2485 2312
1734 2426
2250 1161
2381 528
1465 2910
2219 2366
1639 2276
1505 1693
338 2915
176 33
147 1325
1490 757
877 1361
1304 2104
1259 2345
1957 2915
599 37
992 1446
1397 2103
2334 1589
245 1789
956 2643
175 2260
1317 780
1053 105
1028 1110
197 2231
1064 2248
1321 2359
1924 1249
962 2637
374 1921
171 348
2026 2837
467 2651
2487 1429
1813 2720
938 1007
85 1300
664 678
307 2739
724 1460
1993 1598
63 909
101 49
243 70
1788 2067
399 2879
1343 2045
527 2039
1540 2809
565 2527
1963 502
1296 103
468 2904
1978 2037
66 2819
212 1902
2041 2934
1839 1601
1731 2920
659 740
2424 1918
1173 1110
1668 1056
2168 2761
1910 150
2104 2474
2190 2236
2 1113
684 2778
942 1436
2014 2410
2401 740
457 1826
1267 2886
973 600
861 1277
511 1330
1102 2564
2428 2680
568 792
2189 957
1210 1682
530 1597
1735 2341
1720 1483
2084 1256
592 1779
2095 931
1551 2174
1891 2545
1556 788
213 713
662 85
1245 2713
2222 2264
1448 2247
256 2670
2233 2728
473 2585
1864 2827
1905 1797
2308 736
2349 1298
2092 1082
230 322
753 1701
1810 1026
1182 2011
24 401
1348 2550
2344 866
1858 437
139 2231
1174 2039
1751 2399
578 1190
444 1128
89 1307
2474 497
1969 2792
804 2843
699 198
799 894
1681 1851
2153 720
1801 629
362 2690
1283 1506
367 668
868 1752
604 2811
1856 2910
899 1645
2455 2251
440 1330
2376 2761
613 1430
812 1744
1683 131
626 1590
1234 543
670 2792
43 2891
963 1465
892 801
1713 2067
77 2920
1075 2904
2181 1902
839 82
123 999
352 2028
1289 1344
1841 2103
2142 1467
313 469
2121 1436
82 1990
1493 1026
1996 412
574 999
669 1737
363 1919
1020 726
1000 403
709 964
1482 2193
1597 1166
1291 106
2047 1920
926 2781
205 2902
220 98
454 1623
2285 2256
1665 1596
1979 150
1525 2318
1410 2566
2348 673
2431 2545
1363 2009
6 2592
957 1468
1047 673
1985 1610
102 2260
302 870
1141 200
336 2729
1615 836
1743 93
1063 1430
1021 2592
495 2705
554 146
372 2067
2286 2552
33 1239
0 7
1364 1909
2302 2258
1168 399
1295 1349
736 2115
1272 1960
847 1430
1640 1182
2379 586
631 917
1278 1918
1079 1861
1662 1463
2437 252
285 2670
1984 1879
917 421
2101 1587
1196 1328
1167 2590
380 2096
1954 2496
1935 1178
1605 968
1828 1325
2279 1505
1026 3
1750 1902
2031 623
1416 2937
100 1300
1126 1161
1722 1492
1739 2212
1411 910
269 693
1922 2015
1546 1823
1398 594
2300 133
1767 1879
1073 1885
951 515
140 2475
1058 2526
1377 1558
2184 684
125 178
1772 190
2201 1629
528 2923
2245 2390
1912 279
1274 387
2343 2463
3 2073
2122 1183
766 1737
1635 1453
2173 2278
1113 2634
373 2355
1423 2288
903 2440
1131 387
850 1929
1185 1468
2352 2150
1537 636
383 1187
1664 1636
2083 549
1990 1330
1319 1206
1061 2138
650 2247
596 1208
784 2359
1169 867
617 1918
1875 1305
453 773
62 909
1501 2917
711 1934
2182 2070
429 1879
1692 578
2246 2103
633 1488
478 1365
484 105
2451 1474
508 1704
2282 2849
17 1915
1531 2288
1565 2441
384 2464
2198 534
186 2132
1003 2705
856 2812
1198 553
2383 1224
1405 2791
698 297
1324 2272
142 1794
752 1524
1987 755
2159 2668
2033 2327
1596 1192
1724 646
328 1349
2416 626
425 514
476 38
2185 2274
993 94
2370 2572
1120 2274
2467 2864
414 2657
1986 85
887 1879
1783 1741
1958 1007
2275 1178
1134 441
492 895
1831 2406
2327 1130
1940 957
1747 1349
1994 708
2098 1259
2119 415
2369 2512
1171 2038
2232 1831
1852 213
2036 1056
128 292
2420 2815
991 968
316 2158
2255 2897
2037 2849
685 1673
2226 1110
1968 218
1939 2743
2118 2523
529 1445
2138 2815
1923 1673
1092 200
2391 2071
1265 2143
1221 469
1395 2247
1439 1794
2422 1596
2207 2181
398 5
1900 1541
1144 93
2240 1020
1606 920
1107 2575
1542 1779
704 2749
314 2849
119 2058
1271 1879
749 1397
1004 1691
844 2749
909 2890
183 2615
1848 1349
1521 2766
2192 1070
1847 761
1573 390
2162 1735
773 547
1043 2599
