0002.jpg 0007.jpg
2191 2099
40 22
1022 433
1447 537
386 413
593 715
812 696
1120 897
375 507
1236 1876
320 376
1428 905
31 22
1614 2142
2336 2436
384 269
702 925
1256 1876
637 1830
1828 2135
952 925
391 435
737 1054
832 1138
808 567
512 1117
544 533
1281 1473
359 310
66 1258
1817 1104
1477 1788
459 284
424 572
1856 2635
1229 1054
1986 972
680 336
2013 2099
2130 936
1020 1904
1590 228
2310 2342
2135 2135
1291 692
1341 2099
1123 1037
1489 562
1717 1222
976 533
1064 2392
1505 1788
434 2692
736 811
2431 1503
129 1503
2247 2314
1711 1498
1173 464
432 778
838 460
316 354
948 1085
522 1830
2415 1973
2338 2608
1588 1571
19 78
2358 1222
1156 2196
1248 1595
1623 2637
1666 2831
739 1059
1516 774
2377 1009
923 1384
169 985
1339 1101
1913 2926
1515 1822
1903 1647
718 940
483 791
1183 2608
371 808
1133 2547
720 2133
1416 464
735 2099
1059 464
1015 1003
2432 1733
987 692
1072 1125
1425 1447
983 1444
64 28
2012 889
565 1353
1465 1177
351 1661
1273 2099
1793 1550
1689 2831
804 404
96 163
2139 1366
2145 2383
2099 1283
1932 2511
868 946
194 129
2346 2057
788 2392
955 435
1261 2236
548 350
17 56
910 540
679 1657
998 2147
1205 508
1312 342
1263 1684
43 1525
2175 651
1635 998
1563 811
577 1503
1078 431
530 597
183 2033
1638 2317
461 1904
1992 2209
682 1384
533 1291
877 1291
1961 2536
262 183
586 453
219 2810
1359 2874
2407 264
2014 1766
36 1525
1006 2831
879 966
2375 2133
525 499
1154 1038
1542 2831
2181 2608
2437 1920
193 128
244 568
1310 966
1628 442
1521 333
287 2120
1988 1895
1011 2225
608 1291
1827 2179
1362 2611
1845 2314
2048 2120
1963 1633
693 1753
321 2120
1908 1353
1660 1503
70 2142
869 998
29 30
486 1407
1732 1263
1129 77
2087 811
1917 1473
2284 2350
1296 1633
859 207
95 40
515 2114
1736 271
2214 2236
1751 1907
989 1200
1176 1946
1455 1009
1047 1979
297 234
2360 1147
174 193
2277 2611
1916 1543
865 498
2110 2117
275 183
2084 874
46 66
477 473
1097 2758
2381 2584
1170 2091
726 1022
1770 716
1661 2831
2387 1920
2077 2087
2412 2052
2164 1770
1189 2327
1520 2314
1260 128
1350 1252
1043 780
1466 1923
1792 333
801 1099
2230 1964
1580 2490
311 453
100 1311
116 129
932 556
1239 2441
562 821
1884 2314
404 234
851 1823
1843 1165
1065 2942
350 617
414 2019
2367 151
798 1064
1108 1147
2355 2341
503 203
2017 1503
1934 2135
1767 889
1594 1503
659 272
2350 841
1940 2314
1025 2547
155 193
2201 318
1451 2133
369 2933
2298 2383
495 2692
1831 333
1309 2825
1603 2500
1651 2539
1931 522
329 1066
776 882
1383 1353
118 841
870 2518
1320 782
377 473
1401 1946
1357 1198
1235 2236
703 2495
381 633
1393 1788
956 2831
1202 1837
323 998
690 499
2329 2465
1172 1963
1667 782
1749 2383
34 66
124 2142
1864 269
996 2531
106 129
38 30
549 1979
1693 2511
2031 2391
1104 1733
1538 1895
1688 1761
1699 2584
1881 1434
2116 2342
419 966
1725 1235
2236 2120
1947 473
516 2314
1819 1291
1379 2874
567 556
2443 1837
1945 383
1487 1803
1778 1868
941 1981
1427 1628
1332 2057
2321 2191
2312 1964
1965 1669
282 2852
1511 2539
537 1705
1488 712
2144 318
966 1263
1367 1661
1454 77
1121 2357
1596 2341
393 1449
913 1366
1019 2301
1443 1656
201 1503
1555 1973
895 2834
1576 808
1290 828
1083 1128
1247 203
713 1753
875 156
1468 433
81 67
973 2834
1163 2541
94 1641
301 453
1112 603
208 823
2328 1972
847 750
364 172
944 1891
82 272
455 2447
2114 1634
744 1022
372 2051
2217 1634
1335 1200
978 1061
701 1064
410 1287
1969 2437
2258 2730
2296 889
280 617
1456 1662
960 1560
1297 2704
1397 1969
1298 1862
1743 1147
985 849
1204 1097
571 603
1340 2635
896 306
1773 2468
645 2336
85 1641
448 1703
1220 808
1610 2099
1324 750
1919 1198
1329 1291
2212 2341
1411 2730
934 172
743 2548
1438 236
1605 2708
686 221
466 2631
2281 1577
184 1523
977 849
585 1334
30 25
901 172
1589 333
2180 2314
240 40
849 889
876 2631
1374 1396
1483 2511
1787 1940
1316 1969
747 1200
1197 780
348 2852
528 1979
651 1979
1228 1138
685 336
389 193
303 2868
2228 2273
272 2784
2274 2341
1852 2074
2108 2401
482 1291
181 2310
2398 1973
2153 342
1683 1067
1267 808
1143 841
779 473
602 2492
1850 2234
1453 2539
111 1711
2152 2938
1353 2000
2194 971
858 1548
727 325
1081 992
707 431
1003 265
1609 2301
431 839
177 1032
55 2202
2179 51
379 2596
949 923
1501 889
930 427
809 808
2213 1064
2172 690
2169 2810
1198 1616
513 1337
2146 109
1365 2627
1812 1715
1637 1599
1901 774
2030 2120
2340 1558
843 2754
1333 951
2122 1631
2176 938
1791 533
539 275
63 69
2393 282
1821 2136
1051 992
728 311
1399 434
2188 2117
273 1798
677 1634
1128 2541
988 1124
207 494
1474 116
312 1976
1115 1123
2208 1660
1551 2831
765 1747
1109 2903
326 832
408 2120
749 2468
1745 462
1982 2730
1665 2135
675 1667
1114 1503
900 1267
1960 1337
33 41
2379 1258
1360 2451
924 2585
77 2020
1166 2943
706 662
1912 1396
2195 1287
1599 1263
1026 318
764 2036
1967 1097
1674 617
658 2383
439 361
861 115
1557 2915
1193 273
354 2237
1338 643
553 1434
2428 1440
620 45
1507 253
1719 2372
1863 2468
1571 1527
1857 855
2069 2627
2352 1322
383 51
766 2915
1194 2507
263 1022
2044 203
137 2065
1642 2225
131 2142
734 1171
1727 1334
134 203
1252 1766
401 197
1420 115
1805 2481
1484 1235
189 236
1314 1697
1384 970
863 1097
1568 1006
856 1715
1085 780
2020 207
1747 949
2059 1656
555 468
791 2598
1031 2447
1880 2653
1560 2244
492 1661
1721 1141
974 1448
1179 1865
884 1964
2401 2234
1946 2175
990 1803
1899 138
1672 1588
345 2257
1860 116
1701 617
520 839
385 1223
1731 759
2263 1064
1216 2473
1868 2359
258 1710
2246 236
467 783
1650 2314
1276 923
237 318
1865 2359
1798 261
1389 1580
1619 1818
1565 2036
1098 777
198 2391
59 2611
2320 1802
2430 1198
1862 287
655 1667
232 832
1060 1275
1209 2026
1924 780
841 959
1811 404
653 1543
2182 1973
2204 1453
1939 2764
2028 272
1910 2831
1219 2824
640 581
1625 1681
278 2689
256 469
2364 1850
340 1348
646 580
2318 1022
260 434
1525 1920
1933 1759
632 2147
2440 2566
2112 2353
1437 2310
506 923
127 2914
1546 443
2015 2383
1054 2036
1331 1334
1450 1761
157 1523
2342 1837
904 597
921 1163
1171 2495
52 1311
984 788
73 646
1095 2585
1467 1657
821 2915
1142 2878
1564 2257
2098 2748
197 1799
1583 2214
918 193
781 326
1409 1077
1518 1021
2289 203
1886 2036
2302 1388
485 581
1729 2823
1486 1322
276 1976
2067 1366
1004 1334
1161 2052
882 2182
831 2004
886 975
1994 2163
363 578
471 866
757 2182
605 1581
1523 1920
1479 543
2240 1891
1144 1657
894 2370
387 1633
2163 267
123 88
304 849
322 1754
2052 1955
1308 2942
2100 2120
1846 2510
1150 1955
2193 2878
307 1487
160 2506
1318 1907
1690 2041
1225 473
1068 2904
417 667
310 1823
945 2359
2132 2658
346 178
2009 2834
827 2440
898 2359
2371 1246
2039 2120
2280 566
1720 1413
1400 1283
1351 603
470 2689
1221 560
1348 2490
305 1997
24 1337
2171 1060
1406 1681
1647 1883
1294 2241
1724 2244
1528 2874
1470 1820
1213 2193
141 2054
709 468
1659 533
1119 443
1579 2932
2073 1747
112 1072
761 2584
1752 1366
1820 2341
2385 207
1534 888
968 2146
1842 1918
79 378
1088 1334
1052 100
963 473
1709 2603
925 885
1855 929
1210 1202
526 1543
1259 1102
1926 2057
26 2182
2156 1936
2344 193
1184 433
742 569
161 856
2089 236
421 2887
626 2131
2395 38
1497 2635
1844 716
2362 313
500 191
154 1580
2429 1661
1208 2708
1315 116
854 100
1849 2715
1612 2431
2036 1785
2200 318
845 2596
115 115
2115 2359
524 594
1245 2238
35 58
2343 1112
2345 2505
1867 460
1459 2224
2057 2359
1017 2552
428 2738
1153 1380
91 806
1192 2147
725 1060
1794 1920
1883 2936
1285 1964
2097 1992
397 340
2288 1963
738 1657
167 1172
2403 1240
2252 1043
572 1667
1592 2224
1639 2020
150 1072
1737 2647
2045 828
2219 1644
699 701
712 1841
279 1308
1810 2494
462 2099
969 2552
1424 2915
1514 1453
2050 2943
740 1421
917 544
649 2171
2061 711
604 473
1270 236
630 1667
1833 1726
398 1421
0 5
2131 2377
1914 583
1055 2499
1266 1263
942 1790
234 1200
1784 2287
367 1491
464 1616
1519 925
1280 1676
660 523
819 73
1632 2730
2250 1804
547 157
1890 1644
121 85
2386 2120
1503 811
1033 19
2314 234
378 729
633 641
2290 1908
1938 1047
1027 1747
2216 2453
1955 234
1959 2357
1591 2603
356 416
947 1287
1789 1590
2197 2669
2439 460
1164 2732
2079 164
1772 2690
1657 434
1440 1702
2066 2250
1824 1204
1286 1240
716 2674
2433 864
1836 1143
2245 1850
2111 1067
1070 1026
1402 2943
669 2518
2426 1715
195 813
892 2584
1504 2690
2279 1697
1664 849
290 2847
628 335
777 628
668 727
1436 1634
1227 788
2356 1715
1177 264
936 1334
2035 2932
13 840
719 2465
373 468
2397 1818
1998 628
1463 789
1304 2513
1000 161
435 2880
1116 1908
1616 2647
1138 1933
214 2824
1035 1920
1813 2903
940 1061
916 1424
768 272
771 2314
1900 2193
331 462
2155 1451
1162 473
835 2608
1698 2383
1641 1881
1679 1380
873 1818
1722 2500
216 486
694 788
2148 1837
2239 354
1269 1983
1663 828
1433 1453
970 2644
1053 1374
449 1537
327 2669
1460 2583
752 2377
2142 472
215 1262
673 1171
2256 2754
1410 2741
860 1080
931 1185
474 1537
2126 2653
664 1261
2372 828
1559 1163
2141 460
318 1139
1321 1940
844 2777
1018 2596
1134 515
1319 1818
823 336
2178 1453
1130 1487
2120 2754
665 1588
2368 330
1710 2486
407 1684
2199 2142
789 579
2319 2669
1092 2868
1013 1354
953 403
185 68
1742 2605
1049 546
332 780
212 2136
1106 2635
1622 2000
2254 125
1415 617
1169 381
199 1799
437 905
1231 2723
1630 2721
1131 2695
60 605
140 2314
1537 2377
1458 2513
41 39
805 1112
1937 295
2227 1994
684 86
758 788
489 594
125 1897
306 727
656 1449
1734 759
1066 1322
813 1936
2363 1064
2419 2765
2357 2327
1682 2505
204 1072
687 2693
2154 672
1530 823
564 675
1888 2601
560 806
2209 1796
1763 1872
281 2674
938 832
1613 2179
1909 780
1147 2635
2273 2359
1002 746
1715 2238
2133 1846
453 157
2053 1666
2353 789
666 2314
2202 1267
1370 1711
2327 2932
783 2698
846 1830
1620 439
196 1139
429 2440
1526 442
907 687
1001 597
213 2310
2210 1496
704 2943
933 914
224 578
893 675
1103 2809
2203 2696
1253 1453
190 2698
1 3
1255 318
334 1034
1165 2009
1948 1628
97 1577
623 1492
362 1754
2167 2330
1032 419
113 2220
638 942
446 821
723 2644
1704 1498
1703 330
797 282
78 148
416 1556
1954 965
1904 667
2125 2691
1797 2573
202 2732
2232 1855
1148 2142
2370 1843
2043 759
1077 2314
625 856
2088 2503
2406 2223
622 2465
210 98
648 1655
2405 688
325 553
412 2749
1482 1476
1461 2515
2268 2486
246 236
284 280
937 1267
714 1060
971 984
1877 30
1973 1928
1643 1598
609 1258
2416 236
527 297
731 1097
1692 2094
2378 1947
83 103
1038 297
1141 100
1768 1702
1457 2341
1796 2735
1249 2179
1891 191
833 2698
2445 2566
1168 877
1376 2915
1045 2423
2034 193
839 1593
1550 1124
1996 2553
107 2371
650 2171
313 923
209 2749
575 2087
1953 878
852 236
1069 1598
48 2
2269 2305
1241 579
1377 515
1714 323
1972 1952
802 1214
1491 2223
1823 2708
2047 1800
309 1715
657 2683
456 856
1495 597
2451 1040
92 73
1897 571
711 2298
1957 2653
1839 2904
763 1595
641 2335
2070 727
946 2390
2026 542
1866 2120
1242 418
1152 1267
2143 1920
1956 1682
1274 1702
793 2115
1870 2287
2158 2497
814 160
950 628
360 1550
1448 1135
724 2929
550 2698
1342 2120
347 1877
1684 2680
2276 2425
581 1258
1396 228
2092 842
1990 1813
1305 1388
1196 321
1818 1881
563 2377
2183 2943
920 1463
610 951
1023 546
964 1898
1030 2947
1578 109
595 1517
268 1762
617 2942
2019 399
986 2147
922 788
1234 1684
582 288
1498 2304
1358 1872
816 2148
903 2662
2235 1684
9 5
1139 318
1646 2653
1634 1930
145 2314
508 208
905 2478
762 2136
769 877
748 166
1071 2796
1058 877
519 288
67 1399
1816 1067
1084 2359
1541 2494
2325 2273
333 2511
1644 1726
1680 855
463 2518
741 2801
975 2869
1387 43
611 776
1201 2015
153 664
1795 1661
1636 1043
794 761
2316 2020
2408 2932
1645 923
28 41
954 236
2150 462
751 1291
671 2375
2018 688
1041 1507
1585 2464
2206 2330
1776 1512
1989 2359
496 95
887 1952
1076 720
487 2796
1566 2751
2282 458
200 2492
248 1934
1848 2653
2376 1321
674 92
1044 2701
1748 617
1352 1984
173 215
2323 202
441 2155
1779 1878
1532 2637
574 312
243 1762
715 2765
1200 1185
11 840
1539 1920
430 138
935 1900
1485 1754
1656 197
2292 173
708 818
1181 750
2444 2464
1974 1047
236 68
2060 1601
493 1354
221 1258
1581 1402
661 236
853 1818
1602 2567
277 2287
1282 354
1707 1969
156 1139
400 103
1140 2819
1687 2009
233 2647
266 1754
1441 689
2106 711
45 47
1840 1549
755 1465
842 2590
2409 2437
12 840
452 2179
2402 914
2259 115
1407 2464
368 2644
302 567
995 1578
176 2012
2138 472
2285 1112
337 77
1942 1526
1299 2437
1898 1467
300 578
561 1032
730 2465
2441 1790
1413 2882
2237 2691
1481 1657
147 2083
1997 1941
165 649
1082 1657
961 2943
231 2530
291 1047
1510 1908
2349 1130
180 2464
612 2148
2348 1518
1122 2158
2369 903
445 1879
2275 818
1786 781
2365 2953
1829 818
1099 2359
238 849
1444 1543
225 1754
2065 1796
1771 1872
392 1319
1586 2708
534 2741
2104 2691
1527 565
108 2401
87 103
2231 1684
2295 2810
1005 650
1132 1823
51 1291
1462 2911
1874 2440
2341 2689
1808 2114
2287 346
480 903
589 1032
406 1881
2400 2541
1356 2932
1403 1330
1873 2541
807 2771
2420 2400
259 1934
759 1914
1421 336
427 1527
130 2548
1325 100
2267 1398
1289 460
2272 1761
1187 1362
2382 173
1822 1284
662 2465
692 2583
226 543
1649 2454
335 1877
1050 193
834 462
1398 582
1740 776
505 2314
71 631
890 575
1629 1761
683 2943
1713 2728
105 2142
1531 1047
599 2742
2388 650
484 100
14 92
1803 1135
800 223
2308 1305
75 1767
1556 2515
1769 180
2224 73
1907 2888
1042 1380
1016 129
426 1979
2010 933
1472 2425
1615 718
994 236
829 1900
1062 650
999 2020
631 931
222 1992
1303 1350
142 2357
2062 1178
403 984
289 1426
283 2159
2333 2440
1010 1398
1067 1885
695 1421
148 102
2450 2953
1279 1872
2238 2413
293 314
817 899
2331 2359
1927 2464
436 1263
476 2639
2241 1375
583 89
2023 1963
1473 1985
1390 1715
1117 193
119 834
2051 1866
803 1881
2396 2841
1923 2904
2033 897
1554 2359
1167 1463
1929 2330
2140 1739
494 2796
1760 578
338 903
1587 2359
1853 157
1046 2499
1199 2250
1278 1298
269 100
1984 1793
587 154
2124 1611
442 2370
670 2404
874 2643
162 1881
629 629
1492 1249
1606 883
746 2407
1920 1090
957 1249
1423 180
249 1085
2300 2359
991 2216
1902 2082
1307 1507
1243 2006
1572 1550
288 524
1349 2287
2004 1918
2294 798
57 474
926 543
1408 1724
2123 2440
223 2698
1145 1261
1493 1784
2129 399
1361 1386
159 1394
2002 2513
1029 2331
1212 631
1386 2359
1800 2330
1417 2702
158 771
1218 688
7 14
1950 729
1922 2463
1371 434
2257 2552
1618 1815
422 1161
2190 2093
597 175
420 673
1288 2172
2038 702
1345 1719
2064 2349
468 1158
1762 572
1696 1099
1738 1834
647 134
2001 2701
1375 2653
2192 2390
1804 2901
681 855
1758 776
2119 469
1382 441
982 1785
1317 2596
23 2671
536 396
1705 40
1074 2021
192 969
2326 2423
908 875
1728 1361
1935 22
53 1439
906 1398
1552 1421
2063 1646
1113 544
220 1337
1755 223
2299 2728
2006 2642
1562 2572
342 92
689 1785
1079 173
598 2749
806 1818
1222 1013
2266 1284
1781 1348
897 2589
1159 2749
230 438
133 2019
187 1453
721 2904
370 1416
2076 187
732 494
980 2901
1211 1351
618 2919
2391 1192
697 2472
228 2450
1490 1477
1892 102
1073 1907
1284 1416
1366 2518
642 458
607 200
538 2370
2159 1249
2094 1984
1330 2909
1471 193
2096 1183
2000 2693
592 2464
1788 2370
2101 1023
235 1666
2058 2456
491 679
56 1161
615 2893
2283 2740
2414 318
1658 914
447 1766
182 1539
61 148
352 673
663 354
510 1185
1750 2706
2421 2548
569 103
1086 2888
1718 2706
848 163
1593 541
928 1103
1118 2462
2337 1588
2347 1918
2425 2366
1442 2214
120 187
1807 213
652 1863
2442 2244
1569 2509
1806 1853
1127 1714
2359 2431
1746 931
341 1348
501 2834
1230 1971
676 2321
997 93
818 1398
1814 1380
1508 100
358 92
2260 1598
1756 2606
1633 1385
2435 2541
295 1904
308 2084
1677 2156
425 767
451 2486
1735 2743
1533 1011
2093 1474
135 330
1096 2301
2107 1872
1837 379
1774 2305
1089 1257
336 2109
241 45
521 2327
696 883
1160 1570
1662 1920
502 2916
871 2915
1146 1487
138 2466
1681 2682
535 2916
2335 2915
292 1216
2082 2287
1697 2375
2339 2896
2054 2569
2251 2743
591 1152
576 1567
497 2735
770 2778
1529 823
2389 579
251 2653
691 1099
103 55
252 2464
722 1960
1391 631
2021 1383
104 2240
271 464
1700 567
643 2851
178 1505
1188 1798
992 2120
69 474
2186 2236
1206 1839
366 2878
255 983
698 2465
1782 361
866 2579
2270 478
1414 642
217 697
1549 1492
1178 1813
1244 2622
1175 2653
590 92
114 2240
499 133
772 487
639 1708
1548 1052
1744 1161
1978 2355
339 944
1780 1598
175 1139
1250 1892
264 517
532 2771
84 541
472 399
636 2321
1368 855
667 981
1111 698
298 198
1182 646
2384 33
2291 1558
1439 2657
1246 1078
1540 809
349 472
514 2771
967 551
1337 2882
1449 780
733 869
1543 754
102 2553
773 2145
1654 2179
1385 529
1502 1644
1626 2857
250 2731
1975 1968
286 198
822 2792
862 1439
678 1737
1648 780
1600 1243
1941 1185
1567 1898
1598 264
2198 1300
16 2601
635 2839
542 2643
1858 2463
1653 931
850 1138
10 13
1021 688
2334 2398
1478 1347
2411 2372
1224 2878
1830 1398
2422 1013
552 399
2046 1498
2117 2834
1372 2678
1363 1264
1764 346
1272 2553
1512 744
2447 908
132 2690
837 1586
1879 2355
2317 875
1977 780
1422 1206
101 2248
1090 1043
836 2431
2184 2743
1815 1861
1573 494
1570 1930
556 2094
1151 168
44 1243
330 974
1195 1705
65 131
518 1249
1135 2578
1432 1456
1008 2840
2103 2502
2223 607
122 687
2226 486
465 416
824 1885
2081 1249
551 615
2160 2849
1207 2166
2032 2812
2222 2519
965 2648
1981 1449
929 264
782 1380
2304 1601
473 1123
25 32
951 2724
1547 2041
2448 187
2265 2911
880 1138
654 1012
274 1262
774 94
2436 1898
413 198
888 657
1322 2167
1287 2566
1430 1631
558 757
1976 2916
2220 1099
780 304
1582 2216
2324 2103
881 1684
509 631
1921 1963
2128 2726
2109 1678
2137 2730
2187 2248
88 2572
2056 497
1971 1553
1087 65
1695 1386
1395 2163
1966 2953
1264 760
396 2359
927 1380
1061 2104
799 2893
1893 223
163 893
1832 1724
2313 2466
1995 2656
1157 1872
1431 780
1217 1348
399 1100
1631 1714
634 2
1014 931
1158 1919
1105 2264
883 578
1102 1633
915 1248
1575 191
86 2572
1962 340
8 92
2134 1288
2 45
1283 1951
1896 1573
2392 1007
1313 645
2413 2176
1983 2640
1306 864
270 209
418 2953
1799 1881
1223 1043
745 865
1469 65
1875 2606
1126 2155
1577 2682
21 551
2080 550
529 1983
1295 1825
2315 2512
2242 541
1007 2513
2074 2602
1445 365
27 1465
1265 1549
540 1708
504 4
382 964
1686 1657
254 1376
1991 2917
1708 1435
1936 647
117 1197
294 2879
2149 2344
2233 2878
559 2401
1980 1208
365 2028
265 1148
2091 2359
2243 1724
110 2946
2083 326
1110 1285
2278 903
573 295
820 487
1841 964
2095 2465
1730 2635
511 2353
388 1451
2007 2501
2071 1325
2286 1893
261 1570
299 336
1381 2371
1915 788
50 346
1464 2585
2151 2622
1275 329
2168 1072
912 458
2118 2011
1300 2658
1418 1623
98 1513
796 541
621 2857
402 755
315 2359
2234 990
2008 1869
37 2882
380 126
454 2738
1057 2247
1671 652
1584 1885
1878 2909
1640 2639
753 1715
2261 82
1809 2658
1668 2449
1446 2917
943 621
1226 2882
1327 2052
42 1392
478 1460
1999 647
1292 1046
1419 2429
2121 2579
1887 806
2264 971
1785 945
1544 2464
458 2039
2311 2649
811 65
1203 2124
756 2375
1301 2882
2113 344
394 2856
2354 2123
1506 899
457 932
1889 2572
1952 1264
355 1904
619 290
2011 2128
319 2946
1034 1934
1155 384
2147 2618
1392 124
1716 599
2271 1110
1328 1359
2255 930
2301 401
128 2349
2410 655
1174 662
1597 2902
2309 189
2042 1381
523 2082
68 509
1882 2134
885 1971
205 2425
1075 1430
2068 1329
2351 1434
705 883
229 1363
857 223
810 43
1080 833
353 2378
1958 2423
1238 2917
1706 783
2174 1325
1685 2488
1028 2231
855 1498
1435 2850
1987 385
1380 892
2207 2674
152 138
786 187
1334 1754
32 1465
438 860
1694 732
93 2616
2452 2423
594 2457
1476 2778
729 2620
314 2305
149 2464
1024 1110
18 382
1925 2464
2037 1264
872 1954
1702 2009
1326 1879
1895 1336
211 519
828 2464
2049 991
584 1500
1754 426
1617 2185
390 2501
700 1377
39 1990
395 2360
1240 2266
139 91
1949 2196
2029 2572
1655 1754
1124 917
58 1239
1185 285
245 197
1985 151
1869 331
344 1918
1652 895
2102 1905
80 509
1494 942
2075 102
1277 2256
481 1893
878 279
1434 660
981 1708
754 1714
4 356
1723 2571
191 849
2293 208
179 265
2196 2659
543 146
1627 1391
1601 2934
1536 97
2248 2543
606 256
444 1823
479 2438
2244 752
914 2916
1257 2793
568 2247
1783 222
1604 1082
787 1972
2449 2427
1048 1178
405 1158
507 2856
1558 2039
1993 2193
90 1513
899 2544
2453 894
1802 1529
15 13
126 49
778 2920
1100 102
1676 1052
218 1152
864 1507
1766 999
939 45
2211 2519
172 917
3 26
578 2894
2399 2501
1191 139
1237 2006
109 2166
1733 1876
1101 1445
469 645
688 2526
2225 2080
750 2375
554 1587
1480 1249
2404 2653
1943 2756
1894 1180
242 1349
1500 2496
247 541
644 2163
2249 2305
775 1330
62 2802
1675 2706
206 2557
2322 158
627 2550
2221 103
267 1107
979 1825
2374 662
1712 2258
2303 588
1801 2728
1180 2103
1036 239
74 1693
2189 2276
2218 151
151 903
2161 1623
1859 2543
1323 2920
1271 2212
2027 2197
2205 894
257 2327
603 1597
1905 773
557 2162
1258 1840
170 845
72 1221
227 1933
1347 1052
541 2501
89 2565
357 1108
1262 2366
1149 2578
1851 1639
1968 392
2170 1300
1509 761
1669 645
1861 2031
2305 762
891 2690
166 514
1876 259
296 2403
76 2455
2105 2266
2383 2465
2418 1810
423 1951
460 1005
1186 2379
614 2917
1373 1492
2380 2072
488 292
1056 1351
54 61
546 2670
1595 783
1777 866
1835 107
1847 83
1979 1099
475 790
909 1428
2427 1318
361 2501
1574 2600
1524 2290
1009 2672
49 1212
911 2290
889 2422
1757 1052
143 1659
1233 1997
1344 2247
710 1714
443 1531
343 1421
1039 701
440 1934
2424 2640
792 119
1012 1754
1928 673
203 150
1951 1714
1394 1754
2307 66
919 921
2005 779
2025 628
717 1888
795 2550
1354 2313
1214 1122
1553 2920
164 2938
1944 1990
1678 494
2072 2792
1136 1238
450 835
2086 1182
1369 726
1137 743
785 2464
1378 1488
47 1775
1251 2082
588 1327
616 1594
1496 13
2253 2445
830 2904
613 785
1037 1898
2390 1888
815 2555
517 752
1545 1024
1311 1086
579 437
1670 2629
2446 2812
1825 2485
1388 112
324 1161
2157 952
624 2465
2003 1259
1608 2915
1091 2788
2394 1969
2165 1363
1854 2037
601 1100
1517 1189
1190 2604
20 401
5 2895
600 74
285 2822
2078 646
2177 2312
22 49
2306 2516
376 240
1404 1240
1452 1238
959 1782
1561 187
962 2377
1302 2305
1775 462
171 2224
168 155
2041 1214
2016 428
2085 2934
1336 2766
2024 1719
2022 1292
1838 412
2215 2623
1918 2232
136 2840
1691 2327
1607 1719
993 714
6 2946
2417 2749
2166 2544
253 2799
1726 1631
2040 1376
826 1805
1906 883
1930 638
1426 2231
415 2749
433 2439
1871 636
239 1349
2361 2930
1759 979
2173 2781
2262 2545
317 1794
2185 196
1964 1020
1761 2216
1970 2434
2332 343
1215 1168
1834 2288
1125 1192
784 2841
2229 290
2055 1719
1826 1886
1911 2556
1412 1439
1107 2828
1673 575
1885 2248
1621 2216
2373 2251
902 391
1535 1305
2434 868
1790 1863
328 1349
1355 2434
767 50
1094 1056
840 371
566 1826
498 13
672 1075
1739 1775
374 2166
409 2248
1346 2891
1293 196
2438 636
1268 1011
958 847
1405 2240
2136 644
596 1253
1343 809
146 845
1475 1902
531 1259
490 1086
1093 2828
2162 1008
2090 1371
1522 2812
790 2846
2423 1116
867 755
1624 1446
972 238
2127 2704
760 1944
144 773
1611 1158
2366 677
1753 2158
570 166
580 1350
825 2236
1254 1612
411 2474
1063 1827
1872 2278
188 1374
99 1694
2297 2656
1741 1070
1040 614
1232 731
186 2158
1513 2167
545 75
1765 1961
2330 304
1429 2181
1364 196
1499 2278
