0003.jpg 0007.jpg
640 1074
948 696
592 435
664 1074
1327 435
2516 1222
1467 1876
539 413
2702 2584
1343 540
461 507
2338 2099
1504 1876
819 1830
340 187
2309 2317
2363 2744
609 533
598 572
716 608
2235 905
1687 692
1280 540
33 22
344 376
1016 925
1843 1788
1997 2605
1431 1016
2730 2436
187 134
810 808
45 22
355 269
24 78
1107 433
1468 404
817 228
576 565
1162 1277
1353 404
634 1117
1949 608
82 778
188 1022
1846 1907
2131 889
1115 905
1815 778
900 572
2139 2608
2627 1830
714 1132
673 767
2411 1407
1978 1788
1705 1252
35 22
2523 2099
326 170
2628 1715
987 1037
404 337
655 778
1114 507
311 318
1773 1104
13 28
1010 828
1734 2142
1266 284
739 1177
944 1085
834 882
1346 1465
1092 2209
202 215
1497 2241
1026 1138
919 1198
2325 2695
2585 1037
269 234
1293 1684
2390 431
884 1059
2289 2342
2415 1283
2186 2637
2380 1966
1063 1346
639 451
2379 998
1876 2175
941 1085
1824 2196
1869 2099
2600 170
1415 899
1256 1684
1096 667
2566 1413
1244 1061
718 336
1356 2831
1727 1761
1368 533
2095 2273
1048 1384
2545 1614
1044 1384
2446 831
1822 1498
913 1904
590 1319
2017 2342
1625 1550
840 565
1352 2253
2385 1137
927 460
1500 1038
450 808
2489 2392
1724 2874
2634 1009
1962 1447
637 284
1033 811
2582 1503
1653 1473
2213 2033
313 291
1664 2209
2421 2179
2106 1647
1935 1766
691 562
556 597
258 1171
1003 1200
1470 2279
2577 1715
1862 2926
1549 2327
2047 2635
499 721
2581 1198
2698 2191
722 2133
314 1560
1064 464
312 568
616 2301
2712 1595
881 2692
131 129
1576 2099
733 2507
1674 1124
2697 1503
519 808
2655 940
1821 1197
17 56
947 1532
745 2099
257 2810
2488 1080
184 129
1923 940
1479 2147
1015 831
204 985
1551 1045
701 203
2688 1687
2644 2785
1756 1165
1707 1822
1930 2584
593 767
98 163
339 291
2403 929
1077 291
2069 998
2109 1669
363 51
2455 1966
1387 186
995 544
681 515
2658 1366
706 284
1248 1061
1228 1979
513 633
2743 2831
1845 2611
613 350
455 469
2381 404
32 38
2179 1837
129 129
2149 2584
37 28
2409 2448
2678 1866
2482 2273
2550 1503
15 28
2134 1473
351 791
2259 2341
1710 1818
2230 2539
2165 2383
529 2000
61 2142
2029 2209
2028 653
1861 972
364 2120
1401 1964
1378 454
1533 2099
1289 1963
1347 1402
531 940
1743 1200
2010 1890
1976 1475
1584 1963
1704 1396
727 2314
1340 1503
2306 2611
1629 136
2441 1258
925 2241
1709 1447
41 42
2023 1503
393 1179
1559 1897
289 2810
1998 1550
550 721
1586 2490
2140 940
2271 592
21 66
994 1200
362 849
1695 1923
2597 2147
309 2301
38 38
1241 709
1039 1171
1180 442
1970 1137
1880 2225
1568 984
1948 1503
2321 1353
2115 2536
1155 1979
1702 2627
1052 1979
1419 2468
334 183
2014 2658
538 562
922 1028
1560 333
1683 592
22 1177
2100 2383
2663 2142
507 985
1792 998
2256 1200
1321 1979
1099 1655
1344 841
2429 2831
963 1963
1699 2391
755 136
1328 998
2319 2885
397 2787
974 2505
1810 442
2554 318
2662 653
501 284
724 556
318 716
160 841
2127 1413
341 197
709 1366
1465 780
19 78
1573 974
2437 1715
889 1099
1252 358
1320 1964
424 354
1609 1705
924 2831
603 2114
58 58
247 569
1868 2445
756 1025
308 128
1595 1204
111 615
2584 2371
1424 2147
770 1380
435 499
581 992
433 333
1647 2490
650 562
2078 473
1956 707
74 67
399 657
2249 133
981 704
428 333
2391 2296
1375 1503
635 1319
2045 2011
2314 264
237 463
1319 2468
420 354
523 479
1211 313
858 782
1054 2936
1657 1064
368 2019
1258 1917
1690 257
546 499
577 535
1996 170
2072 207
2686 2943
1243 300
675 1662
549 1061
1564 1009
491 2933
2021 694
1161 2834
1435 1003
1126 291
1536 1366
197 2314
1796 1514
430 2832
2044 207
2347 2468
2436 556
1072 1908
2326 1124
986 314
272 1024
23 30
28 18
2428 2509
2525 1906
2283 1264
875 128
1509 2492
1708 77
2032 533
18 431
1912 1165
796 594
92 89
147 2202
1334 1936
2512 2120
1426 874
2588 1790
849 567
459 203
1233 2903
728 1291
2120 874
277 1022
2174 992
1700 2147
1754 1628
1613 1097
440 705
2137 1650
1141 1891
1221 1171
1887 2009
867 1291
2208 1283
723 2942
1744 2000
1780 716
1656 2511
2665 2204
148 2941
866 760
1715 1064
332 483
2416 1496
2262 2445
2094 716
1769 2009
1561 841
1987 2236
2556 318
569 308
645 473
1441 1064
1865 1804
1177 983
1542 2866
205 1453
1782 1868
286 1820
2722 2206
2395 2074
1918 1302
1981 1969
2114 2718
165 2383
50 1291
2153 1558
2652 271
2749 1503
725 1790
1354 229
1692 1767
672 795
602 2692
470 597
2024 556
1278 2834
2334 569
416 2492
1134 2444
1060 1092
1046 2741
765 336
1325 1032
1837 774
2117 2953
479 2301
1728 1963
209 2310
1190 947
1950 2341
1381 251
2505 269
2387 1022
1655 2538
1119 2214
1580 128
2361 2943
1135 1702
582 995
1487 1964
920 1179
1983 1141
408 2764
979 1297
1854 129
1628 1170
2128 889
2532 2929
520 2391
154 88
443 296
1493 2695
1544 1198
1456 2611
618 1064
96 2784
702 877
525 453
2327 1137
2410 1067
481 2764
2001 2465
1508 1753
1975 2314
214 1061
213 65
933 427
2203 1097
788 2480
1299 186
950 2120
1408 2589
674 594
1829 1334
2190 318
335 462
1306 2445
784 1662
1113 1006
2200 2635
434 687
816 170
2443 1440
1205 1908
1477 433
1672 2480
2196 1872
2371 462
526 2439
1434 807
1100 2062
1552 253
1668 1964
2236 2372
2650 1284
936 1875
1082 2647
235 193
2439 1265
2233 2341
715 1496
737 275
848 367
1886 2500
366 462
1600 780
1373 2120
942 788
453 2301
559 1979
1638 2845
253 808
1071 2596
2074 442
1517 2570
890 2495
2394 1097
699 2359
996 1905
571 1101
1110 1979
966 1658
905 1240
1308 45
2679 1152
243 340
1636 478
1920 1264
2288 821
1438 2020
1234 984
1860 296
763 686
2202 2120
150 2117
203 1560
522 1908
59 51
2126 1969
1136 578
2274 1862
791 760
180 463
1316 1590
2615 1388
2407 1387
1581 1327
1788 2708
1685 2445
2022 2675
390 378
1917 1249
68 33
1121 1022
1492 1852
2345 2120
2302 2943
85 1311
2012 1128
1209 317
1480 672
447 69
1809 2607
2110 2465
70 646
480 479
1264 1037
2522 2751
2735 2120
1602 1920
2359 2570
1259 1350
1070 2114
928 1448
254 1022
575 1923
1247 533
1963 601
1883 228
2593 1283
2033 712
766 1634
746 2499
985 1770
2713 1788
2038 880
2504 2695
831 2192
2201 2273
402 203
1735 2462
2058 253
234 442
1019 2350
2241 592
40 1964
1538 2313
2364 617
1292 1762
144 480
863 2584
1120 1009
1565 203
2719 579
156 2749
1820 2314
193 129
2404 1852
1215 1169
1184 2843
904 2359
711 405
1562 1525
2596 2163
1226 2262
761 2856
1752 1760
137 615
2011 898
838 1634
2453 1895
2335 1334
2303 428
1913 1766
1444 2831
814 336
2536 1759
1469 2782
2726 2235
1597 16
1522 394
302 1767
2063 261
1927 2730
767 1258
757 2831
2192 1661
1073 1088
2156 1920
2019 2635
960 1761
2752 2336
55 1522
1818 1609
1617 1097
1490 2359
578 1223
361 2120
2177 2718
385 203
504 1163
2475 323
661 866
1737 2314
861 342
2548 1527
1013 1657
939 323
291 672
1729 1865
1123 579
544 1032
2400 1244
1960 2669
2105 1878
1011 1421
2263 849
1882 1853
283 998
1736 428
1206 1416
282 2713
1616 2154
953 1368
1269 1591
626 2325
2050 1462
67 1264
2414 1814
1937 659
583 2020
622 2179
630 473
1787 2843
854 900
290 1862
1901 2353
876 601
798 2602
781 975
782 2628
1004 1591
823 1908
2507 1641
1001 2885
1168 2942
1925 2359
732 468
360 1976
2037 1800
2217 2383
1430 1760
1227 1092
2619 923
1314 2220
729 2179
548 856
316 1823
1038 473
1513 2341
1909 971
1944 1287
1554 664
2039 804
1074 1761
1133 2777
808 533
2601 2552
566 578
1828 1951
1109 2713
972 2262
1808 2279
1817 2760
100 79
2568 1264
658 788
1545 1067
1969 688
89 2914
1583 468
1116 136
249 2754
552 236
1835 1951
2485 2431
2420 2341
621 2644
1271 2511
2270 2289
2036 1176
2002 2244
957 427
2101 308
1706 1213
1499 2301
1698 2206
2717 1850
679 494
2018 2359
1128 672
2042 2253
587 2392
1075 1588
1669 684
1540 1351
1957 494
417 191
349 1976
1839 268
1002 1177
2616 308
1850 716
1954 970
2171 2834
1833 442
2561 1753
1191 966
357 966
1739 1248
591 2929
1267 2500
2438 2725
1014 2013
992 175
2579 1047
747 750
1080 1761
1755 2451
1988 2062
398 462
2118 2635
1802 1567
1777 2225
233 114
2473 1702
1284 1543
1670 1377
57 2436
2519 1804
1703 1127
1530 2390
1535 597
668 2253
783 923
284 264
1952 2515
836 45
324 2087
2184 1990
260 2314
1872 2824
1566 2796
2215 207
1288 1032
273 340
155 826
2602 2223
185 1641
9 1936
77 2052
2725 831
1641 1955
217 1799
2396 2142
1804 670
65 646
2517 116
2742 2872
2461 2136
1366 1064
1196 197
561 2391
1460 421
567 2785
1112 1823
2085 399
563 1710
2102 1384
1799 2314
1881 1823
1197 2357
241 1823
636 2179
2626 1003
2720 2658
1268 1327
93 300
916 788
1274 2314
1812 889
1349 556
276 193
2161 1747
2657 2748
2273 2783
1432 1240
1023 2695
1154 2505
2476 2715
2210 2220
1207 1665
78 1097
8 1784
2046 1697
225 2749
2353 2495
604 1790
1495 2359
1719 1031
94 1064
1104 2880
574 1077
1355 1030
421 2244
2433 1342
954 788
2223 1297
1446 1192
2267 1060
2005 1305
2468 2713
1283 2585
2151 1322
686 236
907 889
211 1964
535 191
464 780
119 203
2589 754
1794 2392
485 2784
753 1870
1823 2874
1601 1819
1157 289
1723 2953
112 2785
1012 236
726 1024
2369 1512
2610 2113
2497 2659
2067 938
1643 1368
811 203
743 860
1326 1979
1305 2611
1785 1580
1208 289
1907 1487
2332 2051
1203 269
970 208
1505 2226
1899 333
2393 464
136 826
1318 2490
1995 2635
1489 938
521 616
1658 384
1751 2868
2055 2223
2098 1291
297 1823
2305 581
1515 1760
1172 1941
378 253
2219 186
1152 2588
2119 2041
198 1366
883 302
1885 2439
1229 1124
2637 2653
2672 780
2419 2878
721 877
2547 1823
1733 1351
329 578
833 780
1131 2020
1322 1171
1791 1761
844 1955
1894 2635
1148 2856
2747 1644
750 1064
2147 1348
615 318
1697 2522
505 1060
47 1311
431 1997
653 2486
923 1870
1360 2706
496 1045
759 2704
1512 980
1111 2490
2280 442
466 1045
2463 460
562 1908
143 2473
1224 456
1442 1440
1863 2801
307 1367
43 78
1742 1440
1414 538
1436 1823
614 529
376 317
1849 186
1842 1794
1965 931
350 1476
242 416
2070 2418
682 318
1338 2319
891 522
857 1416
1726 2307
1771 2036
1362 1946
1397 508
1571 1715
135 876
1831 1185
2073 2830
2157 1477
1024 2148
116 2273
2659 2359
1423 2878
1654 581
956 2611
2751 2547
104 72
139 193
830 2936
1125 1543
389 239
2729 1979
940 1084
2449 2147
1813 2120
692 1872
377 297
80 114
2401 1715
1151 2500
1324 607
2312 2765
2510 992
1127 2527
2591 234
292 1979
705 1634
617 423
2112 854
2540 2257
1273 2353
651 1267
1758 1841
2520 1588
1610 2253
952 798
406 1994
342 1064
371 1072
1061 1549
54 115
775 701
1506 2845
2576 974
2176 2391
224 104
1652 207
2121 1622
391 499
2552 115
2703 242
488 1908
2295 272
659 1798
943 2049
1454 2824
2143 729
804 45
1200 1633
2166 1800
633 2725
1210 33
73 2780
779 2120
2162 1702
2344 2647
7 5
2631 2314
2183 473
2704 2235
2707 128
707 487
713 1707
1760 2952
1021 89
280 2147
1819 1963
1475 1543
396 2437
2097 1955
2071 2026
605 764
910 1348
2282 236
2586 1990
1124 1667
2518 1240
1440 2901
227 340
315 2325
1402 2445
1563 333
1089 1080
777 1268
88 148
1768 1907
375 553
1867 2536
2222 295
2229 2299
1260 468
688 146
444 453
12 1784
1767 1424
2150 473
478 1556
2397 2735
218 701
882 798
256 522
2125 1702
266 1525
2656 273
1300 2843
627 1077
2674 2346
710 1476
1528 1260
2164 2659
2639 17
805 1766
731 2668
1797 2708
871 280
1992 1918
1789 1487
1143 330
301 1348
1665 2639
553 2316
1156 2500
1069 2331
1251 1261
1503 578
174 649
610 1275
1341 1715
665 2377
1471 354
108 193
1472 280
853 761
1979 933
2003 1918
1631 1398
1889 2500
2587 780
1856 597
1427 1543
163 580
1651 529
2004 1881
1008 2314
820 528
1717 1473
42 773
1277 2809
1786 1123
52 1291
1691 1043
896 1581
2253 698
2539 855
629 2690
1982 716
703 1388
517 1800
988 1448
1032 1442
2667 975
586 2644
537 1866
809 2633
2435 900
2551 1702
2424 1644
762 202
190 816
2372 889
1848 1522
1081 804
1896 2915
2211 782
2093 1675
2734 729
2474 581
1281 1919
1567 2489
772 1446
1598 1137
327 1715
2578 2466
1680 1794
87 1221
1225 788
748 1556
1017 2314
812 832
736 877
802 2698
1214 2331
1639 970
806 2120
545 2214
606 1870
166 2803
2599 2506
2432 780
2537 2695
934 403
2187 2455
2654 1934
999 203
1635 2723
2152 1891
824 2758
800 1424
2133 1372
2648 1855
1627 1027
2668 1627
1781 1936
2275 580
1681 2454
827 2458
2696 2652
2052 1561
1614 2473
338 1103
717 2437
1590 1135
1103 1747
1309 2041
2718 2635
2633 1924
189 2314
1746 2695
1677 207
909 653
2724 977
1457 1064
1578 1319
2689 295
2559 1881
2464 1760
579 557
1574 442
158 98
1686 1825
2031 1825
2598 785
2426 203
25 41
2558 769
1193 236
90 1897
2000 1681
712 1770
2635 1936
34 1438
993 148
1307 2381
1331 2914
1599 1473
1893 2647
1350 2585
1095 271
182 59
828 1893
2499 2917
359 2932
2099 642
2026 1003
611 1543
2693 2181
2242 1376
1519 2052
118 1072
929 326
1025 1767
403 1348
2560 1047
564 2718
172 841
955 864
1182 2696
2651 1843
1473 330
2629 1872
789 1267
1425 379
1898 1246
1546 1235
764 1979
1108 2147
497 236
2049 2834
2695 2364
1175 780
1231 462
859 2604
220 1539
493 317
570 1972
2632 983
2194 1983
572 399
1418 1135
1118 2250
608 2674
2494 399
1589 2604
1348 1371
1938 2658
1020 473
2373 2359
1393 373
448 473
1591 2725
914 367
1137 100
1537 2764
878 696
1474 2085
317 640
354 1739
49 875
744 100
2245 2155
774 2313
457 2763
1237 607
1904 2604
1055 1366
1403 2942
1286 1868
2681 1496
738 839
1450 2365
2103 579
1959 1881
1875 1348
2278 1658
1989 578
2239 1918
708 2627
1662 202
1870 581
2315 1179
422 793
786 2120
2392 2915
1029 546
2237 1421
1897 2431
1382 2377
906 1833
874 720
1313 2733
1866 2929
684 2466
1358 1657
631 2904
2261 1503
2129 776
2343 1508
888 1532
690 2765
1644 2303
2377 1198
1420 354
1388 2440
2173 1726
1279 2437
656 1798
898 657
2417 1708
2294 1487
697 2885
1181 1767
71 28
2691 116
850 1298
63 842
181 2359
1332 2912
2205 936
1078 889
2365 677
1040 966
2617 2730
818 1509
1058 2154
1630 1733
199 780
968 2191
1615 2304
1390 33
2080 2518
2228 2647
930 2370
1622 2204
1443 2932
1257 2495
1400 271
1027 89
2096 2431
1738 1202
2352 1969
1759 530
803 617
1621 631
1459 1924
1169 2501
1933 236
1093 2331
125 70
1806 133
1765 2223
2181 2659
2528 1708
1270 2224
2264 1453
937 2220
2243 1305
2293 1046
669 1834
1461 1416
123 2622
1439 983
2447 2953
200 2310
2054 1018
2041 933
1122 1644
1294 884
2148 565
2341 1663
2368 2414
1928 1067
495 2142
984 223
2496 1375
1624 1865
1140 1428
2116 1561
946 764
456 959
117 652
1594 1715
742 1277
2145 2296
2092 2305
1217 2364
1059 885
2107 2352
1165 2195
1394 115
1192 804
769 866
1085 40
778 878
2272 2953
1805 2635
1931 1714
2526 2834
694 1979
1379 2377
801 567
2317 2539
2669 2874
487 991
382 2658
141 271
821 8
780 2478
870 1623
2061 1348
980 1193
918 428
2469 2472
1117 2224
792 2141
2491 2377
1634 2156
2339 338
1696 681
2620 1072
439 1882
210 1453
489 1463
325 272
1391 1901
815 2708
1041 900
2113 1789
2378 1850
543 2171
1527 1240
251 2887
671 1708
2135 1882
1084 2626
511 2584
415 1177
191 2503
842 2932
1604 1099
295 236
1582 1794
2580 2882
1245 1863
967 264
1022 1303
392 1603
1455 2287
1967 2179
1684 1474
1422 1043
2709 2463
288 1623
754 483
1364 1684
381 927
2160 2572
2603 2558
1138 2648
1682 1951
2172 804
2020 307
2287 2198
477 288
1302 2487
2376 1893
1447 2285
1711 2431
274 2261
554 2465
2509 1045
625 2943
623 701
1878 1872
1007 2690
2557 1300
1660 128
1173 947
1218 1485
908 2844
2614 1863
2705 2178
1202 578
1000 2574
1676 2372
1144 1286
1632 42
1830 1453
463 1258
2311 1936
1303 2359
2546 2778
1496 282
1936 384
2533 2566
1716 65
201 2578
1417 2250
2238 671
2342 1101
115 474
2027 2552
2265 1941
6 14
2159 2240
268 1009
2511 1992
680 2440
486 2120
1194 163
306 1623
776 1394
1102 1603
1725 1936
982 271
1091 2093
228 2464
2291 168
1587 478
336 1348
1336 2518
1953 1348
1383 2501
2471 2093
192 314
1884 2171
1451 384
432 266
206 2902
2006 2431
869 771
990 2458
2661 2652
2412 2929
619 2305
298 1258
2739 2585
1667 1714
475 1621
685 1005
2529 1043
687 716
2754 1492
452 2326
2481 2727
62 964
2495 2725
2383 2864
483 288
785 1881
1371 354
1919 271
1916 29
893 1236
1994 1940
2647 2953
516 2465
1844 1860
2292 2224
847 2622
101 652
558 1560
1701 1507
2694 1157
2422 2810
749 1139
146 253
1198 226
126 133
1005 900
2348 1969
2564 668
997 2506
2483 1628
1548 1083
333 1157
2300 2181
1239 45
1166 1448
1645 2179
825 1373
1067 98
536 143
183 1732
1972 2765
975 2484
1163 309
1066 1715
469 2004
1176 1373
700 2216
1486 2401
2567 1362
474 2943
2086 2943
1405 2041
1453 1373
2083 40
176 63
2281 2801
837 2904
1056 837
643 864
2298 2953
646 703
2034 2841
2500 1881
877 2126
2737 2622
1713 1348
2458 486
409 1022
69 617
246 1150
212 269
1908 2396
510 202
696 1240
1261 234
2692 2691
1404 1699
1834 1666
1421 704
1877 1258
467 401
1498 2404
2065 2850
1840 2370
454 931
2366 2841
46 773
2609 1240
1374 2238
1429 2126
86 59
2141 1381
2389 2882
958 1448
1859 2287
2346 2197
2330 274
238 1936
2700 759
1640 1786
1852 1714
178 722
1006 1483
2374 1389
868 2359
36 441
2741 1610
2279 1783
1642 2349
589 788
2301 2499
1623 2305
530 2639
1342 2708
2454 346
542 239
885 556
1524 114
369 494
1712 162
1037 1767
1153 65
2336 1905
845 975
2351 2120
1888 670
2457 2748
1905 1972
27 3
167 2031
657 2914
229 2206
1529 2156
133 359
1673 1374
2310 308
343 1022
1555 2854
1911 1482
1891 2757
2492 366
1961 2642
1926 2704
2248 2472
2699 543
2683 931
330 785
983 842
1730 1920
265 1976
1811 1804
1361 2693
795 2287
48 49
2413 2006
2465 1239
1637 2020
1219 1348
122 1667
1857 2816
473 1158
1816 317
1083 231
620 994
1186 2943
600 524
1853 777
1250 2375
1943 1886
2240 2737
1966 650
2542 223
793 499
95 91
1411 2651
1174 202
1779 761
44 1439
2660 1130
2197 2653
2244 1305
2082 2572
2728 187
1572 340
969 2080
1030 478
374 1064
895 646
2641 835
1363 2723
159 2506
2625 2414
11 415
1748 1351
1009 1185
1028 2427
2154 380
2622 1066
1086 1661
2214 2472
1807 1559
1745 304
1939 2728
1761 83
2198 226
807 1237
244 2045
215 2644
835 1492
2645 2367
773 1898
1770 1873
1851 2307
2384 1714
1569 2503
1855 833
1790 1936
1367 2932
248 2027
1895 636
632 709
121 102
1272 2425
419 259
2087 136
1483 1881
1098 426
2501 1682
320 202
1481 1285
654 1438
971 2453
512 1075
2091 561
1547 1285
1139 231
1775 1588
1097 76
2331 2694
2498 1398
897 460
1223 907
1740 2943
855 2399
2701 2572
1915 1487
1312 678
230 1542
524 2045
862 2353
145 1172
1541 124
372 1348
624 1996
171 117
1372 2693
2590 2732
2226 2093
2524 2287
1150 578
2708 153
1900 2286
666 2668
2521 2042
412 2237
99 156
2630 1047
2246 2466
261 15
494 1139
186 1453
790 2583
2277 384
232 1908
1301 1881
322 1573
1254 2590
323 2578
2136 855
1101 1908
66 702
508 337
1689 2179
1903 2728
1145 722
2466 36
106 2345
30 433
1592 2195
1606 2193
2138 2878
2040 2651
1351 2466
973 731
194 2708
2030 291
528 1598
2356 2325
1222 1492
1611 1061
547 1684
153 45
239 2464
1031 1348
2727 105
1974 529
839 975
1514 583
2308 2283
293 2916
2170 2850
2207 310
1747 2785
2710 2305
2199 376
1437 300
1516 2359
1532 2383
1458 297
2090 607
2541 2126
851 1983
2680 1684
2358 102
103 156
386 798
1526 1657
1557 2910
1836 2421
892 2778
2745 2894
1575 2486
2478 2553
2690 2666
873 992
1146 426
704 2084
2452 1750
1370 1430
734 2501
358 1934
39 2690
1317 2583
1158 945
2386 1435
245 2119
407 349
252 63
319 1243
1607 2585
113 1170
1553 1158
2088 2449
1731 1007
97 1823
628 349
2168 1599
1170 1230
518 2390
2477 469
1452 1577
348 1946
2755 2539
1999 1303
585 2478
278 1598
1088 800
275 1767
822 1840
2543 1245
2733 1529
1482 2578
1187 569
1577 2843
446 1473
1232 895
1047 2710
2056 2641
2490 2501
1793 2690
932 521
1106 1419
1238 1736
2562 399
413 1934
1398 2626
2530 2848
2079 42
1832 2911
1626 1099
1049 1362
1666 2266
2638 1530
799 781
2723 633
961 1542
353 1761
1501 1599
151 68
331 2946
1377 1691
2142 2353
482 2843
2180 2390
1345 1549
1603 686
1036 2738
514 2155
2268 261
270 1009
2357 2678
263 193
370 2281
1523 441
352 2195
1042 2390
267 2708
462 2640
771 2331
1693 1936
1068 1321
560 208
2132 614
2711 2601
1608 1785
2252 2572
1892 1377
300 1872
168 191
1955 2887
2405 2456
2048 2760
4 14
1310 1457
2053 2487
903 2803
418 2827
647 2943
1130 2258
557 1524
2623 2618
2434 698
864 305
693 2464
1491 192
977 2875
2467 1621
1990 969
492 1676
2569 82
2084 603
321 1571
989 586
856 2231
2677 2914
476 2341
1199 1350
387 441
2209 1576
1433 1657
414 1714
164 842
271 28
1043 1138
1596 2019
1051 2416
1376 441
720 2622
2307 971
2221 222
1633 1199
1484 2907
2329 441
2304 964
2399 871
1249 2193
2493 2792
1534 1936
2206 2953
1464 2857
1057 1766
751 2932
978 2093
1339 578
865 292
2535 2312
2549 1424
829 305
379 1708
449 1506
1298 629
860 1005
2015 2193
965 2552
127 920
2613 1180
1722 2354
1147 1350
2595 636
2592 1992
138 2006
1924 636
2182 931
2323 1060
1296 331
1946 2932
1171 2601
2445 908
2687 153
2195 181
236 706
998 1428
1661 304
596 883
2077 1921
813 2666
1297 2578
565 1498
1772 903
2406 1691
51 1714
2605 2553
75 2553
1929 1288
259 1997
1179 1643
1593 2668
894 2399
1253 1636
5 13
509 2140
1235 1951
1265 107
2666 2216
1230 1951
1357 2943
1932 2305
2685 1557
1409 2930
2340 673
2169 12
1902 2915
2328 1064
1018 2179
2506 2390
120 1996
2574 1724
594 1918
2565 2466
1395 2682
436 992
222 174
638 1235
81 2248
1183 1737
1263 2287
667 1881
926 2416
2673 1130
128 55
1445 2399
231 969
1694 2656
1977 2307
383 196
1090 1099
2459 946
2444 1882
1558 2578
2731 2483
105 49
1890 890
1285 1601
2427 2256
2744 2525
1871 1690
642 2833
2653 2740
2167 2878
741 386
648 1341
1478 2680
663 317
832 1099
1034 1761
1035 220
1649 1083
2388 2311
2423 1719
503 126
1329 2021
1841 2256
2621 1623
451 2006
2563 45
2732 2792
1612 53
2753 2093
1521 1547
1801 100
132 264
1741 385
1185 1477
1132 1457
1365 151
912 2518
902 2012
2721 1261
1803 1398
2402 767
208 1806
1160 1168
1784 438
2440 42
949 33
1579 2897
794 620
1827 1380
1945 2830
500 1161
1873 1507
1105 2185
384 1374
356 2318
471 1708
1189 143
1315 799
427 117
2258 361
1323 2691
758 1615
951 462
555 923
506 2578
2640 124
568 1934
2604 2287
223 1345
1062 439
1188 2917
2185 1893
730 911
962 1996
911 2440
2448 1311
1650 2509
1675 1305
2362 2743
852 1898
787 2206
826 1936
1732 100
584 867
460 2622
226 439
901 521
1291 1263
1129 2287
2108 2166
1159 2409
1531 2341
1858 2145
2189 804
2486 1691
169 514
299 2796
2740 766
287 1798
2367 2009
2715 2620
1 26
130 2240
2515 2647
917 2353
846 1197
388 2377
2480 849
411 2198
1304 443
601 2045
2349 2071
79 36
1980 2653
2470 547
607 291
1783 2678
1337 995
2163 2622
2284 569
843 2368
1510 151
2594 147
2430 1190
1525 1797
1753 1464
345 2334
2016 1918
410 151
2571 1549
465 2884
2538 295
991 2009
2360 1081
1874 430
1330 674
179 2184
1413 2039
1380 884
1412 617
1392 2622
1659 1609
2104 552
580 1918
134 2240
1507 2578
2212 1956
1971 698
588 2512
1679 773
2646 2792
64 131
719 1101
541 192
1502 270
1951 1302
695 2266
2313 2585
959 2464
2675 2723
102 2248
365 950
445 1708
152 751
498 1430
2531 2264
1940 2669
2144 1644
1910 1361
177 994
2442 2633
2649 2084
1847 2552
1964 2495
296 2207
887 1468
2487 2264
2025 2082
1958 860
760 1341
2736 1888
1065 2181
56 1239
2502 875
1212 2235
2570 407
423 2930
2318 2910
976 1924
1287 883
2398 2930
1050 387
2008 1380
1262 1028
373 1518
219 143
240 1182
1518 1561
1688 356
872 2249
2124 1593
938 2556
2216 1409
1922 2287
2664 2902
2375 1130
2355 2167
305 2434
2247 2149
1800 1789
2188 1325
1543 849
935 2930
2123 711
1396 2848
2583 2248
2297 2678
1947 295
2670 1954
170 2184
1985 189
2682 2509
2076 1113
1385 930
157 2616
16 1465
1718 1797
2066 2538
124 2166
107 642
2299 1080
400 1158
1220 2131
1968 1857
551 1172
1333 723
2618 2009
281 2439
1921 797
2060 1483
279 1186
2218 2840
490 757
2155 217
1053 399
1449 1724
367 2521
1798 1439
652 1392
1236 2404
2062 793
1671 2039
597 1951
1511 1561
1216 2739
2324 1078
1311 902
2636 2893
1275 942
2290 2720
2266 2262
735 2670
2225 740
2738 761
1494 2894
1428 1888
2706 1586
1941 1939
527 2119
1906 1439
114 2248
2175 438
2484 2917
662 181
1087 2454
1646 1152
515 731
676 1043
2642 1184
1463 2544
1620 1708
1384 1172
880 1936
84 1012
441 1885
310 2852
347 548
380 2197
532 2846
458 2217
2130 883
915 860
405 2699
0 45
2575 2915
1986 1482
2425 677
294 1930
109 2312
1539 2083
1605 1196
1570 2145
31 1832
660 2512
76 781
1678 2314
304 1675
612 1007
752 1168
921 2390
72 145
83 91
599 2224
670 1392
1149 45
395 2848
1721 2293
1556 1698
91 1983
573 2622
945 1039
1776 1099
437 2651
1295 2685
2320 2749
1973 2262
1993 2660
2333 2860
14 1465
26 1832
1648 2863
3 2496
207 1190
1762 1011
1618 1505
2750 2366
2608 1462
533 757
1201 2264
1826 2572
1663 2917
768 2583
429 262
2081 1113
1750 2248
1766 1766
442 5
740 1319
2607 1349
1290 1878
426 2360
1195 1561
2009 2859
2746 1535
346 2501
534 1456
2043 2080
221 2727
2534 2504
53 61
2572 1288
1585 1236
468 1325
472 1946
2227 2812
1407 2212
1778 2073
195 403
2611 1072
678 2177
1282 2240
2 2572
161 1775
1406 1110
2513 2544
1386 2920
2260 150
1466 1572
2671 42
2075 2684
1142 1375
2606 2471
931 2420
644 1563
484 2119
595 700
1764 2331
2684 1675
1213 2879
1984 2572
2035 1576
328 1457
1879 2305
2460 1194
2408 2543
2276 500
1550 2749
1399 1761
2748 762
2514 1612
262 2848
683 1430
2450 2640
1720 1701
438 262
2254 2262
2527 2266
2462 2886
401 2727
255 2464
2503 740
175 68
2146 2409
1164 2248
2676 2177
2479 2479
2007 124
1076 2058
2643 1626
886 1319
2382 2592
2544 2812
2431 624
394 120
2059 2417
1774 736
425 1262
1462 2512
149 1901
2370 642
1520 2158
2472 2720
502 1296
1079 2544
250 2550
60 2248
2624 1918
1369 1158
1416 1806
1757 2664
2111 875
641 1445
337 380
2350 1720
1942 1043
2451 2323
1763 220
2193 2039
2269 656
1485 1547
110 2227
2354 1594
2068 2893
1204 2737
2158 2398
2285 102
1276 1168
1825 1113
1914 2084
1335 644
1588 2158
1094 90
2057 1103
216 1190
1714 1735
1167 2248
140 792
10 13
879 2705
2234 2811
1488 2612
2231 2792
2191 979
964 545
2418 990
2508 618
2714 2479
1864 541
1795 2615
2612 2126
2257 2440
264 2848
2122 192
196 2674
2224 1756
29 25
285 2550
1448 2227
1178 220
1359 283
1410 2519
2322 1431
2204 1415
1389 2564
2553 1415
142 220
540 1073
2573 2131
2064 1505
2456 2158
1814 1909
2051 1474
1240 1196
677 303
2013 297
698 2562
2255 708
2089 1453
841 212
162 1468
303 1039
20 49
2316 1497
2296 2705
1838 1046
2555 2849
649 1047
2716 291
1045 514
1476 2375
899 1305
1749 2103
797 2498
1246 809
1619 2227
1255 1292
2337 553
2178 2108
689 1445
2286 2397
1242 2274
2251 469
2250 1713
2220 2481
1991 930
2232 909
1934 2720
173 1011
