0007.jpg 0009.jpg
2357 3664
2692 4350
1094 4081
22 72
926 2715
1117 2611
572 2338
1121 2916
1215 2916
1290 4081
1222 2425
2867 4548
533 2261
628 2703
50 185
764 4116
1595 2792
583 1334
1111 2916
1823 1876
1326 4116
1301 2916
1614 3994
1201 1898
1027 4081
1019 3581
1105 2916
814 1868
1355 2924
1769 2880
1017 2880
1042 4081
1001 3370
1055 2916
469 938
1119 2691
1266 4081
1386 4081
530 1334
1362 2694
1227 2916
1604 2916
794 1129
1164 2691
2942 4734
1269 4130
2270 3297
1795 2800
431 2812
1058 2902
1139 1393
1410 3146
1304 2916
1231 2916
433 1129
1640 3370
1835 2916
1099 2523
2147 3137
1109 4081
811 2123
1496 2705
1533 3581
2490 3566
787 3370
1473 2563
1683 4184
821 1743
1999 4391
1258 3136
31 28
2561 4676
960 2916
337 1022
1295 2916
1545 2902
2053 2691
597 1469
1120 3370
1750 2691
1408 4391
2836 4476
781 1822
2279 3560
2494 4492
2119 3792
874 2288
565 2792
564 2343
2845 3396
982 3396
954 2888
1523 3047
965 2792
1727 2587
2332 3232
1125 1906
1406 2505
1817 2888
1619 2916
2807 2691
2772 2691
439 1499
1209 3292
183 981
1654 2916
1010 2797
1551 2916
447 2343
383 981
1475 2916
1887 3850
1773 2705
77 337
1217 3146
1021 2594
1479 2924
1883 3994
2875 3658
1554 3370
1320 3160
2044 2691
1036 2981
888 1789
2744 4572
216 1382
1770 3655
2023 3850
1924 3624
610 841
783 2787
1652 3328
2689 4184
2852 4314
2310 2425
1265 4255
688 1552
1559 2720
1532 2021
2099 3612
2949 4676
1670 2654
557 1817
680 1868
659 1514
1470 3581
1132 4081
287 1695
1346 2916
2218 2691
1400 4081
2160 3013
2722 4435
2515 3699
2171 1948
306 641
1151 3770
913 1868
1526 2753
2314 4362
1080 2627
1989 2916
1279 3146
1913 3626
1095 2797
1313 2981
2508 4772
788 2569
36 39
1546 2916
2769 2916
1281 2916
696 2792
1159 2990
1537 2916
88 777
320 641
2105 3792
2621 4676
1923 4350
1302 3038
1190 1994
2690 4447
1148 3770
925 3415
879 3825
386 1648
1074 3237
1703 4255
2366 4012
2337 4161
929 1814
940 2565
978 3542
2596 1868
1729 4432
1963 3137
2265 3160
1848 3160
709 1906
1485 3062
2887 4314
1134 3177
1202 2797
2195 3962
1172 2704
972 3579
840 1931
2460 3370
1205 1868
1030 2690
1520 4130
1940 2863
608 1719
2538 3970
2138 3370
1091 4161
2136 3939
1575 2522
435 1129
1576 3051
2373 3928
834 1724
1040 1743
2774 4130
1808 3160
1276 4130
1226 4081
2237 4314
947 2516
1291 1948
2064 3300
18 8
1113 2773
1154 2916
5 0
313 1338
873 2014
666 2459
1267 2863
1243 2157
2447 4337
2605 4314
1862 4733
1503 3673
1414 2654
1509 2981
537 1344
2283 4706
2246 2587
584 2990
905 3919
715 1344
971 2594
662 1514
272 3646
605 1377
1588 3391
1289 3994
1407 3994
2463 3898
422 1817
1223 982
1814 3152
2702 2691
2235 4031
601 4686
2639 3555
1973 3560
1994 4503
919 2014
2833 4389
1910 3061
1796 3603
2848 3658
2078 2924
1635 2654
2835 4628
1624 4130
1455 2902
805 2014
2090 2587
284 2021
1967 2626
1966 4676
1396 3038
1969 2772
598 1817
129 839
1383 2499
1712 3173
2065 4241
99 395
554 1820
786 2255
2393 4645
452 2015
724 2797
456 2565
445 1817
963 2014
1849 4184
2922 4396
864 2255
2276 4020
2020 3484
491 2015
2933 3038
276 1067
1153 3414
549 2341
1877 3027
2 0
2649 3048
1009 2635
275 1338
2222 4513
1054 2205
1146 2014
495 1817
2079 3626
777 1789
977 2343
2089 2592
880 2036
1804 4775
2005 2916
1337 3957
876 2690
912 3998
1871 2902
631 1805
1582 2981
1898 3745
2059 2916
722 3825
1044 3414
1807 4116
1093 1873
2033 2091
1043 2315
1356 3770
2106 3002
1216 2158
2785 4315
1802 3071
1128 1426
1830 2425
351 2614
1705 4733
2691 3769
546 2217
559 1817
1983 4191
1592 2916
389 2217
1413 3061
955 2000
831 4041
2601 3319
632 1669
1253 2157
1016 2361
858 2097
2764 4010
400 2015
480 2425
737 2217
2663 4432
683 2102
986 3370
2468 2610
571 1739
438 1773
2234 3328
2120 2898
1907 4084
2679 2916
2484 3722
1502 3370
2582 4676
2273 2610
1981 3392
984 2283
84 337
712 1377
881 2097
1237 2628
2051 2981
804 1571
2205 3300
485 2015
504 1817
852 4041
966 1762
1702 4084
2584 3560
2698 4728
376 2611
1775 2686
488 2015
134 839
775 2217
446 1426
562 2990
1287 2843
428 2445
2342 4455
1380 2030
973 2614
974 1426
2821 4679
2187 4173
1943 3027
1385 4452
637 2046
996 2043
1319 1770
471 4308
202 2211
369 2504
574 2015
234 1095
2787 2049
398 2217
460 1489
627 1817
2450 4436
1740 3414
1293 3825
526 2459
2390 4013
17 5
6 4
1432 3903
1311 3206
2311 1743
2301 3319
987 3414
2210 3160
1842 3451
676 1817
2066 2916
2429 2891
2389 2760
2626 3273
1605 4494
286 2235
2665 3383
591 1820
368 2015
1264 1493
1034 1816
778 3600
609 2459
1104 3355
2441 2320
1347 2801
2853 3935
882 2342
1895 2610
589 1820
585 2459
2695 3560
2024 3451
934 2046
1585 3742
1147 2399
770 2102
741 1344
2155 3939
1800 4266
2635 4315
540 1344
555 1817
482 2015
2669 3699
187 739
2263 4116
1015 2014
1535 2948
296 641
89 317
675 2042
2354 2814
2016 2916
1127 3499
2384 4645
1246 1132
1230 4534
620 2217
2253 3919
875 2905
1668 3414
2013 4041
1809 3160
1310 3990
1163 1762
2324 4079
2182 3495
410 1648
556 1371
992 1703
1620 3414
39 59
1739 3211
642 1127
2770 4318
2765 3975
1552 2691
1850 3603
501 1817
2241 3660
2204 3505
695 1817
1061 4060
1244 3177
2179 2415
1606 3414
2015 3205
354 1197
2712 4476
1914 3382
1037 1703
2461 3545
1143 4457
1818 1409
2019 1703
568 1734
1062 2014
2831 3281
1767 1973
294 1149
2885 4351
970 2000
931 2539
2731 1590
1038 1873
1198 2800
980 2349
1256 2425
1286 2342
838 1622
596 2015
1618 3998
1622 2399
2738 3474
1219 3542
1784 14
745 1680
1249 2735
128 1207
956 3224
349 2015
816 2044
2369 3224
2906 2522
1514 3370
2297 3370
1169 2605
2334 2528
727 2857
1315 2242
1870 2245
951 1797
78 251
444 2015
1447 4444
661 1817
2153 4333
1816 3742
1124 2615
823 2273
19 529
1294 2222
2603 2565
728 1817
2214 1703
2211 3116
436 1669
153 382
1867 3370
1753 4315
2255 4318
1897 2075
1177 2033
1081 2593
648 2217
889 3882
2148 3626
170 4255
2608 3451
2454 3420
330 1154
508 996
1317 3615
1765 3210
2796 3197
2720 1219
1803 4337
2578 2213
483 2014
1519 3742
515 1969
1634 3034
2057 3560
1097 1493
2242 2605
765 4017
228 4017
1103 2146
2525 3722
317 1154
2822 2833
2418 3124
808 1371
2570 3530
1980 4284
716 4192
37 51
364 1149
2350 1814
2257 3476
512 2459
2478 3321
1928 3328
35 39
1167 3088
989 3742
268 1338
500 2175
310 739
28 529
1361 1624
560 1022
45 11
1819 4318
2285 3462
498 3871
595 2217
664 1805
2184 3053
365 1524
1486 2499
842 1557
1418 3742
729 2139
1880 3085
2435 3287
1593 3616
21 529
937 3742
791 3862
2611 4337
2031 3323
2062 4060
2926 4706
1905 3091
479 2043
1049 2898
2647 4031
1200 4041
12 529
692 3728
2473 4315
1949 3414
2709 3369
923 2051
11 529
1715 1714
2423 3324
752 2239
1820 4670
936 2091
1557 2948
1404 3742
1029 3998
1024 3800
1876 4752
2708 1219
2929 3050
2039 2489
1440 4189
1661 4010
751 2605
318 1685
717 2046
2202 1876
663 2346
948 1797
829 3414
2431 4198
2700 4432
782 3862
2133 4450
2135 4542
1077 2392
941 2652
1353 3811
2402 4255
1137 3560
1066 966
2760 3939
453 1371
849 1401
1155 1824
1681 4717
2002 4196
2367 3900
522 3862
2225 4457
454 996
2847 3034
1522 3811
569 1064
1 4
261 2425
1988 2489
1759 3035
116 2288
288 799
828 3284
2851 2956
668 1291
188 1734
1100 3265
962 2217
358 4244
1662 4752
1733 3811
274 1685
2443 4156
458 1489
641 2139
2511 1161
2492 317
1303 1568
1389 2704
2442 2862
350 2235
1401 4255
1435 3717
2467 4198
172 952
1322 3705
2500 3142
1953 3414
2392 2800
2280 3472
1972 2626
486 2627
2199 4215
1207 1621
1252 1621
1964 1949
1658 1493
269 4010
2748 2894
2048 3985
1591 242
2480 3034
1195 2517
1993 4116
2696 3811
2321 4048
1824 3916
1468 2612
1839 4501
1004 3252
1909 3764
721 2857
747 1817
51 3600
2224 1806
1476 981
1179 4060
2924 3414
908 1429
1308 1858
516 2217
300 1815
2567 4591
1649 3903
759 2888
653 4276
2414 3471
2533 4438
2087 4266
2036 4752
2000 3811
1448 1770
1906 4706
667 1469
579 3811
1822 3899
1534 3389
1213 3862
2380 3174
2180 2784
1165 2888
2495 4372
1032 2897
1366 3983
1090 2349
2244 1469
1060 1105
1297 1469
2751 4189
2192 516
2655 2865
647 1492
1608 3414
2637 3106
1420 3414
2936 4450
1403 3414
933 2146
1441 3152
1837 3907
2209 1091
1891 2898
2142 1876
1786 2506
2415 3414
2191 3899
1261 2337
592 2104
314 1777
532 137
1655 1064
2313 4585
645 2324
186 4401
1003 3728
2304 2923
1711 2990
2157 4318
2932 4401
2383 2495
1571 601
2607 4315
918 630
2638 2488
1667 3555
325 3646
1379 4056
440 2175
1643 2424
4 0
2725 81
1268 3812
2855 3722
2641 4198
734 2217
1188 3742
477 2459
1528 4452
1452 3825
1641 3600
1384 4238
1938 4284
1048 3998
810 2899
949 2346
2152 3727
293 549
399 2389
1864 3370
58 4619
1064 4332
333 2377
707 4255
1836 3723
207 4401
1734 3742
1492 2811
1979 2051
820 3742
932 1819
1975 2689
1856 3245
2868 4531
443 1305
1609 3664
1518 3043
1112 4266
2374 4687
649 2579
774 2506
760 4198
672 2273
1985 3489
451 4686
844 3124
72 2990
2101 3462
771 2799
34 8
739 1817
2928 3421
2146 3882
2359 4398
1843 2316
2391 3812
900 3697
115 1493
33 11
2754 2843
1283 4457
342 4041
1388 3034
2372 3895
2437 2627
1508 2696
324 1291
531 1817
1402 2617
652 2450
427 641
665 1635
998 3686
2631 4215
2914 3050
1334 4573
2758 2091
2058 2031
2387 2331
2823 3637
168 725
1961 3398
2888 3197
2113 4423
259 1382
2648 3679
1633 2169
2400 2853
0 4
24 529
2486 1105
2507 3871
690 94
1371 2987
2201 2334
76 337
742 3224
237 1338
2026 2091
1157 3521
1350 2197
413 1008
475 4244
2497 3798
2580 4315
1616 3370
2505 4499
2343 1395
705 449
746 4686
832 3871
1031 1680
1102 966
1235 253
1543 2105
507 3035
361 3484
1453 313
2683 2663
2644 3555
2551 2916
2902 4406
432 3236
334 1132
2883 3365
2718 940
1860 4502
2907 4381
190 3558
404 3664
2816 4189
2810 1899
1931 2995
1171 3555
2150 3351
2896 3284
2052 3236
841 2898
566 3476
1889 2691
2778 4127
1577 251
2908 1896
264 1678
344 3281
1365 2402
1339 3370
142 2602
2448 3451
2226 2604
1863 4706
1324 3224
1847 3414
429 2243
899 2609
1669 2425
298 549
136 4734
2243 1617
885 2123
780 1219
582 998
1875 3670
2595 3723
1647 3075
273 326
2362 2689
225 1305
901 3497
1937 3085
1785 1202
1530 3043
1170 1334
1088 3672
2654 1538
2049 2608
573 2843
321 449
898 1410
1790 2154
1920 4541
1138 2261
1590 4276
1899 4426
467 571
1687 3655
2585 3338
2405 3252
167 2862
611 4686
1076 2217
2878 3629
1933 4585
1569 3802
1199 1716
161 1723
2834 1845
2547 1685
2446 3414
2353 3305
1854 3476
2858 4266
1918 759
1022 3363
1629 3182
2341 2769
251 4418
2163 4075
550 2243
1123 1938
1696 1529
463 4244
2628 4056
395 137
1601 4541
1679 2948
687 2086
2196 2962
2419 2784
2579 3446
282 4529
1747 1949
859 2217
1331 1191
1917 3521
2378 2675
55 51
523 2695
802 2442
2223 3047
332 2614
1873 2995
2536 1685
140 2614
8 2393
1656 3697
897 1719
151 3136
1766 2261
658 69
1051 2459
387 2060
164 767
156 299
257 3871
1474 4188
542 2843
535 1129
403 548
213 837
1965 4423
285 1168
319 3498
731 1640
2455 3521
1755 1129
2102 4438
877 1377
2529 1699
1550 2791
1478 649
1974 2885
2385 2957
2074 4154
138 2261
1788 1469
2568 4659
1284 2424
2436 2123
643 1991
2693 4419
1678 3036
914 2442
253 2036
756 1635
203 3050
375 2169
2364 74
2640 3886
2426 4315
994 2791
295 1132
1908 313
256 1541
206 3075
615 3363
2358 4156
2574 2992
336 1969
2548 3717
1507 4428
968 1904
1487 3806
484 2250
2623 2354
2197 3304
1181 3115
2046 4741
152 4225
219 1171
528 1305
651 519
2704 1685
1579 4591
1686 3063
2903 1762
2091 1460
2872 1471
244 326
750 1685
1521 2593
176 1171
1581 4045
995 4219
2632 3518
38 3697
478 2030
339 4266
2025 1469
2620 4308
1936 1200
2947 2445
308 1685
865 4426
1573 1266
1587 3731
1433 3728
227 4418
1232 2605
384 3484
174 952
2880 4717
602 4573
1866 1191
1278 3667
73 2096
2094 595
1372 1489
2154 1489
2161 2492
1865 2303
193 2897
548 2450
2889 3414
215 326
2181 1064
279 837
1564 416
1426 3806
1491 3136
1904 2506
964 1048
2839 4269
561 2695
397 2060
1900 2965
769 3131
1144 2091
2653 1854
2794 2663
1442 1393
2381 2925
1932 3613
191 2897
2186 2787
2139 2136
871 826
108 1685
518 2614
826 3281
2795 3414
1976 4292
2117 1859
109 4506
1992 3707
204 2602
851 1680
1511 3224
1342 811
793 1460
1884 3655
1050 2617
323 4529
2627 4056
1477 2289
2085 2627
473 1322
985 258
679 1132
232 1338
2825 4457
2661 3728
132 1146
405 1923
2174 3946
2716 4224
182 985
2841 4557
2554 2091
2401 3084
271 4266
1648 4438
2404 1998
1745 3491
1340 3892
316 2510
767 4450
2952 3061
1422 3802
1417 2506
103 982
812 2605
1193 3034
1338 3660
418 4280
701 3759
2177 4149
792 1154
2001 2381
1562 950
2363 529
2710 4083
2275 4196
846 2252
975 2289
63 134
474 135
487 1381
2489 3061
567 244
1126 2637
2327 2495
1025 3697
538 4337
1561 3115
1078 3576
2899 4686
2118 3027
2520 2675
670 3063
2943 1854
1187 1491
806 122
1853 4342
2862 3723
2583 3644
1997 651
1690 3616
1405 719
1689 1640
1263 3462
1429 2517
2281 3015
1945 1395
2506 1600
1771 3415
1947 4189
2144 3414
1374 2760
1449 1973
2824 2925
1717 4645
462 1695
2652 4266
2287 3552
1424 2061
1277 4056
1799 2386
1500 2033
2817 4219
2625 4524
2843 2652
378 1708
147 532
2784 4446
590 2956
1599 4056
2715 4513
1107 3634
1367 4010
2236 4315
2741 4350
1354 2483
706 2388
2802 4555
265 3300
414 3871
2749 3671
1451 4673
1706 4565
671 1680
2588 4772
1045 1794
1704 3916
1754 3489
111 1327
2159 3420
1787 576
1498 3624
221 2176
171 1171
586 1598
94 2727
2457 4496
983 1764
65 4488
606 3664
2124 3923
1368 3405
160 3748
552 959
1688 2316
855 4292
2216 1457
2326 3236
886 2609
2658 3664
2377 2222
2901 2303
527 3920
2944 4734
2530 1870
580 2676
617 938
1192 1759
2300 4422
106 1327
2439 1091
1357 1745
657 2923
2303 1770
377 2965
1990 3651
373 4031
684 1685
2756 3790
1829 2606
311 1651
730 1640
442 4154
461 1365
224 985
315 4741
1852 3521
719 4027
2915 2836
776 2667
1183 3809
1084 3705
1023 1876
1527 3900
2370 514
162 1898
2643 1278
1203 1458
493 1916
1161 3250
1841 966
1504 1062
1115 4553
2513 3236
613 2252
133 1895
1185 3600
2238 2962
2662 2787
524 2636
1919 3688
2832 1743
2208 4084
2413 2151
470 1549
1556 1371
2697 3236
2763 4220
1851 3985
1700 1062
236 4520
1757 3798
1886 3748
689 1598
402 4686
2657 3624
2539 4117
44 4506
2844 4459
2682 1858
494 2925
2328 2609
426 67
468 527
1987 4198
208 1629
1650 3637
1072 2016
2818 4595
394 2033
2633 1739
1359 2308
2953 3284
2336 1814
2395 2843
1548 4337
2325 2001
189 3871
464 1685
2299 3383
2771 1219
1915 4713
1560 3730
1951 2488
1255 252
1872 1147
893 2237
581 4154
2589 4732
328 3646
2830 1395
40 31
2911 3474
2176 3416
154 1994
935 3393
1603 3759
2093 3037
2432 4570
2228 4638
266 4396
1538 3837
329 988
1697 3717
1776 2123
338 1916
945 1507
1469 2929
732 43
2054 3574
815 122
210 22
1006 2609
2352 4627
1698 3252
1868 3560
1343 704
1101 3529
1930 3688
587 2609
2430 2576
255 4513
1926 2956
2309 1291
340 1083
2469 2
1617 2645
2622 3718
2306 4238
2706 1685
1991 3723
163 2415
785 2283
2541 3677
510 2465
763 2525
1411 1707
570 2869
2098 4496
1434 2695
2330 4316
1057 4196
1665 1529
2212 4721
2753 1529
635 2636
2193 2863
107 4244
2086 1064
529 3555
1428 43
517 4360
2587 3730
2940 428
754 1377
1798 3864
1760 4416
988 722
302 3991
499 3136
830 630
1813 4266
866 3951
2581 2036
2175 4429
2501 627
1378 2014
47 134
748 1410
180 2896
1274 313
525 1219
997 4452
2080 1636
622 1571
98 2727
1751 3311
2206 2720
2250 1900
2801 4683
1881 516
121 4266
2629 1460
1941 2377
1833 2135
2522 3236
2798 2692
506 2064
2866 4372
1955 3677
807 2382
412 1549
421 3286
1736 3573
502 527
1416 4045
2737 2492
1970 1401
1893 3555
2701 1221
2742 952
603 1471
277 2995
1332 3224
2782 1568
2670 1278
646 1704
1639 576
2941 4423
607 396
9 1690
868 1972
2239 2049
2674 514
1373 1465
1660 3363
1890 2962
2316 2863
1079 17
123 2322
1536 3252
326 2735
2893 1197
130 3268
1623 4276
96 2361
944 2207
1257 3091
1925 2403
381 3871
1013 3347
693 4227
2110 2136
1722 4423
2707 2450
30 8
343 3077
2021 1975
818 4553
946 3697
2425 4545
380 3008
92 2338
2269 3825
2282 1699
267 3679
2305 3169
178 166
1671 3460
1463 3391
1834 2713
907 1717
2732 2145
1939 3935
2041 4450
2220 3860
2559 3236
263 1171
511 4106
884 601
1730 2402
2624 3348
1421 4706
2730 3012
420 2526
434 3871
2891 1004
1597 2687
2954 2830
355 889
2558 2378
856 4506
801 2857
1611 2304
713 4591
896 3965
850 852
2542 4423
938 4733
2168 1064
2458 3320
367 548
2445 1105
895 2519
2028 4520
959 2010
2723 1685
1598 3192
1466 950
2229 3920
2938 956
704 1900
52 3904
248 985
1574 2802
199 1596
2335 4741
612 1021
2864 4450
694 2636
2444 416
1299 1699
1959 1640
1234 2517
1495 3705
2743 3763
629 854
795 2996
2879 2772
2909 1770
1844 4656
2575 571
1221 2947
854 1845
2842 3962
2659 2211
2345 3506
503 1529
69 1269
347 8
2371 548
2254 3341
1445 2826
416 2393
1869 595
1580 2761
1145 1307
1240 1105
1761 2050
878 2169
157 416
70 4191
2826 3093
1998 1948
2092 3318
1547 1889
1793 1401
1398 3197
2713 4356
2757 3659
860 2494
1506 3573
297 3463
173 2450
2673 4394
1254 4095
1351 3806
634 1635
1828 2157
2399 529
359 1480
1458 427
423 1305
703 2641
2190 4645
195 2338
2510 1161
633 158
1233 3492
1454 3348
1948 1975
194 2433
419 3871
1063 4227
2068 3091
466 63
2294 1529
100 1147
26 4403
2746 4556
915 351
1505 2876
2788 3474
2727 1590
122 515
773 4545
766 889
1935 3802
2289 3943
1318 2030
2566 2508
1026 252
2593 2086
920 2449
1375 4227
2676 4501
2509 4704
1092 2821
2407 4707
2865 2348
93 12
798 137
1465 2793
735 529
2721 1800
2465 3391
2937 4421
943 3042
1657 4732
291 449
2869 3929
1684 3806
691 1452
1718 952
2131 950
1129 3508
2521 3114
2262 4061
892 3298
2827 1086
2856 1154
686 2490
575 1377
408 3079
363 2336
2854 4083
2477 4451
2642 3276
2671 2720
472 4745
1672 1558
2874 2995
505 1529
2453 3237
2728 3219
1958 31
697 2658
229 4597
1710 4244
2526 3670
1369 427
441 1783
289 2243
1825 3037
1394 3697
1186 3809
2045 3552
1636 3800
757 2690
2029 4659
1444 1613
2140 1481
2819 2476
117 912
1531 3763
158 2292
2317 2033
305 1078
2602 4222
1644 4282
2258 4597
260 1597
150 1375
1946 2793
2145 3603
1377 1880
1921 4553
382 2911
958 889
630 1832
1499 3939
465 326
1178 1414
2487 4244
2814 3794
1517 2255
1439 3362
644 2188
1578 1815
62 1457
1096 2784
1047 1215
1436 2608
1567 3197
1855 2541
278 2934
1275 1806
1621 57
544 1672
1390 4392
2434 1509
2546 3837
2687 991
2472 1759
231 2337
1762 2468
2837 317
551 2026
1059 2934
2576 3555
1882 4095
2082 4506
2466 2138
2440 2154
2277 2518
593 2863
1245 1235
1106 1371
1409 4361
2427 3837
654 3174
2617 991
2557 1639
1483 93
80 4191
2259 4041
1333 1636
1446 4266
2060 4025
1728 1009
2666 3368
1815 540
1642 751
1028 3668
1430 2167
698 4548
1821 3363
217 4360
223 2
2462 4409
890 889
718 3239
143 779
2375 883
2129 4553
1114 4198
2416 2173
2115 1460
1903 4517
2668 1401
2504 1171
2456 4696
86 4780
1708 3418
761 2494
450 1056
1296 2315
1827 1916
699 3024
346 3979
1238 4311
1646 3892
2320 14
2594 2557
2272 471
772 4372
1549 3979
616 3035
2646 3368
2121 2675
1783 3481
1085 4198
2420 4381
1395 1371
547 2450
2084 2826
626 775
1298 3053
839 1703
2503 2873
619 1680
1589 1465
1726 3988
1000 3136
118 3286
2502 3935
541 2081
2296 3670
921 509
1586 1219
437 1652
2421 576
950 1541
2871 4354
2527 4070
2322 1994
2619 2784
1288 2589
2070 4084
1197 1202
578 1302
2681 3425
1811 3802
29 517
1225 2736
1566 4170
1335 3677
1393 3284
2599 4397
2735 4095
2483 2720
1539 4720
1954 4699
2072 3819
930 3680
2295 3328
1360 3728
2331 4506
1075 3857
16 2393
2882 3552
1211 2157
1971 2750
545 1825
2946 3898
307 1011
576 3288
1916 4423
148 1267
2198 2027
2828 4460
702 3658
738 1680
184 4716
197 1596
2886 2313
2127 3093
1707 4198
1065 2594
1984 541
1236 3423
2752 1821
2004 3487
104 2361
2759 3485
27 4403
2651 1197
2340 1985
496 527
640 2283
2077 2748
1156 1371
2780 1994
201 3664
1699 3484
990 4372
1204 1822
1399 1797
1348 2945
1083 4630
1460 1261
2251 2331
2534 1529
2386 4124
1082 4553
749 791
1901 2275
2553 4206
2775 2898
2618 2254
1857 540
214 3955
2809 3385
1888 4745
1529 2157
2820 4204
1341 2157
2178 3819
1631 1685
71 61
1934 2826
1952 2784
2409 1191
406 4376
2308 2016
2097 4176
2207 3962
803 4409
1725 2748
2126 1087
872 2813
976 427
2451 3420
2356 4597
95 1053
2203 3837
853 2784
1558 1552
1493 3849
1675 632
2699 3860
1794 1916
2164 3725
577 3248
650 251
43 4746
238 1515
125 1898
309 4570
1018 3643
2403 4594
1512 1695
2112 2506
870 2853
252 1011
789 3834
192 2255
928 1281
2464 3989
1515 3224
448 4453
961 4548
604 1832
2365 4283
379 4402
1481 1499
2307 841
1682 2160
2009 3943
241 2824
2008 4176
1542 1414
42 1975
1423 1690
843 4347
2917 2275
2935 3248
113 2480
2422 4769
1482 3245
2791 2938
87 2361
1674 3424
1158 3584
362 940
1845 4290
740 3962
322 2621
2475 4165
181 281
360 3942
1781 3425
1731 2758
1046 1994
1490 4253
114 938
2143 4486
1467 1409
2368 4612
1273 3643
790 3734
1142 1094
1612 420
1069 1182
353 2313
101 1541
2850 4650
2897 658
2470 1094
2803 2326
2271 4327
222 540
2056 667
1525 4198
2615 3447
1271 3798
848 3876
1666 2895
1071 1249
1510 1282
1645 4309
2471 2942
1218 1102
2540 940
883 1274
2499 2765
2518 676
1714 1123
1927 2676
2512 3763
1968 416
2572 4120
922 1793
1858 2026
179 4256
1805 2026
1501 4324
1462 888
952 1972
539 3238
2604 440
1484 4196
155 17
254 3001
2081 4625
239 4506
1885 2976
2565 1401
2688 3616
809 3591
656 1759
46 69
1628 3898
2141 2245
2107 4735
2476 2896
867 1072
2452 2528
2459 2772
2569 3774
335 609
345 3283
1632 3876
1224 827
558 1154
1986 2236
2556 3841
235 4402
819 580
1840 2064
457 3951
2032 791
857 4196
1489 1487
1615 4274
1676 2455
1206 4649
2485 4650
2951 3338
366 1154
141 17
903 592
1929 4553
2838 1338
200 2571
1892 1147
1846 2027
1184 2799
2417 4701
1457 517
32 1073
1456 2968
14 35
2912 178
411 3834
678 1976
2552 4070
1345 3528
233 4398
2165 2951
2100 3526
2894 4029
536 3247
1602 2602
226 4469
393 3392
824 2355
102 4475
1894 4309
2360 4428
2219 764
594 2708
2346 4530
396 813
1191 4403
1020 3139
1763 1935
124 2138
1033 4539
2806 1702
2773 3198
1832 4746
2739 1520
2714 15
726 1393
1723 3419
2945 2736
1838 4196
835 1479
2537 3600
2904 4095
459 3484
2290 3305
2014 3627
1228 1409
1427 3368
1565 1082
2123 3913
2083 3305
1122 1852
1437 2939
2007 4624
993 1640
1738 1708
2524 891
1376 212
2006 1318
1014 906
1812 1171
2792 131
1152 4059
825 2188
1174 2896
1464 548
2726 3709
2247 3608
1663 2448
2930 541
66 3187
1630 4245
513 2442
2532 2963
2185 1681
2433 1624
1260 2799
2047 145
1035 3015
2288 1222
1160 3101
1996 2620
1325 2003
82 4554
2591 2627
1942 4764
258 4597
2762 4076
2298 3575
149 743
711 4553
708 4738
2789 3445
2338 3912
509 842
599 1694
2063 1680
1412 735
2172 3053
372 2510
2312 4728
1068 3942
743 1722
2267 2124
2808 2962
64 1931
2424 3114
2857 4640
2096 2814
553 2070
1778 3491
924 973
618 1880
1251 1973
79 1053
624 2030
2349 4557
2073 3471
700 4554
2149 3599
425 1882
2927 2791
2260 596
371 3621
2948 4349
1305 4612
1720 4495
625 3495
2488 823
2088 2043
2590 1945
218 1643
166 722
862 2795
2516 4095
352 2666
1330 2026
2408 1750
2333 1481
2017 2884
917 3378
1041 4053
1471 1131
2675 3955
1719 1629
2189 4265
1176 1837
588 2863
1806 1897
514 764
1438 2144
2745 2704
902 4196
2194 2694
2410 305
2840 3792
1494 2278
520 3046
1626 1730
1300 1094
677 1365
97 267
2800 4389
2479 1695
247 4568
262 1115
2003 84
212 3886
861 3738
1381 3080
2240 1970
249 275
57 2044
682 1292
2376 3714
2067 812
59 3242
41 1073
2428 3955
2740 4120
1879 2963
910 4309
270 4512
1150 3920
2166 837
1791 3474
1247 2423
1878 3994
1141 3383
2630 3352
1087 2206
2913 1530
2573 4695
1208 4288
1653 2308
2600 1623
1329 3898
1651 4565
1488 1489
2812 1121
127 2445
2162 3962
2158 4528
2278 2909
1248 1313
312 2145
2264 4612
177 1292
1321 891
2266 3663
1826 976
967 4674
1196 3468
2012 2970
53 1975
2861 1183
2318 2819
67 185
1056 2616
2919 764
1691 3022
1544 4258
110 1541
827 2286
2672 9
768 3487
744 1191
714 3670
2388 1972
2950 2521
2614 3250
2920 2629
1861 1507
2167 3280
2055 3955
725 4283
1792 3465
246 2666
1594 2389
2793 0
370 2101
2482 3097
796 3734
1140 852
303 678
1130 3441
1239 3492
2134 2077
2213 883
2876 3152
1461 818
2128 3663
1344 2362
2900 3797
1957 1067
126 3259
2610 2162
292 1782
894 1
2519 3276
2496 3362
543 1320
822 4196
476 3621
1746 3184
1692 1027
2777 2636
2109 3192
492 1171
2736 2143
245 2143
2286 3663
1242 3492
2412 3362
2293 615
1280 1146
2449 3617
198 630
2035 1835
869 1222
2061 3250
331 1886
283 4275
2339 321
660 3935
2382 2821
2916 1121
753 3881
1741 2653
391 4571
2799 3400
2555 2626
357 4529
991 3367
1664 4196
2678 2213
390 1451
1285 4200
75 2232
1259 2591
2249 4380
230 3183
1701 4018
887 764
891 3955
424 3248
681 2447
430 1360
2755 2784
2549 3731
2230 2720
1133 1217
242 4469
1724 4584
1638 3618
2397 1886
2528 3852
813 2877
60 61
2544 3447
2114 3365
1874 1067
2776 2428
2829 1695
2563 1062
1135 1972
981 630
1307 1535
2849 2728
2747 4728
2103 96
146 1045
1540 588
2379 993
2543 3940
1312 1897
2686 3927
1007 673
2132 1531
2491 3858
636 4200
2038 4324
1563 2951
942 1635
3 891
2291 1690
409 27
2768 3807
953 3487
2545 1535
2130 922
2474 2266
2781 1439
1272 2804
1210 4395
407 1006
449 2087
165 532
2018 822
1052 1582
1659 603
2111 1618
833 1837
638 2569
2592 4083
2125 1122
2750 3739
1570 4253
385 1258
2815 4173
1810 1082
1694 3360
1005 4170
1774 4337
2717 4506
2042 4541
2931 948
1789 3471
2156 2588
817 3658
1214 2951
1168 535
1541 388
2921 3122
2231 3458
909 192
144 2991
845 3940
2027 15
2248 4568
904 196
2514 3159
1180 4361
797 2281
2169 3001
301 1877
2729 3068
119 3043
2095 1806
1735 3022
1978 2174
2037 2345
758 1052
374 4275
1922 3819
1716 4358
2564 1284
1110 154
120 3785
1182 792
2895 1527
755 1512
2711 2124
1309 487
2609 1324
1175 4571
563 1123
401 4053
1002 3054
1960 3651
655 1327
392 1123
2050 3526
2705 1467
112 1102
1568 973
455 2586
1584 2348
1555 1228
1472 2213
969 20
836 4233
2233 97
1364 3876
85 1049
90 1218
2531 29
209 3808
2217 858
175 4088
2075 3975
1572 1327
2719 4700
1777 4475
205 678
2562 1290
762 1375
327 4525
290 1359
1262 3707
723 4044
2934 3905
1162 4746
710 2143
2122 1674
56 2050
2232 4059
911 3262
2256 759
1721 3633
2873 2970
1685 3492
1450 3743
2761 2521
2438 540
1443 3834
1282 2804
1801 4341
2076 3135
2302 3445
1173 1228
1744 2317
2898 3114
2315 2595
1459 2213
54 1012
2613 3257
2779 34
2319 4120
81 952
1950 2162
979 3913
1732 2641
1610 4162
2616 2148
2650 950
2910 1375
2804 3860
674 2056
1797 3425
2571 4084
2790 2779
2481 3580
2215 864
2685 4210
7 3
2347 103
1607 1757
15 1683
2069 2884
1956 3374
2767 3818
2783 1444
2221 3014
2535 2333
2252 3423
2766 4685
2034 3885
159 548
2923 3510
1039 929
1336 2612
1189 1955
1194 1359
1911 2925
2680 3497
2498 1788
2859 2234
1737 2820
1637 2601
1149 3003
1108 3643
1756 4324
1370 3015
800 1479
1583 471
2261 2734
2284 3248
299 224
2612 948
1772 220
1758 4283
2348 2659
2355 3488
240 1777
519 1360
1779 2668
1328 407
927 1359
1596 2138
1480 3680
2939 3222
2292 1021
2724 2996
2022 622
220 855
91 2347
145 2275
1392 3934
2667 4700
2011 4085
1677 4508
1693 333
847 4507
490 27
1070 4745
2813 1067
1743 4699
639 1832
2200 1262
2694 254
250 1877
1067 4626
2892 2672
784 4765
304 3506
1314 330
1387 1118
521 865
1627 228
243 3183
497 3681
2274 2266
2846 2521
2870 3857
1680 2085
2517 3361
799 588
1073 3242
2733 4664
2577 2195
139 3679
1780 1536
1995 4076
1382 400
837 3898
1944 2754
1391 1810
1902 586
2586 864
957 4568
1316 1083
2905 1494
733 1726
2863 3780
2116 1067
2010 171
2786 4605
2329 3288
1116 1231
131 2371
1250 3678
1086 937
673 4071
1358 4172
1008 2601
1709 4728
939 2582
2108 556
137 855
1363 3442
1241 3588
1749 894
68 2523
863 4553
1859 857
61 3703
736 4643
1352 3276
1673 3692
341 3599
1166 321
1012 4559
1212 451
1912 4218
2660 1180
916 4699
105 631
1415 228
621 4669
1053 4125
2884 1198
417 78
2227 1076
1220 894
1098 4568
2268 27
1118 3322
2188 15
1011 3885
685 1053
356 4571
1782 3877
280 34
1425 1858
2183 2305
2606 2081
2493 3877
1977 2232
1397 3953
1752 3633
49 61
906 4666
1323 1252
1831 115
1306 817
1136 51
1742 4407
720 1146
669 3785
600 1489
2677 1094
83 1198
1327 1930
415 3254
534 4481
2645 3681
1497 2347
196 4144
1713 1527
2925 3985
999 2519
779 2811
2734 1712
1431 2031
74 59
489 1011
1229 4198
1292 1757
281 3375
1524 1527
2860 4294
2664 2489
2137 1928
2656 3661
1748 2472
1600 3777
10 1501
348 857
2323 1348
2396 4591
2361 3875
2040 1680
1695 4279
211 2324
2550 2098
1764 2750
2394 4221
2918 1501
2811 2958
623 1993
2344 4025
2104 2367
481 4071
169 3394
1270 1439
2890 1284
1982 2546
1896 2455
1613 1439
1768 4498
48 41
2797 1312
388 4262
2877 4221
1419 1153
185 2324
2684 1694
2398 812
2030 1886
1349 4498
614 3186
2151 3188
2805 1962
2881 821
1553 1733
2043 1349
2170 2423
1625 4317
2245 4329
2597 4664
2351 2070
135 984
25 3261
2634 2312
1513 2312
2173 959
2523 1169
2636 4508
1962 2114
23 837
2071 1467
1089 2276
2411 1385
2406 1343
20 837
13 4578
2598 1107
1131 1218
2703 4614
2560 2961
1516 2601
