0000.jpg 0004.jpg
147 202
89 48
201 118
367 320
295 118
227 48
208 5
98 60
57 58
202 257
85 46
365 367
353 355
297 281
301 48
76 50
232 233
219 184
145 155
233 295
112 48
413 350
204 238
236 166
194 257
279 350
111 184
416 379
357 280
362 345
421 48
159 166
306 292
143 40
211 266
30 40
361 60
287 295
415 409
358 356
312 296
246 227
414 446
229 148
354 48
481 492
395 355
305 355
457 453
136 242
72 53
348 350
390 393
363 378
44 242
482 78
391 413
405 394
14 5
50 121
408 404
454 36
376 377
326 256
475 491
183 84
299 67
115 121
369 292
139 243
137 68
439 26
55 121
119 250
231 242
122 171
53 261
440 491
436 492
292 378
449 366
321 282
349 292
243 282
329 227
461 439
460 116
304 367
74 70
458 473
124 78
455 78
389 292
97 236
206 159
393 158
492 442
87 122
412 483
446 413
193 85
33 121
11 128
315 350
331 48
463 83
419 423
162 46
71 60
187 236
113 117
351 238
447 245
288 171
388 22
486 487
123 228
407 461
176 70
252 321
209 457
196 121
456 452
168 425
52 443
396 442
283 415
180 371
47 143
382 360
472 98
267 156
4 145
94 274
240 78
205 415
9 264
340 83
210 37
493 413
290 385
117 208
280 17
355 426
474 98
404 336
443 94
182 29
43 360
5 406
487 390
380 492
448 492
2 382
327 74
275 145
497 442
20 425
93 451
397 14
491 463
1 152
38 18
68 187
346 398
282 415
342 22
262 265
255 257
296 457
300 43
46 51
45 18
337 77
272 76
264 43
106 53
24 33
42 132
138 154
271 439
164 356
276 396
289 38
430 324
10 450
214 388
92 3
148 282
166 155
426 347
64 208
190 417
36 154
254 321
330 130
356 281
403 403
7 14
477 475
200 80
118 397
468 14
244 120
195 5
129 145
293 334
428 222
281 345
197 362
96 274
411 347
401 49
163 311
484 402
155 386
6 349
49 379
452 85
269 320
314 43
400 458
249 38
234 277
158 33
344 415
102 417
225 202
320 116
21 57
218 92
226 442
473 492
359 391
135 43
154 33
399 22
261 78
339 361
175 130
48 261
310 237
189 307
319 499
56 49
328 436
59 85
406 85
39 405
479 78
79 159
434 442
63 287
77 19
198 137
318 114
16 13
470 367
420 261
161 186
360 164
165 8
157 178
224 43
336 356
184 285
32 292
110 282
253 72
465 108
469 152
167 112
86 16
132 66
177 73
499 361
375 43
188 417
250 166
373 331
364 426
150 91
372 261
146 497
238 293
37 43
453 347
103 272
88 120
424 319
371 211
294 43
25 19
28 347
121 426
317 331
18 324
311 3
392 221
459 59
464 373
199 385
266 324
17 166
99 225
3 198
476 211
62 411
298 434
90 223
54 472
107 97
257 400
341 45
12 58
23 28
70 114
126 208
259 280
235 408
445 436
104 290
325 357
489 485
248 102
82 472
241 18
247 20
345 282
270 290
332 5
251 4
316 355
245 242
437 236
374 11
370 371
490 436
366 400
347 458
378 127
242 415
109 67
322 285
84 435
131 472
425 302
471 304
417 228
284 299
429 194
444 477
80 75
58 32
433 127
15 470
108 17
174 380
127 484
333 23
223 120
35 5
140 126
8 443
307 86
203 362
313 426
26 122
27 268
130 186
169 134
387 177
34 36
153 415
309 301
114 223
192 91
65 391
156 153
228 118
273 143
488 455
335 387
141 145
213 307
185 300
343 386
334 114
152 219
160 492
221 330
22 160
105 76
260 108
151 480
100 438
379 21
498 197
442 178
435 480
323 466
338 375
128 394
278 19
13 351
29 333
67 322
60 347
217 223
125 49
377 364
303 116
178 470
402 480
170 348
133 51
120 223
149 17
384 178
466 442
95 484
179 21
19 49
186 484
207 225
495 276
0 106
352 218
285 362
383 268
78 207
263 76
212 499
308 332
485 400
101 437
239 122
427 427
462 171
394 474
302 417
467 460
66 97
386 164
398 279
75 484
142 489
381 483
173 372
410 92
41 47
230 189
432 77
220 318
81 141
431 256
31 291
496 365
286 448
134 47
368 114
181 3
274 489
144 109
91 373
215 484
418 396
277 223
291 427
265 122
423 223
268 29
116 300
350 151
258 42
483 465
51 478
237 408
172 114
83 318
385 17
191 484
222 451
441 45
216 302
478 134
480 480
73 102
256 115
61 3
171 16
324 319
438 97
451 458
450 139
40 9
422 107
494 55
69 268
409 263
