0000.jpg 0007.jpg
208 131
367 141
201 46
89 31
295 46
405 324
219 39
227 65
301 31
287 157
391 361
112 31
111 39
306 244
85 69
365 112
232 145
408 323
460 354
74 93
416 141
246 20
389 244
191 176
361 132
305 152
233 159
122 67
297 143
457 323
357 357
304 59
358 300
292 156
353 201
98 132
231 21
486 493
215 176
69 75
482 391
455 391
376 202
312 154
75 176
145 20
446 325
369 244
362 157
329 20
202 62
124 391
97 59
456 320
185 75
299 231
472 426
363 218
349 244
194 20
71 23
393 59
251 311
137 27
395 201
76 27
44 124
136 124
183 223
211 251
421 31
440 28
204 55
187 2
139 136
262 354
356 16
25 78
293 16
206 159
164 42
390 359
439 359
14 131
447 381
315 55
193 59
171 75
94 59
143 55
57 46
127 178
123 324
449 378
279 140
359 343
105 122
461 110
84 204
116 75
186 249
147 17
176 41
210 225
414 417
45 299
226 420
426 93
288 67
354 31
388 301
95 249
493 355
396 52
72 148
419 329
64 14
167 73
229 81
454 159
470 112
41 75
271 114
364 228
487 202
281 412
162 39
180 69
320 150
87 354
348 140
50 35
267 36
198 283
160 122
296 233
328 379
479 399
283 74
370 311
452 160
157 248
1 304
351 55
70 87
432 228
406 262
190 110
195 160
11 159
96 314
474 102
184 458
240 32
244 233
228 311
331 31
209 479
224 92
234 42
475 371
430 73
420 397
252 387
106 314
102 110
92 321
200 456
269 62
411 338
163 157
330 301
236 94
2 328
259 42
489 123
294 96
261 32
477 360
243 111
483 408
27 11
159 55
413 55
464 357
417 406
499 83
6 440
497 52
415 440
30 55
49 20
255 231
346 52
47 199
399 160
317 229
437 262
458 329
495 18
282 379
360 225
5 371
99 335
314 364
12 493
311 321
43 230
110 455
355 22
254 200
249 364
375 107
20 296
407 211
436 470
469 423
309 137
266 415
38 299
463 454
10 364
79 157
188 72
241 238
158 200
400 352
9 449
307 238
476 5
32 145
132 116
484 211
121 22
212 209
270 395
63 245
68 32
23 478
148 233
36 39
401 107
276 391
168 181
424 412
155 298
166 323
371 262
380 273
205 468
86 75
33 69
52 99
42 337
225 377
434 52
104 0
7 419
326 379
347 314
28 93
258 414
448 268
48 23
245 380
284 233
196 69
337 137
339 248
379 22
319 361
24 478
108 444
382 211
26 362
238 322
498 448
490 259
46 227
53 358
216 467
327 242
59 47
322 247
290 105
129 61
197 412
113 105
377 406
491 329
107 419
289 6
217 137
88 273
152 111
298 178
16 426
235 105
462 222
174 113
373 290
55 144
471 451
332 425
340 110
466 239
15 412
253 336
366 74
153 413
192 84
485 321
352 314
343 473
488 298
101 212
77 335
125 467
119 255
250 122
109 23
126 46
182 46
58 3
214 44
4 86
221 22
381 414
175 314
35 131
140 33
403 91
342 112
34 283
392 110
473 168
18 73
138 128
118 395
300 300
350 448
321 111
418 222
453 279
39 499
308 241
402 296
492 341
65 384
257 248
442 248
117 69
82 494
435 314
120 319
441 54
115 69
368 5
150 84
273 93
422 18
429 299
134 376
218 257
443 11
345 83
91 43
467 64
335 270
313 78
62 329
0 323
344 321
103 360
203 94
56 186
247 267
410 470
128 277
130 94
398 378
433 157
17 94
336 407
154 332
223 454
316 201
378 106
135 99
199 186
169 83
161 77
37 99
397 375
8 126
90 370
404 110
21 99
165 335
372 311
181 22
280 486
22 48
242 110
114 194
131 107
67 289
275 31
264 236
338 59
230 362
459 192
80 426
239 261
274 2
149 303
151 5
394 456
3 387
170 322
374 158
13 166
93 173
146 246
285 0
425 188
189 146
428 107
438 84
465 140
272 414
323 322
480 171
303 150
78 35
384 248
383 309
333 23
31 441
260 472
423 264
385 496
481 314
468 441
66 330
19 105
478 18
265 266
213 270
341 368
451 171
81 70
278 86
100 465
427 471
431 185
54 377
40 488
496 473
444 159
325 248
277 48
248 20
73 319
144 323
177 414
256 472
412 446
237 180
60 472
220 269
207 472
324 418
445 30
133 360
302 329
142 123
310 252
141 335
409 54
334 89
83 119
387 55
179 0
156 279
386 448
263 210
178 472
222 93
494 392
291 450
173 334
51 362
61 175
29 163
318 296
286 402
268 23
172 493
450 388
