0001.jpg 0010.jpg
394 217
332 165
325 407
238 357
441 42
81 152
211 470
260 226
281 46
138 226
170 367
321 449
341 46
417 340
450 422
27 449
297 187
149 42
88 264
72 185
403 434
25 378
477 280
227 476
367 407
484 165
293 451
40 326
399 481
155 70
130 470
306 302
174 135
298 343
426 157
338 54
317 484
9 48
51 485
313 347
448 28
392 253
38 256
276 470
100 292
223 313
24 391
217 463
460 157
243 165
299 172
10 35
121 264
478 487
125 185
282 449
171 485
98 285
364 451
23 264
73 317
300 91
78 375
224 489
314 35
493 37
140 403
342 243
363 165
120 391
225 428
161 52
151 31
449 165
50 35
191 292
246 22
150 200
479 187
466 206
77 481
89 412
222 35
347 205
353 410
267 440
209 370
409 157
66 206
154 489
488 360
95 292
168 264
205 470
207 55
196 264
328 14
55 452
148 35
193 440
250 292
90 413
85 31
439 172
244 24
189 480
160 304
280 370
247 434
255 14
405 407
18 470
187 205
371 352
26 445
377 484
335 175
453 488
396 482
472 171
164 104
22 445
272 185
391 33
489 187
292 35
437 400
458 282
107 35
383 241
311 200
105 226
301 392
176 54
349 406
413 285
194 452
463 28
119 378
307 76
414 467
158 104
184 342
393 48
452 206
29 478
36 489
467 172
204 467
326 394
146 276
74 33
219 115
198 499
127 445
390 205
294 490
322 482
430 86
372 132
172 292
351 22
331 168
213 346
261 329
271 452
136 437
228 57
382 379
402 442
440 392
234 228
157 76
316 216
352 413
11 462
58 82
302 100
346 370
444 434
259 295
384 201
408 28
48 485
369 434
425 410
96 476
142 48
339 48
337 55
334 438
428 406
350 33
362 165
422 42
492 272
177 86
179 264
454 442
5 223
52 99
486 135
0 438
385 28
496 392
216 35
104 25
263 452
162 205
266 449
365 306
147 94
254 86
4 206
112 36
303 438
368 484
436 474
44 303
113 463
433 476
451 484
28 53
141 264
13 409
256 28
344 428
80 408
122 10
286 224
182 76
65 479
188 79
139 266
400 172
499 54
35 333
145 485
268 113
76 198
395 446
431 86
15 264
19 83
495 217
233 263
84 104
126 104
289 161
491 152
101 340
319 451
438 359
103 283
424 137
459 222
264 408
443 322
82 485
387 438
42 387
7 399
406 446
473 178
304 157
14 470
91 20
47 449
152 185
258 336
285 198
252 176
249 35
494 52
415 451
456 425
378 487
202 58
381 96
483 487
83 216
361 145
446 185
114 392
239 14
284 121
203 449
173 347
275 297
380 482
388 16
1 52
404 484
482 55
327 488
49 103
163 196
109 467
133 243
117 52
354 482
376 484
134 497
279 474
186 454
236 141
242 76
407 275
423 28
251 29
435 280
110 476
33 32
190 480
20 235
41 139
178 340
348 388
379 329
54 382
277 498
434 42
464 482
60 25
197 89
56 394
166 77
3 206
445 206
92 104
420 484
69 109
262 51
490 318
108 338
230 294
357 202
375 490
476 292
32 200
345 449
323 484
356 153
461 52
116 482
427 54
30 319
237 367
421 392
487 176
97 442
235 44
462 405
296 413
106 441
248 76
469 413
43 349
132 29
257 449
310 52
212 321
418 24
485 71
416 272
210 23
320 224
291 484
475 205
93 165
231 319
94 406
232 467
401 259
195 67
355 76
63 144
359 24
429 342
226 412
278 345
366 155
2 25
16 245
123 398
333 35
21 445
214 48
229 309
315 56
118 113
143 67
343 407
201 442
497 348
181 178
336 19
31 235
208 36
269 294
412 391
468 43
374 319
221 51
295 417
165 53
99 292
102 380
71 272
480 241
309 152
360 30
370 52
410 57
283 421
288 342
465 476
220 470
156 123
270 35
432 55
12 435
34 434
167 25
265 139
305 102
470 165
79 6
86 399
46 226
274 446
68 20
215 172
419 480
64 101
447 318
131 264
358 113
62 163
397 423
330 301
137 378
442 76
129 397
290 476
457 54
6 36
318 202
57 77
87 165
159 377
144 402
308 202
398 412
185 332
8 333
206 70
115 229
455 259
111 453
287 41
312 430
253 294
183 342
124 449
59 381
218 357
153 333
241 25
245 255
240 283
37 264
192 421
340 200
498 292
389 451
17 80
128 429
53 398
61 15
39 170
200 379
373 155
45 172
75 149
386 301
481 280
411 113
273 435
324 366
199 382
70 262
329 59
135 192
175 487
474 140
169 207
67 428
180 113
471 59
