0001.jpg 0008.jpg
316 198
342 401
276 123
364 331
341 70
205 70
211 123
327 198
18 70
281 286
130 123
385 317
392 442
334 327
394 286
319 331
423 317
112 144
384 198
387 217
99 322
90 196
158 176
250 224
189 71
133 13
438 394
223 442
379 198
82 394
292 144
171 271
14 70
255 176
217 420
51 271
442 496
95 44
351 331
191 168
29 271
260 405
6 144
404 56
480 401
413 75
42 455
301 27
288 205
140 334
204 205
333 107
361 27
460 148
297 148
247 56
402 172
239 205
151 56
23 479
25 51
450 132
98 149
120 75
117 12
317 301
262 479
121 479
303 496
145 271
267 259
50 351
488 178
362 115
7 256
227 103
122 99
349 496
448 21
187 55
377 275
73 277
366 163
368 107
161 12
9 184
162 468
24 148
352 144
396 300
137 276
437 68
172 138
92 176
77 466
0 84
52 382
479 275
408 496
486 195
499 99
1 420
40 74
307 95
347 434
168 121
443 300
65 153
219 91
282 19
458 223
184 12
149 75
142 313
116 483
243 483
150 103
332 205
451 56
198 103
31 3
466 75
178 198
313 170
433 110
164 101
439 116
208 144
296 144
390 55
132 192
131 475
355 233
10 278
126 152
148 422
53 292
143 330
188 487
61 305
74 12
496 205
328 350
238 149
170 159
258 152
417 14
300 455
196 475
393 184
109 149
85 495
395 65
179 475
350 75
249 452
81 495
246 51
41 309
76 74
293 380
233 116
285 273
138 107
294 39
495 159
271 382
96 103
383 334
21 153
119 51
228 50
58 91
284 352
457 97
54 271
215 404
268 295
225 77
212 73
272 228
251 274
156 91
125 495
424 385
106 176
209 349
299 163
452 301
475 42
66 8
353 49
464 479
28 377
363 483
411 375
331 390
426 148
369 300
400 496
84 161
305 467
335 33
493 437
415 51
237 141
26 176
291 96
139 221
20 440
372 427
473 83
174 90
12 260
467 163
311 66
78 231
232 75
306 275
401 113
441 163
388 129
80 269
101 365
410 149
376 301
420 405
69 475
83 198
491 409
97 136
48 76
472 26
38 190
94 167
277 357
477 83
478 75
113 278
194 381
203 312
354 19
295 456
323 373
49 330
4 404
107 480
22 51
214 242
229 128
407 46
374 424
391 158
222 473
89 161
213 347
416 273
245 292
483 480
484 427
146 22
444 313
114 465
155 65
278 247
315 274
338 275
422 6
234 496
252 320
428 5
343 496
434 75
19 326
389 182
55 498
75 319
33 198
110 496
440 467
193 236
226 1
207 121
403 275
463 442
5 144
386 22
176 47
254 469
210 80
414 247
35 146
169 292
72 409
345 300
256 427
124 312
286 408
108 377
264 22
304 259
322 452
182 499
180 416
27 46
30 188
57 2
11 319
136 309
314 473
367 170
100 422
309 259
118 455
344 228
405 68
44 89
357 122
498 475
231 188
320 408
45 233
91 319
425 172
489 198
39 66
46 275
468 377
221 83
329 273
336 94
358 266
454 172
185 377
485 464
15 475
339 71
242 212
259 469
275 409
465 95
105 266
298 74
71 319
201 248
494 427
32 499
302 494
159 8
244 370
447 475
409 48
56 320
248 400
412 20
487 264
87 12
64 476
469 196
173 400
186 182
381 481
449 12
490 233
325 442
371 5
79 95
195 92
346 182
330 201
165 45
160 237
435 247
456 332
436 275
163 441
399 132
16 11
127 176
321 496
175 263
13 268
446 313
279 83
340 146
266 173
157 95
470 101
88 475
34 227
135 278
382 17
154 406
200 181
289 263
2 229
224 427
270 133
380 483
36 103
141 485
445 484
202 176
482 253
37 112
406 57
421 304
326 74
430 379
67 19
123 224
257 292
283 324
476 261
265 221
220 427
17 483
59 42
370 365
86 414
274 192
147 133
290 496
359 454
152 327
455 476
365 233
197 444
128 317
236 187
93 52
177 265
134 316
418 259
167 45
216 337
375 142
471 20
308 375
273 265
310 260
419 465
63 347
337 205
492 271
181 153
3 404
166 459
348 178
312 177
8 471
263 319
461 416
60 429
360 111
103 429
261 454
104 201
373 402
240 193
398 121
144 265
462 256
431 165
474 212
432 121
70 457
280 349
481 465
190 335
497 55
111 169
397 37
459 14
115 260
356 345
192 273
378 198
429 162
453 309
68 248
235 435
218 129
43 343
47 232
102 221
269 386
62 352
427 102
153 470
206 44
230 201
253 429
183 283
199 333
129 381
287 280
241 225
324 225
318 111
