0001.jpg 0009.jpg
276 113
341 113
342 113
18 52
211 113
205 52
130 113
281 52
394 352
133 113
223 487
392 113
334 99
14 113
204 472
125 92
387 99
413 1
110 154
384 157
99 320
138 483
327 157
112 89
227 267
96 267
231 267
303 267
480 487
316 157
288 472
243 25
6 89
260 483
81 92
349 267
438 4
27 285
368 453
217 265
246 44
150 22
408 289
486 212
32 219
189 263
442 277
139 267
268 396
82 450
120 81
89 3
216 276
20 44
194 377
119 271
122 390
3 18
51 197
171 197
461 55
1 415
10 276
484 285
271 0
291 481
33 111
385 157
295 50
233 292
460 404
267 73
361 243
174 321
450 404
466 18
80 50
452 292
24 81
151 477
433 60
72 355
222 390
350 1
488 17
317 397
292 398
140 238
109 477
247 477
458 450
148 483
7 267
362 23
290 154
306 404
29 238
293 44
117 415
323 455
321 285
399 317
464 481
36 267
154 267
443 304
228 489
30 267
66 211
307 267
416 148
41 314
377 397
213 200
178 111
343 219
364 250
351 116
449 285
168 81
83 89
25 301
451 8
379 157
136 149
5 408
84 3
274 81
328 472
56 377
158 271
40 238
396 212
238 360
121 486
176 178
182 219
170 12
263 26
376 481
495 293
426 74
448 289
479 212
332 23
345 23
161 415
234 130
319 60
93 277
59 72
215 98
483 212
499 397
188 381
325 267
352 445
101 189
297 235
315 243
326 64
190 63
193 92
49 38
225 321
232 119
239 472
106 271
108 161
58 358
113 276
198 272
439 126
372 123
214 147
478 477
383 79
142 409
38 274
393 259
55 177
300 167
47 25
282 285
354 42
304 208
402 104
261 107
152 56
403 452
23 486
434 77
0 193
490 55
95 46
249 56
262 481
48 20
357 65
164 301
487 33
400 277
50 483
270 78
405 173
52 377
289 460
367 306
94 144
365 158
149 208
423 191
226 378
255 20
208 149
309 251
444 394
98 68
107 354
19 250
209 271
65 149
265 118
440 285
184 472
74 23
338 220
493 249
431 316
116 472
202 271
162 86
331 314
353 268
35 101
229 271
496 472
141 453
185 161
322 337
4 212
410 17
411 130
221 92
283 9
123 311
137 308
468 177
187 256
380 351
491 480
371 69
335 20
104 34
285 248
344 449
196 25
219 307
465 222
77 360
26 20
78 101
2 269
166 129
286 440
11 78
92 20
224 63
446 56
278 369
44 149
143 193
363 472
45 277
482 225
100 313
266 36
370 285
378 288
236 295
347 445
97 18
358 130
79 97
417 415
264 173
346 122
39 286
167 34
395 362
421 365
437 71
369 387
462 169
374 93
160 14
250 157
258 51
244 371
366 341
311 287
407 145
186 107
301 120
105 119
42 348
414 49
57 129
76 6
103 448
251 268
415 308
114 361
373 332
472 472
90 397
155 153
419 458
310 459
91 377
157 267
388 208
22 271
199 394
256 202
390 128
420 481
85 495
207 81
406 362
333 397
404 168
498 55
275 236
73 149
163 269
165 315
459 303
197 200
313 13
441 288
127 271
375 337
111 286
87 328
126 20
302 189
489 404
159 18
172 478
237 3
63 431
201 132
336 57
305 433
153 478
279 457
422 77
13 75
492 67
34 477
428 71
447 161
314 276
320 11
430 252
269 464
337 59
248 5
69 356
145 293
9 126
46 481
118 230
71 161
457 435
175 189
179 313
463 227
252 35
296 381
132 49
409 477
134 334
299 276
432 285
203 285
294 489
473 228
31 44
146 113
124 285
173 117
469 317
67 332
245 311
272 483
115 481
15 208
284 418
412 1
382 389
181 426
102 156
180 411
355 307
147 499
475 434
135 334
191 157
348 9
212 37
257 482
360 126
28 311
339 126
242 29
17 393
391 415
156 384
467 494
476 225
240 464
454 104
54 197
61 487
418 225
235 349
312 286
12 486
241 478
389 494
37 115
359 371
381 328
425 207
254 240
435 399
445 328
477 288
195 147
200 264
330 13
169 332
128 277
64 210
8 363
16 471
43 325
88 236
53 415
220 45
177 411
397 122
401 208
494 285
329 248
277 287
60 34
192 453
324 448
298 148
68 437
210 160
470 77
481 491
386 34
75 220
398 56
436 419
453 0
144 485
259 306
456 145
427 350
455 291
485 489
218 221
280 119
21 53
183 328
253 391
424 145
474 208
318 219
62 400
230 316
356 82
86 172
206 207
70 208
429 39
340 375
131 459
497 260
129 482
308 65
287 156
273 40
471 334
