0002.jpg 0010.jpg
240 226
359 54
131 440
391 187
106 368
205 406
200 440
287 226
337 33
214 313
133 482
376 407
239 463
278 322
341 449
440 434
176 54
168 76
243 226
351 434
294 205
480 487
149 340
189 31
306 357
251 378
259 407
342 451
216 484
85 226
120 391
41 438
43 152
322 54
293 31
186 463
499 352
307 406
61 77
206 42
257 76
331 379
49 174
18 280
261 488
11 152
237 449
71 206
439 422
482 217
431 407
423 451
485 422
88 326
178 206
195 215
256 438
454 463
3 185
107 317
164 489
281 410
65 476
472 449
420 469
16 174
285 217
444 485
317 282
173 482
299 482
209 403
318 313
193 407
196 296
156 478
311 449
26 322
36 292
492 451
22 470
191 376
51 31
416 76
459 406
152 315
356 322
290 243
463 488
23 165
144 76
75 463
364 232
1 348
303 48
160 451
466 352
113 226
358 413
379 206
275 451
385 378
410 463
89 350
382 282
461 425
67 141
221 446
56 8
10 156
465 357
365 423
312 185
14 82
151 313
462 55
40 172
224 482
289 187
129 43
404 187
57 456
201 5
29 413
343 334
68 489
126 25
394 378
175 52
170 226
327 442
335 152
380 187
435 172
442 14
116 52
136 152
50 226
413 55
58 320
73 305
417 87
109 489
310 185
162 264
87 358
46 478
370 42
315 482
102 340
154 294
301 463
125 185
161 378
101 346
105 334
150 295
110 480
94 8
142 25
384 322
78 413
245 28
204 315
309 484
262 172
336 392
339 412
66 351
77 141
340 241
52 489
207 76
362 76
446 442
222 313
145 130
90 65
276 348
338 313
397 241
180 342
443 484
28 398
371 51
458 10
283 33
267 79
429 22
334 49
387 394
35 470
158 339
244 104
425 417
124 350
412 451
363 205
27 377
174 322
130 165
208 463
236 474
484 160
128 153
263 347
419 15
5 206
320 434
494 484
308 487
368 482
495 202
42 438
355 482
60 377
437 172
422 35
377 296
441 449
486 485
179 200
464 345
369 392
428 287
181 384
55 67
447 268
323 270
17 391
19 445
138 54
273 294
134 469
475 145
389 449
392 392
100 406
396 172
467 235
291 35
112 43
265 429
119 445
184 351
348 484
76 376
493 463
96 299
402 413
433 432
74 33
282 412
332 489
316 257
137 25
226 24
80 371
445 293
477 484
95 453
132 355
253 71
498 490
288 483
424 282
234 6
192 205
400 474
471 280
37 202
354 14
233 32
2 410
169 113
228 205
260 334
141 36
167 200
47 474
72 340
34 205
432 381
393 484
118 333
231 49
344 54
349 446
426 86
367 484
229 15
165 77
469 474
255 347
407 259
215 440
313 403
213 76
153 265
166 398
295 141
476 484
481 340
146 52
148 27
325 177
172 274
488 226
115 445
9 453
470 321
375 357
21 340
357 76
300 421
329 342
99 182
62 202
361 487
272 476
6 385
296 484
448 340
455 392
98 13
292 482
408 52
270 394
203 280
284 340
163 25
305 55
345 268
398 489
489 446
373 152
211 348
218 334
366 375
496 476
12 463
83 476
277 406
353 434
247 202
225 333
452 445
33 319
360 215
69 470
70 292
460 400
127 52
286 294
198 43
241 371
430 490
93 15
114 25
279 65
418 487
194 485
79 31
271 390
405 393
372 429
390 412
491 152
451 474
350 56
399 449
411 96
258 469
219 421
328 165
111 368
53 356
227 445
177 25
346 36
38 36
81 259
121 206
210 76
223 445
352 200
403 360
304 384
395 48
45 431
97 436
147 329
298 482
374 370
91 319
143 348
4 490
378 294
421 332
25 6
155 340
409 290
238 33
159 32
140 469
44 25
123 302
202 280
478 467
220 132
249 202
190 449
235 333
250 294
269 347
474 402
7 453
383 352
248 308
188 496
13 33
388 165
254 434
297 110
0 48
15 172
31 408
319 429
185 407
497 488
187 463
48 25
414 487
39 36
24 62
230 463
280 294
82 52
197 270
438 292
314 492
103 77
321 301
324 45
483 407
86 115
333 305
347 482
401 484
252 259
8 25
54 216
449 49
468 431
242 270
487 456
84 358
453 381
302 444
436 200
63 283
139 482
268 476
20 275
64 453
457 413
182 33
92 476
32 170
217 25
171 115
212 449
117 371
264 318
490 132
274 196
456 329
157 319
246 464
30 333
199 294
479 3
473 436
183 165
122 172
406 441
108 286
415 207
266 200
104 333
135 413
381 25
59 76
232 203
450 200
386 6
427 456
434 321
326 25
330 203
