0002.jpg 0003.jpg
21 4
65 90
283 325
179 10
398 424
31 70
38 48
278 288
245 216
199 284
376 354
356 376
50 46
340 353
321 346
352 10
389 402
207 217
156 163
466 451
164 174
209 248
203 328
217 279
351 409
131 167
43 22
204 112
256 272
141 110
176 218
257 185
499 494
285 112
418 404
225 232
357 379
472 490
431 354
202 142
358 380
9 52
277 276
265 239
205 235
83 131
127 4
258 310
157 168
201 66
412 463
391 408
441 456
420 362
159 114
184 297
243 215
494 491
137 261
396 340
403 410
148 112
460 447
216 326
144 217
290 203
397 353
130 239
332 216
459 433
37 51
174 230
51 148
250 385
186 260
69 74
200 167
168 185
58 59
458 418
338 205
491 457
170 153
16 449
103 166
306 344
363 368
377 372
143 48
280 349
371 420
86 27
189 148
378 282
259 354
322 281
475 438
171 171
354 298
286 282
364 427
158 170
206 311
440 454
230 304
368 359
402 380
118 232
18 5
492 450
373 429
92 175
427 430
337 325
437 437
393 406
180 145
263 282
239 240
224 329
416 379
463 457
34 145
56 188
487 481
181 240
76 11
82 198
26 146
372 356
46 69
48 193
177 430
22 79
152 112
236 231
8 164
169 273
188 190
450 201
307 235
482 449
138 46
369 320
193 354
399 411
362 364
173 227
408 364
261 218
67 265
117 180
95 193
386 284
410 403
11 152
97 81
359 281
45 133
347 363
111 280
85 26
319 309
442 438
374 416
293 220
311 216
0 34
349 208
211 114
284 366
454 443
40 393
163 279
291 358
35 79
221 208
114 140
320 383
375 337
7 177
187 246
222 165
465 455
496 484
310 352
30 279
212 303
215 382
123 208
314 316
439 413
208 301
429 288
183 202
12 214
315 383
267 294
384 146
134 219
449 483
269 261
13 142
469 489
191 28
483 478
294 403
185 424
44 180
68 174
49 17
77 180
343 405
312 275
146 328
126 265
361 415
341 423
240 26
485 452
353 415
497 485
55 170
32 430
3 117
228 486
57 132
241 280
448 393
455 444
210 276
287 289
404 427
33 168
120 408
133 227
23 101
25 140
292 363
237 359
214 79
59 44
366 182
443 474
289 382
39 48
276 368
383 342
142 261
317 367
297 212
281 165
266 256
223 316
79 328
175 16
419 433
268 171
415 461
489 472
235 164
308 395
52 205
436 435
461 477
182 304
413 415
304 385
342 248
296 277
27 153
447 459
198 14
394 458
490 477
299 486
301 307
435 425
151 165
444 286
162 173
247 24
488 437
238 340
2 327
75 183
316 429
477 474
116 321
481 126
251 269
473 476
324 0
41 235
213 174
255 75
305 208
480 382
381 385
272 273
417 467
318 79
350 431
155 100
329 27
445 445
20 76
101 289
360 222
426 182
400 439
382 426
331 321
407 460
462 463
154 385
64 279
379 489
81 397
47 458
192 34
262 334
72 316
248 250
107 25
124 398
113 326
476 225
54 47
165 178
452 453
295 250
401 474
106 211
102 355
74 107
424 426
414 464
17 12
453 486
344 333
470 463
309 230
149 307
323 386
254 461
348 439
336 494
29 437
328 216
61 28
355 366
110 254
409 86
433 375
139 461
385 467
425 466
270 22
370 393
423 248
63 99
105 108
430 464
367 377
335 117
66 94
471 118
493 403
365 402
392 10
451 476
190 291
167 172
195 108
273 385
5 318
219 206
136 22
91 14
140 227
98 209
100 451
145 283
10 462
71 220
411 431
380 369
438 404
161 367
89 69
484 444
421 180
42 298
479 482
486 236
326 265
422 172
153 427
264 263
160 495
194 19
467 497
62 51
172 103
345 306
129 196
19 398
395 220
28 182
78 268
94 128
446 439
80 280
387 250
478 126
260 160
346 29
88 495
1 88
234 343
84 397
327 371
93 394
233 42
104 175
405 25
218 216
36 76
252 475
242 28
125 269
231 317
253 25
119 327
275 117
132 164
96 421
166 332
334 317
271 92
178 220
303 329
115 421
53 373
229 291
325 166
121 23
150 83
428 467
456 386
90 169
457 204
298 207
498 213
313 440
279 216
226 278
87 62
468 477
147 470
135 195
4 214
14 283
388 29
274 131
432 489
15 198
227 306
197 28
244 117
99 414
24 32
196 488
300 50
339 268
288 306
464 178
108 318
73 0
6 9
60 209
109 205
333 473
249 243
474 483
128 16
406 205
434 122
302 308
112 88
246 464
495 325
232 2
282 331
70 95
330 2
220 336
122 122
390 268
