0003.jpg 0007.jpg
66 31
354 141
217 138
112 69
79 69
320 59
227 347
311 440
384 159
142 63
393 223
347 63
16 216
299 138
111 144
353 323
488 353
4 131
203 357
328 301
381 157
478 493
199 131
90 132
307 453
64 301
118 63
490 391
340 63
80 59
286 300
385 75
376 325
341 240
152 378
51 124
329 424
216 20
284 75
145 366
433 329
258 59
382 289
272 199
325 63
422 204
367 494
302 233
87 20
163 27
333 159
116 204
10 63
374 291
161 347
213 395
189 131
313 358
185 199
364 138
401 20
379 201
408 330
146 142
5 52
218 417
457 353
231 79
425 235
61 142
260 389
410 325
210 233
486 215
497 325
383 482
69 99
174 46
310 462
449 42
280 92
312 495
205 358
175 21
372 202
86 92
451 304
77 46
239 390
316 468
417 201
248 27
157 138
392 73
232 75
363 379
453 325
281 17
279 75
264 421
454 330
368 55
456 354
55 40
448 323
46 359
319 132
222 358
168 21
427 479
8 160
282 153
359 454
214 55
17 53
298 114
240 316
43 108
276 152
275 219
125 498
101 131
182 48
21 93
150 118
3 117
187 157
202 119
225 430
291 390
494 114
294 456
81 135
110 94
326 117
481 369
120 324
430 75
375 144
100 12
273 184
344 479
30 461
113 44
26 44
491 203
215 88
301 140
343 318
235 114
349 176
455 479
447 320
289 359
362 114
97 87
288 145
262 21
85 176
117 117
268 351
402 215
321 154
91 157
295 498
369 456
403 140
148 359
183 389
72 127
346 92
495 44
188 20
334 381
220 117
138 79
406 443
444 110
480 323
352 452
115 323
237 252
53 459
153 459
429 293
173 11
357 455
207 28
212 144
303 207
126 207
355 321
458 494
398 332
198 59
67 389
424 287
7 311
366 207
290 111
9 277
370 111
22 17
73 93
1 249
489 479
358 462
304 304
261 75
230 17
415 454
296 493
380 232
165 69
200 20
135 429
159 311
106 75
123 126
405 291
167 17
48 94
204 127
396 301
426 162
315 197
107 59
136 83
194 214
201 201
206 221
197 234
466 293
428 91
246 411
131 93
467 44
418 462
407 454
450 121
132 304
437 383
208 111
413 316
452 232
34 112
128 72
238 311
399 463
156 46
247 214
269 56
93 27
50 232
377 219
99 269
327 144
45 106
400 247
443 316
266 163
465 361
259 311
29 461
75 311
209 160
134 96
233 318
318 420
171 74
421 348
71 148
462 162
108 105
88 12
129 194
133 248
395 390
435 383
13 44
404 218
176 166
493 451
285 311
177 35
41 125
184 167
245 17
253 269
12 2
252 265
76 413
484 329
219 462
6 167
39 250
96 92
25 105
287 291
387 260
130 319
360 468
89 165
414 495
283 174
49 478
186 265
158 105
57 311
211 287
436 43
60 231
181 178
434 62
14 269
361 400
342 453
139 250
59 300
420 157
190 146
409 330
63 141
339 112
42 10
234 75
265 134
241 204
228 14
331 144
224 265
226 260
308 160
58 35
195 211
469 371
300 400
471 120
470 102
350 260
438 111
305 311
192 27
162 103
180 335
137 37
74 141
423 493
373 359
127 260
141 316
121 74
179 241
386 318
78 260
332 272
105 7
411 454
92 86
394 20
124 382
83 376
155 252
244 429
297 352
391 23
378 450
20 376
345 377
62 105
0 134
27 132
32 340
390 375
65 252
114 94
149 272
475 296
170 96
40 141
94 356
337 440
464 461
223 93
2 167
103 300
388 196
487 158
439 50
82 180
317 75
140 75
445 446
47 410
323 311
468 32
397 149
196 444
416 487
440 102
221 260
191 148
335 75
236 334
251 418
277 379
356 73
229 315
249 75
389 457
476 478
351 407
164 146
257 252
19 387
463 454
330 311
292 334
160 252
267 265
35 32
33 474
37 228
254 81
474 461
11 105
98 35
143 222
371 448
314 8
23 459
324 73
348 8
70 25
442 373
151 316
193 35
15 476
104 178
446 412
485 230
166 92
278 338
84 141
461 457
270 357
336 334
243 58
293 146
28 64
460 458
122 425
52 335
271 374
432 193
250 448
496 362
95 444
255 148
119 180
499 321
274 97
473 467
44 270
477 50
109 416
459 402
338 118
178 342
172 442
306 407
441 290
479 427
102 160
498 225
38 397
419 425
256 160
68 400
36 308
431 264
18 14
54 29
242 210
322 386
24 74
154 404
482 262
147 311
169 48
412 50
365 386
492 277
483 296
309 80
56 311
472 375
144 77
31 370
263 74
