0004.jpg 0008.jpg
86 286
203 70
241 123
204 442
48 123
184 70
356 123
288 434
133 401
368 495
188 123
245 337
338 401
280 123
228 497
72 144
177 144
394 440
135 123
277 442
150 337
46 70
395 452
281 354
457 452
6 115
294 315
363 315
117 354
340 434
79 384
343 350
38 152
349 483
93 495
410 495
297 466
120 115
231 10
23 337
409 483
428 123
221 350
40 144
156 11
473 150
87 123
346 200
11 12
169 132
238 144
453 442
390 483
404 23
121 13
183 452
259 132
478 404
76 158
285 116
31 0
491 483
212 147
378 275
345 275
256 107
406 200
282 149
380 12
432 42
18 343
81 496
250 153
413 178
75 220
101 483
401 350
68 334
373 13
405 446
162 190
52 160
119 354
194 82
197 114
290 12
251 343
359 200
129 115
341 152
371 442
396 496
69 420
143 496
301 144
1 463
127 0
268 122
49 343
14 205
208 45
207 354
486 25
32 21
456 150
319 129
201 77
403 96
50 77
322 495
439 483
433 102
59 13
168 446
85 12
293 223
307 82
98 156
166 144
226 331
309 483
298 205
299 56
159 275
355 496
429 74
148 10
261 123
165 409
318 131
185 51
191 354
484 22
279 372
275 75
247 223
174 68
74 220
295 495
454 495
12 51
216 205
422 395
487 496
152 21
190 159
96 37
424 166
350 196
317 420
459 405
41 347
437 178
324 149
24 153
239 420
474 495
114 191
482 110
57 223
348 54
447 13
436 315
372 408
425 259
426 74
124 419
423 315
196 178
472 139
327 111
112 174
463 177
263 232
266 334
249 330
326 153
163 496
5 12
80 482
187 479
438 479
292 380
375 337
77 347
264 243
360 75
125 420
311 25
26 495
9 433
331 109
63 123
342 8
339 417
47 68
397 483
210 275
314 495
230 190
387 59
330 178
420 68
146 236
388 149
141 51
385 455
316 223
344 228
365 20
497 221
336 101
414 333
374 483
458 20
7 10
485 301
234 159
43 170
102 202
173 273
323 319
464 204
455 205
44 42
287 54
42 144
164 101
462 275
235 495
4 460
367 115
151 334
248 115
181 351
192 141
109 9
382 51
202 190
213 174
232 483
223 377
451 265
149 61
347 146
225 444
452 68
28 275
158 12
186 375
312 495
65 495
265 427
237 14
113 422
130 420
195 77
353 496
60 496
445 96
64 221
480 248
398 405
475 226
172 159
145 45
476 351
411 496
131 12
391 275
147 247
269 51
62 22
246 275
176 108
442 83
444 200
84 163
171 105
300 123
53 14
211 427
361 442
139 446
2 228
106 427
386 33
364 25
56 162
115 169
302 57
467 221
193 442
310 51
253 226
499 431
71 446
90 354
441 45
289 103
3 148
155 427
313 499
427 84
255 152
358 495
421 374
36 132
448 113
20 496
137 100
78 427
460 198
320 68
27 491
236 427
37 131
97 47
99 275
227 496
408 45
175 226
488 275
30 190
493 161
466 51
209 34
315 5
465 342
123 495
233 190
450 228
17 462
308 144
469 84
142 51
161 141
258 102
271 153
304 47
449 427
83 115
126 427
270 442
54 188
140 83
393 132
0 163
153 496
13 61
468 258
477 275
189 196
200 170
399 477
354 367
107 23
134 312
157 146
8 163
122 367
376 333
291 380
498 204
229 334
402 475
103 205
242 256
337 497
303 308
430 12
416 350
334 334
10 13
329 13
419 14
262 247
206 171
252 151
417 465
19 498
144 198
66 82
108 464
492 475
495 0
240 304
383 152
490 51
274 434
392 300
118 103
222 45
89 394
276 68
351 330
254 466
55 110
25 12
82 483
21 163
136 258
94 475
443 223
284 182
357 19
170 171
440 42
29 45
335 225
22 420
73 179
306 337
400 496
296 207
362 266
111 176
95 442
333 482
88 99
214 51
379 415
39 354
283 479
461 36
389 475
100 8
377 68
35 99
435 319
91 347
224 381
45 271
494 317
67 103
496 56
370 480
33 225
260 352
218 14
92 55
15 463
104 301
180 442
243 99
278 496
220 188
219 275
205 466
418 11
70 83
116 46
178 479
244 51
321 275
272 427
412 448
167 65
51 437
489 121
431 313
154 45
179 324
132 14
198 357
128 3
384 497
215 261
434 136
305 12
138 265
110 233
407 4
446 417
366 14
415 149
481 342
58 427
16 44
352 19
182 427
381 308
160 486
483 279
217 163
34 196
470 260
257 496
267 256
332 53
286 170
273 469
199 146
369 380
328 56
325 44
105 8
471 9
61 159
479 448
