0006.jpg 0009.jpg
412 487
159 52
223 352
112 294
299 113
140 265
168 17
329 334
230 52
245 113
468 157
171 52
352 352
31 52
315 487
314 113
296 113
351 113
402 487
183 13
50 52
434 68
443 188
248 381
231 113
146 91
130 46
449 68
55 243
431 68
0 265
257 478
392 203
461 188
433 164
172 39
492 37
397 487
285 24
268 193
161 58
111 52
186 193
115 29
150 29
184 153
141 193
148 243
41 29
70 91
145 37
375 150
86 13
59 17
486 472
454 457
193 49
258 478
206 332
96 49
32 113
414 285
61 113
252 332
101 49
266 17
24 91
483 44
372 304
482 486
354 24
313 17
328 172
437 392
323 201
178 46
265 153
381 332
126 332
105 46
118 17
83 243
452 188
4 6
52 29
64 146
142 113
442 304
278 150
66 450
400 270
92 46
294 91
243 384
53 397
45 91
124 486
80 6
390 157
170 389
215 355
158 104
65 22
182 144
202 332
134 146
166 91
319 332
11 137
224 29
211 91
336 49
187 146
196 29
132 29
114 104
90 442
99 24
371 39
155 397
110 152
376 106
121 81
349 279
116 29
207 193
100 49
203 304
331 389
236 193
255 397
204 91
459 201
147 415
30 27
20 20
341 106
297 201
463 258
195 478
417 188
68 17
185 79
391 150
157 237
393 314
251 332
2 238
333 285
389 106
269 201
304 157
312 99
197 49
77 29
360 49
396 270
488 457
127 243
163 332
247 81
264 106
254 389
151 332
12 397
177 355
495 304
357 150
355 157
128 153
485 203
67 20
445 397
324 164
259 332
219 61
404 352
438 149
102 49
271 49
383 270
72 192
73 459
411 193
309 445
69 332
139 309
43 397
385 397
369 203
117 17
413 468
74 243
242 332
33 137
358 277
164 17
384 91
62 397
210 152
496 208
40 243
36 121
493 147
28 429
78 243
76 17
15 140
428 77
85 193
256 332
174 91
89 235
273 36
347 304
199 397
284 157
455 157
180 332
365 384
162 332
152 304
253 332
47 88
448 285
275 404
363 270
42 238
17 496
394 137
348 38
49 389
56 91
316 332
406 215
274 478
138 262
306 103
217 17
237 302
335 389
165 243
137 121
25 121
276 332
451 289
489 404
63 243
250 389
277 17
367 20
94 144
298 37
307 389
262 397
446 435
441 15
18 178
57 243
249 37
125 140
373 188
48 332
81 99
91 113
361 489
246 289
21 94
143 52
353 332
453 183
213 164
198 389
374 262
419 203
464 90
79 480
290 149
291 104
450 281
302 91
377 306
435 116
467 137
430 77
498 254
418 193
54 397
35 149
214 367
244 121
34 139
311 17
382 304
286 60
350 17
398 161
181 282
153 215
456 185
190 17
222 260
44 20
218 197
160 153
388 468
425 345
330 188
343 237
405 304
84 17
107 218
29 176
238 343
320 478
460 36
173 355
415 457
327 397
154 304
82 8
46 235
474 183
239 6
282 25
334 91
422 354
7 32
457 494
194 104
149 104
129 397
267 17
305 397
427 75
13 51
133 153
293 304
310 92
75 415
471 349
22 113
234 17
300 49
37 449
10 6
260 49
317 104
484 487
303 326
23 332
97 44
287 103
408 397
440 374
169 17
200 12
58 408
136 176
93 285
423 49
283 286
469 1
342 231
494 346
51 262
191 22
429 20
487 28
109 489
235 17
71 100
356 157
119 3
16 153
108 33
421 457
123 13
289 108
473 224
167 235
38 153
19 140
295 104
481 474
308 332
189 496
192 64
226 197
5 231
175 28
387 17
221 104
458 85
491 154
87 397
399 205
410 23
379 354
233 103
280 453
432 20
478 200
447 223
424 349
95 489
216 445
176 452
366 332
288 392
339 404
279 116
368 434
436 224
332 304
490 374
337 332
364 166
380 255
205 20
1 294
344 25
88 293
439 319
326 197
212 486
470 200
272 389
301 390
386 257
241 215
499 82
106 45
135 143
401 240
104 439
122 172
179 139
227 364
240 360
395 457
318 356
220 415
188 344
39 317
465 349
340 463
14 301
370 153
27 213
131 15
225 207
9 126
338 157
3 130
201 15
156 262
322 416
26 186
466 90
232 322
362 384
144 228
263 304
462 320
477 42
346 319
120 408
497 108
6 92
60 167
229 474
8 25
292 17
409 379
479 349
281 25
416 198
113 219
480 449
420 250
103 275
209 285
208 25
444 23
270 406
475 319
345 494
472 409
228 44
98 433
403 40
321 26
476 223
261 489
325 483
359 418
407 420
426 108
378 172
