0006.jpg 0007.jpg
140 210
299 357
231 358
173 17
296 358
451 493
31 39
112 238
159 39
220 63
111 236
314 357
414 354
352 357
93 150
223 357
329 282
171 144
0 94
351 358
240 396
275 330
39 396
230 69
339 330
153 140
192 37
310 232
495 476
50 299
333 307
32 358
437 406
75 63
73 41
248 210
147 131
349 232
245 300
215 157
261 213
397 323
246 493
404 365
358 493
94 93
142 42
473 441
61 42
482 443
412 323
379 316
486 454
448 391
442 476
309 316
77 197
241 140
315 358
18 159
66 449
65 199
216 232
408 385
3 63
497 437
8 207
175 148
402 323
177 159
7 211
5 121
205 121
12 121
426 370
124 292
191 304
212 292
445 385
9 119
209 290
41 197
313 209
64 197
125 99
53 237
35 148
84 233
483 364
108 81
263 233
286 114
95 302
137 86
282 207
115 197
62 237
82 114
405 476
52 197
217 233
235 233
6 44
116 197
280 121
22 144
450 56
168 237
187 77
190 242
386 233
36 358
163 237
150 197
113 301
484 287
43 200
377 287
469 44
183 31
305 233
33 121
489 181
118 233
256 233
372 233
34 121
87 233
169 233
348 286
117 233
279 397
71 166
446 359
474 37
477 446
428 306
86 69
252 237
72 57
89 465
224 93
143 69
196 197
244 86
347 233
91 358
214 27
45 45
188 76
444 207
255 233
219 45
121 289
394 286
262 233
174 81
400 289
122 207
342 208
206 237
410 72
185 448
353 461
238 493
126 237
47 14
208 289
109 233
48 237
295 99
433 114
472 481
161 199
354 47
273 81
83 110
4 174
306 90
356 90
201 166
288 107
54 479
56 197
480 332
292 73
311 233
457 239
467 479
350 237
129 465
266 237
304 90
364 114
180 233
259 233
96 456
189 45
496 476
316 401
155 401
30 286
46 237
340 451
226 10
326 99
276 461
367 297
21 23
453 388
409 289
29 407
385 209
166 197
162 237
19 419
17 197
106 20
429 145
319 233
494 415
384 109
199 461
139 399
102 456
335 110
363 90
250 241
253 233
119 128
460 114
430 306
97 162
234 233
26 358
44 117
76 233
370 90
274 90
308 461
1 128
90 197
381 461
70 45
172 93
200 328
251 446
277 237
289 6
20 117
151 479
11 479
418 226
436 450
167 56
218 6
285 47
338 425
68 233
344 211
301 478
431 377
371 93
186 453
406 367
210 170
14 245
105 37
361 233
59 456
242 440
331 110
345 289
13 255
391 315
195 108
456 60
170 456
249 241
325 219
176 456
23 233
284 90
452 123
278 367
488 215
127 233
148 110
141 367
421 243
2 27
202 242
317 27
134 93
435 450
110 14
24 45
57 465
330 226
357 315
198 110
368 471
459 145
334 109
132 197
387 241
341 27
323 444
131 166
320 90
236 226
441 415
461 367
382 456
485 445
207 109
88 406
128 444
392 290
38 174
417 102
79 145
225 6
182 169
447 64
416 461
37 233
40 121
395 216
164 110
165 110
327 383
468 232
152 233
302 45
463 257
123 92
247 419
411 315
464 257
432 121
204 81
267 241
265 108
213 81
146 453
184 78
298 375
471 191
312 453
10 84
69 461
281 211
260 241
328 301
336 456
104 44
322 472
145 145
425 84
74 117
360 343
369 246
103 206
365 456
221 90
25 358
465 335
85 453
49 110
51 94
257 108
438 55
42 174
393 90
99 140
399 409
271 444
401 69
492 154
197 84
258 108
272 376
422 229
63 415
324 109
232 399
15 352
120 367
203 233
375 94
407 148
157 99
55 121
81 286
254 241
229 178
80 78
58 461
355 90
101 456
178 78
300 241
493 401
16 84
264 27
454 215
434 456
427 193
154 233
293 456
268 109
78 121
211 45
307 233
181 419
378 155
398 147
415 290
373 47
138 94
237 78
478 37
297 494
100 419
291 90
498 377
374 182
228 373
144 367
318 272
133 363
294 109
476 37
107 283
130 37
135 286
420 306
222 93
366 461
343 6
491 62
481 149
380 105
470 64
233 90
388 272
423 5
419 81
92 37
227 93
499 206
287 90
243 110
390 425
487 148
303 409
114 174
403 105
443 140
270 472
156 56
479 179
179 415
383 185
439 198
136 407
337 55
458 206
362 2
290 335
475 255
194 419
396 289
239 444
98 154
413 100
440 148
424 26
269 27
332 110
490 213
60 100
462 26
346 360
193 456
160 78
359 332
376 99
67 455
27 368
283 335
321 437
389 289
455 475
466 257
149 37
449 447
28 194
158 99
