0007.jpg 0009.jpg
118 265
381 415
65 52
128 52
454 472
238 294
299 392
389 447
449 450
282 334
210 265
357 113
39 52
143 52
406 392
69 113
324 392
144 52
401 397
390 472
323 487
358 113
240 52
73 483
31 52
42 113
181 483
362 18
443 397
456 495
237 17
385 397
380 459
300 392
94 265
413 459
355 72
90 236
326 92
479 397
485 486
36 52
292 397
239 126
287 487
394 44
10 15
215 472
329 60
23 176
152 267
411 495
132 267
44 92
162 197
354 285
233 17
375 285
111 23
321 126
27 197
450 487
72 23
474 472
453 447
419 480
364 450
248 482
40 293
285 397
270 445
209 397
395 170
284 126
113 126
236 392
53 52
384 481
189 55
241 119
498 92
200 397
391 285
91 1
279 459
88 317
4 55
232 284
57 483
242 126
106 83
396 317
440 472
442 387
342 77
493 289
37 64
157 355
199 267
83 59
367 262
43 100
61 88
59 415
101 117
424 171
407 4
356 251
286 38
426 72
117 483
60 55
20 289
159 355
446 332
231 94
168 55
115 4
14 88
77 61
21 267
120 450
212 197
198 319
448 200
56 168
466 247
221 449
383 17
148 445
392 440
335 177
74 334
272 33
350 179
107 352
185 236
93 130
131 415
121 483
110 389
62 289
201 234
328 56
167 448
35 62
312 483
464 211
193 55
306 77
142 293
203 486
478 398
70 390
429 72
8 26
12 130
99 293
138 151
226 215
197 196
379 441
173 55
79 317
102 484
353 449
268 55
289 250
32 25
330 404
361 72
359 360
6 114
243 77
46 94
225 151
338 202
123 336
332 449
220 294
263 55
451 25
78 426
255 12
205 55
412 183
68 483
192 88
100 364
17 355
264 74
415 489
348 44
313 168
316 215
343 11
277 44
304 22
137 64
302 226
145 197
294 486
25 149
400 233
404 303
114 38
122 138
293 330
365 487
55 215
126 450
169 27
194 445
360 189
486 233
141 69
399 241
140 215
366 285
388 92
108 478
376 222
186 113
499 251
45 146
301 415
33 93
81 36
259 413
291 306
288 382
290 170
253 43
397 116
420 292
409 38
327 494
421 415
22 489
86 121
2 55
414 435
18 55
305 130
471 215
455 477
5 55
64 109
307 285
224 29
465 17
28 415
166 121
347 171
368 116
216 285
319 285
129 479
135 130
204 107
218 477
475 165
206 67
283 226
160 219
116 449
41 488
425 77
349 313
458 18
150 285
296 208
476 387
352 303
325 116
71 284
170 303
251 308
405 397
202 389
273 258
112 285
469 281
417 25
87 112
235 415
298 268
371 472
377 250
303 349
19 487
344 17
98 486
497 361
473 454
92 62
103 117
211 25
97 45
188 69
127 284
489 449
63 415
378 56
281 211
490 415
154 285
246 135
174 178
363 131
82 479
428 479
3 486
267 337
444 201
104 349
165 169
84 439
229 92
410 253
439 273
244 274
314 354
24 209
30 126
387 35
178 464
372 210
494 44
155 158
95 62
139 439
222 130
331 25
187 146
217 98
351 190
483 213
461 332
398 455
459 284
427 472
16 293
176 478
156 360
457 108
208 453
26 275
315 93
477 56
11 55
482 211
274 92
124 369
136 483
462 19
339 489
47 393
164 208
276 496
158 221
341 483
393 361
196 62
435 409
480 415
333 127
322 197
9 169
249 88
151 156
172 55
262 55
50 349
495 231
337 31
433 481
481 409
147 435
182 417
134 255
374 31
437 166
76 7
320 490
422 197
447 1
52 494
269 46
369 361
496 80
261 123
105 101
146 478
386 487
297 331
472 118
484 289
48 234
373 281
487 495
488 401
51 195
280 489
334 67
258 123
109 277
163 347
468 20
179 275
436 356
250 427
245 178
260 163
125 183
271 285
340 57
247 481
266 55
311 146
184 29
460 261
402 306
423 60
309 123
308 445
492 403
252 268
219 483
441 224
318 169
149 275
317 475
403 164
183 489
207 25
223 317
432 185
382 204
80 265
445 15
213 427
66 411
434 84
470 460
29 339
256 409
463 245
408 199
191 349
275 287
58 77
254 161
346 403
370 10
430 452
175 285
265 488
228 436
452 367
295 179
278 31
133 197
416 121
491 35
15 478
230 23
234 357
180 349
89 57
257 459
345 134
67 77
85 435
190 299
438 67
336 390
75 61
13 320
38 439
153 117
49 349
310 18
177 77
130 426
171 28
467 282
119 341
34 349
418 159
431 199
227 204
0 415
195 457
96 133
7 207
214 269
54 349
161 357
1 269
