img08c1.jpg img15c2.jpg
221 13
231 1
426 294
254 218
406 394
286 218
295 218
399 240
348 240
391 240
123 411
281 158
441 394
258 182
338 443
210 444
378 299
410 276
326 251
498 461
346 286
493 370
479 443
279 133
474 394
247 6
440 362
282 240
227 14
262 155
447 240
416 313
302 444
284 157
214 240
339 147
324 165
203 133
267 149
382 251
121 1
294 299
477 394
404 111
132 165
297 394
458 71
484 402
472 418
278 225
347 286
408 394
341 327
353 371
473 443
246 495
355 279
475 489
464 313
443 240
109 444
444 318
228 157
431 327
448 394
402 147
293 120
340 249
360 165
288 473
251 218
291 371
393 306
330 133
451 371
480 401
481 418
260 88
419 387
499 141
456 370
215 40
457 418
386 305
271 133
216 31
380 483
383 394
467 445
290 8
376 175
115 11
146 492
462 340
488 466
460 313
390 373
277 199
496 227
26 473
407 371
333 213
143 6
490 428
395 495
469 431
122 11
384 171
153 13
236 149
463 406
435 441
389 380
433 404
34 226
422 313
126 340
213 444
476 394
345 483
55 18
113 48
430 175
446 466
232 346
313 495
394 465
411 370
418 483
423 370
68 498
335 190
140 17
299 171
35 393
307 135
184 64
193 48
171 65
300 487
452 431
192 64
40 352
129 235
442 422
497 390
314 315
478 141
455 327
21 121
195 11
319 411
387 294
492 227
495 342
110 231
397 472
264 199
272 213
190 303
188 64
64 464
69 359
147 14
151 259
133 3
234 192
439 175
189 493
489 313
450 281
120 226
37 363
352 135
487 359
17 360
209 366
10 10
465 342
4 428
388 315
437 227
130 323
169 226
377 199
494 115
46 373
485 103
237 146
429 295
194 459
449 64
2 80
3 163
84 192
359 465
287 261
285 183
468 322
33 173
150 327
38 140
172 138
39 378
414 213
149 18
301 423
239 480
119 339
396 172
116 453
230 276
103 238
144 90
344 381
168 6
471 313
198 356
235 2
454 370
156 259
486 215
86 283
79 115
91 23
186 170
354 133
131 272
445 41
138 162
412 133
208 280
70 348
43 211
15 217
175 416
273 188
483 455
331 190
85 462
253 464
112 189
308 260
23 127
82 333
269 274
160 130
298 457
405 327
83 192
164 280
134 319
375 199
317 100
80 181
87 125
204 138
54 18
199 196
67 193
398 315
88 192
56 148
125 310
117 132
438 134
363 52
401 329
141 259
229 421
92 406
159 356
96 308
305 329
482 277
280 140
266 405
74 299
45 101
165 300
350 280
274 161
428 172
128 18
322 52
36 11
163 204
18 40
461 455
332 315
310 422
466 405
94 211
93 276
5 76
174 73
421 133
470 313
366 172
233 80
162 286
127 293
296 188
343 320
351 380
148 299
238 259
432 297
265 85
357 104
57 44
409 64
106 273
27 150
100 127
436 71
181 472
403 431
459 493
13 103
453 375
191 462
81 174
373 133
434 422
417 211
63 7
427 328
424 212
32 193
155 170
90 54
242 272
413 429
177 88
244 39
50 99
61 494
225 173
217 363
111 273
12 462
224 70
152 175
491 406
356 64
309 483
30 229
371 133
14 268
187 390
28 63
60 204
381 199
105 406
316 301
400 391
257 80
342 182
364 136
102 398
42 259
158 206
137 80
205 498
323 52
161 48
154 274
11 378
135 67
207 80
261 494
49 122
6 348
241 164
374 13
212 334
315 136
52 348
379 81
41 188
179 355
361 172
124 35
223 217
256 300
170 123
367 98
243 168
76 34
420 87
250 193
259 115
226 80
325 175
202 338
327 404
8 496
222 365
25 168
19 203
311 199
249 481
89 246
263 87
59 432
166 206
268 319
362 459
385 88
276 107
245 140
336 432
75 427
358 300
7 188
65 451
349 327
157 236
415 321
139 263
99 283
145 76
47 90
48 149
182 270
206 96
220 390
329 14
104 114
98 2
118 461
1 462
22 222
365 172
53 195
197 459
318 130
321 118
95 50
173 88
370 133
16 118
312 168
66 321
51 188
337 484
368 104
107 416
255 164
0 232
248 47
392 188
292 60
369 468
218 387
31 250
180 155
200 13
62 207
71 408
320 133
183 115
73 10
114 2
252 295
289 239
211 228
176 432
72 75
306 106
178 90
20 124
77 261
334 51
97 437
29 308
58 419
372 63
240 369
283 60
136 137
142 168
275 300
201 56
9 267
219 228
425 82
78 182
270 228
303 119
304 52
328 133
167 255
185 437
108 308
196 378
101 76
44 301
24 255
