img04c1.jpg img06c1.jpg
486 475
210 416
373 443
466 496
468 282
441 490
234 358
392 440
212 292
189 270
346 302
467 282
444 463
462 491
484 222
13 373
425 470
89 270
338 233
459 302
449 423
329 416
151 373
53 270
131 290
294 358
211 290
64 373
422 282
365 363
143 170
389 465
40 290
287 416
475 366
487 490
284 458
159 234
249 429
18 170
219 242
351 447
469 282
241 280
85 146
158 311
388 211
218 418
300 395
436 482
323 353
228 373
447 440
293 242
88 270
410 395
132 378
343 274
119 276
481 354
27 120
328 366
136 317
317 274
396 366
452 302
299 211
226 211
227 364
423 141
267 211
198 303
182 292
363 337
257 410
303 222
344 358
453 462
492 475
406 472
414 462
488 302
455 282
22 270
393 416
172 199
395 233
245 218
161 364
274 429
424 370
292 363
313 429
437 19
205 234
362 474
45 172
192 378
403 466
233 120
308 234
82 223
222 431
434 457
463 486
473 373
230 302
352 359
375 457
354 367
435 461
399 234
301 337
477 427
21 144
238 324
116 202
242 378
483 302
133 135
480 476
350 404
99 339
418 487
431 478
359 492
90 432
353 302
412 289
445 370
154 261
137 378
446 470
460 302
360 405
229 276
391 302
181 169
236 423
456 431
254 356
178 356
262 317
200 367
336 446
465 305
339 289
417 396
495 396
171 234
448 280
71 221
318 289
337 388
320 261
497 397
312 418
190 303
368 435
153 309
252 429
163 179
397 432
496 470
246 366
384 429
31 92
429 289
432 230
476 19
268 332
331 335
59 448
310 302
93 306
457 332
377 467
105 127
34 127
416 396
470 480
491 440
260 378
281 417
386 233
28 127
16 309
186 254
183 303
276 120
75 168
321 396
144 330
278 356
304 141
420 329
29 453
57 406
272 450
100 86
156 222
138 471
277 170
285 324
94 92
357 302
430 289
98 40
413 388
55 40
112 194
394 490
79 235
155 236
10 275
108 342
371 289
265 299
361 405
188 93
78 339
390 467
421 497
92 254
259 109
41 44
311 379
38 212
52 140
283 110
134 220
440 337
402 211
419 213
404 331
8 329
73 265
129 461
306 432
176 320
485 356
164 452
385 417
87 337
167 25
148 236
340 388
264 312
201 489
43 265
206 489
221 494
334 417
14 170
91 316
147 234
193 320
220 254
253 211
474 212
61 127
426 354
243 388
106 293
433 136
51 299
69 12
411 403
255 356
65 498
152 127
235 380
282 445
204 65
149 497
77 453
427 335
1 23
72 220
169 207
224 66
128 192
489 332
490 439
348 240
6 453
387 497
454 487
263 397
12 194
256 431
450 44
62 480
295 354
24 203
197 397
17 236
478 461
125 157
3 60
67 483
114 379
70 278
56 179
499 486
33 453
217 236
494 222
120 418
383 429
216 303
187 489
330 397
20 341
25 125
261 382
322 276
244 254
166 343
113 343
124 291
223 341
107 3
379 388
471 317
84 214
49 275
32 280
180 40
280 421
141 36
168 277
273 84
248 406
139 115
160 260
202 467
472 317
121 270
80 441
86 414
126 105
258 240
374 415
335 458
194 397
213 56
442 448
372 212
44 413
327 347
288 388
207 5
19 453
369 429
298 206
493 483
231 156
225 75
208 445
0 42
464 331
58 438
349 429
15 71
162 265
266 196
170 389
451 120
405 212
76 170
209 131
408 474
247 388
367 311
123 212
239 431
443 89
380 352
60 462
111 247
47 18
482 406
101 60
428 94
150 280
191 163
479 368
63 170
286 385
381 347
39 464
175 44
240 463
54 33
102 429
345 242
296 403
66 91
145 292
165 179
140 249
118 474
438 196
237 303
36 364
232 254
81 69
96 301
409 473
203 382
130 141
157 303
347 142
461 332
50 464
179 375
439 474
142 250
307 391
174 64
4 76
271 74
177 312
498 245
358 433
11 259
23 256
110 103
324 250
7 105
309 347
356 306
400 433
37 157
407 133
458 156
316 378
297 351
9 23
332 144
199 249
302 351
326 254
122 71
269 303
2 207
35 415
195 161
68 2
74 470
289 206
315 98
30 240
146 295
83 361
279 273
398 239
382 340
333 2
103 338
378 429
97 8
215 352
26 406
370 320
314 213
401 294
185 254
115 110
341 250
376 276
364 418
5 229
250 364
196 494
42 315
184 174
109 115
117 196
173 424
104 465
48 134
214 347
290 226
275 296
355 347
325 429
95 399
135 108
127 52
342 64
366 56
46 306
291 403
251 172
305 271
415 389
270 473
319 52
