img05c1.jpg img28c3.jpg
399 182
327 181
443 212
456 213
402 185
482 344
483 212
351 181
266 205
397 326
479 343
213 467
464 173
304 423
350 182
287 185
347 181
487 344
198 205
316 385
359 205
76 182
32 76
470 494
324 423
362 185
452 185
348 416
140 467
440 344
221 181
377 245
408 205
310 266
211 298
436 344
395 344
181 416
209 467
283 399
162 382
398 66
401 198
430 256
356 397
445 344
66 430
232 92
197 468
314 349
337 164
484 192
438 192
196 466
389 164
297 416
481 109
49 367
345 475
329 459
489 205
427 171
400 388
321 87
207 382
46 385
449 499
405 344
128 244
444 344
285 182
499 329
422 329
331 382
415 499
284 499
338 312
264 367
493 499
220 240
369 192
441 205
135 349
156 467
394 205
28 85
142 382
419 304
121 95
477 499
474 480
390 192
424 321
136 499
14 157
217 459
349 419
202 467
27 372
387 430
455 382
462 323
95 205
290 197
463 415
313 271
497 388
439 245
272 332
57 441
147 367
322 361
414 499
97 366
360 499
492 431
124 454
469 499
406 386
4 229
465 300
485 109
472 450
478 498
118 157
292 396
294 468
138 106
234 211
495 329
293 289
70 300
236 213
460 341
475 382
206 141
239 206
404 304
92 136
367 499
191 301
494 463
451 423
122 490
268 205
282 26
183 9
418 329
339 450
6 20
409 461
109 124
374 341
77 316
78 341
496 499
407 468
172 222
491 388
37 81
167 457
385 330
459 466
488 371
5 168
11 418
361 304
437 468
194 366
450 66
244 477
47 455
203 305
315 381
225 289
126 487
144 326
253 185
132 290
26 43
68 329
446 492
340 391
353 290
391 263
154 93
276 388
160 192
84 290
94 144
0 266
20 378
383 138
178 204
448 371
320 382
323 90
363 156
416 473
69 229
453 256
75 408
224 214
468 476
119 158
381 99
447 492
471 384
279 9
357 138
81 31
370 430
325 184
219 289
343 254
216 196
270 473
17 194
355 253
241 473
35 27
291 270
433 175
98 408
130 104
38 281
161 390
80 138
59 477
295 294
434 388
420 280
346 144
280 417
201 255
341 138
56 239
378 138
256 208
143 86
112 75
252 423
365 448
392 136
421 430
249 186
457 377
21 128
158 260
22 186
386 138
490 337
195 477
372 101
429 109
254 101
344 239
423 106
3 1
375 256
277 179
412 212
137 477
71 43
86 398
326 431
153 229
384 138
428 104
166 453
50 214
380 396
396 473
193 487
330 335
187 358
480 263
300 179
278 106
62 11
188 499
34 428
113 48
226 25
417 484
127 417
368 138
129 289
240 433
204 40
72 183
486 430
230 390
258 254
93 272
223 185
63 490
13 142
165 103
228 490
16 229
73 11
83 406
303 45
231 272
476 382
208 192
364 137
263 433
176 106
214 401
288 9
466 330
179 254
215 22
371 337
255 448
257 331
299 496
222 431
342 456
114 388
116 276
150 188
101 163
82 128
105 477
149 390
159 112
200 353
271 328
498 331
51 247
248 397
250 433
174 230
281 490
302 184
74 173
373 46
12 21
251 106
461 84
85 306
431 408
29 229
44 289
328 276
23 117
110 398
411 382
106 477
7 331
45 404
218 29
229 330
296 138
227 490
413 461
151 194
1 226
307 186
171 247
103 289
125 75
265 477
87 186
146 111
237 53
358 175
233 390
473 377
30 388
410 270
269 97
175 76
168 425
15 105
432 183
123 476
458 95
335 270
334 18
379 464
312 163
40 190
65 89
67 254
319 9
442 388
243 417
308 473
177 321
311 138
18 260
148 332
164 331
89 11
262 262
212 377
64 236
289 276
190 377
186 281
332 245
55 229
246 37
199 436
184 452
235 441
157 353
111 32
139 137
467 189
205 458
53 461
245 43
352 144
131 378
155 166
43 103
10 236
24 176
189 477
91 229
90 104
133 11
96 190
336 9
425 270
426 422
260 43
108 138
39 300
393 329
41 440
102 370
210 453
120 105
180 390
60 408
261 23
192 452
170 230
238 320
454 371
173 359
242 429
31 480
9 358
25 498
141 203
274 290
388 100
259 480
267 474
79 452
317 17
403 490
152 490
163 387
333 194
54 331
115 148
36 360
318 290
48 40
52 281
247 296
61 224
273 482
305 452
134 384
354 148
19 200
306 78
182 473
33 218
376 146
169 9
100 247
8 371
309 100
104 91
382 101
298 406
185 358
58 33
99 417
2 236
107 353
301 17
366 270
286 2
435 490
275 75
145 395
88 94
42 460
117 384
