img00c1.jpg img06c1.jpg
144 373
380 358
370 416
408 416
231 373
125 373
17 261
348 302
453 440
481 470
215 358
474 282
123 290
455 463
372 458
448 482
439 470
292 358
287 373
66 373
165 366
495 490
76 290
116 320
413 302
13 373
201 373
409 358
476 373
391 477
345 366
352 493
482 366
450 370
356 337
150 263
208 261
385 411
268 234
405 478
277 222
192 471
498 358
347 274
441 366
220 274
228 366
486 392
406 246
344 405
267 292
419 242
200 458
288 437
440 120
126 358
414 233
397 493
376 435
301 212
418 405
310 471
84 238
396 274
496 363
389 435
262 471
180 199
318 329
171 450
359 135
445 448
395 462
438 416
258 378
224 302
249 311
398 482
278 286
219 464
425 371
89 187
362 294
456 470
300 25
399 437
366 425
466 337
210 213
487 199
375 478
360 120
442 314
289 302
313 365
335 458
255 426
314 234
363 169
61 494
105 269
221 25
341 373
77 244
433 234
479 360
237 411
431 437
394 486
454 491
85 358
41 269
275 366
436 392
346 83
15 267
434 484
387 447
393 489
494 282
207 367
420 276
321 411
334 217
492 234
471 472
369 471
280 83
336 437
449 49
451 436
324 272
142 245
115 222
350 229
121 270
283 447
330 411
427 478
490 242
270 280
374 455
160 200
337 302
298 395
32 267
70 490
340 363
457 242
342 492
99 214
104 243
443 135
437 356
229 438
422 437
174 382
260 222
415 439
8 267
364 464
252 488
404 252
424 352
358 276
172 464
304 348
235 481
491 331
102 92
40 240
141 218
83 0
243 14
401 242
37 464
138 220
402 448
1 103
218 218
227 431
284 367
269 413
444 483
307 457
101 151
69 211
333 293
168 170
285 242
400 491
145 211
416 405
290 438
328 14
371 280
251 303
464 420
68 480
435 354
10 127
134 419
426 222
353 115
473 476
130 238
27 269
5 240
206 498
113 438
204 222
92 267
136 267
354 412
432 443
485 431
382 276
212 141
381 443
379 407
265 352
447 294
311 222
152 71
390 417
6 60
175 447
211 126
384 136
45 241
222 265
326 311
463 486
58 240
188 261
139 367
166 303
367 426
295 84
80 150
2 226
460 457
349 475
187 187
430 346
114 184
94 120
480 420
467 276
320 106
497 434
56 115
184 92
253 303
477 197
26 125
475 294
177 225
483 127
331 278
158 348
392 475
38 437
302 357
412 187
106 243
161 443
410 91
44 367
226 170
282 126
355 412
128 216
417 270
87 201
339 464
46 241
423 110
131 179
81 142
21 31
97 92
274 481
43 48
39 115
124 269
305 348
465 52
64 240
54 113
421 420
273 365
368 443
132 446
306 36
322 469
403 256
34 144
470 496
388 261
75 212
357 446
185 213
199 348
48 106
261 217
365 351
428 93
242 261
459 52
383 445
250 135
107 196
493 78
386 489
162 361
30 298
119 273
254 69
93 156
315 337
29 395
28 113
198 455
72 309
163 0
217 212
230 144
18 42
291 26
16 244
59 76
24 244
202 420
91 387
148 317
223 293
232 424
266 480
90 344
159 415
149 96
98 446
327 85
446 110
241 343
3 243
181 269
338 260
23 103
286 257
351 481
411 403
118 296
88 276
478 40
155 376
100 78
53 438
325 351
182 229
194 275
247 343
297 170
25 241
140 0
469 50
257 464
196 127
205 303
361 495
51 267
78 382
146 179
133 295
143 119
71 303
122 309
233 481
239 270
111 54
4 222
11 158
195 185
20 419
33 93
60 241
74 294
169 177
35 50
246 256
14 467
429 196
129 115
256 402
294 260
22 113
127 256
309 120
312 428
95 69
183 497
299 217
303 139
234 412
236 195
216 229
7 273
279 218
332 485
378 177
244 332
197 283
407 499
120 390
203 247
137 103
281 19
191 127
272 163
452 393
489 262
55 388
36 369
248 343
164 376
147 346
329 94
79 240
317 498
103 195
179 498
31 186
499 94
156 407
458 91
157 279
259 426
73 422
316 64
112 239
0 71
193 382
484 306
178 58
209 0
213 206
9 248
472 80
49 195
293 9
271 295
468 270
373 62
96 388
296 356
65 244
189 225
176 236
47 424
135 413
377 258
63 443
62 348
50 144
308 66
323 225
343 39
225 54
167 153
319 385
67 355
12 324
214 366
238 97
110 276
240 187
245 303
170 426
462 480
42 150
52 298
153 220
86 241
109 50
154 164
263 198
276 495
151 304
19 226
264 240
108 348
57 208
173 316
186 296
190 29
117 223
461 296
488 142
82 247
