img08c1.jpg img17c2.jpg
231 57
391 221
406 346
214 221
335 120
475 472
109 475
338 346
348 221
132 488
297 346
488 393
446 393
493 443
262 63
302 489
399 221
294 175
247 48
278 241
378 314
286 362
203 141
26 488
258 106
458 214
386 289
295 295
479 448
441 346
451 381
210 398
443 221
254 298
440 274
484 405
324 428
474 447
408 346
123 364
346 221
448 311
383 311
291 297
121 57
473 448
416 303
355 373
456 356
345 475
282 346
395 409
423 289
447 346
326 449
347 221
404 147
360 428
477 473
246 488
215 83
267 141
445 420
497 412
393 334
464 199
382 227
472 404
491 392
407 381
288 297
376 455
390 499
340 270
480 221
110 48
213 398
419 288
175 401
487 273
126 398
143 140
209 277
145 424
384 236
496 352
411 291
444 361
499 352
380 437
353 373
478 166
469 377
495 315
239 439
127 106
481 404
460 303
418 352
476 397
402 400
467 315
457 404
216 308
410 274
251 295
293 129
279 49
462 361
21 125
490 398
232 488
339 488
301 273
426 239
190 287
277 141
287 46
430 455
37 360
341 388
194 452
427 321
129 255
34 216
307 430
146 48
431 388
452 377
422 270
463 392
435 396
230 35
352 35
120 221
454 291
492 147
319 284
290 405
55 10
134 327
130 51
35 464
156 288
217 87
363 102
64 285
300 435
169 221
40 48
465 351
313 375
122 56
442 352
140 50
68 398
273 327
234 167
150 341
159 439
308 151
2 72
103 56
450 297
39 376
310 352
157 476
228 38
4 398
489 388
5 424
43 270
131 439
344 410
117 107
398 191
433 360
236 141
69 244
141 256
429 168
272 141
498 398
172 373
483 476
377 141
115 100
485 479
264 141
222 33
439 408
486 35
455 479
242 256
260 141
394 444
10 10
38 66
333 141
299 114
366 141
46 311
351 304
461 321
133 174
151 203
212 296
428 141
330 141
233 72
198 288
17 362
92 392
244 69
494 493
331 104
208 48
470 388
187 228
100 72
164 316
12 450
56 170
323 102
396 141
253 285
305 497
67 201
155 87
84 167
364 338
266 389
387 239
271 268
91 376
453 388
468 270
204 148
105 317
359 341
350 375
189 460
42 346
437 251
160 490
27 62
168 48
70 72
3 175
405 479
162 89
79 120
224 440
170 476
403 377
144 377
409 453
471 361
195 100
438 9
314 350
414 62
449 375
74 175
119 27
188 239
389 304
237 54
269 164
284 38
23 484
191 172
13 318
343 351
274 165
223 122
436 137
432 375
82 213
16 74
336 169
87 30
193 11
466 390
88 420
116 399
135 242
459 491
181 73
227 96
412 141
388 191
15 11
482 287
205 398
249 257
298 148
60 420
85 429
33 266
268 327
163 420
184 102
36 412
49 142
86 149
20 427
296 264
312 11
225 33
226 72
229 363
401 268
71 294
434 398
41 107
54 374
147 270
149 374
248 432
1 429
101 249
125 279
276 257
322 62
367 73
171 311
89 137
202 110
424 409
206 69
137 183
14 258
112 98
280 165
349 497
66 392
94 64
106 122
177 13
413 497
342 241
263 170
139 207
337 206
138 461
192 57
128 438
354 452
221 424
6 392
30 110
285 204
397 491
220 490
362 452
61 94
152 94
50 131
75 197
81 199
174 490
243 11
199 107
238 490
317 21
19 275
108 249
113 304
83 167
78 259
358 338
173 204
332 350
93 308
334 267
315 62
57 143
154 44
400 491
265 169
415 156
29 427
311 181
357 141
18 428
255 67
11 286
309 435
328 17
365 169
256 54
261 144
98 414
107 401
182 476
28 11
161 360
9 300
48 175
370 452
327 187
72 484
165 69
329 174
90 0
47 364
80 118
321 395
148 300
257 277
375 327
24 249
32 271
356 102
178 235
245 188
281 240
0 185
52 339
421 141
7 264
325 62
186 29
372 326
65 280
62 133
158 317
8 79
118 169
51 327
361 101
218 103
275 213
102 129
252 321
97 394
31 241
200 47
211 276
99 74
392 29
59 87
207 72
142 143
25 73
420 50
197 482
318 112
73 442
259 139
124 159
316 181
306 355
289 97
96 222
166 438
292 103
241 83
381 189
153 424
179 288
303 17
417 327
45 128
235 175
183 356
76 272
180 87
369 181
385 239
368 189
425 94
176 189
95 360
374 383
77 429
270 296
240 240
250 143
53 491
22 108
304 8
373 141
371 94
63 159
44 198
201 13
219 482
283 468
379 110
196 211
320 98
104 211
114 79
111 105
58 185
185 69
167 74
136 185
