img00c1.jpg img17c2.jpg
443 356
66 475
492 417
370 221
399 335
231 475
431 335
408 221
125 475
287 475
476 475
486 488
251 75
388 257
346 216
415 289
341 475
144 475
440 372
277 404
463 461
474 448
337 388
450 315
348 352
444 415
352 260
422 335
228 404
292 352
215 352
224 446
253 196
405 393
496 372
448 432
394 418
134 443
171 244
268 315
498 411
427 388
280 166
312 206
288 200
455 448
375 254
380 352
491 356
267 175
13 489
123 404
409 315
374 435
360 140
126 396
205 75
414 298
438 221
254 196
490 299
166 63
413 472
260 268
425 311
434 274
201 475
489 462
344 404
406 334
359 315
207 41
387 274
479 435
289 446
404 475
363 334
419 472
426 375
457 232
301 260
487 310
398 368
433 472
494 447
347 405
208 48
299 474
460 375
165 454
298 388
308 196
314 315
411 468
436 488
333 324
397 260
328 459
356 373
483 412
310 39
76 488
442 417
212 284
44 129
401 232
393 433
342 341
400 366
262 285
371 232
115 488
17 48
172 59
366 141
227 443
85 41
180 372
275 454
220 405
482 404
142 291
396 405
278 475
139 129
378 262
451 435
354 203
441 494
369 285
362 12
424 367
141 106
318 463
418 441
256 89
235 459
485 472
290 84
395 373
480 433
358 9
345 454
38 200
219 420
349 491
192 285
340 488
432 322
283 491
420 9
471 487
381 342
466 284
222 117
481 495
307 356
311 91
300 297
174 84
402 140
61 31
71 75
391 411
372 110
175 372
284 152
78 476
229 6
437 330
364 72
335 162
146 22
138 490
368 437
336 211
155 174
338 66
376 475
453 409
473 390
353 459
37 277
252 377
285 291
445 377
129 183
92 183
296 351
15 263
217 372
306 117
385 248
36 288
295 480
244 404
421 46
269 377
315 191
124 104
32 131
410 102
135 363
330 391
439 486
270 232
183 397
464 429
313 373
69 405
221 244
459 286
75 274
321 197
204 268
210 175
416 453
390 288
176 389
407 326
198 391
447 232
132 480
271 177
430 114
83 328
230 476
258 141
90 354
332 211
456 112
475 232
495 377
435 9
423 211
218 106
232 327
162 219
4 436
51 219
56 69
236 327
136 183
392 89
95 286
188 233
119 68
294 476
327 428
29 393
384 493
237 391
7 335
152 183
454 366
150 118
386 468
324 430
367 69
147 338
382 9
243 339
250 489
429 343
94 372
223 41
233 301
242 201
428 25
121 112
465 192
160 377
200 141
184 170
355 362
357 239
168 267
187 30
286 110
131 22
462 97
5 102
472 348
194 80
467 178
179 371
461 7
470 126
373 468
98 135
97 441
477 89
304 424
99 163
265 239
322 454
89 97
389 475
58 288
206 286
272 256
329 279
469 286
149 429
248 492
351 301
449 195
12 23
39 46
9 484
239 187
193 183
72 68
148 268
68 354
159 314
50 262
297 207
274 496
59 424
309 140
18 10
247 177
88 9
164 172
158 219
323 490
291 46
74 393
189 107
255 296
259 401
26 64
105 356
303 204
497 402
114 94
365 346
6 51
216 476
112 38
161 466
266 57
452 326
49 118
282 458
334 32
202 236
154 70
113 219
325 286
383 377
128 117
185 175
245 75
279 106
257 341
31 151
102 64
8 385
33 317
41 329
213 170
339 420
182 301
412 172
101 392
63 405
305 135
302 117
173 458
249 445
197 301
127 183
293 114
170 395
276 165
326 445
130 5
120 394
493 183
273 193
20 307
100 253
350 69
48 128
14 283
145 416
10 100
261 54
67 424
73 262
226 145
55 149
317 490
478 249
70 377
21 228
343 121
110 13
163 150
186 21
104 433
23 272
214 442
111 195
84 124
65 126
1 172
379 301
331 11
403 424
35 78
46 102
87 343
53 205
133 177
195 8
122 427
143 143
446 89
499 83
27 119
80 249
209 393
468 357
246 167
43 429
116 174
156 47
211 414
0 426
153 47
417 107
91 476
181 307
191 159
22 176
103 363
458 62
190 333
140 267
34 327
320 466
177 254
281 132
57 85
316 196
19 185
118 62
377 195
81 187
319 249
52 47
167 242
109 119
169 321
64 102
137 174
196 212
62 424
157 173
79 353
96 429
484 213
40 288
264 47
234 429
11 33
30 429
241 309
263 429
225 349
54 329
47 304
238 189
199 424
45 108
240 195
107 32
361 108
77 249
25 413
203 181
108 198
106 288
82 482
178 234
151 75
488 94
24 25
93 417
16 174
86 413
2 67
3 288
28 266
42 67
117 39
60 102
