img09c1.jpg img17c2.jpg
455 356
394 200
421 356
492 356
493 348
276 475
318 57
300 136
317 104
450 280
131 489
372 475
498 448
351 256
365 486
348 362
327 141
82 464
470 447
476 397
219 465
427 120
436 221
454 260
398 346
437 346
248 449
284 454
281 398
364 200
340 346
339 221
361 404
275 435
397 301
288 130
374 196
462 274
163 251
308 430
346 314
321 346
461 281
497 446
217 405
357 298
223 398
155 227
115 284
75 91
295 298
27 244
382 120
393 221
494 310
224 227
478 431
451 381
487 315
408 221
392 227
269 430
316 48
449 310
399 475
456 227
466 349
209 48
419 409
362 373
460 366
479 344
208 404
360 455
490 495
414 361
174 140
438 197
405 288
406 373
420 364
407 420
447 288
270 140
475 214
108 140
94 244
201 284
413 361
116 488
410 497
491 349
64 488
149 405
148 420
381 141
452 466
124 48
172 52
457 388
123 57
292 141
341 141
443 377
227 29
375 141
31 316
194 490
96 102
337 428
367 141
334 443
385 317
330 141
403 260
322 489
287 405
499 435
101 319
283 35
469 303
345 141
352 430
481 406
482 405
370 273
198 244
256 52
496 48
280 200
111 50
458 388
379 141
473 315
425 386
85 392
418 288
442 405
199 376
422 304
369 216
355 273
183 221
306 334
488 377
41 419
338 285
446 251
417 388
289 48
309 120
485 400
430 191
390 393
303 141
477 435
395 475
20 172
294 359
291 404
299 141
126 270
465 226
459 438
486 421
278 49
396 270
210 135
203 398
423 322
435 467
315 49
356 420
102 175
263 149
39 429
439 421
207 141
358 284
91 419
218 141
386 52
104 167
344 141
378 141
176 22
211 291
302 141
25 426
179 69
402 229
363 267
333 490
415 211
480 147
349 421
389 375
200 54
206 494
388 453
190 81
100 175
448 386
44 348
354 409
202 358
22 392
65 200
489 412
114 436
350 239
471 147
431 429
428 493
401 372
265 106
404 342
93 427
271 141
24 425
380 411
432 140
444 421
384 324
112 16
441 377
324 428
474 377
49 405
331 49
279 84
434 388
225 165
347 229
180 399
273 238
411 479
353 323
118 89
110 175
5 392
433 367
213 429
132 396
400 342
3 314
235 256
467 202
168 56
468 297
228 490
391 405
184 88
286 128
445 495
238 361
222 144
371 172
307 4
296 429
57 91
212 476
453 420
17 392
68 187
472 284
267 239
23 112
229 300
259 327
119 69
412 472
19 69
139 119
261 239
373 204
376 314
266 141
483 352
192 190
166 141
416 141
242 490
282 141
38 424
484 306
92 396
310 296
231 327
71 235
173 249
277 182
129 247
133 497
204 377
262 417
305 352
109 119
236 141
77 439
239 439
214 174
387 465
215 356
226 72
161 141
440 497
89 225
216 27
314 363
268 399
76 468
251 114
189 496
426 323
167 169
274 54
13 249
51 79
121 59
329 107
181 355
241 141
106 346
171 237
105 409
32 31
366 271
323 498
359 26
313 377
52 366
196 89
2 54
145 194
368 476
234 22
73 294
252 346
246 406
495 59
424 137
165 45
14 427
15 320
290 476
40 48
78 392
464 326
221 165
377 426
237 102
117 424
0 392
188 29
343 11
240 119
58 124
59 159
409 497
12 314
297 38
157 450
8 215
137 459
10 459
150 409
16 392
95 314
141 241
264 424
191 327
247 401
138 89
243 442
147 248
63 339
197 3
146 141
30 392
153 101
254 249
326 492
220 367
43 383
61 79
332 104
128 420
125 243
159 377
336 117
122 306
142 496
335 366
185 428
169 439
36 459
120 392
140 392
4 392
143 81
154 72
81 458
130 131
135 13
177 18
37 249
182 193
35 392
233 192
272 479
383 135
84 69
245 118
46 432
103 354
293 11
151 287
320 204
54 339
127 161
90 207
230 377
136 458
249 387
42 341
50 427
34 283
113 414
328 321
205 11
175 338
152 287
69 317
83 156
88 276
162 357
11 424
66 429
21 79
285 412
158 376
429 299
156 247
298 309
60 392
325 445
195 19
250 141
7 207
463 354
1 46
55 79
232 363
9 169
178 107
160 49
301 35
86 22
99 249
33 392
45 211
72 458
29 79
79 40
6 321
186 86
67 161
304 6
170 288
312 413
80 366
257 244
258 33
48 402
53 429
193 354
56 328
244 107
107 207
319 87
62 286
97 283
311 165
255 31
74 369
187 194
28 427
134 249
260 234
144 268
47 413
70 286
342 340
164 159
18 276
253 498
26 286
87 188
98 249
