img02c1.jpg img23c3.jpg
427 496
174 353
331 126
437 496
284 434
343 434
404 392
341 434
496 452
448 389
491 3
71 126
305 388
352 126
126 135
329 214
287 416
222 443
413 393
408 289
321 44
453 452
441 446
490 22
319 483
372 288
478 496
455 406
470 381
370 289
410 360
446 303
242 402
274 449
337 456
340 366
349 434
426 283
457 483
201 69
489 322
417 414
137 22
495 436
268 407
231 11
140 303
344 426
228 181
375 402
442 69
466 393
262 76
459 450
499 174
464 301
211 392
259 379
232 0
82 22
278 119
362 230
41 135
498 413
304 392
244 302
445 471
348 69
85 172
146 226
382 99
122 126
298 226
299 110
412 434
227 37
359 456
398 483
409 288
425 64
394 210
440 345
309 23
424 393
129 348
240 11
282 414
396 270
414 174
476 392
83 135
109 385
435 26
360 226
42 409
364 64
483 471
469 443
485 41
164 46
80 103
272 280
271 99
207 23
472 263
434 358
388 366
233 44
387 216
199 407
296 89
123 235
416 257
338 386
350 44
473 471
112 172
24 347
92 499
216 451
401 83
461 412
463 443
484 471
280 64
367 127
180 302
429 353
430 377
415 26
241 377
475 26
356 392
400 471
361 366
292 217
376 230
34 0
339 181
273 58
182 2
474 492
301 354
449 410
371 456
219 226
293 246
374 136
423 471
177 39
357 479
13 485
320 492
428 69
468 346
269 112
333 44
479 391
353 220
477 181
433 400
86 126
135 126
480 260
132 490
383 499
454 377
102 18
288 280
451 203
193 57
460 471
373 23
253 377
21 14
22 200
444 64
397 351
465 33
294 479
487 203
390 69
311 110
332 379
431 280
447 471
405 366
308 354
260 179
106 200
443 23
6 88
438 204
30 91
51 366
363 450
5 366
306 492
202 316
143 237
210 172
420 226
157 315
312 354
208 4
286 354
355 73
101 88
318 98
206 384
209 489
328 159
84 2
351 57
247 346
169 321
386 224
418 372
379 456
462 389
25 137
250 46
281 57
59 202
212 99
295 2
60 409
117 216
255 393
194 348
237 23
492 416
369 321
218 439
395 99
58 119
482 284
493 413
330 475
439 353
488 60
335 243
130 82
196 219
313 198
494 415
385 2
452 304
70 433
450 18
254 188
354 302
391 64
62 209
276 44
28 490
325 18
144 367
378 382
138 368
303 66
20 166
152 439
95 359
110 95
9 280
191 0
380 444
15 168
471 466
171 41
136 108
91 443
49 409
90 18
141 325
181 146
317 305
160 490
178 395
347 220
257 168
432 400
12 91
94 79
256 99
377 230
44 104
411 96
246 6
200 300
486 388
75 366
79 433
297 212
175 212
187 0
315 482
249 131
406 307
421 301
32 409
270 79
145 290
258 232
96 438
113 223
481 381
23 232
336 298
128 82
407 394
121 181
50 260
226 28
358 189
290 410
189 288
381 57
243 45
221 257
266 38
66 362
27 135
133 342
159 423
48 135
314 403
88 212
89 459
334 4
52 315
17 391
149 53
252 316
366 174
205 131
107 82
393 238
7 409
327 126
139 321
346 319
234 346
456 367
389 57
18 95
35 100
467 180
345 217
217 98
155 320
203 256
310 256
168 80
100 456
47 4
97 482
422 43
275 304
342 440
4 331
77 498
65 272
384 273
73 104
147 198
326 110
188 247
277 239
162 108
214 298
283 208
45 301
124 159
105 192
302 43
3 113
265 351
176 131
323 488
261 359
324 60
120 92
183 291
279 95
56 113
238 43
142 367
223 28
26 224
46 125
245 384
104 221
37 192
108 387
114 108
285 453
192 62
251 237
368 76
497 399
19 370
134 358
1 221
458 51
264 348
115 241
131 438
392 319
125 468
173 454
190 28
267 299
186 338
403 216
419 230
36 174
224 190
365 393
127 65
153 354
172 475
179 284
307 359
436 43
215 409
229 189
322 345
316 145
31 270
57 221
300 112
74 238
78 123
16 233
230 132
289 230
61 351
291 198
29 115
399 35
118 381
64 221
116 367
167 214
213 199
0 221
14 192
150 235
11 448
185 431
195 147
67 88
163 176
119 283
204 354
81 409
158 18
148 138
236 20
33 227
39 17
10 209
55 338
99 200
198 8
225 459
69 301
38 486
220 321
248 379
53 221
63 113
235 178
402 6
263 383
165 336
151 351
239 28
2 100
103 221
98 448
93 278
156 336
161 283
68 448
170 338
43 214
111 221
76 448
154 184
8 221
40 448
87 359
184 278
197 214
72 221
166 260
54 55
