img01c1.jpg img16c2.jpg
458 341
492 433
444 458
445 429
417 398
481 449
143 447
395 341
448 390
484 436
486 439
294 291
306 161
317 244
290 213
262 168
243 77
334 253
242 447
474 429
300 204
488 415
258 291
33 492
416 221
187 468
240 189
358 352
406 483
471 409
477 474
402 355
435 409
394 429
355 316
170 36
141 99
297 492
441 452
32 213
320 452
213 470
360 77
410 350
24 450
359 234
464 347
122 4
254 468
148 99
453 230
485 475
381 352
490 429
220 190
411 289
454 424
216 173
115 166
449 449
204 171
451 484
224 161
479 459
480 443
475 295
181 43
173 82
289 447
425 408
348 355
357 303
233 345
457 458
198 63
295 453
131 345
136 86
412 338
250 241
447 362
153 64
230 189
209 137
335 254
403 221
293 470
308 297
237 454
158 36
257 82
383 469
489 454
284 483
193 139
159 128
430 425
347 408
371 250
118 99
470 416
232 189
498 464
326 469
345 470
409 357
465 252
456 416
71 484
346 453
296 476
351 479
495 460
460 44
398 305
405 252
468 343
49 271
128 450
362 449
373 240
388 253
29 200
354 200
286 316
154 26
478 224
389 488
342 377
404 374
260 190
432 417
452 225
256 270
239 189
338 390
493 452
421 363
494 486
69 160
235 213
491 399
439 414
248 215
291 275
211 305
344 225
263 124
285 137
156 213
391 417
305 250
459 173
168 79
274 326
303 199
120 5
161 20
496 462
41 26
438 410
179 99
275 275
363 141
339 319
415 240
353 321
236 263
270 63
259 270
397 470
462 404
309 222
436 289
126 160
469 477
147 472
418 252
311 232
387 255
487 486
160 150
288 245
271 261
461 477
208 245
42 133
133 97
139 51
399 351
113 61
253 298
352 305
50 5
144 142
374 279
302 25
329 259
483 383
77 20
266 200
231 48
36 92
401 453
192 48
336 253
365 278
330 456
287 243
318 259
499 163
117 5
278 240
44 0
169 133
79 105
20 381
214 358
219 64
277 236
450 374
497 360
215 202
18 239
264 189
269 195
428 332
226 25
292 413
135 99
121 105
45 371
184 270
5 136
463 163
166 99
382 269
83 206
206 61
337 387
3 102
176 26
221 443
246 27
442 172
228 182
99 150
73 367
473 218
70 336
108 26
414 360
116 14
183 406
252 26
22 157
200 484
433 40
238 136
419 425
185 327
51 428
229 267
101 381
114 384
422 344
443 339
420 149
67 208
0 346
165 172
255 173
372 77
321 256
325 254
218 26
380 332
130 477
276 256
310 77
440 470
367 204
466 397
95 391
476 59
182 259
146 105
47 5
356 382
82 239
349 171
350 392
482 225
331 131
343 367
14 381
413 347
280 105
100 52
315 280
195 486
251 274
205 495
393 36
109 187
322 190
64 327
177 323
272 187
65 302
110 340
197 453
261 27
40 412
312 449
446 450
78 99
384 198
91 4
52 4
434 453
13 19
25 212
423 109
301 125
314 131
80 457
15 406
142 151
58 178
281 184
68 105
34 247
152 499
172 387
53 34
203 243
178 31
59 340
66 239
155 302
375 259
369 258
385 184
341 47
190 260
188 3
86 247
38 460
75 172
149 178
408 458
324 187
234 239
162 185
89 362
103 151
217 497
265 187
23 392
267 30
119 61
72 430
134 117
244 228
35 188
125 70
378 387
386 189
151 323
171 136
282 497
93 189
366 259
427 288
323 173
199 222
19 61
12 336
249 52
247 59
201 266
60 422
167 3
298 248
241 235
370 342
54 173
37 116
328 131
437 154
9 30
129 427
268 1
39 81
112 270
194 142
279 457
150 391
212 204
105 138
4 161
10 286
299 175
145 156
87 186
124 185
127 136
307 250
11 136
57 161
273 268
2 188
63 50
111 131
88 115
186 239
123 136
26 151
1 136
379 208
223 264
164 391
245 70
396 198
163 165
43 336
407 8
28 438
157 220
361 422
424 399
390 198
30 334
189 51
431 184
90 63
8 334
96 209
191 99
340 153
225 63
400 264
16 36
467 183
210 20
332 3
377 259
74 185
304 495
55 108
132 3
31 230
102 102
368 227
472 158
27 70
319 239
202 309
21 151
222 193
392 244
180 374
313 343
84 38
137 7
376 7
62 28
175 278
283 7
94 153
426 119
76 53
85 164
333 14
104 141
196 22
455 168
138 232
6 32
61 306
81 50
46 82
227 142
364 70
17 268
98 467
7 16
97 184
140 198
92 22
56 361
106 461
174 280
207 151
327 169
316 156
107 22
48 50
429 151
