img09c1.jpg img13c2.jpg
470 462
348 371
494 364
219 468
270 20
487 342
287 243
485 348
497 480
82 468
339 290
455 353
131 468
437 462
340 462
295 371
393 371
398 462
321 462
276 468
436 290
476 446
288 111
231 57
291 435
275 135
442 348
449 425
174 20
261 87
372 468
361 470
284 256
101 110
421 298
492 487
269 290
420 439
382 335
248 258
498 446
208 470
352 372
365 10
419 470
249 39
218 68
116 473
163 493
408 290
401 435
391 293
3 140
315 181
124 256
331 181
357 371
452 471
41 230
250 39
320 186
414 363
266 39
267 104
360 280
207 181
327 181
217 18
223 493
454 215
108 20
302 181
369 435
456 238
496 18
406 439
64 473
351 252
201 395
278 173
308 266
202 398
407 50
149 474
281 493
324 433
399 448
427 335
282 181
458 323
198 437
148 232
209 496
473 492
294 363
286 435
451 395
330 181
438 407
117 162
385 56
236 68
289 435
392 135
222 230
271 181
457 135
362 453
499 355
27 315
229 209
241 68
94 315
115 315
482 293
358 42
384 67
475 189
110 251
155 453
161 68
445 431
396 479
31 389
277 431
370 126
146 104
280 421
359 165
334 9
490 215
183 383
412 198
75 453
355 118
425 250
167 147
413 189
446 455
468 118
91 142
316 453
299 181
306 310
356 102
374 46
395 10
495 116
224 110
453 50
279 380
417 259
350 181
216 260
317 273
49 363
126 398
251 3
283 90
432 409
104 121
367 181
469 60
346 146
459 29
489 200
390 420
430 384
322 410
338 397
211 238
493 2
410 278
347 18
96 430
303 181
481 93
434 492
448 328
180 486
364 433
318 146
194 311
416 181
435 310
23 165
379 181
480 455
57 479
122 140
428 245
403 25
205 423
195 146
354 433
296 350
349 88
402 397
486 88
380 479
474 352
19 3
307 341
433 241
462 29
309 335
488 246
25 490
20 44
461 418
225 186
213 15
106 462
443 470
292 171
441 352
405 365
210 17
450 130
165 118
100 146
371 44
158 288
166 241
477 358
305 455
467 309
215 353
262 475
429 406
40 389
2 3
67 338
152 12
8 281
204 5
109 447
444 372
337 256
76 39
103 28
184 470
119 3
203 455
387 370
471 468
157 15
439 97
394 307
389 409
168 461
32 427
400 365
484 197
88 231
376 52
130 194
38 11
39 402
388 386
265 259
206 470
238 259
423 198
431 44
381 181
171 211
378 171
150 68
89 308
366 360
252 452
313 296
323 487
233 186
363 330
483 487
185 128
411 415
409 291
256 343
465 402
137 3
242 200
491 418
111 481
237 430
132 135
129 147
240 100
285 375
472 328
239 362
344 14
181 204
311 321
293 296
333 351
479 72
121 102
440 147
230 184
268 5
93 209
133 202
65 185
128 124
466 309
191 338
92 135
36 121
189 50
478 122
141 238
192 263
341 171
273 263
314 5
228 200
105 104
95 218
179 3
304 271
79 233
383 155
325 173
112 114
114 74
176 117
68 49
147 204
447 365
127 193
182 407
377 431
78 204
255 11
415 470
172 200
235 83
44 297
221 49
246 202
404 370
310 339
186 61
226 3
169 464
343 28
264 162
326 202
353 204
418 365
66 268
263 183
243 194
159 184
297 181
10 232
53 120
345 395
272 118
177 101
301 230
464 38
244 351
300 323
375 52
258 78
319 345
259 206
188 123
45 115
144 447
154 124
84 3
102 430
15 3
135 15
332 335
71 486
212 54
247 28
83 355
368 200
77 464
328 352
312 64
336 119
200 220
196 16
424 335
190 327
290 311
12 418
58 53
139 19
151 222
162 163
156 359
187 318
173 447
232 416
0 72
125 257
136 72
22 281
140 498
69 243
220 481
193 21
6 54
214 49
107 427
253 345
123 251
386 388
113 50
85 97
460 97
120 222
329 81
43 16
257 74
46 332
81 96
13 156
26 78
118 351
145 61
426 61
14 346
397 279
160 140
90 112
9 160
463 169
175 115
73 204
35 187
72 72
87 229
260 140
5 72
254 346
29 423
199 82
70 423
4 423
74 145
30 3
298 222
142 3
373 200
170 313
42 53
24 3
1 495
55 117
98 156
48 158
197 329
422 352
274 40
59 346
134 447
37 447
138 188
245 363
86 154
61 492
52 424
56 359
234 109
11 209
227 359
18 38
16 97
51 281
33 69
34 204
62 112
178 241
21 1
50 346
7 6
54 281
97 70
17 445
99 281
80 66
342 227
60 3
143 340
47 492
153 304
28 281
164 54
63 69
335 102
