img01c1.jpg img17c2.jpg
294 221
441 214
458 418
445 346
459 420
486 462
338 334
406 214
416 221
410 349
258 221
394 346
395 418
143 437
289 475
484 488
270 52
230 196
359 274
371 321
381 221
242 437
489 443
115 352
409 334
131 140
240 75
347 216
398 316
358 362
433 340
488 461
451 488
465 393
320 305
264 151
453 448
290 352
237 41
475 411
413 225
128 398
288 273
243 352
32 411
224 57
438 415
474 346
232 196
296 130
297 405
478 251
483 439
482 351
233 125
71 488
417 411
415 148
306 57
353 322
460 352
209 241
24 437
490 447
121 107
454 328
293 428
408 380
425 356
479 475
485 448
444 221
318 141
360 411
477 447
464 472
362 437
220 141
403 221
436 363
397 441
126 41
213 405
254 405
480 448
335 141
450 392
466 385
33 48
344 396
352 254
404 366
339 123
239 196
383 464
329 141
159 454
345 441
481 464
439 182
236 256
187 140
284 352
472 377
354 221
364 320
305 206
389 302
325 141
405 285
432 147
198 52
211 375
411 334
452 285
449 315
235 168
326 342
495 163
49 315
351 352
493 182
141 63
430 448
492 334
457 399
177 336
317 239
402 488
494 486
498 450
447 426
135 63
147 453
274 123
193 315
471 494
468 375
312 178
29 297
422 47
443 350
156 352
412 182
184 203
256 257
148 63
363 475
122 84
373 35
310 229
348 405
487 147
192 75
69 41
226 302
20 51
100 133
238 445
309 123
286 203
435 405
372 285
291 203
350 420
99 438
160 284
314 355
266 297
391 472
51 284
215 401
65 62
260 141
25 235
295 494
491 429
216 376
440 377
214 284
346 441
448 334
278 270
473 330
208 273
456 148
229 439
231 195
200 154
281 195
461 129
251 470
470 393
357 239
101 51
388 317
469 35
259 256
342 288
401 211
285 241
142 177
272 33
420 270
277 470
262 38
130 428
55 245
252 232
83 190
195 273
205 286
117 300
356 178
476 287
144 29
47 300
462 376
374 274
399 493
255 51
282 205
52 167
133 136
246 111
369 119
166 97
111 104
165 112
217 452
179 63
355 432
280 228
321 185
14 133
303 329
245 336
418 475
151 10
178 133
223 87
330 430
437 18
22 255
161 165
385 87
170 141
50 300
463 178
19 169
387 464
91 84
72 100
302 359
28 286
172 439
77 66
332 468
361 496
497 495
419 397
93 452
308 277
36 57
382 252
90 439
365 233
139 327
88 47
221 340
197 494
279 155
261 111
153 406
183 341
380 102
108 314
45 102
75 106
150 30
118 63
343 429
499 260
43 476
311 368
265 348
34 21
64 120
263 267
434 377
120 300
158 141
328 420
283 385
428 62
189 117
186 7
66 219
119 22
204 300
114 313
155 148
0 460
292 341
68 476
84 286
336 315
300 300
376 72
53 151
7 72
496 124
57 175
70 122
185 120
80 483
250 104
427 386
8 401
248 351
273 118
334 335
384 141
89 246
146 286
210 165
26 33
247 442
10 338
182 338
341 120
15 386
44 169
17 395
154 141
109 497
442 444
134 438
267 133
169 267
331 72
446 270
257 396
421 175
136 38
304 286
145 22
110 401
35 233
40 460
269 292
378 65
129 177
315 89
414 112
176 141
59 253
86 263
82 300
349 102
6 401
37 189
152 491
27 33
287 24
275 203
171 104
21 119
13 459
38 431
268 468
63 189
190 31
175 28
271 211
324 456
73 439
199 45
18 300
95 164
424 102
124 63
222 165
23 320
58 161
241 486
386 196
67 112
201 79
78 63
31 234
79 304
132 429
5 355
85 46
2 233
206 106
194 143
301 102
228 423
225 164
370 59
4 175
103 134
316 165
167 378
299 354
138 186
244 114
96 73
3 19
137 357
319 424
323 492
39 87
276 184
54 252
249 420
423 19
367 218
337 412
42 267
173 197
426 425
98 81
212 102
157 118
125 376
181 270
253 376
340 120
9 283
396 141
188 29
390 169
196 117
307 206
127 22
30 466
298 219
62 219
11 104
392 110
41 102
322 141
163 84
104 210
140 322
112 424
102 69
313 73
60 208
393 73
81 468
106 428
149 428
227 63
327 286
92 419
202 390
234 323
116 22
207 54
366 62
12 262
94 378
219 406
431 141
375 264
191 327
16 279
87 74
74 29
113 106
180 304
400 376
123 355
379 482
174 185
46 5
203 218
455 268
333 137
1 22
407 376
168 321
377 92
164 336
467 8
162 245
76 8
218 239
48 450
97 149
56 49
61 401
105 102
429 262
368 63
107 269
