img05c1.jpg img09c1.jpg
135 124
444 437
162 174
324 276
398 419
232 219
327 348
27 106
378 376
140 116
137 146
46 174
223 252
323 318
494 475
283 208
405 321
487 498
447 438
474 493
217 124
297 281
336 331
357 379
356 361
211 223
383 376
304 275
195 146
112 118
443 485
347 357
257 242
329 289
213 116
423 346
450 443
451 446
436 476
207 174
424 400
481 490
397 436
351 348
427 418
446 441
66 31
74 25
478 470
475 496
348 281
285 287
326 305
440 498
328 304
150 166
114 203
483 485
287 408
270 236
368 345
288 303
311 303
395 398
389 399
486 486
138 110
411 389
498 489
331 308
306 297
396 416
399 485
453 445
14 117
391 441
196 163
355 403
448 448
337 365
10 7
258 333
131 132
128 117
422 458
76 64
435 440
371 367
321 296
271 237
221 295
464 487
350 391
408 339
407 403
293 239
491 471
434 456
29 58
381 383
214 210
479 436
181 223
75 76
353 427
116 158
263 331
495 469
482 498
469 473
358 366
489 174
190 185
191 196
406 402
402 408
120 102
104 161
105 161
374 353
409 438
476 488
359 339
456 455
471 479
115 127
241 241
393 424
210 205
310 174
250 261
463 462
68 126
182 150
251 271
441 449
89 4
84 23
473 480
316 284
240 266
155 180
303 333
106 161
384 376
420 397
16 22
73 73
346 359
218 258
341 376
296 303
172 140
265 271
309 303
32 38
373 346
354 343
445 470
313 294
3 11
480 474
318 317
253 222
208 203
477 477
132 23
452 436
279 376
314 316
278 303
470 470
151 194
454 486
319 330
403 409
209 294
21 16
69 61
78 10
433 433
412 404
294 349
338 269
247 272
400 399
401 420
438 248
53 177
280 313
308 236
201 123
20 65
202 316
352 380
142 269
484 219
322 290
189 161
212 215
97 149
317 343
176 271
219 212
256 262
414 347
198 295
272 224
266 436
437 454
177 170
415 396
315 370
385 360
1 53
55 22
62 5
488 461
121 407
36 21
169 185
339 354
430 452
178 184
392 411
226 211
98 105
238 221
91 78
362 498
67 156
71 67
148 182
164 242
82 47
65 50
394 360
460 407
497 475
228 230
281 313
60 161
224 213
64 32
242 236
34 1
369 248
248 206
421 469
449 396
252 456
307 301
236 362
123 157
499 499
332 322
193 122
387 349
367 347
261 314
229 317
8 12
22 180
136 403
312 279
185 177
305 298
18 34
386 363
15 61
375 377
418 23
50 20
462 248
231 77
416 218
276 203
320 456
6 407
360 358
465 469
159 77
472 473
468 426
492 288
222 305
419 407
377 163
455 360
119 135
459 469
188 262
40 5
165 162
220 407
458 464
284 497
390 362
282 252
334 285
17 43
268 408
361 356
243 325
485 421
7 242
2 54
431 266
92 198
124 470
255 285
158 113
70 401
152 159
370 499
156 362
439 420
42 81
290 117
493 497
125 156
432 469
4 78
292 407
163 160
13 48
340 290
96 78
349 148
200 216
95 295
286 325
245 293
28 306
429 456
410 236
58 89
496 473
0 269
175 152
52 15
133 136
239 264
35 57
37 431
215 239
56 333
197 288
372 166
183 346
203 148
299 377
118 117
30 238
9 194
129 333
38 70
61 29
264 490
344 422
166 156
160 286
111 164
186 140
23 279
94 300
404 104
85 36
33 51
457 283
225 333
5 397
77 436
72 182
144 408
442 483
199 338
466 424
24 83
194 414
413 354
237 351
167 212
426 251
249 405
206 470
379 109
300 258
363 472
168 61
490 209
301 221
109 484
262 118
216 39
345 447
107 32
246 3
376 103
80 135
157 216
49 481
382 232
126 166
26 127
44 333
173 479
325 363
244 236
86 466
291 247
130 127
54 242
57 353
147 306
113 134
39 441
139 389
380 165
333 159
101 168
154 259
364 166
143 407
141 351
234 142
59 166
295 263
19 152
87 180
179 464
149 151
230 148
127 317
233 25
171 311
302 313
180 193
31 408
48 259
83 212
146 95
174 429
388 103
11 102
102 152
122 192
103 212
273 200
134 100
343 333
342 431
47 36
289 137
461 484
161 130
267 81
41 495
204 164
51 326
417 207
110 356
425 103
45 140
187 162
254 363
428 381
63 464
81 129
274 325
227 231
99 236
88 467
277 31
79 168
235 273
43 162
108 71
269 368
260 67
117 233
25 243
170 44
205 246
330 187
145 109
259 173
365 266
93 51
467 433
100 331
298 132
153 470
335 110
12 309
275 94
90 67
192 158
184 147
366 246
