img08c1.jpg img28c3.jpg
254 181
286 181
402 182
457 212
481 212
339 182
348 185
456 287
295 385
399 185
214 205
472 399
480 343
346 181
391 185
123 271
443 343
246 337
390 326
473 344
406 344
447 344
326 423
282 314
338 344
493 213
288 366
479 449
360 66
132 467
109 298
324 399
247 385
40 382
232 366
475 416
347 205
137 167
458 192
496 499
395 399
26 430
441 344
316 101
380 388
265 130
435 329
210 416
477 316
291 366
478 355
251 312
302 423
345 388
88 179
192 106
423 213
313 399
319 467
297 344
386 287
467 367
146 205
110 459
418 388
408 420
488 416
411 381
244 211
21 205
446 416
352 205
383 420
39 94
419 291
216 213
355 192
290 182
486 349
476 344
495 499
444 463
497 331
209 131
484 399
474 375
34 192
489 499
298 461
448 411
404 192
2 76
344 378
208 182
429 388
382 423
143 205
364 178
393 399
454 381
5 197
499 499
299 294
157 289
189 481
144 166
490 323
307 382
375 101
483 289
340 416
343 156
487 430
327 290
148 123
485 413
120 205
376 382
287 284
296 112
293 323
145 489
498 388
153 206
353 192
170 339
156 291
68 329
422 377
273 93
112 290
440 54
451 271
219 2
159 291
130 86
116 375
322 101
84 390
71 11
211 354
341 256
126 329
169 287
445 86
204 430
198 226
431 204
363 101
163 179
230 481
305 302
465 499
69 363
462 388
410 363
461 360
450 382
87 144
311 184
460 499
96 277
70 125
223 186
253 208
231 90
233 401
469 66
106 133
200 338
464 192
384 294
442 256
463 275
300 381
359 382
41 361
427 239
426 323
212 142
234 345
92 142
35 92
90 275
452 66
11 125
398 397
367 9
417 484
91 94
260 473
17 382
292 448
9 125
23 441
213 416
272 138
494 92
416 399
4 153
50 179
191 87
432 175
134 70
397 332
369 184
323 188
314 9
394 399
151 428
356 487
350 399
248 294
309 256
430 267
197 154
471 399
117 361
415 99
315 178
131 60
414 101
437 423
240 405
433 144
140 200
491 110
332 321
103 407
56 430
57 128
256 303
218 133
67 106
407 182
221 338
193 23
264 9
283 448
138 384
161 420
325 101
150 491
65 359
46 343
321 478
182 18
400 493
36 331
368 101
194 305
459 493
164 300
86 428
147 377
171 407
184 477
190 367
205 78
25 132
378 138
301 173
107 42
135 419
14 487
249 141
276 177
13 274
64 414
33 336
236 473
381 101
294 177
27 408
15 15
55 359
388 9
405 208
181 478
6 222
83 353
206 186
317 131
330 473
42 331
60 179
174 22
250 89
420 255
22 347
226 401
100 86
160 94
284 78
482 493
278 75
201 354
277 188
279 9
1 231
98 118
162 312
361 377
217 75
436 302
439 263
468 321
77 36
121 429
172 330
177 473
8 472
403 492
492 377
385 407
61 453
52 165
85 126
312 453
389 435
37 144
152 330
227 321
142 474
470 263
115 452
176 19
188 101
82 35
119 227
7 408
74 477
10 274
195 331
95 19
303 132
357 9
111 226
409 175
413 490
125 218
220 43
365 270
49 179
333 9
237 87
262 42
141 428
449 477
358 9
186 129
196 237
179 434
54 203
266 321
425 176
203 200
310 388
3 228
149 480
335 330
29 370
263 397
438 320
12 395
259 204
243 453
455 208
128 480
43 136
16 395
241 270
76 235
99 249
229 166
258 267
242 316
387 433
94 174
51 174
93 276
155 290
366 184
101 1
235 255
113 23
239 407
412 270
424 91
373 473
175 419
275 169
18 473
270 443
377 138
238 22
32 41
269 102
105 458
75 204
392 19
79 330
336 144
185 425
124 114
245 430
66 281
178 166
59 254
114 387
80 81
165 390
304 101
19 240
89 473
342 275
73 363
228 209
20 190
30 377
274 260
166 460
180 19
47 271
122 141
318 247
168 495
370 270
215 459
396 99
271 337
72 317
334 102
434 388
466 321
280 186
349 128
81 487
252 229
308 63
329 439
453 492
285 397
372 12
351 251
281 148
127 256
104 180
139 110
306 439
401 99
63 217
261 18
267 178
379 438
129 440
337 384
48 473
102 423
28 43
97 82
371 484
199 59
320 270
224 146
133 29
421 9
31 71
118 392
78 305
187 251
158 458
268 43
362 184
374 40
328 391
331 270
183 290
222 74
225 29
136 328
44 165
255 99
154 264
257 401
354 335
45 271
202 308
58 87
207 61
24 171
53 481
428 12
289 439
38 289
62 179
0 308
167 1
173 144
108 370
