img07c1.jpg img11c2.jpg
447 397
288 247
489 397
474 440
469 392
340 275
256 456
130 23
250 252
223 247
435 371
470 482
478 403
148 27
218 444
436 442
494 484
290 456
476 396
338 247
297 198
442 404
284 198
471 404
208 12
425 323
418 368
282 198
482 434
406 326
490 441
450 356
190 294
457 484
443 393
354 23
444 479
493 450
404 275
396 397
222 198
228 304
432 350
233 0
268 21
271 198
346 71
398 224
321 208
309 23
350 484
207 13
170 456
355 219
213 473
451 353
276 484
440 355
486 203
485 331
420 331
14 35
137 413
300 198
327 121
87 27
412 238
323 242
313 473
445 403
460 454
325 497
410 484
339 456
421 384
244 93
337 241
361 308
386 270
409 359
251 457
241 198
270 118
384 485
326 410
237 197
283 493
293 55
146 151
328 131
423 377
289 326
264 59
448 204
441 471
135 0
291 132
394 355
302 473
136 473
379 242
473 459
480 400
122 197
415 370
306 198
274 190
261 93
310 495
357 320
238 198
347 473
372 497
252 439
401 343
239 493
376 218
230 131
368 455
275 224
266 450
446 497
147 491
189 279
360 326
159 414
205 20
477 232
258 331
391 353
292 198
439 490
414 286
484 461
363 320
428 314
116 110
352 463
334 344
245 118
79 151
466 485
498 428
332 226
217 152
317 114
234 240
194 463
375 264
488 454
45 178
162 59
126 152
499 419
221 188
262 463
192 197
411 443
259 118
362 268
491 407
397 137
422 344
151 137
449 410
154 257
492 51
312 129
358 339
18 55
336 218
462 326
142 134
97 110
240 32
381 279
393 473
395 463
333 198
472 226
383 389
231 116
419 382
467 425
209 161
330 161
481 479
120 490
138 155
278 32
181 197
296 112
348 455
15 444
166 282
204 62
402 116
235 130
247 415
215 110
464 200
407 340
272 190
433 425
434 363
62 349
349 159
8 76
455 268
453 326
344 302
463 344
187 293
382 222
314 334
429 358
33 454
315 152
377 411
342 286
370 257
34 123
211 32
371 320
387 266
179 118
452 116
186 436
322 212
66 346
483 326
59 257
351 155
461 291
329 155
468 362
308 57
123 286
341 123
121 408
63 355
49 122
427 314
374 346
416 110
196 281
280 59
408 291
69 14
2 348
23 152
93 184
253 183
307 405
356 497
70 314
165 177
177 65
248 319
286 304
191 118
144 243
454 268
487 339
392 32
413 223
430 193
269 142
125 335
47 164
37 227
294 419
380 171
458 242
224 87
437 110
184 197
438 297
57 102
202 243
38 243
465 256
365 173
76 132
10 378
176 88
178 132
388 227
100 173
479 110
316 110
188 342
80 20
0 84
32 67
115 132
19 167
496 213
86 227
497 43
236 38
193 465
127 347
150 118
149 82
246 347
113 8
155 251
369 105
60 160
353 196
134 378
389 72
180 401
366 325
195 188
103 13
1 188
257 142
172 218
99 2
160 139
426 383
399 198
143 118
249 60
128 147
243 253
9 25
210 243
390 184
212 56
220 150
405 197
305 300
43 316
132 56
46 258
335 118
197 16
65 218
41 310
345 81
139 468
163 146
214 147
263 131
475 425
108 333
156 419
17 315
98 357
4 267
203 426
199 414
324 54
299 244
21 6
55 314
431 153
273 131
287 248
417 283
175 302
201 57
219 176
31 183
168 131
141 160
311 160
255 120
27 14
229 245
242 489
424 198
304 159
226 348
385 186
29 499
85 302
54 88
152 147
185 109
495 417
206 53
225 489
254 200
378 495
71 142
50 245
82 315
260 321
359 108
279 190
295 109
456 314
74 6
131 37
101 315
129 6
16 38
51 173
39 28
200 243
343 105
53 99
95 183
40 42
281 188
61 183
318 143
133 38
400 320
44 28
285 254
28 8
169 62
331 212
35 105
277 222
124 332
303 248
64 22
167 131
373 54
83 9
265 306
6 54
75 245
174 357
232 22
48 195
216 21
78 273
91 28
114 159
56 167
72 246
182 283
117 223
119 69
25 183
84 333
111 171
67 174
267 167
102 200
110 227
403 196
42 56
22 158
183 72
36 283
107 321
364 250
157 274
20 246
227 135
13 19
367 218
58 89
198 160
26 88
301 168
164 99
24 183
173 332
96 15
5 372
30 312
104 267
94 42
320 156
109 378
153 196
11 246
68 200
298 248
161 326
12 88
106 92
73 54
145 29
88 382
459 225
81 15
7 312
118 218
90 183
140 227
105 200
319 149
3 141
158 125
52 227
77 200
89 1
171 30
92 200
112 9
