img06c1.jpg img24c3.jpg
302 410
282 405
416 239
463 439
233 207
493 151
358 12
234 250
363 292
373 414
83 495
120 38
427 284
457 103
332 225
381 284
472 300
135 495
297 7
475 409
397 415
371 405
415 79
450 151
305 103
242 450
169 103
141 266
286 450
366 363
392 266
396 280
320 17
292 79
222 429
211 59
432 241
437 153
439 86
52 383
337 390
469 207
261 237
289 353
367 347
462 266
423 115
290 429
370 241
354 51
212 154
431 411
448 237
443 262
377 494
401 293
293 453
368 270
245 450
458 122
314 360
136 349
145 240
487 359
93 349
478 476
274 115
464 39
483 346
246 103
199 486
470 293
374 211
473 113
96 19
494 165
291 76
447 216
466 166
467 116
329 8
405 237
406 434
455 241
213 79
25 113
471 94
112 252
419 469
360 40
476 266
280 40
411 188
485 241
189 246
267 378
339 76
492 480
477 280
331 252
49 79
202 266
364 122
395 434
453 162
479 162
335 6
421 117
412 332
452 169
252 430
445 8
84 151
170 106
334 256
365 356
214 121
294 450
351 97
435 293
230 457
414 216
484 422
441 479
474 333
95 378
124 452
140 423
436 322
200 464
107 21
299 81
408 252
342 272
333 239
14 112
317 86
208 423
413 429
346 79
461 443
182 44
236 148
50 465
417 235
438 136
454 90
0 44
348 21
359 479
256 136
231 282
489 213
446 270
393 185
192 361
86 185
389 76
109 471
23 19
275 378
277 88
382 283
424 33
19 472
92 95
62 370
240 48
220 465
486 307
207 137
409 200
142 41
76 85
352 333
451 383
498 315
273 345
356 154
425 264
133 463
254 244
276 76
260 54
306 49
482 332
497 415
349 122
249 41
85 395
42 85
341 88
442 318
186 369
36 97
281 387
481 88
269 423
378 122
285 177
490 261
153 17
74 75
311 333
97 312
198 161
72 217
144 312
426 298
480 306
194 269
308 363
398 165
134 495
123 102
444 166
357 261
407 149
39 442
488 266
402 82
29 354
127 417
115 88
159 182
310 113
379 200
429 369
68 415
303 464
64 87
180 394
266 73
403 213
440 499
102 312
390 52
28 481
284 180
8 354
56 313
129 423
304 334
224 461
301 88
65 253
187 467
322 89
66 76
157 487
225 311
114 166
201 395
287 185
251 92
215 180
253 244
67 363
350 122
99 102
262 91
91 276
410 264
270 76
104 134
203 320
3 186
196 199
318 91
33 248
388 426
139 221
94 499
164 282
181 182
119 6
177 88
12 309
110 53
296 61
298 48
263 260
315 219
152 8
300 333
418 245
250 20
344 121
325 6
327 123
460 339
48 19
108 111
386 311
7 487
326 160
32 312
100 4
491 166
380 350
218 97
361 289
434 317
232 417
146 204
44 461
495 449
26 88
24 113
422 219
51 116
238 378
372 35
309 137
154 42
176 34
5 219
158 236
459 101
185 269
247 179
259 265
125 95
355 152
37 334
430 193
30 423
106 349
46 111
63 219
265 77
496 38
11 328
338 223
241 370
283 89
353 200
197 166
216 53
165 423
468 166
58 232
160 182
163 442
166 169
204 58
205 97
313 100
191 306
184 84
336 175
179 125
90 409
268 49
343 49
174 384
394 101
60 314
4 269
323 53
111 493
217 378
229 88
248 455
69 313
150 24
151 229
227 377
40 386
79 489
38 243
195 29
235 106
126 82
105 338
59 379
89 316
375 82
128 376
362 321
206 114
88 219
228 121
190 311
148 88
131 496
132 71
278 302
101 243
391 18
2 113
116 192
173 499
264 146
20 297
75 48
449 260
258 256
465 162
172 215
57 343
103 332
18 296
272 39
10 125
226 427
122 309
312 114
319 76
328 193
9 297
499 189
279 302
168 179
155 45
404 200
77 297
21 359
45 36
210 351
71 45
61 55
385 464
31 206
43 354
143 248
73 138
54 261
98 146
1 408
156 39
161 273
316 13
243 49
55 483
178 22
369 180
347 423
13 178
345 13
188 88
113 182
324 19
149 208
22 213
171 351
330 461
27 52
420 35
183 213
81 264
271 301
433 18
428 283
219 442
175 88
15 113
387 437
223 18
307 491
376 219
399 93
70 423
41 316
295 49
193 53
221 300
321 461
121 69
53 63
147 273
288 387
383 122
384 480
167 243
117 359
255 342
130 300
257 210
16 422
244 416
209 175
400 244
6 302
340 200
138 102
34 79
239 53
80 219
162 408
82 53
17 279
237 178
78 198
87 334
137 178
47 223
35 426
456 206
118 178
