img08c1.jpg img22c3.jpg
481 283
472 347
457 283
402 235
339 162
493 395
286 231
406 268
254 291
294 31
346 231
391 158
123 302
458 179
231 31
393 232
340 286
480 415
338 339
302 491
290 239
399 295
282 295
295 291
473 341
390 342
347 158
247 73
422 263
476 436
447 341
214 295
326 447
246 498
348 158
475 471
132 480
404 357
443 415
448 494
297 494
324 498
479 341
408 494
355 186
109 290
291 217
251 291
210 404
474 494
464 250
496 421
232 417
360 498
288 120
143 22
394 285
499 421
456 204
411 449
383 494
441 341
484 347
26 411
460 373
440 203
446 9
345 491
146 284
423 204
434 274
110 73
467 241
378 31
131 67
407 309
416 250
462 355
376 217
319 417
478 167
435 298
395 347
444 264
353 265
488 9
410 115
305 373
380 9
335 142
418 489
451 309
489 459
382 355
430 44
477 340
426 221
267 100
442 421
203 100
159 67
126 102
486 473
490 333
313 124
386 160
156 67
352 120
239 363
120 72
34 215
21 72
498 299
213 299
495 496
74 32
40 263
216 353
293 263
492 3
208 124
189 20
141 196
121 31
429 484
307 22
454 449
437 421
130 424
359 285
497 70
298 298
482 486
236 100
465 459
230 20
39 300
279 100
4 357
100 424
67 301
2 34
487 444
151 67
330 100
364 323
116 239
204 210
397 486
162 191
485 481
228 75
272 100
277 100
363 157
163 82
190 189
296 16
301 12
242 196
169 294
450 217
172 155
343 275
191 301
209 80
68 389
439 250
84 34
46 231
223 16
419 206
344 455
494 126
164 109
175 433
148 64
431 56
17 231
310 274
428 100
13 93
55 205
459 486
471 285
300 189
350 235
119 246
192 386
56 413
88 65
264 100
43 321
33 85
91 89
10 208
171 363
273 156
115 258
129 21
35 292
317 332
323 157
64 272
69 69
417 323
396 100
271 100
244 81
387 75
470 210
137 190
356 156
81 250
198 67
405 298
93 203
117 173
341 177
266 278
128 191
280 6
36 372
86 129
358 323
3 31
23 183
449 296
122 334
133 208
135 318
329 385
445 426
249 111
433 35
260 100
366 100
432 245
436 311
276 194
42 443
150 292
333 254
420 100
468 79
145 153
274 6
421 220
79 142
398 296
332 248
183 252
194 219
258 46
195 59
314 386
5 62
140 157
400 486
212 68
409 100
184 157
285 90
388 129
87 380
357 100
188 221
284 75
138 414
263 443
139 426
455 58
174 39
54 278
112 325
201 380
336 304
70 80
32 62
168 39
181 486
253 451
227 430
50 21
59 173
281 246
309 344
106 336
147 354
401 100
205 242
30 23
225 50
365 475
211 380
331 142
287 25
27 17
245 473
259 85
414 386
200 0
11 81
320 323
452 347
361 323
377 100
412 100
381 100
144 261
51 16
90 68
9 62
49 189
206 0
14 348
153 169
94 109
234 34
226 42
466 408
275 138
453 210
237 25
438 130
152 17
8 412
229 297
60 184
83 34
427 463
315 323
103 310
215 121
256 0
385 254
233 68
224 71
48 74
362 475
161 415
179 246
384 117
469 152
186 173
75 240
424 157
105 112
65 59
304 157
217 361
354 475
73 425
19 260
134 450
283 234
1 206
321 32
316 234
327 356
127 51
299 348
149 205
118 51
41 173
16 62
311 336
241 144
37 390
193 364
166 253
218 258
61 323
220 372
318 361
178 354
268 84
461 153
47 340
98 426
255 100
182 233
337 463
85 364
392 335
415 377
158 82
7 16
177 100
342 249
160 300
257 273
72 328
197 219
222 59
53 43
238 338
325 101
15 90
187 84
124 25
52 243
368 323
375 234
269 306
403 46
165 360
413 164
349 411
45 380
176 219
202 417
308 356
491 59
180 219
12 318
289 314
62 376
136 77
250 70
334 386
278 207
6 243
369 169
57 81
125 301
82 306
18 133
292 234
29 83
63 173
25 32
107 68
372 304
221 49
80 39
96 81
104 168
28 59
265 68
89 75
66 83
111 234
157 173
102 447
463 493
22 317
240 435
483 314
367 103
322 100
248 171
371 323
389 311
154 431
58 225
92 35
24 380
95 0
235 31
373 385
97 212
219 380
312 51
170 107
0 380
99 380
243 370
108 380
77 382
379 323
199 376
71 68
76 463
155 361
252 388
207 21
173 35
262 219
114 225
20 140
370 144
425 127
113 458
306 382
185 243
31 431
38 376
196 332
167 388
303 35
44 380
270 380
78 437
261 483
101 83
374 325
328 323
142 346
351 483
