img01c1.jpg img24c3.jpg
486 419
254 8
416 362
294 239
187 8
33 8
320 445
317 122
481 397
433 346
258 292
444 439
445 415
358 292
474 443
471 402
143 414
417 352
488 407
262 122
300 246
360 12
435 363
290 12
204 246
243 12
394 415
402 281
406 131
297 8
477 443
131 130
289 434
233 297
348 363
441 252
485 477
381 362
457 442
32 293
311 332
449 397
464 124
425 282
383 183
458 407
489 436
338 296
460 322
403 362
430 405
357 333
242 414
284 403
411 248
334 217
91 136
353 262
398 111
478 495
122 136
412 299
213 429
436 401
490 415
306 79
115 450
453 239
410 359
275 332
395 407
293 429
49 128
342 340
355 276
451 353
454 264
52 21
211 227
447 375
468 266
493 485
495 111
475 322
296 480
470 408
388 195
448 394
354 205
24 414
479 447
136 17
492 347
224 79
351 7
126 139
344 211
362 352
235 7
484 353
391 94
494 482
432 272
438 419
237 492
291 332
339 319
128 488
347 282
263 156
147 56
415 60
405 94
71 402
389 295
345 429
480 443
465 124
29 338
321 48
236 186
159 429
207 49
193 277
387 271
238 361
421 369
156 485
373 266
456 319
69 47
343 6
409 353
452 124
288 125
461 412
220 81
352 111
120 246
359 317
439 231
482 116
169 106
350 212
397 115
459 71
154 81
336 128
214 204
216 105
443 116
469 412
277 254
462 465
42 142
208 9
160 126
487 446
286 321
101 384
232 260
271 80
184 256
346 56
309 14
302 117
130 134
114 245
428 426
399 333
230 260
195 162
295 402
170 81
221 437
326 469
239 260
310 94
330 297
190 34
83 256
266 429
78 312
250 33
365 217
335 431
176 333
197 57
274 14
476 422
497 291
483 29
273 55
65 245
372 94
422 343
246 4
179 238
244 133
139 33
363 447
183 286
418 94
325 342
36 79
51 353
82 148
100 229
292 162
419 442
380 6
231 260
108 269
401 115
192 464
99 126
226 192
252 452
7 208
251 117
367 246
375 426
256 273
13 112
158 81
278 264
349 370
118 374
374 318
312 183
420 103
265 67
200 483
58 312
328 165
109 67
86 85
356 94
324 67
446 103
25 134
47 378
63 467
110 129
198 256
37 235
437 94
146 377
248 30
117 246
140 49
376 298
22 27
332 6
104 268
255 39
0 486
155 98
27 257
305 449
44 106
30 268
89 166
135 464
315 186
322 6
413 94
186 26
229 273
361 88
41 81
499 229
124 382
60 430
20 101
64 383
15 159
280 200
272 67
472 84
442 113
68 29
165 113
178 204
257 479
14 314
194 382
301 370
241 488
340 377
223 260
18 19
62 34
303 105
152 491
393 81
385 55
314 165
209 299
270 273
45 269
35 381
57 269
93 5
261 448
434 499
282 427
87 48
79 55
473 125
308 378
414 361
23 219
260 424
426 182
253 112
153 232
16 2
173 199
185 260
72 108
298 223
264 260
67 383
212 370
134 143
240 260
31 204
133 9
329 245
366 426
281 334
74 382
222 121
199 106
182 369
268 2
8 39
149 95
66 246
341 127
259 230
137 417
205 160
148 113
217 232
43 109
166 33
408 339
151 379
498 279
463 105
466 101
28 61
333 121
228 129
382 105
377 426
384 81
364 82
3 246
319 137
440 499
113 106
129 49
467 342
141 312
249 39
70 382
267 378
50 22
84 421
125 105
331 165
75 485
427 79
283 146
53 238
59 210
201 59
106 312
218 92
287 334
318 81
269 309
371 200
105 13
491 19
285 54
188 109
379 334
121 377
189 184
21 219
450 166
40 475
90 256
96 19
157 55
80 108
88 112
168 0
396 361
392 426
496 378
10 49
247 67
150 108
276 256
116 267
245 309
206 95
337 213
119 125
404 162
55 202
85 276
307 114
370 219
172 382
177 488
95 189
163 2
304 105
6 39
219 232
424 426
132 213
5 361
171 111
180 423
167 88
386 387
54 71
92 385
4 129
161 147
369 121
196 65
73 235
234 180
111 81
191 382
368 13
102 178
313 127
175 408
215 180
2 265
38 83
98 368
227 267
39 313
299 198
19 66
12 87
81 100
423 370
145 81
11 9
378 213
225 309
431 76
390 81
17 45
142 384
210 147
77 147
103 121
202 127
162 377
127 361
181 387
94 269
26 99
61 380
144 334
138 340
9 26
46 89
203 334
455 81
316 313
327 61
123 209
48 177
112 177
323 160
174 29
279 346
400 311
1 361
56 215
164 416
34 283
407 311
97 383
107 343
76 23
429 13
