img01c1.jpg img06c1.jpg
410 487
306 415
440 440
329 418
143 302
71 290
318 418
450 491
243 358
466 496
146 270
381 463
258 416
474 282
472 488
290 358
434 490
280 353
294 416
490 371
159 290
416 416
347 367
128 286
320 358
408 460
435 366
358 463
430 282
36 49
326 419
224 292
445 282
444 463
471 366
484 222
453 463
24 242
360 358
406 302
465 478
477 282
213 222
425 396
284 302
32 358
293 290
346 405
353 443
242 302
176 311
402 261
185 270
394 282
414 435
451 290
468 462
64 270
454 141
115 302
441 302
345 366
359 447
317 458
286 412
136 320
357 458
480 19
289 242
277 411
449 432
417 358
335 418
479 242
208 280
374 442
426 466
147 261
108 194
418 470
51 367
481 302
279 369
485 282
330 365
397 413
131 120
433 483
348 274
288 395
395 486
155 202
458 486
483 397
409 246
478 302
262 458
493 302
297 274
464 302
475 302
233 363
497 470
404 465
302 421
156 294
373 337
401 490
296 396
33 120
460 302
403 416
55 146
26 269
457 463
411 396
363 435
344 370
135 303
432 242
274 356
160 367
391 492
238 294
487 381
211 222
133 179
235 302
325 425
365 411
187 416
295 405
260 378
312 276
437 471
351 302
254 329
103 196
214 367
278 337
398 289
495 289
415 392
29 469
209 218
492 421
264 303
49 234
383 234
126 83
439 381
237 431
67 389
338 367
179 303
21 269
122 42
56 223
121 260
241 315
311 412
354 363
489 396
339 356
291 412
494 234
275 412
207 343
310 471
58 92
2 269
65 222
79 404
362 242
35 269
69 135
205 66
462 220
412 360
190 42
446 470
150 220
388 293
405 354
7 256
158 349
192 303
459 494
266 462
257 365
221 371
419 282
355 412
336 135
309 356
452 370
81 240
181 288
216 464
372 471
438 483
4 264
226 211
195 453
283 496
172 461
436 396
220 378
184 412
308 95
252 85
420 294
193 135
20 84
442 492
251 222
334 135
364 468
72 127
240 303
352 478
498 346
389 289
476 293
469 337
82 189
167 277
341 294
387 368
204 189
60 197
448 492
421 49
47 273
314 382
371 428
119 179
249 315
41 194
148 303
447 411
322 418
114 92
75 480
100 212
428 388
443 363
14 275
305 428
117 236
356 192
23 59
292 242
90 40
223 449
276 430
350 42
470 492
178 442
331 254
27 80
54 135
427 471
183 315
170 349
263 170
473 356
491 96
10 214
413 354
376 285
91 438
186 438
230 303
18 267
461 337
169 170
165 492
109 280
456 356
28 270
198 127
343 335
73 461
332 489
256 483
5 453
118 329
299 254
52 256
78 144
269 21
6 453
130 413
105 168
152 238
422 198
59 492
89 114
285 310
144 37
200 92
328 494
234 240
177 174
197 367
0 366
499 44
12 328
137 127
300 189
361 481
307 206
496 84
120 189
239 303
321 103
182 418
486 483
369 276
101 493
173 317
99 483
271 396
8 480
113 179
191 279
236 363
166 303
171 453
93 389
30 474
94 239
385 225
349 62
1 453
153 294
154 352
206 170
110 254
116 78
16 256
127 453
488 486
380 388
250 452
83 397
42 0
267 95
272 330
202 131
145 179
188 316
340 424
97 279
11 453
22 447
255 174
261 335
281 37
270 38
175 486
324 370
112 150
31 120
247 161
482 416
134 105
45 119
287 364
392 306
342 417
111 480
301 240
13 14
399 354
132 144
194 362
199 356
229 461
323 442
3 189
9 159
62 42
246 48
104 299
386 116
396 389
80 282
316 206
68 265
265 161
273 379
268 250
189 265
244 361
215 254
44 179
232 303
48 240
106 56
282 240
141 424
227 279
315 220
149 71
19 453
455 299
43 409
95 220
337 328
431 389
463 44
85 91
138 240
46 133
467 258
151 44
393 256
87 40
15 212
367 156
123 453
17 14
37 187
25 475
180 444
225 21
139 488
40 105
61 264
39 24
384 418
298 184
370 409
86 76
74 257
157 379
218 206
319 207
253 69
162 263
375 429
57 122
76 149
304 33
92 265
303 14
38 156
50 341
34 112
129 105
327 33
53 303
140 79
142 221
222 56
63 270
378 250
161 325
259 483
203 276
77 258
228 121
424 49
168 327
231 453
313 364
96 334
201 469
400 347
219 276
248 289
390 378
366 452
125 105
84 214
382 154
196 265
429 54
333 24
423 62
217 253
164 103
210 228
377 187
163 347
368 271
124 257
88 250
66 236
102 355
212 240
174 461
70 362
98 449
245 174
379 69
107 131
407 322
