img06c1.jpg img28c3.jpg
416 185
332 495
463 314
234 92
367 136
373 423
233 181
366 212
120 205
401 423
290 467
423 300
286 416
289 136
242 416
358 92
135 92
363 205
337 312
494 341
302 388
354 416
14 142
396 136
222 421
83 299
426 216
431 299
469 187
478 466
348 283
382 341
464 118
211 271
282 420
107 350
413 66
448 212
355 113
370 253
261 212
274 212
432 256
19 316
381 192
438 125
492 499
32 91
212 468
472 359
419 207
392 312
406 499
297 92
93 302
405 397
473 300
447 488
115 142
439 213
371 420
475 375
245 109
96 53
112 27
395 256
455 92
141 192
194 477
408 381
199 212
488 66
142 290
397 53
207 77
356 382
305 192
76 350
88 135
169 192
176 303
427 192
450 204
457 192
368 92
181 281
314 162
124 175
95 390
377 162
486 371
62 376
309 489
235 14
407 297
476 366
126 135
374 468
145 330
208 14
0 27
277 497
114 281
456 84
294 388
275 479
359 256
362 348
361 393
482 333
329 382
188 281
298 291
322 115
420 294
467 314
471 325
202 330
421 388
192 144
481 197
177 457
331 29
417 244
246 136
459 239
163 316
436 329
280 173
470 423
415 90
165 281
437 480
440 66
25 330
136 499
182 377
267 390
229 457
240 347
317 183
217 142
26 246
411 337
453 388
496 117
285 412
435 423
231 213
369 362
104 385
462 271
213 255
445 385
493 468
10 269
360 491
391 107
458 473
479 413
50 144
94 91
293 253
258 112
256 216
398 95
71 487
42 76
110 301
292 255
324 214
425 138
86 20
189 125
333 344
434 321
48 59
409 38
92 178
388 138
75 455
236 31
312 348
175 236
284 211
68 420
387 200
428 239
485 253
220 18
342 92
410 138
299 473
477 499
69 330
441 466
260 289
180 230
443 431
300 473
270 290
351 288
301 87
127 331
345 137
412 428
133 367
123 229
276 265
8 421
198 228
461 411
22 13
433 107
164 271
346 177
386 98
39 420
134 50
334 203
249 351
263 75
446 92
53 105
67 459
335 9
291 329
167 222
316 292
340 43
254 118
156 441
238 264
23 385
320 9
365 349
99 43
498 128
250 310
28 109
442 378
84 413
308 459
4 478
230 499
336 170
418 99
429 138
422 422
24 330
109 181
341 147
490 450
56 176
119 473
40 260
218 75
372 129
295 473
480 256
241 165
319 50
352 99
66 144
162 470
489 326
306 473
328 98
80 359
483 315
451 330
224 7
144 186
454 92
157 436
3 281
281 290
85 320
390 330
279 444
449 417
140 239
29 269
247 335
321 260
65 218
357 470
60 118
91 273
389 75
5 382
257 71
268 46
269 179
338 227
45 18
310 330
474 268
497 428
265 59
266 224
273 359
495 384
31 296
111 320
57 231
201 175
97 43
108 109
313 107
414 337
484 460
186 42
364 9
37 17
287 176
264 309
378 473
103 291
465 275
187 308
125 349
303 42
18 298
49 42
131 102
215 105
259 406
311 473
148 307
251 66
33 271
344 176
101 111
318 118
146 58
296 176
323 98
158 229
195 168
468 115
138 222
232 94
216 348
214 71
376 163
174 359
350 99
7 92
81 290
307 487
12 287
491 281
209 96
20 333
151 229
487 371
393 20
113 218
466 281
424 43
430 22
339 329
63 395
116 124
400 417
403 93
98 169
326 466
168 87
227 308
47 124
58 33
178 105
2 330
206 254
193 135
402 75
51 314
59 202
252 256
380 491
36 215
102 15
283 194
196 390
78 95
262 58
204 175
205 16
325 200
77 333
179 38
444 435
347 95
183 231
173 91
349 78
200 330
170 14
272 396
499 147
150 480
228 200
52 75
239 338
74 301
72 463
394 341
244 165
34 45
197 135
452 330
160 281
171 108
203 480
243 429
79 230
166 335
271 260
460 42
15 330
64 453
89 78
161 141
13 395
55 421
278 242
185 91
343 175
385 417
61 361
21 190
41 492
226 229
6 71
30 440
404 435
172 395
315 86
155 487
190 411
353 194
38 190
35 228
219 30
143 108
9 215
90 375
16 464
11 226
383 104
184 321
105 94
152 349
128 217
106 39
221 29
147 128
70 144
46 323
43 333
122 333
288 276
82 40
327 102
153 473
253 105
225 43
379 331
139 330
1 316
100 267
44 452
130 460
154 86
399 473
210 310
304 148
117 230
129 264
149 359
248 477
255 308
132 439
191 423
121 429
223 94
54 448
73 377
159 14
27 6
384 431
118 473
137 473
237 106
330 29
375 308
87 358
17 451
