img07c1.jpg img17c2.jpg
394 356
250 221
256 489
339 475
440 356
290 437
414 225
486 214
474 488
406 305
170 475
340 334
282 141
251 315
350 346
338 352
327 57
194 428
262 441
368 451
293 140
444 346
411 475
494 448
412 221
223 352
309 405
478 315
448 214
481 439
310 495
493 411
346 214
457 346
239 493
288 352
410 346
482 346
325 472
306 141
445 315
297 141
126 111
276 346
261 270
480 305
190 310
313 453
490 443
289 489
460 411
233 41
485 361
432 199
228 405
476 346
352 428
434 350
395 441
18 48
439 494
401 305
409 315
244 91
418 288
15 488
360 475
321 455
355 295
384 315
292 141
147 493
130 405
258 1
284 141
441 328
386 148
375 315
423 221
326 199
136 400
218 488
300 141
334 373
252 221
415 254
443 221
148 411
135 41
396 405
404 334
87 18
466 138
477 352
296 123
450 364
80 133
342 178
307 439
469 375
484 270
499 393
397 270
264 57
421 335
266 147
317 446
358 405
283 493
420 270
468 367
429 398
275 48
498 465
381 303
398 221
123 168
291 178
372 270
229 51
351 148
146 48
393 404
463 361
392 168
435 364
45 291
348 356
442 316
14 140
333 141
422 35
425 239
234 251
159 346
211 396
187 341
471 365
70 112
151 138
241 141
402 291
315 284
205 9
436 221
217 422
225 336
8 318
213 454
116 420
172 118
62 284
154 57
79 454
383 297
166 437
470 448
489 317
438 408
447 400
162 57
63 244
66 493
388 288
286 223
196 329
238 141
362 141
416 459
37 424
451 435
452 129
271 141
186 421
361 203
377 406
446 444
354 405
492 377
341 464
449 373
278 341
137 48
231 147
34 273
189 359
274 428
272 140
245 239
473 435
302 454
17 72
491 270
437 247
73 392
407 449
212 212
380 408
465 39
270 141
269 481
311 336
263 104
253 257
97 31
391 12
174 51
236 490
316 59
344 203
462 251
318 66
215 420
287 118
237 141
357 141
138 18
483 495
240 479
332 35
86 23
279 204
347 494
308 84
379 110
49 405
178 51
479 84
453 464
100 51
376 118
108 442
259 141
33 435
419 288
487 494
28 256
280 57
41 207
165 293
371 191
120 400
23 319
156 142
24 249
243 165
76 51
349 468
222 141
472 479
125 406
107 72
235 399
4 72
247 466
232 339
323 162
329 254
208 420
1 235
267 380
365 355
458 182
408 359
456 210
322 454
370 175
188 480
427 25
428 437
488 363
67 452
59 175
268 38
60 135
461 328
387 472
179 141
294 494
413 62
455 141
55 343
141 480
121 260
92 392
207 23
185 272
359 87
374 465
122 141
132 66
330 27
356 270
161 286
10 450
433 57
115 133
304 429
336 283
32 112
160 354
53 339
203 63
133 195
193 351
184 141
257 398
389 408
71 445
467 368
312 351
128 304
497 91
220 30
43 341
175 159
249 211
273 117
192 175
111 113
0 409
366 219
96 392
127 311
230 104
56 31
224 10
363 375
142 393
328 104
2 216
464 360
191 141
181 175
39 240
226 45
260 133
335 109
72 392
454 268
169 116
90 185
93 424
475 57
155 268
149 363
183 87
385 118
25 249
430 230
201 261
495 141
254 286
246 107
198 440
221 399
57 64
199 238
131 256
50 207
21 288
265 300
47 194
110 345
331 165
54 203
200 247
299 63
98 480
40 272
150 175
197 263
74 66
103 262
255 490
31 339
35 476
94 31
314 277
367 476
145 107
195 419
209 69
82 339
83 76
214 304
324 33
431 429
65 118
426 429
298 66
22 206
102 392
58 339
176 249
382 204
399 302
496 141
163 268
16 304
5 392
64 116
26 339
177 98
248 360
219 235
242 390
51 376
29 461
69 175
75 420
27 69
390 57
206 286
105 392
109 288
19 159
281 290
106 452
114 307
91 427
20 392
9 13
140 111
77 474
378 470
400 264
95 249
180 434
143 8
343 118
167 63
202 425
48 195
320 81
152 120
319 107
369 476
42 379
104 317
277 165
337 141
134 102
89 392
295 159
139 157
84 309
227 439
168 87
119 87
210 228
99 340
424 267
182 327
171 185
301 22
113 183
204 106
68 392
52 69
373 458
164 357
403 73
144 425
81 254
3 378
6 64
459 28
405 141
417 141
46 98
305 218
7 392
216 395
101 124
78 294
38 366
13 172
112 159
12 249
345 338
30 218
364 17
129 47
285 425
303 366
118 262
85 149
61 3
36 262
158 444
153 349
88 103
353 97
44 172
157 107
11 249
124 50
117 46
173 432
