img04c1.jpg img21c3.jpg
396 217
455 360
475 217
449 364
459 365
329 203
499 380
210 203
346 365
445 302
292 119
469 451
421 248
468 451
493 350
362 136
393 331
452 11
456 314
344 169
228 341
480 379
294 42
151 428
481 349
233 12
338 353
287 86
363 172
365 119
476 475
424 169
395 324
343 217
463 304
495 361
131 378
373 149
64 436
467 343
473 166
172 12
399 11
460 125
317 12
417 218
437 363
418 200
483 437
497 405
457 379
308 100
444 329
354 159
328 392
27 12
484 347
394 479
234 42
171 246
431 152
375 155
133 413
284 80
226 241
281 116
432 462
498 362
211 392
422 363
386 138
13 428
339 137
39 2
205 463
488 46
299 161
466 384
40 429
159 457
397 487
486 451
465 243
426 250
222 389
230 356
181 46
412 241
434 167
414 172
219 407
353 344
479 377
416 118
55 343
301 172
318 314
276 138
430 137
388 161
57 227
330 97
293 407
391 318
138 356
454 297
474 431
448 137
490 367
357 447
259 405
370 182
310 169
492 451
477 46
147 433
464 282
313 98
303 288
489 416
402 241
236 146
197 44
371 137
272 421
406 9
453 127
385 116
200 20
188 466
435 123
389 283
59 209
377 327
351 113
494 320
440 357
90 46
267 207
268 471
419 332
106 421
384 37
246 392
277 241
206 405
429 442
404 159
321 121
227 80
187 44
67 431
485 25
169 417
87 429
129 405
155 69
10 372
256 390
154 158
443 202
436 374
359 222
167 318
458 143
349 37
361 424
423 318
433 367
320 448
336 299
110 289
98 343
262 155
203 109
192 499
405 357
48 348
195 106
306 301
99 225
149 370
360 392
352 290
105 198
189 54
368 407
279 81
58 417
156 158
273 303
263 44
407 362
447 479
334 116
255 241
100 437
241 17
225 333
136 155
300 293
304 28
194 370
462 283
400 76
92 109
221 139
410 310
137 80
496 365
8 429
34 198
178 310
295 223
425 402
345 477
364 37
307 143
41 176
325 37
392 392
0 16
367 182
383 37
22 54
374 81
451 431
182 332
124 152
237 111
180 343
390 206
93 136
341 252
12 499
253 220
60 35
190 111
487 0
32 364
201 44
78 241
260 80
86 255
130 237
28 311
340 37
461 357
491 127
51 499
36 383
283 370
88 10
193 499
408 182
134 289
224 323
152 44
212 332
248 54
3 249
305 37
202 3
186 109
101 249
65 289
282 158
358 143
44 416
319 37
4 107
9 102
83 59
257 237
441 0
208 378
280 322
446 46
184 120
240 482
335 37
176 499
254 310
314 132
73 44
239 252
14 392
331 37
380 242
31 21
337 242
420 158
38 268
450 348
204 138
369 499
265 211
442 310
54 323
409 264
438 441
23 16
324 252
428 264
242 275
49 395
247 3
356 182
175 83
191 174
238 354
143 310
348 295
24 79
108 464
132 358
135 264
170 358
199 219
252 237
196 182
243 3
21 306
249 371
7 52
72 311
372 196
1 77
439 250
126 118
198 228
472 183
77 228
471 441
478 123
119 181
33 228
19 228
332 132
50 325
162 289
251 348
94 499
258 144
427 499
298 94
309 156
164 57
261 303
278 215
326 182
302 323
382 37
20 77
288 499
6 189
163 310
387 425
146 348
274 275
121 54
53 54
81 111
250 152
96 62
174 152
173 57
102 264
229 173
327 226
269 111
123 74
413 37
232 30
109 135
116 152
85 92
177 81
218 275
415 182
89 54
333 312
84 207
74 228
411 116
161 136
217 81
220 30
15 468
376 441
366 182
18 310
26 228
120 264
347 354
52 409
271 97
111 228
266 268
30 144
71 328
145 412
245 150
207 409
69 244
290 81
322 257
141 198
80 316
37 232
150 320
166 69
42 136
61 197
470 225
43 117
122 94
45 59
158 243
183 57
117 65
398 182
144 52
286 319
16 16
113 94
114 311
291 332
315 273
5 62
235 152
91 194
179 122
482 481
76 172
112 18
2 79
264 269
231 187
213 497
312 242
103 332
165 226
381 226
153 251
379 182
378 182
107 120
316 37
323 142
29 189
270 90
342 226
128 323
104 283
244 193
66 154
62 169
285 79
403 283
296 57
17 81
223 143
47 207
148 103
289 30
75 10
125 151
160 311
214 383
139 14
157 191
297 323
311 44
185 135
35 49
401 109
46 383
215 80
142 27
118 80
11 226
97 320
68 182
56 226
79 21
63 268
140 289
209 481
275 44
115 227
25 278
350 494
168 147
82 388
95 152
355 135
127 62
216 228
70 157
