img05c1.jpg img19c2.jpg
323 54
483 278
397 387
232 493
456 347
359 247
324 488
343 110
445 394
395 394
209 427
470 394
351 371
484 79
479 462
213 436
327 297
140 436
489 420
198 16
487 394
353 198
443 278
316 247
298 8
405 394
464 377
287 371
362 297
310 420
444 394
46 420
439 330
314 362
399 483
440 498
452 314
196 379
266 297
401 330
283 476
95 16
447 332
436 462
162 420
398 477
211 485
181 449
462 119
441 48
207 420
408 279
396 323
482 462
356 477
304 379
457 329
337 344
221 16
135 59
478 498
201 54
373 54
465 303
236 240
494 419
389 440
297 488
438 79
475 16
338 215
433 323
347 247
422 117
331 362
377 155
402 247
400 440
272 420
394 240
369 119
414 214
313 294
217 59
363 370
124 447
481 499
348 440
142 240
499 346
66 115
76 436
214 269
469 332
156 427
202 388
497 384
493 294
242 323
284 25
358 197
430 440
409 301
223 80
485 330
431 252
263 323
350 483
325 9
434 380
449 472
270 323
365 57
318 198
390 79
308 323
289 63
188 467
455 215
197 496
329 439
285 59
496 468
425 222
474 461
94 451
137 322
423 54
463 258
344 110
410 248
492 379
450 477
416 268
109 102
477 311
49 457
195 322
97 446
252 468
144 471
367 218
106 322
346 21
495 117
143 64
206 447
372 57
282 80
193 31
415 472
391 478
404 397
349 397
240 322
460 246
491 379
35 21
360 401
268 319
459 380
264 467
339 477
315 152
173 132
92 254
104 343
375 61
28 152
451 379
406 389
239 397
146 7
383 268
68 410
488 308
182 322
105 418
386 421
189 343
77 371
56 103
384 133
27 491
200 24
472 332
336 242
20 437
276 21
437 467
448 280
380 63
136 472
194 119
14 234
249 466
385 362
411 329
241 13
251 322
292 305
432 194
72 279
357 268
70 48
123 234
332 486
312 315
6 160
250 343
160 146
387 59
366 170
424 240
419 295
490 330
98 13
24 190
114 155
208 410
294 192
467 324
253 420
84 137
23 103
299 61
161 196
147 467
378 268
381 269
261 376
32 224
0 215
102 160
418 10
279 133
421 249
30 452
126 243
361 315
368 128
220 3
150 13
254 9
257 145
326 485
121 103
116 73
278 355
498 386
407 349
319 323
320 115
215 36
355 467
364 13
41 270
219 36
128 234
157 121
453 25
138 169
341 268
177 204
429 380
151 353
74 333
175 224
486 468
428 243
57 288
288 268
119 150
176 252
256 392
183 324
179 70
300 430
392 310
185 327
293 36
26 445
120 22
393 348
446 478
296 133
473 410
374 102
480 478
131 490
321 175
17 353
75 322
230 68
280 301
476 477
426 68
413 329
454 472
471 437
139 322
271 206
311 242
31 267
171 272
222 289
379 213
382 34
51 272
306 112
333 1
412 477
309 206
442 488
86 333
246 75
243 484
132 451
159 334
79 281
164 145
169 248
22 406
340 243
417 222
371 13
178 482
203 82
33 464
328 147
60 418
370 329
259 273
229 289
301 120
25 42
468 31
78 103
427 231
166 230
330 170
125 497
224 185
248 303
43 91
226 342
265 112
71 435
158 158
277 51
273 273
65 497
335 170
50 31
110 226
317 318
1 36
29 349
80 320
191 357
260 34
129 140
83 89
64 372
190 248
199 218
54 145
58 214
192 132
53 246
141 244
9 62
101 335
274 348
13 468
334 353
258 110
204 120
235 157
322 89
233 333
87 406
342 113
5 36
216 121
281 301
61 383
388 222
155 398
376 170
291 181
19 18
461 335
85 68
118 269
165 91
307 88
7 403
148 491
244 129
225 386
91 290
210 321
345 353
11 105
59 31
352 348
44 110
186 295
55 335
108 374
227 292
172 53
167 68
42 213
127 205
269 372
212 298
237 425
112 320
45 269
39 474
88 254
205 226
130 261
267 5
62 372
295 195
100 94
255 386
174 218
134 418
93 12
290 15
228 279
111 386
234 397
69 224
286 495
18 45
133 103
231 169
303 32
247 327
262 174
180 64
10 372
184 40
34 36
245 318
3 459
99 10
305 190
113 161
153 424
37 133
170 418
36 30
238 88
302 292
90 185
81 397
420 175
187 89
4 8
107 342
149 428
218 202
8 472
52 103
73 224
122 354
115 318
48 225
96 425
168 143
163 74
38 103
67 3
16 335
15 226
82 489
354 318
89 82
63 8
275 383
403 451
21 349
47 341
145 10
12 10
435 138
154 222
152 88
466 120
2 468
40 290
458 110
117 231
103 32
