img06c1.jpg img27c3.jpg
302 484
416 362
463 362
233 292
320 178
373 289
358 122
282 395
120 362
299 69
381 458
242 300
222 98
423 435
371 434
363 292
234 220
405 485
366 416
458 69
141 428
245 11
401 289
32 466
374 11
457 458
305 458
286 300
289 392
297 450
367 14
192 47
212 10
293 228
469 292
332 292
352 69
478 431
261 290
378 69
425 237
290 435
370 431
135 220
280 121
397 471
170 13
448 290
83 493
350 69
470 289
427 458
429 237
211 240
311 69
136 397
246 126
169 428
331 11
274 136
382 275
435 289
306 108
439 11
199 7
475 360
431 207
464 141
377 299
396 165
432 363
365 441
50 52
346 83
354 299
412 305
410 237
337 12
474 368
392 439
189 18
220 429
93 232
441 411
360 399
19 492
455 289
406 363
356 323
494 141
395 363
492 428
368 269
349 69
447 485
443 330
418 237
294 353
196 45
417 335
438 141
388 313
446 75
334 259
71 184
489 130
477 494
300 69
415 6
424 56
408 411
473 218
403 213
437 201
486 321
276 47
476 439
314 451
454 122
472 274
42 19
14 222
180 102
479 428
52 241
462 392
25 490
421 449
329 7
390 47
342 47
480 276
94 99
493 33
426 203
335 313
411 270
119 93
208 421
440 490
256 203
453 472
144 466
467 332
461 335
127 429
230 400
471 448
292 103
156 21
96 301
450 363
76 155
348 19
436 239
451 276
251 98
359 363
254 255
187 241
84 33
207 18
0 54
419 399
364 190
194 108
145 136
62 70
490 490
190 366
153 91
339 241
445 200
317 232
109 440
413 442
115 275
133 496
301 29
95 495
275 495
59 81
255 415
333 243
485 0
270 432
291 458
56 311
85 108
338 5
308 15
140 421
142 133
267 379
112 11
202 136
200 413
5 90
499 79
213 68
250 329
420 357
414 480
273 109
48 243
86 35
266 102
316 406
72 283
434 306
191 276
402 97
134 411
409 97
498 421
217 29
326 122
379 97
336 112
389 241
204 69
164 139
442 50
298 386
60 247
229 85
67 46
157 269
58 54
247 467
68 197
69 432
26 85
483 325
195 197
361 51
369 247
177 85
484 291
231 165
124 182
110 197
218 293
65 406
318 421
272 21
307 2
357 56
36 361
40 434
182 391
325 415
252 193
201 108
324 242
104 243
497 434
66 432
315 181
91 324
487 424
481 2
185 108
482 305
260 369
155 70
284 155
75 387
239 159
174 497
18 288
154 120
146 361
344 61
399 69
380 90
23 179
37 86
107 155
236 41
249 421
38 172
241 202
422 423
92 359
89 365
452 210
33 221
398 106
129 421
240 6
269 196
262 361
295 108
221 171
281 47
54 385
44 267
105 288
22 301
28 399
29 360
173 316
214 191
394 61
172 69
181 387
263 407
407 29
12 197
99 94
49 244
235 114
310 293
343 80
219 99
97 418
132 87
265 197
123 387
428 247
253 419
459 387
186 284
264 79
285 62
309 18
101 387
108 84
347 297
3 259
8 414
488 218
31 364
283 154
319 472
176 185
149 141
159 97
224 347
74 143
351 394
139 447
444 421
20 201
39 301
100 377
168 242
209 419
77 364
82 94
7 75
158 275
258 344
330 171
113 406
203 266
21 405
257 241
79 95
125 432
128 432
114 421
393 345
143 453
387 322
81 490
106 446
147 75
277 2
4 70
57 364
327 147
355 6
433 29
197 52
271 271
404 56
163 473
495 217
216 373
279 344
43 433
166 191
228 69
312 130
323 373
225 373
10 414
193 429
210 343
13 26
466 97
184 384
102 425
130 233
385 311
227 139
111 457
232 426
456 322
179 218
268 320
303 418
449 418
88 217
131 411
287 61
64 418
386 271
63 429
243 278
30 421
362 79
460 357
51 303
165 421
45 217
341 2
296 311
73 313
223 101
237 100
122 419
103 86
171 387
430 322
496 62
9 303
34 369
150 417
78 229
376 89
383 119
6 144
24 56
11 241
55 281
15 218
46 417
259 282
206 298
188 421
152 90
117 88
372 252
353 322
238 62
1 228
126 145
375 217
35 217
328 187
340 344
321 369
384 236
248 35
205 152
313 355
90 436
345 86
468 465
215 159
151 421
491 475
465 419
175 421
16 228
116 217
161 166
162 418
2 447
53 482
61 347
98 366
178 155
391 29
167 387
41 410
148 232
80 144
322 276
198 148
244 417
70 97
121 102
278 366
304 170
87 369
160 417
47 279
183 301
137 467
400 144
138 135
17 130
288 317
27 131
226 335
118 279
