img07c1.jpg img10c2.jpg
250 361
447 349
414 298
482 414
190 144
489 349
435 326
256 484
434 342
394 279
490 454
412 208
313 442
325 316
384 316
474 458
478 434
481 373
401 316
290 471
339 471
233 128
310 232
444 439
170 471
228 53
327 77
486 323
471 356
205 145
252 73
398 229
326 422
368 232
309 53
291 145
293 144
346 323
442 356
276 362
151 117
218 470
321 470
485 428
448 323
406 323
350 402
440 396
493 323
130 53
244 180
436 366
396 349
411 434
469 432
457 491
410 402
476 366
443 308
494 439
135 45
352 442
423 313
439 442
403 220
62 117
463 498
480 392
498 189
347 442
354 53
393 442
289 471
420 249
473 420
87 16
194 405
477 316
261 180
136 470
445 419
251 316
18 53
360 471
441 285
45 16
395 442
213 450
355 362
409 434
460 488
372 274
262 405
146 349
317 221
491 363
454 328
386 180
466 316
404 326
283 392
137 86
184 348
138 224
425 382
258 194
484 194
470 366
15 422
450 377
400 269
147 488
340 180
150 348
79 53
383 465
452 279
338 323
349 181
302 477
499 217
179 348
390 98
379 382
432 381
492 306
334 194
275 208
234 324
266 316
307 9
381 386
264 77
342 145
405 269
364 188
358 208
413 181
245 382
472 170
189 274
397 110
259 382
239 488
449 381
223 323
446 316
148 16
392 16
341 170
375 488
288 323
154 77
63 45
370 193
467 309
211 498
415 209
438 442
191 348
120 470
116 67
236 330
365 118
14 141
98 300
391 383
97 67
332 170
377 316
231 180
274 349
429 88
399 248
387 320
402 279
235 339
295 11
166 392
315 470
278 170
33 460
126 490
238 382
316 67
217 490
348 396
407 225
186 378
451 194
75 408
201 398
162 77
380 450
69 193
59 77
272 465
422 324
159 432
127 159
329 224
335 146
458 216
178 145
465 23
65 124
280 77
229 182
487 442
34 317
100 365
475 98
344 366
418 372
155 216
453 140
212 202
122 325
80 335
241 382
282 382
49 422
240 170
351 498
296 170
215 265
389 429
419 372
70 434
249 479
152 256
270 348
8 473
271 348
2 380
322 52
424 188
297 325
181 348
431 215
103 185
488 383
121 45
4 67
192 96
237 348
462 323
417 250
428 338
369 19
254 106
483 140
57 359
174 182
123 471
323 382
74 202
209 260
388 372
208 236
171 457
221 366
374 12
196 263
247 225
421 108
10 211
66 448
222 269
363 346
353 257
433 77
41 424
172 26
306 280
22 426
361 92
37 60
134 247
253 107
255 459
193 72
461 88
286 306
495 280
143 426
227 456
149 34
60 103
67 299
132 202
479 365
279 312
161 256
284 280
1 394
265 107
304 75
165 473
47 153
83 159
294 276
21 61
61 469
207 247
343 259
430 346
226 162
76 145
140 159
141 103
145 27
125 338
183 27
187 331
292 216
300 272
50 408
28 211
287 296
23 361
142 383
107 67
308 67
345 163
357 249
43 300
84 109
371 458
163 413
333 272
427 338
496 401
356 353
497 180
160 193
131 107
0 181
455 328
468 4
115 145
330 219
104 408
408 213
298 42
312 446
6 330
242 498
99 375
106 289
318 296
366 61
416 375
156 498
299 35
376 26
267 46
51 46
56 424
129 121
246 282
385 296
464 106
164 9
225 51
257 238
139 248
362 166
177 270
260 462
86 11
93 92
38 143
53 186
173 102
456 338
17 67
199 432
337 382
119 27
168 27
314 80
301 19
367 163
328 70
27 332
32 54
268 370
459 32
195 482
71 274
378 488
263 27
200 375
437 2
24 47
13 153
114 151
324 276
108 135
39 499
269 90
202 222
320 259
64 329
133 245
319 24
29 72
82 7
40 41
331 42
216 93
113 258
359 381
219 143
25 47
210 143
281 457
188 51
169 299
153 333
109 61
232 196
46 178
90 463
175 319
36 111
243 42
54 366
204 330
55 90
110 122
128 42
105 1
9 120
35 35
197 1
48 338
96 408
180 212
224 263
336 106
426 77
158 79
176 473
95 47
311 240
214 42
16 203
382 373
198 149
111 10
85 36
230 245
182 399
144 178
373 178
185 178
203 35
31 47
102 106
81 481
117 102
42 109
206 74
58 468
73 222
101 451
94 67
72 105
285 165
112 258
12 47
88 36
248 24
77 355
167 245
305 302
30 140
157 27
92 136
124 11
89 136
44 174
78 255
5 1
19 6
3 492
118 375
277 346
52 167
220 174
273 259
26 443
7 136
11 443
91 47
68 140
20 47
303 143
