img00c1.jpg img24c3.jpg
268 47
260 44
490 395
457 357
441 281
340 204
288 153
414 204
314 183
335 122
463 407
231 414
482 363
262 94
440 364
496 413
368 268
469 427
125 414
363 174
311 171
498 352
347 237
399 326
444 419
284 296
431 326
220 8
280 277
371 171
492 360
370 362
270 188
352 229
375 231
401 357
426 191
287 414
408 362
200 122
442 360
192 94
427 231
310 94
432 307
433 476
348 241
434 422
66 434
443 282
489 449
13 488
380 485
476 434
450 352
409 352
455 472
215 485
494 442
292 293
465 377
228 429
396 281
318 8
307 174
354 332
474 443
333 195
144 414
277 429
330 188
116 17
250 72
241 49
267 79
483 417
406 284
413 460
422 337
393 321
491 282
388 230
301 229
321 135
364 136
180 38
424 333
486 390
17 8
385 217
415 282
419 434
438 362
397 278
227 50
372 122
356 266
381 262
198 93
402 275
428 268
224 444
479 350
123 429
390 340
85 397
126 164
341 414
451 299
289 403
179 388
360 205
466 266
165 115
232 33
487 297
134 50
436 288
204 192
460 357
459 368
485 211
337 231
405 7
362 272
256 97
346 282
171 16
275 429
326 58
61 71
235 112
359 128
76 363
208 220
237 217
374 488
394 359
201 488
353 218
355 332
418 237
395 266
283 413
113 21
207 1
290 208
172 165
115 191
274 208
38 345
63 142
462 464
411 369
317 388
74 106
168 156
342 162
188 80
229 21
384 258
300 264
175 172
217 413
404 434
139 390
209 142
369 94
344 402
140 142
258 81
302 33
473 84
252 266
59 137
226 106
328 26
219 165
315 424
449 369
437 241
145 175
345 363
391 482
425 29
278 488
29 106
223 46
90 129
243 88
439 410
471 470
429 307
44 353
304 88
94 483
481 410
124 106
1 332
309 156
349 405
255 36
316 215
416 24
447 52
142 397
387 318
15 378
160 266
336 153
83 168
132 314
324 97
298 258
475 52
327 117
170 109
392 409
313 297
285 406
420 183
297 106
445 499
205 260
472 257
212 4
448 213
376 488
225 96
69 117
199 22
222 184
430 276
128 107
254 260
312 449
365 442
366 81
367 88
306 193
68 71
249 333
221 367
138 42
386 178
186 212
148 44
7 326
293 155
453 266
10 273
203 179
92 243
464 276
218 113
78 146
239 427
210 79
102 312
135 348
299 114
174 23
71 260
4 156
75 154
32 378
295 39
122 22
193 380
253 260
273 199
244 429
495 499
118 49
117 91
456 103
251 464
400 189
423 273
37 283
99 28
89 179
104 279
166 87
87 497
98 335
97 245
119 23
206 377
357 355
373 369
173 382
36 19
34 374
478 417
242 474
410 269
56 43
339 212
435 124
383 438
129 378
480 321
84 423
183 415
467 105
477 219
95 105
88 40
488 432
53 212
294 55
379 146
120 268
233 146
182 109
121 383
213 84
64 48
195 197
20 493
73 108
236 184
389 450
269 134
41 105
105 278
332 257
52 152
162 133
261 43
72 314
114 113
185 178
26 429
214 41
281 19
322 405
329 24
18 34
338 55
33 446
266 79
164 426
265 333
81 78
325 114
47 382
49 388
3 332
461 235
331 302
202 35
161 313
169 43
305 21
308 260
127 34
187 13
67 22
421 88
70 261
6 71
158 18
178 144
152 154
291 35
27 121
150 260
196 77
91 301
133 96
230 29
257 71
14 256
272 186
184 44
136 378
279 54
149 43
197 328
54 143
50 121
130 265
216 43
259 180
351 48
303 29
154 333
497 455
159 269
296 59
40 48
361 421
245 215
147 23
403 298
55 426
458 269
189 55
350 88
48 100
100 313
286 334
334 19
468 260
58 332
153 343
358 183
45 48
176 466
446 273
12 133
8 218
194 379
111 96
62 21
0 18
96 13
109 161
9 16
234 321
143 180
276 202
190 340
320 5
31 313
378 114
417 260
282 219
112 122
156 343
5 340
238 13
167 100
155 2
39 35
106 149
21 273
51 378
248 497
240 382
107 381
137 2
43 380
452 283
101 381
398 332
103 182
151 234
157 382
79 137
146 267
470 384
412 253
163 106
382 306
407 146
110 498
377 334
323 147
65 88
57 33
263 136
131 208
247 41
246 23
343 317
264 235
141 240
493 208
454 166
177 465
25 392
484 49
77 219
181 381
30 316
23 421
35 427
46 370
108 88
22 136
271 74
11 99
86 392
499 322
19 273
191 177
93 158
2 161
16 6
24 427
80 48
211 166
82 78
28 427
42 100
60 20
319 100
