img09c1.jpg img25c3.jpg
219 326
485 283
497 448
348 126
498 363
406 265
295 208
487 118
321 316
276 375
163 397
82 326
357 110
131 326
436 214
208 487
339 73
365 451
476 307
437 345
455 144
398 345
408 146
340 345
116 463
248 339
372 239
281 239
275 409
112 17
452 448
494 171
223 239
459 266
291 254
454 78
442 283
270 31
393 126
421 144
351 55
361 283
499 227
403 78
470 363
287 31
352 31
451 265
378 79
456 132
360 183
449 133
288 489
438 100
458 100
284 487
475 132
174 31
492 497
64 36
269 73
384 80
101 36
479 279
420 278
155 252
108 31
389 81
446 92
414 183
419 254
172 124
473 328
379 95
75 51
344 79
124 402
209 119
289 119
413 121
363 79
490 352
194 251
157 106
369 254
39 17
294 256
213 106
382 24
391 143
376 95
217 206
202 361
286 254
457 29
308 265
399 451
495 193
115 390
283 265
401 254
465 266
31 70
41 31
392 132
407 128
201 256
262 352
390 145
20 5
238 100
338 472
463 262
198 159
306 221
322 458
316 265
428 80
324 463
450 139
296 106
334 80
49 151
349 78
353 40
469 100
345 95
358 256
396 256
385 80
362 183
318 104
482 121
25 327
448 300
337 81
65 184
491 279
367 95
461 279
235 478
224 252
364 149
299 319
471 347
149 390
374 243
430 206
271 480
277 277
280 2
427 24
148 101
242 251
246 168
183 11
375 161
27 354
412 244
434 289
462 205
110 93
118 418
489 259
355 121
91 403
481 416
94 354
104 0
402 472
356 62
395 239
417 240
496 11
117 117
415 476
303 95
432 308
330 319
261 319
453 128
226 377
400 95
418 57
426 262
333 457
493 2
370 322
71 124
207 480
445 118
133 168
189 62
380 239
431 57
480 92
410 412
444 151
346 135
211 355
341 95
394 182
388 270
3 23
239 107
468 329
158 203
279 188
229 47
371 57
79 6
331 319
184 283
154 401
423 244
354 487
411 327
472 491
222 297
96 319
425 300
381 95
447 45
477 100
106 398
278 319
196 230
302 95
203 239
486 78
347 209
138 63
435 69
195 47
199 298
327 95
478 272
232 359
467 235
252 214
387 358
429 295
443 254
175 167
122 302
95 98
264 45
292 319
433 95
315 95
256 94
404 273
368 57
126 136
249 215
216 28
135 203
336 418
310 41
313 496
102 161
236 284
57 92
123 262
200 212
305 416
405 135
66 380
120 379
206 149
441 254
215 440
168 124
424 335
231 130
128 401
266 480
268 297
373 131
146 319
483 362
167 83
90 293
343 83
180 218
323 144
225 325
397 117
359 122
259 186
309 24
171 98
152 188
100 23
263 186
474 59
159 334
210 164
204 206
77 107
43 186
132 299
350 319
38 44
409 83
439 78
130 67
88 203
192 315
67 496
121 364
386 97
5 314
307 94
137 26
273 230
488 254
109 409
150 20
466 458
169 186
377 69
127 284
6 306
162 202
40 78
92 482
243 269
177 241
325 277
76 211
416 120
383 284
84 262
241 215
111 35
166 35
191 387
212 45
19 26
293 83
253 429
165 476
2 178
218 215
42 222
251 251
36 148
93 338
228 457
147 269
68 200
32 364
161 95
326 439
328 186
170 245
125 216
23 277
113 457
237 16
297 120
214 277
18 259
230 496
464 243
11 467
282 319
298 23
140 310
182 407
89 91
484 192
300 282
139 364
314 206
119 154
301 440
255 467
179 60
103 168
254 466
304 98
44 488
267 335
10 305
176 6
8 52
440 6
12 104
1 203
193 220
78 310
317 121
250 272
258 147
53 250
205 83
227 114
185 252
105 260
220 429
247 284
48 335
274 213
332 24
181 85
83 228
34 203
144 359
260 348
86 331
290 57
22 314
156 131
45 102
142 131
366 196
16 300
151 314
422 130
24 314
187 460
52 230
30 75
107 364
58 296
320 325
97 289
145 168
81 100
14 17
73 310
257 351
285 323
0 314
114 396
240 99
190 333
221 282
4 75
311 232
265 70
188 114
312 28
17 493
69 471
51 418
74 114
129 154
460 254
80 5
244 323
9 83
15 83
233 265
46 135
47 370
28 40
85 377
160 203
21 117
59 13
7 38
143 114
329 130
186 33
35 384
26 298
245 468
178 243
197 160
56 250
61 211
164 131
234 331
50 17
272 329
153 345
173 106
319 270
136 87
54 200
72 94
335 394
60 223
141 24
70 333
87 295
342 86
37 230
62 335
99 476
29 35
33 269
63 94
134 359
55 154
13 230
98 414
