img05c1.jpg img24c3.jpg
399 281
481 278
327 275
207 8
285 115
436 415
324 414
483 402
253 107
452 439
162 8
46 8
221 433
316 225
407 229
232 414
437 229
443 281
304 410
395 415
350 281
196 131
287 439
198 207
362 239
351 471
402 239
266 239
359 205
438 450
310 205
489 418
440 472
323 79
484 272
405 405
444 443
337 406
482 443
355 229
492 124
314 225
409 240
474 300
297 414
347 287
397 442
487 415
307 196
369 490
456 282
377 131
272 338
408 205
479 439
135 225
76 8
464 131
422 299
243 58
415 162
401 248
315 40
390 103
470 443
66 475
447 408
472 86
283 429
445 443
70 113
56 423
465 227
497 450
348 488
430 352
389 434
211 488
213 435
284 124
385 486
181 355
499 98
201 369
140 115
439 347
202 10
306 17
485 194
475 297
449 211
494 131
478 415
236 59
493 351
217 8
294 151
331 225
188 446
343 114
394 294
367 411
194 342
349 208
265 81
387 40
338 59
28 124
136 1
469 408
448 356
400 434
441 418
434 240
142 225
491 485
298 114
356 237
373 79
150 6
209 266
264 360
396 333
95 172
20 140
197 480
477 410
495 111
463 317
329 227
199 330
433 333
360 211
6 212
121 165
49 104
208 450
267 32
455 220
156 390
398 429
313 248
462 351
460 283
286 58
77 415
279 369
256 446
451 485
292 165
220 165
97 266
419 165
346 306
496 479
68 361
344 200
488 407
432 158
176 81
364 6
3 21
418 76
86 307
144 442
242 333
412 262
132 76
423 369
0 205
276 322
320 25
486 67
92 60
361 136
459 90
252 125
372 6
457 424
442 450
427 339
261 189
124 473
406 307
114 450
473 103
421 132
138 269
414 404
424 116
378 269
300 378
384 6
238 147
147 104
370 60
308 333
160 59
353 260
174 373
30 12
471 314
216 6
75 269
251 81
413 169
193 269
293 54
410 121
175 2
379 219
299 162
35 37
404 136
22 193
453 241
270 333
263 333
244 81
249 256
31 186
60 269
165 274
74 398
326 447
84 160
120 79
383 369
109 180
268 442
386 3
282 19
98 6
155 196
336 122
215 420
248 273
374 88
375 162
32 136
309 81
105 269
195 49
116 78
490 95
429 481
321 19
27 472
72 86
339 56
233 378
411 253
143 85
55 182
64 236
126 6
381 180
446 24
476 261
137 49
9 97
106 269
289 265
274 416
425 127
131 381
206 29
363 83
229 238
240 333
223 362
392 398
141 273
416 333
480 481
191 200
151 54
178 67
83 265
112 65
237 159
158 97
26 100
318 260
104 49
139 141
203 112
250 49
212 49
258 54
357 245
183 369
468 328
311 122
7 54
23 423
371 431
190 121
189 269
205 307
302 464
454 479
340 177
288 122
380 265
466 383
57 39
179 55
391 429
280 266
341 369
431 49
219 97
134 489
332 181
450 237
110 307
87 256
235 257
226 209
498 256
200 101
319 431
241 333
119 21
122 109
234 165
222 322
94 290
214 85
171 103
129 54
182 49
14 152
102 273
161 378
18 421
257 114
78 283
164 114
81 96
47 136
210 102
291 129
303 200
333 189
45 63
107 422
278 245
48 266
59 369
125 54
118 48
38 105
260 312
328 178
239 298
11 35
275 114
62 218
247 97
388 260
254 426
51 313
368 342
296 426
169 121
65 182
170 100
173 16
225 200
167 218
186 257
246 269
101 137
54 55
312 206
290 88
1 234
224 178
259 461
153 437
345 13
39 113
80 369
128 152
130 32
154 33
376 52
358 49
230 34
352 306
393 306
10 218
4 219
325 426
85 88
89 88
79 108
44 334
428 13
37 200
41 423
34 420
43 112
271 2
322 177
123 88
187 112
117 359
58 421
295 43
305 49
69 88
111 334
149 23
204 13
301 147
50 269
227 238
13 166
127 423
228 74
148 456
146 283
82 219
185 327
172 88
281 266
273 378
342 133
467 429
16 166
91 63
103 235
19 269
67 218
277 125
108 170
382 147
218 40
17 200
417 95
458 200
71 312
99 499
157 146
8 133
53 105
177 489
334 100
262 116
88 5
420 36
166 6
192 427
180 378
317 102
245 121
73 427
40 243
330 269
145 89
24 49
25 29
365 13
152 87
184 216
435 313
5 388
93 323
159 302
335 129
366 361
255 334
133 283
63 55
15 267
115 102
52 97
12 179
21 166
100 92
426 88
461 189
29 71
36 13
61 240
168 148
96 243
113 370
269 265
33 13
354 102
2 496
403 313
42 481
231 301
90 100
163 79
