img01c1.jpg img20c3.jpg
486 302
395 187
471 389
294 147
458 246
416 231
143 309
258 231
381 231
444 312
357 38
417 224
435 389
359 52
457 365
481 356
464 468
394 431
402 389
213 340
242 309
358 312
449 224
338 149
406 391
320 460
159 467
445 300
373 175
441 17
289 425
411 132
347 19
485 494
403 218
237 404
412 162
24 309
409 149
490 478
348 125
454 90
474 431
360 224
290 224
296 19
425 149
233 210
451 467
32 159
484 467
354 41
317 38
453 312
480 393
475 397
302 104
355 109
243 224
71 467
452 493
410 215
447 55
235 224
460 397
448 132
432 299
122 326
193 373
478 424
351 483
342 138
479 224
115 288
398 167
128 288
422 257
131 140
345 379
477 393
492 35
284 483
493 366
33 140
291 48
295 340
126 319
383 45
494 309
293 340
211 340
187 140
438 302
489 241
297 20
391 366
430 218
439 212
487 459
49 224
275 48
362 224
274 152
465 17
495 55
278 175
344 366
488 316
346 340
468 74
405 483
389 94
286 109
397 131
418 411
147 467
306 123
365 193
266 134
498 387
29 134
216 75
254 140
190 84
156 397
311 48
415 74
69 498
132 13
470 319
361 91
436 229
353 226
101 185
65 364
91 341
226 126
421 272
499 194
326 226
482 493
3 10
204 37
352 49
339 172
229 155
83 79
387 105
309 152
350 240
184 0
363 397
462 260
300 37
483 155
238 165
277 244
334 374
388 173
401 340
64 78
160 204
224 68
252 414
214 126
262 38
256 96
459 194
45 32
52 413
434 477
51 204
303 306
176 38
200 364
372 465
251 364
272 96
308 194
336 395
186 488
215 30
117 8
446 289
78 189
130 467
419 407
99 480
367 37
466 282
18 343
0 112
185 11
491 313
114 364
343 457
473 481
476 39
183 213
270 16
288 299
331 30
292 477
236 480
167 59
151 190
197 29
80 178
50 452
319 248
208 131
8 9
146 78
329 203
456 172
413 200
333 180
461 325
414 366
247 346
310 483
47 146
163 121
246 201
437 493
267 194
22 214
13 145
195 317
82 146
384 77
385 11
253 406
20 114
90 150
255 80
35 326
469 325
161 456
43 398
134 178
217 161
328 166
25 229
312 284
155 82
335 269
443 33
157 426
440 381
423 36
356 468
283 293
263 492
234 296
177 190
332 429
497 468
102 8
496 438
260 23
371 343
14 284
420 289
16 474
321 109
100 254
70 7
259 102
86 80
109 112
257 213
428 457
318 203
116 180
137 257
314 30
330 111
221 178
205 160
57 272
178 88
382 190
92 0
12 156
467 58
265 39
145 263
198 491
399 38
62 80
108 327
158 443
380 457
169 492
7 279
472 381
67 163
173 193
268 72
28 43
281 311
273 426
244 215
68 258
209 162
27 75
442 245
241 152
170 208
55 183
95 320
313 23
36 272
396 23
315 61
58 243
433 302
261 201
150 320
17 475
250 270
463 194
325 143
77 456
282 228
393 23
10 77
271 404
120 37
89 416
390 129
239 11
455 116
182 272
305 92
349 73
194 308
374 192
40 57
427 493
110 30
87 257
337 236
301 73
111 263
129 16
172 155
104 135
220 77
34 353
166 270
431 443
118 469
245 220
376 91
152 402
74 360
232 234
142 194
139 189
165 366
392 471
19 263
30 355
210 456
15 306
364 282
41 139
322 208
37 89
73 155
298 123
31 42
63 216
107 292
179 469
227 441
248 33
75 397
377 471
85 59
123 194
279 107
341 223
88 103
93 156
212 171
59 30
408 312
307 294
44 358
148 469
400 426
230 234
264 11
375 143
97 491
96 79
48 487
276 79
136 77
112 72
84 399
94 155
23 263
285 401
103 70
106 243
269 160
124 456
249 254
223 18
240 11
304 438
154 208
153 315
299 207
378 491
407 156
46 254
121 320
175 193
386 234
219 9
4 137
323 346
135 189
188 490
324 39
39 78
141 7
6 30
42 468
192 78
66 37
199 245
105 21
203 73
140 23
201 90
21 240
38 466
53 11
119 263
424 457
369 83
125 220
81 48
225 79
72 232
171 317
11 355
98 208
222 427
113 263
429 285
207 77
2 84
368 11
189 328
340 163
76 98
366 133
133 43
138 109
149 23
379 161
127 9
231 291
370 291
54 334
426 282
327 160
180 202
202 175
60 295
280 236
174 154
26 291
5 73
404 389
287 167
450 444
191 491
79 361
1 30
168 87
206 172
196 54
218 38
228 272
181 221
164 62
316 292
56 46
61 58
144 311
162 141
9 406
