img00c1.jpg img10c2.jpg
370 313
441 349
482 349
66 471
408 208
420 145
134 454
476 434
277 442
231 484
125 484
348 434
289 140
443 279
228 442
358 145
287 484
346 128
144 471
498 434
396 307
413 278
180 144
280 128
318 53
13 435
171 281
415 232
425 373
227 454
314 392
344 442
496 361
419 316
349 430
347 53
123 470
438 229
268 419
341 471
455 366
345 442
310 315
486 324
360 229
414 208
165 450
450 316
224 140
409 419
474 402
220 53
374 435
491 279
440 362
115 422
17 53
363 180
207 45
494 366
375 434
275 442
479 194
267 77
473 346
392 228
485 449
433 255
76 470
359 392
201 471
307 380
402 349
439 140
305 83
382 8
405 434
85 316
126 16
372 382
457 428
68 162
172 67
208 307
283 455
427 217
380 323
487 53
356 324
206 143
434 344
492 323
262 315
397 488
61 67
337 425
385 407
158 193
329 153
466 189
416 405
44 194
404 434
278 471
483 416
260 458
292 323
124 338
369 315
215 16
481 140
418 341
142 16
26 288
32 408
406 323
311 422
75 455
237 38
188 322
340 349
399 66
432 278
333 488
330 44
467 145
192 315
426 450
217 218
219 67
490 392
300 274
41 142
364 67
342 353
445 442
371 428
285 69
175 218
284 232
301 39
436 180
460 458
143 204
254 256
63 354
442 317
38 295
313 141
295 236
387 68
362 180
435 238
401 454
315 180
265 409
495 306
250 428
10 223
148 445
395 189
205 256
352 273
386 57
119 153
298 448
431 100
54 443
321 38
90 299
15 408
269 306
200 382
296 281
451 194
288 130
499 290
251 256
328 142
71 256
239 136
204 349
37 67
335 382
381 465
471 66
6 162
290 67
338 42
390 319
162 198
279 29
282 154
138 373
139 194
160 245
270 488
376 435
120 299
391 225
249 382
272 40
384 438
202 192
447 110
437 217
448 357
164 343
198 454
424 146
244 341
253 256
368 471
393 107
212 274
255 258
105 408
235 46
146 338
195 387
475 110
210 262
373 98
185 98
221 207
102 216
388 473
353 375
94 307
326 146
39 309
183 439
350 196
324 331
34 204
174 222
410 309
411 18
462 138
132 480
98 305
223 45
459 256
155 462
69 422
177 359
428 338
92 241
453 306
36 92
150 256
18 184
452 222
423 473
179 463
383 288
209 151
83 180
274 67
464 260
7 21
5 56
355 427
193 451
430 389
252 450
258 409
497 315
29 151
429 299
197 172
365 366
58 57
421 60
456 256
167 370
67 343
403 75
152 153
95 106
256 476
294 42
322 147
480 9
79 406
327 369
308 256
469 263
389 88
218 224
135 306
149 294
336 318
472 112
31 19
111 98
21 296
379 46
213 387
118 181
417 50
121 256
263 98
130 408
199 83
306 416
122 219
334 161
141 224
170 35
317 463
12 319
449 98
70 306
242 185
182 11
354 342
229 193
309 151
133 280
89 50
169 26
266 77
394 16
40 443
99 458
9 235
257 162
465 29
27 109
93 103
468 13
88 132
184 166
422 66
114 302
246 358
43 196
194 31
248 8
64 47
243 142
293 187
357 180
323 496
444 400
484 22
14 476
16 443
52 61
140 354
33 478
113 83
446 47
168 312
116 179
477 115
339 253
112 348
196 306
463 480
281 9
203 50
156 98
412 357
159 77
161 387
297 330
398 357
291 9
332 488
56 211
110 437
4 176
131 338
299 292
478 228
233 258
367 241
72 473
225 21
166 35
454 6
84 134
232 65
236 20
351 219
343 417
87 290
222 404
128 275
137 443
400 20
47 288
261 142
145 377
74 151
0 58
286 356
407 222
97 239
366 280
104 0
176 342
163 58
238 287
458 289
129 427
100 328
247 169
245 114
259 258
312 426
325 6
187 457
20 43
55 269
136 408
157 96
186 33
230 294
273 430
1 0
302 245
234 85
127 195
493 104
189 143
28 443
191 296
8 182
46 243
45 469
461 11
101 167
103 20
96 98
106 227
470 193
378 42
377 124
320 261
109 149
241 61
489 376
276 397
153 375
173 258
65 443
216 35
214 312
49 296
78 292
23 98
147 18
24 443
319 496
190 173
331 294
271 246
304 67
316 178
73 413
51 142
81 50
50 13
178 302
53 67
181 125
62 384
154 401
59 134
107 100
30 115
211 305
57 167
226 70
3 457
80 47
151 65
19 0
108 384
35 152
82 127
48 4
264 269
11 106
303 387
361 240
22 140
240 111
91 426
117 47
42 469
25 181
86 36
77 305
488 382
2 436
60 343
