img05c1.jpg img27c3.jpg
265 64
399 285
397 437
443 340
304 450
483 416
327 292
402 362
324 484
207 136
232 484
46 7
350 200
351 362
287 362
162 7
263 69
337 390
487 471
285 136
266 362
347 292
452 436
359 292
316 292
196 44
484 484
438 450
482 492
76 200
314 10
405 434
401 309
479 362
369 458
395 471
362 362
469 443
436 471
390 458
440 362
356 485
445 492
310 127
213 435
297 289
470 492
408 348
464 44
181 474
495 168
211 474
389 472
242 69
489 7
456 459
349 141
372 334
221 433
400 472
341 237
270 69
430 363
346 47
319 119
28 461
494 44
499 115
283 435
308 69
444 471
415 375
492 207
202 441
198 352
135 123
396 368
433 368
84 47
422 239
457 409
493 349
140 435
348 390
176 64
497 484
336 69
292 141
188 475
477 44
313 281
66 201
460 423
441 127
126 334
240 69
244 101
49 57
462 281
439 4
142 212
475 208
377 459
251 95
284 207
220 106
331 117
311 119
481 493
143 120
200 184
291 255
329 285
423 103
361 19
427 335
136 207
491 137
465 121
385 447
447 443
419 19
209 476
398 98
421 90
387 151
217 123
463 485
485 182
157 253
306 178
363 277
394 7
77 406
410 355
455 136
449 484
272 209
416 69
451 484
214 247
414 350
124 471
320 24
56 421
95 208
418 47
97 23
72 102
496 17
250 69
236 139
373 103
448 408
338 212
360 494
472 494
92 350
478 492
102 89
256 475
147 496
383 237
128 148
264 451
20 175
241 69
367 494
222 494
276 47
121 141
434 450
178 82
357 237
325 250
453 472
194 128
288 119
309 237
68 47
279 103
424 481
254 268
149 229
364 334
6 39
208 432
323 6
378 237
368 237
252 24
253 362
294 480
300 495
35 299
197 480
201 103
312 317
431 295
339 333
156 127
429 399
384 183
114 349
0 208
459 121
94 47
268 362
406 448
193 406
432 225
57 173
189 108
296 237
183 244
437 296
315 22
474 286
80 103
138 108
488 424
407 151
332 388
409 218
105 108
131 387
144 436
392 438
86 330
27 471
32 19
75 108
353 427
109 51
174 331
203 51
411 237
450 490
293 86
50 116
216 301
98 119
7 97
404 19
37 2
87 1
386 306
375 17
9 2
282 243
412 416
70 402
116 186
206 197
173 3
486 82
328 297
249 243
14 148
106 108
381 106
391 490
199 35
393 241
195 108
420 369
60 108
204 329
229 56
30 475
150 334
257 97
473 137
137 78
471 88
446 490
160 461
278 119
371 237
74 227
132 47
374 203
345 369
442 450
273 3
326 396
321 301
171 47
290 29
289 488
379 171
355 82
218 171
466 241
161 488
417 355
344 97
366 265
380 62
413 263
164 97
295 132
461 79
79 196
146 387
22 1
120 244
141 267
388 262
85 29
340 243
159 2
175 25
365 367
41 423
230 185
467 403
299 164
191 94
108 243
5 335
335 265
223 362
286 69
490 53
1 234
78 282
233 229
129 97
237 260
498 426
215 86
248 485
271 68
243 104
11 2
370 248
51 47
187 51
212 470
480 443
167 85
123 29
318 276
246 244
239 19
247 89
31 259
104 78
125 97
235 166
333 97
18 423
334 369
185 52
69 387
64 141
342 5
476 490
330 255
219 140
190 248
226 389
62 275
259 166
4 421
151 421
428 385
274 355
425 383
23 62
258 369
17 369
112 387
71 344
148 102
358 108
118 148
224 242
322 2
307 481
234 423
182 69
139 94
454 200
303 97
169 368
166 301
83 197
352 484
59 25
155 394
177 103
110 327
277 229
53 154
12 204
354 217
152 373
165 369
301 358
81 85
101 243
91 387
55 318
119 185
115 344
13 465
111 222
261 306
376 47
45 247
170 336
205 321
19 368
10 141
134 132
99 108
43 235
228 97
154 56
426 2
39 435
158 429
58 349
21 387
73 387
186 52
172 29
93 205
65 406
47 19
29 275
52 421
67 97
54 97
113 29
302 63
48 268
25 483
227 418
3 37
225 97
130 359
82 387
107 75
435 121
122 418
89 166
184 465
44 97
317 97
133 282
180 275
88 462
153 418
255 367
238 470
468 301
8 71
34 86
26 170
382 368
458 297
15 387
40 259
262 426
275 421
245 217
145 91
269 495
103 132
90 25
24 229
298 63
281 331
305 120
38 120
231 124
260 418
280 137
168 390
403 204
2 424
100 381
163 369
127 311
267 346
16 387
96 259
42 198
210 425
63 421
343 246
192 457
33 417
36 29
61 302
179 311
117 436
