img09c1.jpg img23c3.jpg
131 353
276 434
219 353
365 353
82 353
163 493
372 353
248 493
275 353
407 440
288 22
473 381
497 449
124 126
281 402
357 37
414 393
115 456
202 446
399 434
487 443
334 145
223 493
269 37
217 44
191 431
495 440
385 3
316 368
453 440
485 303
494 392
108 212
116 41
496 303
174 303
291 64
209 126
362 37
420 166
280 64
391 78
406 303
446 446
308 126
324 44
450 84
289 64
27 393
149 226
322 250
390 206
475 416
96 35
412 173
448 457
201 479
337 44
442 303
452 443
338 69
449 368
451 303
355 181
456 353
20 391
208 41
251 57
195 209
384 388
25 196
445 483
31 126
432 481
279 371
100 35
418 91
75 226
277 443
477 26
360 373
430 386
482 44
421 483
481 265
438 78
352 78
64 236
270 212
101 226
423 386
271 46
3 127
376 127
111 455
126 171
325 186
117 336
394 84
299 354
364 84
110 58
498 492
148 475
395 402
402 326
490 21
457 416
392 353
361 44
239 198
489 361
400 386
224 226
492 496
363 393
346 2
436 471
207 184
49 89
284 210
465 137
370 483
65 172
22 409
155 226
340 492
356 440
419 44
315 354
401 210
330 354
94 479
210 282
150 80
137 57
405 91
470 492
413 322
175 339
57 446
327 354
434 381
358 310
39 238
459 197
471 416
104 488
198 483
417 181
88 233
218 346
339 471
286 19
396 217
447 336
398 492
282 354
318 2
306 483
213 88
354 210
493 84
367 53
180 49
278 354
425 372
229 448
287 210
41 226
454 3
369 177
469 37
122 472
464 6
171 79
480 446
204 56
371 391
157 336
294 51
424 314
85 409
403 126
314 386
378 393
23 232
181 489
231 160
389 481
296 88
466 67
397 91
479 172
486 141
203 446
211 443
302 171
313 28
348 392
468 37
428 196
321 492
408 392
225 36
262 289
461 67
76 2
437 492
410 34
261 2
462 257
467 322
476 471
91 49
435 107
166 127
266 2
455 410
353 104
380 100
132 33
387 356
249 46
349 126
393 37
431 391
444 26
344 393
347 69
238 428
146 46
44 79
128 409
215 410
120 205
69 103
478 27
222 49
472 479
433 482
311 367
474 381
216 451
295 492
404 386
440 26
184 26
303 354
189 348
499 416
71 278
292 352
236 346
443 444
359 100
441 322
458 37
183 429
283 66
331 354
268 471
241 346
388 44
323 410
38 448
158 308
67 384
320 49
112 477
250 346
350 171
58 409
145 189
24 60
165 249
90 409
212 57
491 429
273 65
379 184
381 352
95 364
179 409
326 367
169 439
301 133
305 416
140 409
172 56
221 314
416 346
483 496
114 187
106 11
133 54
267 346
300 45
121 409
109 163
237 113
439 167
427 256
40 342
255 118
375 184
193 263
206 275
154 409
345 44
32 399
341 2
78 221
147 459
185 379
8 459
333 7
382 334
243 484
161 2
422 198
36 104
199 394
429 376
130 213
351 84
103 403
159 340
19 57
242 6
10 489
411 253
152 79
274 273
5 409
43 198
72 409
192 160
488 444
386 424
285 427
105 80
194 6
60 409
252 220
1 125
66 476
135 59
336 223
34 221
98 467
263 223
35 409
409 54
205 160
226 468
366 95
168 278
196 314
312 482
383 478
102 58
170 309
230 340
235 460
77 320
136 221
156 238
264 4
415 108
12 457
258 409
92 167
182 363
129 57
153 155
139 409
142 475
254 497
343 54
460 141
232 76
297 412
2 104
328 198
11 118
259 198
377 227
84 104
200 5
51 104
304 230
173 125
307 453
298 190
233 131
45 127
317 28
309 227
33 221
246 92
319 90
228 423
484 4
83 410
17 409
18 427
74 409
30 221
93 148
426 5
162 316
310 490
247 108
119 459
0 409
73 459
257 400
177 65
68 221
220 93
26 221
176 354
272 480
256 361
290 198
42 409
138 459
16 409
141 72
89 0
329 70
240 461
253 213
463 218
187 431
15 221
160 263
335 198
53 202
144 192
14 221
373 57
188 447
21 113
52 221
244 427
63 104
245 247
374 359
59 332
86 322
127 384
293 26
214 100
7 438
265 181
81 308
61 308
79 189
54 221
9 409
80 51
123 35
118 395
46 366
190 160
368 278
6 238
70 221
234 359
125 438
178 235
164 88
48 393
107 438
47 258
151 325
13 351
260 263
197 53
134 221
87 221
113 475
4 104
55 337
50 351
167 54
62 221
37 125
342 323
332 214
56 456
28 233
143 393
227 314
29 221
186 263
97 479
99 336
