img02c1.jpg img08c1.jpg
71 110
233 246
474 447
449 456
447 408
446 457
214 128
350 360
135 246
20 26
400 399
485 472
463 429
242 210
460 297
321 360
306 406
240 131
84 184
211 214
363 406
231 141
332 279
415 402
339 341
304 391
212 260
423 297
444 395
375 345
492 442
301 203
234 236
404 347
298 290
439 435
437 458
445 399
482 456
312 279
356 214
241 203
40 101
235 228
395 426
341 345
216 244
308 279
429 418
459 390
219 290
354 386
382 426
326 257
364 313
408 496
481 470
271 260
226 262
484 406
227 208
272 156
346 427
362 289
360 290
118 258
410 343
413 353
425 395
299 226
140 295
369 325
352 254
464 363
88 94
284 302
122 208
427 499
455 409
275 308
174 109
338 410
292 301
309 355
143 160
228 301
343 496
359 353
476 288
246 160
435 471
458 350
58 86
268 458
315 387
311 226
466 451
430 366
182 188
424 464
247 267
295 231
490 444
288 151
289 248
253 203
146 290
478 458
129 130
436 463
187 149
409 366
164 192
75 86
222 499
394 346
416 440
483 408
194 100
94 16
457 496
379 333
473 441
24 148
42 105
331 247
454 412
412 345
203 259
60 71
260 192
19 12
207 355
344 254
86 40
385 378
132 244
76 52
398 386
468 401
323 151
170 180
452 354
243 278
286 279
475 471
333 208
138 251
367 333
407 427
190 180
319 493
63 0
225 129
153 235
349 496
496 468
287 467
419 362
168 147
477 435
489 446
448 412
390 416
345 359
391 395
232 55
282 496
72 44
357 451
273 192
251 183
191 149
441 464
372 363
470 475
137 444
104 101
422 389
96 49
66 118
49 6
82 496
201 429
250 192
418 359
68 52
329 269
186 180
370 496
256 4
417 475
244 478
420 456
224 227
358 257
461 367
431 332
480 395
36 133
469 496
34 454
303 435
103 108
171 164
330 130
173 261
177 144
479 299
373 382
426 316
3 0
7 71
274 467
199 496
327 319
456 374
51 86
320 474
74 7
47 16
13 482
487 294
337 355
81 71
64 52
276 132
11 71
239 335
396 156
336 128
53 0
374 495
196 179
453 398
221 319
213 127
294 422
261 335
127 163
293 487
218 116
254 175
257 237
348 64
112 214
158 262
296 464
443 484
442 495
166 180
23 433
377 289
365 320
488 483
266 222
209 179
491 386
494 264
291 160
200 111
317 295
324 220
265 497
328 240
95 112
185 176
134 127
283 284
121 301
123 376
305 493
91 446
376 289
280 489
59 363
14 6
433 361
438 64
451 378
347 480
113 170
440 396
44 70
105 108
493 401
269 287
279 281
38 49
90 14
249 188
193 299
25 13
432 361
32 78
383 499
486 54
147 268
255 464
462 279
180 478
237 305
115 111
176 182
384 378
12 356
270 141
37 44
208 244
351 461
386 370
57 52
204 127
8 52
98 6
238 335
61 52
26 127
92 346
262 411
263 115
80 305
149 68
316 13
85 482
55 78
133 100
259 305
175 14
334 244
39 24
355 474
421 363
393 299
116 127
6 287
335 410
87 335
152 116
109 343
497 463
428 495
206 315
387 224
495 409
183 366
0 0
21 64
307 308
157 112
290 286
70 88
120 181
314 318
380 403
28 234
160 276
128 136
46 0
281 98
16 133
167 311
392 473
195 487
54 52
340 86
498 409
31 136
361 297
67 0
99 48
277 162
10 44
30 191
258 433
401 129
285 162
97 236
18 170
100 79
124 175
381 248
264 235
378 91
313 278
155 94
4 23
144 274
110 38
434 361
43 351
205 269
27 365
202 327
472 138
300 378
17 461
69 44
230 55
73 70
342 39
48 64
145 194
161 265
229 127
465 158
397 403
210 440
2 78
499 163
368 222
371 388
141 445
414 438
467 413
5 86
52 112
366 426
405 294
29 136
325 14
1 22
198 225
33 227
93 1
107 67
278 299
22 14
252 194
9 242
188 306
388 86
245 274
106 206
181 378
126 432
62 181
15 384
119 157
159 134
189 272
83 446
310 259
389 299
406 427
89 83
215 318
131 127
402 389
169 192
41 446
130 48
318 269
178 146
172 100
50 430
297 40
111 167
236 336
56 16
101 223
136 342
125 459
399 14
114 442
165 48
108 3
450 294
139 299
117 209
267 151
142 438
471 465
411 334
150 375
179 343
248 6
353 299
45 419
162 342
156 199
65 175
223 59
35 45
302 269
79 116
217 15
154 168
78 15
77 256
148 112
322 91
184 168
163 277
192 217
151 101
102 191
403 365
220 191
197 331
