img01c1.jpg img09c1.jpg
187 270
33 270
128 281
254 287
143 276
417 487
453 498
159 208
293 361
213 208
329 379
71 116
404 460
170 207
242 131
471 485
224 318
153 246
481 497
435 485
24 131
260 330
345 361
402 485
288 355
318 379
59 133
440 443
397 419
335 367
136 214
490 498
434 488
449 487
176 267
418 445
477 470
373 406
348 352
334 384
359 462
474 398
406 219
147 289
381 436
80 168
36 123
289 276
297 287
284 497
232 374
306 318
155 238
445 476
205 309
220 327
401 443
411 420
470 473
295 361
133 265
412 499
258 393
457 436
108 76
158 207
485 476
360 487
430 321
211 289
354 357
294 339
459 407
442 477
497 471
317 350
351 497
363 395
209 300
4 145
372 402
395 461
32 275
29 496
358 498
235 497
290 487
214 294
357 433
208 355
475 487
416 436
403 393
2 130
310 402
320 275
346 361
468 482
446 480
464 497
437 472
414 446
230 374
456 438
154 271
484 64
233 357
262 350
394 398
441 475
156 497
41 110
444 436
425 455
51 201
160 201
405 497
131 270
243 487
207 298
478 82
52 104
439 499
325 381
19 176
10 185
472 488
236 351
237 334
451 116
61 145
336 385
219 326
460 390
362 497
458 461
350 407
438 491
27 154
353 423
127 176
383 497
347 421
410 466
391 396
115 82
480 476
239 374
278 362
21 120
432 198
344 477
126 198
493 248
171 247
274 468
35 120
339 468
240 374
454 451
422 447
296 288
145 176
409 116
105 175
56 160
465 452
415 362
130 204
253 158
494 276
479 276
26 139
11 176
280 422
231 374
241 272
122 148
266 406
309 468
389 469
292 396
49 487
342 418
69 198
198 172
361 251
1 176
436 420
6 176
111 176
338 455
120 229
461 283
330 308
398 410
427 472
352 469
193 163
44 103
483 340
91 104
450 85
343 166
123 247
452 25
374 479
129 215
99 235
487 499
144 227
65 414
270 172
139 231
399 478
68 252
54 258
322 207
102 371
492 421
495 370
79 422
16 152
419 476
489 492
191 77
264 374
388 384
216 407
195 109
238 57
76 144
200 149
221 470
252 306
75 481
172 239
78 191
256 351
326 400
447 370
23 243
183 392
165 417
250 317
308 200
25 180
302 217
184 398
328 407
5 176
146 141
469 269
365 385
185 309
356 23
67 126
448 455
420 126
488 491
89 262
182 110
64 424
428 166
226 49
277 208
285 300
321 196
271 385
443 389
282 158
387 428
281 374
58 324
8 176
313 103
50 157
298 346
94 196
486 479
83 273
324 403
13 2
491 418
140 312
251 116
72 168
98 143
355 418
116 176
482 393
70 431
197 367
229 296
408 252
286 340
119 265
462 199
476 385
121 333
169 103
43 137
380 166
163 304
287 214
114 116
0 116
22 352
93 374
178 479
57 376
393 327
413 163
109 184
272 454
340 231
117 171
73 239
88 164
257 456
312 109
28 309
323 495
392 266
103 79
149 215
337 489
265 454
259 351
304 309
110 145
268 237
384 327
84 153
204 229
386 374
311 393
20 370
463 370
473 280
327 309
421 463
206 265
498 229
332 96
180 242
376 119
341 382
148 167
85 20
366 363
300 195
82 216
3 195
194 53
92 196
248 114
496 310
112 11
132 66
369 214
40 71
14 25
189 336
247 262
315 415
100 493
349 100
273 129
179 231
246 295
157 212
39 313
188 371
396 327
218 110
215 226
45 96
17 2
201 379
106 324
249 356
303 158
217 158
263 496
466 24
186 200
135 231
86 168
42 103
192 382
199 165
12 368
283 10
223 190
244 346
74 84
423 195
164 1
390 327
301 237
7 104
279 88
15 370
81 261
95 373
331 407
90 256
245 243
378 489
134 168
60 85
137 489
385 230
225 172
276 117
499 454
152 243
166 167
364 15
30 303
77 225
18 179
118 217
375 344
433 479
371 251
367 171
190 104
255 189
34 158
269 12
161 225
370 407
227 191
173 438
267 200
467 376
379 158
150 228
167 19
66 135
97 77
455 278
87 244
196 336
31 323
62 407
104 325
261 357
307 132
63 46
113 265
37 162
382 89
47 171
142 135
101 402
141 231
151 493
314 481
48 11
55 340
234 353
168 329
175 8
333 133
96 3
429 175
275 408
124 53
203 214
431 266
228 145
181 260
316 464
426 24
400 103
368 53
177 316
53 162
377 166
222 165
212 229
291 39
174 196
202 215
210 311
424 96
299 463
319 11
162 224
9 30
407 212
38 478
138 318
305 479
125 199
46 283
107 199
