img02c1.jpg img27c3.jpg
485 435
446 340
343 450
304 362
298 7
469 363
427 450
271 69
293 270
274 40
370 122
356 362
473 440
211 362
306 292
360 7
408 363
241 64
140 127
437 299
329 140
445 436
459 414
284 474
174 474
415 200
476 209
420 378
449 339
395 368
457 363
287 122
400 436
363 362
352 123
319 206
235 178
305 249
482 438
379 237
483 471
341 474
219 7
222 122
253 64
425 485
212 69
223 56
404 348
146 7
349 44
398 459
444 485
331 117
447 471
470 38
453 409
484 395
474 492
423 471
268 349
443 378
372 250
394 290
496 409
460 440
386 255
383 270
164 95
357 341
344 342
489 484
326 189
282 431
478 299
439 377
321 485
495 415
178 166
280 236
273 95
410 277
137 207
71 123
354 296
254 30
20 191
430 315
233 442
299 189
409 315
247 95
234 69
82 430
301 190
364 416
228 121
417 396
232 28
242 289
317 223
135 98
375 289
442 164
201 164
260 64
250 95
477 115
244 16
285 259
207 23
309 341
86 127
340 332
361 305
374 236
333 479
312 119
332 119
498 365
441 349
412 474
348 363
182 108
199 269
122 168
109 103
424 349
490 207
269 18
262 270
382 368
455 365
308 119
350 98
464 334
426 312
429 289
435 375
126 13
466 240
120 101
448 383
314 47
80 236
296 20
359 212
277 273
320 360
138 139
396 357
388 332
463 431
129 39
286 69
180 493
335 479
133 28
303 24
491 480
272 335
112 277
227 168
387 320
34 92
338 306
311 174
358 189
365 262
401 67
390 11
454 119
290 339
362 298
373 447
438 448
294 240
413 240
297 56
468 69
385 103
276 191
292 428
376 255
461 355
345 490
75 305
237 211
240 335
492 137
256 47
160 18
259 384
368 75
419 287
84 108
371 237
391 82
462 119
194 33
315 69
416 123
91 321
221 92
337 281
405 183
106 301
431 305
480 136
479 130
22 301
95 467
377 265
209 101
101 301
428 396
171 218
369 265
265 166
397 166
499 495
288 243
418 389
258 421
327 286
107 159
339 363
172 160
41 13
92 197
79 498
310 496
434 358
266 82
177 402
36 196
83 13
465 59
117 215
414 196
143 421
13 444
487 103
124 255
210 291
295 261
433 384
51 130
114 255
6 148
452 372
200 120
367 237
475 399
451 103
4 26
243 293
191 434
440 358
206 439
316 171
123 8
85 345
121 204
488 155
323 434
486 332
9 471
181 42
218 36
239 419
77 25
458 218
393 301
422 97
450 406
144 383
231 267
119 265
392 357
214 3
16 89
494 69
406 255
162 255
48 47
255 349
246 97
5 305
270 267
336 476
70 489
12 162
152 425
366 368
283 119
257 222
141 174
380 166
189 213
25 274
472 321
128 159
471 498
136 255
208 301
281 247
355 360
204 189
21 316
179 92
203 59
125 229
432 353
96 75
167 234
130 244
192 52
313 447
183 315
216 205
226 418
347 197
110 385
493 403
28 18
90 466
170 311
102 2
26 255
421 100
220 153
300 41
97 69
384 332
49 19
66 204
249 95
52 368
230 81
185 418
159 302
78 153
149 432
24 18
278 242
497 387
50 98
145 453
289 282
155 425
225 3
27 353
411 301
58 305
127 75
251 47
198 75
142 311
261 418
118 218
30 294
353 217
187 378
302 131
18 2
351 357
115 426
342 52
134 218
330 142
62 68
168 470
31 324
202 131
481 121
60 387
175 418
279 368
267 417
325 466
307 311
93 152
131 316
158 466
245 191
328 457
100 302
217 86
381 387
33 420
108 78
88 218
32 31
132 145
73 163
193 85
42 31
139 153
44 19
99 6
389 166
11 238
324 344
94 193
59 334
87 418
38 446
67 148
252 246
15 29
238 427
89 495
196 39
56 179
46 325
456 358
399 279
165 490
224 368
148 140
35 80
150 367
186 427
215 52
69 170
275 297
116 141
184 313
378 39
157 368
173 197
195 308
190 418
39 417
17 301
264 387
346 456
248 465
213 218
403 192
14 182
318 241
334 79
45 315
55 454
291 369
10 70
43 86
3 100
263 145
169 252
322 355
153 69
47 382
176 97
113 19
65 255
407 216
161 367
147 56
7 318
205 322
63 325
81 120
467 45
2 120
436 97
74 213
229 327
19 27
54 120
111 89
23 361
29 335
1 417
37 272
61 332
402 247
0 143
151 325
64 29
76 155
156 86
53 417
105 264
236 198
104 318
163 258
154 376
188 27
197 241
98 457
57 222
8 417
68 120
40 148
103 249
72 9
166 383
