img08c1.jpg img25c3.jpg
472 283
399 146
457 283
467 276
481 283
348 146
406 345
346 162
447 214
254 208
286 208
297 345
408 316
391 146
402 36
443 214
339 143
338 363
109 411
295 110
340 361
353 265
214 126
383 316
475 458
473 363
282 214
404 361
246 487
479 403
302 483
458 92
347 171
464 256
326 132
393 8
493 285
448 345
480 214
496 276
360 487
26 402
210 239
247 110
456 144
441 363
132 487
390 308
478 456
324 487
476 455
355 136
251 10
495 454
290 42
489 349
474 345
490 260
386 34
376 183
423 34
497 323
288 110
422 256
123 226
462 339
231 104
416 46
477 363
232 351
444 191
407 265
291 183
434 235
488 32
382 339
110 119
484 206
430 100
395 283
435 227
499 444
460 151
446 399
146 31
143 73
319 46
465 225
451 183
34 144
345 483
359 256
126 362
216 265
293 165
394 151
411 132
418 451
445 62
208 36
213 239
380 433
333 79
492 92
313 441
498 239
2 317
494 347
450 206
21 11
130 185
412 271
120 171
410 134
485 393
442 347
294 104
307 54
100 21
39 193
35 247
344 383
272 95
112 7
305 404
159 57
190 82
429 409
264 95
116 297
440 266
55 127
352 31
301 100
439 151
121 104
454 132
40 151
487 129
169 73
69 119
209 60
277 79
46 208
437 362
4 288
141 61
117 200
67 5
10 97
151 1
398 270
335 24
378 135
122 124
300 293
192 93
162 63
267 319
172 183
431 105
56 124
131 57
25 167
275 167
82 137
86 135
84 60
314 95
377 79
482 309
279 95
189 267
191 5
244 41
253 405
230 356
17 208
203 480
341 438
343 490
103 124
160 251
350 143
358 439
156 57
471 360
459 309
298 356
426 274
164 283
171 107
419 45
486 356
194 125
269 186
148 40
64 482
68 239
19 168
106 250
332 137
388 351
23 0
397 309
9 13
150 277
241 243
405 438
401 271
74 20
310 235
414 79
174 457
88 431
152 121
400 309
124 259
33 0
470 59
176 250
91 310
242 61
249 94
259 168
403 476
54 1
43 390
119 155
309 276
184 319
374 167
273 496
287 292
163 60
256 35
13 158
87 298
308 243
195 124
204 121
128 127
5 154
42 398
250 333
129 18
90 223
144 1
296 198
18 35
127 312
432 244
145 26
11 203
147 252
330 319
140 35
357 480
32 40
70 220
93 155
243 83
36 189
436 347
271 95
138 272
79 24
149 127
1 306
331 125
452 283
312 83
94 463
364 480
363 15
239 107
262 83
115 298
182 48
238 1
468 136
276 33
198 57
179 64
413 83
317 350
342 443
283 250
455 78
134 316
369 192
186 153
80 457
83 67
320 271
469 283
137 317
48 30
60 374
285 325
221 45
75 384
181 62
258 70
226 168
284 480
27 93
81 151
234 108
50 364
212 421
334 262
227 330
166 99
449 95
365 6
260 215
371 271
211 203
193 387
225 304
409 120
85 292
266 135
15 134
8 441
118 271
453 59
354 215
461 26
375 198
49 374
223 259
73 119
170 131
228 277
384 197
292 250
14 211
113 387
299 302
37 86
366 250
28 295
327 335
370 243
433 200
337 64
233 168
200 259
379 382
133 97
168 11
316 496
175 6
315 480
323 250
105 393
62 213
280 270
236 215
3 382
318 7
420 161
98 223
265 229
372 167
188 93
161 430
466 28
220 251
367 382
281 98
61 167
336 121
92 314
263 143
463 276
165 338
218 86
237 213
438 429
12 140
205 120
417 270
224 122
41 186
424 81
157 131
245 124
139 401
428 284
135 365
274 107
22 414
30 120
325 496
329 304
248 192
427 417
63 186
356 259
278 200
217 130
361 439
387 319
65 99
111 153
229 181
304 325
97 370
202 351
321 20
125 5
222 393
47 316
99 137
215 143
142 140
183 429
206 154
197 250
96 117
483 223
45 295
136 117
311 496
491 314
57 40
153 37
187 107
421 270
107 26
351 83
53 93
240 16
102 342
16 41
257 62
261 230
349 283
0 91
368 95
52 310
180 24
76 417
59 83
303 233
328 233
392 335
201 292
396 284
289 192
322 250
177 120
6 101
252 331
381 95
155 83
89 211
71 176
362 83
158 423
72 498
385 137
425 270
66 310
306 335
389 130
95 198
31 200
373 215
255 138
268 391
178 1
207 168
235 104
219 259
78 87
415 215
44 370
196 203
199 86
185 370
51 130
154 130
58 13
20 474
77 148
114 135
29 474
104 295
38 457
173 291
24 117
7 259
101 370
270 125
167 424
108 481
