img00c1.jpg img28c3.jpg
489 384
441 182
450 173
482 212
370 185
498 256
494 343
408 185
443 213
368 398
496 250
433 466
492 367
235 305
474 344
444 315
415 213
409 256
490 175
123 337
479 329
457 175
375 329
277 399
476 466
348 466
85 499
76 459
396 182
280 85
66 466
455 420
228 337
13 423
405 388
268 299
419 499
440 181
344 66
401 175
402 181
432 398
427 329
438 332
292 92
414 181
486 312
436 198
380 367
134 164
451 267
491 213
345 212
125 466
379 342
231 388
224 499
413 388
340 467
418 66
165 459
144 153
126 92
215 92
283 250
341 388
426 397
485 499
287 388
180 205
442 109
346 85
175 250
460 78
360 205
275 459
207 499
333 253
17 349
262 466
220 212
314 173
219 117
328 305
483 331
288 480
353 211
487 205
347 182
171 499
192 466
294 254
208 212
463 384
36 41
364 304
199 123
359 499
122 123
281 80
397 29
182 360
291 360
142 386
290 304
139 312
374 423
233 68
393 0
58 291
201 329
44 271
363 271
274 305
369 386
239 75
260 27
318 385
337 388
349 493
229 211
115 467
371 175
289 388
198 164
437 491
37 341
227 164
149 383
310 256
284 136
406 192
424 175
352 253
395 382
113 393
356 312
243 142
428 398
439 423
174 110
217 250
448 291
61 341
342 416
67 123
121 75
270 259
172 20
362 302
244 337
350 89
278 416
473 481
453 66
59 123
298 416
250 78
255 211
351 279
43 476
56 383
334 390
300 323
445 66
170 360
338 289
311 27
466 382
404 388
388 480
421 455
39 51
94 421
216 149
425 428
9 156
212 312
162 441
92 390
254 290
304 68
330 78
471 472
237 493
322 337
95 290
146 95
32 179
70 382
159 429
307 207
129 390
185 338
315 377
308 290
367 443
394 371
464 248
391 431
41 179
169 221
204 212
435 207
81 351
381 207
467 247
412 308
53 31
477 236
71 127
301 430
480 294
78 278
399 378
18 77
285 29
230 383
469 144
158 283
282 234
15 390
31 189
327 174
429 398
188 300
173 285
265 473
168 484
416 399
183 428
411 106
384 499
420 207
119 359
321 183
197 338
430 333
105 179
358 204
226 127
313 382
0 55
12 441
387 495
128 382
403 390
458 188
38 359
400 38
202 210
163 99
431 359
7 76
325 290
372 78
96 291
493 95
336 203
253 290
55 137
355 333
131 95
21 251
376 388
223 355
8 239
481 423
75 54
305 237
390 201
365 326
166 490
136 390
98 479
209 12
446 135
91 200
26 337
465 330
104 429
354 60
135 166
120 417
392 203
452 95
143 51
68 275
335 138
312 384
65 48
222 151
385 468
1 114
161 189
497 321
242 170
64 123
267 434
50 148
187 308
434 58
148 421
324 382
320 417
87 431
150 290
296 496
302 470
110 425
29 398
137 425
256 351
259 55
145 271
72 123
127 110
273 281
89 290
221 265
236 75
160 490
295 336
79 31
102 484
33 39
4 366
261 206
84 264
470 110
447 192
210 106
10 331
63 174
329 492
205 290
51 72
389 78
90 398
495 492
23 291
454 229
52 83
272 359
157 112
20 414
475 398
34 272
184 349
248 204
246 352
83 377
331 316
5 106
152 73
252 490
422 359
195 200
257 94
279 377
297 470
299 142
423 488
112 138
271 247
214 417
30 291
269 166
124 95
456 417
99 467
449 42
383 17
386 106
138 407
459 330
407 270
194 179
332 66
478 331
101 229
339 305
206 289
293 0
62 246
111 195
306 102
6 118
130 390
251 71
74 398
211 168
167 208
193 401
218 12
176 262
343 353
73 132
93 477
40 1
179 254
398 333
234 273
462 105
164 114
263 157
97 137
357 92
323 45
80 165
27 179
309 185
45 308
88 302
258 477
499 91
16 425
106 369
410 106
472 359
156 83
49 360
107 345
200 209
69 337
3 291
276 384
382 146
247 65
191 422
232 470
48 39
153 405
54 1
155 486
46 114
116 138
189 361
264 291
240 272
186 227
132 384
241 477
461 103
100 263
417 361
177 12
140 82
147 252
108 246
133 148
14 79
114 46
366 78
238 127
178 174
203 473
373 284
286 104
42 425
118 148
326 417
377 146
109 417
225 477
245 83
266 296
11 417
141 12
77 347
378 418
317 254
103 375
151 137
154 144
316 127
60 10
361 455
24 308
190 76
196 331
213 411
28 308
484 2
249 255
2 347
57 100
117 313
35 306
82 18
488 127
303 152
22 429
181 74
19 277
47 217
86 244
25 10
468 42
319 39
