img05c1.jpg img20c3.jpg
483 237
324 309
399 20
327 151
456 241
350 20
232 199
463 52
443 389
452 312
402 147
287 231
266 231
196 391
484 350
351 218
359 151
304 351
464 224
440 312
395 431
347 151
436 300
479 365
488 187
397 218
409 82
369 362
487 363
181 425
400 355
438 288
316 382
337 217
198 41
211 425
408 210
213 379
362 431
444 363
285 20
482 464
470 440
489 140
140 379
297 323
497 288
445 300
385 82
283 467
390 289
310 140
264 262
377 376
462 117
481 262
236 244
389 411
348 226
314 325
405 363
401 60
394 56
202 64
434 172
221 210
209 276
142 244
356 340
492 17
76 20
188 349
46 140
162 42
422 172
494 17
441 5
197 463
465 167
338 56
28 17
439 35
451 397
66 325
449 50
493 90
398 340
284 301
437 422
272 140
415 66
491 397
95 210
485 459
472 126
331 134
430 256
207 20
6 240
135 125
329 340
455 56
126 471
323 68
460 259
433 38
374 396
477 366
313 126
124 300
136 319
468 181
201 272
120 203
147 262
446 477
478 464
469 319
292 326
217 125
102 194
49 262
361 329
92 117
242 38
367 90
222 268
263 38
97 364
57 80
208 288
490 244
114 170
450 477
496 336
206 405
442 268
447 172
475 71
499 55
349 34
294 114
143 220
156 74
253 449
276 289
396 38
495 94
373 203
407 114
169 77
414 222
326 355
387 325
282 155
249 155
420 308
70 87
457 269
27 363
370 152
131 114
47 296
419 326
471 316
20 102
427 109
71 361
160 126
121 329
220 3
22 85
106 327
68 289
352 268
360 251
341 203
404 34
406 356
459 256
223 312
56 320
353 78
318 78
239 130
363 493
175 474
240 77
94 160
268 210
109 69
191 155
252 172
130 273
372 471
431 77
355 422
322 426
183 68
265 208
118 32
194 134
256 317
423 272
334 338
453 411
203 209
189 208
321 232
195 327
315 284
167 398
418 397
35 415
473 289
0 142
77 431
172 318
340 236
3 413
461 12
288 203
291 69
300 194
346 397
234 281
383 23
214 148
128 59
279 272
81 441
165 310
237 63
391 477
74 114
336 38
412 29
448 213
144 449
320 172
486 213
345 491
161 84
378 203
116 367
474 173
200 146
248 39
308 38
137 327
339 408
424 446
381 137
250 38
328 386
105 327
498 491
75 327
98 471
380 403
241 77
311 203
80 203
174 101
158 260
86 246
115 291
270 77
332 197
182 77
454 213
432 373
416 38
375 224
251 208
205 484
319 203
123 432
138 203
150 457
293 294
480 477
187 398
368 203
193 322
155 144
159 491
309 203
428 21
210 273
104 303
357 203
18 306
216 429
296 203
199 484
219 307
421 125
342 452
344 202
413 134
26 291
290 252
72 126
17 236
173 190
224 339
85 472
429 222
11 452
178 112
411 364
32 326
119 122
215 0
392 19
14 130
154 270
9 257
78 329
271 36
299 290
30 349
260 99
386 147
177 387
410 77
226 66
235 102
176 471
5 0
230 121
317 273
149 98
333 129
34 0
84 403
204 361
125 91
157 331
146 123
289 84
371 269
141 96
7 338
134 303
273 190
274 43
112 71
153 202
50 487
233 98
257 221
244 433
190 471
101 412
152 307
417 443
45 295
247 263
261 321
403 273
62 98
13 160
343 398
245 291
376 133
69 91
139 100
171 233
243 135
258 260
23 403
4 396
31 480
60 327
476 477
41 113
246 123
364 106
278 203
122 475
64 329
12 141
426 12
43 97
180 88
39 87
365 471
384 48
185 220
100 419
307 144
132 289
37 491
110 101
79 107
312 211
229 87
127 291
354 291
117 261
280 78
87 85
255 311
48 74
358 433
103 270
269 84
212 77
325 272
73 306
425 443
166 7
259 96
96 318
277 194
466 82
58 90
366 133
379 160
163 107
67 491
25 499
388 212
151 292
286 38
53 292
107 192
113 73
91 306
111 257
55 91
227 270
254 106
179 180
108 42
306 38
238 160
393 397
29 396
186 98
218 160
44 260
302 78
19 250
10 34
24 207
170 291
1 89
458 311
99 386
267 273
382 38
15 91
93 146
59 322
335 180
148 266
262 221
303 260
281 289
8 215
33 14
82 91
330 207
51 116
36 14
295 91
133 160
63 202
435 379
21 91
164 221
52 475
225 338
40 160
89 171
83 115
228 58
298 9
467 272
168 215
305 85
16 91
184 178
90 291
61 78
65 141
42 30
145 83
231 491
275 270
54 155
38 211
129 320
88 299
2 160
301 471
192 337
