img01c1.jpg img12c2.jpg
417 339
317 260
444 410
486 434
471 412
435 360
338 275
294 231
243 132
290 132
33 30
481 445
198 99
187 125
490 486
358 349
474 449
306 143
402 412
360 339
449 392
275 266
445 459
143 318
436 402
122 150
242 498
457 457
357 320
458 419
416 231
115 1
258 231
430 399
451 454
485 482
254 125
484 454
394 349
477 449
441 142
438 401
224 143
342 276
381 173
204 352
237 6
220 183
354 378
320 476
406 255
289 472
297 125
126 6
348 360
383 332
235 132
453 349
495 414
262 114
387 332
311 266
462 429
32 204
480 407
300 352
260 183
296 201
447 372
488 419
454 338
460 318
395 345
493 479
24 342
65 53
200 138
411 280
389 315
483 438
475 318
213 444
284 453
398 372
409 275
233 278
312 140
373 314
464 476
131 246
410 385
355 312
362 471
321 238
489 280
308 377
176 95
470 405
403 246
170 183
158 183
356 225
347 298
216 227
52 25
468 338
494 472
49 285
432 297
448 423
352 259
250 128
344 476
478 413
351 453
415 273
128 498
71 454
439 247
318 253
336 268
108 95
452 488
339 321
492 423
154 64
291 266
42 165
159 350
156 339
120 226
391 476
479 398
329 253
345 428
412 262
346 466
456 396
465 362
425 402
147 115
399 346
207 136
272 18
211 454
114 138
193 142
440 112
132 228
29 282
295 444
334 268
293 484
113 0
136 22
421 430
22 411
25 71
405 471
472 112
69 241
266 356
286 148
325 253
463 140
169 165
50 226
256 336
184 459
270 99
487 458
83 193
459 227
263 165
335 253
443 265
160 200
99 265
367 462
461 249
14 140
214 200
288 417
401 412
64 214
359 466
397 428
309 362
91 230
388 270
185 214
255 289
236 243
45 148
241 262
413 288
41 64
130 193
330 441
142 137
278 167
112 341
168 20
310 44
322 183
221 436
259 243
202 123
302 338
437 379
469 441
277 444
341 257
208 417
419 399
37 42
372 44
422 348
499 140
418 417
222 406
119 0
197 280
482 119
303 227
428 263
8 440
226 187
253 110
301 352
476 326
51 73
382 376
135 62
190 21
491 166
350 227
229 126
238 342
374 425
90 99
183 367
0 499
271 268
217 42
10 7
248 240
274 321
75 161
292 476
251 232
473 379
324 18
363 318
326 199
109 18
129 7
420 255
195 417
151 389
215 290
28 460
246 200
434 112
20 140
385 209
414 318
365 345
89 198
44 0
73 220
223 85
186 21
178 389
240 214
124 43
110 403
315 195
205 319
393 64
177 225
239 319
340 257
353 385
497 142
6 440
349 293
446 255
101 354
252 285
433 434
199 165
35 224
408 437
273 303
219 375
139 62
172 220
232 214
247 9
93 214
121 322
3 352
157 415
111 440
153 206
67 43
15 353
19 0
182 430
57 430
134 152
261 34
40 251
369 244
100 448
165 362
267 395
70 43
148 257
133 219
152 411
384 183
332 263
11 182
343 228
43 303
58 59
230 319
212 226
281 95
95 359
59 365
80 425
171 0
386 155
265 9
34 376
380 263
137 416
86 465
155 321
442 366
218 95
82 150
314 440
146 217
96 439
257 118
54 377
189 62
427 354
36 27
117 226
55 358
316 375
102 23
18 357
68 172
209 454
269 37
323 140
94 228
179 296
149 187
72 131
498 148
21 16
206 362
337 416
62 227
319 25
145 161
5 3
455 123
87 416
285 20
13 151
39 28
26 244
161 24
305 478
361 330
392 95
364 195
61 272
276 166
79 415
264 303
125 104
333 304
27 16
192 319
116 36
431 95
127 161
118 87
231 319
84 118
331 2
60 343
180 415
88 131
201 287
249 262
74 43
38 244
371 151
30 3
164 460
47 395
282 150
450 55
31 258
376 465
298 312
66 357
328 289
175 345
16 22
163 21
327 380
496 21
423 352
268 409
17 98
244 143
81 333
7 230
283 161
103 365
466 134
77 209
234 29
53 306
396 253
85 274
225 57
407 155
467 253
375 263
46 108
2 118
106 187
141 87
63 460
150 24
4 143
287 33
138 236
173 268
105 312
166 62
12 156
313 85
188 23
140 136
245 353
304 380
390 54
167 23
227 303
280 217
104 190
404 324
123 161
366 107
23 75
78 287
191 98
368 107
424 430
299 46
92 130
307 217
426 343
378 357
181 414
379 64
203 16
174 19
162 43
48 168
76 77
9 416
377 263
194 126
196 128
1 3
144 8
400 85
370 52
56 180
279 439
107 14
228 143
98 98
210 373
429 39
97 333
