img07c1.jpg img19c2.jpg
481 276
489 339
469 330
471 303
250 297
486 79
435 330
310 60
490 347
290 488
340 116
434 320
447 278
256 488
478 377
317 25
443 314
170 488
313 476
412 124
327 54
480 379
190 200
448 79
474 427
432 301
482 359
411 440
450 408
339 440
414 223
321 483
423 371
376 110
252 16
442 368
444 394
494 394
439 477
454 248
457 498
130 420
293 16
493 494
302 439
136 446
346 379
436 462
338 379
337 242
228 420
213 439
342 33
410 498
460 452
394 265
470 462
251 440
279 88
352 476
440 347
358 279
445 377
355 247
404 116
476 359
325 311
194 477
218 446
276 371
135 184
384 351
350 371
406 79
409 377
309 420
336 110
420 294
485 379
146 59
368 499
473 346
401 379
354 59
491 384
275 420
415 249
259 323
441 416
396 483
393 477
360 494
87 214
262 477
264 54
289 494
266 400
334 215
223 494
463 332
484 449
18 420
405 252
288 379
283 377
79 59
217 362
239 482
477 379
151 214
326 388
233 184
291 33
353 114
395 477
126 362
244 79
372 301
184 322
499 25
45 412
138 115
166 385
147 482
391 221
422 294
15 436
446 485
452 26
348 426
249 481
137 483
402 95
307 466
347 477
398 124
238 323
449 222
211 468
14 86
349 57
258 79
33 472
231 79
148 214
397 214
466 25
196 273
399 222
120 483
381 79
261 79
383 476
34 155
163 205
63 240
187 468
191 418
438 477
159 376
62 119
453 29
174 273
234 95
407 416
150 343
495 323
375 377
154 24
297 355
189 388
451 221
274 476
379 323
403 114
421 19
247 472
498 379
162 54
179 418
425 323
123 85
315 362
413 133
69 102
80 428
100 338
286 279
377 377
8 437
57 318
282 323
53 68
455 261
431 112
386 79
487 477
205 21
365 381
370 54
10 234
171 36
225 273
229 273
316 181
224 273
156 332
140 186
115 2
97 295
272 329
461 155
429 494
83 186
483 499
240 492
208 72
241 268
243 227
462 452
41 349
458 422
98 288
237 252
300 355
329 115
141 428
467 31
380 215
113 181
116 305
280 54
311 262
23 168
37 147
304 191
371 329
32 451
363 329
39 217
60 246
215 103
345 170
227 433
488 443
165 157
103 121
2 294
270 418
392 214
472 95
479 349
186 194
294 213
433 54
178 148
82 167
271 418
356 119
245 418
106 65
75 372
161 10
284 323
437 68
308 82
70 410
492 279
181 322
323 83
122 252
192 92
49 408
253 373
428 440
117 36
193 204
292 248
269 472
265 234
296 115
0 322
416 397
47 121
175 91
341 392
351 332
155 268
160 102
389 329
468 21
278 377
361 204
235 398
497 442
417 9
93 234
332 215
464 349
330 75
333 355
59 54
66 486
134 234
172 353
110 47
108 437
199 376
424 222
306 323
465 85
76 342
197 99
222 274
188 202
209 195
255 313
408 85
121 376
390 22
246 256
219 36
28 437
335 22
387 351
257 451
4 181
400 252
43 129
142 419
143 112
17 53
29 0
212 149
378 467
104 103
65 110
430 240
382 276
127 140
232 68
344 415
322 241
357 329
427 25
169 103
362 329
99 309
318 250
374 493
107 224
77 317
305 87
21 58
267 91
343 170
475 54
201 409
369 216
226 305
312 271
287 353
210 227
27 201
149 37
236 353
220 36
36 142
176 425
56 337
71 22
22 299
177 73
268 83
9 55
364 114
324 213
195 498
314 288
277 100
1 334
54 387
204 327
50 372
301 22
180 245
24 495
132 149
281 100
207 231
426 204
84 285
67 451
46 53
131 335
68 53
373 25
328 135
418 31
6 451
64 103
94 304
51 61
133 47
55 469
366 231
16 89
260 430
25 497
367 114
200 341
319 111
359 34
331 88
13 237
90 414
173 363
221 498
242 241
119 222
385 327
298 89
456 102
254 103
61 495
105 207
496 172
40 217
158 228
74 32
198 451
419 68
167 47
125 456
124 350
3 451
388 36
35 8
183 34
78 224
86 234
263 76
81 405
129 58
96 53
31 15
72 132
202 45
145 321
26 53
168 222
111 479
152 34
230 135
295 36
42 18
139 244
182 216
102 317
185 414
52 53
216 102
299 47
101 102
153 302
164 147
128 70
320 112
58 425
48 451
5 290
44 128
109 296
88 97
206 235
214 89
20 445
92 207
85 22
248 10
118 193
144 59
114 203
30 445
112 195
203 216
157 193
89 341
12 481
19 472
91 187
285 140
38 451
7 372
11 53
95 459
73 207
273 451
303 227
459 320
