img03c1.jpg img16c2.jpg
306 161
439 429
284 425
426 425
417 429
338 168
132 221
388 447
344 425
458 444
345 60
415 469
245 349
69 468
462 316
357 161
82 94
238 484
485 341
270 347
118 456
229 213
319 450
373 472
109 492
420 453
463 240
336 33
288 290
472 429
330 190
489 319
393 320
18 160
428 127
121 355
271 492
31 409
409 161
233 161
390 141
127 160
464 468
493 349
175 468
454 244
59 288
241 428
308 43
498 59
440 401
138 171
354 416
61 177
154 314
383 371
484 485
372 190
167 407
60 167
496 300
403 139
361 365
353 33
494 167
387 424
443 456
266 213
376 190
499 240
430 259
471 244
52 171
311 236
448 459
264 149
441 130
450 320
400 168
413 174
304 484
408 371
427 320
221 134
491 393
478 320
381 202
333 223
379 134
350 139
479 406
487 40
421 33
366 259
407 245
442 417
322 198
486 396
477 360
451 386
161 204
316 174
370 218
412 60
414 408
166 5
384 426
258 230
473 252
447 44
159 468
146 276
179 455
120 271
140 371
459 302
469 33
419 386
348 170
220 382
192 2
218 492
257 450
437 92
455 279
460 318
490 40
113 450
274 249
279 115
488 350
410 166
402 479
135 239
162 114
178 4
278 149
321 134
340 472
432 464
375 191
374 361
209 171
436 486
277 19
457 4
230 199
341 3
47 489
215 204
352 4
68 271
474 336
385 239
435 449
380 173
369 202
438 272
495 390
422 198
386 371
445 38
0 240
297 464
424 449
401 174
35 23
389 384
248 59
197 180
95 403
283 302
289 314
481 174
309 177
30 239
130 142
112 14
378 19
43 177
392 399
399 190
212 134
334 397
299 204
42 387
62 87
429 99
368 245
323 334
416 191
211 296
21 156
111 442
276 296
394 239
293 200
446 453
64 206
465 371
290 298
497 402
307 371
141 357
253 297
367 70
425 371
3 468
231 18
337 312
461 202
397 174
16 239
313 381
91 260
14 325
342 314
449 75
305 59
12 3
452 175
355 272
310 161
327 80
404 23
406 223
326 389
125 306
97 174
186 16
325 280
157 4
475 158
34 455
2 473
150 156
76 177
85 407
206 273
226 240
434 252
318 12
177 165
476 187
466 469
314 298
347 177
63 228
131 268
110 340
195 181
282 151
301 254
28 419
482 361
263 262
365 99
23 246
98 361
65 467
359 22
101 186
168 464
240 102
396 246
73 240
242 214
139 371
315 68
234 168
207 297
224 181
360 161
382 174
480 340
39 207
148 278
356 193
332 425
232 464
300 273
298 213
483 239
116 484
133 165
122 456
265 165
343 371
391 174
254 26
204 51
22 256
296 175
320 165
78 228
227 270
291 361
115 243
295 174
456 336
470 105
312 389
156 18
9 7
13 239
255 4
217 14
467 464
143 87
123 52
246 7
169 381
269 327
25 399
346 286
335 9
49 340
114 339
185 288
128 21
214 4
418 10
371 19
260 115
292 4
10 464
89 108
83 196
72 26
223 12
236 174
40 342
182 297
423 174
324 301
398 316
184 239
187 36
104 308
99 206
71 68
285 239
205 410
213 152
468 99
5 164
225 399
201 401
142 19
6 387
294 239
173 125
33 66
303 466
272 186
235 216
252 5
17 3
251 493
281 239
81 392
405 175
222 361
191 243
198 316
80 165
171 106
247 438
79 378
273 339
153 199
268 78
19 171
27 306
287 66
126 263
249 136
41 377
134 175
158 455
351 28
50 327
200 389
87 188
228 214
77 379
199 262
244 14
55 196
100 331
56 176
149 227
181 301
26 457
339 115
203 384
151 311
188 148
331 345
364 494
102 72
137 165
358 381
119 382
124 98
317 263
53 294
349 109
20 2
202 55
243 37
176 231
103 134
96 216
147 397
183 177
11 31
58 6
431 410
36 112
136 164
395 464
377 498
1 164
433 161
15 23
155 306
94 59
4 102
280 388
190 148
250 243
363 299
275 453
67 361
492 156
7 102
75 385
152 23
174 175
239 288
189 422
444 102
105 107
328 302
84 244
302 156
37 23
108 92
196 410
237 177
210 379
411 316
38 26
74 3
88 265
362 268
194 320
8 387
44 249
93 381
208 310
117 297
164 379
170 15
106 14
453 78
48 456
46 349
180 350
172 88
145 377
267 332
66 336
261 20
90 332
256 461
29 278
51 42
262 103
329 427
24 3
129 112
165 5
259 57
86 279
160 135
70 26
163 301
92 334
54 290
219 126
286 241
57 23
107 213
216 297
32 432
144 198
193 175
45 98
