img07c1.jpg img27c3.jpg
262 98
447 340
288 122
489 416
223 122
309 7
170 484
485 349
476 395
256 474
339 474
372 240
239 40
396 340
250 362
346 450
290 289
478 363
406 450
228 7
338 122
218 435
443 394
420 240
480 450
130 7
166 57
211 24
275 123
147 40
493 484
310 493
474 392
293 127
354 200
469 309
148 122
355 123
470 473
194 98
412 352
122 64
297 119
325 375
283 182
428 330
445 363
482 440
87 17
409 363
375 269
398 303
245 95
427 331
238 69
441 494
377 230
362 237
384 375
126 439
494 492
350 492
222 190
457 362
15 191
190 433
317 431
313 435
349 334
274 7
436 473
259 69
435 309
449 409
499 443
276 492
282 119
460 289
136 191
241 64
423 410
451 377
251 269
410 492
321 136
411 474
400 312
261 428
371 237
270 95
137 10
401 494
292 119
271 64
444 478
484 428
352 98
486 299
360 289
448 299
404 307
397 458
439 485
154 261
418 357
379 69
442 308
146 290
446 44
403 310
269 47
368 459
213 7
312 114
413 334
289 289
450 392
454 358
477 207
151 38
237 95
358 212
233 50
314 189
361 305
425 368
142 13
456 336
189 240
466 207
300 119
471 248
135 50
132 2
192 64
244 341
394 248
9 18
393 485
364 262
252 290
306 190
353 310
284 64
230 56
431 294
240 24
316 106
347 485
217 439
234 38
490 493
70 47
357 237
440 165
348 447
402 459
79 191
453 484
266 461
340 221
405 315
219 86
370 6
302 7
258 341
207 301
179 108
415 308
14 212
138 24
399 284
407 272
395 485
461 349
141 146
388 335
452 459
334 441
307 243
464 421
391 302
18 441
268 178
231 12
196 28
463 487
481 471
498 349
121 175
332 225
387 169
419 354
363 237
344 305
491 20
208 19
351 225
2 165
327 103
191 108
386 447
62 38
45 219
455 237
416 85
408 349
272 7
120 416
479 85
116 19
181 64
247 428
421 337
432 349
97 19
467 183
326 349
422 447
472 470
315 412
159 394
483 484
495 368
488 430
215 71
319 86
186 35
114 376
296 125
345 265
383 240
417 372
184 69
4 21
429 289
430 306
365 320
473 475
34 475
150 78
374 388
381 461
60 39
56 275
437 85
333 237
33 44
74 2
356 490
414 300
115 28
337 69
264 261
278 318
341 411
392 207
380 239
438 218
328 56
23 339
21 9
465 283
225 28
462 484
63 494
83 234
308 141
369 265
323 178
458 409
140 329
66 57
286 266
187 399
49 121
123 186
200 2
367 258
434 332
294 82
291 59
329 239
80 146
76 33
492 490
336 421
8 175
41 495
107 203
71 276
212 2
468 368
279 481
10 29
426 130
255 97
32 186
174 96
475 116
205 67
224 3
201 120
229 96
322 485
100 275
17 203
320 111
487 490
193 103
86 301
257 47
103 301
366 41
165 10
330 387
311 52
55 353
67 353
433 130
43 55
280 79
342 474
28 260
195 197
156 443
260 267
235 348
75 275
134 29
209 79
335 69
221 94
128 2
149 381
232 29
40 148
178 28
59 41
265 18
99 313
47 68
155 359
85 162
249 462
267 432
343 298
93 148
390 301
1 393
198 131
131 202
51 387
160 91
84 198
373 462
94 275
236 97
69 91
242 160
324 462
496 69
98 39
0 452
65 85
253 267
378 57
25 417
125 327
35 265
64 246
110 62
220 86
129 148
172 421
385 97
389 409
497 276
36 322
176 454
175 234
197 379
305 235
161 427
171 86
38 97
112 153
216 91
50 275
226 35
199 97
304 406
295 2
96 275
254 465
54 86
57 97
177 178
180 233
246 271
37 29
162 103
22 197
104 31
287 421
173 329
127 395
163 355
273 56
117 329
105 275
108 454
281 344
106 204
214 2
13 406
48 131
53 148
113 27
124 271
39 51
133 56
6 403
299 466
183 358
210 97
169 47
206 421
168 56
72 37
424 262
227 429
188 393
167 56
82 29
185 356
88 6
152 311
44 417
46 186
119 383
331 481
27 277
143 144
263 241
29 6
78 259
359 69
58 454
42 171
31 29
301 297
144 97
243 384
109 118
182 415
145 187
61 417
90 417
101 321
19 420
139 284
298 322
102 304
204 121
277 481
248 421
164 426
202 322
382 97
158 64
203 265
52 279
81 210
376 369
459 104
68 387
7 387
77 421
16 97
153 497
3 331
89 387
111 465
5 454
73 387
92 387
26 9
285 465
318 2
12 135
30 417
11 145
118 153
24 302
157 187
20 228
91 406
303 322
95 417
