img06c1.jpg img13c2.jpg
475 462
397 462
416 383
211 395
371 462
463 383
234 135
282 462
120 290
363 290
233 349
373 493
302 441
141 315
289 411
423 470
169 198
457 479
381 479
358 310
332 244
427 479
461 462
242 347
222 474
366 435
462 395
290 473
135 491
367 353
448 307
311 68
476 395
469 244
392 439
299 68
261 166
401 10
286 347
305 198
329 152
396 353
246 198
431 399
478 441
297 135
199 384
350 173
83 42
352 173
447 435
432 431
306 68
337 439
212 29
370 494
406 431
354 468
481 3
473 470
14 3
477 407
99 423
136 437
360 328
453 431
25 315
499 134
472 2
378 173
274 435
325 444
192 70
349 181
445 243
395 118
439 353
380 118
405 433
455 60
245 468
436 315
276 122
127 200
492 262
485 431
493 25
435 431
479 361
437 88
470 431
368 135
320 181
42 11
280 259
344 306
293 56
458 181
281 81
464 378
62 350
145 13
438 11
413 433
377 480
434 344
450 48
411 56
5 118
300 68
93 215
331 487
398 387
258 464
294 398
382 176
348 121
92 128
494 50
421 479
231 353
374 262
60 378
170 259
254 117
213 251
84 99
91 66
291 398
412 365
156 12
32 338
415 159
388 386
86 93
452 273
202 318
19 476
292 283
443 309
268 132
441 262
346 178
356 118
467 365
194 146
189 15
490 352
471 471
230 437
489 115
133 487
426 3
112 420
449 423
97 426
408 135
303 296
115 3
334 252
314 494
440 470
64 335
256 121
287 306
204 68
359 454
315 78
317 280
393 25
419 298
109 371
270 90
180 479
365 60
232 156
44 168
181 3
200 335
446 491
480 309
182 294
269 194
322 405
134 475
482 365
154 288
497 446
249 151
50 78
275 459
390 335
333 371
336 14
221 100
49 283
255 481
267 94
94 58
214 318
444 112
420 144
95 232
379 374
339 90
85 322
407 209
483 446
68 5
321 311
357 426
403 178
110 230
454 310
442 344
240 430
451 335
238 222
418 140
144 114
71 58
164 353
394 118
247 31
218 259
12 312
263 295
96 44
488 453
124 322
13 354
163 451
24 151
30 102
56 396
399 181
225 374
74 83
456 134
264 61
342 37
309 209
36 389
410 52
474 395
3 3
220 311
265 119
69 49
424 119
186 366
335 388
66 247
98 91
153 218
45 54
196 34
177 3
33 228
260 235
425 170
185 104
273 99
48 114
361 15
67 348
252 95
22 115
391 423
487 437
362 495
119 193
347 124
152 152
155 239
168 430
272 380
308 319
76 17
414 309
139 20
375 447
355 495
0 395
21 418
389 337
224 436
146 312
466 263
491 97
39 484
142 167
236 21
140 160
207 209
107 11
51 394
75 204
4 52
250 303
266 85
208 102
217 220
486 67
187 141
484 466
40 402
104 183
201 393
195 362
341 423
279 449
257 28
52 337
79 64
23 446
496 427
429 181
326 479
340 269
157 108
28 494
78 28
351 486
128 158
298 430
316 430
239 221
108 323
130 185
228 360
324 23
248 234
310 259
158 427
176 162
131 328
197 329
29 349
125 439
301 162
173 68
459 3
237 350
174 99
400 296
102 472
148 3
277 162
171 423
126 209
129 102
338 191
20 130
54 184
58 165
191 196
259 41
235 426
251 241
26 3
114 19
327 267
343 32
364 388
162 302
318 387
100 43
428 149
65 216
37 444
105 461
296 351
18 161
166 395
203 433
229 3
376 101
8 470
101 145
63 120
307 359
70 147
319 165
295 360
330 32
387 184
179 323
402 229
80 185
227 439
288 240
38 343
103 332
7 492
219 306
383 241
312 220
430 150
90 462
31 214
41 259
47 339
81 477
113 346
262 344
328 273
132 124
10 394
498 247
226 156
215 162
72 143
369 329
409 118
172 173
190 482
88 220
417 334
116 405
422 3
11 120
323 5
122 238
16 466
285 102
106 470
216 5
465 109
165 3
460 177
27 117
46 356
73 16
9 239
313 157
433 444
206 396
59 103
1 323
243 52
61 434
244 447
468 160
284 12
53 112
15 323
77 267
2 148
151 97
43 80
147 72
385 444
210 281
55 193
149 67
241 64
123 281
143 208
188 3
283 76
386 359
193 388
34 38
117 140
82 203
223 309
372 484
161 97
184 283
205 3
57 54
150 346
175 447
160 156
209 281
111 167
183 114
35 359
167 72
404 119
278 12
495 466
138 423
89 293
253 340
121 191
178 1
159 3
345 346
271 54
198 301
304 31
6 282
384 420
87 16
353 54
137 163
118 170
17 61
