img06c1.jpg img12c2.jpg
282 399
302 318
233 349
371 399
397 486
120 246
416 231
292 143
475 436
415 143
358 132
373 342
366 499
363 231
463 231
423 444
289 454
135 311
297 132
425 253
234 102
83 216
429 253
458 320
370 142
213 143
432 142
222 412
286 342
242 443
290 454
211 370
311 95
457 167
332 115
462 408
469 477
486 345
401 342
169 197
199 497
467 335
476 408
368 332
405 466
427 408
448 426
461 436
381 318
392 338
305 255
446 345
445 112
141 370
261 464
377 241
274 412
431 127
412 265
354 146
299 95
447 466
337 314
320 114
418 253
493 441
346 143
378 183
478 342
367 73
455 417
220 429
406 318
296 7
410 253
293 405
365 441
494 227
136 488
329 300
396 201
439 488
306 95
437 382
450 142
490 112
474 320
438 21
364 114
408 495
487 385
295 175
245 311
492 476
477 308
109 188
441 129
19 407
93 332
435 318
212 218
359 495
360 328
246 255
374 223
395 445
291 247
483 401
440 112
145 247
470 424
42 230
230 488
349 183
62 409
472 382
473 222
298 333
413 112
276 140
325 175
464 150
112 311
314 142
356 390
185 95
480 339
348 151
419 345
280 167
454 132
331 311
352 320
453 339
414 202
132 16
342 342
436 296
260 359
228 175
217 395
411 451
452 273
92 59
204 95
382 150
32 228
107 25
85 487
170 165
497 56
294 142
200 319
421 255
192 479
471 379
334 78
194 95
201 63
231 298
33 61
86 44
479 488
498 322
333 286
485 142
343 137
186 81
44 121
202 338
250 22
76 25
48 166
424 257
350 183
443 189
407 293
50 429
482 276
25 314
189 151
287 365
144 228
256 230
64 319
265 96
51 394
36 121
300 320
56 54
110 343
254 440
140 14
232 438
270 217
393 365
303 303
203 317
14 289
49 143
488 112
173 175
403 148
451 247
125 217
335 114
127 429
417 276
442 487
489 148
426 151
208 195
326 1
484 40
5 91
195 415
390 319
124 77
380 262
182 260
240 333
134 279
379 431
23 399
91 274
251 260
317 412
434 361
224 439
389 296
152 30
65 92
0 197
344 365
84 127
339 247
466 343
68 486
361 136
133 493
324 148
38 84
24 304
28 262
214 222
252 388
336 269
269 118
444 118
58 81
402 195
146 119
126 341
96 23
267 465
409 415
122 385
22 148
40 265
119 175
78 303
351 195
75 238
94 287
147 18
308 34
12 364
388 335
71 409
61 380
60 289
399 116
142 460
181 195
225 431
103 333
219 340
163 482
315 123
39 457
180 450
249 214
422 284
8 198
391 168
104 286
273 326
187 159
218 195
338 430
74 99
95 465
272 140
281 422
266 237
69 406
258 209
386 96
165 18
193 341
97 77
247 39
29 19
184 74
398 131
481 55
428 151
4 239
159 195
420 357
63 195
18 211
131 1
284 137
100 358
101 343
309 230
102 254
357 482
139 356
263 39
156 21
106 284
164 380
207 21
341 168
318 343
174 389
108 417
394 365
157 102
7 427
330 16
6 8
66 319
459 381
15 198
322 406
37 139
196 365
235 48
115 148
328 48
73 89
89 116
430 13
52 370
283 96
248 237
2 181
285 468
327 41
465 213
179 161
80 131
288 306
3 14
67 360
253 440
369 284
495 151
236 226
257 219
166 273
376 429
155 334
400 8
209 291
460 437
105 327
198 461
345 341
176 175
21 118
385 11
206 406
153 114
190 188
355 293
197 195
11 144
150 343
143 176
90 474
255 65
79 374
259 207
323 96
20 282
216 307
264 151
353 96
491 343
177 55
46 198
205 284
227 454
404 217
433 10
191 480
221 47
160 343
275 258
347 153
499 334
88 86
13 186
59 261
154 389
55 116
238 448
57 333
375 65
316 160
312 166
81 185
1 198
223 339
243 130
319 342
148 460
262 191
310 262
10 198
114 382
98 79
241 316
172 181
277 55
449 303
9 351
34 112
116 375
77 266
362 397
54 123
72 120
496 90
47 290
99 209
129 415
167 343
301 151
151 495
161 243
171 291
162 18
113 56
45 333
268 203
30 415
41 262
178 160
215 50
168 49
27 440
53 386
70 55
111 211
313 440
278 137
279 228
137 49
158 154
130 120
188 195
372 457
307 222
117 29
383 133
175 19
229 186
321 330
149 230
340 116
468 422
237 316
456 306
244 341
387 157
16 88
138 18
123 343
26 19
210 414
43 82
304 107
183 148
239 32
384 284
31 68
271 92
17 60
128 128
82 193
226 160
35 416
118 175
121 108
87 373
