img04c1.jpg img15c2.jpg
329 360
237 190
345 298
119 21
362 294
210 240
406 424
395 401
466 429
338 360
151 444
452 247
346 340
493 435
285 217
234 422
228 474
212 163
486 394
365 286
339 376
463 357
313 213
476 443
437 443
182 1
294 422
479 450
357 295
484 439
499 436
456 397
295 208
459 340
267 279
160 196
132 133
131 495
287 135
229 156
284 294
352 327
159 422
468 394
431 313
421 383
260 149
28 4
64 474
473 314
265 172
13 444
386 286
133 445
393 240
422 443
371 284
363 371
137 149
351 276
375 175
469 401
192 149
497 443
301 279
418 364
444 443
190 190
153 169
245 225
488 227
176 149
399 247
310 425
344 422
412 284
483 342
226 24
256 177
460 313
292 218
181 227
475 495
478 480
205 445
161 157
449 402
481 342
233 121
387 384
300 327
277 280
429 412
404 370
451 391
403 382
467 394
219 483
424 483
439 389
271 61
59 6
377 330
474 391
308 269
354 290
274 199
480 467
410 327
390 347
27 121
464 370
293 498
123 5
61 11
269 459
276 218
445 474
414 371
430 376
222 445
397 295
12 64
259 259
90 153
157 48
299 71
318 397
328 212
211 165
477 141
171 497
93 88
457 121
198 72
227 157
206 259
417 282
272 292
416 421
281 333
353 483
448 423
436 396
350 380
172 8
396 402
388 24
303 136
113 14
435 480
65 170
454 436
152 238
373 288
432 342
241 498
134 125
230 377
51 64
242 149
361 224
434 227
389 406
306 342
455 443
252 178
392 431
197 259
465 421
72 11
391 295
453 329
173 72
67 481
372 381
40 402
262 412
257 213
55 259
343 147
402 211
494 457
41 18
385 356
129 407
158 88
167 499
317 478
492 394
253 74
495 306
268 368
360 212
57 476
183 72
154 376
24 27
224 170
187 259
81 459
218 199
426 389
87 329
330 244
193 98
496 141
423 313
249 149
336 277
106 420
8 402
246 329
487 431
156 440
470 442
489 473
491 465
255 205
407 381
105 65
263 259
138 153
359 465
394 224
10 263
99 498
440 371
278 31
180 259
16 13
36 51
116 461
188 490
304 376
162 273
94 211
39 263
58 334
78 143
283 271
118 40
236 26
136 376
178 214
175 18
238 146
462 406
419 396
60 313
334 333
163 182
100 464
89 170
80 2
240 135
368 474
461 339
14 402
15 234
441 431
17 151
92 416
98 283
201 407
194 271
280 428
204 391
147 393
146 119
321 465
216 260
446 227
200 411
117 258
30 299
320 457
442 224
84 14
408 172
258 299
91 188
199 404
110 273
126 282
337 354
405 305
409 211
420 375
282 495
170 149
21 48
85 55
348 283
208 282
411 33
86 379
425 143
79 380
37 43
312 237
254 45
112 299
248 72
44 421
141 30
384 199
485 135
307 105
196 168
150 421
189 170
114 390
1 114
109 369
203 369
498 493
33 94
9 273
22 170
472 337
43 152
323 196
433 395
101 379
202 312
367 459
174 172
3 472
332 150
31 212
82 2
333 491
34 11
450 305
0 21
349 301
155 263
288 52
331 52
383 213
261 86
290 416
379 30
29 94
215 88
490 313
264 171
149 232
166 436
83 339
279 408
130 439
195 272
266 41
364 301
108 335
374 300
32 211
217 436
19 94
48 119
5 105
128 475
427 165
68 193
73 240
145 1
213 498
49 18
38 408
471 472
54 321
62 344
124 175
239 445
447 431
319 150
370 133
326 366
50 41
121 170
168 310
53 170
225 348
104 260
335 64
52 106
191 47
273 99
143 200
382 149
369 172
6 94
169 67
107 252
179 65
177 408
438 472
443 378
413 354
309 326
378 172
144 451
96 105
122 29
324 358
340 354
251 193
341 358
458 27
325 301
63 70
120 228
186 416
327 128
4 235
184 323
102 174
316 52
482 410
88 273
428 40
398 494
322 207
164 72
223 193
209 184
244 442
142 217
401 475
103 228
342 228
77 416
380 172
26 106
185 369
270 124
42 205
356 149
315 406
125 442
70 16
291 43
71 323
221 86
25 390
66 33
232 2
297 106
18 491
115 295
311 431
7 14
20 310
139 146
347 142
381 414
207 393
214 119
235 14
47 411
314 178
275 168
56 182
69 472
243 108
35 1
305 199
165 293
247 396
220 442
358 27
231 158
135 224
75 228
298 168
11 386
74 459
111 269
46 88
415 315
376 21
302 106
23 366
296 43
45 239
127 155
76 256
366 30
250 172
286 94
289 106
2 119
148 151
97 413
400 239
95 178
140 170
355 13
