img15c2.jpg img20c3.jpg
443 300
294 38
370 241
436 316
435 302
240 147
410 246
490 301
218 151
362 192
444 323
445 262
357 187
452 369
291 135
373 431
420 262
312 147
360 231
286 151
474 309
375 134
276 52
359 149
379 173
340 165
280 55
495 379
489 309
403 219
141 391
333 109
374 200
484 302
364 176
453 294
401 300
470 299
497 159
368 142
422 165
399 226
483 397
227 165
471 409
306 149
351 226
448 309
247 370
281 134
377 170
425 224
394 431
457 321
282 132
397 241
314 334
450 314
361 167
135 42
376 167
388 421
318 165
349 86
138 82
482 399
162 246
440 219
486 494
297 226
110 404
331 86
355 177
345 66
372 132
402 364
284 94
412 167
418 379
387 257
469 377
365 112
285 142
496 378
336 101
165 467
24 117
392 142
456 370
478 402
342 468
488 382
229 28
316 99
463 241
487 213
492 210
421 321
464 280
275 173
283 109
136 74
313 251
36 468
211 390
251 152
473 56
246 38
447 385
467 210
6 245
289 184
329 390
446 425
279 117
121 245
476 224
391 151
338 38
111 288
367 262
215 83
249 362
371 175
26 404
57 391
269 45
153 127
120 134
434 385
454 210
350 74
346 219
231 389
259 85
205 31
411 467
393 114
400 447
427 383
290 286
278 117
414 260
485 316
266 463
214 213
147 20
428 165
262 390
439 276
441 114
385 182
71 35
8 245
433 377
245 226
241 55
243 127
460 297
41 329
175 82
176 421
405 275
242 25
305 19
335 101
115 459
423 391
461 366
103 422
499 224
449 67
458 224
404 320
332 102
352 493
363 202
415 302
465 289
226 35
409 130
201 351
378 220
273 89
472 423
384 192
407 499
142 220
80 329
396 313
192 84
256 390
134 459
466 397
438 345
481 480
288 226
117 468
292 422
295 468
200 126
330 245
93 112
337 192
160 468
143 165
327 213
348 259
90 229
244 102
107 451
133 38
173 84
298 200
74 219
99 400
199 23
193 291
58 288
320 493
477 372
1 272
163 272
358 378
426 314
177 430
75 332
122 220
304 184
86 166
220 220
239 203
493 56
171 387
322 244
223 402
356 221
381 151
52 106
419 151
127 4
198 79
299 157
323 190
157 38
341 86
498 200
398 255
29 456
395 421
353 67
475 161
315 147
234 94
123 329
156 45
267 406
255 480
113 499
188 7
140 456
216 221
224 297
50 57
204 88
462 387
235 75
459 161
430 67
183 467
383 39
89 131
232 300
339 394
431 381
260 311
92 246
334 76
55 85
343 493
254 488
310 488
301 163
455 452
264 368
309 464
61 16
213 269
366 434
451 173
184 400
100 185
23 220
150 106
442 161
179 390
263 91
178 23
303 125
230 226
67 332
197 140
408 451
208 136
302 43
347 175
49 323
164 327
424 182
354 476
277 184
271 0
319 189
479 56
106 228
390 221
325 306
172 23
369 161
105 311
272 102
104 244
222 215
270 304
56 135
252 84
174 272
491 315
76 34
45 422
125 160
203 293
317 446
225 162
328 407
40 29
114 422
182 55
189 43
7 471
219 157
237 495
149 38
217 429
308 92
64 38
212 269
287 275
43 250
155 163
416 9
191 38
429 282
5 481
236 99
326 194
170 160
12 420
233 100
18 4
95 188
14 77
417 176
344 172
31 117
81 11
480 186
70 329
152 258
82 233
250 456
168 338
129 473
187 67
307 329
21 420
34 109
300 434
228 203
10 63
59 386
17 303
293 349
33 32
2 9
96 396
72 189
88 38
126 202
413 429
238 491
27 250
13 51
386 236
22 450
324 120
35 456
151 146
25 90
101 107
296 46
166 16
158 332
258 13
39 8
28 490
437 7
98 83
54 439
146 158
118 73
432 268
221 106
37 181
47 499
48 189
265 161
196 320
321 215
194 83
38 73
389 226
108 375
87 456
148 233
0 8
20 399
53 154
128 361
494 426
4 115
78 160
9 278
311 491
132 488
19 462
30 79
169 150
268 394
139 79
202 432
79 469
85 206
130 202
51 77
248 13
261 148
63 321
186 74
62 38
65 63
84 39
131 120
109 381
116 51
210 329
253 44
15 429
94 291
161 364
181 427
167 102
468 272
46 46
112 274
159 9
185 187
207 190
382 343
206 263
91 301
154 490
42 406
180 423
77 325
119 194
83 236
190 234
380 294
32 258
97 183
144 115
44 132
274 115
60 143
3 16
69 363
124 275
257 115
66 284
102 268
11 263
195 215
406 91
209 122
68 192
73 320
137 63
145 202
16 341
