img15c2.jpg img23c3.jpg
474 353
141 496
448 353
489 353
470 93
318 22
247 402
483 434
342 22
297 27
313 322
392 450
444 353
340 416
422 353
456 493
469 483
281 37
400 402
177 145
70 398
227 416
445 483
428 402
446 493
433 483
175 393
423 246
36 496
329 44
314 353
322 386
215 21
351 93
291 48
156 83
466 414
498 227
176 16
100 387
461 353
378 394
377 322
256 456
92 268
249 446
234 386
211 166
471 197
315 481
490 483
262 44
410 263
288 206
266 3
134 21
165 44
270 71
26 302
243 22
453 392
106 489
330 386
335 265
449 492
229 16
464 69
295 22
99 430
279 479
24 479
135 226
294 99
183 133
57 93
55 32
354 445
452 444
427 483
467 126
425 376
136 260
289 84
497 449
147 303
115 21
162 263
492 368
345 69
499 178
240 392
6 126
393 449
110 145
402 373
283 366
397 69
71 99
200 393
388 376
61 133
111 140
160 99
368 450
143 99
370 483
306 16
332 453
153 414
407 71
349 38
252 398
117 496
418 19
192 468
224 141
373 471
80 430
286 392
103 38
218 126
58 99
394 450
360 392
411 16
317 386
343 69
8 303
331 84
374 93
133 354
239 2
450 261
478 392
421 132
481 460
120 140
371 481
320 37
465 446
346 426
64 46
424 84
399 93
357 177
212 44
443 197
21 83
292 38
333 88
121 126
337 429
163 2
269 93
440 341
341 84
104 379
251 353
438 32
426 261
353 419
304 84
10 65
201 434
451 84
278 74
336 188
312 392
486 471
138 152
420 289
74 246
454 368
439 86
284 63
473 37
350 140
405 386
379 172
434 457
205 62
412 89
487 228
457 44
362 485
199 393
149 354
197 368
359 23
208 83
226 446
290 284
476 69
344 19
245 93
391 457
417 170
441 372
280 210
41 430
365 132
403 23
223 499
409 104
233 35
495 64
213 44
174 35
23 232
491 116
477 228
375 303
122 398
277 499
230 407
383 419
458 268
29 95
386 278
287 372
90 44
238 39
246 171
463 136
385 419
276 257
275 3
431 260
401 471
150 44
123 342
139 32
5 438
472 447
376 443
460 64
241 246
56 192
381 172
75 387
488 44
285 84
93 26
384 133
140 95
307 468
361 23
37 200
86 430
237 260
436 172
369 159
231 44
214 381
30 312
339 79
367 177
493 39
114 38
255 467
161 411
303 64
413 472
259 278
389 27
355 172
396 366
220 398
356 183
113 280
338 99
305 172
173 468
299 2
232 280
352 372
447 285
171 112
180 75
415 484
416 159
222 263
348 307
395 167
217 288
142 232
191 109
47 439
462 477
25 246
235 474
67 0
184 430
358 284
263 475
429 180
244 239
298 55
267 438
172 260
257 129
274 131
11 497
33 88
179 86
300 29
157 400
50 76
327 372
107 387
442 178
325 237
96 104
146 5
271 336
398 217
125 351
198 386
496 496
167 24
52 35
216 138
170 214
185 228
187 24
326 438
435 466
366 189
372 132
178 393
309 273
168 427
364 263
27 124
169 462
18 0
302 221
334 268
130 323
43 1
250 95
182 45
45 284
468 98
98 178
204 468
196 214
485 263
13 340
87 111
273 214
459 159
408 468
31 481
404 232
2 289
189 138
301 283
54 478
203 75
206 367
455 104
480 383
88 46
127 201
296 148
293 428
1 218
242 3
12 75
414 240
253 138
236 6
363 232
62 106
323 174
265 178
207 233
282 256
72 28
432 214
108 96
128 323
77 410
225 45
188 160
9 239
484 484
17 455
419 492
14 352
186 226
193 200
219 2
119 300
22 88
91 192
430 419
89 44
321 268
475 159
109 51
35 95
319 160
390 198
105 270
4 65
73 232
152 223
79 389
264 480
479 239
78 367
272 239
387 60
347 245
38 108
28 5
316 230
51 400
126 6
158 124
310 488
40 51
118 4
194 330
76 438
151 451
494 397
68 467
101 53
49 21
129 319
132 312
7 11
228 354
69 299
164 82
261 91
85 283
95 136
437 104
254 5
3 49
148 66
210 468
59 186
63 45
181 6
308 168
66 370
39 451
159 227
202 148
60 455
81 427
83 312
328 498
19 471
221 354
382 185
97 226
268 13
131 319
20 395
84 329
0 224
154 319
311 436
258 127
44 299
166 383
124 243
82 403
482 395
53 50
260 340
155 262
65 465
144 227
324 225
195 394
15 35
48 28
94 478
406 438
112 268
32 328
190 359
248 58
380 72
42 336
102 108
46 7
16 146
137 400
34 239
145 290
209 367
116 477
