img17c2.jpg img18c2.jpg
486 498
295 300
147 257
494 495
357 394
221 242
57 155
461 460
298 296
305 367
418 342
346 401
91 138
214 203
333 364
362 300
299 461
341 352
280 345
462 446
493 494
464 149
441 463
453 440
335 387
289 350
166 161
489 498
411 447
347 477
443 473
315 293
200 345
251 367
428 440
331 275
175 155
373 182
291 304
397 401
270 182
352 431
356 400
257 334
349 357
416 449
499 358
332 376
228 260
92 47
495 161
41 127
348 345
492 488
442 487
125 213
422 493
429 414
448 481
236 269
409 440
232 397
475 447
308 182
199 283
239 295
473 481
447 464
288 361
230 155
238 325
182 182
437 447
237 334
488 493
216 350
138 149
48 152
297 410
465 447
184 325
361 410
130 127
485 489
64 60
155 103
391 410
454 137
148 283
196 55
75 55
306 269
322 282
472 193
36 84
190 263
246 151
256 334
140 213
311 443
35 245
152 75
415 392
261 17
328 182
396 352
479 352
12 305
375 440
398 447
407 345
359 441
376 412
471 401
342 461
206 234
79 42
399 401
449 452
364 423
314 155
358 281
439 443
162 238
176 84
417 70
284 351
455 493
318 372
225 355
129 344
163 351
191 440
490 484
434 408
1 281
467 241
106 90
178 318
451 494
372 213
350 242
334 380
234 264
354 339
187 185
426 338
310 416
366 370
29 83
58 22
404 495
278 452
483 372
59 17
61 98
168 456
446 483
62 133
136 90
367 337
487 168
430 311
413 465
202 397
337 463
227 441
273 255
438 296
351 91
116 17
26 214
460 474
39 456
384 40
86 78
84 119
303 182
111 493
470 216
319 50
268 440
18 40
393 214
419 485
9 179
313 296
424 121
435 498
141 265
320 324
450 453
287 278
153 123
400 463
235 296
463 296
403 325
241 153
97 55
114 453
107 41
151 55
412 439
420 244
406 476
301 421
330 359
405 375
10 167
279 278
433 453
167 119
491 480
244 149
316 198
386 249
50 105
188 194
120 333
363 311
432 366
324 127
392 420
466 241
497 198
142 478
456 465
388 293
203 445
381 283
274 212
31 119
245 218
260 352
15 66
276 6
197 389
174 68
317 470
248 376
302 182
56 303
484 460
133 417
72 287
390 386
344 208
425 365
2 17
149 134
229 193
452 55
161 225
385 215
201 278
89 249
421 70
173 453
402 107
365 216
410 178
240 21
69 157
123 245
444 286
8 96
281 357
408 291
212 7
382 338
498 286
368 366
71 29
22 12
345 6
211 345
243 390
23 120
254 452
131 17
312 40
459 33
110 337
267 262
263 17
144 23
218 466
226 325
374 205
436 335
285 149
38 238
154 227
377 440
32 326
249 103
112 151
104 333
481 472
43 59
119 68
423 426
272 373
63 46
128 451
282 391
474 33
222 157
172 361
113 186
401 472
87 41
80 422
271 73
275 297
242 158
46 313
51 287
340 30
27 53
54 35
55 247
183 119
223 359
88 463
300 157
132 154
6 4
45 429
204 443
233 487
180 17
445 472
478 71
24 68
33 68
292 488
94 60
321 373
70 337
480 94
4 68
304 233
185 443
219 466
121 359
383 128
179 303
469 477
170 474
458 6
327 384
323 140
186 433
118 115
30 87
28 426
52 303
143 499
195 230
177 131
83 337
5 215
262 499
127 331
283 382
360 17
253 451
16 225
135 94
468 308
193 198
122 371
343 104
19 21
496 316
169 33
25 338
353 208
42 38
102 313
164 443
380 274
124 110
215 297
258 84
277 258
427 429
139 399
269 309
181 497
259 68
13 466
165 7
134 297
208 483
247 215
286 185
47 421
194 339
21 220
339 6
482 114
11 89
355 104
115 6
49 25
207 255
137 25
338 235
370 348
457 335
100 484
66 7
440 33
255 179
294 360
159 176
0 220
371 97
85 79
252 220
34 37
414 157
40 339
431 397
82 381
3 344
307 402
68 299
290 7
231 124
379 450
476 499
98 382
325 374
44 499
65 7
309 7
156 131
369 294
210 458
192 166
217 13
76 419
293 307
266 303
7 176
117 371
209 180
67 5
250 194
477 268
296 124
150 264
395 414
20 239
78 151
171 297
126 429
265 265
14 154
394 497
108 426
60 198
145 201
329 17
109 482
77 105
37 359
101 321
158 427
73 183
74 109
213 412
389 430
205 301
378 370
96 488
189 176
220 145
336 465
160 435
90 295
53 227
146 295
224 269
198 7
326 9
264 497
93 42
95 468
103 425
81 306
157 86
387 298
105 366
17 196
99 204
