img14c2.jpg img25c3.jpg
474 360
441 280
428 283
440 283
466 350
438 287
403 280
486 399
439 285
323 92
427 285
348 126
215 11
299 36
342 216
368 205
372 118
392 326
301 132
266 96
238 81
472 453
286 8
295 144
417 205
319 118
241 92
488 357
452 391
479 356
455 244
365 260
279 126
216 36
383 129
423 260
214 34
152 29
433 357
425 256
308 139
498 152
244 146
449 315
471 410
364 214
386 237
398 289
406 308
492 362
390 279
434 339
316 146
424 361
478 281
494 352
375 119
344 151
400 316
407 307
249 8
382 111
477 341
456 349
139 11
405 11
435 447
467 276
484 367
251 51
397 318
109 397
114 11
330 69
211 31
388 239
236 29
448 340
429 219
54 286
370 31
489 339
366 258
458 417
373 132
306 142
334 14
446 391
273 100
483 489
158 92
298 136
453 351
250 152
480 285
296 189
297 119
345 162
491 400
359 345
353 360
34 240
325 152
371 237
150 452
148 73
490 398
493 351
272 51
464 361
363 136
341 147
445 363
470 363
462 352
357 144
292 339
416 447
420 244
408 363
431 252
482 395
432 31
451 42
169 447
248 75
149 456
468 495
300 31
50 2
402 129
274 218
421 209
461 42
379 184
387 120
347 490
409 174
208 2
219 449
436 376
350 326
120 31
450 329
168 329
399 277
206 54
499 322
73 411
333 181
395 323
217 448
30 285
66 92
275 399
454 321
44 11
317 256
361 279
426 490
354 251
322 487
310 420
133 2
496 424
147 487
53 42
314 182
329 123
324 133
123 51
91 260
318 51
252 79
307 54
381 346
218 278
495 149
243 4
79 497
305 24
72 51
166 31
119 395
442 252
229 329
254 261
328 92
68 313
290 135
393 298
188 258
351 158
81 353
469 342
177 104
377 134
210 318
258 151
213 132
14 220
35 11
380 234
378 80
337 270
64 79
191 121
463 372
293 158
302 137
242 364
285 52
356 118
179 136
460 323
86 126
151 398
281 17
261 120
481 63
57 478
197 63
39 49
444 352
430 482
170 368
311 112
247 4
46 275
232 101
138 207
108 101
294 262
126 221
497 417
401 417
69 104
85 165
156 35
349 472
141 260
264 128
476 251
336 482
154 151
134 2
447 455
313 321
84 354
282 37
237 120
234 164
132 101
199 23
12 20
94 161
321 440
200 17
289 214
410 109
102 28
90 393
291 299
178 206
16 177
45 16
75 201
157 317
303 84
31 70
315 251
391 261
10 365
189 284
335 181
327 135
13 41
485 251
255 137
346 234
100 414
260 105
155 17
340 7
268 79
186 95
369 354
226 210
184 284
437 464
376 251
63 195
271 226
201 52
146 290
192 495
15 22
385 310
22 101
167 185
124 282
443 403
77 327
143 28
415 135
320 409
360 446
225 28
164 135
9 345
70 59
331 272
223 136
153 109
278 107
394 484
112 121
161 346
414 168
173 314
362 428
367 109
76 1
404 30
37 100
355 177
180 61
384 151
280 52
222 251
1 135
224 125
190 95
193 199
42 291
396 298
115 198
185 1
56 1
97 121
389 310
413 5
174 28
473 277
411 127
358 41
38 370
62 291
105 272
202 240
187 274
287 1
339 491
309 52
137 5
103 260
98 368
128 86
51 1
55 35
487 130
29 151
6 153
95 111
65 121
140 44
19 137
212 124
276 254
207 94
312 251
71 368
352 169
2 61
92 368
332 52
231 175
175 102
60 197
48 460
230 95
80 245
227 86
159 107
343 234
142 81
23 243
129 60
412 473
130 106
52 157
136 35
49 185
18 292
17 211
87 252
198 203
104 181
74 272
326 130
21 101
160 130
475 229
89 101
253 368
182 83
8 1
117 45
418 186
28 183
183 3
304 135
32 368
20 197
144 100
83 496
67 261
195 85
240 13
5 6
145 338
110 335
59 71
47 298
235 37
40 198
135 368
88 95
99 5
125 40
257 196
26 230
465 282
131 102
196 120
338 45
288 109
27 15
121 157
205 338
7 228
36 37
269 428
3 86
11 291
457 251
459 458
4 83
165 94
127 175
171 49
203 370
265 83
419 251
33 175
284 215
277 168
422 252
228 83
259 437
106 453
256 1
113 439
233 211
374 42
239 230
162 23
24 157
101 205
263 40
245 490
116 374
163 40
172 230
107 496
93 104
194 203
270 338
220 168
82 377
246 457
111 124
118 37
283 153
61 265
122 61
267 282
221 243
41 466
204 196
209 314
176 306
0 235
96 130
58 453
25 157
181 111
43 176
262 282
78 312
