img12c2.jpg img20c3.jpg
485 287
479 366
412 389
392 224
320 38
498 447
339 224
285 224
354 177
410 312
451 319
472 351
356 134
434 302
444 340
342 397
231 147
474 393
445 224
446 369
318 397
374 222
204 224
469 369
450 366
173 231
233 90
471 356
430 272
360 237
355 151
424 199
280 57
369 142
470 373
443 309
457 365
337 178
492 357
447 241
499 389
496 483
348 138
350 229
286 147
246 231
241 468
464 379
483 420
463 372
283 151
351 210
385 176
325 25
366 112
372 167
413 288
262 172
437 312
120 27
142 17
315 94
478 302
266 48
489 401
458 317
401 302
475 372
435 316
102 466
398 416
282 140
329 55
428 229
321 172
426 389
345 187
391 300
192 172
400 218
419 246
255 288
119 147
132 397
482 494
299 125
488 404
302 222
476 362
453 483
248 31
466 229
309 25
278 140
276 109
297 17
312 48
363 218
378 41
421 231
296 117
490 388
336 102
349 231
205 125
298 118
346 38
468 320
127 404
275 149
454 276
313 25
338 74
197 288
218 67
404 204
484 390
273 82
459 494
44 66
274 157
384 85
362 172
396 251
72 350
367 114
486 363
311 335
477 382
281 86
150 326
294 41
201 241
332 105
381 402
307 85
497 140
317 102
314 134
162 140
493 378
216 27
326 102
189 169
310 142
215 231
420 212
347 377
393 324
433 428
494 478
34 140
308 362
449 431
344 286
407 393
232 35
427 383
408 219
473 462
414 55
229 56
399 363
115 467
167 74
456 483
247 74
423 255
301 74
448 151
491 376
199 117
169 56
243 96
481 304
208 140
319 78
164 117
1 397
134 231
370 117
411 369
171 35
260 38
6 404
429 260
26 214
436 363
452 169
223 436
327 178
353 66
417 411
146 435
200 57
364 41
455 299
402 229
193 79
357 109
495 213
113 142
30 245
129 415
13 294
188 478
442 219
394 147
9 422
15 382
295 277
69 127
316 109
289 75
230 341
31 127
73 436
405 319
441 324
125 245
379 324
212 237
145 411
40 102
340 182
300 408
388 483
251 495
265 431
409 139
236 33
259 31
249 424
210 210
368 90
467 319
111 175
418 43
239 123
114 38
143 272
382 184
147 238
245 126
18 93
172 449
390 290
183 77
416 221
242 382
387 177
140 284
3 224
25 326
112 214
227 75
270 173
323 244
425 178
224 86
376 80
198 93
306 257
268 108
152 178
91 114
151 281
335 147
225 284
238 59
179 382
277 275
460 43
166 0
361 200
352 37
389 80
195 79
487 284
35 165
23 32
221 269
386 366
21 34
71 96
333 59
14 220
253 23
131 263
74 176
148 48
397 32
27 68
95 77
403 101
261 264
279 217
237 132
222 390
439 221
75 40
365 30
83 312
228 13
440 9
194 108
214 156
334 331
284 75
359 260
480 165
177 50
97 85
182 397
118 202
293 470
328 241
56 300
187 390
156 44
226 37
54 291
461 69
79 218
330 282
92 0
130 109
155 156
190 101
202 52
432 306
176 373
161 9
250 464
438 221
53 74
422 320
373 257
57 85
252 244
59 390
234 79
244 199
24 269
110 406
50 228
358 183
135 95
462 442
8 291
55 291
43 141
331 173
126 155
288 465
343 61
272 399
383 431
138 231
395 194
240 244
153 291
180 182
267 269
32 0
465 400
58 61
123 263
160 211
103 140
341 16
2 291
99 491
61 60
159 89
377 80
81 223
263 28
133 424
48 172
63 65
64 208
84 25
209 311
38 273
46 11
80 420
128 475
41 90
211 299
49 208
86 208
287 245
291 228
141 90
42 153
257 78
76 457
37 261
70 120
10 269
269 126
154 320
149 51
47 4
415 260
77 131
33 433
105 88
290 239
0 479
116 303
89 428
191 63
186 452
36 180
45 406
62 475
94 480
12 119
178 286
52 160
163 15
165 188
87 172
124 284
371 426
181 23
78 494
206 99
258 295
207 202
305 293
170 4
121 178
20 189
5 403
19 281
304 180
264 202
96 426
85 144
90 282
139 144
60 282
235 367
65 269
68 432
322 320
220 221
217 78
39 78
137 215
213 9
100 55
22 77
16 368
7 77
175 291
66 16
88 34
144 367
82 239
98 7
168 12
292 138
11 293
303 426
107 7
157 78
380 154
101 303
28 82
108 294
375 419
184 469
93 6
104 332
29 278
122 146
254 154
174 189
203 107
196 7
431 426
256 284
117 11
17 28
106 176
219 333
324 389
271 29
136 123
158 333
109 239
406 87
51 438
185 15
67 54
4 129
