img13c2.jpg img21c3.jpg
397 227
411 207
383 203
398 318
285 150
402 343
441 365
245 42
493 368
349 214
471 302
310 42
361 213
484 360
421 217
348 158
371 128
435 217
290 86
342 169
353 218
442 302
395 241
399 410
381 210
277 214
492 397
448 410
335 54
401 119
257 86
468 317
470 392
337 161
328 125
394 381
404 128
294 89
455 366
365 115
475 346
357 118
298 314
135 457
412 118
372 12
312 12
418 381
230 162
452 331
378 333
415 314
110 119
293 158
384 209
474 347
218 59
355 150
419 301
439 288
450 314
198 318
461 311
20 162
93 169
125 93
479 365
205 119
438 405
364 201
356 137
142 203
494 367
239 103
258 53
491 342
319 12
482 343
313 34
469 361
408 232
368 89
454 290
480 437
320 333
5 363
315 161
446 445
244 124
29 8
425 133
280 40
453 241
256 424
433 491
334 3
278 137
215 314
332 3
490 382
462 451
42 39
307 491
211 103
243 162
407 155
246 162
130 201
152 162
390 208
485 91
487 280
232 4
262 293
237 25
431 277
129 8
213 231
476 343
437 280
496 24
111 20
473 357
457 425
486 198
451 324
414 243
45 22
440 382
189 35
347 223
18 45
121 14
166 158
370 6
267 6
10 428
259 310
252 13
60 35
155 59
389 24
289 213
133 31
172 277
159 49
228 288
274 25
194 93
90 46
116 4
25 459
65 59
465 425
17 249
460 24
95 437
30 24
403 425
253 89
363 152
385 387
265 93
62 462
427 387
410 344
387 387
261 65
400 425
323 310
167 78
204 333
344 292
406 186
420 232
168 173
26 366
197 103
488 430
217 88
118 310
499 425
126 199
105 387
9 462
113 89
140 41
144 41
263 83
466 425
309 225
358 91
55 341
326 182
459 418
373 367
238 166
98 78
21 187
83 370
56 468
11 107
188 483
417 91
443 259
12 334
2 113
13 214
165 87
409 188
94 432
301 37
292 160
329 219
117 109
88 22
89 342
50 333
170 210
153 357
67 25
302 259
164 268
279 238
187 459
19 339
24 406
303 182
316 182
318 47
139 162
483 258
208 458
82 173
77 47
73 402
64 34
32 176
308 87
52 34
145 256
222 107
249 160
86 364
128 429
200 44
63 93
254 429
330 242
380 265
134 41
185 176
180 20
175 259
458 430
43 310
250 308
141 10
102 387
177 115
266 208
16 5
174 32
80 372
377 242
106 104
143 211
336 258
101 139
51 455
79 288
176 193
199 127
251 264
333 429
61 41
84 115
85 275
422 22
99 255
48 58
192 256
210 41
137 127
146 264
234 338
436 123
495 374
37 442
44 264
7 481
182 52
149 72
136 41
114 286
57 482
255 173
183 34
59 304
27 115
311 311
4 264
445 266
288 87
299 216
240 238
317 416
497 130
39 136
104 136
430 295
191 41
158 117
225 223
366 332
489 130
467 107
122 173
150 123
392 56
58 275
71 358
124 323
331 37
74 288
181 80
103 193
68 136
132 175
109 318
382 264
70 402
223 482
478 364
359 37
78 87
477 289
268 272
327 57
178 240
340 182
179 165
264 182
273 54
297 414
34 193
97 459
338 347
49 156
54 117
283 264
369 499
87 136
351 238
209 69
284 439
424 251
160 323
15 79
138 172
343 44
352 216
115 264
40 270
275 252
195 482
375 182
216 264
127 482
481 61
6 109
23 332
463 56
393 143
314 182
231 126
354 455
92 174
186 92
281 222
53 29
304 198
413 441
119 482
324 279
1 479
3 325
46 111
173 80
248 482
206 132
91 369
214 212
367 252
456 498
100 176
171 182
498 173
163 235
207 10
220 286
201 357
241 242
339 67
295 312
416 61
162 154
464 251
108 371
123 472
202 268
341 172
147 21
190 30
157 226
212 354
156 388
169 182
321 348
432 62
260 27
322 61
184 117
161 1
362 311
296 57
472 21
224 61
227 278
426 127
226 180
305 37
14 152
66 240
72 396
229 219
107 136
360 421
76 348
0 495
346 15
270 202
120 332
447 61
196 348
350 34
300 5
242 182
396 497
325 226
247 78
276 71
96 278
22 270
269 37
306 209
388 37
131 28
219 80
69 72
291 150
75 32
221 37
151 43
386 490
36 271
47 62
154 238
41 194
31 241
444 479
282 109
287 65
28 109
429 21
379 253
112 21
434 226
38 238
35 323
203 62
286 497
236 54
423 37
405 238
272 182
376 145
233 294
193 21
148 241
271 182
449 264
428 264
8 35
33 182
391 321
345 94
81 156
235 238
374 141
