img19c2.jpg img22c3.jpg
371 231
278 283
389 277
387 342
339 283
326 207
394 339
499 432
377 277
401 369
297 231
440 416
482 488
396 283
467 437
427 417
116 150
476 480
373 276
447 410
172 47
276 338
174 72
496 440
462 415
488 489
379 56
485 453
59 28
420 39
54 31
282 302
446 480
247 158
458 439
386 372
408 354
434 432
454 438
16 72
199 150
494 442
33 26
392 419
311 471
466 338
196 172
353 390
115 46
493 374
439 407
79 3
60 160
48 72
344 374
184 15
415 392
475 476
376 261
452 421
44 82
26 482
471 439
223 214
362 353
192 283
483 461
200 270
204 278
332 288
410 421
416 489
124 270
388 354
128 214
449 452
137 202
430 21
436 480
419 343
117 24
198 142
64 82
431 371
253 263
477 498
314 352
443 393
63 65
441 270
3 34
249 240
240 215
347 282
406 413
215 201
132 180
301 250
221 249
29 447
194 148
498 341
52 97
457 468
155 241
159 180
273 205
306 428
398 410
139 154
10 142
25 241
303 207
152 40
279 305
390 276
444 472
472 402
374 268
78 167
426 432
492 403
187 241
214 145
56 19
359 340
37 282
76 142
290 426
241 305
7 19
310 282
212 428
294 294
41 120
484 468
269 332
4 180
480 135
469 493
46 362
330 121
337 426
338 426
380 44
320 278
368 446
265 244
87 187
24 246
168 215
203 151
348 475
262 330
349 426
346 359
318 132
423 21
165 73
119 263
351 446
20 194
38 149
479 141
22 107
81 141
319 158
280 362
254 397
384 250
156 279
95 40
412 432
409 21
329 326
77 246
473 341
491 438
66 362
361 486
205 84
220 343
173 38
308 293
487 483
19 213
425 191
28 339
61 447
333 198
127 133
182 396
468 403
352 84
267 70
378 257
432 476
258 487
385 378
437 310
275 72
263 410
21 26
148 202
251 143
83 181
31 37
58 74
50 301
108 54
316 426
129 38
103 35
169 37
157 303
442 399
122 149
356 476
357 472
162 194
284 98
73 35
486 299
121 364
395 231
177 310
285 398
55 243
85 145
130 246
163 236
146 454
236 182
291 486
92 37
305 89
154 310
102 68
405 370
234 105
161 38
364 476
99 149
107 294
222 323
35 350
413 476
450 476
84 170
393 197
424 487
213 446
218 453
286 472
256 363
370 379
11 278
271 90
0 170
86 217
202 50
176 133
381 426
75 31
335 140
407 486
399 476
323 221
133 157
250 6
428 21
123 57
391 184
43 182
342 21
313 372
312 284
166 151
358 339
397 300
417 476
101 79
400 399
456 319
181 34
289 397
149 6
375 477
307 182
96 265
209 14
445 373
120 7
111 7
243 156
404 472
402 300
414 476
429 476
230 109
300 433
36 147
228 98
39 50
299 492
80 308
244 88
257 202
354 370
109 486
216 153
142 364
355 254
233 364
455 191
208 498
245 38
140 363
6 213
191 314
9 157
270 387
302 168
158 300
126 38
248 326
47 153
153 10
365 324
160 50
272 177
325 387
186 276
201 96
70 6
277 30
206 100
211 89
259 88
367 191
94 45
421 276
42 483
175 147
49 447
53 81
481 192
68 81
334 6
2 211
470 245
403 84
461 247
106 244
34 320
226 272
5 210
463 385
72 89
268 323
65 144
489 372
372 426
336 74
411 104
144 304
292 411
246 329
435 157
104 34
183 62
366 197
178 372
217 52
274 301
328 424
315 273
350 323
15 62
71 61
93 495
497 498
283 219
281 134
295 273
324 100
91 107
138 133
490 400
45 81
418 157
239 101
113 117
82 81
478 480
145 84
237 96
438 390
147 364
465 380
13 100
304 138
32 188
224 34
460 147
327 387
69 105
150 246
74 194
288 332
451 325
422 386
67 138
464 472
252 100
242 127
14 54
188 32
433 372
383 44
322 161
51 359
180 278
453 245
235 7
134 136
448 50
266 426
343 157
151 486
170 266
227 6
369 394
135 433
136 130
232 242
57 157
105 77
195 260
495 282
219 97
197 246
298 133
12 19
17 330
40 45
207 137
341 18
363 254
114 314
189 42
321 372
260 163
340 300
143 242
62 365
118 107
296 107
210 304
1 60
18 385
27 35
89 195
293 385
131 130
100 261
164 389
231 25
225 77
474 35
255 304
459 25
360 386
261 245
179 107
112 376
264 356
309 180
185 243
287 81
382 258
229 383
167 222
141 498
193 107
331 202
88 208
171 330
23 178
317 81
97 300
345 330
190 377
238 6
30 16
110 314
98 191
90 202
8 35
125 300
