img14c2.jpg img21c3.jpg
299 158
441 302
455 223
440 364
403 302
486 399
498 397
428 217
152 42
488 341
211 12
423 211
433 341
323 46
238 98
474 364
388 167
331 80
241 46
215 86
372 169
492 365
402 207
244 140
334 190
466 304
148 95
368 201
424 366
363 241
495 340
249 89
319 169
353 158
382 134
484 352
348 206
456 367
386 210
316 140
434 368
398 237
431 241
272 40
286 146
494 346
366 213
438 365
279 203
448 324
114 86
427 314
236 42
417 352
435 397
439 314
479 357
325 153
214 314
300 162
392 225
406 327
373 166
341 177
472 475
266 11
383 146
397 315
405 86
139 138
274 214
463 377
216 22
489 404
364 140
452 405
478 293
301 11
483 398
464 397
421 199
296 130
365 211
308 110
453 207
490 329
375 137
429 320
370 12
493 429
491 450
361 233
467 457
461 320
208 8
420 163
442 241
250 210
54 461
357 218
295 159
109 436
158 366
497 403
462 346
34 302
290 34
480 314
458 350
387 61
449 203
499 382
416 326
425 215
482 435
66 11
450 310
408 353
324 133
168 222
371 277
298 161
401 297
294 81
345 209
350 461
407 363
359 313
445 313
451 24
307 133
147 424
446 405
169 477
471 430
219 39
44 119
400 423
306 177
305 54
436 431
150 399
342 216
496 400
166 162
432 12
217 205
251 40
53 162
291 114
347 478
73 428
119 420
378 459
292 368
149 463
330 145
329 163
68 314
79 148
318 40
302 116
379 113
409 389
248 106
344 152
120 12
390 304
328 17
470 430
247 3
190 136
395 311
123 35
57 483
91 90
317 47
206 82
381 451
30 390
351 258
297 424
14 249
477 282
50 74
275 437
81 361
310 318
264 4
46 201
191 35
188 210
252 163
258 379
273 152
322 424
337 242
254 353
218 28
132 333
333 98
314 190
213 165
35 138
447 123
303 68
399 208
210 352
393 289
234 333
134 8
454 125
444 421
232 170
468 20
293 190
481 198
321 155
469 308
426 478
133 431
86 203
335 129
430 469
269 81
229 166
380 212
151 451
354 238
102 334
157 170
404 188
261 463
108 14
72 46
137 174
271 136
475 109
117 194
356 407
460 44
376 238
289 329
13 71
39 457
141 362
126 232
179 207
346 116
69 49
75 247
178 155
177 49
85 53
410 176
64 98
437 493
154 437
161 370
201 173
84 402
281 50
313 442
103 211
17 18
443 212
396 289
349 1
240 370
225 41
242 354
327 465
192 427
226 173
285 333
90 421
197 92
473 169
63 183
377 129
138 247
199 34
15 65
414 109
243 419
288 252
260 68
186 127
336 169
355 417
312 194
369 477
164 174
485 238
268 237
153 173
200 50
202 227
280 173
237 163
194 194
49 181
70 482
124 357
174 41
100 304
320 87
19 115
87 288
10 417
207 97
309 333
27 3
415 292
173 325
187 152
155 472
476 238
130 174
255 130
391 248
362 432
224 194
411 417
104 285
20 71
459 180
22 120
358 154
98 94
167 181
1 374
146 477
235 71
384 215
62 70
185 465
12 80
16 181
315 238
198 333
311 435
105 136
385 323
6 10
276 32
47 289
326 294
487 271
223 17
9 353
2 79
77 200
282 144
193 387
31 392
60 81
80 253
230 211
180 492
65 289
45 154
48 133
360 449
25 109
28 429
56 3
76 292
340 454
284 109
112 407
96 226
71 118
140 51
42 118
182 57
389 139
265 57
143 42
184 80
231 41
227 374
127 79
129 67
21 87
339 301
367 23
51 7
32 83
52 111
270 79
88 237
59 383
121 109
11 267
89 14
110 10
374 378
136 211
95 392
99 252
111 21
23 325
246 467
101 207
29 241
183 121
160 191
97 316
352 384
412 475
338 194
40 383
116 384
394 32
196 348
222 238
287 34
175 79
128 194
3 194
253 41
8 150
170 307
142 98
418 311
304 115
92 421
156 354
195 203
165 460
262 21
115 9
256 79
83 271
33 79
94 175
212 97
41 197
7 21
74 338
332 126
171 291
203 412
26 289
144 225
205 154
125 71
159 331
259 421
189 211
37 167
172 204
465 497
5 226
107 264
24 111
145 79
413 15
131 383
18 154
245 487
135 118
220 21
239 204
67 483
38 417
228 294
278 5
163 325
233 154
43 116
118 154
113 111
343 454
257 61
277 320
283 154
78 21
93 235
4 43
162 59
61 40
122 79
0 230
221 283
181 343
55 383
419 311
82 87
106 62
457 238
263 79
209 283
422 220
267 328
176 79
58 384
36 110
204 79
