img11c2.jpg img26c3.jpg
403 355
443 355
371 152
394 332
366 163
275 171
377 289
305 289
493 468
385 290
495 448
289 227
402 347
93 61
204 165
374 250
357 290
352 293
434 391
342 274
397 293
473 348
236 35
448 401
252 289
356 332
346 126
478 459
23 238
471 453
178 15
228 8
469 403
247 40
359 305
278 268
396 351
326 54
444 348
282 40
354 302
457 468
410 280
292 211
369 253
151 238
395 300
230 111
412 249
328 200
224 250
211 135
406 359
488 405
433 409
206 65
393 357
413 364
497 451
229 15
456 459
114 40
316 268
304 145
294 308
303 250
494 431
198 69
474 457
363 286
286 208
344 200
350 200
485 394
458 417
419 378
460 368
333 137
439 403
475 454
320 174
271 80
71 54
470 409
482 433
281 254
119 91
239 169
428 488
238 253
345 309
411 474
379 227
325 234
189 62
399 366
435 492
420 381
365 218
445 249
165 49
378 19
408 379
438 415
391 367
203 270
454 448
127 27
437 406
462 347
219 128
121 70
450 366
361 280
221 238
257 183
270 189
358 54
407 200
351 279
55 279
205 32
480 351
277 111
441 345
405 360
490 348
442 357
465 249
479 492
43 8
136 149
273 32
209 47
451 397
284 148
137 73
484 401
157 8
113 54
364 364
290 248
416 218
313 358
486 451
27 40
355 332
142 85
353 257
197 69
232 91
349 301
321 273
472 492
216 238
461 354
177 231
0 465
331 125
496 467
477 427
389 339
400 457
220 94
440 398
263 174
487 294
279 247
463 430
171 37
144 56
467 355
375 369
466 451
384 237
285 218
368 234
255 62
306 19
118 69
240 125
17 40
476 294
256 34
414 379
210 148
225 130
83 309
309 126
67 85
404 478
268 174
125 50
417 201
481 463
35 135
264 387
70 6
217 211
7 120
108 200
436 364
336 174
339 277
251 66
424 478
447 308
491 496
152 382
215 169
208 348
265 92
298 210
459 431
172 368
287 200
343 167
464 424
295 279
348 76
392 368
370 478
50 56
122 56
202 255
335 466
449 468
82 73
242 77
455 496
116 65
324 212
158 279
254 120
51 279
409 1
11 49
130 238
291 247
293 364
376 478
160 43
234 308
134 44
314 114
452 254
427 43
154 83
207 257
398 101
430 355
334 352
74 480
132 9
182 57
329 8
183 389
129 98
112 101
81 94
323 77
185 192
104 380
155 230
492 15
308 130
310 80
489 381
302 127
280 463
78 27
59 70
390 304
401 272
123 169
14 45
163 228
341 267
446 272
64 332
99 314
483 368
156 77
186 32
212 487
415 451
425 70
381 323
111 92
190 469
13 151
162 321
468 70
102 14
418 43
164 390
322 375
32 28
426 240
131 58
373 447
297 447
52 458
115 480
337 310
245 185
261 58
126 67
184 151
87 266
76 268
301 391
382 217
124 32
92 144
223 235
31 41
276 458
246 45
201 259
188 495
272 207
1 99
227 117
110 473
159 314
387 255
170 402
338 268
340 353
317 466
241 83
57 96
8 132
312 361
311 259
117 495
161 19
66 192
235 44
213 69
138 66
176 187
196 160
267 321
226 62
429 359
19 48
20 142
48 26
299 456
58 43
269 185
187 44
33 346
65 84
179 267
181 129
12 6
72 241
5 29
173 473
259 473
120 490
180 380
89 389
421 129
266 366
499 347
26 439
49 169
168 185
360 448
175 204
25 423
214 157
85 157
63 293
46 191
347 284
68 116
153 21
233 205
86 364
498 302
174 285
319 7
362 386
423 100
60 431
69 44
6 356
84 288
422 330
143 108
133 48
145 428
148 319
37 116
250 174
258 185
45 285
101 350
166 133
95 176
167 344
103 339
139 473
169 0
36 43
135 92
200 43
15 252
24 142
453 185
91 452
193 183
34 160
54 307
42 194
244 341
21 256
380 360
222 490
38 241
315 473
56 63
146 356
62 59
44 256
307 285
288 490
88 137
260 179
39 388
61 342
231 133
327 63
94 26
4 419
109 244
218 245
73 477
90 285
253 53
141 108
22 64
3 180
80 165
105 79
2 122
262 352
372 198
18 70
47 77
30 323
195 482
28 276
367 103
98 126
243 319
191 393
296 399
383 342
332 341
149 23
100 176
140 222
330 331
10 240
283 235
16 221
77 144
194 174
300 285
75 473
431 61
29 79
248 189
96 310
150 129
53 240
147 240
192 469
79 395
41 92
199 240
432 251
237 285
106 157
386 334
107 389
9 113
40 356
274 141
97 150
249 222
128 401
318 360
388 69
