img12c2.jpg img29c3.jpg
485 303
412 219
392 204
445 204
474 348
444 343
499 381
410 294
437 294
204 32
471 421
282 25
450 302
489 380
498 459
472 131
479 302
434 277
483 391
464 381
285 32
327 83
346 165
469 371
339 117
424 438
351 216
231 199
246 8
283 150
497 428
435 278
350 224
369 110
360 38
320 61
132 32
318 302
470 368
276 145
218 25
321 96
443 131
446 285
332 49
400 287
342 302
102 468
325 60
286 199
311 48
355 199
119 199
345 155
493 274
243 91
313 91
405 231
426 401
307 83
192 96
494 290
199 67
413 301
299 285
478 277
482 488
401 277
476 408
496 397
421 8
492 414
315 44
408 126
420 226
458 315
439 283
428 279
391 440
354 161
447 304
407 393
378 111
72 451
337 181
398 363
232 73
173 199
404 202
344 124
319 75
430 262
340 184
372 160
167 96
457 286
475 373
486 490
278 173
490 402
34 173
297 67
484 437
453 421
162 173
205 38
247 96
363 294
463 373
255 301
454 390
393 307
466 224
312 4
349 199
374 239
215 290
459 393
353 134
356 230
455 230
1 302
208 173
248 16
419 278
275 138
241 397
436 290
216 468
309 56
30 187
338 79
352 317
115 25
347 405
433 256
294 187
197 301
296 67
134 8
427 436
348 166
451 231
262 176
448 150
142 67
229 10
399 370
317 91
201 422
273 96
281 60
302 239
396 114
488 422
477 150
308 302
449 490
280 50
367 307
416 205
289 116
364 12
429 229
336 60
366 158
200 437
326 91
418 311
314 79
233 239
120 31
193 101
370 126
316 145
266 4
274 4
381 187
146 397
310 303
481 83
456 450
379 307
6 0
125 428
491 362
384 194
362 176
460 311
210 187
441 337
31 355
298 138
189 288
301 79
402 158
169 10
388 494
150 249
127 499
394 30
473 394
411 25
26 216
164 67
423 139
44 451
9 52
300 47
73 402
249 457
69 18
171 73
223 134
452 274
188 70
442 380
13 187
113 224
417 228
227 9
129 301
295 102
495 247
329 16
357 145
56 440
382 62
290 35
251 495
15 8
133 88
467 139
221 272
242 83
414 236
79 215
386 163
18 56
224 62
145 169
259 256
143 262
222 390
368 321
236 30
333 353
212 381
265 98
112 216
440 444
335 289
260 61
268 231
3 71
287 359
323 271
390 134
385 155
245 219
40 56
57 98
59 458
97 38
270 149
438 194
330 237
279 406
179 423
425 266
480 496
89 256
293 317
140 280
195 283
358 98
409 317
21 409
25 312
138 109
261 264
14 82
80 369
151 342
172 439
183 235
103 173
226 299
35 451
234 272
166 463
111 495
230 409
50 444
137 222
92 295
71 91
228 70
83 294
462 346
114 61
161 444
237 50
331 192
23 64
198 390
202 53
277 358
487 275
47 267
328 457
53 79
182 71
55 122
206 300
239 262
383 101
238 112
187 390
177 422
91 52
468 311
135 399
359 223
465 177
432 201
291 35
284 298
389 484
33 464
68 466
152 272
2 473
194 388
376 484
250 439
244 253
153 300
170 346
190 174
148 4
288 479
147 409
361 275
19 178
240 202
395 186
225 328
110 35
365 106
130 251
10 98
54 147
252 210
126 440
165 191
341 349
8 122
77 445
39 300
343 469
403 71
32 463
156 41
304 189
16 174
76 262
191 333
64 235
41 390
90 229
95 61
124 358
387 161
99 98
163 346
24 271
0 76
84 56
178 387
214 75
94 98
267 271
303 214
306 229
22 326
176 18
377 186
61 158
78 488
263 129
415 229
107 214
159 19
85 359
27 262
75 161
211 253
42 35
43 27
48 121
131 175
49 222
397 128
58 56
63 222
334 346
257 3
17 386
406 1
81 262
36 1
96 83
46 27
160 342
12 63
87 359
45 308
74 4
175 26
461 112
7 13
98 29
86 235
269 202
101 128
123 263
253 227
149 298
70 197
65 245
235 326
373 168
88 164
105 155
207 211
128 29
186 80
209 223
258 17
141 67
139 493
52 20
100 372
38 213
180 454
271 197
106 178
181 347
118 473
121 46
220 272
375 300
155 27
62 75
104 448
305 1
264 147
168 326
213 444
203 358
157 3
37 268
422 311
154 356
5 358
60 340
324 428
29 384
371 300
272 185
116 456
322 490
66 318
292 273
217 401
82 55
431 75
122 222
184 243
11 327
196 265
256 13
20 359
144 259
109 107
380 283
219 213
254 157
158 213
4 43
185 334
174 121
136 336
117 359
93 202
108 396
28 24
51 467
67 54
