img11c2.jpg img13c2.jpg
136 257
12 17
403 397
441 450
275 294
35 13
434 402
247 245
443 397
282 310
224 205
435 462
404 356
391 446
122 18
456 468
459 454
286 308
305 383
356 411
279 315
171 13
394 411
353 355
72 57
374 110
440 439
444 470
359 397
352 348
474 479
378 350
377 383
294 404
492 440
215 278
252 383
303 277
281 298
479 462
400 468
410 395
238 383
345 364
351 372
497 492
348 361
371 357
92 79
306 276
370 278
361 337
93 198
396 402
420 460
472 462
368 365
438 476
433 399
206 253
415 361
448 452
483 487
473 470
461 479
23 243
312 281
470 448
158 142
369 371
289 412
395 383
466 455
397 348
114 310
488 469
375 412
175 109
27 135
178 111
0 111
485 494
74 25
482 484
240 258
408 412
287 280
277 237
376 356
304 319
219 244
211 208
207 323
230 237
155 259
480 482
205 252
197 181
216 372
280 278
379 412
295 312
437 453
355 353
392 414
32 118
151 243
464 461
234 230
373 278
494 475
327 345
393 383
199 291
449 487
495 431
209 225
447 496
350 280
273 252
177 130
198 181
478 135
276 278
245 204
313 244
484 452
442 484
159 114
7 205
414 433
469 110
130 246
398 390
232 262
208 166
217 133
407 407
302 332
349 419
116 113
406 364
78 45
439 312
475 482
399 10
118 173
455 440
343 347
358 468
55 88
132 255
424 278
49 37
129 248
221 348
290 348
325 313
144 237
297 323
481 439
10 28
108 90
131 119
454 431
127 237
308 334
411 437
299 306
51 5
165 290
82 55
152 228
491 490
487 442
163 48
471 491
363 344
148 112
450 448
428 468
87 59
416 30
339 425
490 470
486 493
328 189
364 29
203 468
229 111
326 455
137 399
366 317
123 217
204 198
29 36
256 126
134 195
344 189
387 409
17 135
477 425
113 262
239 471
53 96
110 50
160 50
235 248
20 122
261 273
409 425
413 129
467 135
115 67
162 121
172 133
50 29
11 18
293 126
310 25
52 48
40 154
81 74
476 442
147 291
365 18
267 50
300 282
285 18
71 135
57 102
493 490
119 441
436 29
138 330
228 420
268 171
331 407
292 133
83 130
225 234
246 209
186 263
445 347
463 433
4 202
5 204
13 44
253 286
452 420
412 347
264 342
9 141
86 56
457 494
161 162
419 56
270 337
329 420
157 317
460 437
263 143
43 420
180 188
321 252
284 412
70 121
251 439
173 232
465 347
318 300
405 383
190 433
309 317
112 189
301 402
347 436
38 38
291 309
104 402
333 252
226 153
389 407
84 481
346 317
202 488
430 471
341 252
262 117
336 395
140 247
64 113
271 42
142 135
249 151
314 397
390 461
254 435
324 342
257 144
200 204
6 200
243 240
63 297
67 309
220 234
139 117
417 395
432 392
188 388
210 228
126 78
183 83
59 159
278 252
260 498
269 78
489 29
187 195
258 288
322 55
105 316
385 378
149 31
259 117
3 160
65 78
164 178
357 378
121 159
133 177
384 2
19 64
185 95
334 176
429 29
342 25
223 331
316 188
31 115
288 436
146 148
91 487
125 262
8 162
298 56
320 409
241 181
236 433
111 122
335 492
323 104
167 281
69 195
99 83
317 109
212 473
14 17
170 398
468 115
62 259
427 50
381 305
265 416
201 29
425 52
338 336
44 255
423 122
340 133
402 59
426 57
401 30
255 88
176 402
248 235
266 10
242 181
33 145
154 140
184 276
153 350
37 140
168 325
189 187
272 371
213 181
418 351
182 65
227 115
76 185
354 309
18 140
124 252
24 122
244 115
360 259
34 117
222 362
102 317
386 340
25 21
141 240
311 402
36 78
315 204
283 206
237 282
446 51
150 301
332 301
95 248
135 481
103 280
46 446
337 395
117 364
156 113
58 78
196 326
42 3
453 477
106 220
174 46
231 85
498 410
68 365
367 154
73 252
120 488
499 59
451 400
319 351
496 51
181 141
48 145
307 117
192 269
462 59
193 409
145 150
166 40
85 430
274 288
2 265
458 410
233 421
26 353
143 154
1 369
214 220
362 104
250 266
296 43
422 29
30 203
56 321
431 107
194 137
66 370
421 101
15 281
75 427
21 255
169 94
61 140
179 67
47 173
101 315
96 123
218 102
45 282
90 331
195 112
109 3
22 22
60 483
89 188
54 56
88 346
380 365
80 309
79 454
100 14
41 388
77 138
97 352
383 169
28 365
382 365
39 70
94 116
372 489
191 13
330 156
107 207
388 369
128 114
98 37
16 393
