img19c2.jpg img26c3.jpg
199 225
116 171
79 61
493 395
401 405
446 463
389 355
440 475
462 433
386 356
477 434
447 415
467 496
278 293
482 496
377 305
320 322
332 307
339 348
117 169
159 179
376 369
282 332
394 415
485 366
371 300
379 195
498 492
420 279
344 337
488 479
204 322
494 40
192 293
439 434
419 393
454 438
415 391
392 431
476 463
347 345
297 300
174 149
196 184
471 442
60 15
475 477
387 363
223 239
425 424
247 287
396 348
398 365
294 353
200 287
408 463
63 164
59 53
33 9
427 398
410 457
449 479
279 277
124 287
496 465
184 146
436 447
452 457
483 128
458 365
265 282
359 391
443 409
416 73
330 369
48 289
25 269
431 345
314 357
276 490
44 68
311 366
203 153
310 282
221 257
426 478
139 358
3 164
16 1
215 200
362 382
390 360
172 47
374 300
388 463
154 242
46 212
26 478
249 458
119 301
29 479
81 42
197 83
351 453
128 239
378 242
468 408
385 368
484 345
499 228
64 182
319 309
73 185
54 70
380 402
444 450
155 474
301 200
214 220
434 345
132 179
323 77
472 457
241 231
41 128
466 490
469 291
473 450
4 168
253 421
384 271
168 247
68 472
242 83
306 432
240 247
430 68
284 56
78 211
368 458
52 88
127 135
373 360
220 220
487 464
480 421
267 90
21 9
258 242
406 450
152 61
432 477
19 266
492 491
251 264
61 455
37 382
348 485
233 51
103 67
115 257
212 432
405 37
308 311
329 174
364 464
165 128
187 212
285 3
395 308
275 93
356 477
491 477
352 22
326 463
423 68
108 57
263 242
457 496
346 375
413 477
147 21
248 77
38 67
28 477
182 231
409 68
442 394
50 314
357 255
303 406
441 309
412 345
95 61
121 390
92 70
451 222
450 477
400 394
87 185
157 242
177 242
271 93
280 220
437 381
486 354
181 0
479 309
166 120
15 52
213 426
273 256
85 468
218 110
256 450
286 255
417 477
397 6
333 24
370 27
22 183
228 42
99 361
66 197
312 27
254 320
428 68
335 413
361 481
58 157
318 22
76 232
86 10
137 185
80 30
337 88
122 68
31 314
83 73
43 264
393 313
82 436
146 453
10 180
205 22
70 63
226 352
234 413
407 263
456 123
349 88
156 260
341 416
35 432
120 14
429 477
0 223
138 384
169 133
358 401
107 301
342 68
404 477
372 134
399 493
176 10
424 443
300 485
53 194
414 477
113 19
42 464
236 264
421 322
355 339
313 490
106 12
194 458
101 190
198 232
237 226
292 37
268 69
149 63
36 11
93 488
160 256
230 14
338 88
57 235
6 266
34 79
216 390
302 252
307 264
144 222
173 57
142 314
211 60
11 399
422 77
45 4
217 411
102 295
134 60
259 399
239 10
461 446
455 450
495 276
163 76
375 477
354 398
178 424
289 82
75 70
291 481
77 48
305 60
246 321
224 116
262 256
2 439
96 406
290 67
158 6
175 187
49 479
135 232
367 90
94 171
202 134
381 29
201 440
391 425
133 226
186 428
67 418
161 440
84 70
74 481
193 423
365 477
353 284
478 404
150 95
151 327
104 0
148 439
287 298
244 42
299 263
366 482
464 242
111 14
51 447
250 490
402 129
109 481
324 77
195 4
252 77
295 89
65 298
433 129
206 233
316 385
183 72
191 117
7 57
136 236
448 24
470 126
62 72
274 157
123 132
243 390
445 434
13 69
129 118
1 23
269 216
272 200
39 256
91 344
328 290
126 481
245 118
56 48
72 194
69 132
40 400
277 160
317 72
481 488
489 108
304 96
112 69
490 417
47 113
140 63
315 290
20 172
474 222
383 241
153 394
55 413
257 129
143 249
255 285
235 14
459 52
322 233
208 487
343 233
219 164
453 201
438 276
222 135
5 82
145 14
190 435
179 321
497 90
435 398
465 129
24 19
231 48
463 95
162 48
207 251
12 414
27 43
418 69
18 77
298 406
118 414
281 487
403 22
288 290
185 52
130 183
270 67
382 5
71 17
88 63
14 57
334 235
170 23
229 414
232 163
360 176
369 202
100 469
180 340
97 194
210 280
460 187
164 485
32 187
23 404
238 435
209 118
336 139
90 129
227 63
125 103
296 157
411 201
264 285
141 14
171 23
327 68
331 276
225 235
9 79
17 129
114 295
8 109
266 352
261 174
105 235
325 68
30 99
188 298
283 209
293 83
189 470
321 5
167 265
89 279
110 96
131 126
345 328
340 6
350 30
363 323
260 344
98 81
309 252
