img10c2.jpg img24c3.jpg
419 397
148 207
180 103
484 488
313 239
434 434
361 239
307 281
362 292
88 64
53 8
208 362
435 414
73 38
273 125
3 207
454 436
279 282
128 120
460 446
472 436
488 482
213 51
366 415
189 319
439 415
349 363
326 347
432 348
144 38
471 414
232 120
412 275
218 363
405 435
442 435
217 319
45 139
341 348
274 264
420 391
308 439
323 252
380 347
91 284
392 452
77 79
229 366
171 167
485 297
377 227
396 436
449 406
316 492
130 75
353 452
386 351
498 440
285 124
389 442
428 304
356 324
414 443
477 435
360 282
225 264
194 252
470 10
27 0
69 167
315 94
415 292
207 367
68 433
465 84
495 454
221 358
455 154
374 139
209 209
381 169
458 448
378 286
190 167
270 366
110 131
147 10
422 113
275 472
67 208
339 205
383 98
244 11
490 390
38 80
491 439
402 415
269 426
478 139
450 191
395 389
318 471
363 319
106 423
448 351
425 410
39 154
140 351
86 356
16 131
416 417
372 340
49 447
346 84
278 94
170 150
230 199
487 442
249 358
116 318
394 287
306 338
205 225
117 167
433 442
28 115
371 318
36 370
452 443
482 405
137 209
277 222
446 481
317 111
447 436
193 79
155 318
105 105
461 405
453 409
430 441
301 319
126 126
51 150
164 163
347 154
157 163
79 488
344 318
46 323
382 333
166 141
255 209
320 455
183 208
141 319
299 71
66 326
114 138
473 273
34 50
324 60
429 429
459 437
365 283
80 105
100 314
281 356
427 356
410 163
44 271
385 239
92 339
210 167
282 386
321 408
338 307
291 199
150 56
483 472
398 105
107 276
23 211
256 260
133 406
4 355
76 244
153 23
298 406
431 151
25 389
176 266
364 67
486 255
158 447
1 105
127 465
238 183
322 10
252 163
62 488
418 405
224 227
287 95
423 409
200 245
445 422
123 260
187 370
368 95
451 129
312 115
367 386
463 346
12 406
11 235
98 369
263 105
50 179
261 447
468 437
475 138
94 82
304 77
342 59
345 283
438 199
174 138
104 298
373 318
216 426
479 481
467 202
369 117
408 378
9 19
101 345
206 426
85 289
354 28
440 10
254 189
228 108
370 333
173 370
337 456
390 95
145 183
424 298
239 169
489 141
108 345
93 79
21 79
375 218
481 64
407 453
196 18
358 129
131 370
71 79
311 189
18 269
89 42
276 319
30 181
335 384
151 307
63 339
397 405
8 488
271 82
355 54
181 6
223 82
328 121
72 116
469 100
330 423
7 71
35 109
404 443
31 283
497 333
241 146
14 245
103 470
247 289
319 235
391 202
78 442
309 269
336 105
280 81
272 6
310 269
219 180
413 108
474 357
43 211
198 370
265 39
139 236
81 45
64 36
41 370
61 339
132 125
22 244
248 424
268 334
251 264
466 472
83 18
154 82
55 105
266 496
462 105
426 37
95 279
146 488
182 105
236 283
75 213
257 121
13 121
19 244
56 178
314 381
401 333
325 44
37 121
138 464
142 143
197 149
400 477
296 29
297 381
267 165
242 426
359 108
120 246
161 19
84 178
177 125
57 178
286 138
52 138
235 80
331 82
237 138
417 441
250 6
165 265
203 113
172 334
220 121
387 333
215 426
90 57
305 149
111 269
163 426
258 180
295 314
253 148
40 415
162 39
188 127
393 101
348 49
2 108
178 71
118 34
186 310
168 244
54 334
492 465
6 71
135 326
293 222
437 357
99 278
464 141
340 309
227 149
222 283
476 77
245 102
26 42
441 481
20 400
376 202
456 202
443 42
421 422
233 305
357 321
125 178
134 85
234 13
260 79
82 415
480 314
264 345
288 113
292 283
334 81
124 417
112 257
284 28
5 183
119 166
211 19
399 388
384 89
24 213
121 417
184 337
191 370
352 363
122 36
70 69
192 79
493 100
343 251
32 0
379 151
406 42
294 370
436 333
29 166
262 36
97 79
136 54
259 215
243 178
0 48
175 311
444 108
246 125
185 23
403 53
300 79
303 125
289 464
388 311
302 113
240 105
109 342
143 54
17 256
226 465
60 218
152 49
96 6
115 82
59 101
47 499
214 148
195 34
494 45
332 90
457 138
202 200
290 499
499 138
212 345
231 381
327 254
199 34
333 359
409 49
351 114
179 2
15 266
33 283
204 24
496 147
10 315
65 311
58 194
283 456
169 339
201 113
156 223
42 19
411 357
167 427
74 283
329 82
102 13
113 165
149 465
159 213
129 223
160 13
48 104
350 93
87 19
