img15c2.jpg img24c3.jpg
420 360
224 153
490 494
435 419
141 131
360 292
474 488
373 471
280 227
340 450
496 459
335 307
227 272
445 411
312 292
240 362
469 454
337 422
71 103
121 130
269 183
448 414
349 326
218 207
284 111
497 462
304 242
379 314
422 450
450 392
288 262
353 318
259 256
401 415
292 229
483 293
489 414
367 278
444 355
134 304
205 9
120 252
286 205
436 407
412 324
8 130
351 395
6 130
318 322
247 414
58 76
314 252
297 395
421 348
294 333
138 60
143 76
484 419
452 413
364 359
377 351
331 326
249 103
306 296
392 207
110 120
345 286
418 402
135 130
443 415
36 131
342 252
126 114
200 169
346 169
376 324
111 272
1 79
375 240
394 415
433 454
427 349
24 103
383 422
359 353
424 300
229 357
410 407
295 94
157 122
473 475
165 429
343 94
242 320
275 326
411 353
365 348
495 451
251 252
211 191
281 240
487 479
388 444
453 471
361 290
457 451
103 67
456 488
368 287
425 397
226 174
215 304
336 268
399 395
26 139
463 398
470 447
175 169
330 385
241 9
370 282
147 281
136 44
266 195
488 433
299 79
333 276
467 338
341 300
283 276
329 429
338 333
475 361
231 237
423 351
400 414
478 491
246 122
285 491
464 352
289 326
449 287
387 343
272 159
163 79
402 115
393 286
282 221
317 385
332 310
57 241
390 417
290 282
440 438
363 423
276 216
162 407
407 292
385 379
451 345
485 466
214 356
115 15
201 397
153 351
355 384
486 442
98 81
391 126
262 429
350 304
460 451
305 16
461 355
204 378
441 479
492 491
397 411
80 298
244 310
428 414
356 339
372 348
117 131
313 481
212 261
477 458
123 218
279 187
158 49
104 424
327 40
476 352
291 395
438 29
362 317
374 395
432 432
471 443
122 105
415 419
426 392
86 218
439 429
381 126
198 193
234 385
106 71
90 429
371 119
176 351
74 296
454 207
434 356
223 172
243 351
177 50
326 105
245 296
239 369
192 298
403 438
404 423
357 407
256 390
92 407
183 84
446 351
189 467
277 27
278 169
494 311
459 361
267 298
93 288
430 287
466 460
384 385
499 293
160 51
419 126
220 105
458 307
315 385
41 208
149 81
358 459
405 455
395 46
55 336
184 298
156 183
465 192
72 238
150 245
472 345
45 150
481 300
322 84
232 443
139 29
320 225
431 115
493 413
170 377
369 5
133 81
31 169
107 385
235 105
303 185
172 81
208 488
142 105
498 488
442 361
99 298
309 321
213 424
230 488
321 102
113 405
293 99
301 13
199 369
197 366
222 307
480 417
191 333
88 333
102 32
462 321
182 125
378 283
237 342
179 304
417 73
64 333
255 300
398 272
61 256
252 105
347 59
447 469
50 44
352 94
51 17
25 254
233 245
298 406
408 23
187 415
414 465
67 378
479 10
14 49
171 321
265 306
114 101
42 112
100 314
10 159
52 245
302 82
325 105
5 229
95 291
56 395
40 333
225 350
287 154
334 23
257 29
173 34
178 81
263 298
455 88
190 260
491 286
396 332
63 159
33 235
196 377
382 219
37 178
270 53
91 190
54 307
181 114
75 23
161 141
386 19
48 374
83 54
202 178
155 464
344 227
429 101
49 76
96 186
339 101
47 415
366 298
271 276
89 216
118 269
128 441
348 88
21 488
409 298
7 235
389 395
18 314
354 426
23 298
27 24
308 149
219 279
238 273
11 108
39 269
125 82
274 74
129 101
65 78
253 383
73 377
180 100
328 415
2 307
77 317
29 19
168 334
185 271
300 298
76 218
174 79
22 289
151 22
188 374
216 70
127 384
97 107
70 165
273 213
154 289
468 316
319 134
38 81
194 342
62 333
413 426
206 188
210 185
416 307
78 138
307 236
68 273
12 99
4 159
167 314
79 426
437 267
28 22
44 41
310 108
19 143
119 121
406 114
43 210
311 53
260 260
264 316
203 298
140 147
59 215
146 323
193 198
261 49
217 426
482 167
186 87
148 154
53 316
236 114
221 342
254 26
13 177
34 276
258 101
152 213
30 155
164 100
108 332
101 288
66 309
84 125
112 79
85 58
316 114
20 215
130 54
131 433
228 13
109 383
132 193
82 111
207 71
9 359
35 334
169 273
144 214
166 201
159 96
209 49
124 94
250 256
323 42
87 108
105 178
17 481
81 13
324 499
248 343
3 309
380 196
0 212
195 489
94 129
46 179
268 23
16 89
69 257
15 484
296 320
32 29
60 316
116 149
145 218
137 261
