img14c2.jpg img16c2.jpg
387 380
441 449
319 276
474 409
455 442
372 398
179 140
483 482
152 213
466 415
184 198
420 395
440 409
386 424
446 474
403 398
148 167
261 140
158 149
428 409
363 407
392 447
491 475
439 454
396 423
388 365
334 331
433 447
456 451
177 161
467 482
215 221
400 478
408 429
238 308
96 61
407 429
427 454
316 230
480 476
348 349
299 355
494 486
216 284
54 73
66 149
236 213
241 149
489 487
435 426
359 429
458 439
14 4
498 411
139 221
342 420
114 94
169 252
279 230
393 391
290 288
431 407
353 355
370 33
199 207
371 402
492 452
150 134
120 468
382 289
438 452
208 205
337 394
490 491
486 471
482 490
449 352
452 474
244 230
405 420
53 33
375 362
292 319
308 333
329 274
395 430
69 161
297 305
391 431
109 73
471 473
365 343
361 278
331 303
356 401
214 408
424 450
323 450
266 483
402 428
248 249
493 484
417 294
450 480
151 123
478 469
364 352
314 333
462 486
166 33
217 166
366 417
85 46
479 477
488 447
345 346
168 320
381 366
300 33
249 277
461 201
149 132
383 357
423 343
98 20
79 77
416 479
34 449
425 358
147 205
453 484
357 354
434 487
211 33
274 345
445 429
470 429
271 244
333 309
397 290
399 414
44 157
317 337
385 404
464 402
94 57
350 347
406 420
72 149
247 232
384 385
250 424
192 272
133 290
351 386
454 445
272 240
188 257
295 408
344 358
107 15
442 407
197 119
432 468
451 33
409 213
421 320
390 415
119 211
346 377
182 241
73 44
257 223
293 328
298 353
324 359
219 300
191 235
95 76
301 224
325 417
368 121
86 58
472 474
373 281
229 406
275 295
469 456
255 155
35 221
318 302
39 77
437 271
376 373
460 457
232 4
310 134
67 181
91 179
268 254
252 308
336 335
46 468
218 428
190 86
30 476
273 235
322 290
213 134
443 400
210 218
380 339
307 94
50 121
468 454
330 488
251 302
379 279
401 439
132 173
74 50
448 491
254 429
302 325
13 296
68 408
305 314
141 122
243 232
378 253
286 390
429 130
296 209
499 454
155 478
156 151
123 140
138 104
426 225
134 87
328 149
1 17
398 450
81 454
206 277
178 200
496 421
57 40
90 187
444 276
237 122
154 411
137 3
18 72
234 199
313 358
258 468
484 121
239 242
112 264
341 331
5 264
294 306
22 7
84 46
413 371
347 225
463 421
436 218
332 317
9 66
321 285
291 278
264 4
60 42
284 202
289 352
358 371
495 425
172 126
481 40
181 143
389 379
410 247
75 104
78 88
80 86
327 68
31 245
108 298
354 430
259 258
447 425
70 153
377 382
285 4
242 70
477 408
64 308
430 271
189 69
201 70
231 125
473 136
200 214
352 282
404 232
287 20
362 298
306 206
49 173
280 29
260 469
497 439
97 118
459 372
153 163
476 344
16 381
29 319
349 347
21 298
10 165
6 138
303 187
88 56
157 4
102 301
92 151
256 20
414 340
2 104
225 125
187 244
227 138
304 280
415 339
222 327
117 106
174 125
226 70
253 125
12 168
167 351
36 204
126 390
140 165
207 263
100 393
145 125
281 214
62 299
196 258
267 258
110 208
485 457
127 125
265 268
20 5
162 223
312 106
124 179
38 258
240 68
194 465
105 303
230 308
315 430
65 49
142 245
228 105
223 343
343 105
104 278
411 298
338 106
56 20
8 20
103 200
143 26
146 44
161 280
163 21
269 248
369 469
212 270
15 4
17 301
276 282
193 52
233 388
335 308
487 51
202 60
63 393
164 316
135 125
282 171
311 395
115 180
180 231
224 106
173 177
340 70
165 107
77 301
48 292
128 387
87 407
3 138
41 143
175 125
101 242
186 240
360 123
113 118
55 387
245 126
320 460
28 259
25 49
159 68
118 21
422 6
122 151
355 499
42 20
367 298
111 336
89 422
277 264
37 49
52 21
185 270
246 105
326 97
19 371
183 80
125 143
32 63
51 273
76 308
195 123
465 6
220 76
412 9
43 78
71 442
33 125
170 258
171 26
40 21
160 268
475 175
27 478
130 40
339 385
136 164
283 263
394 1
47 219
278 9
205 21
309 161
59 352
121 446
45 125
23 175
4 184
198 376
235 5
221 374
26 20
11 114
24 48
131 21
262 38
116 94
203 136
144 213
61 127
457 336
129 188
418 322
58 126
7 336
263 298
270 21
209 397
374 220
419 10
83 240
0 389
204 125
99 164
93 414
176 21
82 269
106 6
288 306
