img16c2.jpg img23c3.jpg
482 483
447 353
496 481
292 368
365 353
485 22
417 414
157 368
345 368
73 402
200 368
402 22
416 381
347 434
450 446
483 353
120 140
426 434
434 302
452 289
479 434
236 21
490 302
471 434
205 126
451 229
213 449
239 448
309 386
487 402
295 414
411 414
444 443
44 434
275 366
240 393
442 93
424 89
319 381
437 289
492 226
139 496
211 140
459 93
418 450
343 393
316 366
398 434
132 302
274 86
406 372
395 16
348 434
166 443
140 166
225 69
472 64
58 368
77 353
149 99
281 483
310 85
134 69
252 414
401 416
396 353
375 381
394 452
468 392
380 21
469 93
276 449
25 48
221 392
121 303
360 356
449 434
6 95
456 303
293 126
308 379
337 89
291 392
204 112
290 210
87 410
173 440
235 381
89 22
454 16
371 112
176 468
60 69
229 93
302 393
408 16
355 210
413 322
130 303
341 87
453 44
384 235
141 434
359 392
409 44
165 331
45 140
313 85
484 23
480 210
201 64
436 305
317 308
320 372
127 456
325 366
420 471
287 366
66 384
124 187
399 96
470 44
460 483
486 289
358 322
188 468
458 471
284 64
300 302
445 302
488 85
329 471
83 63
230 471
19 216
224 496
352 471
356 449
328 172
393 172
20 95
253 136
191 402
353 89
271 196
180 13
305 246
296 112
318 481
40 484
346 392
404 394
167 226
255 353
294 392
128 257
179 21
160 407
369 33
422 221
331 84
273 76
31 372
419 369
244 99
455 126
431 419
433 21
254 456
174 459
178 379
218 37
4 440
473 450
415 263
105 198
407 89
187 3
333 84
414 353
349 392
477 76
5 5
435 450
190 354
303 99
330 172
428 23
245 246
133 135
147 496
476 388
159 492
47 128
59 3
474 439
150 303
146 36
307 402
30 398
163 474
279 355
298 337
383 32
70 475
238 379
364 295
2 359
257 85
378 386
448 471
36 58
53 3
304 84
3 200
154 386
278 429
171 5
405 368
425 471
144 421
108 420
388 320
443 450
94 368
246 448
493 489
376 124
357 140
489 191
7 232
381 326
39 187
198 354
327 359
29 398
214 492
46 140
386 84
122 298
243 346
52 398
212 396
285 260
24 53
85 128
210 471
148 359
136 108
335 268
429 492
324 172
27 388
234 485
351 267
282 35
430 383
283 136
499 172
464 270
251 132
368 366
41 305
390 21
203 396
332 301
33 64
497 308
12 232
387 11
423 394
432 56
95 62
322 32
259 288
102 200
183 260
104 207
494 499
354 140
367 11
403 312
129 53
326 284
116 315
199 440
286 361
338 402
342 141
366 471
321 344
151 367
217 136
478 450
362 23
65 116
315 173
462 494
75 372
161 2
26 354
227 359
96 74
237 84
370 235
339 366
270 239
397 175
9 138
115 216
32 416
169 232
382 116
421 136
400 471
261 93
392 172
114 216
491 471
16 127
54 129
228 5
311 394
340 189
164 278
99 235
256 336
68 138
117 65
391 232
461 44
172 26
177 232
441 400
334 268
232 305
412 471
297 282
222 443
336 160
231 467
226 116
14 224
91 351
350 263
135 155
267 239
277 486
202 469
289 76
323 174
17 248
11 328
93 471
78 113
181 38
249 126
288 105
440 213
206 65
427 458
379 409
301 224
119 198
467 28
264 428
0 28
272 136
209 132
56 379
64 407
63 65
123 36
475 492
263 239
457 453
260 468
220 160
57 377
125 270
142 281
50 482
312 202
67 272
186 221
481 24
51 226
131 189
314 267
168 99
35 148
262 197
438 155
247 474
1 58
363 130
158 51
74 53
109 309
250 363
28 110
439 466
100 359
208 359
223 354
372 458
97 303
71 138
126 79
385 322
344 57
92 4
137 45
106 6
86 83
389 431
361 6
138 91
18 364
463 337
269 474
207 96
23 189
215 37
80 80
265 186
258 83
268 28
90 23
113 347
155 53
216 221
76 76
82 180
373 88
242 2
241 212
192 158
193 325
410 385
111 346
466 232
299 65
446 159
10 20
21 270
112 200
219 72
79 315
498 431
196 55
72 489
306 293
22 57
197 127
266 225
98 215
110 128
465 221
280 467
184 369
81 359
377 287
42 319
194 346
118 429
69 51
43 289
101 370
233 232
495 221
103 459
152 467
48 359
248 293
61 260
170 70
182 176
162 429
374 409
34 28
189 43
175 159
62 153
13 135
153 212
143 484
156 224
8 292
107 351
49 221
55 369
38 142
15 439
37 147
185 212
145 316
195 139
84 128
88 380
