img16c2.jpg img22c3.jpg
458 352
449 344
213 76
398 241
289 121
348 241
452 421
355 235
407 281
447 420
229 24
341 293
167 22
409 407
305 134
418 308
205 73
471 416
320 292
442 287
486 419
276 241
270 196
267 196
331 218
206 111
274 130
437 419
337 263
492 152
404 300
439 414
483 421
230 295
166 76
130 28
365 299
328 247
475 458
468 39
472 346
161 31
235 44
291 295
245 134
424 294
453 407
338 249
198 100
121 73
292 141
362 207
200 141
353 281
149 3
415 351
201 28
221 158
295 355
349 231
44 416
481 463
482 56
402 343
454 369
294 291
426 453
450 357
408 369
477 396
211 11
323 205
380 130
343 155
371 117
395 287
284 162
469 345
218 120
339 225
324 110
491 352
448 340
378 248
417 286
352 418
474 391
120 11
347 471
479 453
313 215
484 417
345 270
470 347
157 141
127 23
240 79
236 63
281 56
33 239
476 395
420 305
73 125
366 257
364 247
140 60
428 302
434 453
487 489
290 120
134 56
237 55
303 221
214 139
473 410
94 72
275 129
277 150
188 65
293 73
333 218
485 343
260 176
357 302
263 83
252 236
302 155
139 179
429 494
304 247
232 5
314 142
77 76
310 1
85 22
425 494
25 60
358 181
253 4
163 21
160 344
411 355
433 378
234 115
224 40
321 227
285 201
279 203
359 305
147 126
391 300
444 343
488 446
390 244
60 241
386 213
346 461
272 61
330 218
288 225
225 238
393 247
203 20
478 340
325 229
58 33
316 129
394 326
445 294
405 342
451 393
435 308
459 416
431 334
413 333
490 496
351 313
410 414
401 442
249 111
436 480
326 61
375 210
278 293
396 404
400 338
376 213
300 495
283 160
29 35
377 206
132 468
414 24
329 70
150 8
247 205
287 129
460 488
350 293
83 217
319 210
176 65
128 498
354 204
369 317
179 210
89 126
356 432
406 292
239 52
368 276
174 81
141 491
271 368
455 396
207 5
168 75
87 120
383 257
342 288
416 373
86 75
382 251
423 300
39 5
117 92
456 444
238 90
443 340
363 386
412 363
190 100
360 421
335 272
187 481
119 83
309 326
70 35
440 423
212 120
255 491
244 75
7 89
457 191
217 15
419 386
257 24
5 318
430 306
59 228
45 446
373 306
301 170
27 120
96 265
92 31
193 85
209 498
52 21
322 338
273 396
40 472
318 90
308 326
178 448
93 342
231 59
307 181
155 498
228 105
123 494
381 332
480 73
46 1
392 247
334 272
173 35
204 105
146 483
254 100
464 301
57 100
65 5
164 308
370 336
269 202
31 292
403 363
124 36
108 268
116 335
17 494
496 79
261 104
26 100
18 19
399 301
199 335
41 60
432 310
384 336
66 308
191 447
297 50
133 36
421 400
226 106
154 366
251 8
215 36
12 184
129 226
63 70
47 94
259 100
169 184
296 105
177 35
136 389
82 189
282 283
104 256
4 332
64 465
3 364
233 202
126 66
144 4
148 385
172 46
159 257
461 407
165 52
306 31
175 144
227 335
122 1
248 80
361 300
171 25
181 409
222 210
36 100
24 417
344 300
438 300
250 463
462 424
75 293
76 84
441 203
48 142
180 212
32 102
397 349
262 231
110 422
223 100
1 157
183 79
19 89
385 274
14 304
72 107
246 0
53 346
109 318
264 101
499 50
340 401
35 59
388 16
98 254
280 206
466 300
202 80
91 88
256 429
332 106
210 494
22 222
152 196
2 385
137 480
494 425
219 109
81 475
315 345
97 109
99 336
10 320
115 190
11 184
489 345
298 426
30 21
68 229
317 183
34 142
78 225
493 332
422 202
367 156
387 67
67 252
156 219
131 272
182 388
51 336
151 85
186 202
446 304
20 208
16 230
71 335
105 372
135 258
189 142
208 335
389 153
95 17
216 144
463 361
497 433
74 327
286 129
242 66
100 100
56 250
258 26
84 380
312 348
114 211
62 142
113 318
268 173
372 463
185 173
142 336
327 385
106 300
125 318
184 336
241 210
8 163
265 107
102 25
112 157
158 285
465 380
80 123
6 300
153 87
21 157
266 307
379 81
162 189
311 81
243 100
118 35
101 194
90 48
107 107
145 61
79 335
498 320
196 35
9 276
50 206
143 334
467 144
13 101
299 208
0 51
23 153
192 92
336 173
88 133
43 186
103 87
69 327
138 107
61 377
197 153
54 208
495 335
55 388
42 314
427 208
374 473
28 32
15 96
49 274
111 84
220 173
194 234
38 142
170 142
37 212
195 386
