img16c2.jpg img18c2.jpg
408 449
66 18
449 458
236 207
474 479
454 473
341 342
276 338
386 376
164 132
221 213
266 262
303 295
161 155
68 87
274 305
442 461
398 458
480 478
95 71
129 129
205 285
324 284
166 135
230 242
357 423
124 125
348 396
330 329
294 300
249 249
284 278
214 225
447 498
489 488
149 138
429 401
44 193
97 90
349 300
355 348
439 489
471 458
481 489
77 135
409 451
425 401
395 397
340 339
482 293
473 475
333 334
491 485
404 412
4 119
364 376
452 456
277 380
213 241
262 248
64 24
291 242
469 477
478 479
92 48
114 19
244 238
16 84
306 277
7 17
302 245
443 475
468 50
320 352
450 281
380 305
363 383
420 416
475 481
209 224
464 453
483 456
331 275
78 22
283 279
397 429
424 415
201 399
365 447
134 149
160 396
458 485
73 161
343 245
25 160
132 127
154 111
18 81
94 152
254 265
440 460
410 392
139 161
383 364
436 493
290 311
472 470
33 50
476 473
223 204
428 423
127 159
47 61
321 282
462 466
350 357
115 33
240 245
239 228
415 342
407 441
86 174
406 436
456 478
140 49
354 350
485 203
242 202
402 483
81 55
88 56
298 346
328 275
20 7
347 447
137 153
182 196
130 137
252 219
121 285
41 197
293 285
206 263
352 462
234 212
359 369
353 351
487 456
492 50
435 455
325 361
192 156
453 451
58 64
122 250
189 55
150 178
379 360
451 438
251 261
346 362
459 433
470 440
426 458
444 483
141 193
400 443
157 285
419 413
281 367
345 213
142 195
393 387
168 174
15 47
19 33
438 459
85 91
329 325
186 170
434 193
287 313
0 71
417 456
448 455
445 415
60 293
275 292
377 349
13 14
219 267
167 142
405 369
250 234
237 312
103 74
267 263
227 322
339 361
93 168
74 66
304 275
38 77
158 186
310 306
342 385
218 232
225 304
232 206
337 377
169 122
376 387
421 465
366 364
224 149
479 193
199 309
467 497
301 247
358 456
477 474
437 444
123 134
204 403
373 378
371 450
423 412
87 178
418 358
295 293
200 285
271 338
296 403
391 412
399 419
411 395
416 389
212 250
255 241
207 210
314 333
270 334
427 428
173 309
42 76
313 286
229 458
498 497
488 483
12 19
292 369
360 456
484 493
374 370
430 394
187 198
316 313
319 367
285 344
128 197
455 441
171 5
235 367
460 160
308 330
228 155
211 127
62 55
396 447
273 410
351 337
457 439
248 277
110 175
356 456
412 379
486 444
83 344
278 342
72 21
61 148
413 456
147 138
263 249
54 28
151 131
309 440
288 308
253 217
403 379
203 200
259 265
202 353
31 178
98 20
490 483
463 457
59 198
272 40
65 125
155 224
215 221
307 219
39 125
414 444
165 228
5 314
217 279
179 344
178 440
238 440
375 456
390 380
48 55
433 494
289 129
257 306
362 255
89 149
119 249
446 457
174 287
243 139
401 203
24 100
344 421
297 417
368 391
193 24
441 488
117 249
108 173
245 226
300 193
388 384
126 123
282 375
317 301
305 198
258 68
34 55
191 151
3 235
322 443
27 279
146 371
378 212
231 199
279 422
382 386
198 265
494 487
392 387
40 372
233 144
493 490
45 127
46 250
184 114
35 372
111 139
338 452
361 421
63 192
70 222
159 173
176 229
102 120
76 60
172 359
99 46
120 351
335 438
387 371
133 101
332 374
261 400
116 322
334 368
431 372
144 208
190 265
241 333
96 125
210 205
432 364
17 23
369 376
105 177
197 84
29 301
499 51
264 10
336 236
384 227
185 276
311 234
14 69
422 490
394 440
104 180
326 40
256 361
497 457
381 94
113 150
32 282
175 140
71 322
9 13
56 96
461 470
138 112
496 344
80 66
180 84
327 9
323 68
143 126
75 342
318 245
2 322
163 68
36 265
52 417
177 472
466 459
208 322
315 461
495 140
226 107
152 170
372 426
269 144
370 95
156 12
136 472
131 104
26 298
220 236
312 253
222 256
91 436
53 284
153 71
181 307
11 13
51 266
188 417
10 9
148 337
183 410
246 228
82 478
109 5
37 163
135 10
260 122
268 189
107 154
280 177
247 68
30 79
57 265
465 176
367 112
170 237
100 7
43 78
286 366
118 10
112 450
389 118
265 236
6 409
69 66
90 101
21 195
79 23
299 131
50 211
385 395
28 150
162 343
55 78
22 218
125 5
1 199
195 181
67 104
145 394
106 140
196 488
49 426
23 124
101 489
216 146
8 243
84 346
194 265
