img11c2.jpg img23c3.jpg
495 483
456 353
374 368
413 372
326 416
478 353
470 302
474 446
485 22
302 366
71 496
436 457
400 353
358 353
228 21
348 414
308 366
119 407
411 483
224 392
450 416
282 449
303 368
157 21
461 446
393 471
454 443
465 93
497 310
428 402
232 496
366 106
399 434
114 416
433 335
267 489
406 450
240 493
491 483
457 483
378 200
43 21
160 440
309 21
469 392
203 402
137 414
407 322
415 414
493 483
230 37
445 27
412 16
336 386
238 450
271 388
364 457
93 446
110 475
471 22
396 450
83 126
346 86
113 496
455 483
219 126
351 78
444 44
466 479
142 402
359 353
247 443
279 102
0 388
255 103
439 392
352 210
403 434
324 263
476 388
487 93
305 392
122 226
486 310
7 368
205 453
443 434
270 446
217 140
389 322
419 26
27 289
190 44
377 392
12 440
144 210
458 139
417 86
397 210
252 392
82 388
331 446
208 210
361 74
387 133
293 372
129 199
333 84
441 16
172 140
239 493
494 443
306 112
394 23
473 64
264 407
343 22
323 99
479 492
204 446
409 210
345 368
329 21
434 471
212 257
221 435
344 393
328 393
251 166
292 302
245 308
356 23
56 95
316 84
35 44
277 37
369 368
290 435
55 126
365 368
209 83
291 407
164 472
263 452
136 392
395 471
489 457
178 145
313 392
335 259
5 440
162 489
410 89
173 475
392 86
280 393
310 38
17 449
490 210
385 87
370 483
215 63
11 373
437 23
177 126
256 140
349 89
435 450
171 303
127 126
78 396
379 132
294 450
424 483
151 64
202 492
268 456
74 3
442 471
259 475
36 216
229 302
134 135
158 392
67 493
112 181
398 353
198 354
402 263
467 416
341 386
13 200
492 136
76 205
481 456
401 84
391 492
449 167
488 16
381 380
187 199
284 447
440 166
375 435
116 496
161 4
355 16
51 471
57 398
188 71
459 21
211 44
311 24
304 226
320 456
338 84
350 393
48 216
210 450
357 263
427 216
139 265
226 284
373 23
197 354
448 392
416 78
50 0
126 232
254 257
246 5
317 154
14 331
123 181
206 93
125 297
184 336
118 354
480 450
159 96
414 392
420 435
220 305
243 57
376 483
275 21
70 488
183 336
189 370
33 216
227 183
23 212
425 130
472 492
84 379
460 16
463 76
297 76
339 210
234 447
163 143
477 471
138 212
242 99
20 174
278 84
87 172
285 126
18 124
276 284
108 393
170 353
192 330
360 428
281 136
207 181
287 37
120 36
196 389
418 489
3 428
299 64
235 199
200 233
314 265
447 64
8 490
408 37
298 363
384 172
152 166
295 392
32 180
145 245
69 187
452 166
236 64
175 187
85 95
404 400
438 492
498 171
141 60
165 128
63 259
65 232
95 187
143 198
124 453
156 99
218 6
223 202
104 497
25 168
193 158
286 55
342 289
99 488
216 78
340 310
64 89
362 50
182 124
482 492
81 128
62 199
248 198
253 142
222 32
429 419
484 471
272 280
201 429
150 359
34 268
321 84
334 189
430 402
322 349
483 483
446 172
1 389
273 453
262 159
266 310
103 379
260 367
40 340
405 248
132 478
325 385
337 479
115 313
289 132
37 124
52 22
423 30
453 317
58 232
155 303
283 397
354 363
31 288
327 142
368 270
154 82
179 386
186 338
257 2
146 338
92 28
261 152
130 471
499 219
258 290
185 84
475 11
46 439
101 192
269 221
149 214
319 315
15 459
214 183
422 137
468 472
117 444
49 211
312 469
332 96
451 466
250 393
91 267
102 132
191 51
176 464
307 159
213 354
296 228
121 2
496 258
105 369
462 385
231 82
9 138
301 497
180 365
153 200
135 455
265 367
131 212
371 256
166 184
6 340
44 0
174 159
59 130
390 183
363 388
19 5
464 40
167 159
24 40
26 204
288 32
4 367
68 459
86 429
225 116
54 64
233 439
22 237
237 159
111 367
140 277
66 39
168 216
169 484
72 160
432 291
421 489
90 283
353 349
42 104
244 160
80 262
195 196
106 361
386 345
372 467
426 28
97 436
241 99
382 336
41 455
199 43
89 145
181 395
100 393
53 20
77 393
88 436
39 395
133 58
380 278
431 214
383 218
29 456
60 81
38 340
79 100
73 44
347 422
47 275
61 190
30 291
21 58
45 358
274 427
315 104
148 382
98 308
300 200
2 450
94 293
75 224
388 377
10 428
249 7
194 101
367 346
109 57
318 7
330 280
16 332
128 320
147 160
107 448
28 385
96 351
