img13c2.jpg img24c3.jpg
348 281
397 352
285 231
383 362
412 348
482 443
245 250
446 415
468 414
404 275
342 352
471 434
442 352
43 25
455 490
371 275
349 366
399 406
310 250
257 130
213 277
332 332
110 366
290 205
401 418
353 282
476 443
198 103
484 442
454 446
411 353
111 16
293 281
205 366
127 156
237 126
441 445
152 8
217 209
130 287
452 439
475 446
189 319
113 174
421 363
186 74
15 246
355 350
29 154
244 287
135 445
364 338
398 490
450 436
259 125
74 30
487 459
469 436
334 321
361 490
448 406
277 366
451 442
470 435
415 401
278 111
435 363
402 443
153 150
439 390
356 324
479 485
20 8
414 347
25 67
42 1
252 143
462 437
60 319
433 348
363 266
215 120
437 349
263 193
93 7
347 406
312 275
492 403
473 115
172 167
187 67
491 492
461 417
323 125
384 205
408 290
372 8
253 174
142 338
431 241
262 124
256 237
10 406
357 248
82 105
337 60
494 492
30 491
195 168
26 174
248 156
460 366
307 225
243 8
496 451
474 390
319 8
18 130
298 282
480 445
377 424
90 103
129 1
453 205
409 84
258 351
230 362
440 389
410 371
369 426
407 280
56 453
493 414
390 350
45 413
133 139
294 248
438 473
228 248
232 298
289 167
368 353
19 105
79 73
276 289
17 136
5 442
328 94
62 444
121 136
370 259
166 237
317 93
381 404
485 11
490 47
425 338
418 400
57 33
238 252
395 367
309 452
315 60
167 105
234 144
365 339
420 9
417 481
118 14
188 433
9 139
350 289
389 154
55 406
274 220
486 405
11 21
280 280
173 81
382 426
373 199
394 356
488 318
67 1
204 71
292 163
168 105
50 71
318 266
170 351
419 460
88 38
2 326
422 456
73 351
139 491
267 481
77 266
13 266
358 481
126 286
95 469
246 115
313 279
180 167
254 191
209 246
387 283
61 79
37 351
406 68
333 254
98 105
273 238
3 88
208 285
266 282
122 183
125 378
250 356
436 202
128 285
335 260
119 33
89 455
181 81
138 168
331 426
124 105
385 327
116 283
68 81
86 402
302 481
301 426
467 105
36 0
52 369
64 370
96 32
48 278
109 73
459 378
146 79
70 488
143 481
499 318
104 49
386 426
102 423
261 314
176 129
465 297
24 291
445 453
416 188
178 269
159 79
388 426
63 105
344 116
137 261
249 357
338 6
160 313
185 300
251 79
341 290
483 199
175 452
297 80
378 39
145 71
202 121
283 269
489 346
367 4
225 488
78 105
99 384
214 339
478 402
80 378
140 79
457 477
51 181
260 79
144 79
94 378
284 313
340 121
39 333
427 381
117 129
199 448
497 437
200 417
396 121
59 101
239 79
336 345
226 268
426 481
85 276
115 426
466 477
12 314
31 234
27 269
236 55
84 279
343 388
472 125
351 387
23 321
177 339
265 105
299 486
286 313
362 202
105 298
207 382
330 426
400 422
179 494
375 311
134 79
222 42
191 339
32 34
194 105
44 276
97 480
275 220
304 108
106 488
7 52
71 369
162 22
306 38
22 235
163 283
114 213
322 138
458 415
28 313
34 129
21 180
443 68
6 307
165 427
14 245
53 452
403 297
210 3
430 370
101 381
224 138
49 105
220 269
58 370
201 105
464 256
123 448
141 179
325 465
192 34
65 79
103 101
320 149
0 16
380 381
148 234
211 148
327 238
46 260
8 121
366 269
405 89
345 121
66 80
498 273
83 273
157 121
164 229
241 191
16 179
171 81
223 156
305 374
87 49
216 6
456 456
197 79
41 179
212 85
374 311
150 19
112 423
169 39
376 175
316 316
463 73
477 41
221 269
219 426
154 334
136 269
354 491
4 321
303 426
107 76
147 313
447 273
155 79
203 380
352 113
429 113
329 162
308 447
279 387
218 470
227 177
281 427
72 105
108 183
247 61
291 200
91 146
311 108
392 269
288 112
196 333
300 382
206 266
271 18
183 197
391 333
75 121
413 80
156 182
359 113
424 311
481 357
240 387
233 113
360 367
296 169
268 456
295 248
434 374
120 328
255 154
92 6
229 82
231 381
444 499
190 79
264 178
314 426
81 421
35 313
151 55
40 213
132 339
326 334
495 48
158 77
131 184
270 426
161 488
339 378
432 473
393 137
324 21
69 300
193 426
47 321
149 273
54 213
242 334
33 76
38 334
174 245
269 141
235 417
423 342
100 181
379 340
428 312
184 81
272 165
182 388
282 26
1 325
76 19
346 273
449 382
321 85
287 161
