img10c2.jpg img25c3.jpg
341 111
279 144
326 3
419 280
361 126
313 146
434 399
208 11
349 254
484 357
323 96
360 255
362 146
449 447
435 357
412 126
307 36
471 411
488 393
458 390
277 321
229 10
405 283
442 283
232 34
439 307
144 11
308 315
249 321
3 11
285 72
424 374
180 92
452 436
148 11
448 274
377 119
316 489
244 56
432 219
68 205
389 308
490 351
455 376
345 374
363 256
378 209
483 435
392 392
428 289
380 8
128 34
337 415
454 353
374 72
477 360
379 374
396 285
91 92
218 36
450 487
472 353
470 487
73 11
273 70
400 426
420 352
467 426
353 411
495 497
339 308
194 132
491 410
255 490
225 258
482 475
365 374
376 413
460 352
53 42
487 470
189 289
366 345
117 50
221 366
408 431
402 344
433 344
383 51
425 287
215 167
461 189
320 156
381 136
430 430
344 413
372 234
305 220
213 65
110 96
422 252
45 366
69 290
209 69
263 25
386 237
385 426
415 363
315 472
147 205
324 136
417 415
96 93
407 116
414 345
418 403
498 394
49 290
217 339
16 209
270 10
191 155
478 447
278 152
318 308
394 267
364 177
77 104
371 430
275 214
356 70
473 432
198 28
67 374
281 311
155 466
274 258
410 116
335 296
261 458
86 329
103 188
485 171
130 143
416 323
140 448
18 104
314 296
466 413
92 137
141 100
395 322
9 57
25 495
230 116
317 70
4 326
71 28
231 188
297 263
1 233
66 478
427 311
207 136
301 151
300 263
183 374
306 216
182 18
264 28
242 167
431 427
252 145
164 88
30 88
81 104
79 247
340 309
34 2
321 156
465 260
57 12
190 321
397 426
447 495
429 206
358 296
116 346
158 290
346 194
251 354
28 463
192 104
41 93
224 70
61 30
72 84
212 28
332 296
126 490
171 187
228 323
185 93
446 116
169 155
240 52
120 64
347 385
150 254
107 478
453 475
21 155
486 461
205 208
304 323
296 107
12 290
291 311
23 454
247 117
80 374
459 469
445 309
44 244
39 78
282 261
214 28
157 244
312 270
173 98
43 225
131 28
368 390
238 210
295 188
256 24
133 409
236 164
168 250
176 183
369 116
95 135
93 28
111 93
63 137
137 151
94 7
373 189
276 121
38 440
309 211
154 251
170 329
62 290
334 271
336 241
423 316
5 210
105 52
393 296
253 76
88 120
348 319
187 28
367 466
475 335
210 476
390 463
51 78
56 117
146 210
462 364
298 472
82 432
342 95
153 104
104 374
202 107
245 59
40 17
399 107
219 85
398 431
124 251
108 139
265 264
451 262
216 270
468 379
0 106
8 419
98 319
426 469
184 368
497 242
391 466
2 45
145 52
438 80
135 311
464 107
290 319
329 332
166 390
328 271
489 198
142 304
311 203
19 83
338 482
162 296
7 421
36 155
480 269
121 57
287 390
100 158
404 475
496 107
172 45
271 421
112 142
220 382
476 107
322 404
355 323
204 102
31 76
123 24
260 85
267 62
160 45
331 374
84 117
106 200
479 116
90 138
163 192
59 225
352 471
64 117
85 30
440 116
354 360
196 104
222 223
474 120
97 104
178 421
456 107
26 251
101 112
60 57
37 198
239 390
463 107
55 233
200 496
283 309
13 167
152 155
294 140
179 304
17 57
310 304
421 309
102 250
165 314
20 59
134 40
289 6
409 319
42 167
235 383
481 120
33 233
357 306
109 368
14 315
443 91
195 304
226 167
384 186
52 1
241 26
35 26
223 264
70 347
149 193
127 298
167 59
118 233
257 271
83 43
203 390
227 220
197 348
437 120
125 35
269 95
333 93
262 85
436 319
46 164
132 119
139 100
330 457
325 271
375 251
359 379
272 95
243 117
444 259
177 215
387 271
151 152
119 59
266 223
193 365
413 259
319 137
457 107
246 364
401 95
75 202
382 242
186 104
113 200
206 382
99 413
211 44
258 40
115 230
76 243
293 115
89 323
259 259
6 223
292 229
22 215
87 102
268 167
280 271
78 54
199 364
24 250
406 233
343 167
11 86
234 117
250 95
254 189
441 283
302 169
303 364
15 100
492 186
54 335
58 150
351 157
403 170
143 107
188 439
29 252
370 274
136 114
181 93
248 270
174 274
237 210
299 482
161 71
499 203
122 154
411 97
288 312
156 439
493 111
74 223
284 360
201 138
47 230
469 234
48 168
138 211
50 229
114 120
10 485
350 492
388 332
27 59
327 120
32 333
175 167
65 167
159 71
129 211
286 210
233 250
494 35
