img11c2.jpg img22c3.jpg
443 344
403 344
305 295
93 3
271 4
363 267
456 420
377 268
394 302
448 352
478 447
371 123
209 26
275 150
451 414
494 419
396 308
289 261
444 407
359 241
458 400
203 179
323 221
379 261
497 459
393 305
395 268
455 432
400 299
491 468
346 130
151 28
397 283
206 45
352 235
121 31
405 276
434 340
297 134
493 451
344 217
136 72
342 322
294 231
252 158
366 242
457 368
230 120
308 129
219 73
474 421
356 302
466 459
282 76
326 102
224 270
473 407
23 239
304 152
439 367
114 76
247 76
368 225
238 295
410 281
220 5
469 367
374 270
484 450
286 114
412 287
482 415
239 24
211 133
459 359
221 162
481 448
204 3
210 53
240 135
278 128
445 287
331 135
348 236
425 386
277 120
490 461
119 56
369 159
382 206
302 129
155 46
350 201
361 281
495 468
373 134
391 339
232 56
310 112
177 73
402 351
178 15
485 399
353 249
488 395
442 342
273 188
390 306
419 288
228 63
460 378
290 162
325 122
215 185
127 73
207 134
428 333
389 289
365 270
407 250
486 404
438 391
190 90
216 239
284 226
477 409
71 179
475 436
358 102
55 28
471 405
280 185
450 343
333 196
43 60
122 270
375 226
472 439
208 151
276 148
217 495
281 160
293 292
0 15
144 120
406 367
355 282
411 451
351 239
137 236
229 15
205 55
270 174
349 263
313 457
384 247
479 494
465 345
316 218
415 357
420 365
328 155
433 484
345 305
483 412
113 56
441 395
461 285
416 406
437 354
399 290
7 270
464 372
123 51
279 215
417 242
287 201
321 110
235 36
303 33
476 290
251 63
480 308
236 256
440 480
404 207
35 17
309 245
157 60
165 22
158 295
256 40
449 371
17 76
27 277
435 341
418 300
470 393
487 344
429 310
467 344
59 31
462 351
156 75
257 31
172 495
11 22
83 141
370 185
171 133
427 300
447 406
51 342
108 79
387 248
292 495
329 63
436 427
291 135
463 411
454 56
376 207
57 89
110 426
413 427
496 400
234 295
343 237
163 40
130 239
408 261
78 346
198 100
452 321
152 302
112 102
422 310
424 240
285 223
299 133
341 271
242 75
339 124
263 251
378 117
159 364
306 117
338 256
183 429
116 40
398 249
492 451
317 227
225 5
414 303
430 456
362 221
392 232
295 239
401 256
12 332
64 353
354 293
409 151
52 446
267 426
364 200
142 447
264 368
50 73
226 61
255 198
104 384
202 257
324 272
254 69
82 366
268 100
385 317
315 80
197 100
186 92
76 59
468 386
129 36
301 340
182 54
125 69
335 456
272 106
336 366
314 125
91 412
115 403
5 426
189 93
176 494
259 68
118 100
32 46
283 234
213 100
99 301
153 157
67 422
124 92
421 300
489 292
74 112
170 102
173 426
269 202
322 298
87 247
162 81
139 272
13 77
446 256
126 35
212 498
14 243
168 202
245 426
138 60
258 335
201 324
49 24
320 366
184 301
92 499
120 338
65 88
357 247
134 36
81 5
360 189
175 101
1 138
367 234
161 117
185 256
246 117
160 35
42 81
174 304
68 81
111 330
117 280
70 190
84 498
86 228
164 364
288 338
244 16
347 390
340 192
250 348
222 338
223 156
227 301
381 336
63 445
266 343
85 25
453 300
180 409
3 377
6 306
233 284
260 71
312 187
332 380
89 429
298 4
46 494
311 472
132 26
150 380
102 7
188 443
193 408
241 100
66 334
498 345
37 175
18 307
103 289
72 17
20 26
34 68
21 329
167 187
337 397
101 345
307 433
2 149
39 388
33 300
300 29
8 57
423 261
372 55
4 377
327 431
380 262
73 458
19 386
31 25
166 37
231 161
58 202
200 81
61 74
90 219
296 251
154 170
196 103
214 306
26 353
44 196
262 433
191 370
56 6
25 81
179 271
15 138
40 107
261 79
318 338
141 390
431 274
499 194
146 84
383 386
22 335
80 3
145 0
24 93
45 219
48 300
432 388
36 35
60 419
62 210
388 323
88 55
187 17
149 323
75 331
69 17
147 219
243 390
265 85
319 300
192 100
133 122
53 210
79 420
10 101
169 34
253 252
181 311
248 84
54 235
143 390
195 260
95 17
135 157
334 273
98 130
96 274
131 87
237 29
30 323
109 222
426 336
9 385
41 6
28 214
100 294
386 433
106 62
330 262
77 210
16 165
194 326
274 219
47 385
128 133
140 35
97 44
105 219
107 429
218 314
249 304
94 385
38 107
29 336
148 35
199 222
