img13c2.jpg img20c3.jpg
342 45
397 224
383 231
285 31
470 340
452 312
484 365
471 356
398 289
479 366
468 199
348 20
298 19
371 151
399 416
245 159
421 237
455 362
435 389
334 48
310 159
293 20
290 147
442 356
446 300
353 241
337 117
412 229
431 290
355 162
365 157
480 483
469 286
473 325
401 140
356 167
384 245
361 289
404 151
448 416
257 210
135 460
474 364
244 67
312 41
487 378
213 127
230 231
482 431
402 354
364 140
349 201
441 468
433 229
415 241
29 67
130 67
93 224
437 169
450 241
307 67
439 276
494 373
357 57
492 460
110 140
485 225
142 231
256 467
315 117
237 56
496 297
453 467
408 167
292 128
278 94
370 128
111 241
454 323
493 415
390 212
490 404
407 126
411 390
5 294
205 140
215 19
335 78
491 374
277 140
198 362
451 218
486 85
475 349
17 326
232 75
42 498
262 277
410 128
189 172
381 222
204 75
440 404
258 90
328 90
172 411
368 149
347 391
438 345
395 219
476 494
116 259
323 55
320 259
363 126
162 452
113 35
425 210
60 134
372 389
462 363
10 411
294 35
166 56
3 396
317 83
25 422
389 67
30 297
146 139
460 142
133 395
414 255
45 369
188 382
378 259
313 48
187 422
18 389
243 237
340 77
465 449
350 32
419 428
289 222
95 136
457 449
252 25
309 165
55 436
144 15
267 188
253 35
90 117
280 134
238 299
228 276
56 95
77 74
406 128
251 250
443 188
129 67
121 75
488 183
126 114
62 421
319 20
26 289
259 172
217 49
32 194
20 140
266 56
274 245
2 324
67 213
499 478
9 27
373 95
88 125
246 214
261 423
459 84
420 373
19 220
279 257
152 125
332 48
387 220
73 411
43 324
331 471
13 74
11 34
82 403
24 117
418 111
409 244
170 436
164 70
12 70
358 172
114 13
99 185
354 474
78 320
175 188
180 175
46 156
194 88
302 198
249 196
458 478
318 74
495 313
15 37
134 15
369 445
122 284
208 467
466 192
27 272
283 68
109 104
403 449
191 331
236 234
61 15
314 77
430 158
118 152
47 32
54 491
153 422
209 452
212 292
64 139
68 38
94 146
139 402
388 16
127 399
385 75
38 156
394 111
79 352
185 185
218 70
98 220
63 194
197 15
427 194
128 42
173 38
436 221
200 236
250 493
417 172
70 268
478 192
375 426
400 478
240 257
59 40
149 92
80 88
85 139
89 45
199 29
263 79
336 194
483 433
48 114
260 331
21 279
254 390
211 146
4 139
176 166
50 228
52 203
181 38
101 194
333 364
143 468
75 143
380 346
324 274
225 27
155 451
377 269
351 257
426 172
23 139
104 77
124 194
299 87
37 31
125 254
231 295
222 194
327 11
92 474
105 306
160 320
255 233
461 221
178 331
422 402
86 319
141 155
165 284
8 131
102 292
386 445
119 475
288 220
416 28
44 32
115 429
58 375
177 157
137 126
359 24
154 311
171 23
151 44
330 223
311 236
223 399
184 307
195 87
34 332
150 85
65 137
241 38
477 320
83 0
206 7
464 16
51 214
179 430
31 11
39 38
210 123
14 457
308 200
106 136
192 306
40 158
49 204
374 426
392 272
66 120
273 78
304 85
145 306
276 344
341 167
424 150
159 272
74 244
367 325
84 157
281 306
344 244
117 81
445 28
140 203
423 143
163 306
190 69
297 402
71 203
57 189
481 28
239 394
201 194
286 160
168 80
136 139
265 220
97 213
432 32
275 151
0 88
248 87
138 399
220 491
405 320
467 84
463 13
7 117
224 107
321 368
305 189
379 46
120 429
329 306
456 60
497 300
413 486
447 43
53 277
167 160
346 0
284 113
338 364
112 202
158 260
103 451
203 13
91 341
161 284
219 457
489 85
301 333
16 257
72 284
227 252
123 100
345 419
33 133
264 242
352 87
449 471
234 244
339 84
306 125
6 228
382 445
156 61
303 23
366 272
393 22
271 180
360 325
362 85
296 11
157 131
343 79
472 55
132 40
226 70
316 23
242 47
183 157
325 320
428 471
100 88
87 38
434 189
326 285
108 108
202 194
214 157
229 267
107 288
247 202
282 239
300 155
41 141
186 275
216 457
498 220
193 273
269 143
444 340
169 23
1 477
174 423
76 122
396 419
221 272
270 340
22 261
429 87
148 180
268 253
322 135
28 273
69 93
207 44
376 101
35 160
233 82
287 70
96 328
272 292
182 371
295 118
391 495
147 172
36 189
131 269
81 472
235 221
291 426
196 38
