img17c2.jpg img23c3.jpg
475 434
489 353
317 3
486 353
437 434
472 434
411 353
465 402
328 322
214 496
352 416
464 496
102 96
305 416
166 496
495 483
453 44
398 402
449 402
428 44
232 16
251 496
299 93
388 381
405 226
333 56
48 126
315 483
270 446
284 456
451 483
202 194
12 99
409 44
493 449
199 393
375 86
9 83
418 263
297 303
72 468
1 496
222 5
494 44
373 393
278 85
147 143
163 93
291 388
41 145
303 322
51 438
424 488
268 10
69 104
358 496
287 64
178 83
435 416
91 446
274 485
430 126
182 479
346 471
2 398
31 438
211 64
415 484
393 381
343 268
396 353
173 112
399 471
23 200
221 368
227 37
285 69
191 456
348 84
140 226
463 435
138 496
359 479
381 152
341 372
468 96
125 126
130 3
403 435
488 23
391 63
295 392
401 159
420 442
361 322
318 84
376 489
334 16
244 479
400 450
288 183
390 158
447 450
421 69
335 84
172 200
417 449
229 69
168 69
18 479
331 84
446 302
466 414
310 450
372 392
347 93
114 112
100 157
316 246
471 471
319 392
410 457
203 471
216 136
5 430
98 316
351 372
443 16
165 95
329 459
419 71
448 197
230 2
332 84
308 393
460 76
499 471
324 84
440 316
280 84
26 402
113 262
200 84
314 2
422 456
467 381
46 112
124 348
300 5
254 62
152 493
35 37
362 392
406 326
470 21
239 99
302 89
426 483
129 140
416 16
175 2
131 430
263 474
363 86
429 445
188 370
377 44
497 78
260 38
337 450
365 140
183 468
275 430
179 39
330 456
432 366
342 93
65 312
39 69
62 44
298 392
407 84
59 232
212 95
323 308
204 32
116 398
148 322
441 44
382 27
6 282
52 56
311 36
364 16
66 95
313 450
404 19
123 74
455 44
223 44
469 234
339 104
327 320
442 499
164 36
266 148
367 379
438 498
338 288
397 492
286 221
233 3
461 263
243 69
368 366
354 265
454 44
235 450
344 38
161 445
498 21
247 57
289 483
408 456
350 280
386 457
89 198
162 99
68 458
462 484
142 429
445 178
456 234
261 398
180 430
237 84
369 57
269 357
322 170
483 419
84 430
482 159
167 405
356 21
201 472
450 113
487 368
112 227
13 75
345 57
491 492
111 392
154 44
281 261
215 468
25 259
8 379
177 75
170 76
413 261
444 69
293 24
80 368
149 184
137 109
277 430
236 112
312 136
50 455
197 26
206 466
279 64
234 326
340 239
433 270
480 325
492 100
139 180
174 383
452 159
0 224
133 494
252 474
355 110
496 57
294 104
434 84
473 197
253 78
45 342
282 388
273 181
374 497
439 36
301 57
20 441
246 493
256 280
257 84
186 89
94 236
349 263
121 64
264 380
384 180
241 45
476 6
155 125
306 112
479 253
70 100
64 26
185 88
238 56
353 24
385 180
141 178
219 331
82 371
128 426
134 468
458 104
71 62
402 457
436 12
210 145
459 57
485 418
276 448
56 65
4 132
225 55
431 27
296 5
360 155
423 164
96 267
19 209
57 58
11 238
207 75
248 3
226 370
379 46
10 461
184 453
283 232
198 359
33 367
7 293
481 403
103 202
107 198
292 257
205 332
307 172
272 183
101 155
249 299
193 476
370 382
47 293
49 186
55 75
190 338
53 35
255 253
357 183
474 6
87 446
38 400
88 444
265 456
484 325
290 65
27 82
258 1
208 289
44 155
158 259
135 282
117 271
478 199
73 352
78 372
242 92
371 125
412 240
104 279
325 320
145 235
60 132
119 367
105 288
3 106
144 49
336 459
383 57
30 138
389 394
425 221
115 233
110 214
181 35
120 446
21 490
217 476
380 366
15 395
231 233
108 221
159 88
122 160
267 380
28 97
414 442
36 124
309 65
61 226
195 340
171 148
106 181
240 489
490 198
321 18
194 1
176 127
143 221
34 99
132 65
43 91
81 393
118 6
136 45
24 411
54 273
79 266
224 157
17 292
387 275
109 75
245 116
228 125
262 6
457 456
220 163
271 455
92 439
32 319
150 224
157 288
40 333
392 438
366 43
126 79
192 226
259 367
477 351
83 346
213 88
187 316
75 153
320 351
99 377
86 256
209 351
67 270
169 358
97 159
37 224
63 235
250 370
395 104
16 238
93 308
95 11
127 459
151 153
85 4
156 367
189 362
427 4
326 224
29 281
160 75
218 148
394 26
22 290
153 4
146 138
77 341
378 60
90 293
42 185
196 359
304 28
74 79
76 138
58 410
14 477
