img13c2.jpg img22c3.jpg
397 277
441 355
371 231
493 404
404 231
290 158
294 150
348 235
411 302
492 459
298 160
484 415
198 3
471 344
442 344
342 241
398 397
365 225
383 295
257 72
361 286
421 283
412 261
285 249
312 280
368 150
470 407
323 134
355 249
332 119
308 114
225 26
337 281
349 308
277 270
446 339
357 121
259 46
205 270
135 497
475 419
480 441
263 188
468 420
364 305
153 61
487 412
319 164
469 395
244 291
435 407
372 239
452 352
491 454
320 332
20 239
293 162
130 291
278 185
245 76
454 419
402 340
486 443
461 372
455 357
159 171
253 45
448 343
438 340
399 453
474 417
476 391
401 270
140 170
110 270
415 282
218 175
485 182
310 76
189 44
335 142
167 184
194 180
479 421
356 207
462 341
363 201
450 282
90 186
18 270
315 281
129 8
410 279
215 15
237 120
307 151
439 417
29 73
60 210
65 30
381 263
494 446
425 305
280 201
248 36
347 471
243 239
431 393
258 1
334 118
389 284
213 167
433 261
230 295
228 53
166 283
155 30
55 1
353 160
125 149
395 281
256 480
473 396
56 373
418 427
45 280
265 149
408 207
111 15
152 39
93 76
133 495
252 188
217 148
370 182
451 415
113 45
126 292
460 291
142 39
419 263
261 178
246 152
482 418
274 154
453 480
10 290
262 56
490 468
313 122
430 77
13 17
328 135
496 239
42 238
172 1
414 232
292 279
118 46
394 427
440 15
44 259
128 17
98 35
407 285
289 286
164 178
43 403
82 35
437 371
63 21
30 406
92 364
378 332
276 117
208 133
115 364
384 158
5 342
390 298
210 170
101 71
344 267
309 299
52 170
9 471
12 178
139 39
232 426
406 182
165 187
11 42
25 112
239 38
146 37
436 363
267 192
443 182
306 133
168 205
77 53
64 170
238 238
149 194
178 37
387 273
27 37
420 63
85 77
17 332
78 35
459 426
121 190
67 8
83 384
358 250
350 77
182 108
467 184
26 3
19 21
74 5
457 476
88 124
317 242
95 471
318 79
116 332
204 183
144 246
188 409
488 476
117 68
21 146
171 100
251 37
302 399
195 36
170 181
62 290
209 62
211 38
373 399
180 1
409 90
24 217
173 100
377 326
73 484
102 89
181 100
187 403
2 213
114 364
136 170
89 265
191 348
417 355
175 182
79 499
266 298
37 102
109 101
143 251
199 250
234 5
427 426
162 140
50 426
150 363
249 182
71 37
497 472
495 301
122 26
465 476
86 346
32 50
499 476
48 192
179 490
4 259
61 107
76 108
393 318
94 38
58 364
127 36
99 424
105 65
255 26
174 212
14 17
197 246
250 292
385 424
23 25
222 50
311 390
177 225
104 221
80 50
132 193
47 77
183 122
380 273
3 81
283 37
367 120
416 26
137 131
134 246
331 157
106 294
340 100
466 315
369 323
220 314
297 455
400 315
176 68
478 407
422 486
458 472
185 165
84 225
382 364
254 417
275 154
39 221
70 47
200 306
201 97
366 386
7 215
120 364
301 156
304 21
333 370
362 338
68 100
97 395
336 38
51 141
324 38
483 209
54 107
15 105
413 486
489 472
341 177
449 157
299 17
214 246
281 187
498 211
46 219
75 29
343 191
403 324
57 36
103 54
426 250
216 364
69 83
260 386
145 331
392 386
445 373
59 467
352 17
396 499
124 89
107 475
161 26
456 347
481 208
428 77
169 273
288 312
87 221
477 300
72 426
241 109
186 90
6 80
192 34
346 147
40 171
330 448
351 300
386 156
268 178
49 353
212 71
163 329
472 134
160 35
388 323
141 383
53 345
227 300
284 475
354 96
16 67
375 6
322 26
338 448
464 70
31 304
434 109
226 272
138 263
28 101
432 229
360 26
224 26
242 385
374 431
207 338
339 34
231 194
158 380
359 234
329 202
100 165
247 35
345 389
34 178
286 252
66 386
190 260
300 338
305 156
219 336
22 383
327 323
91 153
0 180
221 386
108 212
447 134
8 252
33 435
223 479
379 382
147 101
157 134
429 36
463 386
206 336
444 448
151 304
196 221
123 33
203 364
314 100
376 75
303 323
321 184
233 186
41 335
295 45
391 43
282 29
81 499
229 202
112 35
291 475
131 215
148 84
405 356
184 107
325 377
273 361
296 234
119 87
270 157
424 70
279 306
271 169
202 359
156 390
264 0
38 219
272 34
96 210
154 234
287 14
269 156
423 320
35 35
1 498
193 133
316 323
36 353
235 309
240 300
236 142
326 138
