img12c2.jpg img25c3.jpg
445 240
444 360
412 283
392 280
255 92
428 219
471 355
349 214
351 216
472 357
231 146
311 132
204 29
446 367
485 360
450 287
197 92
493 341
342 191
393 329
476 407
478 417
329 70
246 11
286 126
498 375
315 69
339 118
454 351
363 218
241 96
455 289
360 36
275 8
294 31
355 110
447 285
410 315
482 400
479 362
437 315
142 96
470 412
483 352
280 111
475 372
424 326
356 260
449 316
350 172
283 162
443 326
285 118
318 239
327 1
474 398
496 447
488 454
243 61
413 361
247 51
314 183
302 50
321 100
233 65
404 278
469 367
464 42
459 398
435 350
308 65
296 136
119 146
173 146
366 111
411 267
391 307
494 410
399 316
210 42
473 453
338 183
490 395
132 29
102 497
215 31
218 2
489 402
381 31
398 447
134 11
458 437
313 55
307 1
453 392
499 254
420 227
309 61
448 267
266 15
340 269
407 398
325 139
400 308
298 144
463 372
337 189
282 205
419 350
297 32
486 345
452 327
421 11
416 323
390 237
405 328
278 171
427 464
451 328
319 24
262 100
326 61
457 346
378 206
26 149
34 10
466 149
162 10
299 367
72 286
205 367
127 285
426 254
374 258
201 454
441 329
167 51
193 1
281 14
436 316
347 411
408 252
115 487
369 205
353 209
364 31
477 133
273 51
199 136
30 42
312 137
370 136
336 61
367 329
232 8
396 256
323 81
300 42
208 10
497 31
481 275
310 133
345 279
433 322
1 287
274 135
368 237
491 322
301 183
423 285
439 323
492 405
372 187
495 293
192 51
456 152
216 495
259 70
69 65
129 191
13 31
73 50
125 42
120 495
237 23
317 61
434 417
402 111
189 489
112 149
357 135
200 172
414 69
382 182
362 339
467 285
242 455
484 278
251 275
334 28
164 136
150 220
388 392
429 298
268 82
44 357
376 127
442 54
248 19
344 34
468 298
56 346
417 276
253 95
146 445
169 2
171 288
332 204
187 390
223 132
145 339
335 81
15 11
9 78
188 346
346 272
394 146
295 397
6 474
31 395
276 137
389 127
40 195
212 463
97 267
178 301
113 318
194 80
379 491
143 104
270 158
57 1
249 409
316 135
198 328
430 262
361 354
179 340
487 419
35 191
333 135
401 417
245 151
195 63
252 23
229 329
425 238
239 104
236 126
21 431
222 463
438 234
172 475
244 210
25 365
331 84
385 281
131 212
147 365
202 318
384 455
358 134
230 0
265 478
267 81
328 321
14 7
99 94
177 268
432 298
289 62
166 398
79 73
306 251
235 382
293 16
352 47
221 189
348 234
240 4
359 457
27 262
71 2
279 174
224 414
465 60
320 95
227 122
8 6
75 414
36 6
110 125
153 168
206 6
175 35
23 106
261 459
138 315
62 83
260 226
238 117
386 362
111 260
18 328
54 6
92 71
415 251
182 483
263 79
2 6
91 78
126 391
190 210
86 99
3 276
341 102
284 52
103 315
148 137
74 135
183 480
140 368
89 337
343 488
383 1
32 57
269 15
135 328
226 16
10 1
49 20
96 186
109 382
176 236
53 183
81 95
19 261
41 265
133 451
46 250
170 28
409 102
288 52
5 52
151 40
365 328
462 98
48 235
480 422
59 463
225 268
83 315
354 490
461 16
277 281
303 83
43 153
163 175
257 24
70 85
250 403
377 18
16 368
418 298
403 482
152 189
287 100
228 17
209 251
58 75
161 314
130 137
95 215
60 421
440 229
64 480
159 86
330 421
85 79
234 487
397 137
114 161
45 200
156 250
220 86
47 185
78 400
387 52
124 61
304 168
214 457
123 203
55 157
186 13
395 168
50 317
117 130
33 368
80 352
258 220
42 421
160 40
87 121
90 230
137 291
460 298
94 1
422 251
76 95
28 130
84 184
107 83
65 61
168 99
219 6
155 157
373 251
101 135
61 172
105 281
39 215
22 382
38 83
157 215
100 55
290 138
52 6
165 116
24 291
211 354
184 81
104 21
17 120
180 98
154 343
63 175
136 23
272 161
375 429
121 316
185 203
116 260
158 6
203 368
322 107
174 316
406 215
139 289
291 164
37 135
98 102
181 335
213 6
67 9
77 111
207 229
68 97
141 354
149 220
106 295
292 251
66 259
118 293
217 24
20 186
264 157
305 199
122 185
324 130
191 124
7 71
11 331
82 237
108 471
144 122
128 83
29 99
371 243
196 130
271 35
254 316
431 130
256 437
93 71
88 122
12 284
51 180
4 465
380 107
0 83
