img23c3.jpg img24c3.jpg
353 414
402 414
434 414
407 259
493 414
368 297
289 445
366 332
302 277
392 418
414 404
22 124
449 445
496 131
310 11
446 490
452 424
229 11
483 492
344 11
416 7
318 11
69 211
250 259
376 131
140 139
21 304
104 88
335 11
86 357
443 460
226 486
365 356
303 10
126 225
450 366
457 356
288 426
210 10
64 75
479 490
37 294
341 93
161 11
356 447
93 395
322 319
393 266
410 80
44 429
166 44
268 307
3 195
460 356
217 445
380 426
489 71
260 169
259 307
297 11
206 117
76 44
84 75
386 385
16 452
81 414
332 274
27 395
372 356
10 44
381 319
429 356
170 307
246 453
379 431
103 199
231 481
143 103
194 395
440 165
456 266
85 124
152 266
388 139
154 117
390 165
38 67
181 9
471 336
265 307
211 495
83 488
63 351
99 333
9 481
23 84
263 307
212 486
420 400
172 314
373 84
363 356
135 106
173 124
296 11
285 356
136 252
145 50
106 44
349 80
357 165
72 77
193 333
198 54
55 94
165 351
102 493
475 71
33 199
5 246
199 168
348 39
347 31
128 486
243 455
187 168
167 199
257 204
301 6
355 199
112 246
216 283
490 148
314 383
421 154
48 357
400 424
100 462
336 48
426 84
252 57
26 481
101 357
65 189
177 199
401 426
19 402
481 84
405 21
499 99
87 307
282 165
284 80
435 363
438 105
28 266
192 452
485 263
447 456
408 246
476 400
34 481
428 313
196 307
67 307
132 50
54 46
325 39
242 158
384 141
41 290
266 307
171 333
235 374
51 175
270 370
468 378
305 119
419 400
272 307
89 222
141 199
331 21
453 225
451 246
492 415
62 156
474 105
97 270
90 192
151 217
186 100
307 165
130 269
406 426
75 268
50 392
131 74
178 293
53 44
396 285
133 84
116 59
383 196
68 336
326 307
78 440
236 192
430 298
56 336
180 101
221 427
486 27
77 307
36 29
74 171
295 199
14 268
149 84
278 405
204 16
0 16
200 246
124 314
269 407
107 307
488 22
4 146
375 426
209 137
445 426
15 44
164 307
228 412
71 29
448 22
320 312
339 426
359 260
279 486
442 165
280 318
47 280
105 321
169 347
233 283
261 392
49 249
189 129
232 71
190 307
197 405
258 199
2 269
497 441
342 283
330 429
256 173
362 191
32 329
142 156
168 137
484 422
439 312
35 269
267 44
80 429
195 475
160 311
213 463
254 155
117 107
327 479
214 383
110 129
234 262
184 369
144 392
398 105
371 283
385 466
351 182
98 84
109 44
188 268
202 234
399 151
215 321
308 268
466 422
96 321
482 100
159 96
361 213
201 39
227 5
248 332
277 70
127 269
433 422
91 370
174 278
88 48
113 370
218 369
253 461
394 283
480 319
207 455
283 13
153 394
470 258
6 114
313 475
333 307
431 374
82 178
66 392
463 141
409 105
315 334
95 49
138 383
275 121
338 334
139 392
203 369
182 84
120 262
238 426
337 268
162 6
317 105
387 411
391 269
389 424
309 246
316 160
311 381
222 71
374 334
43 55
58 178
30 475
57 218
413 261
39 329
473 489
79 345
94 452
25 23
412 81
437 151
123 426
13 23
163 100
281 6
245 321
432 320
455 141
1 45
7 70
255 261
403 488
61 74
444 491
147 9
108 482
262 493
239 256
477 302
298 80
478 71
290 334
251 84
404 470
273 246
175 199
292 121
354 81
46 49
369 369
73 273
118 180
237 105
328 465
494 105
176 6
377 426
346 81
40 105
422 41
415 333
24 359
271 97
378 199
454 429
425 127
134 321
469 23
208 234
137 140
45 97
304 44
427 334
224 212
249 286
146 48
334 192
487 498
205 257
129 392
247 265
319 276
183 276
306 85
382 479
395 166
299 82
20 0
459 378
293 85
119 329
244 30
418 379
411 141
358 121
360 258
158 262
114 212
397 311
472 269
340 81
458 56
345 465
264 373
498 318
219 381
441 105
323 334
12 388
343 246
70 8
352 155
157 461
60 200
370 498
495 56
240 461
179 269
92 90
220 200
121 381
31 453
312 256
223 146
150 79
300 465
156 39
155 423
276 265
436 429
42 135
148 22
52 23
321 279
367 357
17 147
230 109
29 269
18 35
465 134
350 81
8 105
11 420
467 318
424 56
291 426
185 102
423 311
115 13
274 121
286 85
191 262
461 105
464 332
111 332
329 105
241 97
491 392
417 81
125 82
364 48
462 53
225 6
122 2
294 89
59 149
287 123
324 85
