img27c3.jpg img29c3.jpg
476 341
371 158
450 302
448 282
363 204
200 38
402 158
362 199
210 16
435 343
339 124
285 38
439 276
416 219
442 279
458 301
484 302
292 150
220 478
340 219
451 315
445 405
390 117
437 287
302 16
392 202
307 73
377 135
431 302
289 352
374 160
492 393
424 387
394 296
381 139
399 247
436 348
122 32
309 50
472 352
266 91
274 60
276 1
426 205
405 387
396 363
300 397
471 393
360 203
306 190
376 195
326 60
208 173
348 216
366 185
303 173
455 274
260 91
474 131
57 468
485 401
414 287
388 264
123 25
267 91
420 311
177 191
296 124
215 1
475 369
212 8
349 236
378 202
352 173
332 4
272 95
384 271
139 202
479 343
40 468
318 81
370 31
341 126
44 302
460 279
254 102
486 422
428 301
493 362
7 428
164 397
346 195
433 118
408 387
17 438
273 91
135 355
480 354
158 494
412 224
440 423
226 169
4 0
430 228
259 91
496 274
438 218
410 287
209 390
92 202
201 25
214 73
305 145
16 355
291 62
494 408
319 60
72 191
337 190
343 236
286 25
10 307
207 422
375 228
299 450
137 302
128 341
218 16
290 220
136 38
470 380
0 67
316 71
221 50
66 405
331 94
167 468
229 84
347 185
342 220
462 327
308 44
447 306
464 89
459 457
449 274
361 266
284 193
203 383
269 368
38 102
48 494
206 33
280 239
461 422
84 281
131 1
473 339
127 8
434 338
382 145
454 283
151 25
389 387
117 173
53 111
350 239
219 302
368 61
373 185
380 160
369 223
146 84
240 239
50 387
182 468
239 16
115 352
230 496
275 383
126 219
247 167
395 294
39 9
345 149
499 435
468 405
324 4
336 94
354 166
400 422
197 339
338 134
169 494
482 294
105 405
478 294
21 84
11 302
22 304
77 405
490 327
43 494
327 49
477 374
467 322
141 383
364 331
288 158
411 48
138 73
82 343
353 1
379 430
20 343
423 167
35 499
248 51
409 271
281 236
256 66
429 229
325 254
227 429
241 107
393 337
125 135
487 417
356 185
264 368
23 276
211 343
165 50
293 16
321 71
263 123
443 106
140 107
24 350
76 95
93 58
163 84
249 453
130 4
12 126
69 61
330 71
15 426
283 424
495 186
441 337
270 489
19 249
391 379
401 311
90 380
71 9
335 145
397 133
425 335
175 453
47 5
191 38
129 380
491 445
398 234
244 262
99 197
62 201
357 128
49 1
228 453
456 89
222 9
1 83
236 44
488 430
202 317
418 195
98 123
14 387
351 420
232 90
417 272
195 176
498 290
109 149
121 16
457 322
75 382
46 138
323 247
107 337
88 161
168 16
27 177
246 201
282 167
74 499
173 116
421 211
85 344
55 149
18 346
406 109
8 296
446 303
261 84
194 242
120 201
179 108
223 30
186 308
333 219
251 268
100 58
81 62
33 161
64 235
466 359
463 89
170 454
143 498
427 212
80 382
257 42
103 128
444 372
101 267
245 280
6 208
334 19
31 206
465 311
79 292
483 338
60 245
155 344
166 83
481 337
41 292
320 82
3 179
133 2
237 271
181 264
106 116
178 61
148 112
97 229
52 249
243 83
387 383
224 210
225 32
242 297
311 13
196 196
54 73
185 174
190 61
95 314
204 176
469 343
68 314
119 271
36 335
91 116
37 443
142 201
277 10
489 435
383 235
198 381
497 196
359 326
9 157
29 305
176 222
96 308
184 108
152 97
317 84
65 346
344 7
118 107
213 19
453 322
89 81
149 489
385 441
301 19
83 128
144 152
45 430
73 116
171 100
67 222
216 167
26 448
159 314
153 344
51 298
187 74
25 58
157 260
108 165
174 116
32 203
250 386
355 300
34 260
172 142
78 262
58 244
113 149
183 58
28 179
386 353
432 347
59 450
63 374
61 84
233 336
2 360
70 346
295 326
124 314
255 146
180 190
102 123
193 298
297 152
104 1
358 137
304 152
328 433
271 74
110 24
42 353
252 152
217 245
404 58
231 19
134 390
205 410
162 353
329 359
114 390
279 115
160 336
314 182
199 30
313 83
150 263
413 195
132 152
234 107
407 75
5 467
278 284
287 152
147 67
265 262
116 360
86 461
156 342
415 335
298 441
238 26
30 92
294 7
367 259
87 174
94 7
192 280
145 342
403 245
258 146
161 324
56 195
253 128
154 26
268 19
322 353
365 61
188 262
452 386
312 19
315 7
112 109
13 491
262 107
235 168
419 347
189 383
372 61
310 441
111 84
422 271
