img24c3.jpg img27c3.jpg
231 210
228 214
248 221
352 363
393 397
445 450
164 220
490 458
124 207
397 363
299 302
139 16
435 435
140 175
16 22
283 282
344 402
434 472
33 56
243 259
293 220
362 362
292 362
190 167
485 484
250 220
446 451
281 285
402 435
350 377
130 127
410 484
443 478
403 431
401 412
340 382
119 139
239 362
363 285
297 208
390 439
472 436
208 141
149 6
296 307
381 345
207 352
348 371
246 202
30 8
131 44
482 475
104 167
415 440
320 274
154 10
404 350
424 384
423 421
351 349
7 220
327 318
25 24
230 273
447 445
31 18
406 396
8 7
295 308
493 477
205 212
298 203
499 490
115 136
365 339
157 115
274 205
284 341
487 40
210 204
354 414
136 19
285 371
225 151
156 134
414 289
137 18
227 293
253 223
442 437
199 256
459 455
201 266
9 168
174 138
291 219
454 493
333 368
279 324
460 375
27 117
211 431
172 208
358 226
264 240
439 362
275 292
306 276
366 303
474 479
112 222
463 449
125 121
288 371
433 414
448 439
255 230
398 455
361 276
396 402
495 493
12 220
237 340
367 341
38 127
160 131
282 339
194 182
51 299
111 168
263 273
188 270
322 458
450 458
480 480
142 147
497 496
477 473
41 133
412 411
241 207
385 306
353 378
483 439
143 166
338 208
337 326
10 10
479 487
399 460
290 293
168 114
441 395
68 16
310 274
418 208
235 234
4 209
53 94
192 20
219 318
313 204
110 129
206 216
159 259
378 379
471 414
203 4
312 376
409 395
186 259
251 205
462 220
307 330
287 123
377 407
189 97
1 50
330 330
356 405
2 25
11 254
438 447
492 461
173 133
400 464
28 54
150 24
195 256
209 225
26 222
128 227
484 478
167 164
488 474
224 259
77 97
47 448
222 211
324 302
259 254
341 397
405 414
411 486
277 461
476 448
429 98
221 288
349 400
276 305
17 178
268 330
50 175
444 269
389 459
14 90
451 460
183 227
286 389
371 484
106 13
57 20
120 206
416 420
303 326
220 151
440 487
73 63
126 412
311 373
37 12
391 451
478 360
335 326
145 270
132 175
121 144
294 371
252 137
86 14
326 326
364 292
163 254
85 222
144 110
82 97
347 381
420 410
452 445
453 82
437 360
426 359
321 305
394 381
355 289
467 420
116 362
481 443
90 363
162 11
289 202
42 120
59 212
428 450
171 195
83 269
118 118
272 484
72 264
204 292
461 454
475 470
81 64
486 7
422 361
94 164
226 248
314 326
469 396
54 97
103 458
339 357
44 195
336 394
408 443
158 236
370 202
97 166
280 211
93 195
5 131
108 97
34 27
187 458
455 396
88 29
233 224
494 269
375 459
343 369
273 259
182 97
214 378
257 260
473 434
308 362
179 235
304 195
135 15
436 206
105 96
99 228
254 270
15 220
413 286
457 350
191 168
332 332
152 148
232 133
417 426
360 283
138 245
80 339
319 125
217 249
169 349
75 175
374 346
193 259
395 445
325 314
84 136
165 39
278 451
247 114
270 327
56 170
345 274
18 6
60 248
58 104
491 208
46 280
95 195
40 441
153 175
380 376
21 19
113 293
134 471
175 20
213 313
240 218
229 151
432 419
465 429
421 420
456 414
39 141
256 267
323 205
216 485
357 195
305 104
266 240
427 420
258 397
78 245
151 345
300 274
79 261
101 35
218 85
197 290
376 407
98 115
107 197
309 394
271 327
29 197
71 39
318 10
178 25
346 166
369 103
384 33
123 208
67 480
76 137
122 368
431 98
302 356
212 39
425 432
249 437
342 98
269 103
368 427
129 30
386 434
6 334
22 155
181 177
185 33
24 342
176 479
317 397
331 400
379 291
215 276
383 407
458 486
468 420
464 418
170 152
234 313
373 330
117 177
496 289
238 56
387 133
242 55
146 79
245 98
3 409
470 319
392 137
166 166
114 421
141 98
49 95
23 229
262 327
148 156
0 187
260 284
359 486
147 133
96 457
329 257
133 51
100 104
52 353
48 305
177 153
261 409
265 62
155 231
127 147
184 361
63 453
196 294
87 56
19 301
407 88
334 368
45 161
43 153
267 153
466 227
13 315
65 382
61 465
180 387
69 241
430 448
64 349
200 97
198 252
498 486
74 7
449 498
328 103
20 205
244 255
161 317
419 489
382 407
109 265
91 137
36 70
315 492
388 132
102 457
372 397
92 427
316 170
89 276
202 483
35 79
236 228
62 467
55 311
70 421
32 421
223 51
66 276
301 471
489 438
