img21c3.jpg img28c3.jpg
302 325
399 466
402 423
140 185
227 256
223 207
203 185
448 450
360 343
138 181
158 182
169 256
471 337
217 212
300 250
218 136
364 399
352 250
429 467
452 430
128 181
436 466
315 212
463 245
61 78
292 321
356 386
406 463
426 420
42 92
430 449
410 431
392 399
404 423
293 298
442 463
207 271
220 265
359 381
458 467
159 213
324 326
483 480
459 468
357 430
284 334
355 375
288 271
478 496
389 245
445 344
134 198
146 136
440 423
314 355
390 413
327 326
86 205
163 78
450 344
407 388
150 267
488 173
397 499
416 349
208 267
349 85
496 245
206 181
470 498
378 300
413 299
341 423
95 205
350 384
491 459
11 27
474 375
414 250
424 430
22 182
351 385
411 410
405 498
148 92
209 205
363 344
437 499
461 173
379 495
419 385
475 449
428 466
393 423
20 85
115 273
201 266
205 325
480 367
45 266
161 192
312 327
166 423
403 384
329 375
347 366
317 173
473 423
435 245
421 92
479 492
453 461
119 266
462 173
331 185
277 499
438 498
82 198
46 192
398 499
167 388
447 499
382 29
31 85
162 205
361 355
344 173
391 416
449 498
485 92
105 499
489 50
125 463
326 431
73 205
124 266
376 299
7 203
365 423
313 326
477 431
24 212
456 458
368 329
493 259
340 326
320 300
434 423
130 203
291 367
484 253
451 344
63 245
17 192
92 185
274 325
433 92
472 472
457 499
216 266
301 463
28 377
90 267
133 205
476 491
343 343
48 173
316 388
53 192
225 92
262 495
381 58
234 207
39 423
100 299
232 85
118 198
186 463
171 173
246 92
318 431
12 205
353 203
160 173
346 367
342 499
366 192
431 480
9 480
420 463
69 125
427 423
214 205
338 321
153 85
8 181
362 183
490 498
287 145
70 175
423 494
487 386
99 463
89 136
2 131
213 499
303 396
311 331
121 136
231 463
241 192
25 269
104 245
308 499
185 359
4 86
401 390
67 390
179 245
446 381
266 463
482 470
101 92
36 479
229 173
254 267
6 431
249 306
172 382
304 384
165 145
282 92
168 245
210 463
51 169
137 267
309 164
325 258
198 203
297 315
110 378
44 166
280 213
276 378
215 388
113 378
47 192
211 323
139 225
310 382
88 92
84 136
145 92
199 371
66 390
1 153
333 131
387 396
14 86
367 245
432 390
289 144
74 468
375 131
16 336
299 92
87 33
307 371
91 388
30 304
425 375
195 411
170 486
247 431
55 468
222 274
188 314
192 169
373 131
35 463
322 329
60 390
103 436
132 101
193 225
56 456
37 43
50 316
242 100
131 468
23 211
295 106
62 51
155 323
271 7
418 390
278 95
465 1
151 335
40 312
498 302
29 363
81 276
469 204
123 203
417 441
243 431
233 371
372 482
41 436
107 86
354 72
189 230
175 485
152 192
370 26
394 493
497 302
238 94
187 131
83 166
108 482
237 192
144 328
129 378
15 165
68 58
212 273
120 86
116 231
439 398
226 127
71 41
98 450
455 481
58 468
64 378
143 77
408 384
495 499
239 73
290 367
228 155
345 497
106 480
97 480
117 194
18 335
112 306
96 386
34 273
154 456
122 351
127 416
174 187
454 94
85 407
79 1
443 470
499 408
422 85
65 401
244 204
259 204
251 7
76 24
114 378
27 89
444 390
13 378
323 351
334 46
54 290
200 371
136 209
102 226
415 410
177 472
374 291
467 279
396 460
57 490
264 170
109 55
332 42
77 331
196 476
380 384
5 22
180 419
494 472
194 289
279 131
43 254
281 29
178 363
464 256
253 478
190 400
38 493
339 118
245 249
319 135
256 20
183 378
126 237
111 474
33 103
257 478
21 127
191 289
286 30
468 300
384 118
156 33
221 227
59 46
263 42
204 168
285 209
270 138
182 391
255 359
164 86
93 390
492 480
181 393
268 396
3 428
135 103
32 335
149 416
219 351
265 117
26 76
10 389
176 441
235 429
52 336
147 457
0 100
157 403
466 355
252 138
306 54
409 118
460 319
49 4
388 94
258 359
337 472
371 477
19 403
481 398
250 207
383 9
75 264
400 268
269 47
197 203
358 152
261 20
441 460
72 384
184 485
273 455
224 43
272 336
248 141
240 333
78 247
486 332
80 209
267 403
335 117
275 170
386 141
283 229
412 125
260 86
336 84
305 176
377 78
321 413
298 73
294 43
330 18
202 18
395 440
385 435
230 330
236 34
348 39
328 21
369 434
94 391
173 317
142 94
296 169
141 102
