img28c3.jpg img29c3.jpg
325 204
467 390
256 204
181 150
141 153
185 199
187 110
207 275
321 284
212 219
182 38
460 464
314 289
316 361
423 379
78 63
66 120
312 276
173 117
50 18
386 204
342 410
488 493
198 159
399 343
205 215
323 321
491 485
287 218
233 305
245 424
366 341
271 202
326 287
300 343
420 396
273 128
390 443
367 468
153 246
331 205
298 275
494 455
250 232
343 339
377 404
466 352
480 480
137 151
92 32
236 221
93 19
495 497
162 424
461 456
299 468
266 148
135 164
468 414
213 218
33 140
430 380
349 337
209 246
355 354
327 306
175 253
239 310
431 405
183 252
268 253
63 122
375 290
413 453
128 211
454 477
53 22
472 447
259 424
192 126
334 323
344 439
359 399
315 277
172 237
186 156
332 12
235 299
261 252
421 390
337 493
109 424
237 298
27 424
459 38
267 135
384 277
166 120
463 457
499 451
54 36
400 446
411 490
58 89
333 30
449 477
388 352
415 401
450 343
347 418
136 304
329 352
363 279
280 342
216 293
443 476
346 446
458 473
416 275
438 441
498 488
203 437
385 150
427 290
26 28
403 448
60 42
253 288
31 410
67 112
345 443
85 304
496 499
265 126
97 147
238 292
164 281
29 281
113 208
43 130
302 264
28 424
18 7
369 237
211 410
341 255
492 307
91 109
154 209
397 380
404 410
13 112
444 7
493 285
269 220
382 296
25 479
410 403
157 112
284 345
86 9
398 71
145 479
170 295
394 410
47 209
365 410
381 228
57 112
114 317
338 7
125 410
229 211
437 487
442 484
481 123
118 344
376 115
127 213
378 358
371 403
281 340
19 43
328 208
418 342
470 473
392 425
41 342
110 367
49 115
278 342
131 366
445 487
274 417
362 342
352 410
479 249
283 412
88 342
484 471
356 237
304 409
441 484
7 157
199 412
138 284
482 366
126 115
14 121
457 340
305 344
165 103
456 112
277 305
419 444
476 317
291 334
12 212
123 466
20 97
142 367
306 312
98 157
140 43
336 186
486 467
288 37
71 214
177 418
248 342
428 370
393 484
22 194
246 410
276 312
208 281
161 312
144 311
293 344
119 342
339 312
448 7
1 103
402 7
405 312
424 237
231 299
475 7
240 255
360 364
11 367
0 4
263 176
171 145
72 443
77 99
99 5
330 230
100 271
104 15
282 410
297 112
169 84
225 177
200 22
204 481
32 476
380 410
52 410
422 342
483 299
401 84
396 201
115 41
292 237
340 97
469 440
320 458
178 151
307 409
373 342
453 122
117 344
217 270
257 410
76 446
94 250
446 34
489 476
353 410
194 7
111 340
163 443
440 351
124 410
279 298
432 466
391 7
412 310
59 157
372 70
244 112
95 175
275 473
451 442
35 292
179 409
16 115
24 466
485 429
90 293
487 183
434 9
243 41
197 476
354 237
79 157
414 351
214 349
301 221
497 340
222 305
206 344
395 175
455 340
230 442
48 466
158 11
167 412
477 346
215 409
290 311
462 305
254 41
180 265
318 410
148 360
227 168
202 474
260 37
38 269
68 344
190 46
87 419
303 360
474 146
82 450
473 398
70 335
289 41
62 84
120 349
409 305
201 145
234 305
9 326
156 403
490 24
15 45
348 115
464 474
83 410
311 58
96 137
319 349
218 318
226 7
193 461
294 112
335 5
383 364
426 147
155 410
351 331
210 237
417 92
39 315
361 41
285 342
379 334
168 164
220 11
129 339
73 162
146 72
251 310
308 19
223 298
249 145
80 34
147 208
270 127
408 359
84 443
241 7
23 335
143 43
406 177
370 103
133 7
159 164
387 431
322 298
105 340
317 442
358 168
107 412
433 235
46 84
286 367
368 367
17 390
69 74
219 309
74 189
34 144
103 74
447 145
51 64
176 257
255 262
465 366
122 349
436 72
40 19
264 97
262 145
55 412
184 29
224 348
228 55
389 112
407 268
242 474
4 431
258 344
130 322
134 142
89 419
439 308
65 353
75 236
151 7
174 176
350 305
81 112
189 84
478 21
30 297
3 310
106 314
435 189
37 299
42 115
357 177
247 280
112 295
102 168
429 179
132 39
149 115
152 262
108 137
272 41
188 19
6 115
296 474
44 23
8 310
324 115
5 318
101 15
425 197
374 7
121 74
295 268
471 326
309 265
196 11
160 412
364 210
191 45
64 137
10 474
45 7
21 237
2 168
150 168
139 262
36 2
310 172
116 156
195 262
452 121
61 43
252 35
232 476
56 40
221 41
313 334
