0000.jpg 0010.jpg
833 5129
131 1116
376 5129
375 4060
835 4054
834 5141
366 4126
132 2405
845 4008
1253 6608
374 2405
609 4488
233 361
828 4008
1026 4488
62 675
368 4008
126 2436
48 361
271 1123
188 361
370 4000
1635 6608
364 5213
788 540
1024 4488
730 5016
1206 519
67 1123
825 5213
1259 6094
199 675
68 389
515 1862
373 3995
234 673
225 527
608 3024
1375 2453
540 4149
613 3024
766 5142
1025 4479
1046 1123
103 5062
523 361
1257 5213
1277 4008
1629 6608
1597 2687
1557 5994
611 4488
1205 541
546 1998
746 1025
787 19
908 673
789 90
64 4918
610 4479
1164 5117
805 2012
842 4089
350 2016
257 4488
76 1114
683 3533
1638 6544
1021 4479
201 655
827 5216
1595 2279
1207 837
218 358
758 5117
979 214
776 5151
231 1859
1564 6559
81 749
329 809
1570 6003
320 512
471 650
136 27
79 17
657 386
276 2285
513 674
750 4029
219 393
1401 5680
1642 6554
795 2295
1817 6608
256 466
841 5073
1171 5117
1022 4488
124 2436
879 3535
1224 3132
499 672
489 677
294 50
1281 5174
369 4089
459 674
1264 6605
1556 5998
1218 571
111 4574
127 4008
563 151
1243 3862
1275 5979
1598 2464
1163 5991
1590 4428
122 5129
762 5119
381 1109
1487 1219
1261 6066
553 2445
80 2453
826 5213
468 401
1658 5526
1167 4018
230 674
939 674
1208 1249
1661 6100
448 2201
832 5071
1800 1123
946 100
605 506
847 4001
221 645
1067 2089
1125 5718
1602 1416
125 5213
1712 5337
217 382
1370 5322
1219 5505
1034 2217
157 4554
481 361
792 4029
1196 141
799 528
1737 6311
840 5095
347 1693
193 4029
1688 3521
729 5905
929 1785
779 946
1751 2474
135 1124
1644 6562
917 606
1265 4008
113 1112
228 361
349 1112
1338 1433
22 2217
844 2418
768 5137
519 794
1572 5117
1339 6557
56 382
235 580
82 687
1795 572
1801 2738
755 5121
1327 4496
1407 6100
267 879
1170 5128
521 2489
1501 5345
1094 3533
1596 762
1160 6035
640 3077
1588 5156
1202 2782
1374 4462
784 1032
105 5141
1559 5994
731 790
556 673
398 2021
26 1980
363 856
106 4054
365 5213
247 5860
494 2838
830 5073
962 2453
767 4062
508 506
244 948
1282 4001
1645 5943
1256 6067
1587 3809
1146 1625
1155 1249
1176 6021
367 3999
1686 6479
273 1135
498 2235
354 1132
1796 3191
506 2256
1527 5718
123 2039
1297 6171
529 3130
1288 4350
916 121
1463 3077
206 4053
1803 4174
1493 1219
727 2843
70 1850
619 645
83 687
1036 1628
1048 3894
1337 4952
333 5181
1258 5213
1151 2217
1386 6255
311 155
740 947
95 941
7 2171
661 6268
1363 4568
1594 6106
1631 6093
1687 1123
331 4121
1222 1623
149 461
377 4092
1023 4488
239 566
454 1041
1648 5174
1039 2147
1138 5019
938 1041
1740 6468
1128 3009
936 470
1606 1623
1782 6546
1605 2627
1354 6354
464 393
492 655
1304 6086
1409 5526
243 650
304 490
445 3862
108 4001
112 380
1276 4089
485 110
631 1123
436 2256
1030 1291
214 624
1139 5909
1135 1580
487 1041
645 503
315 1945
1711 5526
1278 5073
797 4861
1191 6033
783 2256
865 2081
96 4136
1081 4827
72 1139
1408 6186
822 2907
1585 1744
407 3868
1392 3745
771 1656
212 2295
283 2324
1567 5994
1833 6562
707 3592
342 6500
1646 4036
1540 1625
924 1854
1443 4516
274 1984
1689 5477
1430 4479
385 6092
355 3097
478 2295
626 879
558 6100
1149 1607
1127 2217
976 1123
1268 5181
741 5196
533 711
69 2170
1343 2813
390 6343
1266 4052
346 977
1053 3737
1133 128
1537 1416
1791 2875
1371 6086
12 4687
616 750
809 4112
1400 6584
362 5173
638 4182
24 2484
981 1881
1220 4861
77 879
166 3868
1377 6272
216 110
495 2548
1452 4809
1456 6133
1672 5266
197 3589
130 2462
1044 13
896 1041
229 3589
1129 5920
1244 5939
824 856
452 212
1632 6066
110 1136
17 4553
545 5245
1165 6018
927 609
1436 4305
476 1701
270 512
861 5198
675 4440
719 2217
1294 4251
972 5208
1248 5607
815 688
932 1662
706 823
169 2484
1531 5905
1307 5804
1012 13
975 4462
1142 1625
765 4062
66 4124
353 4044
796 6106
236 3704
143 5657
308 766
63 1103
1546 4529
1305 1701
786 555
1558 5994
682 837
1223 3846
53 490
725 5920
1132 5550
580 6250
524 512
802 2018
21 4644
226 673
1085 1219
343 2351
995 6273
757 5116
536 374
473 4885
1702 6164
318 5920
634 1984
437 4039
1741 6384
249 2158
1035 4251
708 4476
511 1041
1593 4669
302 591
539 3704
1311 5677
1073 5870
1231 1827
1239 4324
1792 4157
1063 1902
87 1599
1562 2683
764 2548
874 4113
560 1881
882 6210
497 2293
971 4245
1429 4479
4 5084
1335 6498
630 350
1566 3070
1204 5073
1699 6584
1079 4827
1768 6008
575 79
1189 1997
1293 4268
528 4800
1786 4501
1058 1753
831 2387
1172 6548
1331 739
222 802
1726 3002
118 1109
1667 4273
10 4121
129 1124
245 5239
341 4048
1435 3855
1043 1042
1445 530
1074 3790
1270 6017
1764 4438
472 4638
530 2295
810 4110
84 659
1665 6378
570 1382
1719 1863
137 2363
753 6035
1229 4110
1372 6177
1778 5493
14 4862
998 5970
808 1121
1471 5803
394 13
115 6031
715 6268
921 4376
516 624
1318 6510
1376 2983
1715 4340
907 1701
482 624
1777 6539
1121 2604
1251 2686
944 4914
450 6391
159 4108
1057 3973
572 2443
1825 128
1181 5157
1198 4032
1551 6537
1732 1291
1267 2387
696 1186
91 1091
1439 3715
224 382
1341 5787
578 5358
531 3704
1690 6249
1454 4809
1333 6218
1262 4089
785 686
800 6085
1783 2639
357 4091
275 836
1561 2683
252 3340
1542 1607
926 5361
1700 5526
1227 3736
282 2891
829 5213
656 3942
855 2036
194 5618
1514 4438
1420 5291
676 3611
1136 5418
1289 5416
141 6092
567 5196
1398 6100
586 623
512 929
1459 4809
669 6360
1190 699
1234 5904
382 4001
791 11
60 1139
1821 5022
1060 3239
1105 643
871 4379
344 555
74 3196
555 5244
1326 5222
884 4372
1226 811
1789 6553
142 983
107 1098
1106 1186
1679 6210
1141 489
484 5337
1486 5821
1530 5909
596 1580
1643 6511
493 860
1738 4168
330 3834
293 2421
1614 6460
1608 2583
1302 6210
1481 6446
780 5206
177 3790
801 2036
1031 1711
490 658
579 4829
849 13
670 482
552 5809
867 5416
1426 6410
1568 6000
649 1617
1173 5678
284 398
918 624
803 3751
1052 1433
1038 4367
71 694
964 3704
1122 3540
250 374
623 1008
1437 224
807 4550
1118 6444
1805 13
144 5455
1654 6127
955 1594
1610 3309
585 2362
985 1959
337 1793
537 4004
1438 4397
677 6407
1718 4973
1384 2607
1365 6057
853 6408
1254 6094
310 3315
117 1121
982 4344
1510 4067
1793 1103
1330 1261
714 4648
772 1816
405 848
1351 1625
1466 3239
172 1094
1713 5522
612 1043
704 13
380 1529
1013 4571
668 3790
562 4743
775 5182
941 5194
348 977
1314 452
759 1083
1089 3962
92 1129
164 3225
686 6092
1077 2488
629 251
237 385
1319 3203
1674 6510
1166 1254
383 1602
654 2891
1636 6511
1442 4516
406 3984
1743 6345
1428 1822
1578 6008
1347 5668
952 1625
1402 6593
13 3718
607 733
321 6324
415 6391
627 879
564 1795
301 2100
742 3582
1603 6255
278 1877
50 1321
128 2907
1770 3605
465 4053
1760 6468
1364 6453
11 110
94 5263
1111 2970
1492 5935
703 6500
1621 2743
397 6343
911 5804
1109 5988
340 5183
1287 5868
1028 2901
1415 3918
451 5788
1733 5887
408 2767
992 5446
1485 4827
728 3383
1625 5172
57 802
687 3441
793 454
1618 2527
1296 5393
1574 1255
1292 6434
419 5668
738 3845
1 3159
1708 5797
1539 5469
1368 4268
5 1830
1458 5875
1675 6215
336 2395
1780 6003
148 1273
1784 6548
161 4952
1269 5948
664 3396
1154 2965
1469 3978
1730 4174
1451 6470
292 4188
870 5668
1103 5634
1212 5332
632 347
1494 3297
702 1779
121 6076
1068 2113
1422 6239
1534 5916
782 4112
1669 1439
100 597
1477 6360
170 6391
1312 4983
86 398
963 5678
1008 5669
637 4478
1260 4036
937 2715
1216 6106
1830 1673
1495 5548
44 2924
1424 2638
1084 356
1096 5785
691 4868
940 4927
934 6510
317 1312
1140 6476
402 4249
858 5416
525 128
930 1626
577 342
1742 1219
99 2100
672 5570
1329 1796
1728 5526
1054 4809
584 6593
920 888
1418 4522
268 2285
260 5116
1214 217
818 6136
502 13
1464 6275
1649 2040
520 6602
1230 1768
1779 6003
1798 3440
527 1659
211 4918
1144 2184
296 619
1544 4839
266 2445
1696 6431
551 4115
726 4845
1705 3444
1150 13
1676 4142
843 1109
322 5943
1211 3971
1249 2099
733 3632
1180 6003
1131 4979
615 2901
195 1313
812 6195
258 3589
583 3918
1554 5537
1273 4054
781 1353
856 4142
387 983
973 4115
774 4798
1130 3428
566 1568
554 2953
1627 2545
1461 6582
1316 1416
1823 1451
685 2975
1476 2604
306 695
453 179
1385 1826
883 6548
316 5876
1382 6387
601 1840
1228 4112
875 6434
1295 2528
1033 1607
1633 6569
417 3441
46 770
518 940
541 4324
120 2439
974 3452
909 1629
1236 357
386 1602
1799 5942
1735 235
690 3322
1179 1255
1317 4292
723 2082
1322 4952
1332 6027
1308 1623
872 4350
65 1032
1565 4495
1359 6333
285 1599
1178 5123
1406 393
991 5005
227 13
814 2386
1462 2484
89 1188
1062 3601
1100 4268
895 179
1552 6537
242 2285
165 3915
1725 4809
1641 6544
1065 4291
568 1855
1591 6064
760 2456
1110 2953
673 2644
395 3754
93 2383
1157 13
1090 1635
1192 1415
1274 3204
1651 6465
1797 1103
509 956
756 242
418 4302
618 425
175 10
747 878
1670 6235
868 5222
295 2406
1187 1820
1016 2275
6 982
442 6174
361 6076
288 1945
61 597
371 5215
1237 2304
277 1877
1609 3346
1432 6144
852 4420
207 945
928 2548
635 897
479 5977
1763 4896
334 2195
378 5692
180 1626
372 366
1634 1995
1210 3521
559 2491
167 5549
500 3444
1263 5129
823 5217
1576 6015
571 3441
1416 6074
836 3204
1807 6133
1802 4188
1412 3762
1611 6574
1502 5719
1315 6411
1425 3055
1693 4935
987 3700
1411 3074
1704 6129
996 2848
697 306
262 2445
241 994
328 879
1637 5636
724 3790
501 6106
55 3235
1301 5208
863 4355
923 3135
1513 6575
977 1529
209 347
1600 5241
1545 1937
3 1133
1099 5787
264 879
1040 879
1213 3845
737 818
1092 4559
1115 1268
1509 6468
78 2404
182 4268
1290 4379
593 6100
1055 443
1145 5033
1201 6349
1427 4174
435 4354
970 3179
1029 664
466 1650
1628 6117
1582 6561
1586 6532
1076 4760
139 432
1209 4299
989 3255
246 167
356 5991
864 2781
1767 4516
1484 5326
819 1934
312 1361
709 3530
1623 1279
1168 1332
1788 1768
980 2511
272 347
391 6343
1448 2603
324 597
1344 6510
1465 2801
1088 1246
754 4527
441 492
345 507
1491 5776
1199 5485
1194 2672
1082 5821
692 947
1516 6393
1613 2940
1776 1756
338 2285
662 3055
1812 5963
1496 3297
1353 2813
961 626
154 873
1433 1078
1104 4868
1113 852
1309 5486
414 2525
1662 5834
1811 3457
1753 5720
1007 4252
101 1126
449 5696
399 2767
749 3728
935 6018
713 4861
49 234
1175 5097
732 2530
299 420
838 4207
1245 6136
1003 3037
1255 5213
286 37
200 1818
1734 5811
993 1772
1093 735
1449 5745
73 1
253 2285
98 1104
674 5175
624 1381
1014 5558
1460 2484
1101 1625
1066 3533
210 839
1143 2530
1197 6446
429 1443
695 2343
761 2954
988 235
447 320
547 606
491 2548
890 3750
967 5222
47 619
1162 3380
1083 5636
263 5093
42 3040
1475 3714
1508 5618
1195 1353
8 1563
532 1657
36 420
280 718
1078 4778
614 3039
1822 490
1000 4388
1569 6003
910 5850
475 4139
646 103
639 1711
688 2406
574 179
1589 1103
854 3067
794 3240
1604 6167
617 3852
620 6033
462 2679
705 3592
621 3932
956 4162
751 2463
426 4251
1806 3560
150 3310
1186 4798
644 1676
1299 6448
813 5999
1480 1172
573 1928
97 959
404 3225
594 4107
648 4716
1367 4334
1152 6524
27 3166
186 5989
1622 5073
1601 5300
1769 6211
1532 3165
1579 1960
965 1103
412 5429
1421 2839
1369 3179
569 3409
561 3993
1520 5566
919 6510
1573 6037
438 4866
1490 3840
1037 4291
1059 3497
587 5275
1447 4951
943 4980
748 5535
297 709
1615 6594
510 6235
1820 5946
1535 4749
1824 1995
1553 2552
223 1134
261 2365
857 3460
307 870
880 6197
314 2011
526 482
1547 5669
1423 6172
1580 1222
1174 4702
323 818
20 3314
1756 5767
538 2144
1474 1884
1378 6447
205 2264
1328 6447
1336 6218
309 482
269 13
544 1103
744 879
684 735
1061 3287
58 1113
548 2808
736 3632
1758 5623
1450 1270
1505 6098
254 122
595 1913
642 6073
712 6155
912 4983
1707 1455
474 865
711 6505
1366 1103
153 1417
1413 5758
752 3073
1119 3540
138 3777
1015 1855
332 6530
1710 6554
1091 5033
1346 4850
1134 4115
636 1618
1072 676
432 2729
213 2073
1781 6024
625 6109
1184 5900
1148 2656
189 611
1185 3291
162 904
1497 4522
379 805
710 5591
850 6610
1019 4438
1291 6192
1678 2510
198 2125
958 2628
279 5527
804 1924
990 6039
1681 2510
1342 4142
1169 4108
582 5083
1592 5178
906 288
589 1043
265 2427
1147 868
396 3654
597 735
660 2445
1736 6583
1692 6381
0 361
444 2468
1503 6430
339 5185
1657 5398
174 4059
1005 3399
146 983
1754 6294
604 5351
1279 1674
1087 192
535 2376
576 3375
359 1109
1831 3103
1818 780
413 2902
1006 3616
109 4107
75 1599
403 3181
1069 6318
388 5832
421 6446
1071 3396
680 1555
133 884
606 5113
957 164
1051 1433
1045 2879
1581 6149
1217 4861
1380 3499
116 1563
1640 2827
1250 6485
469 5792
59 6109
504 6567
1362 5339
119 917
647 4097
202 678
1350 4367
543 2144
1506 3248
483 6038
1775 4358
542 5337
1619 4580
1697 5291
303 6092
1828 3204
1541 5746
1563 2689
945 4682
325 718
1599 1393
983 4197
1773 4406
1200 4008
1489 4668
679 1138
1836 6569
1511 5785
1834 3929
1095 1625
358 6136
641 217
1417 5558
326 897
1126 1756
1080 2355
1360 3398
876 6106
622 2427
1507 4604
1612 13
997 3718
1271 2827
1011 4174
1414 6250
428 4873
1538 2239
1120 3778
1242 1206
1804 4382
1097 4728
1161 1440
671 687
588 6317
160 5964
1488 6417
1555 5799
968 472
16 5363
85 1273
1193 4348
1571 5747
1020 2428
1682 5952
313 4861
1478 306
1017 6176
1446 1271
88 2395
1716 5378
460 3599
1529 4516
90 702
1070 676
1483 6500
1009 5758
192 798
1233 4716
1832 2362
248 581
163 2344
1313 4278
790 6530
54 3018
769 2883
184 4633
999 4540
722 2995
1482 3009
319 4845
1188 5172
820 3515
1153 3159
1826 5557
190 4330
1182 1656
950 5365
505 3858
1064 217
698 3651
1050 6391
881 5788
151 4184
114 3343
1536 4522
1479 676
38 3060
1504 4498
1470 4575
1794 4463
156 232
15 1139
1041 2085
891 4344
1759 5482
187 192
600 2014
1404 6184
30 4578
1356 2971
1027 4888
1283 2040
581 2079
745 4019
1272 2195
327 2033
922 4760
655 2623
1203 2047
931 6448
1010 5622
888 2636
34 5951
837 2080
1056 1138
806 1107
1159 224
251 1453
925 890
507 390
191 5792
1835 4129
954 6547
1102 3309
393 1887
1473 2154
1340 5500
1575 1295
1819 6093
1762 6240
859 2903
773 3291
1032 3497
176 3651
1410 5495
777 4585
1183 3258
1698 3401
1653 6529
287 1273
862 6273
915 6210
653 4701
720 1583
984 4182
335 2463
1348 5759
18 2163
384 4270
461 1775
1666 6210
1177 5142
1827 354
893 6475
1731 234
869 4585
298 3359
1468 1969
739 4559
986 3338
425 6210
966 4189
1683 3352
1246 3252
457 175
1457 1897
678 1488
689 3309
23 1297
1047 3279
701 1472
1515 6082
401 873
1548 4611
1729 2484
1383 6154
947 6510
1677 6414
1543 5926
734 6117
155 2059
1395 3817
699 591
41 2741
104 2956
1701 1863
978 3934
1399 5557
240 3663
1158 2173
817 2722
1108 3248
455 2740
1240 1504
900 2736
902 138
1829 2362
839 2439
1583 5623
1334 1261
1394 2580
778 2459
1042 1793
147 1887
19 1497
1444 4591
259 86
1626 1393
1518 5012
1431 949
1355 255
735 6504
904 513
196 1502
901 2647
1663 5346
1560 13
1049 1493
1303 4396
816 739
1766 6240
1526 5402
1808 6123
851 853
1528 1290
300 694
887 2736
1232 1570
1703 3525
1419 4509
889 5840
1387 5775
1320 2413
158 3650
1533 3160
51 1502
467 1650
238 3573
1722 3021
291 769
503 305
134 1105
951 4953
215 6428
1393 5691
878 3398
1550 3761
942 4682
1813 5224
1018 2125
1156 4765
392 1492
433 4398
140 2732
1381 4174
1379 6057
458 4559
718 2526
1684 2529
534 1456
1252 1155
1706 6466
305 1304
898 5643
659 141
1620 4575
1655 4973
255 976
1659 5416
208 2410
446 4350
1349 6246
488 2413
948 1190
290 2370
389 5655
1215 2696
1396 6386
1107 231
1771 3086
557 172
897 2742
1519 6427
45 5468
1748 5785
663 123
204 432
102 1099
29 884
1389 4868
32 1841
716 4468
717 3796
666 2654
1523 5369
549 3179
1434 6011
1247 4849
1656 6416
1814 5623
1709 5280
550 5746
933 1821
899 4539
1403 5510
860 3067
443 4992
1664 5254
1772 5848
1441 4097
1221 6597
183 2631
1739 1502
411 2127
1717 6293
743 5753
1321 4516
430 3702
1790 5333
1440 4457
289 2640
1300 6472
145 5832
1787 3742
351 3343
693 5358
1714 5689
1324 6601
1577 5719
1116 3698
1607 4461
1285 6211
1086 5754
420 1134
994 4843
1752 5056
1765 6513
1002 2135
456 6603
39 4728
360 4099
1549 4839
185 3858
770 415
694 5719
1123 6354
1668 4530
9 5782
463 2706
1137 3499
1720 1694
721 5557
1747 5776
1405 1154
440 6591
1499 5785
40 4779
434 4657
1723 3491
1647 4980
470 3446
1075 3847
1498 5434
1584 1353
877 3398
152 6036
477 3997
1284 6168
1500 4468
1680 3399
1517 6284
1357 1972
1004 5340
203 2706
1673 1154
439 5241
1286 5466
700 4779
1472 2067
798 1393
667 3532
1639 6237
1310 6239
1750 6253
43 1788
1280 5885
1837 3209
486 3427
1809 4041
949 2743
220 36
1361 2196
681 5754
431 2220
232 5067
410 3796
179 3790
1650 6211
590 4270
1001 1592
35 3079
846 2691
1345 4306
178 2220
1694 6174
651 1545
517 5658
1652 6241
1745 6299
1695 5597
821 1140
886 5840
28 891
168 3371
652 4557
1238 5735
1512 5056
1727 5563
894 5837
1388 1296
959 6462
31 884
602 739
914 6343
416 4603
565 6001
1390 5597
1774 5339
2 591
1325 746
1525 3228
1358 2793
1757 3858
598 3351
591 3777
599 643
811 5440
1467 4661
1112 4601
1785 1054
352 1109
1298 6435
37 1799
33 3156
866 5438
1685 4331
658 2153
1521 5241
1691 3449
25 4527
903 2729
422 3692
969 2753
1306 5332
650 4479
1721 3679
1117 5846
480 2318
1746 6413
1323 518
885 5063
1124 2523
1755 6471
592 3371
873 2903
1749 1351
1671 4341
281 1080
514 1230
409 6343
1241 4424
181 6427
628 2442
1352 5781
1744 323
424 4873
52 611
1617 6200
427 2146
848 6168
1453 3625
892 6272
763 3105
643 132
1522 6426
603 596
1098 2284
1397 6057
1816 4583
423 1908
1761 5574
171 257
1225 5679
173 4929
1624 1290
1524 6457
1810 2183
1455 2705
1724 4919
913 1762
1660 13
1630 4895
960 5679
1815 6377
400 3565
1373 6411
905 5767
1616 5293
1114 3757
665 3331
953 290
496 1418
1235 4446
1391 4733
633 2395
522 2020
