0000.jpg 0009.jpg
833 2714
131 538
376 2714
375 537
132 1406
835 2717
834 1406
374 1406
845 2697
1570 4596
540 2841
828 2697
1024 3151
368 2697
608 3144
1164 3736
809 3820
1588 4640
609 3151
825 3831
364 2802
269 3663
1429 4101
611 3151
1138 3647
1025 3144
766 2724
234 412
1163 4584
1021 4101
765 2724
239 286
1277 2697
1177 4619
755 3739
17 2543
1139 3648
1206 2004
610 3144
1257 3831
1556 4584
515 1159
225 1218
1022 4100
125 2802
737 1135
775 4655
788 500
1641 5068
67 1044
471 1218
257 3151
1635 4692
1223 4670
1023 3154
758 3736
776 2746
523 453
908 1276
729 3647
61 3663
787 579
76 544
294 2383
768 1400
879 2474
1228 3810
789 1919
123 3797
753 5084
1026 3151
1253 4689
1207 719
613 3154
127 2697
242 3663
847 2690
1205 902
799 268
1167 3750
767 2724
826 1440
350 876
1597 2942
738 1360
122 3734
1281 3709
1557 3736
874 2788
1191 2746
244 1194
323 1135
1081 4324
218 461
135 1387
1265 2697
750 2712
762 2722
60 2163
1595 2137
336 1402
324 1133
229 1246
1160 5084
1485 4324
142 1135
1275 2740
253 1133
841 3695
489 461
1333 4785
464 2270
1689 4054
784 597
481 3806
801 3806
1170 4594
830 3695
365 1440
1256 4552
795 37
1377 3422
79 321
1596 1044
231 1181
458 756
197 3493
1208 673
1264 3839
519 124
1648 3709
1566 5062
1670 4785
842 3710
80 321
1293 4039
1642 5054
810 1311
802 2393
1229 1311
682 293
1583 4643
1800 1044
683 3465
136 1388
1147 1135
369 2710
276 266
68 1276
704 2416
1258 1440
124 3797
329 1153
1180 4596
315 2326
1224 2119
148 2382
1273 3734
199 836
674 4645
1658 2905
1282 2690
499 121
832 3693
805 1303
757 3735
227 2339
1079 4324
502 2339
657 659
746 1919
347 1153
436 485
792 2597
1175 3721
247 3339
1578 4597
307 1334
619 1214
468 265
1591 961
1737 4889
827 4693
331 1436
1202 994
346 1265
1628 5128
1527 4335
506 909
1631 4691
62 129
82 2163
268 2339
256 51
498 2372
105 355
578 1540
1278 3695
1234 3817
511 1246
1276 3710
730 3651
398 1371
979 601
1243 3707
639 3331
861 2788
48 489
1374 4054
1629 3837
840 3714
1567 3613
201 3806
448 1312
957 2313
1067 1611
640 2791
1012 2339
513 461
382 2690
1603 4538
133 1444
1133 4516
1375 1044
1039 2424
844 2697
1074 2323
459 1318
188 407
1531 4512
749 1135
373 3693
1044 2475
605 237
1297 4039
1430 4099
921 5062
1171 3753
1244 1020
1036 1214
575 3025
533 354
26 1111
508 324
1712 4735
454 493
226 292
380 864
394 2382
1000 3950
648 1431
637 4980
316 1268
1304 4055
1094 4360
1176 5089
233 129
487 493
1559 4600
1266 2721
1162 4603
527 2356
994 3937
1140 5014
348 1265
1400 4753
645 847
1587 1577
334 2339
1457 3060
7 1438
1219 4708
1409 2888
217 1285
273 290
308 280
108 3779
129 1387
1576 4601
219 4076
1336 4785
237 2696
938 217
1150 2382
3 479
146 1135
1633 5088
333 3779
1204 961
271 1401
1582 5095
69 1234
100 1334
1784 4574
1043 218
216 245
1501 4962
408 645
563 617
562 2181
230 435
939 435
1099 3354
366 2804
1028 4115
1585 3130
355 3819
1725 4341
896 217
545 2913
1125 4312
1407 4708
84 1330
1053 2128
1339 5080
112 239
1463 2371
106 3734
849 2382
134 3840
638 2128
1634 1415
1259 2806
1233 2431
387 1166
1198 3744
1046 1044
1702 3296
615 4115
706 1182
1422 3886
1187 1411
1572 4589
616 1265
126 795
10 1443
144 1372
1438 3422
1619 4556
288 3599
445 3814
1565 5086
501 2967
1365 4245
1740 3125
4 2701
1465 3172
668 2323
724 2543
932 33
1106 579
6 1135
1817 3837
120 551
696 579
363 3797
1605 1577
1594 1719
478 1583
618 909
974 4922
372 1387
1268 4542
1155 673
274 2037
175 5
1218 3178
1157 2382
1803 2820
588 2969
814 2793
1165 4573
944 4806
1370 3894
539 2438
770 4644
529 2825
1466 1798
808 2808
66 2800
538 283
855 1328
916 2009
1060 1798
1679 4204
1726 3060
103 3695
1833 5079
1445 264
1398 4806
476 748
1261 4648
370 423
497 1319
212 1583
1141 1286
1661 4806
1795 959
1289 4001
1573 5093
1385 4387
1190 1286
1433 2647
752 78
1534 4517
1420 4719
236 2438
77 233
573 1625
1667 4437
149 282
5 1166
1386 4708
1598 1044
1760 3987
1166 3729
1718 4122
1082 4317
655 2153
1584 4610
344 1131
279 3412
1505 4252
996 4026
566 1139
252 1186
1065 2423
1251 4901
719 3594
985 106
1699 4753
1796 3233
1782 5074
1686 4048
1214 1286
1636 3710
235 1163
1732 1569
1645 2780
479 2667
975 4054
962 1044
1542 2574
1110 1846
1196 1527
537 280
64 545
1316 3598
995 4039
338 1133
1294 4708
1404 4088
1759 4901
587 1206
992 3928
1287 4001
317 2544
1563 2972
1801 547
1778 3523
421 4430
1227 1919
634 961
246 638
585 2543
641 3752
1309 4946
1260 1440
472 819
330 590
1610 3304
200 4306
558 4946
1317 3422
601 441
917 1757
554 4550
1719 3915
1127 3496
1490 4550
1510 1846
1568 4595
1095 3562
1589 458
353 2186
221 910
924 2596
1823 1749
572 2255
1305 1926
1768 3748
1262 3768
1509 4942
166 3341
118 1533
345 83
1016 1104
1326 1764
1142 3562
1569 4595
723 3595
161 4933
110 83
631 1401
1711 2888
906 875
362 2690
680 1895
490 2545
504 4757
1554 3635
437 2431
303 591
1476 1980
228 1279
564 2226
1130 3607
1418 3615
1820 4545
1579 2289
624 714
275 427
982 5080
320 536
452 241
1825 1973
1008 4447
1551 4499
1084 162
556 2620
495 1579
678 4351
1033 3615
1068 2004
1301 4055
1705 2255
691 2131
177 4335
662 3599
1644 3759
1322 987
314 5131
354 1433
1135 4354
672 797
1269 4547
1454 3060
756 4566
11 15
920 600
22 3594
1733 4245
1504 4630
385 4686
1602 4595
1708 1683
1618 4589
1654 4055
1456 4052
1792 2820
12 59
1437 797
258 1246
807 529
377 2744
1722 4771
1698 4264
699 2094
407 1144
1791 3842
390 4899
1014 4433
1231 4650
1464 3915
482 1279
137 1418
87 981
206 480
18 910
1152 5055
1452 2609
1537 2885
1555 4499
1830 1970
524 1138
111 517
1380 3418
800 441
612 1186
1376 4901
163 524
1637 4204
1713 3155
500 2949
977 2881
591 3273
673 2266
1443 3155
1738 3155
224 558
1172 4595
322 559
1798 4806
1468 3336
1831 3828
141 2553
485 1514
1327 3539
311 216
72 470
1048 2290
1030 2046
530 37
1337 4461
1606 2994
98 460
838 114
1649 2903
1818 4687
512 1224
63 1062
484 3687
1770 4605
526 1431
1362 5056
115 355
1530 3647
780 1448
251 2312
1089 1856
1552 4499
293 932
1793 943
1704 3903
525 2793
774 4979
779 2367
1406 2270
907 2620
65 393
647 2758
596 811
1541 3406
560 4576
1121 602
797 1388
1643 2157
211 236
70 1043
1222 2994
1700 2878
439 5064
1684 2299
1034 1264
937 1658
1178 4596
701 1262
547 2034
1592 3778
1743 3471
583 4252
1194 2984
1290 1690
586 987
1330 1523
138 1444
1399 3279
553 1044
742 2339
1270 1442
1608 3844
1111 4317
1 543
349 470
342 4572
50 1772
934 4735
1495 4366
1824 1415
824 129
78 1401
594 3794
356 3735
153 2562
20 671
532 2553
582 2126
113 470
1590 2325
1432 5001
971 4048
1371 4885
1715 3886
1822 2184
1469 5061
880 4002
1017 4334
708 3374
1368 5062
1159 78
371 1356
341 3744
1122 5128
71 1237
1786 1569
1299 4002
1392 1620
919 4735
536 512
1507 2827
786 1131
597 3339
933 1711
981 3749
551 4886
1687 2714
1013 3030
623 2672
1118 3556
1341 2266
626 1420
1307 5064
1395 4006
871 4001
1263 2714
676 182
936 480
1145 5031
81 2754
669 3415
930 1910
414 4445
927 1162
1144 2289
1128 1883
711 4614
1149 1542
831 966
438 2218
722 4059
1354 4366
661 1737
1073 3440
1158 2382
1101 4293
157 3594
1564 5086
249 2170
593 3116
245 1395
687 4550
931 4757
1696 1745
287 181
1604 3343
649 3383
486 4247
686 592
1560 2631
1318 4735
1546 3539
546 3663
707 1800
1076 1724
703 5031
1481 3390
21 2543
1416 3951
734 4426
243 2620
544 291
692 1793
204 4926
1425 4524
1226 2504
1811 4611
740 267
983 791
1547 3591
771 1804
764 825
1779 5074
339 4478
1151 3203
1669 4026
852 4027
929 1232
442 1244
1213 1701
1459 4341
1015 4444
1783 2909
2 484
1351 3209
450 1856
492 2696
1436 4918
1486 4317
1032 3361
381 355
577 3455
1335 4795
406 2788
261 533
167 645
53 2135
728 962
781 3744
857 1851
1471 1892
1195 4650
963 1910
285 981
214 1279
1458 4120
1174 1431
1192 4643
1460 2783
1665 4751
856 1465
1093 2758
210 641
1105 597
926 4741
1132 4673
405 607
783 2349
1797 943
97 321
1292 4984
435 4013
172 121
804 2814
829 1356
715 2294
822 2684
1109 1121
1807 3890
174 4151
732 1471
1136 1148
1120 1618
207 4378
688 2741
325 50
306 2723
1834 5088
283 2636
1408 4055
697 2466
1442 4105
335 2382
1451 4120
864 4929
1267 966
75 176
759 521
299 2466
853 1892
884 3026
267 1420
813 3735
940 2987
714 2326
1836 5098
1220 661
1401 1873
128 233
432 2572
946 1985
735 5045
27 704
731 1260
101 50
116 3735
1054 2174
589 1307
1364 4055
1091 3396
606 1459
1296 4933
882 4806
1600 2222
1295 2837
1730 1475
494 1490
531 3574
1780 5072
741 2269
1378 4885
1544 2582
1035 4735
1728 4448
666 3601
1342 2707
1516 3293
418 2133
378 4698
58 1044
1421 3416
1131 4479
1821 5068
958 2875
1143 1471
1599 3343
1514 1901
89 181
343 314
446 4806
947 4492
1052 4998
1427 3915
1088 1701
1536 3615
433 4049
1672 4797
1288 5057
304 2290
250 936
760 2382
1211 3675
56 2163
1574 3031
119 2884
396 2436
571 4464
552 4538
1614 4428
1424 2820
883 1782
86 1398
984 4473
1203 1252
9 4407
1274 894
14 4391
1448 3199
1363 1044
266 54
1775 5027
747 3245
238 1411
604 3335
321 1551
1434 3361
1808 2223
872 3982
782 587
1197 4479
941 618
675 3602
1394 3025
1626 1495
1329 4984
1096 3499
923 2004
1031 594
836 894
1435 1492
1611 626
164 1851
664 2207
1693 3856
684 2758
1010 3596
270 3330
280 140
1045 996
284 1398
401 117
1767 3155
1019 3335
117 3735
318 3669
965 291
542 4878
1758 4889
1291 2942
295 1478
193 258
1461 4245
1410 4909
1090 2851
653 1313
509 5061
8 1026
1439 4594
1179 3999
595 1078
1511 4382
326 2402
399 1798
286 3659
1319 1545
777 1812
415 2949
1781 4596
383 1893
555 3890
1683 2299
1676 4659
507 1014
29 3329
1678 3844
839 2814
1349 5115
976 974
970 2043
1379 5121
1343 3598
1558 1946
1681 3844
392 2564
1153 3245
1411 3383
1499 4964
1173 1917
1752 4964
1586 4479
1519 4982
1449 3791
45 4907
1581 4564
1083 4550
298 293
194 1772
875 4430
413 645
198 355
96 2475
259 502
1247 2742
1216 4729
681 3648
617 1163
1473 4650
1239 3825
165 3434
968 2034
1553 2611
973 4886
520 4851
300 1201
1707 1724
1622 4611
1230 295
991 1064
59 108
793 3661
702 503
574 261
635 1299
248 261
95 1300
918 5061
1113 5085
1483 3184
1353 4221
1384 627
772 3780
935 4573
49 1772
744 333
170 2949
143 3272
584 2113
1115 1532
36 193
1018 4899
1415 702
1369 2043
46 2245
1077 5061
518 86
865 1020
1063 4293
1123 3050
1517 2920
796 3296
192 1135
1777 5073
1092 3401
516 2696
1754 4159
885 1863
340 182
1414 3360
1338 3598
121 2702
748 3356
862 4738
1272 2768
254 1984
1314 1636
1061 4549
74 1405
1350 4120
466 3284
1107 1783
1387 3418
154 15
1308 2942
1806 4866
851 819
493 1161
677 3939
751 2342
469 4889
1200 83
773 3596
909 1910
567 819
150 734
1146 3615
310 2309
1772 3976
870 3943
569 2979
1735 3651
24 2292
972 4494
1103 4217
600 769
535 1388
1540 2294
1009 2778
1764 3940
1426 4217
389 2842
625 3731
1827 1749
1413 4252
1104 4412
709 1065
109 2129
998 2206
1236 2750
739 2562
1621 2000
426 4764
980 4803
328 333
88 181
1100 4294
130 348
503 2131
1087 133
395 3054
73 1043
182 3951
988 811
910 4002
15 546
1423 1501
1550 2668
863 3988
550 4951
1615 5121
761 4619
656 2636
449 4447
897 4026
483 3876
1402 4314
1776 4469
987 3615
92 546
1675 4768
90 176
54 1227
1688 2717
55 31
404 1851
0 460
312 2169
169 2292
1502 4348
576 2748
510 1658
948 2956
1497 3410
961 898
1756 3834
1209 2518
1799 3097
1580 2133
1706 3107
47 1244
888 4806
1313 5002
265 2821
630 1580
580 4595
352 355
967 4013
1240 977
1773 3583
636 1034
695 3424
1632 5102
1794 5090
1312 2052
902 4293
1593 2630
607 1612
627 109
868 2133
1412 2964
361 355
993 1963
559 2988
1184 2289
819 161
816 40
1750 4983
1366 2438
955 1883
952 4620
1503 4972
260 780
1020 3374
1182 1749
1462 3466
1347 4013
1189 4142
785 536
1154 4346
803 2058
1819 3831
42 3494
670 1917
386 4379
1828 446
869 1775
1078 4742
1058 2991
419 4919
107 3541
277 2173
1042 463
1237 1564
713 2636
1577 3385
83 2163
727 2873
1382 4783
1332 4026
823 109
30 2164
1532 3028
292 251
57 1438
183 3494
654 2893
997 112
1311 3916
964 2390
1697 3853
700 633
1372 4685
1005 4044
1186 4979
351 2884
332 5054
890 2409
891 3988
1302 728
736 2150
1148 2935
1477 3531
1657 5080
302 311
102 300
1007 2964
710 1450
232 637
451 703
712 3819
1112 4279
1056 2017
1652 4942
462 1679
943 4638
1753 4903
1609 3092
491 1003
209 1772
460 4306
790 4560
1720 2432
403 3033
528 3853
778 2758
812 4429
843 2884
599 19
1575 192
858 4755
1757 4756
873 1685
155 3301
978 4091
1765 4851
461 4577
894 756
91 1290
1185 4084
942 1658
733 2455
34 4557
1571 1564
289 1060
1066 2374
189 1772
1334 1711
887 692
1729 3466
282 2893
1389 2127
40 3345
1478 1344
296 89
517 1676
1310 4543
425 4886
180 2407
1450 3145
99 5
570 1085
428 3301
1812 4847
534 2250
1403 4067
359 4250
1428 3810
94 1135
417 2930
1181 3766
187 675
548 4023
1766 3985
240 4974
313 2374
754 3356
1254 2802
1358 2347
384 4992
1545 3567
1331 2503
876 3987
698 2466
1069 4650
1484 5116
402 722
1690 3865
1751 4127
1212 2923
1763 5047
685 627
716 3101
16 4521
1248 3468
156 1762
1038 3023
1117 2920
1283 2903
1539 4048
104 1391
1238 3811
1543 4543
1741 1879
1520 4848
1001 4067
1548 3387
441 4566
1498 3724
1470 1872
1201 4148
1710 2798
1601 3848
867 3043
1749 4955
1188 2338
85 251
644 3147
877 1057
1826 4204
521 360
1360 2195
474 973
568 1395
412 3046
1134 3028
1051 3983
1396 1874
337 300
1250 2747
1279 1066
1446 1241
743 441
176 1666
430 5093
1245 4649
159 2544
139 834
1315 1669
1467 2649
629 559
1098 2300
900 1675
1745 3085
1771 3963
725 3989
1006 4909
319 1165
915 706
951 3006
1762 4820
290 5128
1736 3845
999 4108
1064 2259
945 685
543 286
815 2131
1027 2150
160 5002
1355 3971
475 2448
208 3663
989 4464
429 3561
1080 1121
956 3887
473 2949
465 1014
1129 3300
1787 3227
646 4580
1255 4696
1515 4685
1325 987
659 2756
1761 4820
1357 711
38 2407
93 546
1744 1759
455 1685
954 1295
726 3836
443 4242
514 5050
1161 2505
158 752
1529 4109
1731 4955
467 1917
1496 2124
986 4255
191 1700
1716 2963
1169 1014
309 2784
1086 3648
1508 4756
1638 5068
837 4034
41 1748
914 358
990 4447
1029 2478
379 1146
241 207
1062 2340
1655 3598
397 4899
367 2714
1662 4488
456 2998
1613 4706
717 2541
614 1991
114 343
1651 4001
1664 2991
622 9
541 863
388 3539
950 1984
590 4992
1359 1706
1393 4753
1246 3468
889 4049
949 2985
1492 4380
881 4393
1055 2974
1252 2767
928 1003
679 3332
1525 4988
1487 1658
1346 2268
1526 2933
262 1334
642 3038
152 831
1813 2210
966 2839
1345 3631
1328 2842
1482 1879
420 237
663 2143
721 3295
1789 4351
19 41
213 4677
1755 3925
718 1467
358 629
866 3570
1538 1283
1381 1650
1562 2958
1488 4365
581 1490
1832 2074
1323 1966
1383 4238
911 4447
579 334
1441 2784
1727 3436
1215 4543
291 1112
1494 2463
901 996
1500 4059
1003 103
818 3096
667 2388
1390 4965
39 1258
1126 2279
1523 2203
1071 2207
660 2143
1747 4365
671 1165
1199 4649
23 2463
31 2911
1695 4399
893 5012
185 1244
1748 4960
186 2326
1183 3460
195 125
1607 3092
1041 570
848 4905
1714 1863
878 1057
1431 1286
859 4929
1734 577
1340 4287
1788 3227
705 480
1677 4486
1506 1682
327 4561
25 755
1666 4806
1002 4570
1660 5108
811 4066
1742 4127
886 4536
505 577
13 3007
427 1572
1513 3233
1790 4473
470 4774
1709 4206
1050 1432
689 3149
1680 1706
1417 2632
151 1026
1472 90
652 3353
1668 4109
817 4080
447 2703
1474 1937
745 4195
1829 2074
301 2466
1805 2869
1352 117
1535 3070
1232 1943
561 1421
1059 1968
1561 4417
1085 1980
1306 5032
1011 2820
720 945
658 1151
922 4283
1168 1640
1721 2258
1640 4952
1447 4447
1102 4430
1097 790
1070 136
1522 2920
357 2062
794 4365
1663 3930
51 150
1280 4677
140 5098
549 392
1493 1658
1249 1775
391 4899
1673 1658
202 998
393 559
1627 3881
693 1653
203 683
1388 1551
899 996
1656 4999
184 2532
798 3345
1419 4348
1694 3846
1703 1815
1723 3494
1620 4872
912 2067
488 1426
1625 5079
1674 2928
1630 4789
162 1263
1671 4643
1356 1864
1193 2811
1815 3881
1242 4175
651 137
255 147
898 4002
1549 1166
1612 2869
1717 2555
1802 3834
453 125
969 3838
222 394
440 675
1739 2093
147 559
1647 4485
769 1749
1057 4543
434 1675
632 1784
1701 4437
457 1444
903 5032
598 460
360 1358
1108 1682
52 41
1303 2869
565 203
1659 4019
28 203
173 4361
1119 5131
1453 3226
1344 4685
1691 4048
1221 4060
278 3392
1397 3928
145 2925
215 4927
1324 4677
806 2041
1241 774
1373 4840
1075 3626
179 3526
1405 4314
690 992
1320 2770
32 88
1004 3923
1489 4984
763 5028
1646 1260
1479 3626
410 4318
1047 2046
1653 4947
1049 1027
1210 1349
35 4904
1300 4994
1072 986
190 4007
196 1208
1528 1575
1124 651
37 101
1348 4419
620 1412
1156 2256
1809 5124
1518 1744
220 2822
1284 4875
1769 4028
223 3367
423 2505
1692 4756
1491 4365
1137 2309
297 301
422 3978
1217 1238
557 1220
1321 2931
1480 3819
496 5105
411 2509
1804 3092
820 2876
854 3163
1785 4866
1746 5006
821 1444
44 1678
643 2142
1650 2970
1440 4096
592 2509
1037 1412
424 4802
694 4789
1623 594
416 4234
263 533
1774 5025
1298 4221
1475 2301
305 1533
1837 3206
1816 2045
850 2928
650 3144
281 1359
1521 2832
1835 900
1285 1683
264 2086
1040 2086
1444 2509
1814 4068
665 3224
1116 3251
960 1087
628 3893
205 3107
846 1977
43 1787
477 270
168 3362
1533 3824
791 3709
953 629
1617 4476
895 1444
925 1000
1639 4889
621 2086
1114 1498
633 2305
1367 4955
1271 4934
272 747
1685 3977
178 1356
1724 3226
603 705
860 3163
1616 5022
892 1820
1286 2707
409 721
431 780
1512 2094
480 996
602 1280
522 2318
1624 3227
181 692
1524 5056
1361 942
905 4955
904 1955
1455 2769
1810 1638
33 4283
1225 4261
444 2551
1391 4645
1235 4261
959 4845
400 3174
463 125
171 1720
1682 4733
913 4496
