0001.jpg 0004.jpg
927 319
410 322
397 313
121 80
133 85
941 804
939 327
1451 1314
119 78
932 803
920 1318
132 87
929 67
400 311
1891 1818
2121 2116
408 321
395 309
923 316
937 325
1449 1310
401 316
134 89
1471 1330
1450 1312
2057 2017
922 793
1209 1031
710 519
128 84
2099 2089
1086 1353
1454 1315
1228 1514
943 328
1985 1921
129 320
1184 1478
1618 1868
1359 1700
1902 1827
657 876
2056 2014
864 716
1692 1031
661 883
1607 1414
1399 1258
1901 1826
1453 1318
1642 1909
1904 1334
1786 1195
1474 1827
1457 1320
1788 1679
1893 1822
1455 793
831 672
903 1792
1369 1221
707 484
1402 1259
921 314
1109 914
1197 1000
122 87
1091 866
860 708
1367 1706
1579 1375
1077 846
265 139
2104 2110
1896 1824
399 88
1175 1906
416 89
1377 1222
1385 1238
1087 388
1428 1797
647 914
852 693
1545 1357
809 647
1886 1818
1345 1195
832 673
366 280
1190 1496
1599 1381
792 625
1656 1914
1840 1258
1951 1375
853 1197
2124 2117
1214 1004
2032 1990
1885 1319
1162 1454
1139 1382
1802 1700
1652 1905
1346 1678
677 455
817 1631
722 568
1654 1458
1548 1363
664 445
1463 2128
300 1025
391 78
835 675
1134 1403
2120 2130
1817 1712
1118 1868
1882 1814
276 458
105 674
715 527
1825 1719
871 1222
745 557
1298 1134
1890 2128
867 728
1789 1680
1223 582
101 1329
1841 1259
1775 2015
1286 1595
1798 1687
1046 1363
1433 1316
340 259
942 328
663 888
857 700
1701 1520
1383 1237
1994 1925
1997 1929
737 1023
1584 1361
1403 1748
1293 1607
868 1220
1464 1840
1320 1157
893 1287
1236 1051
1763 1634
1472 1329
263 445
135 93
1159 1450
816 655
405 340
843 1190
765 1068
889 760
104 100
1306 1140
639 859
1119 1395
823 1171
553 361
650 853
1317 1626
2103 2109
2118 2111
1766 1642
1245 1574
1333 1656
847 1671
1363 1219
1361 1202
1196 972
1411 1287
1191 1495
844 1669
805 645
358 688
1420 1267
1791 2041
863 715
842 1663
1198 1494
1892 1840
633 1355
394 63
742 555
577 370
320 228
1127 1411
866 1220
319 226
1770 2011
658 404
2046 2000
859 1203
1357 1213
1932 1853
1316 1152
861 1202
1380 1713
338 1136
1760 1152
125 1345
1326 2010
810 648
1794 1676
797 1140
279 146
1889 2131
1764 1636
1342 1674
1811 1212
1360 1696
873 1227
1963 1862
1797 1686
1389 1238
1465 674
1354 1196
1459 688
1774 2016
1365 1212
1376 1712
846 1670
1172 1473
398 327
106 266
467 1977
305 562
1100 1414
1362 1702
688 458
1352 2041
739 1014
1429 1798
1161 1453
2070 2044
1991 1934
1156 905
1272 1575
1856 1792
1830 1732
354 675
1358 1707
1278 1097
1460 1344
1776 2015
1972 1877
2112 2105
283 159
747 1025
1208 1534
879 1238
794 246
1121 443
1860 2097
746 1016
1263 1088
748 1026
102 667
337 1139
347 687
904 1793
1330 2012
103 64
343 666
251 523
1163 928
1757 1147
1674 1478
806 1136
1259 1076
318 225
1166 1458
785 1108
120 97
1425 1292
764 1083
926 340
1935 1852
1217 1526
1695 1013
1719 1075
1322 1639
1729 1588
1689 1404
681 450
799 1132
1145 1405
407 320
1276 1600
1300 1132
1753 1607
1353 1204
629 523
743 997
1648 1447
1462 1842
1224 997
311 1083
930 322
1424 1797
402 265
2101 1772
702 950
99 44
1732 1584
1861 1766
1374 1224
1636 1911
1160 1451
2009 1950
2119 2128
1752 1606
1696 1004
1773 1652
1761 1630
333 562
723 552
80 35
841 688
1801 1696
637 423
353 823
344 1328
2069 2047
2114 2108
796 1134
716 621
1702 1524
1865 1812
1960 1457
1658 1377
312 1068
2117 1835
1132 1400
801 255
1649 1899
940 326
1600 1457
1781 2019
1806 1704
870 1224
1299 645
1356 1203
1390 1727
342 1171
795 1022
1368 1708
931 1845
1809 1700
339 641
2007 1945
361 685
1332 1655
620 850
270 418
1743 1988
386 335
2084 2060
254 423
1338 1670
1158 1448
2044 1995
1643 1889
1800 2045
807 1137
1347 1683
928 1845
1651 1451
662 1400
1810 2052
759 590
1458 1835
356 341
1747 1995
1461 1340
1205 972
888 1266
773 606
260 875
628 354
1833 1241
2077 2049
1407 1270
819 1639
1659 1916
357 1330
281 467
2067 2032
1210 1013
84 8
798 256
573 347
67 43
1846 1270
1090 840
2080 2048
262 109
222 612
286 1504
2078 2049
1631 1879
348 682
90 467
1305 1140
1528 932
308 590
1311 1136
1745 1107
91 177
409 1839
131 331
1452 1311
1668 1853
68 0
1466 1841
919 1336
1165 927
751 1041
1628 1422
2065 2042
46 406
364 688
92 516
1092 389
1177 1469
2003 432
700 950
1183 950
245 835
2040 1988
1487 1979
2072 2038
341 258
1601 1254
285 161
1641 1895
1740 1110
1178 1476
1728 1977
403 1340
1249 590
1469 323
908 1316
1591 1861
1612 914
1958 1858
1961 1860
372 288
818 1161
359 1832
711 431
1981 932
1479 1979
1792 2049
1289 1118
2005 1939
1269 1577
972 2017
1772 2012
411 78
1321 1638
1494 1866
2031 1983
1895 334
1866 1774
744 1533
1877 1803
1639 1912
351 669
497 406
2082 2037
777 610
780 1097
329 1260
1949 1361
1883 1829
1725 1069
925 1340
1749 626
1440 907
656 408
1661 1920
1441 907
2092 276
756 587
302 555
588 113
2008 1945
1803 1703
1404 768
1554 781
1401 63
1282 1596
130 1342
1491 1990
1200 1499
970 1652
335 555
1680 1492
2123 2127
1303 643
828 1651
1818 1222
95 48
755 1052
1822 1712
1758 2001
1543 1854
1255 1076
1281 1107
1262 603
1350 2035
2049 2001
1297 1127
1609 1862
725 532
1785 1677
1819 1223
1843 63
790 625
714 1504
1724 1076
1602 1860
1771 2014
336 252
1296 1609
1731 1984
1379 1719
388 835
1530 932
1670 1912
614 361
1684 886
1685 1939
51 403
821 2114
1364 1704
1796 2048
414 331
1930 853
1516 1409
713 493
274 465
718 966
1503 376
1291 1433
1622 1886
298 190
299 986
811 650
1213 532
1769 2010
1093 1860
1468 279
1905 1894
1195 886
2030 1981
643 1786
808 1150
362 1837
1082 932
309 175
829 1653
294 177
256 200
802 1130
644 200
712 485
1604 1860
1852 1804
778 611
627 441
2105 2110
1682 886
1106 1862
825 1646
1153 952
836 1180
1850 1274
1410 1812
1315 650
824 1266
415 331
1335 2023
2079 2048
1510 1854
1048 1937
1081 23
1664 1476
1222 251
1020 1912
1141 1399
1062 775
2073 2038
1415 1804
418 107
157 1571
803 1138
2025 1973
1323 1169
918 251
634 386
406 280
431 1791
450 1224
833 1818
413 329
1859 1785
692 149
1870 907
648 1371
1565 1803
1094 841
1024 1550
1029 1894
1176 1476
2076 2049
1283 1605
2015 1957
1820 1715
1988 1503
287 158
1194 528
1251 1081
1290 1605
1486 2075
1189 1492
1267 484
83 339
1844 1912
273 35
1593 1858
315 1520
1339 1836
1218 1524
2066 1559
876 1266
1793 1680
1238 1058
249 1734
2051 2104
959 441
845 1836
60 145
1828 2006
862 1085
595 288
962 1250
1646 1850
1675 1490
730 1550
239 768
1128 1151
1232 1017
365 1618
2083 2055
1076 1898
619 376
741 563
363 1668
727 1006
1107 1148
1391 1724
1349 2034
257 1148
1 95
23 1069
1748 1608
1480 1468
2022 1552
1057 113
461 1977
605 1270
877 617
1237 1056
902 94
1114 394
2017 1965
1313 1155
997 920
207 406
590 1757
917 810
2061 2019
1386 747
1314 1159
250 822
4 236
1340 693
981 696
1922 2039
1705 1527
1804 1701
112 496
705 1305
1083 1836
268 1836
272 427
1430 1794
2039 1991
1126 1558
383 331
1502 1989
1711 447
1438 1779
584 113
1827 1111
839 1651
57 909
1672 1911
1497 917
1492 917
513 2039
552 1550
1589 1866
334 256
894 1274
2085 2060
2122 2114
1777 2015
371 768
1446 1306
229 361
491 1355
924 1337
1862 1774
275 1181
1959 1858
1149 628
562 2063
865 1700
1488 1977
1099 1786
1080 434
1858 1053
1413 1274
892 1757
1022 1510
1351 1680
284 961
945 732
609 1966
236 111
1055 770
1594 1371
733 521
617 33
510 706
905 1631
485 895
2041 1991
1945 509
1179 987
813 1630
1384 1016
88 175
1125 1408
1845 1255
1708 1418
607 351
136 107
1120 1408
1574 1355
530 1633
1978 1889
1915 1381
1274 1094
506 1080
1634 1888
1519 1031
706 859
571 696
914 529
1616 394
173 1814
301 199
1304 1130
583 85
1405 139
736 251
622 339
226 1836
761 1068
202 194
288 54
555 1366
1476 1265
1212 1002
328 625
1302 1026
1167 928
2071 2044
282 1305
1996 848
779 1092
708 961
646 1148
384 695
1234 1032
296 30
1481 2066
313 248
2002 1933
1495 1977
1366 1699
96 58
1588 32
1762 1323
1187 1245
670 1836
1439 529
900 810
2059 2016
323 404
1807 2052
1546 2018
1250 1076
683 982
87 475
115 331
1888 1561
396 62
385 32
768 248
2004 1936
2019 1956
85 35
1027 2049
1061 855
1171 937
1006 852
638 1691
307 743
1605 1409
1101 1101
195 912
679 1430
61 242
35 46
2052 1161
352 671
1734 1852
776 193
221 318
1051 113
514 1121
1026 834
935 810
1394 1378
2110 1261
76 822
378 621
1677 879
882 1757
214 1069
1688 925
1779 1662
982 2063
1842 1866
1412 1238
2115 2114
1723 1981
212 462
1954 23
142 1929
1967 1871
1044 696
5 78
8 97
66 35
760 1091
2035 1985
1275 1095
127 158
1164 1456
1266 1580
1686 484
752 1136
404 1340
1706 917
1388 1224
1970 1862
2074 2038
1133 917
1678 2066
971 580
243 39
640 434
521 1467
1704 1524
934 2129
1239 1075
1199 1939
382 344
1529 1375
464 1894
697 970
111 92
667 888
171 124
587 768
2016 1949
1231 1522
1258 1730
1065 324
1154 932
1226 1527
610 250
1151 988
1370 1212
687 1456
1018 696
73 107
566 970
417 344
830 246
345 27
543 696
1741 1991
551 1836
626 589
374 621
947 1040
1946 1766
1073 351
1054 1937
891 497
1799 756
963 2038
126 158
1867 2006
851 1618
827 635
1215 1530
1569 1803
581 1366
113 91
59 84
457 408
580 1934
1993 2063
1813 1212
1015 970
840 1837
611 1279
0 822
1478 1854
2089 1898
117 693
1733 1088
1691 972
883 1526
1918 1852
1566 2079
1715 1973
1484 1852
203 554
1442 496
1070 1824
1532 1866
1050 2063
1613 1392
1939 1977
1068 1083
1869 857
881 497
654 875
1235 1136
1426 1801
604 1824
392 97
1542 580
310 449
709 973
1750 2000
1115 877
1784 2049
468 1977
1714 390
1225 627
1135 1420
1662 1920
349 496
1116 1443
993 2009
16 1136
1572 1355
124 158
1998 1635
1088 394
635 798
977 98
1483 1433
1059 1192
159 1573
235 105
1531 1375
94 67
2075 2042
1052 324
162 1436
369 1
546 832
1716 1406
691 931
64 1319
974 1625
848 108
528 839
486 703
738 627
2048 1606
1559 770
1329 2015
1709 1522
668 1399
1837 1378
1174 946
350 301
1578 905
695 21
698 880
800 1131
557 706
1025 1866
1219 1577
93 502
1754 1136
820 1767
592 1260
1467 1755
519 18
1084 2047
432 1298
1182 959
1146 1421
1583 192
1937 1781
1489 921
1211 1086
586 289
754 1574
1722 1413
1614 1518
1005 1734
563 1436
1422 810
589 288
601 1163
1795 453
952 1273
875 1016
439 451
473 145
321 323
1632 1421
1871 1721
332 251
1990 1920
164 1318
1821 1366
766 1266
538 1561
462 393
642 1504
1328 373
909 433
1431 1807
1742 2075
585 450
21 1318
2027 1973
377 1069
1496 1617
1247 1977
1703 1527
373 175
36 297
1033 706
789 2077
182 2024
1240 1558
699 1836
960 914
826 1836
529 362
901 32
390 308
1312 2037
850 1673
946 307
293 254
1261 1580
2086 1859
368 412
612 361
466 569
2068 670
1619 1406
291 200
261 125
1014 2038
771 631
139 675
1671 886
1713 788
1943 879
880 246
1666 1354
652 973
116 97
793 587
1206 1727
856 1162
2034 1223
673 631
1650 1908
1868 857
2097 1255
266 958
1284 1122
740 1009
1111 1854
1847 1262
621 1734
774 245
680 830
719 22
1009 1405
2 76
459 1977
1603 2047
1248 1088
1535 1399
248 33
526 659
227 209
537 1495
525 1405
1815 1646
1931 1362
815 650
1655 2085
1587 1632
1756 2008
1499 1977
306 1556
954 1750
478 644
1112 980
81 81
1908 229
278 22
1721 1564
1270 283
750 1785
1887 1811
346 318
1064 378
234 1791
1534 1356
1019 1254
267 1399
1028 1413
47 406
458 18
1063 126
781 590
1000 1817
1513 1625
2094 198
890 229
22 245
912 490
950 1571
1737 1987
1265 691
602 110
65 293
669 2058
381 1039
1849 655
791 126
1071 1495
1982 1965
735 1135
854 646
1477 1470
1621 1372
1906 1254
393 97
1203 367
123 85
1738 1992
303 288
219 54
455 1573
193 912
253 230
1537 1730
956 1624
1524 1031
597 331
598 1163
331 620
322 242
1058 787
511 2074
515 81
230 1308
2063 2029
685 497
425 307
1096 1786
988 1762
1547 1691
1406 139
1229 1894
822 27
1564 1555
1509 921
911 428
1595 2066
2028 1973
1085 1289
1633 1865
936 2129
1717 1975
2064 1741
292 568
160 1136
1699 531
1355 2043
899 818
206 696
1923 1376
517 363
878 1472
544 612
676 739
1805 1807
232 15
558 423
1555 552
1782 1179
630 930
1260 229
2093 1255
470 1224
1381 2070
1726 1082
1727 1680
1336 1856
463 260
1279 251
1925 1130
1273 1321
885 1129
1836 970
1241 1559
1790 1692
1681 1977
215 117
1396 1326
2011 1404
1520 1662
1324 373
246 1192
1334 1837
326 1496
436 1590
953 930
967 1989
1180 1285
325 175
454 1983
858 1211
110 93
1409 79
228 231
1201 839
1256 603
423 540
1992 1925
623 1237
208 631
913 764
316 175
1445 810
376 109
269 1315
898 262
1288 1792
1221 1953
494 494
141 570
2021 1773
1485 418
1060 1803
678 829
772 635
1735 1985
721 1054
1216 373
330 1073
1143 1953
213 260
1331 1260
1023 2079
1596 494
701 430
375 262
631 209
682 164
1874 1513
244 250
689 191
77 103
98 85
2020 1921
1419 1957
10 635
2024 833
1392 139
1950 989
161 750
837 1431
71 15
167 403
18 801
1188 1086
616 1281
1637 1435
140 1832
50 1079
2088 775
39 1737
1207 1939
1144 1639
1393 1021
75 820
1693 494
148 2117
89 194
1072 1894
446 335
481 1776
2053 2008
24 648
989 2074
146 1504
1582 1833
693 937
2050 1965
512 1407
703 1278
1089 209
1928 375
1597 870
264 355
1056 967
1069 174
1739 1112
209 41
317 493
782 1836
150 268
1540 914
655 1155
2090 1736
1533 1610
786 728
2001 1949
1013 686
872 440
86 301
2108 2086
74 197
255 503
442 952
2043 1965
37 1166
763 491
192 776
295 241
1037 707
165 581
1220 2043
565 11
1744 1598
1001 1407
1113 1518
549 1912
550 1025
1938 1588
1720 1564
579 113
1697 373
724 241
983 1625
1147 739
360 1837
1271 875
137 95
787 1757
1032 1051
1527 1898
1192 973
674 767
79 230
1243 1565
613 1667
535 204
948 1590
176 493
367 339
1897 494
1580 835
933 657
49 1455
1736 1321
1663 879
1712 1069
1710 1967
2013 1365
304 117
453 2017
1864 1293
1395 934
1418 544
1751 424
1202 613
569 692
1244 1572
690 1760
1325 1837
277 21
541 629
2010 1420
1280 1598
1683 445
231 236
1421 333
1039 580
370 529
1152 2095
33 695
561 260
1623 1421
1435 428
1562 353
13 902
118 344
1337 1836
961 1074
1926 1306
191 900
1952 192
419 1996
990 1356
443 972
1968 1076
568 111
1957 1470
1563 268
1839 1151
72 13
775 245
509 1613
1319 1535
233 1791
1327 197
1512 1911
31 337
1539 759
438 2056
42 145
1956 494
1434 1730
1031 1803
2106 920
560 40
1914 921
252 1260
1979 1207
672 1
955 1186
62 966
82 44
1557 1937
1371 187
1853 1512
804 1139
1204 760
985 894
1667 216
144 8
1812 187
1285 1757
1880 1489
567 51
532 117
729 815
199 81
1416 192
615 1069
1348 2040
2047 1635
1873 2086
58 623
576 286
1012 1031
632 1521
1230 1527
2033 1680
838 738
757 1060
884 1836
2012 1075
107 799
726 1530
78 1260
355 68
169 1052
223 1164
624 113
198 903
1746 1494
421 122
14 1571
2000 1738
114 93
1002 581
1974 1026
964 2012
1110 373
762 779
1170 1582
1436 355
69 2116
554 779
1308 2013
434 420
1264 848
7 8
659 865
48 776
240 1198
109 382
1976 2093
1500 1799
951 1571
1611 1388
327 616
1341 767
52 903
665 355
389 801
505 918
1049 1220
387 401
1521 2095
1816 1050
1924 229
1966 1595
218 234
520 406
1808 1305
1294 1982
380 695
2116 1654
1375 1040
516 1454
593 1049
559 209
1246 587
518 678
1598 589
975 1799
1053 1091
1561 1336
1718 1048
1437 1748
887 63
547 1812
63 60
540 133
949 570
1929 910
1526 1965
30 1094
2014 1075
504 1952
9 2117
987 1952
97 42
1912 1977
536 1561
869 41
994 915
603 792
991 1939
6 234
849 1923
1387 1231
534 692
1947 1712
426 1017
3 412
1835 311
600 294
477 1537
1150 1336
145 409
984 408
1268 1170
220 568
1592 1836
1690 839
1523 378
280 18
1995 1354
1378 781
1707 1730
1934 423
1498 1895
973 1273
596 122
1834 24
15 801
1122 192
427 582
1301 1615
1635 1645
1694 1895
2036 1992
599 113
986 895
1848 2106
897 335
749 1287
1292 905
1973 487
1759 1612
435 2012
1129 982
916 745
32 1052
444 1571
297 233
1876 767
1136 433
428 570
2102 1640
1575 174
1942 2073
56 1508
11 605
216 1054
732 226
441 953
694 22
636 230
237 1850
2054 1406
753 497
675 883
108 799
1536 98
70 1002
1913 1043
483 1578
19 248
1155 1442
1980 2090
653 929
618 2061
1010 1126
472 1407
1629 659
1373 866
175 1912
1444 1280
1098 988
225 44
533 692
1470 115
1482 1038
247 31
731 1206
460 558
855 1340
979 1861
487 1265
1917 2075
186 960
717 1102
1933 986
1030 1261
906 1215
2111 120
1640 2095
734 626
1185 1350
1137 1403
1242 1072
1644 587
895 470
874 463
1148 1645
204 659
469 1578
1879 748
1765 93
34 10
1698 1530
783 126
452 763
2037 1559
183 422
1625 946
1227 817
484 1294
1515 952
548 1288
147 1506
1989 1920
1253 603
271 409
412 470
1400 139
1011 839
666 1637
1448 748
645 1261
531 1478
1999 1949
1078 1779
1700 1365
886 48
501 632
54 403
156 2017
999 1358
1608 1101
958 577
1186 1977
1309 1467
2062 1396
1508 921
1829 791
456 895
1318 1159
1507 1934
259 127
12 615
1257 1925
155 1052
570 431
2113 1050
2042 1500
1103 1349
1034 135
1423 1634
575 105
1872 1728
26 1521
153 2012
1586 1812
1140 946
1042 641
1780 1837
448 268
1552 1138
1787 1836
238 223
1894 1755
564 1185
1043 947
1875 1285
437 1208
1627 1781
499 1580
1343 1618
1021 381
476 51
591 1823
189 353
1909 921
1550 378
1372 619
1130 1367
910 625
2109 1401
1878 1753
1927 773
1157 1761
379 813
966 853
498 1119
1581 1632
224 1636
1941 1887
2026 1975
1233 1773
429 1057
20 10
55 659
1975 1579
2095 1255
433 296
784 2078
1095 893
43 247
1944 1495
2081 1007
138 105
1287 626
489 2072
1124 580
1615 1518
1432 815
1277 1836
1003 1031
1193 844
1617 464
671 670
211 1586
1767 1965
1660 1354
1538 1730
1138 1124
1855 1230
1673 1568
1038 835
1919 1990
1884 1052
1066 1724
1984 175
582 110
258 474
181 1570
1955 312
503 419
1657 2135
2107 697
1382 1684
1971 1372
788 242
53 53
834 1087
1397 1836
496 1882
1173 22
1669 1359
649 127
720 558
527 1586
2098 1255
1568 910
1398 1551
545 1635
1814 619
978 2072
1831 998
995 1391
704 2059
17 969
1104 880
758 589
1541 1372
641 896
1295 1106
1035 439
980 1294
992 1356
1097 930
660 1367
40 1094
242 1281
210 10
1921 1359
1493 610
184 406
1102 1632
1525 1965
241 135
1514 2095
1730 229
1624 1781
651 403
445 1979
522 1612
2045 689
1517 2014
1630 426
1447 1317
170 1146
907 1206
185 895
896 1839
770 283
1898 137
1977 1359
1456 1052
45 900
578 193
1826 414
996 1955
1987 1391
524 558
1962 1254
1851 821
1117 1862
420 1996
1344 1836
915 1750
290 514
767 767
1007 569
1427 1251
480 1092
1252 1775
1142 1574
172 51
1940 2044
1838 440
1074 1314
492 1946
1008 956
27 1228
944 813
1123 943
1504 1955
594 684
154 2012
2087 780
424 751
1067 225
574 246
1936 1399
1969 1695
696 818
1169 821
324 2078
2055 1937
465 1498
500 903
149 1073
1511 1639
1620 580
1783 1618
217 40
447 377
1518 1779
100 77
1570 910
41 2117
968 1766
1983 1789
1473 9
1408 2091
143 570
451 894
289 234
1079 859
1551 1212
1903 9
1626 151
2006 1766
1017 900
1965 915
1036 1944
44 204
1254 1200
1910 1729
542 433
2018 1773
1045 1205
449 695
957 695
814 1150
556 1678
314 627
2096 2012
1567 240
200 1735
1907 1462
1964 1566
1047 974
177 903
205 1407
194 894
1560 1130
1505 921
684 164
1004 1701
1522 2135
572 113
769 187
475 750
422 711
2058 51
1824 2060
502 1965
728 402
1571 1724
190 2090
1881 1066
965 1952
2060 723
1948 509
474 1951
151 251
1590 2000
1899 379
1823 1684
188 1094
606 27
166 1228
1606 423
1108 1019
1553 1779
495 622
1832 1473
479 1943
1679 2110
1854 331
1585 634
1755 1252
1778 178
178 256
488 1019
1181 839
938 901
608 1279
197 1404
1105 1261
1573 1360
493 1062
1857 1251
1676 1388
482 2
976 2
490 1242
25 492
969 494
1443 1253
180 1242
812 160
163 224
1920 1803
1911 1359
1916 1370
1544 2067
998 926
1665 10
440 6
1610 283
1986 2135
1863 1113
1040 2067
1653 1531
28 1513
196 1079
2038 1223
625 1348
430 1031
508 117
29 648
1556 518
1645 1025
507 623
2023 910
2091 195
523 893
1131 472
168 1540
179 117
686 336
1041 1632
1577 1606
1414 777
471 2027
1310 438
1016 1632
1075 305
539 1672
158 652
1900 115
201 117
1768 374
1558 351
1506 1102
1475 1764
1168 739
2029 1223
187 1869
1549 1130
152 1057
38 425
1307 909
1953 1979
1576 1259
174 1735
1638 2135
2100 1611
1647 683
1501 1789
1417 1695
1687 1647
1490 2095
