0004.jpg 0007.jpg
64 188
279 619
66 194
84 46
703 621
702 1212
690 1199
1163 1112
319 580
706 617
705 620
654 1099
1170 1688
72 198
87 49
276 591
280 204
707 1214
701 634
646 532
800 580
1100 504
321 193
1671 1753
713 625
88 50
704 639
665 1129
67 27
1450 1422
63 185
1291 1283
682 1165
456 794
708 615
278 592
709 616
1786 1853
729 631
320 27
730 207
328 48
669 1139
639 1067
71 28
680 1159
1228 1235
1219 1209
65 26
806 695
1414 817
139 3
1301 1294
718 645
667 1693
266 186
748 653
274 586
952 1453
668 1135
1797 1294
699 636
1330 693
80 44
1207 1775
1757 1272
1297 1300
2048 2152
897 330
1913 1461
1678 1740
1296 1302
1195 1182
712 1213
1220 1206
322 580
1646 2110
277 1164
1136 1071
928 837
1654 2119
1196 1183
457 338
311 43
1717 1804
1403 1377
2058 2172
503 388
1683 1769
1171 1690
1017 1523
287 210
281 643
1239 1222
1504 905
1282 682
1652 1142
792 44
1634 1671
1656 2124
676 190
289 211
1213 1777
270 193
724 635
1721 1225
82 45
677 193
313 44
1451 1423
1189 2130
1069 995
1722 1783
666 1130
2036 2135
282 645
1600 497
1829 1286
621 1037
1176 573
1448 1418
2119 1851
1357 776
926 1422
725 632
70 588
1663 2130
1793 1300
955 1448
1792 1302
657 174
1443 839
1314 228
426 330
663 1120
749 663
715 613
238 486
1526 1554
1312 1268
1684 1737
1909 1459
543 923
1186 480
1003 946
1454 1422
1462 872
1844 1892
1555 1568
722 625
326 50
936 1424
309 42
876 780
785 1300
324 47
1329 230
1226 1218
779 682
1334 695
1534 979
738 656
1304 1304
1298 699
1161 1668
1712 1789
804 188
1669 2141
777 218
283 208
1160 546
1138 1073
1533 1551
1853 1919
1093 1596
674 58
325 49
793 685
1110 1055
1642 2107
455 344
1310 1268
1302 1300
1629 1666
1128 1062
265 183
1409 1410
1453 1420
1234 1227
1899 1954
1320 686
1798 1293
1775 682
673 575
1638 1668
2123 1851
1704 1758
1645 1690
1268 1846
922 839
272 583
85 47
484 391
1478 1466
1764 1846
826 251
143 81
327 695
1816 1873
2133 2241
685 1173
1818 690
169 895
2125 2237
638 527
263 1123
920 1357
1827 692
1236 650
1237 1225
528 393
1068 994
1910 1961
797 612
61 182
1031 457
1648 2114
2127 2241
1631 1661
1344 1892
741 656
132 64
1015 415
1190 1728
2134 1888
1628 1662
1156 1107
1380 806
1172 2112
1209 628
478 851
449 329
1052 967
1824 1276
746 650
1696 1746
1782 1853
288 211
1322 1877
716 628
1169 2106
802 27
962 884
152 851
1698 1777
1447 1414
2128 2237
859 752
803 58
1905 1957
1332 228
805 566
841 776
1703 1209
264 1129
1199 1204
1345 1333
285 214
656 1111
664 1688
1315 695
148 96
732 400
404 286
314 45
1157 1661
688 1738
1050 977
694 1193
1004 949
1317 1273
1430 1408
12 96
786 1866
418 742
545 415
1879 1949
1229 1218
1706 1760
342 251
11 3
1880 1412
1661 2129
642 525
1809 1268
1803 1269
1331 692
1204 1191
2031 2133
451 87
1193 1195
1581 2057
115 2
1398 1370
570 457
1111 1065
1691 1757
1091 1017
1519 1535
744 650
784 1866
1814 1273
1794 699
883 771
1088 1017
590 136
2017 2116
1399 1344
1868 1923
681 480
1023 959
2055 2164
2044 1749
1252 1828
269 580
888 1377
1728 1807
1227 649
692 1195
1225 1801
1575 2048
1692 1775
1710 969
1224 1800
1815 687
1183 2124
2121 1854
1214 1208
98 58
339 730
1720 1224
1134 1086
787 1300
884 785
1494 1470
1318 47
678 505
945 887
2129 2235
904 1360
752 216
1067 1007
89 48
582 137
1699 1210
931 1434
1230 1218
211 130
1323 1314
193 158
1666 2147
892 1368
316 612
1232 1232
1373 752
1842 1893
155 105
1460 1434
827 251
991 1500
1723 1217
1845 1333
1311 223
882 1384
1817 1314
997 1996
1900 1956
1705 1759
337 250
1841 1333
1557 1559
1636 1663
1406 1368
1659 953
1223 627
1208 1186
914 345
927 826
2115 1871
1522 1539
1523 1544
726 635
735 1243
1843 244
990 901
94 1333
1029 1526
1819 709
157 104
616 488
918 341
1668 2140
1904 1961
1650 2117
628 394
1203 1190
1490 1470
1653 2122
934 347
1836 1328
1618 1091
1702 610
719 625
413 1377
93 53
2131 2234
1840 2233
1177 1713
1837 1889
1901 1957
675 252
79 42
1437 847
390 319
1081 1026
472 860
2047 1764
442 341
619 512
60 21
432 875
643 1081
1404 1536
731 627
553 960
1155 1657
983 1500
581 460
989 1475
1536 1526
2130 2233
865 346
1848 1887
459 787
400 780
1325 1871
1316 1870
1689 1749
1835 1887
1515 1996
267 568
96 250
817 733
1470 1952
943 863
1182 2123
1872 1370
1178 2122
177 105
2118 1851
2107 1836
389 346
1053 981
1903 1957
1676 1180
1826 1704
2045 2151
959 767
822 1325
1244 216
949 900
1390 759
2103 1835
1216 631
1675 2148
1281 681
1468 1416
1649 1707
737 649
1934 1532
1681 1736
2054 1700
1026 939
1205 615
1456 1423
447 317
844 292
546 428
1990 2083
1001 1502
261 1120
341 732
966 881
1346 1896
1838 1334
1328 1692
1831 1271
1455 1422
1890 1926
173 385
1495 1483
612 572
1153 537
824 1333
147 95
109 69
16 144
1743 2204
820 246
1292 1865
340 60
1677 2148
310 225
1016 1522
516 105
1697 1747
1005 1003
100 249
1434 774
1260 453
1174 1707
795 612
388 318
648 171
1989 2060
720 1212
2111 1845
1614 1551
1894 1949
992 1502
1420 1401
1847 2241
408 1475
1528 933
1687 1736
1154 538
1799 1868
834 1348
92 14
1665 962
799 714
1339 224
671 249
1854 1919
1340 1328
492 884
906 1401
1787 1865
695 1182
1670 2139
1610 1068
534 116
687 1692
213 130
1635 1672
1326 249
1486 1446
101 184
1383 319
788 705
1846 2235
521 416
120 261
917 1917
1496 884
90 240
1622 2090
961 879
410 289
915 1350
334 1333
1921 1999
1958 2023
935 444
1200 610
651 1096
1830 1286
1738 1247
743 640
1235 640
655 1671
470 366
292 216
1690 1187
1042 996
1129 278
1130 1077
1568 1005
1613 1086
693 1182
1907 1962
458 830
1715 1780
361 4
1251 278
2021 1548
1458 1420
1188 1035
1319 253
1164 1668
816 713
154 377
68 584
2122 1325
909 801
1343 1333
1584 1017
1776 1261
286 57
344 55
73 645
158 381
491 881
766 674
617 1065
409 288
2006 1675
332 52
1957 1544
929 824
1338 1887
1920 1983
1293 1311
1979 2060
823 480
441 327
1123 1068
2022 1677
336 713
417 768
48 19
1148 1264
810 234
1902 1955
57 21
1679 2160
1133 1086
1977 2046
1499 1483
2061 2181
1912 1975
1233 1201
523 69
733 1245
710 640
1877 1918
1695 1758
1748 453
1724 1225
828 736
1917 1677
529 949
1248 1821
76 477
1347 737
794 686
1731 1815
1074 1597
1937 1479
343 720
1674 2158
1064 985
1341 246
886 289
2014 2083
1337 1324
1603 1612
829 245
1518 1495
780 970
1856 1920
1062 985
1788 1876
1469 1952
23 579
1718 2174
247 160
498 1838
1061 1584
333 238
1381 319
1197 1195
102 52
1422 801
236 19
933 830
1051 981
1146 1551
37 1478
369 292
1994 1677
431 875
1719 1778
2132 2242
1915 1970
262 226
691 623
770 1071
103 53
2075 1920
1290 1850
2113 1845
2042 2154
512 105
975 903
425 291
2059 2174
352 2154
921 839
1660 2127
245 160
1336 733
24 249
2071 2191
684 554
700 1204
967 884
1162 1670
723 628
530 415
1882 1918
165 1838
808 701
872 759
1911 1964
2043 2154
1514 277
2025 1548
144 293
2030 2158
636 523
1013 326
99 248
1980 1981
1716 1813
444 98
248 160
885 289
825 1333
1708 1201
848 821
2063 1917
17 14
1159 545
1625 1410
1400 1369
2018 2208
318 714
29 374
161 387
1558 1559
275 48
641 527
631 1018
31 145
1077 2219
49 59
1807 1256
1382 1984
1348 245
1378 804
1476 1460
1673 1181
485 387
1167 1689
809 233
1411 1375
1104 945
301 1037
1372 1374
299 628
1198 603
948 1466
953 2222
1158 1105
781 1479
475 2222
868 346
2114 1836
1255 278
1593 953
1811 1267
1922 1980
555 527
1022 527
1395 1368
1537 2204
562 527
1550 2048
1418 1536
78 197
1606 1633
1436 1371
1832 225
1621 1408
461 852
1240 1807
1202 199
1492 1481
2046 2144
1861 1453
1615 1646
2088 1465
634 518
550 401
7 27
2104 2098
583 981
1849 1901
2032 2134
1639 1112
907 808
1084 1003
1626 1668
1333 1852
568 812
561 527
2034 1501
1289 699
1080 2219
1085 1726
497 136
1630 1108
335 2241
1595 1618
932 794
2016 2209
511 388
419 939
1812 1875
2126 1334
1086 1432
1532 1086
1024 1553
1617 769
1574 1017
879 888
175 1037
1732 1815
542 490
51 19
1355 2128
698 669
450 1661
1662 2204
1025 527
1672 1166
1075 1017
930 1465
2108 1842
1612 1090
1273 699
862 2069
1356 2116
2024 1815
1349 1341
315 619
329 233
853 2083
1736 216
1425 1903
1057 1559
510 844
840 2128
1651 1159
483 881
815 256
104 720
1866 1378
758 572
293 716
1926 1979
1609 1633
95 257
448 371
2038 751
91 720
1779 683
1602 962
1863 2204
374 277
1857 1761
747 1222
1582 2058
1342 548
525 1513
187 490
1361 264
1896 264
1790 1945
1589 1142
1371 1259
850 2048
1306 1269
1285 1479
635 159
650 538
351 211
745 649
768 188
2116 1845
1791 927
28 132
1446 1463
58 21
246 159
1685 1180
912 832
1043 2048
2013 1416
756 1416
1936 2008
1624 1550
241 453
1363 1919
1335 234
1828 2139
1377 1949
394 1796
847 1378
2106 326
645 529
544 1523
881 848
2007 2098
1387 1358
2097 1007
2015 2208
1300 927
1046 260
1413 1975
348 1624
2082 349
1966 2028
1132 1074
1139 1075
480 1707
1201 1204
941 121
742 631
514 107
1918 1469
452 373
857 371
242 1010
86 47
251 426
1006 21
1126 1069
2026 2147
1749 1943
331 720
970 573
1503 1407
791 703
1531 1553
1950 2029
1781 1912
2009 2110
179 108
210 658
1485 1846
464 1051
1151 1258
1035 561
1858 753
97 59
757 1745
1700 1197
843 1975
501 919
375 2083
1254 1795
2039 1996
366 2128
875 937
14 251
2049 2165
1179 751
522 1710
1266 995
446 88
1549 2048
1647 1697
150 196
1859 893
775 466
365 805
1250 1416
53 16
661 394
2003 2090
401 297
519 382
1521 1399
898 1362
1135 1553
183 108
1040 1287
660 876
1772 2203
774 651
1956 2029
508 192
759 1209
1278 651
1076 1568
428 762
1810 1841
2020 2146
1680 1260
126 1018
1087 415
549 933
1375 1432
620 1018
1544 926
368 264
1098 498
312 723
891 939
2035 1501
1983 2065
1580 2031
383 293
1191 1821
1547 1850
1852 1372
2102 2124
2093 1453
182 1513
1120 1623
1351 787
347 1919
1982 2065
1701 2134
1215 1201
346 497
1147 529
1540 699
160 663
763 2186
1433 1995
1601 1615
298 532
1238 1786
250 161
1804 1662
1571 997
686 1726
1366 2153
1588 1379
1742 1707
268 1246
563 111
1570 1568
473 1483
988 1544
579 406
1137 877
207 25
1604 1622
424 290
1578 1706
753 716
778 727
1150 1096
1822 690
2120 1841
526 404
569 1625
818 234
397 160
1906 1230
520 110
1693 1773
796 1872
1501 2159
54 111
1245 868
1725 1126
714 628
180 62
994 1710
560 935
1592 575
2105 1841
830 1341
140 2200
1916 1970
1440 1951
1714 1804
1766 1868
46 1477
614 493
138 275
32 0
622 150
814 233
1834 800
1711 1761
727 1194
1623 1109
1778 1850
127 131
1362 1424
259 1251
1030 935
1953 1528
1287 1882
349 832
41 1315
1421 1401
370 292
764 1316
1737 1707
75 735
1264 981
968 2159
124 160
1914 1961
1112 1066
153 732
1898 1532
1272 1071
1930 1410
330 53
846 1424
524 658
591 455
56 995
1457 1943
870 1358
1249 1707
1599 1607
1664 1815
518 871
214 432
1889 1410
42 1478
317 743
435 798
199 111
2001 2091
1774 1800
1066 987
1620 841
1101 1110
601 470
632 508
1860 1656
18 844
556 1198
156 1006
479 1824
2005 1629
1908 1423
304 25
391 261
1144 1086
350 1106
1131 1077
255 529
974 874
1212 447
1773 676
376 2095
1305 1007
188 940
1152 391
434 319
1605 770
625 1047
62 45
1667 1715
194 337
1785 1859
113 1757
762 360
1405 2048
290 662
1463 1216
412 646
1821 2212
59 483
407 352
1619 921
1149 1094
467 364
1060 421
338 235
858 807
1878 2081
260 123
323 82
386 300
2011 2113
2076 403
81 59
2087 911
1439 1424
1283 769
2052 2160
39 149
734 642
421 2217
697 1860
1729 1424
133 503
206 568
380 89
1655 1845
416 141
151 184
505 890
1758 696
142 1305
1089 816
1117 1047
363 2025
2050 2162
216 194
531 415
2094 1952
1556 981
1122 518
580 201
905 342
2109 2206
30 157
811 53
736 64
430 1667
55 814
1939 2012
437 893
1875 1369
903 1751
1402 1363
1801 1111
253 446
2085 1297
946 939
145 58
1870 2000
1108 1044
1221 1777
613 759
821 710
1524 1534
1839 692
1864 1832
852 751
2 869
40 18
1874 1964
1432 205
1734 868
1392 788
360 288
176 107
1761 1567
43 149
925 823
170 1482
1658 151
1116 1018
1231 742
1038 3
1795 1984
1987 1591
2066 319
640 525
2074 2022
845 1292
1862 2007
1510 1694
1079 282
223 149
217 455
1270 1839
798 743
222 1862
1694 2163
1308 1797
1489 1715
835 1824
721 1214
25 30
384 850
2089 1952
1192 1162
5 407
1960 2038
1140 1105
229 40
378 1757
372 1564
1919 1548
495 557
1808 263
960 344
2090 1857
679 1155
2027 319
972 910
1217 1197
2077 2081
1095 1945
573 25
1627 1622
1184 1162
1121 305
433 321
118 1232
1145 2060
1431 1535
1265 1559
633 1453
136 1196
1505 81
502 38
1985 1573
1962 2038
406 1018
1063 421
1984 2062
1511 253
403 1945
108 899
9 128
1800 1936
1933 2098
587 941
1388 2120
599 978
1986 2063
1763 627
923 1463
913 1932
958 123
789 325
477 727
423 270
15 184
2056 2054
1256 1035
1945 2016
1444 1651
672 512
36 1062
130 1177
1321 743
670 1180
2037 2145
1871 1392
209 250
861 1357
604 1262
74 1045
163 152
1021 935
1461 1422
307 130
1586 931
1633 1580
146 415
629 305
1410 478
1981 2052
411 1253
1472 1467
26 111
178 14
902 997
1569 1562
1073 918
1527 388
493 152
867 821
443 1395
869 1358
813 1318
637 161
116 492
2101 317
181 95
2057 2054
1850 773
2065 2097
596 894
1181 943
767 1017
1965 1479
168 147
149 1229
1500 2092
1855 773
973 1306
598 445
1429 1932
627 1945
1944 319
2110 1238
1657 943
1180 899
1083 1860
2072 1911
1925 994
191 823
466 864
2079 1297
445 1660
303 1330
1576 1573
1047 1836
1566 1573
1806 2113
35 149
1573 1584
1445 1463
982 1492
202 1598
1054 1838
47 1035
2117 1845
1771 1378
107 1067
393 575
192 83
559 291
1222 2174
836 1372
981 1503
647 529
1358 504
1368 1404
2051 1784
595 2222
2062 1531
1637 2083
1385 2041
900 1383
1376 1627
1477 834
2080 1870
203 302
2086 275
833 272
436 478
1284 946
429 203
1733 1921
1279 1826
1307 1662
27 75
1119 1945
1750 396
1968 911
367 1654
1988 2073
204 783
1713 676
1802 269
801 781
509 75
754 1172
1746 1731
760 267
832 911
233 153
1869 1385
761 1463
482 1014
517 676
362 397
1441 1950
1027 1467
1277 1527
1211 261
1947 1475
195 1160
1370 1261
908 1188
2135 1901
159 383
592 1559
1242 2115
1118 984
1141 1105
1753 673
1590 1568
871 1462
463 1207
1895 1945
399 1018
240 398
1103 153
739 3
2041 1579
2008 1827
1185 153
1465 837
1751 327
291 2081
1041 998
1412 1461
415 121
1583 708
659 866
515 677
711 131
1078 445
355 1322
218 455
2099 2114
306 707
812 741
1113 1886
284 662
1423 1869
1464 1970
986 1995
249 230
1258 456
1688 1564
782 1726
566 1598
1784 676
854 1260
954 447
358 899
373 1344
751 2081
1384 748
819 692
1276 1803
890 32
83 94
1096 573
1246 9
1275 946
379 331
114 666
162 844
1127 2075
1577 1817
252 166
294 30
653 260
1263 2102
1739 9
8 141
866 2147
998 1869
1288 426
1253 262
296 1378
942 1207
1954 2020
1124 2095
2033 319
1466 1414
129 1596
1364 264
1596 1622
987 1564
658 1824
951 1622
863 1086
1018 327
1767 1693
552 327
1114 465
696 1356
1389 1438
10 747
111 869
1428 801
940 1115
381 2154
1019 1901
13 141
1241 2155
849 1432
20 114
1762 829
1218 712
1125 2059
1579 1573
1438 1449
357 1416
1473 809
220 894
750 728
1765 1672
1365 868
2067 2185
1745 1504
1886 1095
855 2072
1752 1640
128 1253
2100 263
2000 1638
1559 802
1881 2146
1257 1597
856 868
258 466
2028 1989
1564 931
1999 2086
359 381
540 571
2070 441
1995 2073
1032 1217
1961 1912
513 742
683 1580
541 569
21 111
1726 769
141 682
1039 946
1313 2096
1993 575
1394 788
1309 1674
174 200
2073 773
1865 1289
1 87
1608 117
554 20
1973 2052
1780 573
1142 1088
1261 1299
469 235
536 1266
1813 1047
506 107
208 2
557 401
117 1607
131 1798
1259 1643
200 111
1561 495
1435 642
1598 1270
980 1751
1094 133
1426 921
1352 1800
1415 770
1327 1234
860 812
1929 1399
33 18
1585 1544
382 1129
1682 441
474 866
1740 2097
1553 134
578 440
119 1089
171 416
1885 1349
916 1691
1888 2036
572 274
1823 163
257 161
1262 1091
1166 876
494 703
1851 1261
2019 1550
1744 447
2060 678
3 186
1408 1933
1106 447
471 156
167 38
586 908
1109 923
1759 999
256 160
1587 1559
1299 582
1294 2113
1020 401
1369 1831
1760 995
1173 726
1143 1090
1002 1291
1397 1254
532 1045
887 1439
783 362
488 582
1928 1584
1976 271
1416 460
728 1197
121 435
1607 265
228 396
1949 1576
297 168
1562 1966
2112 2107
221 157
254 651
957 518
1632 1142
1820 662
487 477
1730 367
0 513
205 274
110 1194
901 1376
377 804
215 919
1560 1563
1535 79
1401 2081
624 1623
356 319
2010 1400
1542 1416
1107 1618
1353 1180
1520 296
947 1251
414 363
1033 1715
1359 2093
1640 491
551 7
232 18
1102 153
597 514
201 340
644 1088
1487 2193
164 234
398 130
496 509
1529 2134
1324 638
227 507
1165 1977
1777 946
773 1104
1502 2028
1482 2083
564 340
1641 1240
481 205
1071 2010
717 1208
1271 1164
197 0
979 874
919 631
1967 926
1805 496
1393 1651
889 363
387 1788
2029 2108
22 111
999 2201
1833 709
226 161
1971 1641
630 1633
189 91
1099 321
239 2211
244 143
1709 1011
2084 839
1974 1833
910 404
1530 707
1386 2000
420 1092
1481 518
1616 1105
235 488
1755 749
1959 155
950 1464
234 1477
1508 21
302 603
535 940
1923 1357
995 1095
2081 2195
1467 63
1168 1255
1970 1641
52 111
462 503
486 432
1367 1656
1707 1197
490 287
1565 271
1891 2080
1686 2149
1756 2100
662 1255
1058 531
1997 1637
1591 2073
606 159
453 2121
1644 1449
593 1850
842 1323
874 1653
1509 1479
565 340
1396 1377
589 203
1474 1618
1768 1868
689 1416
1513 1055
1727 1272
558 1625
911 921
772 575
1442 809
1295 530
2004 1776
1274 1537
626 994
454 681
1070 2219
2040 2168
1998 1638
576 250
1611 1635
895 1933
190 111
1475 927
353 627
476 408
837 1354
1924 1926
1483 1793
1354 2137
1548 1007
19 0
1014 129
880 414
1056 1563
1010 2179
212 16
1427 672
893 804
1407 804
1037 1793
273 81
184 250
1350 1900
740 840
1769 1320
878 673
305 362
1943 2048
354 484
69 22
422 341
507 156
1059 1179
44 1793
1884 1447
1946 1999
1036 440
439 1279
1065 940
963 1674
1497 426
588 1184
345 244
106 1322
1551 841
978 292
971 89
1480 338
548 380
1876 1933
1940 1581
1572 1998
1267 820
765 1588
1243 1659
1303 269
1175 886
1280 1047
427 1800
1796 582
38 2
1011 2156
1034 660
77 362
2053 1137
137 1653
1935 2070
2083 491
2064 1151
790 1423
600 1009
2012 1531
186 294
1512 1610
1374 301
776 274
1873 1377
1747 878
460 2200
1187 1531
839 1625
1210 1860
185 445
308 203
976 1243
1969 1215
2095 1901
2091 2037
1867 1581
166 1177
219 874
1563 1599
392 2222
615 1039
4 18
271 754
1424 873
574 1142
605 1522
405 410
1449 1439
1552 485
230 335
2092 2230
1097 516
1090 1462
609 485
618 500
2078 2185
608 783
985 1780
1897 829
1049 376
807 287
1972 1659
1452 1427
1417 1447
134 279
537 294
939 990
1964 2017
1741 2009
1379 873
1887 703
1543 576
2069 1639
1643 1689
1007 1474
1012 1634
2023 2212
1892 2227
6 2
1991 1858
198 446
539 955
547 1318
1206 888
1992 1613
1459 1972
500 1468
1055 1694
1948 2012
649 902
538 2203
1770 2041
1000 89
1538 1449
1932 1378
1516 1424
1955 2076
577 78
396 521
1952 1910
527 1142
1286 1993
489 1392
105 1106
1825 1016
1507 1528
1975 1016
231 831
894 804
1783 2225
468 722
937 842
123 492
50 22
2124 1016
602 291
873 1689
965 190
1942 1698
385 1076
196 362
585 398
34 362
1978 1961
899 2172
594 928
755 910
395 417
1546 1622
1597 463
964 1377
1419 1447
1754 2146
135 72
125 1243
1996 1615
969 1428
364 272
1963 1638
1092 1576
1269 724
1506 1788
944 143
2002 2094
402 662
1194 868
224 783
237 488
533 2186
996 1079
1484 888
623 2211
2098 755
1247 1340
1115 1632
504 903
440 1635
225 496
1927 769
1525 1856
1539 504
652 1320
575 75
1883 412
831 183
2096 1053
771 1089
571 110
1072 465
1567 1957
243 2097
877 1370
1789 854
1048 129
567 392
1941 1828
851 347
499 1172
45 831
295 176
924 1120
438 279
1893 1732
984 1633
1594 1618
610 156
769 688
122 837
956 733
1391 2057
1488 153
2068 1821
1009 129
1931 1461
977 303
1938 1312
371 1950
1028 600
1541 933
1735 1698
112 473
300 1846
864 161
838 397
465 489
1517 1257
1491 2032
607 140
1493 872
1471 1625
1479 1443
1498 2053
938 525
603 998
1105 1018
1360 1172
1951 1828
1554 1147
896 1402
1045 1638
993 695
1008 294
1082 921
584 1843
611 1807
172 178
1044 785
1545 1115
