0005.jpg 0010.jpg
163 4060
33 1115
34 1118
218 4052
45 1116
174 5179
164 4057
537 6053
170 5169
165 5129
219 5129
36 4102
161 5096
171 4092
634 4054
166 2405
539 5174
531 4057
973 6505
35 1124
637 6006
31 4096
1397 6511
172 4096
526 5096
533 6006
635 6006
160 5095
155 5062
552 6067
536 5160
974 6511
169 5160
809 6235
639 4054
542 5179
546 5181
641 5095
994 6554
173 5171
997 6570
975 6512
544 6066
205 4000
543 5072
981 6053
157 5072
222 2376
980 5979
548 6069
640 4008
523 5954
1396 6504
525 5979
522 5947
175 5072
969 6501
995 6562
972 5948
49 4003
988 6544
196 2226
970 6500
177 2375
159 3999
399 3365
46 2376
158 5062
32 5095
185 2218
217 2405
167 5149
643 4089
532 4054
224 4089
153 5053
225 4089
1581 5213
1400 6517
47 1124
38 2226
1242 6210
206 4096
1276 6272
977 6517
1436 3630
630 6066
322 2487
39 4000
1542 6544
1398 6512
673 4149
1000 6061
392 1877
56 1151
1558 6089
781 5358
984 2144
1770 6543
649 5198
1132 5198
98 1877
1484 2436
881 5196
1320 6387
685 5025
1515 5682
253 5669
1323 5196
70 2487
774 4488
1579 5213
541 6570
214 3995
999 5946
55 5216
1384 6573
1155 5025
223 4001
261 4300
437 2118
182 2408
1087 5682
631 5072
156 5070
238 3728
237 1151
1140 5213
1208 6255
1583 5213
1395 6500
1118 5943
1136 4121
210 5071
1123 6089
1673 6272
966 4207
1523 2217
808 6235
1624 4887
1557 6554
211 5071
243 1151
628 5181
561 4062
348 5358
1577 5213
1137 5213
1230 4488
1059 4082
772 4488
396 1873
378 6235
6 738
367 1994
1575 5213
811 6242
1120 5943
118 512
1851 6096
1013 2388
1169 6498
507 341
127 3551
1122 5174
659 4121
1231 4488
647 1123
1539 6083
1195 5426
1854 5213
369 527
1525 1361
1555 6562
1857 6094
1856 5213
878 1865
982 5944
1705 4268
660 5181
5 1682
1643 6186
1494 6599
1057 5185
713 5186
1141 5213
74 2326
585 2419
1415 5074
1351 3761
638 5932
629 5947
869 4800
978 5075
1780 3089
1116 6544
642 4090
1531 5946
1004 5117
1016 6000
1234 4479
768 4270
1584 6096
836 5678
44 2536
178 2007
1476 4082
247 1132
321 4591
42 2720
342 4270
1325 4872
1855 6096
706 3994
255 531
801 2207
1373 4983
625 5958
140 4897
382 6242
1410 1204
1703 5549
508 3943
1321 2266
1632 6179
1273 5747
1236 4479
1742 6489
983 3994
1592 6100
81 2790
813 1966
627 4008
1266 1616
554 4071
1405 2144
898 2603
204 3999
1377 485
856 4268
806 5860
198 1137
1007 1083
1641 3696
945 4805
791 3166
1160 3372
220 5173
1165 5928
1215 2333
1338 2603
1095 564
1383 5022
4 1001
570 2042
1369 5244
20 1116
1680 6447
1621 6255
971 6501
236 1929
690 2313
664 1132
530 1994
1426 4267
1244 6255
725 3486
242 2907
422 1994
1111 6552
52 6608
208 4008
235 6577
521 5056
607 3099
663 5213
620 5006
323 3626
1103 4554
867 5714
425 1209
953 5921
1424 6010
566 4071
216 2309
1565 5210
879 2266
228 1121
391 2118
1241 4268
356 1308
1517 4559
540 28
678 6106
181 4062
148 467
1128 4861
553 2388
439 1139
1107 6083
1478 6255
718 6400
1553 5909
3 782
1226 6133
1572 6096
1239 5401
1403 1966
227 1121
648 4113
1418 6500
1429 599
50 1599
26 796
1419 5116
1827 3846
1229 4479
241 1132
1421 151
85 373
1659 393
603 4107
385 2069
1267 1616
1005 2790
644 2414
393 686
401 3356
84 775
1510 541
1074 5196
1143 6096
473 1994
852 2083
1633 6210
612 1996
79 738
1595 6100
1427 6092
950 3845
485 4897
1268 2409
793 6171
743 4300
495 4975
860 3319
1784 4941
113 4105
1838 3204
1667 2999
1660 5384
1121 5095
948 1936
29 2382
689 3372
1551 5549
1119 4008
848 4764
928 1580
1097 5946
245 1929
40 5129
415 1873
457 3591
1089 5557
1593 5917
1131 4113
967 3019
14 1144
162 5314
1778 4354
1559 6511
1713 5345
1024 2081
438 2570
1382 5944
16 1116
200 2633
581 4918
1669 6164
575 512
1550 3488
1635 3696
51 779
601 6489
215 3012
823 2118
12 687
362 534
812 766
1080 3061
88 944
524 3124
1275 6100
1386 6022
1048 5196
1333 4868
510 5900
1453 5145
486 1851
1153 1245
1434 6035
1139 1132
234 6076
875 4658
1628 3416
717 1532
1251 5542
586 2946
122 603
1853 780
1675 5222
1292 1101
636 821
1181 2796
665 6061
83 821
1614 3401
1134 5217
1793 6596
564 2195
1425 5994
1249 1558
764 5401
1758 3816
1150 5416
779 4488
1149 5951
132 2309
1370 1822
703 3788
1417 526
940 4805
7 775
1205 4251
264 595
291 4397
1596 4268
1477 6599
1098 4089
1530 1816
1812 6143
1270 4495
186 3631
327 4760
1060 1205
1255 645
509 41
829 3356
1090 5106
923 2118
896 3560
150 676
785 2348
388 3962
78 2037
687 6563
882 998
75 352
511 3870
851 3179
1785 5119
1774 4999
591 2395
397 1107
1771 3140
558 2432
151 656
1041 3631
1640 3866
1308 3319
1287 5682
1488 5485
179 836
1247 3573
370 2118
615 5828
775 5088
682 1245
1147 4268
424 2118
1225 2575
766 5337
1821 5712
8 897
1014 5126
1791 1920
1299 978
944 4633
191 5672
621 3258
1490 5950
715 4909
815 2459
1391 4207
512 512
1460 3089
1757 1826
911 3761
733 1250
41 1124
800 809
1570 3620
960 2002
890 4868
551 3870
1390 953
1070 5533
622 2633
1714 6446
1779 6149
383 516
784 4050
1148 5401
1193 5208
1385 6022
633 2408
724 3486
979 3065
395 2425
1600 6123
1151 6548
915 4358
669 151
1106 2030
304 1328
354 1075
859 4538
209 6066
1025 3994
746 4591
1700 6563
1541 2030
1443 6000
1001 5116
1622 6370
962 3159
1187 3399
1381 5210
104 3356
1823 6179
135 1139
721 6317
714 1939
1334 5783
1715 6446
818 1655
1439 2608
1516 6410
1030 6013
1573 1107
763 6447
802 2118
1535 6562
1006 166
452 211
1810 5394
728 5208
1591 6387
1054 5203
333 5076
1731 5402
1174 2974
1 258
1365 3125
11 836
1799 2811
1646 6563
1262 6531
1037 315
993 5337
720 2238
1018 2146
1582 5213
963 953
712 6272
440 533
1124 5958
1837 6168
470 5196
686 2248
1519 6600
239 3507
899 2325
297 2238
1794 6583
318 3185
1804 3630
86 4975
1366 5402
328 4936
1441 5119
1676 5401
1194 5308
589 1616
1561 2986
922 3179
1180 6272
1522 6252
226 2429
1491 5928
1590 6387
787 1558
619 5410
1843 5909
692 5372
1813 4350
926 2572
1440 5342
1601 4251
677 595
290 5057
1767 4354
778 4475
1775 3221
1277 4004
1781 5497
9 1121
814 5590
695 4251
1420 6000
598 2351
1803 6169
1432 4168
1504 3026
1431 5117
61 3516
1094 4860
1710 5881
955 5210
571 3093
221 5062
1167 5246
961 6573
2 374
87 897
653 5767
866 4780
1797 6600
863 5361
758 5860
749 3626
71 1097
1237 6272
694 5782
1486 1720
77 1940
710 3994
350 4088
1445 6013
708 2896
795 2470
1078 5423
1615 4468
402 611
1034 315
189 2426
873 6431
1828 6505
1222 5134
744 3185
759 551
1852 5213
549 1627
195 956
750 2787
1768 6387
1189 6086
1464 2801
1617 6218
1508 2491
331 1190
1324 235
1281 72
254 4029
735 1969
1050 4032
1224 6255
1480 5075
1568 6515
306 2300
1232 4479
789 1105
757 1525
1161 5353
1661 6129
62 1172
240 2429
1047 1747
276 5655
180 617
1257 1317
1061 4804
1416 6570
500 4989
519 2644
30 3999
1250 2950
1100 4008
1526 2057
100 2980
54 0
925 4380
456 2052
1285 3035
1597 3308
1288 3343
1789 5522
1835 437
187 5196
296 2539
1372 3824
1099 2186
94 659
1114 962
336 1940
259 2093
483 2118
1407 6511
736 2695
1240 3659
506 3845
596 1872
1330 5345
68 2886
755 1075
407 3365
17 776
722 528
1589 5395
1019 954
1524 2147
568 4071
314 2407
756 5049
454 3591
355 1869
368 1489
1829 2832
48 4092
357 4071
23 1139
1839 3204
310 2879
376 4027
1196 4294
1328 1392
1452 6037
60 1683
996 5337
740 5668
332 3964
82 271
1046 5196
1537 2960
1619 5330
251 5480
671 5480
231 3467
609 836
1305 2824
188 512
1306 249
1206 5668
1737 4197
1505 4967
976 2758
1352 498
274 3210
1314 2338
1213 5067
289 5202
90 5150
562 481
1776 6537
1157 3717
1489 6226
201 1473
680 5668
666 1148
482 645
394 4465
1697 3731
1521 6600
1171 5285
606 1349
588 913
1311 249
58 3979
599 1673
1814 6184
651 6226
76 787
850 3125
244 5174
1296 2184
1259 423
498 2256
63 5530
414 3591
197 5949
1355 6493
1176 5550
674 6106
893 1503
64 258
738 1405
499 3455
959 4567
1012 6000
1168 5655
257 2093
822 4465
1083 4466
1576 1121
433 4045
1220 5280
1482 3083
1670 6100
1479 2800
97 892
1032 6037
1672 2980
1609 4355
513 1438
1336 3568
154 1124
1188 1588
734 2313
1456 6000
783 4088
1066 161
602 1564
834 482
1245 6549
807 4027
501 819
267 5057
1481 5434
1712 3540
359 3970
1826 5988
1653 5585
895 1076
675 2093
1562 6089
389 409
269 3974
957 1697
1698 6543
1798 4953
361 1181
1580 4113
777 4475
1465 5145
444 2309
1513 5334
1585 6537
670 6085
1471 5185
1840 6165
1850 6269
657 6076
1342 5486
683 5678
302 1959
1638 3457
447 1673
684 6498
559 4071
1512 512
1358 4990
426 5186
1606 6270
617 2969
846 6327
1038 3071
1520 6410
295 6400
1783 3792
679 2126
1017 3099
1117 5182
141 622
250 2026
1217 1062
183 2946
1367 197
1164 5931
1044 952
1787 6170
949 3824
1602 5482
1755 5926
753 5783
520 788
656 3211
597 1673
676 4025
1298 5057
106 160
1216 3411
1290 5682
260 1361
1096 2832
843 5196
1392 4484
1765 3802
1086 3459
1343 5730
429 2633
116 4065
292 1230
59 587
610 2569
317 5511
1223 6100
833 197
207 366
1101 3496
1650 6164
284 591
1102 1915
1008 3539
799 2539
594 2351
232 1121
271 6219
998 5530
745 4251
1077 2969
1082 2026
410 863
907 2575
1063 5289
1533 5943
1056 5203
956 206
1289 3611
110 852
434 4780
803 137
1818 2762
1448 827
93 4975
1387 5155
142 796
1300 6531
1514 3623
792 1181
1064 3994
1303 5548
626 1098
794 423
308 3027
1845 3204
1729 1940
1399 5244
1817 5561
1359 1969
1811 5843
1129 2426
372 4992
282 4989
213 4918
1280 3179
824 1019
294 2240
352 129
152 2572
67 3411
688 6603
1546 962
1741 3537
119 2012
1472 6068
1556 6581
315 4930
73 3012
817 3099
913 3177
645 2369
698 1944
1313 5747
1344 3681
1538 2305
1228 1840
1752 5246
1433 6035
1146 3816
874 2338
360 6109
1108 2305
579 2300
375 512
1599 4783
1035 315
420 852
754 5067
1318 4845
1511 2026
1315 3857
1574 6093
1406 317
932 5196
1029 146
1733 4771
279 1944
855 2729
1182 6305
479 235
1634 3696
137 1599
832 4097
1528 3658
776 3174
1073 2119
871 5828
96 1878
1256 799
924 1361
1571 4775
202 5199
1291 197
301 1702
1027 2274
1766 1756
1414 5530
1586 5873
921 3485
329 2214
1644 6046
1657 5401
1618 4278
112 4065
1858 4590
474 5898
1166 6551
930 5006
1509 3663
857 1457
1072 4180
658 6076
1092 4111
1469 244
1412 5392
796 6514
1499 5505
1683 6546
1529 4674
125 2030
464 646
1604 6100
1536 5080
1162 3187
965 1641
381 1878
1543 1415
256 5668
1690 4645
1743 6484
146 611
1637 3683
1068 4086
572 1816
514 2572
233 2640
398 1107
711 2664
102 4181
1272 3719
1587 1055
825 72
326 4702
515 3014
765 5309
1364 3964
1105 4975
1834 6504
529 5314
1130 3031
66 5280
1764 6579
1655 5580
72 4121
1282 5423
1435 5157
1297 1828
319 5505
1227 3893
1003 5121
565 6052
1028 3123
203 2003
1588 3922
1639 3866
1430 1452
134 4679
408 4097
409 5678
1623 4639
661 1019
992 6100
1154 5025
277 6243
1671 2011
1031 2146
516 1076
1265 1810
819 5067
1620 6495
1184 2654
1739 1604
288 1939
535 5080
475 4739
1473 1190
556 3099
330 2132
1371 6092
1560 4972
1393 2005
731 1419
958 2548
1199 1405
22 1830
272 4585
416 2725
344 14
770 14
1613 6157
938 2712
569 4071
555 4061
1842 1248
1075 4355
900 4234
865 6106
37 1102
1360 3175
1261 6136
1735 5313
1846 2362
782 5063
582 2419
1331 4800
1750 5486
605 3817
538 2716
847 39
1322 4734
884 4734
1253 2780
193 694
576 512
1158 6106
761 5134
1076 5399
870 1052
1302 1651
908 6444
1260 5197
1394 5449
1052 3122
364 3984
1185 6317
583 1816
1378 5
427 3101
616 4065
1594 6164
428 3298
1651 5585
1423 4047
1726 3384
149 3322
1502 5351
1679 1566
1411 3701
1769 6543
1678 2522
1611 4268
53 1092
941 4810
387 2367
1159 4340
891 211
432 1820
1235 3174
894 2459
1444 1268
1487 6133
1437 6565
943 4989
1209 1650
1138 1135
918 4591
1375 4151
1142 5213
737 1480
91 779
946 5246
1026 2317
1088 6360
1450 3071
1135 6076
1578 1135
1696 5845
719 4046
1501 4669
985 2790
229 4073
1498 4659
835 5682
496 2209
1805 6531
886 5483
723 6574
563 4061
89 1736
339 6133
1688 235
349 3124
1605 6468
136 25
10 30
489 2011
1740 5668
1692 3343
611 5337
1706 4840
230 5767
604 621
1379 1954
80 5271
1283 1405
270 5511
1327 1845
1248 3537
371 779
1665 6226
788 2950
739 5033
1022 5166
1492 1720
1748 6434
1015 1170
1053 2351
353 2470
632 6141
1458 258
1566 4583
1540 5533
1518 6318
1824 6603
769 5196
989 6537
947 5782
504 3942
567 501
1608 4176
1069 3441
103 1872
767 5511
65 2470
883 334
1809 2997
887 5202
1462 5550
138 355
1630 4887
1470 3807
1503 4973
557 3978
194 621
1042 1482
325 5055
528 4559
298 407
1190 4219
593 5947
872 5634
451 3599
1773 5373
517 3505
57 5446
1552 1895
527 4685
912 4506
1200 3441
1694 6100
1847 1933
1011 4076
760 2132
1563 5210
334 5762
1113 1899
816 2222
1058 1190
108 966
1649 6524
1204 306
1309 1959
1684 6383
386 4603
286 6132
1825 6448
1112 6080
212 5672
1010 2167
701 4305
0 2408
1269 5520
901 3735
1258 6534
115 334
650 6515
700 5617
693 5566
696 6601
741 4178
780 4990
449 2653
1745 5798
27 391
1463 6360
1642 6377
1449 5123
1376 6237
550 651
190 1103
1040 454
1163 6387
1603 6255
845 3795
1554 6569
826 3915
1485 5075
1848 6585
668 2879
1065 6420
421 2712
1310 2823
1625 5655
518 322
624 5203
1656 5421
1197 1894
1020 5142
861 1488
1691 6370
1062 6257
1033 1855
1808 4395
1198 6335
1532 5946
841 1678
121 350
114 668
1800 4963
614 2461
1023 6021
786 2002
1483 5843
831 4097
1036 1816
1631 6360
1339 3525
1687 6383
262 6391
43 4103
837 3950
1055 5123
1457 1816
1093 6235
987 1150
312 3016
853 6601
1039 2946
662 2429
560 617
1496 4112
1045 5202
1708 3821
1607 6157
1218 2340
1451 6044
726 4219
492 1838
1238 5585
1723 6284
366 818
1466 3089
1246 3166
283 5190
1332 3525
592 4080
827 3775
1693 353
1815 4585
442 3893
844 5145
1695 5845
143 340
476 420
655 5116
691 4718
307 3858
303 646
351 5951
1500 3332
1547 5585
1762 3928
574 4063
990 385
493 4075
249 168
1806 2567
1442 5203
130 2068
697 5309
365 5957
1152 6133
939 3795
1841 6143
1751 3321
1820 5351
1455 5157
299 4565
1788 6106
488 3328
1319 3821
192 773
849 3452
1685 1384
300 48
730 5359
278 5655
1173 2784
933 4656
1144 2640
1461 5550
805 1648
732 4299
1662 1822
747 6570
1545 3913
465 6348
109 3365
1207 6273
1156 5939
1312 6444
1721 6246
771 3024
1664 5770
1819 6210
1830 4659
18 1737
920 5281
1836 6524
374 1122
1428 251
418 2231
1081 1344
1317 5776
144 619
906 4633
590 1482
858 3265
905 4661
490 4912
1527 6039
293 1451
1682 5423
487 4380
417 3365
1170 5617
467 5017
929 192
1021 5009
324 512
880 5535
1348 5909
885 4816
1125 1459
252 4921
441 950
1043 2801
608 2305
577 1748
265 272
1350 5250
406 779
309 3363
313 147
1271 1180
1294 5178
1446 5479
1663 6599
305 885
1380 2743
1127 1152
547 3099
1295 6086
343 4354
248 6230
99 1877
338 4268
505 3795
405 160
133 3296
1404 6541
840 5244
1186 6574
762 5095
502 4536
1413 5719
672 2216
842 1804
1183 3691
1252 3966
699 3955
1772 2765
1264 6146
1293 5715
1816 3185
1782 4292
266 5362
1699 353
1177 6281
1172 2346
404 3540
431 3343
534 385
480 5
126 611
95 3323
477 5220
1109 6428
1534 1417
1115 3306
1049 4112
458 611
1738 5448
311 72
1243 4488
147 4912
468 3296
1468 4112
1402 1681
484 5281
877 5
491 3845
654 6550
1807 5491
862 207
184 5553
1422 1665
346 2980
337 5970
1744 3817
1388 5023
821 5082
69 497
1316 2977
15 966
584 819
1278 4606
1179 2591
1274 4117
453 5735
1346 4783
1202 5807
287 5296
411 4475
358 4071
1756 1616
935 1821
888 3449
1645 6191
1507 3962
1832 4784
1340 4760
1374 6090
1335 514
1091 1311
101 3371
1732 2686
335 5369
280 1978
1801 5730
1051 5185
1831 6405
751 1650
1792 6600
1221 3083
1497 5954
1702 3540
927 411
1844 2362
1610 6496
716 5421
24 980
117 2231
820 5203
1760 1937
503 3257
1084 6064
1849 1203
1544 3854
1677 6504
379 6242
1263 3013
275 2146
652 1121
790 5
1409 1804
1009 6493
1286 3437
936 304
145 2011
828 235
1626 6386
1329 5655
889 4813
964 1250
281 2809
954 3598
497 3545
363 1317
129 3651
729 4277
316 6420
1704 2239
1495 6597
705 5190
341 4264
1438 3056
1786 6416
258 5057
377 0
1475 1185
463 3653
681 2511
1747 5798
1777 5677
92 687
667 2411
273 769
1145 2026
1722 3858
471 3287
804 3016
347 5271
120 2395
1666 6235
1175 6273
123 4527
1104 4112
909 5452
1548 5533
1401 6364
168 432
613 3240
124 3531
1079 5426
1454 6111
838 3455
1341 5882
1686 3356
1647 5249
897 3525
934 1775
1549 1047
268 2309
263 2898
1612 5720
587 334
1674 4845
1716 4992
1354 187
345 5914
1652 4141
246 391
702 5423
646 6526
1681 3731
1363 5244
1648 2252
1730 3228
1753 5325
390 1877
580 921
910 5208
494 35
951 2653
1658 2972
1796 2608
1301 886
1707 6253
600 4027
1569 6515
1711 3821
448 4765
1668 5727
1822 6473
903 3327
942 2523
1203 3175
1564 5196
1459 4930
623 4070
28 444
1447 3700
435 5727
1717 6330
868 1227
1506 2581
1210 5506
340 4299
1192 5291
573 4103
1598 6282
1071 3240
1790 6355
1307 1327
1389 3631
1214 89
1736 6464
400 5332
1337 3525
419 2170
13 619
320 2459
466 3323
917 5281
469 138
1254 4719
384 390
1201 1261
1754 1462
107 1666
1353 6228
1763 1381
1728 3228
131 525
986 3556
139 404
450 725
1795 6244
1802 4928
773 5579
1636 5775
1474 6446
1085 4716
1720 5815
752 6299
412 922
1284 1648
931 3328
1133 1832
545 6491
443 1821
25 5192
1408 6511
176 1907
423 221
810 1105
1110 4975
1734 5873
436 4780
1761 6570
748 3068
459 1807
1567 6174
111 3776
1002 6491
460 3651
1067 6168
373 1673
916 3709
481 434
1347 5316
968 2476
1654 2658
854 520
1126 5470
1689 3356
430 3999
21 910
892 1788
472 1444
618 739
876 2313
1709 4438
797 5500
380 2309
902 3651
595 1959
1493 4729
578 2432
798 5091
991 4684
727 1332
1219 1801
1467 2768
1833 3281
919 1445
1326 334
1361 6113
1233 5579
1356 1445
1724 5250
830 160
1211 3928
904 796
413 3382
742 4903
478 3384
1616 6412
1357 5110
1701 1816
1362 3845
839 3382
1368 2686
128 420
709 4985
1345 6135
864 3322
1178 6147
1746 4897
1629 2955
105 1898
462 3653
446 3211
937 3840
1304 6504
704 3077
1627 5989
914 5
707 2251
1191 2661
1719 6446
199 117
1279 5960
445 350
285 5424
1718 4840
1349 6605
455 1788
952 6357
1727 5984
461 297
1759 4663
1212 6550
1725 4370
403 4658
19 2151
1749 6364
