0005.jpg 0008.jpg
35 285
166 1676
161 2500
33 274
45 275
172 1715
169 1694
165 1674
218 791
537 2544
1395 3727
544 2571
511 762
536 1694
219 275
551 127
179 762
164 2522
157 2481
546 2574
11 223
987 2523
999 3293
1406 3748
549 2558
158 2482
167 1684
1398 3729
153 2459
348 1950
160 1654
512 2432
440 786
570 561
531 2522
1400 3737
573 1733
990 3255
522 2477
583 1747
539 1715
163 274
572 1741
566 1729
980 3232
1399 3733
173 1708
174 1735
975 3220
1607 3424
198 303
521 2467
526 2500
781 1950
634 1674
988 3246
534 3255
1449 3320
439 1368
170 1701
732 2664
793 2871
600 2606
217 276
881 2251
563 1723
31 808
385 1199
367 1309
1470 3334
994 3265
970 3727
841 2125
1291 2967
398 534
1524 2623
827 2086
762 1164
969 3206
523 3224
972 3215
1231 1997
533 2518
1417 3256
869 2215
1208 3405
597 812
171 2553
832 2115
772 2015
1003 2539
833 2967
37 301
1323 2251
956 2432
1205 1974
1000 3300
34 791
1320 3610
1012 2570
754 1024
775 2015
1010 2558
1106 3370
963 1379
1389 3180
437 1354
639 1674
973 3220
529 776
981 2544
971 3724
1054 2592
932 2378
1423 3266
1456 3320
1278 2934
498 2389
543 2574
76 92
425 1316
1695 3576
391 117
1213 1024
722 1897
1444 2546
222 781
640 1653
1510 3354
565 2572
1193 1956
190 814
473 127
582 1713
982 1639
1471 3330
745 1062
1141 2652
961 2441
32 1654
1849 3820
1397 3224
756 1150
1094 2623
397 1632
773 2011
1108 3370
308 3555
1026 1312
1396 3728
329 1051
1233 2011
911 1486
834 2119
1853 3385
977 2556
974 3213
1404 3745
637 1673
1696 3576
1001 2533
1390 1379
614 2610
819 2081
468 1464
1405 2186
728 1956
561 1716
774 2015
422 1309
1230 1997
1453 3289
848 2148
197 1766
542 2482
1052 3334
679 910
1646 3535
1005 2529
641 1654
933 2379
61 861
1690 3581
184 1755
1107 2619
52 304
93 495
317 1854
1321 2224
1410 3241
532 1674
530 1309
1386 3179
609 300
36 1735
1111 3249
1056 2590
922 1252
997 2493
162 776
644 1787
1336 3078
1413 3772
513 2436
984 2186
182 809
635 1673
514 731
989 3243
560 2540
555 1723
610 1766
1380 3173
1541 3370
1006 2558
1419 2533
799 1309
175 2481
843 2148
1151 910
548 3315
554 3296
1276 2905
1425 3261
383 1199
1048 812
562 2540
824 1632
1215 1177
805 2086
46 781
155 2482
1232 2840
1379 3162
1579 2651
1431 2543
133 647
647 824
342 998
1051 1738
1351 1486
878 2251
983 2503
1566 2876
1789 3795
177 798
1581 3387
760 1125
103 1204
1402 2507
1426 3272
181 1716
879 2224
569 1733
1464 3331
319 1062
1142 1799
152 731
1355 2358
632 1779
934 2380
871 2259
1564 2630
958 2442
553 2566
735 3555
851 1252
552 1749
1856 3824
1542 3746
1424 3268
779 2015
1575 3826
962 1632
1352 1475
373 495
1494 3810
1785 3792
725 965
79 102
1407 3746
1004 2534
1595 3442
118 611
1610 3416
1058 2593
1014 2531
1445 3274
559 3296
180 2540
1194 3445
1730 3687
1438 3782
1254 2879
1560 3374
1440 2543
306 2933
1592 3442
1387 2441
1577 2651
205 1648
1365 2378
1582 3388
233 839
1561 3374
1227 2826
1458 3322
1057 3330
1433 2531
1600 3402
913 1475
1249 2033
1539 2619
1659 147
842 1550
803 2918
787 2033
1473 2593
1122 2556
935 2381
1403 1639
1020 2543
930 3127
620 1771
1030 3274
700 2678
1854 3826
465 1469
1675 2980
676 1820
1480 2561
1655 2904
224 1648
1460 3308
697 966
1242 2820
836 2170
820 2934
812 524
1430 3778
1775 3761
525 2542
1437 3785
1312 3053
1584 3388
1576 3385
1044 2567
1046 2577
1043 2576
1143 3388
206 808
737 2086
376 510
1531 3213
91 498
55 835
949 2391
655 1804
1140 2651
1851 3390
214 1633
1415 3250
1384 3181
1013 2558
371 498
926 1316
1296 2185
127 1399
1370 3683
1372 2391
1788 3805
1251 2880
47 1654
802 2234
1170 2678
345 2011
768 998
579 1734
56 1715
136 659
1621 2811
1265 2946
663 1798
223 1650
1259 371
1229 2840
410 2118
807 510
355 2033
1436 1494
349 1145
1105 2626
351 1194
849 1523
6 102
341 1135
1687 2963
312 2086
495 2386
1019 2545
1811 3679
1734 3689
595 1738
678 2694
625 2493
193 814
674 898
995 3233
680 910
374 1189
1826 3365
1098 2492
1774 3758
245 310
346 1094
510 2432
1144 823
584 1742
643 831
944 2378
1793 3298
870 1317
1752 3730
1540 3366
1064 2561
112 729
1121 3232
794 371
603 2603
225 831
885 2215
83 450
1174 3679
502 711
1188 1868
243 2556
237 1715
1036 3322
1253 2862
1638 3545
1134 2652
845 1523
1855 3390
631 2481
119 504
1715 3086
1049 2582
1359 2912
743 2695
936 2382
1538 3370
116 1339
771 1994
1385 3179
1764 3791
852 2189
1778 3281
211 1740
1334 3061
1484 1764
360 483
1714 3086
660 2493
300 858
1605 3491
1557 3232
1583 1797
1620 3437
1526 2616
850 2175
65 1872
821 2084
1606 1868
515 1582
524 1765
1857 3827
1255 49
721 1871
1748 3737
1558 3377
596 809
587 1755
1450 3789
726 1897
585 1748
594 2584
1185 2719
492 690
1574 3388
1443 3281
469 1464
953 1557
1780 3778
1429 3781
309 2086
299 1598
1573 3385
630 3303
49 274
239 835
1422 2525
1457 3322
601 1745
789 2880
1080 3368
301 2719
1650 2909
872 3033
907 1474
1116 3246
409 1291
1190 1897
1757 3743
1346 2142
262 900
496 1521
1137 1797
1272 2253
724 2710
73 1150
758 2729
1050 1689
1802 2507
1287 3568
813 1239
1239 3484
1673 3537
815 1266
1536 2162
1118 3303
1850 2876
1705 3535
241 3826
1744 3720
804 2086
1244 3405
1011 2525
826 1204
642 1653
1523 2378
1770 3778
1275 2820
777 1094
260 1820
369 207
1474 3793
1468 2582
1316 2480
599 812
627 781
1479 3731
1721 3115
1810 3442
475 1492
776 3545
1482 2002
1016 3288
1572 838
1461 2567
746 1907
159 1648
1103 2628
1037 2588
1338 1811
1590 3610
1155 3403
682 1826
1331 3049
1591 3610
142 617
1117 2633
244 310
1136 838
1668 2927
1462 2567
50 1788
416 1270
645 1764
1126 2633
187 803
965 2568
1742 3709
636 1420
67 3555
86 524
882 615
915 1768
978 3253
1234 2840
1166 2729
898 1811
959 1581
954 2164
1119 1653
1110 1781
456 3072
189 822
483 2122
447 2590
216 340
1097 3213
321 2903
1129 1778
1552 3748
296 1598
665 1798
1634 3496
612 501
717 1871
1657 3641
1674 3557
1617 3464
1268 2611
1441 3288
629 1740
791 2194
220 1740
210 1633
948 2390
42 781
1710 3639
1055 2546
666 310
1796 3804
738 2946
1195 2675
1313 3027
1639 2840
1187 2719
1293 2171
454 1250
330 1125
208 1653
1846 3385
305 965
1551 2628
375 1211
1408 3755
1092 2616
1427 3378
1669 3462
326 1009
1074 3354
547 3296
290 2496
421 559
1277 1441
1593 2872
235 1795
201 271
1432 3758
1298 1310
1367 3683
825 2470
1418 3787
1203 3120
200 1782
846 2387
683 991
1264 2918
508 1557
354 1618
1324 2289
89 486
1120 3303
1653 3561
506 3239
1180 3537
808 3429
1512 3354
57 1950
757 3611
122 2937
429 1359
858 2188
507 731
633 1778
1845 3383
628 1740
1250 2040
1439 3786
855 1969
1632 3433
254 886
433 610
44 276
939 1523
1297 2183
823 560
1015 2531
1241 863
581 1441
685 3403
40 275
500 2496
432 1339
1102 245
39 1648
364 2718
1164 2980
1123 2634
638 1779
788 2040
1434 3785
1798 3329
426 998
557 3207
261 1813
137 647
408 1250
1786 3259
1755 3741
1477 3604
672 3256
837 2167
1369 3733
1553 2436
1083 2615
1199 2946
979 2521
1061 2175
378 3022
1660 3491
234 3343
1455 1160
2 945
1790 3795
733 2470
302 675
188 1441
1086 2896
1059 2591
393 1441
1041 2611
568 1729
186 2611
1243 2035
1295 2166
352 606
567 2540
517 537
659 831
696 1135
715 3118
322 1853
1692 3583
1535 3755
253 2062
1452 3289
763 3548
687 3405
1485 2503
1733 3588
520 2123
1172 3227
191 822
1327 2289
1371 1265
1124 2493
1478 3405
370 467
284 247
1034 2587
1472 3804
1680 2843
863 3045
1200 2707
1767 3260
1069 1686
1635 3496
1779 3775
1508 2083
861 2577
318 2561
778 1094
690 2881
277 369
1448 1689
1138 835
1619 3437
1222 2185
1364 2183
1827 2123
1300 3007
795 2060
1491 3462
1235 3545
1852 3828
1823 3467
1578 835
706 1845
134 647
1594 3406
236 310
1614 3445
154 833
1025 1662
784 479
1637 3496
22 82
1096 2624
940 2183
1838 199
866 2169
151 730
1835 2051
1027 3289
314 218
1216 2624
247 3390
362 537
1153 1826
1220 2729
1149 2498
1238 2078
1706 3620
955 1606
1266 1780
1466 3335
1362 1522
667 823
90 1186
661 1798
504 1820
1676 2745
1603 3540
1029 2546
53 313
1537 245
5 1562
1799 3329
178 792
1224 3462
1546 1605
1596 2852
960 1639
4 797
1378 2164
1703 3599
1548 3366
221 763
132 29
1236 2838
1708 3063
938 690
1777 3765
1784 3219
895 730
1842 3385
339 873
765 2496
1018 1314
1008 332
1099 1486
16 2037
1023 2572
1467 2602
650 2645
1114 1605
1247 3533
1476 2585
945 1059
20 275
485 1266
1258 537
893 2115
1459 3797
1176 3331
1625 3480
713 2496
720 1383
1412 3750
1486 606
1420 3257
101 1207
816 2521
831 1290
359 2050
1768 3610
64 1829
1570 3477
1382 2599
619 1779
298 1897
896 2109
368 699
817 3610
1302 1774
957 1606
1783 2350
493 2183
785 2398
761 2185
291 3118
259 611
1159 2613
1115 537
759 524
1781 3020
1053 1689
1529 471
1363 1217
1729 3684
818 1436
1800 3634
616 2215
1525 1932
1179 2773
1198 2946
792 3343
622 1782
1100 781
1160 1193
372 1200
1206 1059
1787 909
1374 2441
711 1220
1771 2207
1223 2811
1465 3804
1079 902
74 1151
1169 2729
598 1689
589 1521
1813 3810
1509 3165
232 823
470 1308
651 480
1587 2931
1643 3484
242 561
203 1290
615 2251
395 175
250 2136
1814 3675
1009 2524
710 2689
1677 2927
946 1547
828 2086
856 1220
764 3516
677 1194
1271 170
1797 2585
1545 671
1829 3690
844 2176
431 2169
75 1618
967 1848
1245 2896
1047 3308
1769 3780
518 2086
7 549
1513 2887
149 1527
148 559
1237 2905
753 1009
1273 2113
491 689
1609 3460
873 2248
1325 2090
358 707
84 549
240 2651
1184 1775
1640 2833
1533 2493
486 1235
1589 847
85 258
331 2123
1381 1189
297 1748
400 513
1373 3145
1181 3713
1221 2065
1168 523
66 959
1267 2938
695 1220
1087 3028
215 308
1226 2725
1515 3028
1288 832
1812 3656
1280 532
691 2231
9 2653
266 991
783 3428
1667 3558
1165 2980
1830 1779
1556 3777
357 1729
1182 3548
1089 2579
1488 2494
937 1522
195 2271
303 954
38 290
1112 3822
1435 3252
1158 2871
602 1761
564 611
1758 3751
1045 2121
141 1418
1534 3368
1772 3263
1146 2251
806 3571
1128 1769
611 898
675 1722
712 3537
734 311
1290 2968
1306 2090
95 1237
1624 3576
1428 3370
1076 1959
996 3750
288 962
800 1373
1532 3772
766 2820
1641 2826
588 1377
1101 2063
333 1872
274 901
238 357
1731 2231
270 3733
1309 1500
1554 3737
1806 3343
350 3022
1283 2926
316 1232
267 926
428 1315
1511 2237
918 3370
1021 1744
668 1805
574 1733
1463 1212
835 2576
1189 3665
1133 3375
1517 328
1555 3741
1766 2401
1333 2266
1281 2926
1679 2943
1521 3182
48 805
1839 1603
516 2435
1651 3561
1377 1608
484 2457
183 1919
487 2296
328 2895
1066 7
434 2169
1225 1220
62 3078
692 3466
853 1813
1256 342
1735 3708
145 1504
943 851
289 846
1329 3125
18 170
3 618
424 96
1075 1831
782 1216
1095 3213
325 3215
1070 2811
950 1643
670 1855
1068 3347
1082 2616
1217 1015
1611 3535
1686 2258
809 2729
966 2303
1202 1896
1501 1197
1292 307
608 616
1693 2281
80 1754
449 846
82 294
212 1782
708 2263
1093 3281
379 2592
626 771
1505 3352
411 615
1248 2801
1502 3473
1671 3560
401 2258
923 1427
1565 1758
664 1156
87 1272
1315 2509
1631 3522
1328 2113
1022 1687
968 1604
1167 3111
390 1207
1388 3180
196 561
14 301
1 2600
72 3215
1163 3022
255 1032
1240 1124
1261 3407
519 511
786 2801
1262 3365
801 2440
1162 1207
1038 3507
1375 3413
361 3343
604 886
1252 1677
1147 3466
541 1749
293 1160
577 2546
505 2166
99 1207
315 3154
121 750
264 1194
931 1521
29 197
1078 901
1568 1157
1507 3761
81 1169
343 2025
684 3039
1299 2023
1218 1020
1604 3453
1270 3684
1528 3280
12 118
1828 3220
920 2457
993 909
1602 3348
947 846
282 2496
1858 3828
78 930
1368 2107
591 1204
912 1184
1308 1197
26 617
150 1407
693 1207
652 304
1285 2963
1661 2811
1712 3621
1821 2166
1173 3606
1161 3413
1630 1478
1260 932
1024 1392
1753 3003
755 609
17 254
356 467
380 30
228 2643
51 1794
1834 3748
1348 1184
744 2561
592 729
396 520
226 311
1773 3059
249 922
1028 1690
292 3322
92 1187
908 2197
1588 3721
70 3331
1530 3736
257 1722
814 990
143 1605
1343 3665
1522 3361
311 2926
686 2397
68 7
1698 3758
41 1654
1335 730
509 2
404 1234
278 522
1519 3377
227 1788
1311 2875
286 2143
1289 2211
54 1186
1666 2990
1366 2231
1421 2255
998 399
1414 399
313 468
418 2110
1040 2117
1392 3408
501 302
332 3338
992 3144
8 2937
381 1260
1152 932
258 1059
386 3304
736 1920
694 3600
1836 3741
489 383
1699 3589
575 2545
23 1187
1132 1935
1154 1150
1032 3789
1711 3063
889 1478
19 193
63 1009
13 1187
1716 3043
1342 3665
1550 3513
494 3177
1697 3576
479 2347
406 168
1391 2759
1139 3827
1678 2690
1702 2230
185 561
535 3331
730 1904
1504 3017
857 1601
1601 3610
310 1920
1077 2619
1765 3015
100 423
657 3343
606 2247
540 1562
884 2971
202 1779
388 3289
474 1492
847 1159
1741 3586
389 1131
1843 2436
275 515
1691 2763
1719 3079
445 2067
1350 2645
43 763
1211 2951
146 2258
256 1854
1670 3548
1681 3176
1760 3768
71 1661
499 2092
1060 3217
894 1288
1175 2176
194 886
10 1415
1803 3410
1310 3395
304 1377
1544 3376
1562 3185
653 314
1322 2971
1274 1514
427 2550
1820 2695
1792 3292
1294 2125
558 1744
248 3591
1317 522
213 821
1633 2775
251 2678
671 2678
1559 3224
621 3253
890 2277
30 2522
964 3162
769 803
1599 3610
113 1762
617 2619
1585 3529
1707 2236
702 2672
1824 2729
1145 2565
1269 3368
77 2059
747 2524
538 2729
109 1788
976 1919
125 2498
811 3436
1383 496
1246 313
1091 2970
623 2970
1209 3471
865 847
1007 3378
97 2238
1694 3568
98 118
135 743
1689 2281
607 846
624 3281
698 3167
1722 3659
1518 2165
1662 2256
1284 2470
231 1277
27 168
1416 3787
576 2540
1171 2672
0 771
147 1514
875 2258
1704 2836
1085 2170
1002 3565
1305 2436
268 267
1776 3405
1628 2883
952 2637
336 1643
790 1169
1177 3331
1454 3291
1672 1700
347 501
739 2231
1520 2109
448 677
96 1260
1516 2959
1597 2024
1447 3251
58 1764
1709 3214
1654 904
1543 3813
337 2025
366 1740
209 2571
1286 1365
593 1700
673 789
482 2889
365 1915
928 3384
886 2248
1713 2643
883 1358
272 1909
269 775
1314 1772
1571 2078
204 763
464 2877
1411 1140
1065 3110
829 2258
681 843
124 622
571 2550
1497 2556
1782 3260
705 1946
476 972
838 1250
353 2253
1649 2826
796 1682
323 2508
1088 2390
1683 3260
344 308
770 308
701 2625
1514 3813
1207 2336
1791 3276
1393 2981
490 1514
1135 668
1318 2258
877 2509
1743 3586
899 95
1613 3424
888 677
192 245
207 1654
1801 3066
991 3293
488 602
1489 1364
1090 2155
1125 3372
707 962
689 1193
230 1785
392 118
1031 110
1727 3677
140 3751
1816 3728
279 3451
703 467
1807 2569
1303 3361
985 1169
340 2610
229 3823
1763 3777
921 898
1665 1905
580 1742
59 338
382 2083
658 834
1848 938
859 876
924 1820
909 1464
927 2363
719 2565
1072 2466
550 3296
718 3791
662 832
1569 3819
727 3424
1726 3503
1131 2457
1500 347
1212 2753
1442 1744
1840 3773
1186 1954
104 527
417 1789
441 972
1701 2588
716 903
144 1605
1642 3806
1360 2296
435 1808
28 251
1809 218
1847 938
586 3454
1815 2986
914 2660
1263 1860
1645 3495
1150 3810
1035 2588
263 323
1825 3593
1756 2453
444 537
459 473
414 1733
276 1770
139 170
1191 3424
1183 2586
1483 3584
324 101
1148 1059
1197 3445
1636 2970
287 2085
457 810
1490 96
1354 2458
1081 3261
767 3633
1409 1935
723 1948
868 3125
901 2251
430 451
377 1187
925 2281
1750 3240
1723 3669
1353 3708
60 946
822 423
1063 2666
1745 3537
402 1339
648 2457
1228 1473
394 423
451 2145
1805 3241
1608 968
1746 3424
1104 2607
199 2598
1496 515
453 2968
1062 3345
1688 1500
649 1935
1039 3454
405 2588
108 130
1739 3573
1358 2667
123 2389
1623 2883
246 1805
1113 946
1178 962
714 615
1487 3049
399 520
110 368
1747 3039
15 615
1598 3308
654 3379
780 1820
1663 3428
423 841
1330 2643
176 519
646 797
1808 2604
21 193
929 1603
1728 2231
1130 1941
1127 3706
1451 3208
138 365
1481 2735
1652 3816
363 2060
1498 496
797 1749
578 2526
1201 2343
130 1389
497 3382
528 2991
1344 3047
334 659
283 2263
905 2258
415 520
1071 2050
1740 3591
545 2876
1499 1214
986 1246
709 3592
1196 1920
1527 3628
69 468
1033 2526
458 972
1626 3522
88 824
94 88
442 3741
327 3628
1109 2170
900 934
669 1875
252 1855
1819 3345
1340 3659
860 2242
115 617
1804 2561
1818 1837
1210 2753
1647 2842
471 2325
271 2256
749 1162
1506 2802
741 1284
102 531
1844 2155
1618 1836
752 3371
1503 3005
750 2951
1841 3403
1832 2567
1615 2248
1361 2382
1549 834
320 2524
1717 3380
1664 3598
1492 3227
420 368
438 2860
1042 2148
1794 3554
1282 3395
1754 2624
1401 2714
1446 2993
111 368
407 536
1279 2619
156 3213
1682 2002
1837 3437
285 3592
1684 1213
731 1920
120 886
1658 3471
874 3290
1547 2672
1580 2645
1736 3684
338 2977
412 667
1737 3579
107 2643
699 2664
590 2148
605 3192
477 1262
466 314
419 368
1751 2457
280 2795
887 3522
1326 2836
1157 2047
295 3316
307 1200
25 495
131 73
503 1603
114 1355
1622 3459
1629 3568
892 1141
942 2435
1341 883
294 1542
1724 3090
1301 2587
1204 2040
1831 3199
1644 2907
1761 1154
281 2869
830 1639
839 1207
1648 3520
1394 991
1219 3769
742 2277
1332 2856
854 1441
729 3198
463 1480
480 170
1586 3689
613 97
740 1900
129 976
751 3475
1017 914
1357 2835
1762 3784
904 617
335 1062
688 3630
1685 3561
1349 1484
1307 1355
876 2231
951 2916
1073 3624
527 2769
880 875
1718 2645
1656 2085
798 2638
24 743
1319 3063
1616 1214
941 1366
1738 2592
436 3125
862 427
1567 2800
1376 3240
467 2258
1469 1936
618 6
1563 3567
1700 2496
1493 2586
106 1639
903 536
1257 967
556 914
117 2642
840 1643
917 1610
1156 2171
168 2217
906 2187
1304 21
810 305
916 2626
704 1703
461 1413
1067 3701
910 2613
446 2640
748 2167
1192 1914
1732 3683
1822 2972
897 1742
443 2168
387 2041
656 2651
450 3362
1720 3368
1345 2249
1627 1745
1339 3512
1495 2101
1817 3656
867 1955
1759 913
273 531
1833 2104
460 972
1356 1789
1795 2261
902 2660
265 3658
1347 3360
864 518
1337 1769
462 2326
919 1789
1214 2667
384 30
481 3088
891 1261
403 1237
105 1172
126 2927
1084 3595
455 1141
128 1471
1725 3525
413 972
478 1605
452 375
1612 3403
1475 2723
1749 3283
472 2879
