0006.jpg 0010.jpg
69 2404
66 1115
844 4052
856 5174
203 385
296 4008
441 385
848 4057
667 385
202 382
1124 393
284 361
55 4052
73 2423
364 5129
263 382
501 385
308 2405
130 361
464 385
286 393
737 361
442 361
295 5095
194 385
769 382
940 5180
143 382
939 5180
438 382
863 5179
465 361
831 5096
782 361
271 382
654 385
232 382
437 385
478 361
1482 5072
825 5958
138 361
495 385
137 361
21 382
727 382
1513 6053
446 361
1092 361
71 1124
450 393
726 393
2 361
20 382
198 393
1091 385
310 2420
237 361
477 385
150 361
270 385
473 361
511 385
37 382
149 385
120 361
460 361
502 361
2101 6511
231 393
136 361
496 385
855 6053
36 385
265 393
772 393
1492 5979
402 385
781 672
507 361
799 382
785 361
461 385
1449 672
853 5160
2102 6512
809 393
1087 674
655 382
1129 650
666 361
289 5062
398 361
474 1045
662 393
129 641
864 5072
44 361
808 672
1387 393
803 385
1483 5073
500 673
1058 464
512 382
135 385
312 5171
857 5171
119 361
826 5174
849 2405
369 5095
266 385
1128 361
729 393
238 382
773 393
447 382
262 361
146 673
817 5062
472 674
436 673
45 361
2121 6544
802 382
867 6066
1532 6579
1078 1823
768 655
731 382
466 674
49 365
740 393
22 361
100 4003
814 393
508 382
453 677
60 560
1529 6581
741 1045
1905 6272
1341 1793
400 674
1089 486
401 393
204 650
50 361
1051 1513
34 382
1112 977
356 4003
272 382
397 382
468 673
1424 1822
101 4003
451 903
1712 3641
476 677
2127 6562
2122 6537
117 641
144 641
199 387
1041 3641
201 674
1127 674
656 677
1061 903
2279 6092
497 674
526 618
1386 393
1053 717
509 650
1075 800
702 618
978 5095
2073 368
738 1045
1847 6132
965 6023
742 464
200 387
528 618
1088 1823
786 645
1060 368
651 382
1479 6501
1522 6064
1428 1045
724 370
1590 2435
665 674
1111 977
784 674
798 382
1776 1823
449 674
977 4008
1425 1823
804 674
1126 1041
1518 5174
1722 1495
475 650
963 4057
443 674
290 5072
157 1123
145 677
26 685
771 669
267 677
815 650
371 4089
233 674
273 650
35 365
514 677
1450 486
1057 1045
1308 1856
504 669
774 677
2126 6554
1380 626
1448 674
830 5979
1788 1822
1493 6053
743 677
1895 6235
1115 1822
1079 977
46 358
97 2376
1447 1041
291 5073
2135 6572
368 2376
452 486
440 669
1125 370
1429 1823
1878 5478
1052 1513
2378 4688
1473 6500
2070 1822
1116 1823
51 358
463 673
1269 1994
728 674
1724 1512
106 2440
681 600
229 382
824 5954
1059 677
1445 393
2093 6500
2131 6570
787 650
1998 3017
52 382
1750 1823
347 2738
1496 5968
725 669
753 2186
1021 5478
1994 6387
668 650
439 1856
2023 1823
1791 627
275 1008
448 1041
1484 6505
24 382
359 4096
2026 3314
1048 1823
287 641
1062 486
777 4975
414 2387
1076 1041
309 4069
1090 658
698 618
650 1822
2204 2436
1865 3389
462 674
2430 5696
1688 5212
185 401
1446 645
2612 6543
739 650
2344 4516
649 382
1430 697
1811 1554
1109 1854
411 600
2024 1822
288 385
1150 3359
1077 1854
197 382
730 1856
503 674
1249 5532
2071 1041
1470 800
640 1864
1792 571
311 1080
1309 606
1519 5946
152 677
1691 5212
67 2435
2074 486
445 658
1340 913
360 4096
370 4001
1687 5213
629 401
1306 3591
1350 5196
2113 5968
2582 5926
934 2425
121 650
1081 673
1426 1856
961 6066
1388 4895
975 5073
582 531
783 1041
2143 1291
680 618
1512 6554
634 1994
1427 650
1735 287
513 464
2441 6272
65 673
94 3995
1008 5212
1725 717
1301 2296
33 836
1274 1864
471 669
1526 5117
652 674
1033 1582
683 618
1063 658
1288 697
98 1124
2088 6482
2021 903
700 600
1147 348
192 1873
59 381
1960 3562
352 5196
1148 1867
1498 1867
653 650
2095 1512
661 368
606 759
911 2419
1284 530
1379 2921
151 641
1031 4216
1390 2292
1369 3596
660 385
2000 5196
2292 6095
924 3521
1212 4504
2140 1291
991 2440
403 650
1254 822
1663 4073
1721 1464
1047 2921
1573 5185
1286 913
1741 4354
1539 2259
839 618
1757 722
1110 627
1114 1815
377 2440
664 669
1049 800
1186 4488
529 348
321 5180
1181 4488
2379 4693
1644 6562
2015 349
327 2408
2289 6095
264 358
1726 5860
2290 5213
979 4089
801 913
607 759
2701 5216
981 5954
1656 6083
2027 2246
64 381
1146 3360
1360 5196
1034 2664
53 385
2081 6573
2703 5213
1337 3567
623 822
2145 6579
2427 6129
2659 5485
1537 4062
790 3824
83 1020
113 1139
1857 5401
1005 5213
2500 6209
879 2259
209 618
2336 4516
313 4099
877 4062
1460 5022
1758 6322
842 555
1233 6235
413 618
1683 6095
1441 4980
2048 1823
1250 822
1665 5230
1777 1701
1170 4270
315 4071
184 1008
2380 4690
699 348
1707 4216
682 348
1480 348
116 618
527 641
2168 5145
375 1121
703 348
1881 5542
78 1963
2016 626
1800 6255
810 348
1809 1554
800 618
1941 3131
421 600
710 1865
546 2504
2403 6498
1849 4488
1618 564
2020 672
536 5860
419 618
2418 4718
29 2436
816 5056
2144 5117
770 358
17 685
1300 3307
891 4918
1257 1966
1036 6498
1648 4660
2150 6000
2489 5549
2316 6498
1790 3342
1671 2440
2109 6554
294 5968
969 4057
2100 1479
1746 3334
236 464
843 618
1862 5533
1417 5006
987 1123
1503 3944
18 779
1343 618
1516 1204
2203 6143
1494 5944
376 1121
47 2198
242 4329
122 405
1647 6569
1549 5236
1377 3290
195 385
1376 1513
1858 6210
1771 99
1630 6544
379 5213
2098 3562
306 2435
632 27
112 1115
1001 4121
1230 6272
1625 5979
2648 6255
74 1075
1855 4488
1587 4574
1686 5213
188 27
1285 795
1959 4854
99 4092
2395 6610
2201 4574
631 4017
1925 5222
374 4113
104 779
191 2011
2639 2663
362 5947
1813 5662
954 1682
258 467
701 555
2606 6579
1344 2097
399 669
1708 4268
1896 6235
10 738
923 4107
748 4897
2369 2064
643 3356
1661 5230
1942 6341
1681 2794
459 535
1607 1883
1050 348
189 1873
1476 5056
1992 3259
1670 6092
333 1963
2051 3745
1287 1053
2193 6089
390 2423
2328 6123
1311 4764
562 6498
2001 3770
1929 6272
2505 4840
2627 5119
1856 5401
434 4957
1626 6066
633 376
1880 4591
880 4071
1232 759
1540 5136
1026 1732
213 1504
1138 2617
1770 3334
2284 5213
2251 2274
2266 5204
300 5314
2107 1462
353 2324
372 5954
109 1117
2442 5401
1490 5075
1190 3027
806 3927
1734 2292
1123 1862
1623 3790
1271 4397
1654 6511
2594 5002
1108 348
1968 393
384 1929
244 4897
1003 1135
1846 3024
2072 3342
909 2419
1955 2945
2704 5213
521 4139
367 5062
25 618
1884 6531
239 772
27 355
2698 780
385 3728
2115 1867
389 24
1521 5063
1797 5266
2699 5213
1382 2603
186 376
605 5949
2275 6089
1345 2098
324 2408
986 5198
1295 5678
2119 3360
2240 3309
2624 5678
2360 2848
499 3144
1438 3496
2163 6000
81 38
1867 1558
1938 3314
1804 5208
2377 2959
1501 4800
1096 1532
1650 6554
31 2309
1730 4234
794 5921
723 3591
1653 1682
2416 6563
1892 6599
110 5141
1149 1554
1888 393
2085 2147
2494 5549
1378 567
2138 5116
469 670
177 2174
1740 6272
776 4975
2065 6486
874 4071
319 4071
2116 5037
588 4809
789 2392
1056 4234
2067 4980
103 779
2340 3655
63 669
813 1822
1268 376
2184 2986
1690 5213
841 641
1711 3272
2549 6019
1195 4936
1305 5550
902 2946
1996 5747
2230 541
420 348
72 2538
1095 4300
1352 2107
2451 3038
2507 5881
1812 1557
2622 1272
1534 2388
873 2388
1586 6079
2087 99
1628 5202
591 4809
363 4918
1198 1558
2598 5063
1606 5196
1469 863
2352 4235
2125 2330
2684 3204
1844 5680
9 1001
424 499
712 5534
2599 5063
366 673
361 817
889 4071
2619 6551
187 407
865 2436
2265 1660
1242 5389
2501 4268
1251 766
1173 1283
2136 6000
2654 6077
1205 3615
1972 2147
282 4104
959 5979
91 1124
616 4066
1622 564
1536 6000
102 2356
62 1730
1956 1470
1517 2332
1775 586
2192 5185
1068 2509
155 774
827 603
93 27
1502 1732
410 618
1523 661
1192 4488
2141 5529
870 2356
386 5141
2641 6039
1013 2429
576 6012
1971 914
886 2195
220 499
217 2436
1872 5542
2146 6010
2390 4887
348 5072
893 4083
982 5932
690 5643
2282 6607
888 512
2134 526
1253 504
1569 5203
2387 6255
223 2440
2160 2047
89 1077
744 5196
6 2956
1649 2030
1222 1922
125 463
2323 4251
1203 4088
1267 1992
630 486
1617 6410
168 736
2022 792
2556 6489
1655 4089
1668 4861
1210 1900
2112 3862
2486 2763
1556 4312
84 38
2129 283
2595 6568
326 2946
128 4957
2319 5313
2689 5920
2609 4953
1864 4050
1488 1937
1660 4119
382 4122
1361 5988
2389 6129
90 4092
2477 6338
1970 3225
2504 6416
1810 2959
2105 5373
2294 5213
2539 4549
1852 5970
2206 6563
2060 6195
38 1139
871 3099
422 555
792 507
524 1849
1944 5682
1495 2633
1307 3334
1321 393
1204 1899
2014 2406
159 6151
1439 3578
1564 5196
933 5108
2165 315
2242 4554
2061 3125
2376 2668
2156 1651
277 3162
2602 4999
2330 6100
2118 5075
57 2219
1004 2270
1885 2570
2254 6562
1459 3549
1246 2409
320 4071
2664 6451
2293 2243
618 516
2363 3401
931 3099
23 385
285 373
491 5116
2487 3601
331 512
1703 6100
388 1109
351 3594
537 2104
2424 6468
1848 6255
812 1822
983 262
1749 2921
2268 5968
2516 6446
957 6067
1456 512
2649 4543
1028 4216
960 4008
811 913
2049 3342
269 1105
646 1873
2194 5156
1698 6133
228 1277
1010 2423
2130 3645
2318 6106
1658 3885
1025 863
1682 5213
674 3591
2267 2174
872 2081
162 1957
1182 2575
305 1064
153 1069
2679 1680
2423 6086
115 6608
489 189
1193 3659
1870 4726
522 1772
2322 6272
1662 5968
1594 522
523 5951
847 5828
2686 6139
118 225
2099 2862
586 1107
540 3954
261 1333
485 4397
392 6096
955 3796
1235 6242
1404 2186
82 38
1012 2439
1961 3125
1973 2019
105 1999
1868 3144
1723 3254
2478 4668
2154 5994
1827 4032
2262 3885
1264 1992
1504 5075
2011 3596
1214 6280
114 3540
1133 4354
1646 6083
1684 2144
1700 4501
520 3169
2633 6566
2480 4548
1550 6037
2550 5246
1731 5804
927 4027
684 1064
1224 1159
1853 4488
2133 5063
1505 3065
1261 4683
1372 2406
2238 6562
2288 4122
2075 5313
68 2412
2246 1673
2187 5185
2611 5318
2295 1092
409 1793
1801 3732
1950 2937
561 1020
882 4071
1694 5657
299 5440
393 3540
2189 2971
1209 2978
1017 5025
1745 440
1689 5215
2271 5210
2278 6089
1595 6255
2114 1065
2270 374
1767 3399
391 1109
2638 4817
2597 6579
487 1327
1991 1042
2239 5887
1826 5486
235 3159
554 2214
1937 2931
1187 5222
160 2195
1879 1229
603 4897
2258 5210
1074 6098
2335 4668
535 2337
989 1121
1754 592
581 3124
245 2170
1889 5853
1829 89
1773 3725
111 2907
733 3449
1901 1616
1334 2654
2391 3319
2153 5119
2263 5549
1600 3319
2338 4424
1837 5271
330 5196
41 329
1270 2674
647 2990
1531 1094
1899 6178
2696 6607
338 38
1481 1025
560 6195
1620 6511
2269 6252
1615 4045
1789 606
881 2195
937 3979
2231 1884
2216 1884
1975 1820
486 2796
835 5289
307 550
721 4843
2371 5014
2215 3319
860 4186
583 2429
2092 6579
2248 5400
2548 3655
1178 568
2166 5098
2010 4816
1614 4543
2656 2567
1211 5289
2522 6380
1244 4118
1990 393
861 1254
2662 6143
1611 1884
1452 4027
2182 4636
2171 6047
2692 3389
167 2362
346 817
2400 3696
2583 5036
1786 5308
2584 5036
2603 5493
1524 6092
1685 1135
1613 512
706 1261
1989 5244
1567 5145
412 348
922 2386
2410 3866
1302 2217
1241 2264
711 5185
0 5219
1391 1103
2124 1673
1236 3595
2437 4490
2433 6446
2059 512
2565 6504
1200 3144
480 522
2208 4165
1696 2439
1921 2988
1546 6037
170 5063
1006 1019
1282 1580
1863 2572
722 2406
584 2429
846 5219
985 5198
1339 1495
2557 6484
1453 5921
2237 6511
1828 5423
679 3779
2283 3620
1043 1517
1007 30
2577 6171
1410 6378
1273 2459
1322 1682
1599 1884
12 4124
219 6031
780 5182
1084 6357
2368 2064
2343 4668
1324 2729
1201 4655
2563 5046
479 5108
1094 5108
1781 5523
1640 1041
1632 5888
1314 3496
1418 5196
1562 4066
75 41
692 1082
609 5949
2569 1309
208 3779
1347 3588
565 3513
2076 4300
2652 5187
1631 4860
1787 1814
1891 1139
131 1172
1015 1245
2620 6548
2383 3313
1535 5142
2006 5518
2674 3069
124 382
1969 3225
1103 1969
1778 1588
2628 2733
1779 5533
483 3027
2002 4840
2613 6539
1024 525
2151 5117
821 929
1218 3862
2359 2848
314 2395
1153 4591
2111 4800
2321 5384
1206 5542
1729 4187
1527 4076
318 617
601 1139
1592 2402
1216 4053
1808 1078
693 6549
1830 5401
2273 6269
210 4105
1336 464
56 2405
2214 4909
1677 5213
2661 5150
2680 1937
2139 2565
2660 3440
1478 1041
557 3788
1363 3499
2349 4176
246 183
1672 4825
614 668
617 5970
1967 3272
1935 3749
2286 6093
1743 2974
2484 3225
2367 5721
88 2412
1142 1391
342 5163
1894 5417
387 711
1912 4872
1465 4567
334 5551
283 4096
1487 1256
123 6097
1736 2654
19 779
1083 189
1980 6537
642 5075
2629 6044
2447 3049
2474 2168
996 2691
2561 6500
551 89
1165 5063
317 2414
1680 6076
61 5067
2415 4268
550 3962
2244 1974
1101 1969
858 3450
1639 6544
2175 6567
838 4957
2566 6512
455 4059
2506 5175
1196 2572
2291 5216
1756 3324
1413 545
1927 5733
587 4800
2690 4992
1859 3659
2655 5702
215 1058
383 1124
1185 5401
2179 3089
1166 89
2257 4554
1131 1558
2492 4840
2339 3655
1039 1867
2050 582
2615 2565
1850 4479
543 4251
304 5914
2167 6037
1530 2360
2434 4829
1045 5570
2326 1622
1454 6106
1588 1171
2158 5123
2420 4268
2350 4978
2546 4983
1100 3375
1645 6554
174 1568
16 1736
404 6219
951 1254
2374 6218
1840 3342
1396 4506
1737 6272
2276 4861
2028 5196
1842 4475
1362 334
1283 5682
1455 5921
1621 2187
1040 2014
2386 4220
689 5186
705 4816
2671 5787
2176 2986
906 4080
663 348
14 5968
542 5232
2147 4191
2574 5961
2152 6257
1738 5222
76 1192
2042 1969
343 5575
147 646
2421 3166
1291 5682
1228 4565
1547 315
1717 5337
759 4134
2312 4783
552 6498
1934 4112
1463 6573
1755 722
2576 5920
2623 5537
2431 3274
433 3444
1143 3185
971 2107
340 38
1603 6254
1167 4379
180 893
2570 6568
335 2371
1320 2034
541 1773
878 4061
1939 82
976 4593
1699 5401
525 1798
1035 5222
1533 6000
2705 659
574 2313
1608 3907
2094 3896
2012 5944
2053 5196
2438 5389
1509 3959
325 2946
820 940
2218 5511
178 892
2327 4516
1900 3457
278 3012
926 5185
1289 2455
2362 4600
1332 229
1943 2455
936 2790
1766 1969
1835 5271
2317 5384
613 6080
1824 622
1304 3452
590 4504
2553 6573
2675 3204
1575 4291
778 3159
1793 6387
1219 6542
1798 6430
2104 6603
1409 4739
30 3979
916 4048
2253 6554
929 5196
1451 215
645 2406
515 4990
2078 5210
1316 3496
532 6097
1499 555
2195 5228
819 317
2311 3055
435 5782
657 5174
425 2014
423 1867
571 4300
357 4028
1466 5748
92 1124
1009 5946
1604 3319
1821 900
2635 4559
416 393
454 1172
1634 6584
1836 2569
349 1682
1265 1561
2481 6563
1705 5401
925 415
1342 348
1636 2057
1624 6569
249 347
2320 2937
840 5914
1351 3026
749 917
797 322
169 5672
935 1087
1023 1008
1706 4728
850 5127
2470 5682
993 5213
481 317
1443 6270
1638 1957
1020 6106
2568 2305
1601 5423
1104 1913
707 1898
1189 6133
1375 1823
2186 6254
2384 1882
592 2292
567 5643
829 444
171 5968
1616 4418
1964 2184
1693 6093
1120 913
2287 962
1869 5543
13 173
549 6151
4 2317
669 4764
1659 3318
1709 5636
2044 6378
1910 1462
2672 5988
2148 4149
303 1020
1278 6544
579 6133
77 355
458 5478
974 1564
1875 6443
2375 6384
484 4651
1633 6544
2324 4424
405 3527
1907 4495
181 893
1171 4027
1664 2426
745 1888
1400 3177
1180 2065
292 562
1886 4760
378 6604
1471 1020
533 686
2405 3683
2110 2791
1966 1401
1217 5262
140 757
108 1109
1585 512
1979 3319
1161 6242
1728 6106
337 4640
1817 1851
1042 3014
1642 2021
1541 146
2255 6554
962 5172
1356 1472
2402 3837
1220 3319
86 5163
432 3056
1940 2015
556 1564
580 1850
539 3183
1579 5993
1843 5527
1156 1820
212 1138
624 688
1500 3360
2309 6549
2444 1048
1816 4268
2585 4437
444 6074
876 617
2329 6599
2164 146
990 389
1408 1969
506 3857
2222 2646
2543 1940
807 1008
1795 3663
1313 3452
704 405
628 1975
2250 4053
1485 2176
1860 4638
2676 4655
2678 6411
1162 4312
720 211
973 4593
268 3322
1583 1682
1904 5646
1397 6305
2233 5230
2177 5623
1054 6255
1464 444
1674 3540
1368 6584
595 6120
2645 4953
2089 6089
297 1048
2037 5909
2404 3821
2573 4424
2183 216
1727 5351
280 565
2406 3866
2540 6556
2302 6431
2159 5377
1064 2664
2621 5545
791 5778
1981 4800
281 1105
602 5285
1931 72
796 412
1016 2610
1491 5075
1458 4115
930 6046
1627 6053
1759 5478
2453 3573
1551 315
2106 4447
2128 3701
1861 3124
1139 2748
2234 2896
1799 6491
2280 5767
2043 6493
1928 2953
1159 5860
597 2970
156 1737
1902 5290
1279 6015
2537 4668
1913 786
1951 1936
1591 1582
316 2195
1751 5949
1038 1106
2592 1616
133 5155
2593 1662
2301 6381
344 2350
2315 6537
1652 4655
2185 3039
2314 4956
919 1673
1570 1673
1434 3964
1046 2699
1903 234
697 4045
896 512
818 317
1958 3339
658 1010
2032 2808
1965 3452
1370 6498
1141 1594
788 6071
1988 2761
1276 1601
887 4071
1520 2174
1764 1404
2617 6267
1011 4121
488 1683
127 2953
1841 2208
596 869
1803 1969
593 4071
2528 5208
1066 5931
339 1020
87 5575
226 2509
885 4062
2630 255
972 1041
2008 5788
1538 579
1140 1480
2007 2781
139 2549
2142 3452
1338 3383
915 4027
1760 5523
1629 5172
80 782
1176 4475
1542 5136
1954 3682
760 1851
1070 5202
1247 4066
1486 4447
544 206
1 197
1596 2461
2590 6107
1545 4043
2473 187
932 6243
2096 6293
96 5062
332 415
775 303
918 5929
243 360
2572 3399
1915 1561
1168 2986
1234 1884
750 5762
406 3210
1160 4251
1993 382
2580 2176
2358 5318
1330 4560
1780 4219
2685 3173
43 1898
2356 2135
1719 5570
1566 5182
2454 4300
322 1454
2407 3866
2700 779
837 3367
945 2461
2223 4354
1197 6039
1317 5844
2408 3821
928 1651
1697 2640
1134 72
795 565
221 618
884 4061
2419 3953
182 1878
428 1793
1157 5783
2077 128
2181 2796
1415 5056
1679 5217
1292 6107
1548 5464
2161 6565
1963 1857
1909 1000
572 4132
964 5314
901 6549
279 760
329 2426
1191 2305
828 490
158 538
1082 3334
1121 1328
2643 4205
345 2790
2080 2548
2355 5516
2264 3730
2243 3204
622 1564
1158 5426
708 4027
1794 2653
1065 3962
2571 4251
2435 6352
900 2432
492 4178
998 3515
2614 1274
538 3355
247 5076
1995 6021
1069 4300
984 2462
2064 1149
942 1138
1371 3560
1462 3315
1194 3124
2651 6580
2398 4887
2202 2425
1918 3657
1044 1519
1763 1222
1137 3732
2401 3683
1854 4506
2455 5790
578 18
1229 5540
1932 4653
498 5714
2285 6093
1280 3749
1962 4754
2426 4656
1924 6127
1985 4845
2646 2796
1977 6369
1930 6383
1248 5080
1833 1415
2259 4850
172 1877
2555 6596
2469 5682
8 598
894 4975
1873 6074
2618 1214
1945 1580
1560 2986
547 5532
1208 1439
833 4800
1805 6335
2341 6165
1319 6601
1997 55
980 4071
1326 1820
904 2300
2640 6582
1113 5714
2055 3422
676 292
2082 1002
1917 1992
941 3439
418 5655
2033 5335
970 168
575 5358
2529 6284
1327 6051
2607 2608
2562 4837
1188 2065
1506 2767
40 2272
2429 5580
1472 5066
897 4065
2331 2664
1207 1766
2235 6075
1335 2052
600 2960
2465 5777
2491 6168
1262 194
1414 1884
2702 780
2155 6000
415 5189
2180 5175
154 4821
1457 5210
2600 6500
2219 2116
2644 4553
2003 235
190 4181
2361 5351
241 4679
1136 6491
2490 2983
456 1217
1215 1048
301 504
1948 187
1571 1491
2241 6551
751 1788
1744 5008
336 1963
1412 411
430 5511
2236 5229
222 5678
328 3296
1071 3994
1383 4110
943 2749
1022 6254
635 1872
1312 5130
1029 3551
1255 929
3 384
1635 1082
1581 6243
2472 3090
1421 3422
2046 3441
1874 3319
1366 3774
1237 72
695 4780
1637 1683
2086 863
686 6262
2224 5486
875 3177
1346 6021
2642 6273
2149 6021
2261 5533
48 444
1834 6155
2665 6210
1395 6458
2476 192
944 693
1130 4990
2198 4030
1999 5634
1976 4495
834 4559
2578 5446
994 5767
490 435
1584 5341
276 248
1511 3965
823 2176
2682 4875
999 4775
1231 6242
1298 3455
1987 6289
1355 997
28 6097
253 2192
1769 2656
2443 2527
2217 4418
946 155
1213 3537
1643 5181
2428 1822
207 852
2083 851
298 1816
1106 3378
1893 1810
644 4666
2399 3696
1772 1958
851 3611
214 6262
1515 3444
70 2047
1713 5246
950 1344
1784 646
659 1873
1431 4964
2586 4437
2394 6341
1172 1684
1333 1959
1099 4921
1508 2483
895 4063
1667 1650
2468 1936
2084 2926
211 258
2212 3303
1468 1641
2396 4131
183 3371
2306 4430
756 5898
1796 261
2372 5790
1175 4105
1897 3009
2510 4845
1610 2886
747 355
2411 5389
2066 6400
1908 1180
2345 3689
968 1082
256 1499
2272 447
907 1816
1554 1816
903 1816
2388 5580
905 4207
1419 6042
2342 2126
1714 767
2601 3373
1226 2607
2332 6100
2005 5246
2091 4486
612 4992
2511 6417
1952 5682
610 779
1514 3835
2542 5402
589 3960
1358 3302
218 796
1107 5086
2558 1604
302 5006
1543 5678
2221 2491
2297 6479
2351 5332
2305 4418
126 1867
1027 3717
1132 2090
2515 5395
2463 235
2225 6085
293 516
255 6504
1239 4312
431 3918
762 411
997 2977
966 2239
2019 3525
323 4975
2452 4760
2508 6419
2414 5049
141 5131
2482 5209
1260 2401
2047 6070
910 218
2260 5163
1102 3574
2525 6425
568 4656
626 1898
1747 5868
1179 3513
32 2423
2173 5145
1920 5790
898 947
2687 3038
1055 4187
252 3343
1845 1840
1328 6569
1704 5358
2205 4417
1489 2346
2117 6541
2450 4523
2683 2362
257 458
1475 4890
715 3197
2296 780
1310 2079
2483 2881
1444 2392
173 1107
1765 4559
1733 2914
2200 6506
2459 4375
709 1037
1555 5145
2545 1556
2220 5229
992 1877
1718 3457
2227 3459
2325 2699
1851 3181
2174 258
1716 2900
952 1816
852 5149
1876 5879
2616 5110
1774 2905
482 757
566 4983
395 4727
2514 5429
365 4117
2123 5961
1783 2749
1183 1457
598 5968
2313 5908
2681 4805
1440 4942
648 3510
2513 6174
1277 1936
1437 1149
373 3905
2667 4657
641 1978
39 1830
1823 3083
564 2394
573 1405
2029 6203
519 1331
1692 5215
2498 4875
2209 6547
205 1496
1673 6608
670 1971
1067 248
671 1971
5 1870
2610 6548
822 2031
1073 5008
793 5787
1576 4462
2544 5446
176 2751
1578 154
1761 6317
1174 1190
765 5056
2517 6240
251 796
2579 1933
517 5
254 619
358 819
921 5672
1820 3951
938 4099
1152 1650
1117 4315
1349 2024
11 744
1435 4810
1433 3795
1544 6030
1199 2383
467 5550
2274 2472
914 2395
763 619
1281 4716
259 324
1032 2198
85 3375
1098 3774
531 1798
518 900
2172 4508
1739 4778
2448 3545
1605 5256
1802 5807
1710 3225
1422 5984
2475 187
1085 1862
2485 6411
355 4104
1657 2305
1258 5199
608 5150
457 4531
761 3545
1365 6430
1949 6428
1080 2219
1762 2789
408 3991
2693 1203
2245 4323
54 3507
42 929
2057 5353
142 4465
953 1966
165 6217
1177 5207
2503 5776
1000 2640
694 5060
1822 6138
1163 5085
1732 6277
148 1159
179 4975
2170 1816
563 2132
2604 2103
380 2367
1720 1534
2657 3573
2103 2936
2694 4010
559 6500
1374 3525
2467 5450
717 4816
958 4791
2354 4931
638 194
2040 5027
1252 3954
1753 6273
2669 299
1290 3365
1957 284
15 1737
1272 194
755 3774
1385 3323
766 1492
1580 6305
1227 6134
1838 4142
2299 3421
892 1654
2038 2314
1678 1528
2668 6180
2370 3692
381 334
2422 5552
1097 306
7 878
1118 2644
639 1553
164 5966
1598 2741
1354 1978
1831 4591
2446 6178
1018 6013
1221 5046
764 1486
534 6176
1597 1488
2524 5429
2471 1857
2458 2606
746 5344
1528 6142
1982 3540
577 4270
1619 6272
688 6243
240 3335
1002 6076
1922 1648
2157 5992
1926 3943
2564 4888
832 2067
2440 3021
2581 1453
2673 5416
1589 1352
1151 572
2347 6484
1169 6009
1353 3545
1373 514
1782 3425
767 467
250 5196
1393 4433
1497 2790
1432 4339
1819 6138
2445 6504
1357 334
1676 4116
196 927
1399 2951
1266 1491
2634 4424
396 4727
1923 2004
1442 6211
2625 5346
2392 3959
1612 6182
1240 343
913 4080
920 5972
2196 4795
1293 1971
615 4992
1122 4277
967 4066
79 3375
805 6079
2461 1384
1105 4551
1294 5783
2018 4760
1507 5129
1037 3537
1986 3669
672 4305
1030 5120
2197 3881
1906 4066
1384 5198
2697 5893
2247 2244
2034 2951
1695 780
234 2357
1243 3958
845 1052
1946 5993
2031 4575
2090 4491
2626 1452
2062 4980
2589 3070
1768 3574
1072 6166
1933 3225
2650 2164
2382 6370
225 362
493 5244
1936 1037
995 4116
869 2235
2666 3474
2499 1919
2417 6568
836 1070
1467 280
132 2972
2541 3228
1558 5145
2310 6207
248 188
161 4050
2552 5218
2653 6506
2213 6082
2068 6461
1572 5177
1752 5271
2300 2729
1364 514
2381 6413
1202 2780
530 2704
107 1092
620 1878
2178 3714
1974 2011
1392 4045
193 2427
908 819
1748 2922
2004 2280
1577 2537
862 3099
2409 4427
947 4299
2054 3422
2449 1779
1807 5807
2079 5748
611 1362
779 353
868 651
2631 6580
274 2011
1461 4117
175 1855
2211 2812
2249 482
604 5120
1557 5176
2364 5770
417 5915
2063 6475
2605 2087
2588 1468
1297 4716
407 6013
1348 5368
1553 5123
2337 6177
2432 1966
427 314
1329 3211
134 2642
1296 769
570 4299
166 3814
2495 6172
548 4734
1014 2879
2009 3599
2385 6595
505 5116
2519 2664
917 2389
2188 5123
2052 4980
675 1873
1702 4486
1367 3599
1381 4904
1785 4462
1983 6375
2017 3525
2397 4463
2591 5786
2677 6228
1359 3302
341 1638
2137 2087
553 5018
2132 5565
2190 1673
2120 6524
2199 3083
2636 6567
1223 1936
1568 1578
1898 6146
2252 6500
687 5746
1436 2392
1303 6224
890 1673
1593 5353
673 160
1715 1326
956 1096
1423 774
1742 5951
2547 5361
2373 5383
636 3315
1420 1283
558 5535
2538 5571
735 2284
2097 4717
1407 4134
1866 2780
2353 1316
1609 3801
1887 6178
429 5655
2333 5080
2658 3573
2535 6303
2497 3314
1245 4992
696 3322
1145 3082
1331 207
1911 4223
2413 5051
899 4103
2488 2011
988 921
2207 522
2228 6390
2281 6595
758 5281
2162 3153
2229 6127
1275 5585
714 3302
2567 2936
621 688
1806 4271
1818 4869
757 3016
1405 4562
426 4111
599 725
2308 6191
678 668
1669 1152
2512 6430
2532 4370
1559 5623
2464 3356
1086 3992
1651 6534
2632 6416
2425 5918
2502 207
470 2480
1561 568
1256 4117
719 2307
1411 3330
1093 4299
555 5678
2688 6431
754 2623
1582 4336
2069 6294
2303 6191
1552 3044
1839 5944
58 2807
206 5542
1947 2830
585 1757
627 3371
691 385
2191 1849
2637 6553
1815 5636
2479 6598
1154 5808
216 973
2307 3421
1832 6503
494 6400
2058 4805
1406 4938
677 39
1299 6391
1416 5864
2108 6458
2226 5790
2587 6239
1602 5426
2670 5787
2232 6075
1890 6178
2460 4669
1155 1097
2523 5807
2608 6280
736 850
2393 3959
1019 5351
2691 4345
2493 6253
2521 5815
2036 4575
1184 681
1641 4716
354 2180
2041 6444
2412 2241
2496 5208
752 1843
163 2022
2439 5727
2256 5533
1871 4300
2210 418
545 2459
2366 3778
1474 6561
859 5030
1398 6365
948 2851
1510 3992
2647 6282
1883 3086
1119 3486
2304 5387
2596 1492
2298 2729
2045 3175
1225 1317
2436 4098
95 212
2462 1401
949 1197
1882 2827
516 2879
2560 2520
2509 5535
1675 4128
2039 6515
883 523
224 796
2035 6398
594 2157
854 3003
569 2395
713 796
1144 4637
2169 5145
866 984
2559 5375
1565 6399
1814 3236
732 890
2530 4634
2554 4978
1323 6303
716 1821
912 5143
1563 1283
230 5437
2466 6184
1238 4945
1978 1227
2013 5791
1401 3592
1315 1483
2663 6461
718 1840
2456 4283
1402 1843
2334 2741
2365 6327
685 3954
2518 6408
260 2827
2030 6594
619 1847
1916 3923
2056 3228
1318 6576
394 2162
350 2866
227 221
1877 6266
1953 3878
1666 2430
2575 4630
2536 2092
1394 5300
2277 5697
625 3371
2357 5445
1701 4627
2527 4881
637 1877
2457 4286
2551 6218
2526 6450
2531 2439
2346 5082
1919 6259
1135 1868
1525 3559
2520 5854
1403 3416
1574 2743
1325 5480
2348 4765
1984 6595
1389 4829
1263 5874
1477 3151
2025 6444
1914 4820
2534 5984
1259 5727
2695 4992
1164 3552
2533 5846
734 297
510 5424
1825 4363
