0007.jpg 0009.jpg
580 2714
194 1401
29 546
188 2697
186 1387
1165 4625
31 1420
567 3715
27 1406
195 2717
472 456
28 545
579 2717
198 2754
1130 3694
1127 4546
197 1418
1123 3682
528 1205
566 3714
543 456
793 3899
1163 3767
424 1134
46 539
443 456
437 1204
572 391
509 456
592 3765
577 1348
1691 4546
612 2765
971 2519
1216 3781
1704 5054
451 1310
476 1310
400 1134
1744 5102
562 3709
125 1348
513 391
571 456
206 2767
914 1108
1140 2520
1157 4606
1129 3692
123 1348
471 1134
586 2740
1087 2547
409 1386
38 542
193 2710
1159 3759
1150 1386
1690 5041
619 2768
578 1386
611 2767
607 2547
554 1204
434 1309
1725 5087
1715 3712
475 1383
1173 4626
402 1096
1139 3759
851 3129
1188 3779
602 1383
989 2661
1136 4625
162 1386
185 1382
547 1108
1153 3731
1664 1134
587 511
113 1348
1199 4647
643 3776
850 4083
561 3703
2194 5117
397 1096
1862 3820
179 1386
1564 4946
126 1310
26 537
2107 5031
589 1134
1717 4570
634 2745
135 1386
396 1062
1214 3776
1551 2543
2099 5021
807 3003
1024 1173
639 2751
1753 4647
1406 3003
752 2896
30 426
1416 4055
1386 3861
192 1348
1027 2692
1257 3816
542 510
1728 5092
34 536
598 2603
1294 3820
442 510
410 3342
1135 4549
1238 3778
591 2754
1720 5079
824 1922
1721 4606
784 3861
2037 4919
1951 4770
1243 2776
2110 5040
1917 4708
2124 5075
574 4559
184 3695
534 3637
427 1134
505 1096
1167 1350
316 1590
1802 3771
1164 4618
294 1520
1143 4559
201 1383
481 1107
1422 3151
165 1386
365 2474
270 1459
47 1388
906 1134
1333 2802
1184 2608
381 2162
49 1387
1035 2476
1264 3805
772 2969
1828 4671
812 3038
1311 3826
2113 5045
2004 4885
923 3376
635 2735
388 1062
1876 3826
315 1590
994 2399
1784 4643
595 1350
1441 4119
905 3331
1215 3780
956 2543
1302 3820
1182 3739
492 2509
2114 5045
1920 4708
1106 2283
2158 5084
1584 4356
1517 4265
790 2951
902 3328
1775 4644
1688 5031
1134 3710
615 2737
2129 5087
993 3455
661 542
1166 2712
431 1350
1193 3760
629 2772
473 2439
1255 3811
1741 3737
1317 3834
394 3336
911 4245
995 3465
1888 4692
1810 4660
2141 5099
1783 4650
1244 3793
590 3765
146 1386
2237 4692
1292 3814
1213 2755
1125 2636
1774 4630
1646 3595
1071 2543
1746 4619
1908 4714
548 1350
620 3763
305 2927
1077 3597
1151 3724
393 3328
1814 4654
2220 5126
1693 5041
658 1290
2235 5128
1465 3320
1497 3340
1537 2543
674 3813
556 2636
279 2551
1807 4646
1853 3806
901 3330
875 3336
1195 4609
83 1256
1708 4559
1183 3736
858 4142
984 2383
828 1922
830 3151
1360 3858
2241 5130
484 2471
1305 3821
1532 3422
837 3151
1668 3651
1766 3751
613 3763
2111 5028
97 2474
1450 4142
466 2399
1329 2805
533 2575
1806 3793
1878 4684
1218 2746
1462 4199
1384 3031
1944 4060
1326 4694
2130 5091
1675 4517
72 1177
1110 3652
1408 3087
2112 5087
1815 3792
60 554
642 2739
1804 4652
1011 1379
1423 3154
1463 4157
1958 4808
1222 2756
852 3214
2048 4946
1161 1134
541 3652
1186 4619
1455 4157
1235 3790
2068 4981
1768 4634
1592 2283
1596 3515
1883 5131
673 2778
1112 4513
588 3759
283 3336
1706 2667
1864 4683
289 4249
1208 3766
1723 1134
1765 4619
2142 5073
1549 4324
957 1120
646 1422
584 2728
991 3478
1800 4655
314 1206
1838 3805
56 539
729 2802
341 2001
1298 2792
1762 3753
525 2555
1491 3928
207 536
1348 1669
1318 3837
1789 4649
1710 3492
655 528
1866 3820
1499 3330
1227 3790
122 1350
1588 4959
2117 5054
5 1091
935 2285
1369 3941
1440 3214
1107 3638
1283 3814
563 2658
1616 4981
650 3783
610 3740
959 2326
1359 2883
205 1107
1787 5115
565 4559
1148 3701
769 2855
625 2751
2123 5079
1180 3729
430 1350
70 1256
1670 3652
1756 4598
1314 3825
2227 5127
406 2299
2024 4309
934 2297
1232 4645
1122 2476
1881 3825
1777 3780
1776 5106
1523 3376
2231 5131
480 1173
1089 2575
1737 4592
2044 4945
1210 3758
1378 3890
504 2518
59 558
2031 4309
1334 4691
1742 3750
545 2612
340 1929
1892 4691
2171 5105
1008 4403
1505 2283
1201 3744
693 2740
240 2050
453 2383
2050 4953
98 2253
1469 1455
149 1234
636 2757
1739 3736
1757 2729
1816 4661
1099 4508
1794 4645
1820 4664
1128 2625
1388 3949
663 1429
2234 4694
1179 3735
1185 3736
1844 3804
1662 4507
767 3336
717 3835
1996 4851
1561 4357
2047 4357
1782 4629
695 3710
395 1060
1417 4090
716 3834
932 2638
1019 2439
244 2815
2089 4478
1508 4249
1726 4576
1461 3296
95 2097
1801 4655
633 3761
2118 5055
1191 3740
1585 4385
1418 4101
1763 2736
285 319
2116 4538
2134 4586
432 1107
452 1350
939 2294
2240 4688
1425 3151
1861 3819
2096 5014
825 1922
187 1356
686 2768
1330 2807
1995 4013
1740 4584
692 3759
1738 4547
596 1108
1985 4219
1593 4403
872 3320
1073 3595
1205 3761
1979 4206
1522 4287
1352 3902
2165 5089
1657 4507
616 2736
1755 3737
575 2668
1887 4688
251 2805
1217 3764
1144 4559
2147 5092
1692 3695
1374 3987
1420 3154
1606 3532
2232 5132
1181 4592
637 2761
92 2704
527 3599
1530 3473
379 2164
780 3999
252 3734
653 3794
1672 3648
57 537
364 2097
414 2193
617 2736
1306 3823
2238 3831
1889 2807
2119 5068
320 1841
1300 3819
48 2690
2161 5074
1502 4240
1141 4559
2102 5052
1219 4650
1736 3729
1719 3717
1798 2389
2018 4714
879 3321
1764 5074
573 4551
204 1402
1293 3819
1873 4682
1984 3296
50 537
2139 5102
760 2386
861 2026
140 2398
808 1841
948 1336
459 2418
660 1423
94 1440
479 1176
174 1323
247 545
1870 3823
18 539
84 1251
564 3827
384 1043
601 1176
721 3839
938 2544
1254 3803
1918 3949
737 2808
196 1366
1977 4168
458 6
1699 5042
854 3176
603 1394
1284 2740
58 3734
2030 3409
1590 4409
2151 4589
1797 3302
1370 3946
435 1336
1846 3805
200 423
1430 2001
1187 3729
1875 3823
907 4253
216 536
124 423
1758 3741
502 2304
1625 3569
1770 4596
1251 795
628 2736
1921 4831
576 2669
2157 5082
2175 5095
1211 3774
1323 3828
334 1922
1773 3775
2039 4357
91 1029
1586 2422
2083 4451
1207 3772
904 2608
727 1437
1426 4101
377 1037
1624 4444
69 2704
1671 4680
1484 2836
2168 5100
249 4569
759 3900
335 2539
228 4625
1496 121
1865 3819
1354 2881
1716 5068
1414 3132
765 3328
1674 4679
1272 3805
2148 4609
1178 2520
2100 3654
170 1177
182 3695
1142 4551
1617 4438
1790 4636
213 1421
1013 3478
744 2884
1565 4953
447 2328
1308 3827
632 2735
631 2755
863 4157
1400 3985
1687 4530
13 1043
1492 4234
718 3834
2027 4714
1528 4892
626 3766
1884 4698
669 1425
1821 795
426 3599
74 3336
1146 423
1749 4589
1567 4361
1493 3345
1043 4438
2022 4831
886 3336
1923 3025
1383 3004
323 2704
557 2624
1495 4240
1079 2299
217 2778
955 2279
675 3189
614 3695
1204 4619
909 2608
438 1120
209 851
917 3367
2187 5114
1924 4006
2056 5052
1075 3595
1685 3657
229 159
883 2243
1067 238
1535 3416
2180 5109
1550 3583
1194 2729
515 2527
1434 4114
2007 5052
842 3153
2152 1537
1120 4648
1627 3566
662 1430
656 3783
1591 4970
709 2790
371 2262
530 238
822 2551
2045 5052
1325 2807
1009 3511
2105 4524
943 3282
67 1454
836 1929
945 2520
332 295
714 2797
2029 3409
399 1231
269 653
1001 2398
1200 1302
408 423
2041 4920
1713 3707
2120 5043
1051 3566
2106 5034
2133 3736
774 3880
2154 5062
337 1296
1457 4206
129 395
1701 2638
570 2608
407 1336
1271 5088
1521 4253
1016 3507
520 238
35 1177
33 1051
1291 2792
358 2050
224 423
853 2355
2236 4687
329 1878
1101 2592
375 380
1026 3369
687 3759
982 2593
172 1422
838 4095
2217 4670
897 121
1126 4523
2183 5104
510 3585
888 2189
1848 2136
357 799
2000 2836
274 1456
104 1043
1669 4513
1444 2355
1598 4378
25 524
1905 5044
1086 3405
333 2551
1162 4572
922 3369
383 1041
950 3498
1573 3470
773 1714
605 2479
1168 1266
325 3376
2109 5041
1401 3016
1336 2808
43 1387
640 3766
840 4104
1635 4465
676 4431
1029 1385
1084 3599
549 1107
833 1938
735 2807
1724 4572
1456 4168
1678 3545
1091 4478
1224 4645
1109 3651
910 1231
1429 4191
478 1385
1519 4831
1066 2527
145 543
372 380
924 3432
1655 4512
829 4051
1014 380
1007 2327
2095 3928
416 1069
1897 4696
175 2474
2021 4302
287 783
960 2279
1761 5046
277 2704
1507 4245
2042 4945
1910 4730
860 3189
1053 3570
986 2235
781 2957
1037 458
1498 4250
1906 3902
2093 5004
983 423
1356 2386
1288 3594
2101 5015
779 3004
1405 4451
1145 5127
1952 5044
1206 3780
51 2788
1538 3419
3 727
226 4552
403 3708
1248 5127
1090 3890
1158 388
132 1420
1459 3687
183 1424
2228 4682
821 4039
44 159
1265 5031
1729 1394
2185 4611
1364 4551
913 5127
1275 3805
2160 4595
1940 4794
1402 4060
327 3422
2064 4970
1570 5127
1653 2810
82 1405
2140 5098
418 2220
898 2169
519 423
937 4449
100 263
171 2327
1819 3799
19 2582
936 1120
1100 1295
2156 4627
449 423
189 2677
78 2702
445 395
1781 4650
326 1431
12 2806
1118 1266
119 2173
2009 4271
871 2180
848 3805
96 2097
1824 3797
980 5127
486 545
916 1190
689 3731
180 536
62 557
1543 4321
1553 2279
1470 4249
1270 2784
641 3776
1608 3417
627 3083
164 2326
2215 2137
2060 4933
761 3951
1117 2692
455 2235
862 2050
751 1653
158 1267
1504 3545
1095 2572
1196 2726
1061 3585
1929 4033
1104 519
1707 2782
1703 4553
1962 4114
9 2186
799 3070
1935 4945
1169 1141
1545 4288
1580 3564
832 3951
2072 4504
297 1625
771 3513
288 3513
391 2184
233 2788
926 3295
823 295
568 4686
1981 3687
1582 4378
2222 1186
1941 4794
1286 5047
169 2491
1256 3189
474 1173
2023 4920
1747 4619
1912 4915
928 4892
764 2677
85 2402
1943 3116
1328 2807
884 625
1103 388
1345 2949
732 1440
1948 4061
1980 3224
1438 3341
54 2163
834 2005
2040 4321
243 2163
985 3464
1959 4638
115 664
1860 3814
36 342
1817 4616
1589 3522
1203 2762
232 3797
1424 4806
1116 3545
918 2193
413 1083
1533 3583
1805 4123
1276 5068
1547 2387
1192 3722
1992 4856
702 2792
624 2675
866 304
1468 1289
1111 3817
290 1714
260 3411
2135 5082
24 1177
1949 4708
387 1043
1355 4245
1212 3776
373 2262
444 2608
117 2311
1249 423
1156 3717
136 1104
214 1405
733 1444
803 4908
874 2578
802 3016
1467 3820
678 5078
2003 4899
1268 4545
731 552
1841 5088
1028 2603
622 536
1663 4992
1626 2180
855 5054
974 2323
664 1062
1919 4735
21 188
1481 3321
1454 2026
831 2582
1189 2169
891 1101
931 2303
1501 3371
1559 2139
1927 4762
723 2788
1778 4643
651 3738
1971 4841
1010 1262
250 1444
1055 3341
127 2326
1536 3109
304 1772
2074 4983
941 2182
163 1267
1812 5127
482 3734
2145 5070
220 2994
594 2695
380 2163
1647 3595
1982 4447
1477 4239
835 1719
1432 3958
746 2949
0 1177
2212 1978
1241 1361
1510 2473
1381 4908
2242 4692
1033 1367
1466 239
748 4667
1427 4112
1696 4551
1839 2779
1407 1186
1700 3302
975 3470
524 2754
1342 3903
1453 4039
2054 4217
87 4214
2169 4608
343 1943
1396 3886
1172 3492
488 1219
1829 4751
255 1369
1558 2638
1600 4411
1358 4702
876 380
1796 1412
1849 1978
81 2385
1645 3488
2128 3712
540 519
477 2710
436 423
1583 2517
369 2263
839 4806
707 2758
1534 3419
22 1644
1285 2678
2225 4517
952 3745
1439 2349
621 2729
2108 4359
882 3218
1070 2527
608 2244
1916 4863
538 2592
1171 2520
454 1167
1991 2818
947 2692
1689 2625
2224 4680
1273 5092
2204 5080
951 423
2092 5001
1385 2957
1062 3805
7 388
1403 3099
1602 3545
8 371
757 2223
652 1416
1295 1973
966 3868
17 395
919 2349
1102 2742
359 2050
253 1392
1357 3566
976 4380
2127 5088
336 1922
385 571
720 2813
1372 1764
10 380
708 2358
758 3335
896 3337
2010 3109
2058 5061
1363 5060
2104 4530
151 2889
2080 4990
1327 1438
2012 4280
1795 3037
1527 739
1020 3377
864 354
2143 2885
1170 423
102 1052
967 190
844 3297
1280 5079
167 1430
2181 4640
559 3822
711 2773
2208 3300
1557 3868
370 2263
230 3695
1786 4650
2084 4993
106 1043
1732 4529
88 2121
208 851
1239 592
1093 3890
873 2263
700 3406
441 3712
2203 4055
53 4688
32 2979
988 4550
1335 4696
248 552
1449 4770
178 2657
1837 4552
1331 2689
1115 3393
1930 4033
225 2720
1472 3728
352 2520
1809 543
2073 4985
99 2263
263 3809
1230 1412
1604 2635
1983 4857
219 3189
1410 4968
1779 4636
344 2855
1361 2432
704 1391
307 1777
93 522
593 380
1934 4794
597 423
212 1416
1656 4492
1419 4374
310 2702
2125 5069
552 558
2002 121
203 2790
1279 2768
176 554
374 1385
969 3441
1460 4857
202 3753
1813 5129
1246 854
816 1878
868 4055
1226 4650
944 4556
1630 3473
1343 3903
1365 3925
539 2704
1375 2201
309 2273
1750 5062
1760 3780
623 2302
1380 2880
1435 2308
820 3171
2065 4423
1259 4803
1081 3498
1004 3511
1886 4422
242 2812
1404 3958
544 388
1856 3814
429 4556
1925 3937
899 1431
927 3379
2088 4983
133 2086
1868 2207
1114 4556
1601 3377
1843 811
1175 2253
1563 4168
266 7
1471 3728
1395 1782
321 3243
14 1043
1859 2793
306 1841
1023 357
791 1841
363 3720
630 233
1894 2339
1840 4650
1896 2808
1353 3958
1956 4093
1190 3753
973 3316
1371 2949
1771 1138
246 1436
666 2726
1694 3890
1745 1493
1258 4708
1000 4364
2196 2341
235 550
2061 4969
2150 2165
191 1385
1975 3951
551 2474
317 159
743 1360
295 4620
2216 4674
2076 3982
1957 4101
1676 3671
762 3084
997 2417
581 3701
2233 3840
694 3797
880 4433
2051 4981
1871 421
1634 4475
665 1714
448 1582
1340 3960
2006 4727
1237 1141
1611 3417
894 3356
1915 3933
730 3734
696 2779
1913 4723
1709 3696
715 306
688 3695
40 2863
362 1533
2090 5002
1044 3557
1289 4669
1575 388
1202 743
569 1030
869 573
1961 4101
1968 2606
1030 5045
1304 2784
857 2754
1945 2563
1893 4691
1198 3083
703 4034
264 5059
1978 2492
1003 2430
2087 4994
2146 5052
949 3429
55 395
2149 3497
52 5128
698 2795
1119 2520
75 1336
719 411
262 2448
292 4170
65 2385
465 383
1446 3566
1562 3456
1911 4915
2008 4688
41 3875
728 2814
1154 5068
1711 2395
1999 4878
2046 4981
2184 2043
168 2575
1231 3392
1242 388
890 571
1966 4333
1387 3016
1494 4992
1666 3638
347 1929
532 238
4 1044
946 3282
783 1772
1072 2266
2211 2014
953 1377
110 1060
2189 1608
1903 4753
638 4634
1341 2811
1511 3371
736 3833
1177 2608
826 2780
1803 2832
64 1506
1349 2287
2071 4359
2038 3419
1068 3583
1914 3951
843 2113
1 1177
1324 3833
2221 4478
522 769
1451 2754
1022 4556
1514 1190
794 3880
2094 5000
439 4287
130 300
1047 3557
1069 4970
609 2786
2226 1598
1347 5062
1076 4476
1852 5102
1320 3587
2055 4960
2005 3883
1643 2829
134 1414
734 951
1315 303
1479 2170
1640 5002
353 3214
745 3903
859 3880
2206 5037
599 380
422 3376
1096 2800
2057 4178
80 3243
690 5068
881 749
1411 5118
1835 4549
1018 2590
1287 2255
516 4970
356 1131
1842 1970
961 125
846 2590
1637 4970
1885 3470
1149 3728
1976 4148
550 1369
497 2180
1994 4843
1811 3171
2239 4700
2137 2707
531 664
190 2669
1174 2253
1476 4843
1525 4286
657 1413
1541 4945
1319 3470
73 1177
405 1060
348 1540
464 2263
1398 2582
1808 3858
1483 3356
2036 4945
1667 4529
153 3706
1964 1705
2218 3819
1260 1782
6 1356
712 3794
1313 2636
23 1644
1566 3463
1847 3807
1830 4602
211 458
1936 3296
925 4685
20 1167
237 4034
1926 4209
159 1229
322 3243
1296 830
537 1295
1108 2184
354 525
992 2514
1234 2776
647 2753
1475 4852
121 5060
1344 4497
958 3498
2013 3084
1826 4471
697 2795
37 4686
962 3417
512 3467
1267 5041
1965 3871
1042 304
101 1385
286 2031
1021 4575
1946 3511
324 2389
2081 3296
2202 4430
1332 319
963 3296
238 548
618 3722
128 1799
157 1580
685 966
1578 3097
272 2255
155 990
705 3304
450 2235
672 2248
2028 5044
1730 1360
1138 3681
257 4955
738 1444
223 1030
1518 4933
1651 4479
2026 4923
1220 3744
1065 3467
1041 4384
878 3708
2025 3982
810 1645
1652 4322
1576 3481
11 388
227 3734
1261 3093
446 1165
1542 3545
1874 2790
583 2728
1531 3630
1953 4116
105 1074
1574 4341
536 1711
1529 4236
460 1523
467 371
2082 4970
1568 3298
280 1653
1299 5040
933 2552
1850 4567
805 3813
1660 4039
1845 1760
2191 1506
144 1079
1488 571
1362 3084
1731 4039
1639 3421
508 2441
386 3392
1367 3917
457 4051
1225 4629
1433 1967
2049 4450
895 96
1831 2928
1266 3703
770 60
1754 3729
503 307
360 558
889 2247
1132 3396
546 1148
2053 1744
954 4581
915 2395
701 2788
2190 4010
2214 1978
1822 3928
827 4834
177 558
1233 2817
893 3886
1594 4405
173 3288
63 1846
699 4454
1097 4685
1049 4770
1644 1237
1556 4327
469 1262
139 2776
677 5078
1351 4714
1879 2553
506 380
1857 3050
1316 4376
401 1060
1990 3237
1642 3297
1748 2409
1473 4852
493 3208
786 3594
1937 4756
1310 2790
261 1360
1540 2139
1654 2927
865 558
710 4034
1005 143
331 1124
2069 5013
856 269
1382 1881
1034 4562
376 1841
977 190
841 4748
722 567
1032 2546
275 637
267 4219
1632 4993
972 3515
507 751
1772 4630
1659 3630
2016 4126
423 2704
1832 3093
2153 4140
210 3826
1137 3868
814 3558
1544 2128
2015 4289
490 2822
1620 5003
2207 2840
2020 2303
1963 1107
2 2702
753 2287
809 2192
265 4466
1229 151
1309 2774
61 1419
1057 3441
706 2795
2136 4848
804 3437
412 4281
1083 2562
1880 3825
940 2809
1769 3772
2186 3707
350 2848
368 1388
908 3317
1648 349
2131 4685
795 4157
1512 2395
2070 4369
1036 4384
1252 3687
582 3243
1683 3997
1301 3353
1735 2593
1571 3488
1376 2201
1697 4851
648 2726
2126 4390
1152 1470
806 4320
819 1124
1743 2546
166 212
1006 2263
254 2537
1960 4829
847 4878
1858 4958
667 380
2167 4587
1428 2762
747 1841
1734 3997
89 105
2059 4970
1482 1336
970 3361
2179 4779
2066 4156
1767 743
1442 4143
535 388
199 3658
1636 4863
1599 1203
1993 3237
1322 2811
942 2746
1970 4114
456 4550
2085 4994
1641 4464
776 3951
1490 1879
1610 1634
778 1881
2067 3227
1705 4770
425 1041
114 423
1628 3868
1458 4567
39 4819
470 3543
234 4034
867 1964
968 2365
1221 2758
2178 4779
1074 2544
2091 4994
2034 3995
378 373
1520 4575
553 415
1269 4622
1855 3864
143 3511
1281 5102
1478 1336
148 184
462 4409
1649 388
645 173
1727 3704
1031 3273
258 4808
1412 3167
421 2303
45 1414
342 4346
2164 5086
1045 3741
1080 2593
1056 4539
2219 577
796 1917
1823 3237
1253 2365
68 3380
1503 4126
921 3819
1989 4055
558 3384
2166 2269
1338 894
1997 2893
1391 4242
681 685
120 1366
319 4494
996 2707
1633 3578
1297 4454
682 4776
1539 2139
526 2562
766 4307
1793 2130
789 1624
521 566
1240 4314
1895 4696
392 180
1307 2133
754 3900
16 1146
299 1390
1526 4670
2098 5019
2014 4140
1661 1928
440 125
1904 4255
1274 5055
811 4157
801 3045
2122 5075
1650 3267
1513 3659
1827 3295
2173 4225
1900 2788
160 747
555 1256
981 3648
691 2192
1954 4093
1002 1045
366 4305
2033 3982
726 2788
1379 4320
245 1943
1278 2192
66 2235
2177 4632
1390 3041
1882 4825
351 1137
1088 1758
1373 811
259 26
496 4177
560 3384
964 742
311 571
1552 2479
763 4654
328 2667
2174 3562
494 3576
1955 4093
1698 4459
978 4183
742 2512
346 1357
2019 1896
2062 4970
2209 4744
415 2430
1339 4034
2075 4983
1572 2495
1854 2014
1377 2196
713 2788
1618 4510
679 3947
1040 229
782 4781
1509 2079
775 670
920 4851
777 4083
1524 4155
987 651
1060 2692
1718 3870
500 1006
965 3456
154 2388
1277 5118
604 2703
300 1782
1759 1976
1282 3684
1155 2480
654 151
600 4607
1605 2291
103 2186
1025 3837
1486 4872
1092 2563
670 345
312 4891
1891 2808
2159 3093
1818 4079
815 3060
1012 1058
517 3102
1085 664
518 3275
755 4447
367 4310
1681 108
1825 458
1939 2290
2052 3482
1415 2780
2001 3858
1579 4301
1105 3056
1548 357
131 3288
1587 958
487 3717
1833 1846
498 3686
241 3835
1389 3783
147 460
798 3473
930 2789
1368 3949
2032 4329
1445 4143
849 2797
142 188
1421 4380
529 675
1058 380
1712 2028
1263 3646
302 2592
1569 718
2132 4968
2176 3342
1780 4134
1751 776
71 2785
468 4142
349 3951
2086 5004
137 2707
1836 5039
2144 4708
276 2276
1064 2536
585 3810
1872 3794
606 72
1901 3960
77 175
222 2773
318 1496
345 5080
1597 4318
79 4650
649 3744
141 460
1950 3847
278 2704
1290 2351
2115 3858
1733 3690
684 2773
107 2271
1054 4970
1638 707
298 1810
491 2668
483 158
2170 1883
1988 2308
1851 2024
683 4130
138 1043
1133 4296
740 179
268 3717
461 3415
1236 585
999 1595
2205 4050
1048 4715
900 4234
1899 5071
404 2085
1209 3741
668 2135
1015 739
161 3326
2155 4012
463 383
1722 5059
1346 4365
361 1279
1791 3415
1245 2542
787 3706
433 1090
1131 4946
215 252
1799 2398
870 3180
2172 5090
1050 4687
1063 4412
181 2244
330 1812
1577 651
1052 763
281 4654
1877 2329
2017 4785
1682 357
118 1607
389 3337
1448 4846
1059 3441
659 4511
296 175
221 4075
495 1711
885 1290
1046 4296
1902 4493
1869 4618
2097 5061
817 3687
150 166
1581 4578
1938 4784
1392 4297
428 2287
1447 1099
1500 4288
1834 4310
1609 4384
236 4500
1039 4056
1321 2799
116 1060
1614 2689
1785 4147
1098 2279
818 1640
1554 1607
887 3958
1702 2554
489 2893
990 1678
76 3123
313 1885
2193 3456
1967 4829
1303 2792
877 3942
1516 4322
1622 3557
390 1043
256 4700
1788 762
511 4412
501 2053
1515 2783
1974 953
1607 3226
1124 4584
2035 3419
903 1043
1623 101
1603 3681
1673 3700
2182 182
671 249
1431 3466
912 3288
750 2220
1679 3681
1480 3252
2210 1734
291 137
749 4380
273 2986
231 4648
1595 5069
499 3387
1629 3681
1366 663
1436 2268
979 3476
1613 4366
1393 1829
1113 3638
1792 4675
1250 2736
301 2832
788 1853
797 1885
1262 4310
1247 3171
1947 4847
1621 3396
739 4559
845 4301
523 4380
2063 5116
1972 3754
1684 2837
42 423
1907 4298
1485 3473
1399 840
2192 4978
1969 1229
1312 3144
1933 4339
1890 2961
768 2031
785 767
1677 2160
1350 4242
1680 3704
2163 5063
2195 4169
1922 1467
1928 1775
892 3123
2201 5004
90 775
419 1060
152 139
1686 4315
1078 4536
2229 5123
1546 2447
1752 3722
1017 627
308 2241
282 1100
1223 1203
1443 2683
2162 2448
1228 182
2230 5031
2043 2238
1658 4999
1506 3317
271 3482
15 2271
1867 3870
1555 2338
2121 4519
293 587
1394 4283
1986 2161
355 238
2188 2277
644 4634
1931 4784
239 3234
86 2777
1863 5125
1147 3724
1437 4138
1631 1372
1176 1361
514 651
1932 4792
1695 3396
382 1116
2077 1634
724 4837
1413 3563
218 115
1665 4546
2078 1764
1082 765
1121 1783
1197 192
1998 4252
1560 3515
108 2386
2197 4954
2200 1863
112 1074
420 3097
998 3329
2138 4968
338 2026
339 1497
398 1146
725 3833
1909 4548
1714 1708
1397 4192
284 3421
2213 1538
756 3320
1619 1574
1337 2381
929 747
111 161
1452 3191
303 43
1942 1770
800 3819
1987 1616
1094 4189
2011 4905
2223 5092
109 958
1612 2529
417 4975
1474 4846
485 4096
411 1642
741 2081
2079 4972
1160 1646
156 1220
1038 145
680 2864
1409 3194
2199 2876
792 3372
2103 4934
1489 1407
1615 2093
813 3194
2198 4733
1898 2381
1487 1868
1973 1896
1464 3780
