0007.jpg 0008.jpg
28 285
580 1674
188 781
27 276
611 1735
567 2500
586 1694
29 290
424 1615
1165 2556
1691 2477
1693 3224
194 1675
195 1675
31 808
443 1615
579 1675
198 808
206 1735
197 805
1725 3768
509 1615
1157 2542
437 1438
643 1747
971 1611
471 1615
294 902
1188 2574
950 1295
1127 2477
1155 3255
1818 3345
577 534
1214 1747
578 624
123 596
1154 2523
1150 624
179 672
204 801
397 1249
1715 2504
475 561
837 2015
1123 2467
201 561
588 1702
1023 2360
1754 2570
162 598
409 624
1828 3355
270 861
274 858
566 1654
528 570
592 1708
1008 2274
1422 1997
634 1729
543 1554
1716 3247
2099 3709
932 2469
126 598
633 1723
1596 3078
1071 2378
1216 2589
639 1733
1087 1505
476 727
30 223
1205 1723
1517 2955
394 1210
472 762
629 1749
1153 2522
430 668
451 570
2113 3737
572 196
65 319
645 1755
113 774
644 1750
122 668
406 714
393 1204
26 274
641 1741
135 624
714 1787
2183 3800
1853 3359
38 300
619 1740
2237 3826
1888 3826
2110 3729
125 155
1775 3320
182 763
329 1051
913 3178
1182 3266
1612 2313
646 1752
1215 2588
2107 3727
1675 3182
1876 2634
400 1615
1079 1563
1593 3072
1892 2652
1839 3352
1873 2630
388 1199
1227 2590
1354 2698
1864 3373
1704 3232
994 2251
513 1423
829 2809
1151 2519
1095 2401
1694 3221
1766 3289
1728 3293
1195 2566
91 100
165 672
353 1145
146 790
1016 3077
217 820
542 552
1499 2934
205 786
1159 2544
571 1483
587 1362
479 1252
1523 2968
1334 3388
1212 1741
923 2119
2158 3778
1333 2651
1423 2840
193 274
1238 2591
1369 1868
1688 3207
1662 3162
46 275
793 2718
1434 2859
591 1715
466 2251
1717 3243
1292 2623
1073 2380
602 715
902 1204
772 1874
1186 2531
601 1252
850 2848
1804 3334
327 991
1099 2432
1805 3335
673 1766
1305 1784
1777 3322
607 1438
2168 3792
1862 2622
780 1897
1057 2279
1753 3316
434 1328
1450 2033
817 1974
1201 2546
650 812
1264 1771
1917 3405
1059 2279
554 1438
1024 2122
486 1441
1700 2409
1115 2485
191 717
1311 2634
1497 2087
379 1186
595 668
589 552
989 1505
1875 3374
1136 2556
481 1580
615 1687
1758 3274
1283 2616
153 659
1352 2691
1294 3370
1806 2602
2089 3683
1055 1475
305 926
1626 1475
617 2540
812 998
1920 3405
1744 3787
2240 3385
2129 3768
1551 2175
1317 2640
1771 3301
1571 2299
1190 2543
575 1644
574 1646
492 1472
1077 2382
858 2033
2147 3791
583 3255
573 1639
1757 2545
539 1553
1463 2904
192 774
1244 2602
1465 2065
504 1486
962 1645
956 1304
1183 2534
2045 3691
2114 3737
1232 2592
403 1569
137 610
905 1235
1138 2279
562 2556
642 1725
442 1423
1148 2495
1820 3346
1184 2521
357 2033
1167 668
1408 2784
946 2165
186 1654
914 1268
1645 2299
488 1464
1173 2562
1140 1362
1893 3388
267 898
1360 2675
1022 2120
1783 3333
547 715
1139 2544
545 1581
658 2564
1418 2833
901 2081
1142 1639
1424 2820
1143 1646
1537 2148
2241 3827
1664 2184
427 552
1125 1607
969 2279
340 1104
1908 3402
2102 3685
1721 3265
2068 3657
663 1762
2006 2936
1314 2638
2027 3667
1883 3379
1128 2456
1616 3657
383 1189
879 1185
377 1185
1171 2485
1218 2576
1089 2391
565 1634
922 1250
1359 2688
1952 3466
1245 2606
616 2540
1794 2592
2205 3811
452 595
1100 2417
952 2234
1844 3353
1624 3113
1874 2633
1117 1663
807 1909
769 2681
2238 3824
520 2386
1617 2325
1114 2359
635 1713
614 2571
1570 3178
297 965
966 2992
1135 3220
1043 2325
1789 3331
1608 3143
2112 3768
2119 3748
972 2279
733 1804
1814 3337
1222 1738
103 106
561 2493
1011 2461
1302 3370
939 2153
534 1560
2134 3752
1455 2880
1629 2409
251 834
1677 3133
926 1266
1564 3610
1585 3053
934 1281
596 784
184 2482
2118 3741
240 827
1304 1779
121 532
1075 2381
668 1763
2086 3677
759 2689
1843 2615
1370 2714
1676 2485
911 2942
1774 3307
980 2293
505 1249
1179 2533
1682 3218
461 610
185 1715
1565 3027
993 1391
2235 3385
1790 3324
2142 3760
774 1849
1944 3476
1134 2492
1726 3253
2157 3781
1502 2933
1796 1737
1270 2609
556 1607
309 921
1490 2935
1508 2946
653 1751
830 1996
855 2034
702 1777
1557 2992
1120 2459
1378 2695
1962 3508
431 668
756 2664
1019 1431
396 1199
1400 2768
1755 3294
1861 3362
1737 3258
729 2650
1406 1909
343 1123
548 668
1736 3257
1887 3384
2228 3820
1310 2633
164 691
995 1393
1298 1777
1643 3178
1028 1663
828 1994
1177 2234
1130 3215
474 1252
525 1521
1293 3362
60 309
2222 3369
432 784
53 304
1141 2489
1462 2903
1611 3143
852 2035
1639 2358
1235 3334
1164 3284
746 2694
1573 3043
1086 2183
1441 2862
402 562
610 1683
1670 2442
1296 1775
1550 2166
1230 1737
918 2099
1628 3161
187 769
102 501
1106 1292
1318 2642
1329 1800
1977 3531
1217 2577
410 2101
2093 3688
1787 3340
1918 3422
1927 3445
414 2099
637 1700
833 2000
875 2086
493 1469
984 2229
1742 2534
1943 2796
1070 1493
1878 3377
269 900
1300 2619
480 1670
2096 3706
909 2164
1560 2279
887 2083
1180 3257
1631 2409
384 498
1984 2909
1440 2035
863 2040
1703 3225
1149 2518
1419 2809
1589 3068
1430 1125
861 2039
720 1794
1690 3213
453 1363
824 1984
47 781
2164 3277
1699 1634
955 2141
1425 1996
1592 2286
590 3284
1088 2390
1272 3354
1145 3178
659 1759
2161 3281
1646 2380
808 1942
1666 3173
1958 3495
1026 1433
12 106
244 832
2123 3755
1776 3292
1191 1690
1306 2629
854 2862
413 531
2128 3751
527 690
1865 2619
2224 3817
751 910
1870 2629
2236 3383
2044 3607
1255 2610
365 1329
1345 2694
1303 1781
991 1381
2111 3721
429 1501
2239 3828
1035 1316
840 2020
836 1094
1782 3311
2041 3594
2073 3660
906 1423
959 1305
935 1304
324 982
860 2029
2056 3667
2048 3610
1102 1553
1567 3029
387 1200
1449 3516
1720 3755
1189 1681
1185 2549
380 1187
304 972
1456 2885
1032 1645
1981 2895
904 2164
559 1606
96 486
1543 2991
1657 3162
352 100
293 901
1881 2638
1493 2938
1576 2228
273 867
1181 2530
1553 1310
717 1789
960 1310
1627 2336
1802 2585
2218 3369
2227 3822
2177 3321
1199 3316
764 1850
130 1339
316 942
1224 2577
689 2523
1868 3368
978 593
661 1661
2217 3365
917 2110
1741 3268
94 88
1498 2937
878 1202
625 1733
250 839
1739 2549
628 1712
2024 3581
1672 3179
174 731
1144 2503
1388 3445
1107 3173
1327 1795
526 689
2148 3290
2023 3576
2122 3746
533 1545
795 982
473 1417
183 2481
1427 2011
716 2640
1461 2909
1518 2963
1065 1492
264 847
515 1493
771 1871
310 1872
320 1017
1746 2531
1442 2874
360 2050
1919 3442
1129 3213
958 1306
1701 2469
1137 2415
423 2414
613 3296
537 1556
872 2065
1954 3496
1940 3464
2165 3786
1582 3049
598 2431
1759 2541
1445 2874
1530 2346
315 942
1101 1557
709 824
2150 3764
944 1501
1719 3239
2092 3684
1072 2379
865 2050
1507 2942
54 307
1126 3194
674 2613
1606 2300
1941 3464
364 483
805 1946
1459 2895
1740 3267
497 1475
2007 3642
724 2659
2108 3047
1885 2644
1067 2386
13 105
811 982
447 1356
655 1705
1377 2719
1391 2744
1529 2216
1066 1493
1685 3194
2071 3634
133 592
2139 3787
243 307
620 1729
1027 2512
1656 3160
1166 3256
1838 3354
2232 3823
14 105
9 501
292 369
862 1156
381 495
1289 2621
390 1207
104 498
947 1663
1554 2185
1204 3296
2018 3656
1749 2543
996 1402
1668 2441
1723 552
1414 2826
605 1672
1630 2227
2175 3794
1910 3409
1013 2283
1511 2956
1532 2986
75 341
2054 3050
1738 3300
1319 2644
97 1329
1161 552
1051 2336
1124 3200
1763 1712
289 2946
1402 1940
648 1759
1083 1522
1969 3520
632 1713
985 3033
1674 2450
1365 2703
1505 1258
2140 3784
2125 3743
189 776
949 1293
1328 2649
1710 2196
359 1156
81 998
2088 3131
1105 2435
937 1286
1156 2514
1521 2132
888 1212
1549 2990
1009 2277
2049 3618
941 1285
1548 3218
943 2162
1764 3766
1684 3200
507 667
347 1124
1708 1646
1683 3219
1584 2215
1358 2672
214 814
1929 2757
1420 2840
612 2481
954 2390
1857 3361
2039 3588
454 1365
512 1492
2106 3724
2084 3674
721 2645
1323 2647
422 2155
1326 1800
398 1207
2176 3798
516 1504
1236 1746
1687 3193
242 829
2155 3047
594 532
78 1872
36 293
2231 3379
338 2011
502 1286
666 1759
446 1355
2133 3758
391 1215
1470 2912
564 775
1069 1504
1598 3081
501 1481
636 2572
1957 3501
2234 3826
1815 2591
33 797
1194 2545
2030 3583
1709 2366
288 1871
1454 2039
1894 2649
1689 2456
2116 3730
549 784
127 691
1110 2442
1208 1713
1432 2025
1453 2871
781 965
1316 2655
1896 3391
1982 3535
119 1260
1525 2980
1325 2649
1374 2725
893 1220
719 829
1884 3380
107 1207
706 1779
997 1403
1671 2436
311 982
1986 3534
2187 3342
1586 1401
707 1782
974 3029
1335 2654
172 729
57 274
346 1150
1692 3207
48 1650
1291 2618
1342 3403
718 2640
2009 3563
622 803
999 2242
1207 2572
1781 3333
444 2164
1492 2919
341 1125
2003 3557
1504 2409
283 2086
25 776
1111 2437
2127 3772
1219 3333
1762 2559
313 1921
2156 3780
1187 1683
1816 3342
1558 2288
1163 2493
2160 3765
698 1774
117 531
2216 3813
469 1418
1122 1645
1934 3464
1533 2166
563 1614
1773 2581
207 1441
1254 1766
1433 2849
277 932
2196 3807
1295 1774
1561 3023
2047 3023
1192 1682
2012 3556
690 3246
1798 2564
1652 3148
2031 3581
1544 2999
2055 3638
2010 3555
1257 3355
2181 3329
1401 1936
1897 1803
1599 3077
737 831
1243 2601
2043 3589
395 520
1501 2936
745 3403
660 1762
803 1940
109 1207
797 1921
358 88
6 501
1625 3114
1426 2833
686 1740
55 301
1460 2894
1983 2894
1535 3568
1090 2392
767 2086
692 1653
1770 3281
791 1907
705 1779
1341 1805
584 1684
1337 2661
1308 2639
108 513
2141 3776
2135 3758
1213 1733
938 2152
1500 2084
2090 3687
1713 3227
2120 3738
825 1994
106 1200
2105 3708
626 1713
50 274
77 368
1343 1836
1336 2647
2080 3668
1707 3227
541 2442
1062 1771
1956 3496
296 368
1734 2235
176 532
49 1654
1206 3322
1562 3026
1635 3130
1220 2584
1909 3400
1847 3350
2064 3648
1068 2141
881 2082
1985 3540
553 1600
1084 691
693 2542
2170 3790
15 513
2002 3560
532 2386
158 690
1495 3555
2038 3589
752 1835
2050 3027
2151 3761
884 2069
953 3133
957 559
1001 1399
933 2141
1385 965
1484 1216
1481 2918
1172 2513
1765 2531
1466 63
778 962
415 1250
98 550
930 2142
1860 822
754 1845
1380 1853
1109 2441
1600 3085
1889 3385
657 813
1541 3000
1640 3687
1989 2916
1886 2660
306 1907
1384 1897
2179 3309
987 2231
821 1950
426 690
1938 3461
538 1557
412 1232
1866 3370
228 2556
2178 3309
56 2522
325 1024
1654 2392
115 905
2019 3573
1955 3496
1405 3466
1417 2826
2000 2940
927 2125
2109 3724
624 2550
1637 2383
1778 2567
2026 2975
2061 3644
710 1776
1121 3199
438 559
295 903
5 550
2095 3122
34 423
1591 3648
1119 2360
1266 2386
1577 2231
1949 3405
355 1144
1469 2921
224 1368
1276 3246
1905 3413
1340 1801
1483 2925
2082 3121
765 3555
1210 3295
59 311
734 1796
847 1220
883 1225
1494 2939
1935 3464
237 823
1528 3555
1747 3288
1540 2999
940 2161
155 667
362 1171
1363 2703
727 2649
1779 2579
1330 2649
802 1936
2242 3824
976 2236
323 1055
2219 3367
1275 1771
886 2086
2051 3599
351 467
1768 3788
796 2985
1930 2757
366 2060
1545 2167
129 313
1527 2131
652 1743
1332 1796
841 2025
1995 2745
1924 3416
2005 3548
1203 2570
1733 2120
2042 3464
290 946
2124 3777
213 1751
695 831
161 1514
2169 3292
977 1357
1678 2512
1012 1415
1745 3290
203 1728
1496 3560
373 2928
418 531
1416 3484
2021 3580
1891 3828
1563 3043
232 1764
1381 3567
2029 3583
19 193
2074 3098
1078 1504
1898 2661
1968 1437
2052 3036
1921 3730
1706 1643
1096 2435
975 1358
2154 2875
898 2087
2008 3560
1890 2657
2072 3634
2011 3564
92 797
1987 3538
1467 1397
2075 3098
498 1474
1795 3442
523 1522
711 823
757 1856
226 2493
1477 2920
1756 2550
867 1171
931 1277
132 808
843 1163
1840 3333
928 2145
151 656
688 3303
246 831
945 2360
216 423
404 1242
1850 1773
779 1885
1696 3725
247 285
1632 3674
894 2082
1510 1268
1760 3322
866 131
1397 2753
570 1672
10 102
568 2491
1538 1793
1178 1670
69 932
2036 3464
531 1526
1520 3571
1636 2912
640 1713
1429 2042
1702 3161
2046 3581
1372 959
1092 2392
1925 2746
1193 2537
687 2544
141 168
459 2259
1248 3242
1200 1712
1901 1801
1980 3531
1522 2967
1647 2381
1403 3000
924 2121
649 1695
18 308
647 1736
136 602
1284 3265
100 501
919 524
1824 3343
1852 3303
163 689
1437 2858
1383 1885
2233 3824
1015 2285
832 3462
1355 2942
1953 2002
145 296
1000 3033
95 97
936 690
2100 3181
1288 3360
761 3462
375 102
732 1797
249 2518
1769 3785
2117 3736
2146 3642
1829 3442
603 3343
1010 1418
1633 2352
1382 1901
1926 3439
1421 2823
1793 2279
328 1062
16 513
1797 3235
851 2718
968 1345
557 1606
842 2842
1846 1771
656 2590
1094 1546
1202 2588
319 1956
74 1210
896 2937
399 3370
1634 3140
1597 3716
154 666
1931 3461
1415 1991
378 480
238 823
371 2921
2144 3754
530 1560
2058 3749
1002 1406
210 812
809 1932
175 1329
7 86
546 1582
621 2545
880 2926
816 1051
618 2527
1113 1582
84 1385
285 634
407 297
1265 3727
773 946
1047 2334
457 1969
2172 3795
1650 2392
2206 1836
17 105
1373 2702
973 2164
1792 3327
1975 3466
62 312
2037 3481
245 1806
1536 2946
623 2570
899 1215
82 1707
1060 2502
678 3281
58 275
241 1789
1407 2087
1841 3772
4 797
196 775
1859 2938
963 2909
744 1829
1821 3343
1367 3414
1112 3180
2215 3385
1271 3772
2152 3280
1959 3310
2022 2843
1233 1739
1580 2250
1519 2843
1663 2437
1761 3634
882 1216
445 1345
458 602
1170 2517
2104 3196
889 1245
1638 3131
1994 3543
823 1679
2199 3347
300 977
1273 3303
920 2965
334 1094
1971 3520
2033 3584
1729 1681
1622 2334
604 794
1651 2990
1667 898
910 3370
897 79
597 2517
1867 3366
2143 3758
2225 3182
1912 3271
312 2985
1534 2169
2203 3484
1686 2454
1286 2492
1475 3537
1116 2512
211 2466
1813 3242
1438 2074
1258 3405
449 808
1967 3520
1514 2517
1996 2745
3 1166
1503 2093
857 481
2 90
1259 3486
1476 3543
2191 3807
220 3502
1515 1239
730 836
408 808
2035 3582
2066 926
1285 2493
1451 1162
87 2162
696 2378
271 2249
287 2526
631 1733
776 1220
871 2074
983 808
735 251
864 2046
895 1199
1261 1854
1642 3127
1539 2999
139 812
1785 3318
1991 2921
654 1759
749 2249
1832 2025
1348 912
677 3502
2166 3779
1594 2281
2163 3764
2094 3683
1399 2763
1807 3337
1848 3385
903 2093
524 808
1801 3338
1491 2613
1583 1033
1858 3360
230 2482
675 2789
326 1770
1085 1526
168 1545
1602 2512
794 2895
1784 3326
1410 2811
495 1480
2028 2780
1279 1740
255 2503
827 1774
2212 1477
275 901
225 2493
1108 2084
1387 1896
1280 3748
1448 2664
260 2756
1468 1309
1239 2308
1730 1644
1007 3228
1961 2833
265 843
441 2504
372 472
253 251
569 2063
703 1801
1439 2251
581 2495
1837 3727
1281 3303
1037 1308
1471 831
252 1674
1911 2942
1595 3116
1812 3242
916 2517
261 926
1435 1024
804 2263
820 2672
1029 310
456 820
1831 1266
21 168
2032 2975
1555 2140
1054 2339
1914 2852
1321 1790
1246 1235
1472 1648
1951 3635
651 2967
2213 3357
149 368
1357 1173
1263 3349
2153 3770
332 1679
1552 2385
777 1849
907 2943
662 822
1018 1422
1175 2554
1679 2409
321 2877
859 1849
140 1399
1574 2232
2115 3691
1718 3047
1966 3313
2025 3584
374 86
349 1214
2174 2333
2076 3107
234 823
61 771
1939 3611
433 1285
8 86
1524 2975
1964 3484
1404 3516
1268 3213
1082 3141
1091 3370
1162 1562
708 1782
700 2378
1344 3650
1256 2789
354 481
1871 2981
876 2921
965 2214
101 86
231 2571
1724 1562
20 666
1446 2336
219 2789
1786 3333
921 2084
988 1686
835 2820
280 3466
1660 3142
1653 3688
1396 3670
491 1644
874 1309
1509 1311
1845 3352
460 1402
482 1674
376 501
1146 808
1644 2443
1743 3143
450 2236
2017 2965
478 310
1568 2436
1978 3576
1364 3245
1366 2702
731 1798
1351 2689
1603 2143
1346 1836
1226 3333
160 2296
405 520
1093 2695
1732 1220
1869 3284
180 423
421 2169
1313 1666
1578 3656
1004 2277
1234 1761
1240 3731
770 2926
844 2443
1223 1746
2221 3683
1575 2517
748 2496
2130 3729
1526 2125
848 1322
2083 3122
1945 2999
477 791
2173 3798
1176 3252
838 2616
1196 1695
782 2084
484 1266
110 528
2204 2811
1050 2339
262 1009
1856 2623
1879 1666
826 1991
43 1654
1661 1606
1767 2588
599 1307
891 1551
80 2877
742 846
356 1061
529 1527
986 2236
846 1314
124 297
1605 2484
856 186
363 991
114 833
1267 3736
1056 1553
1033 2562
1655 2624
1992 2906
725 2641
1819 1680
11 86
1923 3438
1044 2326
2015 3569
519 297
868 2791
148 202
1823 1648
1251 399
1976 2879
1997 2904
518 2296
1473 2905
83 2301
2226 2231
435 155
70 2301
551 1329
236 1782
500 1482
99 102
1371 2811
1042 537
1649 3178
218 2598
701 1801
1260 1266
1906 2686
64 1009
2220 3798
279 2301
93 3549
2053 3052
263 3751
2162 3759
1485 3218
1800 2582
1735 2517
1900 823
1863 2620
37 89
72 1436
1960 3496
1833 2942
1590 3644
1386 1486
1681 3132
257 3620
1895 3828
2062 3648
951 533
448 593
436 533
2209 2341
1827 2942
419 528
200 297
2208 2165
964 1315
1247 659
2040 3074
1937 3439
1915 3765
370 102
223 490
1390 1914
1922 2702
664 1199
322 2877
2137 3030
2060 3111
44 2500
1389 3310
1174 1307
712 1769
1963 1512
741 1801
2091 2383
1999 2980
1395 2025
1058 1660
1542 2993
676 3302
22 730
1817 3809
810 2040
302 2458
1803 1474
679 2131
202 2559
2070 3714
2180 3803
417 536
1349 531
248 835
508 667
2078 3666
2085 3677
1750 3754
981 2437
1772 3782
627 3512
1030 3737
560 2465
1241 1644
514 1498
1566 1360
386 118
1811 2002
259 1826
1118 3225
1299 3729
517 2795
1301 2911
736 2654
798 3174
697 1779
1379 3742
550 480
258 523
52 304
1231 1660
159 749
2121 3614
1413 2267
1324 2654
229 1098
1411 2579
789 1920
342 898
278 932
1412 2681
2097 914
268 1058
116 528
1569 2437
2202 3805
1731 3413
2059 3648
1948 3024
1822 883
1021 2062
1020 1433
758 2942
235 1764
1809 296
167 175
1936 1849
23 21
1347 1135
1297 331
314 1385
1916 3198
1229 1745
1211 1629
1965 1364
1748 3251
2069 3652
1835 3220
839 1943
336 101
1249 1673
1368 3416
1601 1424
1854 3383
2184 3772
1697 3603
286 2577
463 2258
190 90
131 729
369 102
496 1471
1277 1779
582 2043
150 1471
870 3408
787 2672
1907 3409
45 763
763 1402
555 304
1842 3748
181 832
2081 1849
1855 2080
1722 898
317 2619
762 2062
1457 3333
1808 2675
2149 3251
166 1514
750 1242
694 1764
2214 3383
1362 2084
877 2888
1641 1217
171 3769
2013 2942
368 781
669 2639
1064 1480
367 2162
1559 2242
266 873
1331 835
1081 740
722 1353
1017 3512
1836 3768
120 677
1353 3750
335 230
806 3548
853 837
682 902
2057 2878
1428 1744
1479 3041
299 962
1752 2527
1225 3331
691 1689
222 1078
536 2380
1278 1689
173 729
506 1660
784 1486
1252 3406
576 1649
89 659
416 520
1988 3233
1444 1311
665 900
227 1
1048 3107
672 1754
282 3287
753 522
2197 1166
544 3227
1825 782
1458 2938
2159 2791
1993 1648
1049 1135
925 1220
2185 3822
51 1935
1045 2118
2167 3754
1274 3233
308 35
85 1372
468 3086
1074 1522
1147 2794
1478 2904
2016 2258
1320 3056
1034 3284
1587 2456
1604 480
1309 1758
948 718
1872 1758
1014 1652
2101 3707
873 523
970 1782
1669 3180
1513 2258
455 531
967 2584
992 2225
152 383
143 2277
740 17
1979 917
1780 3797
71 2459
2098 3198
684 1078
738 839
912 2953
1607 2296
1830 3299
1547 3132
1443 1659
845 2971
609 2622
699 3682
233 304
1712 3178
344 2681
76 24
685 1
1003 1512
743 2562
2131 3698
1131 3022
1237 1702
593 2876
1581 3278
1613 3641
1287 3361
1282 3595
382 914
1039 2271
814 510
2065 3086
961 375
35 91
638 1716
2190 3442
465 666
1579 1775
869 2060
2230 2637
348 3655
1339 2686
2138 1946
88 1937
585 2622
1946 1503
66 1358
1882 2637
630 2550
272 2109
786 2378
755 1837
361 707
1880 3372
256 3381
105 118
766 2059
212 1743
1904 1853
1198 2213
1253 3026
723 3084
276 531
834 2636
439 2967
1877 1769
1098 2166
2126 3122
392 812
215 771
345 3571
667 274
1269 3291
156 375
199 2712
1169 480
1970 2826
979 2809
385 481
2201 3345
138 827
301 2139
670 5
1751 1745
1849 1602
788 1914
2188 3217
747 2903
2182 2496
157 677
1104 2996
1486 905
2136 3263
1680 2673
704 89
540 299
2192 3131
1398 629
1990 1648
32 1216
1932 2753
849 932
487 1577
401 528
1588 2154
1727 3225
239 1785
483 109
1375 2703
1489 3218
40 2728
177 649
1290 1691
2034 3523
2132 1946
170 569
2004 959
489 241
209 374
892 1355
134 775
1791 2901
1338 1570
337 1372
142 168
1899 3757
1436 2971
1097 3074
1209 3289
1168 2301
1474 2672
494 2354
350 2065
208 374
831 193
1834 1914
1799 3066
1950 2674
2186 2718
42 763
333 1776
2200 885
1851 2200
1250 1723
1006 2147
785 2458
464 2477
1482 776
73 118
1307 2888
2211 3829
1322 1805
2063 1546
819 1271
2210 2686
671 771
1705 1135
799 2768
942 2784
552 649
2001 2675
1242 752
1262 1914
1312 3113
1531 3529
1974 1162
63 3027
111 2953
331 1271
1698 3568
1025 2296
800 2144
281 901
760 143
775 1222
915 3216
822 1776
2020 2281
885 2499
318 2036
221 979
1933 1214
522 2296
1452 3635
739 2503
982 1719
790 2852
1103 2556
144 118
1673 2562
990 2265
1132 3536
1356 655
1998 3708
783 972
2067 3106
67 1049
0 118
1376 2703
1618 3109
2145 2815
1228 3
420 536
1080 480
118 2059
768 2577
41 955
1221 1059
2079 3653
1614 2675
1152 2884
39 2520
1902 2346
1903 3548
86 3322
1053 3114
1040 6
2171 2453
1480 1368
470 2541
1826 3345
2194 1884
726 3375
24 2147
2087 3669
1972 2542
1512 1162
254 3347
1361 220
2223 1527
1665 1899
818 1137
558 2465
284 2459
728 116
128 1481
681 338
1061 851
1447 1162
1036 2719
521 3177
1315 156
440 1544
1942 2422
1158 2556
510 851
511 2285
1431 2763
79 1807
1928 3022
1610 3431
715 302
425 473
2189 2768
2195 3720
169 170
68 594
1973 859
490 3772
683 1889
330 1059
1609 2719
1005 1235
1046 3232
1063 2285
908 3564
298 1356
1695 2456
1031 2292
467 2477
503 2564
900 859
998 978
2193 3026
801 2914
608 481
303 3310
339 3322
1052 2106
1133 2589
2103 2658
1659 2843
1714 2430
1711 480
90 3808
600 1410
535 2456
713 2265
890 481
1621 2589
2014 3437
2207 3327
1620 2118
1810 966
1488 325
1546 2483
1623 1485
2229 3725
1947 3658
1393 1920
1913 1777
291 1920
1076 1908
1487 369
112 528
792 35
2077 3428
1 1783
606 1405
147 2011
1788 1477
1197 691
815 840
178 3342
1394 313
1041 2244
1506 3564
462 2277
428 528
1556 2239
1572 1634
499 2106
1516 2211
307 2658
1464 2060
411 977
2198 3579
680 2559
389 2937
1392 3564
1648 2468
1658 1840
1619 3107
485 1320
929 3566
813 2708
1160 2744
1350 3644
1409 2708
1038 1141
1615 1141
