0000.jpg 0005.jpg
281 156
282 152
254 143
301 174
278 148
291 158
306 173
171 15
287 155
300 167
201 31
183 140
239 143
128 60
138 139
303 166
294 163
259 15
274 200
284 147
286 159
56 143
298 165
89 31
198 15
227 15
265 143
288 151
173 37
16 143
266 139
296 161
41 175
179 167
99 6
85 15
141 15
77 122
51 139
280 156
248 15
47 37
299 166
107 107
283 153
25 143
74 133
309 175
95 15
153 123
62 150
88 37
229 202
241 4
108 107
200 200
295 163
205 82
243 143
260 56
237 158
264 7
219 143
218 139
93 15
132 123
307 54
86 143
305 169
177 148
164 7
84 37
30 56
39 1
71 139
187 66
208 70
255 163
268 31
224 56
166 20
186 63
129 148
185 143
73 78
197 200
159 37
228 4
142 56
302 169
297 162
191 149
258 56
221 143
244 143
160 46
149 46
31 101
246 56
267 27
206 160
17 104
169 41
215 97
97 49
257 139
213 90
125 4
270 20
256 1
190 66
50 56
250 56
33 100
162 204
152 4
64 26
75 143
151 150
140 37
196 56
92 158
139 56
214 115
174 37
240 202
247 143
292 64
157 66
123 143
289 157
146 15
18 139
163 169
119 0
137 167
91 207
36 94
235 30
150 97
35 11
87 56
180 50
14 56
11 93
45 80
242 117
220 37
27 101
111 143
277 110
145 56
194 66
112 146
127 4
290 15
72 37
203 165
249 123
202 199
154 66
46 134
269 83
21 149
113 56
55 9
44 55
102 104
216 87
230 56
176 5
59 196
0 64
38 164
63 170
308 180
131 158
192 149
251 5
110 147
165 54
293 162
172 143
199 188
65 6
101 37
263 40
70 117
188 136
133 8
78 101
60 37
167 189
12 77
226 164
37 56
238 4
80 158
40 4
193 123
48 121
76 143
53 174
155 20
210 87
124 8
144 104
15 99
130 37
118 52
100 48
272 63
271 189
96 154
106 105
66 158
98 164
175 72
57 138
117 56
10 19
3 188
121 172
211 29
161 154
184 61
234 6
49 34
58 138
212 164
304 76
23 130
170 143
222 68
217 160
276 111
225 188
134 4
195 136
122 184
94 206
262 98
273 190
7 16
13 163
143 143
34 97
105 101
178 56
285 113
28 183
245 189
116 198
29 203
69 37
156 183
1 34
67 22
168 164
120 58
103 29
61 118
158 154
79 12
22 37
32 83
8 176
43 24
135 83
42 49
104 185
232 118
233 104
5 30
9 36
275 190
148 77
279 183
231 98
236 72
204 42
114 174
147 77
6 134
126 77
4 116
19 15
253 114
82 139
209 91
24 30
26 140
109 116
115 62
252 55
182 164
81 96
54 163
181 17
207 2
90 64
189 23
83 164
20 29
223 23
68 199
52 82
2 182
261 197
136 113
