0001.jpg 0010.jpg
329 423
231 619
54 497
203 1500
175 1075
233 1260
105 497
130 497
4 529
146 1494
310 1530
248 236
65 1310
336 753
303 183
331 1513
207 19
138 437
309 1446
326 1550
14 878
307 1530
324 386
229 893
24 911
332 1546
276 727
341 1560
337 1451
249 236
164 693
194 669
275 69
214 529
284 874
327 1550
297 684
2 878
10 1103
132 619
149 1120
82 1546
287 703
173 529
292 1092
111 1310
216 1524
315 1530
118 945
221 1020
209 1115
335 1535
246 979
283 1529
185 34
197 1232
217 934
224 1389
151 1481
196 619
125 1224
291 1563
70 742
133 1518
147 730
333 1539
210 271
267 110
285 69
286 34
318 1532
58 669
334 13
222 959
294 153
308 919
91 1147
271 1524
39 905
288 1435
304 53
137 1202
206 945
244 1093
168 693
87 883
260 1016
124 1089
123 559
235 1168
180 551
293 496
160 291
299 1419
245 157
274 1310
237 464
163 34
34 905
253 893
211 1096
311 787
213 693
158 1534
258 993
252 265
254 34
255 353
101 1237
135 798
226 1467
46 1280
131 1310
272 1344
86 1285
305 1294
166 1245
189 1483
141 1190
181 89
282 1423
157 1030
302 1558
95 878
142 1208
174 1524
78 211
35 1330
195 493
269 1563
313 1174
89 1560
270 43
183 271
212 559
126 906
312 30
143 1443
300 936
9 800
77 1370
136 1471
145 905
0 1197
219 413
176 1093
3 945
169 1037
192 959
106 841
322 1051
277 353
88 375
198 669
134 895
215 1096
1 1374
113 739
316 792
23 1016
139 1095
119 273
103 1256
50 1507
165 1245
247 810
232 213
317 23
301 937
68 870
257 1457
52 268
129 1365
75 1553
33 268
218 254
90 945
330 746
250 1172
295 708
320 956
325 1168
97 1570
290 27
190 268
223 4
37 529
296 873
273 241
319 1396
167 1449
182 1546
279 1515
281 237
148 1312
263 415
243 424
208 321
150 360
61 253
193 1127
102 1184
115 10
108 330
85 16
188 1524
266 1361
30 494
261 1172
314 119
204 390
170 1553
220 1086
59 231
140 1201
184 123
230 984
262 1571
201 1027
57 536
179 739
178 0
110 1514
225 491
5 1186
256 574
241 1570
202 1195
159 1485
228 1545
127 446
12 173
76 464
161 1399
32 1144
69 1289
289 1172
328 1463
73 831
265 42
8 825
42 1424
239 1518
240 1182
64 230
13 56
48 396
41 1295
84 881
44 471
117 1061
121 1142
94 232
53 1507
17 444
83 1
60 1156
144 1310
27 785
109 1498
79 648
116 1112
122 1233
36 231
98 237
18 1488
104 1524
339 1405
259 1017
338 183
340 807
22 326
199 1107
56 245
92 1140
20 1107
156 337
6 473
268 79
72 1459
234 1075
236 1342
278 268
16 1202
205 1200
96 1569
323 360
187 674
238 469
280 761
45 483
242 1570
152 1440
264 1525
114 1481
227 1168
162 17
200 390
321 981
71 1117
306 198
55 68
298 993
172 720
67 1507
49 852
251 823
21 437
63 1064
7 1284
186 987
99 35
191 71
74 592
81 710
120 242
153 1475
66 268
171 101
19 1505
25 1428
112 1206
43 400
100 891
177 895
107 1368
62 1255
154 1
128 390
31 1144
38 570
11 819
80 486
15 1528
28 998
93 551
26 1455
155 706
51 476
40 86
47 382
29 489
