0001.jpg 0005.jpg
308 152
327 161
307 156
341 175
334 171
315 158
338 173
313 151
305 148
332 167
231 167
132 31
312 155
335 171
310 159
2 37
309 147
337 166
203 123
303 31
286 202
168 31
331 165
125 37
185 158
276 46
311 6
24 117
273 188
82 132
329 7
248 68
222 4
213 15
325 163
98 3
326 161
164 31
209 155
267 97
139 143
333 167
243 64
14 37
157 64
274 122
237 57
226 50
182 135
89 135
77 77
199 60
217 24
292 20
196 31
68 16
249 64
111 117
265 90
235 202
253 77
160 31
270 116
4 56
70 202
34 143
328 102
258 4
314 157
288 143
101 138
85 196
151 123
233 148
282 149
336 169
189 77
302 153
284 88
175 77
283 151
163 158
39 148
65 143
78 123
275 155
131 117
87 148
263 87
121 140
144 49
102 100
296 40
225 9
301 167
293 4
1 117
27 188
124 143
207 4
147 0
146 25
192 4
299 35
297 132
324 142
287 4
224 66
254 128
118 4
197 77
304 83
143 146
91 64
176 201
221 36
272 30
229 159
285 173
322 110
246 123
317 72
119 106
205 87
201 49
95 37
340 180
66 100
58 77
64 101
148 176
135 15
281 106
214 56
206 4
318 58
10 202
167 67
245 149
142 28
133 112
215 154
90 4
294 160
323 90
42 17
114 121
136 45
169 34
194 77
212 139
183 77
247 151
123 122
61 83
210 77
149 4
112 154
12 49
110 170
223 66
266 95
137 77
230 88
76 11
130 37
339 180
105 37
227 60
191 169
145 125
195 155
236 5
99 115
97 84
262 97
11 86
252 4
320 107
162 110
138 139
158 78
190 134
256 199
257 151
300 88
211 154
234 77
129 151
21 17
180 66
126 15
268 1
174 37
259 160
240 61
241 61
37 77
5 164
92 155
208 134
170 196
54 37
62 35
173 56
56 151
3 4
193 133
228 63
113 6
67 97
166 34
9 189
73 45
216 56
116 174
271 77
33 134
161 82
96 153
184 66
81 111
72 61
23 16
264 29
159 165
220 103
316 63
198 53
69 56
269 183
100 10
8 159
46 77
122 139
140 107
127 24
40 87
36 138
49 164
88 185
106 101
251 17
200 19
186 72
103 4
188 48
30 114
18 176
261 103
291 116
290 29
279 118
172 93
298 169
79 151
321 59
20 80
244 136
280 172
63 203
278 1
35 186
238 180
48 118
277 30
43 1
55 149
32 30
75 160
330 154
50 143
52 75
115 63
295 147
155 95
219 56
51 55
250 103
141 140
165 72
53 117
84 51
319 71
59 138
152 42
156 1
57 127
179 177
181 55
13 51
104 77
202 153
171 122
289 22
19 144
218 164
242 112
108 174
45 99
255 17
38 74
232 28
41 1
44 197
107 95
150 161
71 163
22 17
153 45
178 51
80 185
120 177
134 43
6 74
177 43
0 143
306 183
239 29
204 203
128 19
93 111
86 17
117 3
15 17
28 116
109 103
187 89
47 98
60 21
260 1
74 83
25 22
94 141
31 17
7 174
83 120
154 163
17 43
26 121
29 152
16 75
