0002.jpg 0003.jpg
172 233
64 76
119 156
162 215
89 109
195 251
178 238
200 258
193 252
158 209
187 243
174 235
121 158
173 234
166 218
134 173
170 231
184 244
179 241
176 236
87 100
33 44
75 76
104 128
129 165
159 214
189 247
201 260
177 237
169 229
127 151
122 159
190 245
82 105
88 108
128 164
131 168
194 250
145 182
197 255
107 131
59 80
93 117
58 21
209 273
100 119
106 132
155 200
175 239
37 193
56 204
102 127
84 102
208 271
156 151
21 4
141 181
140 180
153 100
171 232
192 252
152 201
12 76
191 248
72 73
98 123
118 157
24 120
42 26
86 106
44 31
148 189
11 204
95 229
111 143
18 17
25 120
29 240
157 210
146 184
147 188
210 273
151 195
202 249
199 257
135 176
65 49
117 154
81 95
35 22
154 197
114 152
41 26
161 213
34 14
136 178
198 261
77 95
183 87
22 172
66 244
55 241
94 248
126 174
80 204
164 217
30 197
78 213
212 262
143 201
180 240
108 160
68 95
205 201
132 171
160 4
186 213
46 17
5 221
165 208
125 162
36 139
74 35
48 113
188 219
216 177
19 135
50 105
196 253
73 197
139 112
207 270
116 160
181 195
130 27
215 276
123 161
52 141
168 154
213 273
54 48
69 179
92 160
109 110
142 120
53 108
206 143
91 241
3 29
51 218
57 58
26 12
203 218
4 25
63 153
133 210
115 201
23 103
99 195
20 232
144 242
7 249
31 12
47 196
217 131
96 147
28 75
60 236
32 236
61 32
43 224
49 195
110 267
9 32
14 86
138 125
27 44
214 274
39 75
124 187
16 86
167 251
0 187
185 247
163 233
38 196
8 0
45 251
120 262
10 13
13 232
149 237
40 92
71 13
105 121
83 203
70 192
15 75
182 101
67 67
113 269
1 142
85 164
79 195
2 123
101 180
137 69
97 123
76 1
17 232
62 205
103 270
90 119
6 28
211 96
112 237
204 218
150 155
