0002.jpg 0008.jpg
152 781
155 784
56 395
110 408
11 395
37 99
210 821
80 666
169 57
95 3
52 23
94 767
89 35
93 24
215 448
184 793
7 22
164 829
135 64
143 826
84 754
59 152
189 758
209 821
121 275
194 812
171 10
187 333
201 788
66 792
41 811
51 23
193 765
159 0
191 767
24 767
123 737
55 826
82 602
108 10
5 286
154 801
120 104
77 743
177 31
179 430
180 1
145 813
188 832
183 47
208 347
3 397
186 795
156 652
74 35
25 766
175 278
31 722
109 782
144 773
181 245
20 770
151 245
115 826
195 274
174 806
50 550
71 752
203 766
142 10
162 68
126 253
29 750
173 318
86 7
68 300
166 220
22 110
160 113
107 808
81 78
213 829
91 781
100 68
148 409
99 245
47 76
196 265
127 40
116 130
168 290
61 62
4 519
158 652
139 516
153 813
92 791
48 772
192 764
21 113
119 631
44 508
101 29
149 52
18 718
32 833
35 300
146 758
30 757
161 333
96 781
202 260
65 252
9 409
106 269
140 131
73 213
83 411
217 449
49 826
39 151
118 104
0 758
141 347
14 364
87 40
163 771
42 766
23 666
19 331
130 805
190 274
205 820
178 666
13 62
15 364
26 45
131 736
172 771
182 298
104 441
88 713
38 113
185 736
157 9
207 734
111 737
8 697
28 364
105 437
75 40
137 805
58 402
69 772
212 203
10 315
206 439
211 573
36 565
16 306
34 441
117 102
170 304
45 274
128 759
133 799
27 338
72 486
136 608
53 773
60 17
64 833
1 754
85 591
165 202
138 744
102 239
124 756
112 240
176 751
132 455
78 243
12 813
33 811
147 766
46 26
2 781
57 256
114 54
6 485
98 34
62 426
17 725
43 772
113 775
79 575
197 423
54 690
122 810
167 274
150 267
214 332
63 364
129 799
90 832
134 540
70 517
67 597
204 279
200 733
216 742
103 270
97 781
199 293
76 73
125 333
198 551
40 690
