0002.jpg 0009.jpg
179 600
152 1059
184 1076
80 332
37 349
164 795
55 1114
155 1061
153 154
86 701
94 551
64 154
108 693
87 154
135 278
110 755
127 688
180 209
96 635
194 1034
165 676
26 1046
77 881
175 561
11 349
186 1078
145 688
89 649
154 1088
22 668
121 556
160 371
92 412
196 1053
107 1090
177 680
56 664
191 551
116 333
65 370
84 1034
159 514
202 4
75 154
68 793
82 482
210 1115
217 868
21 187
171 1044
31 1046
20 1056
91 1059
95 50
195 650
174 1010
148 733
25 685
193 1055
24 1044
41 685
182 594
143 876
158 688
201 1088
183 902
207 560
115 1005
29 656
85 1003
156 688
123 1026
173 254
161 670
169 810
3 321
117 794
139 1007
44 656
59 484
49 781
52 9
19 350
215 806
208 713
5 1044
93 763
151 541
30 296
130 1045
140 302
178 1064
27 700
162 795
168 826
74 863
187 827
66 1076
141 370
8 343
78 691
39 121
144 337
15 16
192 1085
203 816
42 300
61 425
47 661
99 1000
51 9
4 613
12 154
188 1104
172 1064
88 761
34 109
157 72
209 1115
71 1025
126 787
100 266
36 299
131 291
28 654
181 1067
205 231
7 4
81 1038
109 1069
166 1014
118 553
189 1041
142 1052
18 1014
32 584
190 650
83 121
149 1063
104 1037
73 881
69 61
212 540
119 690
101 1101
216 261
48 891
129 544
13 165
33 700
50 390
176 707
211 681
1 1080
9 984
0 242
35 342
120 874
46 850
63 16
43 922
146 242
2 901
38 138
62 759
53 577
128 942
185 1030
147 734
16 16
102 1040
23 61
72 829
106 1004
105 263
137 850
122 430
134 277
114 828
14 863
58 655
6 612
167 534
214 256
103 633
133 256
163 220
90 141
132 804
206 1103
124 1041
60 839
213 1067
197 72
57 96
170 316
204 569
112 755
54 870
200 1086
17 397
138 1036
136 670
199 312
111 736
113 1064
45 827
125 110
150 428
10 1081
67 374
198 660
70 654
79 188
97 970
98 664
40 922
76 712
