0003.jpg 0008.jpg
244 792
201 820
101 431
221 394
205 707
193 99
41 498
109 35
276 290
55 99
48 35
82 510
62 35
79 59
248 798
97 57
260 788
29 47
53 384
37 49
200 784
35 350
117 24
51 296
92 490
184 758
232 791
113 224
172 20
213 576
98 87
25 772
246 791
87 26
219 832
99 502
160 179
269 820
217 733
142 766
57 806
85 280
265 70
243 576
197 800
86 658
204 510
216 576
111 502
155 432
206 632
80 510
31 508
270 820
237 31
45 498
136 92
195 245
229 57
24 397
185 742
252 765
186 742
36 371
78 322
249 750
273 804
83 170
250 812
147 140
182 813
196 642
134 666
135 18
103 550
131 809
158 275
228 26
47 674
110 713
202 313
272 834
58 55
122 748
49 252
212 18
15 384
13 338
214 0
59 806
194 40
154 735
61 392
105 550
254 486
251 274
259 278
187 758
203 313
215 68
67 99
192 31
144 35
183 825
81 836
120 791
141 741
150 661
247 758
218 220
38 277
6 674
69 283
112 295
118 785
17 741
106 7
180 394
84 764
114 336
241 430
245 274
54 690
9 110
176 64
26 28
209 652
170 576
271 347
60 610
207 505
121 491
240 750
56 179
253 813
157 64
12 768
75 665
275 840
137 320
132 808
71 765
191 252
210 0
95 622
242 444
18 222
33 741
143 439
239 806
115 566
171 758
125 757
164 759
234 318
50 565
11 364
108 761
102 754
151 40
52 804
156 631
189 456
40 434
128 441
70 837
238 775
179 322
208 322
235 806
124 437
188 252
21 740
139 765
4 113
10 750
198 725
153 31
23 386
77 659
174 441
268 610
7 305
91 336
14 331
181 312
104 351
127 239
96 765
168 556
233 771
2 498
140 278
65 200
262 157
74 327
119 68
44 811
116 546
130 736
225 540
152 746
149 164
90 645
32 339
224 540
175 47
39 252
100 40
34 74
68 797
22 111
1 75
64 299
94 797
72 799
89 514
20 11
27 239
76 833
161 721
93 333
267 408
222 813
88 463
264 220
8 626
220 45
227 174
126 47
148 25
173 487
211 43
5 371
28 756
3 493
190 690
226 153
138 397
231 304
46 740
73 358
123 34
43 690
145 532
159 104
223 204
133 30
266 787
165 544
0 124
107 563
66 413
236 40
178 494
16 75
63 559
177 742
19 74
257 293
199 287
263 408
258 733
42 170
261 99
163 725
255 763
30 237
166 39
146 761
129 332
274 541
167 658
169 575
256 21
230 135
162 494
