0004.jpg 0008.jpg
168 681
187 792
199 825
176 742
93 830
188 767
120 767
8 674
143 10
200 831
10 103
261 631
177 758
195 784
247 801
222 57
150 542
248 767
67 811
257 821
235 793
77 804
21 508
182 787
208 576
186 780
17 740
127 371
239 811
56 828
11 828
70 806
184 783
202 625
260 821
2 225
205 729
55 291
130 761
14 296
19 230
42 289
105 766
57 828
242 765
97 791
210 68
35 490
223 26
203 295
141 68
227 31
232 430
43 229
197 87
196 740
62 742
190 795
41 743
46 429
138 540
1 152
86 24
90 765
191 770
132 416
145 59
263 781
3 99
134 311
173 734
110 40
169 394
147 760
246 763
18 575
236 576
4 658
129 444
9 140
238 758
241 274
69 261
240 812
244 813
92 504
207 740
40 395
183 771
87 502
204 729
76 566
265 110
5 110
193 801
73 575
179 788
228 318
209 20
264 825
15 370
259 333
163 441
243 260
7 400
112 478
194 820
221 300
237 832
198 644
20 211
174 804
30 313
91 566
211 269
258 839
192 308
128 338
13 158
29 318
49 830
218 289
262 631
166 512
152 731
34 298
153 736
142 837
78 307
22 295
58 333
252 33
94 27
101 68
66 800
71 28
81 826
214 278
64 301
113 511
225 318
108 516
33 766
0 211
124 255
114 34
224 771
255 131
165 559
171 725
139 614
180 286
213 220
230 508
140 810
53 313
98 274
148 336
95 795
100 487
68 20
245 762
126 707
84 389
83 320
229 806
26 319
231 775
96 491
118 806
233 725
89 649
219 109
106 254
52 784
111 808
172 828
31 220
115 832
45 113
217 44
162 837
149 162
6 386
38 285
39 7
54 290
12 811
206 282
161 744
72 285
175 466
254 1
74 75
51 313
155 556
65 802
158 473
189 491
60 35
32 820
47 413
82 385
109 659
234 2
151 33
36 285
133 25
136 25
99 274
123 831
167 517
170 312
212 269
85 252
266 801
270 491
48 386
125 774
37 287
121 740
215 799
28 27
27 491
201 389
44 614
59 780
226 768
25 348
220 45
160 351
164 81
80 580
146 491
253 603
107 805
16 645
23 720
269 759
135 25
178 247
119 27
50 333
63 744
144 64
131 447
137 562
24 17
103 528
88 1
249 293
250 293
268 516
156 74
61 716
122 606
159 546
102 322
79 720
267 656
157 540
256 38
117 558
116 313
104 805
75 496
216 840
181 526
154 575
251 733
185 564
