0004.jpg 0009.jpg
235 1076
70 586
247 1088
239 551
176 1035
190 827
112 1000
221 142
93 795
1 482
10 961
207 656
200 1106
170 584
199 795
17 656
42 37
204 1005
3 482
94 1043
194 1114
248 552
7 753
6 501
184 1070
21 605
209 357
75 602
4 891
40 664
187 1076
48 448
188 926
120 552
197 668
246 1054
195 1061
222 219
177 1041
180 634
219 356
0 730
19 900
77 1106
223 902
230 656
205 1106
8 965
232 600
127 417
132 693
208 1078
173 1104
191 1044
143 1044
129 1095
206 685
255 302
263 1114
14 862
257 1115
97 1044
35 508
228 1010
240 209
67 562
49 795
260 822
110 688
11 1104
196 1092
43 384
214 1009
41 1047
198 668
51 671
105 605
264 1106
145 165
183 600
58 670
244 72
227 171
163 926
172 565
13 843
26 157
226 606
138 867
193 1088
68 150
142 141
37 608
114 332
69 563
229 1010
86 349
224 1064
141 553
262 1106
169 1011
261 942
203 710
211 278
231 1064
202 296
179 614
210 278
147 673
29 677
245 209
5 1042
218 552
57 827
128 710
71 157
139 463
238 1041
242 703
107 1058
135 1003
186 1067
130 1052
241 650
56 827
168 1050
189 231
104 1040
225 647
265 72
34 384
233 209
22 516
213 1014
113 856
12 700
87 219
62 1035
152 830
27 203
46 1055
83 1000
90 703
89 229
118 558
237 1104
52 671
266 700
20 981
81 1000
126 594
73 522
30 671
192 1042
78 658
55 639
76 1000
82 740
101 542
243 4
174 1115
2 856
36 780
9 413
45 371
95 635
124 822
201 740
54 826
28 316
32 600
66 1088
15 913
47 638
123 781
33 244
236 691
39 701
88 111
254 209
153 1030
162 830
259 1112
270 180
31 302
60 180
100 639
109 854
158 628
96 830
144 291
61 401
150 874
220 316
85 321
155 887
53 676
106 787
136 654
91 763
252 690
50 290
16 756
119 1046
148 56
98 534
18 635
166 242
215 543
108 685
38 608
111 868
165 884
164 887
161 1036
171 945
99 827
80 594
74 313
140 278
167 274
182 665
64 755
102 316
44 54
151 543
121 656
133 1003
125 1016
156 290
59 291
258 1111
234 1104
175 308
84 437
181 855
134 8
92 671
212 278
79 911
24 700
23 893
149 275
159 285
65 224
217 700
269 868
103 814
157 314
253 101
63 291
25 671
146 141
178 48
251 1086
268 907
137 1030
115 691
72 581
122 355
256 788
250 631
131 865
160 272
249 312
116 316
154 530
216 940
267 165
117 940
185 994
