0006.jpg 0008.jpg
459 744
463 748
450 742
484 775
489 787
458 756
36 55
466 758
494 793
17 729
379 666
491 766
94 666
540 767
499 800
486 783
420 510
135 666
330 666
295 666
487 786
248 224
96 512
497 798
449 703
171 550
405 681
254 666
43 40
54 666
112 550
32 666
137 665
385 243
380 610
406 681
457 743
418 666
120 55
301 666
493 792
283 442
40 666
224 31
205 35
0 666
14 733
197 751
332 99
192 740
561 825
270 265
39 353
321 353
359 791
6 766
365 360
52 438
234 40
502 784
186 442
281 442
163 256
196 610
304 451
363 35
436 735
180 319
383 368
247 674
151 39
199 285
409 666
528 318
509 757
95 438
401 550
195 791
407 110
19 40
164 256
514 295
563 825
261 224
207 299
488 751
87 583
378 339
50 665
182 245
501 801
213 307
408 353
26 498
263 595
93 438
381 68
174 767
331 607
185 733
127 326
138 741
55 607
566 826
344 550
368 181
350 546
23 118
230 179
8 175
259 161
417 603
170 777
443 666
209 301
543 796
284 442
123 326
134 438
569 828
353 542
128 134
5 9
552 731
302 47
490 788
289 778
306 440
250 331
37 658
99 615
103 39
187 826
360 487
49 583
159 20
232 374
510 534
496 576
222 322
498 776
384 665
28 99
518 324
191 798
300 440
84 353
184 729
544 765
42 326
82 326
532 430
253 254
435 666
3 45
455 705
229 175
240 727
507 282
77 693
136 438
439 734
110 152
158 118
81 658
311 99
74 740
86 326
476 788
279 826
319 245
237 770
500 724
516 324
396 803
88 40
293 778
551 724
522 725
16 808
397 538
38 374
211 306
245 446
400 300
456 766
527 318
147 39
75 282
97 615
56 449
115 534
255 43
292 548
194 259
176 282
431 766
371 591
314 462
485 782
537 82
437 290
478 825
549 820
477 791
129 583
269 35
508 751
65 538
193 284
168 788
78 548
125 40
69 740
24 118
231 610
219 459
1 702
343 466
483 772
70 39
419 607
481 729
101 615
145 685
133 426
318 743
468 719
315 57
241 591
529 317
15 70
266 778
274 719
421 615
60 615
364 40
214 566
220 467
73 749
345 610
413 501
475 791
515 632
62 39
198 284
165 27
316 311
122 583
188 280
326 583
524 57
172 761
467 717
470 717
119 761
416 470
530 771
33 300
85 583
430 538
106 161
210 765
361 40
506 766
547 817
541 762
67 113
471 719
351 10
287 45
555 408
212 306
235 780
2 703
249 615
142 615
260 762
61 161
520 336
7 231
189 261
389 615
452 324
124 583
121 565
299 118
393 790
362 310
161 718
434 658
202 825
277 434
48 426
533 666
238 501
342 441
309 455
322 583
216 24
278 439
290 472
474 723
338 790
282 442
72 749
221 26
298 408
57 615
148 744
526 408
414 426
462 74
233 583
144 615
377 742
51 387
548 290
503 220
395 530
412 426
307 457
404 40
9 231
564 784
442 197
58 744
320 360
257 211
521 336
80 53
262 26
358 758
46 583
35 801
92 723
132 589
118 791
44 745
64 254
102 163
333 68
573 610
550 556
288 405
402 637
169 751
464 707
327 501
162 795
155 39
531 284
276 719
454 766
150 161
565 825
177 705
271 310
66 779
139 674
427 161
369 591
217 313
372 802
126 181
280 719
68 161
228 835
156 466
399 550
504 280
438 826
131 723
376 426
492 36
227 55
538 758
324 363
268 778
367 363
329 446
167 441
206 229
303 445
323 791
340 18
41 583
297 761
444 283
511 15
272 723
313 666
173 658
325 181
98 211
204 294
562 737
335 211
105 331
447 704
465 719
34 791
90 426
236 64
154 799
328 426
339 538
432 18
519 745
536 320
200 287
553 436
535 316
572 812
175 699
542 9
18 310
392 211
13 546
111 39
373 540
4 310
334 615
349 826
461 674
243 780
83 374
166 27
346 759
554 21
571 726
157 33
513 760
29 633
296 761
394 538
451 752
428 538
539 795
291 170
410 310
258 110
391 615
317 139
273 712
559 40
242 136
370 181
107 329
265 18
117 576
146 7
179 318
183 426
429 377
433 837
294 10
47 16
512 757
79 788
423 211
215 295
473 240
22 743
448 427
275 717
534 10
256 211
347 53
445 718
382 837
109 691
11 254
575 534
91 363
201 285
143 736
556 491
149 39
244 104
310 732
480 145
425 650
567 105
312 466
25 464
267 17
27 693
178 719
71 694
89 187
357 769
160 576
239 591
446 689
59 736
482 777
181 408
403 197
141 211
505 770
525 306
460 293
453 55
390 211
469 507
415 137
264 493
495 780
130 137
153 239
341 799
53 729
223 740
336 613
356 831
63 744
100 211
354 68
426 615
10 54
218 18
203 456
308 804
337 43
348 433
286 49
108 331
558 307
479 816
225 136
440 128
116 548
374 785
355 840
252 211
20 742
305 285
76 322
422 840
387 210
570 18
21 790
190 712
251 43
113 548
398 212
12 529
30 48
568 814
140 700
375 120
386 799
557 738
152 744
388 613
574 534
472 311
45 326
560 776
424 738
441 258
517 612
285 45
411 375
523 43
114 48
366 799
546 13
104 838
31 301
208 299
246 518
352 783
226 515
545 669
