0006.jpg 0007.jpg
459 225
484 241
502 263
346 154
501 268
525 290
450 215
463 228
192 24
466 232
300 123
350 164
486 246
485 245
489 248
491 249
354 163
380 183
216 80
196 45
378 102
208 63
263 174
237 95
524 292
436 209
493 254
353 160
516 282
202 52
207 62
407 198
406 197
526 295
503 266
543 305
545 309
529 294
522 208
200 50
222 86
211 67
439 210
496 256
366 175
563 322
306 132
209 66
483 239
514 281
437 211
201 51
538 301
195 196
530 297
19 9
198 164
405 112
358 166
457 217
540 304
488 247
199 49
518 282
531 296
280 108
309 134
74 14
14 321
138 283
159 18
314 136
561 321
548 280
210 68
452 221
197 243
539 302
359 168
499 262
552 321
161 17
533 297
532 298
191 19
519 284
217 79
375 181
75 16
302 125
498 257
231 183
270 244
527 293
402 191
80 150
482 238
372 174
194 287
319 140
515 96
351 89
494 254
307 135
490 249
5 147
304 130
492 285
169 247
556 323
289 242
342 122
535 300
301 297
497 203
536 302
40 297
229 9
250 98
6 249
431 207
115 270
443 22
293 242
0 297
508 276
157 20
476 13
569 327
77 270
168 235
477 168
379 294
54 297
546 310
507 147
254 297
240 213
223 91
32 297
13 5
94 294
174 235
506 235
43 9
176 247
88 9
345 183
295 297
315 144
219 122
73 227
135 294
298 124
381 251
69 47
409 297
475 235
478 322
125 9
318 217
26 231
330 38
227 299
521 132
234 9
39 9
404 89
468 108
204 56
567 324
418 22
305 128
451 220
193 13
24 231
416 213
321 9
364 9
188 283
455 249
360 170
528 293
33 269
180 244
228 93
458 232
316 69
553 327
3 207
523 289
260 13
35 44
279 322
465 109
72 227
172 64
184 314
178 109
271 69
179 109
573 305
185 52
571 328
562 278
400 70
4 69
374 179
555 1
471 108
566 52
148 225
323 44
28 231
520 112
266 242
255 326
16 52
560 320
432 326
510 165
487 246
58 225
10 246
11 45
292 164
435 297
414 213
564 148
23 231
361 9
509 156
349 322
236 140
308 133
377 215
186 321
212 72
117 325
262 41
544 326
221 18
283 327
549 46
456 249
495 255
213 59
31 66
376 213
339 129
76 55
340 326
565 273
187 313
182 255
551 314
297 235
224 80
347 155
214 161
230 150
541 247
118 184
206 244
557 292
8 144
50 22
265 184
165 270
408 9
190 109
53 52
444 13
274 108
120 238
136 299
396 122
170 238
272 109
464 48
277 242
104 149
267 279
373 178
328 213
382 327
467 108
281 327
438 241
119 27
393 35
34 112
568 324
276 108
84 144
122 109
128 9
550 166
341 149
433 327
313 265
362 69
15 327
67 15
215 70
56 251
205 290
22 217
273 109
534 125
70 326
79 106
504 221
20 215
258 125
284 321
513 260
64 326
220 122
243 255
152 149
17 327
145 228
511 64
93 299
294 41
395 231
242 201
312 156
481 327
162 302
123 223
403 83
445 122
160 275
158 231
365 257
537 171
239 121
412 213
95 299
183 213
333 161
547 292
150 149
253 326
257 199
420 298
96 239
7 108
109 9
268 242
133 213
256 71
269 297
78 235
225 310
244 163
218 326
63 225
124 109
233 109
454 249
303 212
320 257
102 129
559 9
87 109
114 86
131 213
177 48
59 237
189 220
143 237
286 289
453 68
156 228
356 57
542 9
296 27
299 294
325 213
37 295
449 184
247 298
390 149
574 167
153 35
394 125
41 109
106 206
572 147
505 168
1 293
575 156
167 122
332 231
52 299
163 231
335 71
108 35
112 239
392 71
517 173
338 180
480 321
248 231
261 255
479 321
500 314
512 225
259 156
36 238
287 215
401 231
417 299
448 279
85 109
134 299
391 191
137 239
410 69
55 298
47 223
344 231
554 249
27 228
68 156
90 213
154 237
385 298
98 71
383 298
2 184
132 121
171 239
86 223
278 124
441 54
317 69
370 213
81 295
141 225
474 109
348 266
275 108
290 231
48 213
51 298
121 293
12 62
66 98
129 319
282 52
311 297
9 108
558 206
427 206
61 15
368 278
62 326
419 299
111 227
146 80
151 122
65 206
310 131
18 171
357 213
127 223
430 8
386 237
181 2
398 156
397 15
164 231
42 223
113 175
139 299
352 118
46 109
71 326
173 295
469 150
473 194
434 294
105 35
92 109
110 231
442 165
429 231
470 69
30 270
285 215
462 128
82 9
245 299
322 278
461 115
103 122
447 95
363 298
29 305
140 37
384 239
570 326
329 170
399 301
232 171
331 93
235 255
126 68
149 35
371 33
38 172
241 9
83 109
415 223
166 247
21 98
288 231
49 278
97 94
326 278
343 156
424 218
472 69
425 223
91 29
44 109
411 266
428 42
421 68
337 326
387 122
116 165
423 212
155 122
249 68
264 68
252 181
203 169
100 149
422 180
99 191
291 231
327 321
413 29
101 94
89 29
226 64
460 142
175 295
426 191
25 35
57 326
147 98
334 68
144 191
355 271
60 289
324 49
130 222
369 49
388 178
142 122
389 68
251 326
367 49
238 278
45 223
446 275
336 303
246 308
440 105
107 219
