0007.jpg 0009.jpg
227 1038
15 605
0 732
228 1039
241 1064
75 696
242 1068
122 787
103 732
225 1036
34 732
9 707
8 793
240 1069
97 732
147 1092
246 1070
26 793
236 1055
215 1035
253 732
136 810
171 899
244 1034
209 1029
264 672
92 732
170 827
243 516
119 793
107 996
207 1017
172 1025
273 480
198 614
41 170
321 795
217 1038
47 1033
73 793
188 793
205 793
95 702
224 1025
70 644
249 1044
298 180
137 668
235 163
55 712
102 704
222 1025
78 1025
204 1011
194 1025
283 559
89 668
276 655
203 1011
294 180
202 673
268 1088
232 1041
60 695
46 565
190 1095
32 732
139 163
146 830
82 1013
183 926
112 902
185 704
280 826
21 685
192 732
150 1018
38 684
134 804
114 1027
322 1106
24 563
282 84
168 685
27 1068
71 331
254 1076
126 1095
211 1029
42 643
260 121
311 597
196 902
279 163
31 429
274 1104
54 170
96 926
193 793
128 678
220 1014
285 563
76 732
35 426
304 685
233 1027
10 324
110 1027
19 1082
98 586
199 492
216 271
296 1056
256 1078
12 904
124 1097
85 673
99 1027
218 616
115 601
229 1027
255 635
65 170
176 673
13 902
263 1061
262 1088
318 187
20 836
33 324
208 1087
117 755
144 900
197 1050
231 941
109 651
164 877
36 685
213 1026
113 671
141 1027
297 600
68 1055
245 1069
48 1034
269 685
271 224
327 1104
37 157
62 646
77 671
266 1082
223 1025
28 902
247 551
275 670
300 117
52 1115
40 271
145 671
270 668
272 1084
258 1027
293 677
29 332
140 294
287 805
292 321
22 332
16 616
295 760
221 551
123 757
210 560
14 634
200 658
177 671
84 331
45 1051
129 331
313 1004
132 757
286 563
67 653
61 793
153 850
53 639
83 456
291 302
25 480
326 1085
148 492
320 584
87 673
234 331
93 49
206 324
281 157
23 830
189 942
250 1077
182 331
184 97
5 165
130 800
302 242
44 63
104 881
18 1044
86 676
69 311
161 117
116 331
125 705
278 1026
237 1077
64 576
325 670
305 702
88 639
118 777
289 21
149 1077
167 1036
80 701
284 627
154 859
239 747
314 1114
251 806
106 14
261 859
214 331
155 777
94 290
105 141
1 1099
58 331
165 881
316 1089
108 755
186 331
131 12
74 680
17 787
63 646
238 65
248 608
156 401
6 795
169 348
59 658
267 224
3 594
133 654
187 256
277 73
72 372
138 174
328 648
142 859
162 480
127 1102
323 220
226 616
230 859
163 553
135 435
181 43
212 1030
79 472
290 171
50 475
90 676
57 522
157 288
160 874
100 331
315 567
173 756
324 565
265 684
312 1107
66 755
259 859
303 1041
319 651
91 283
111 859
56 611
288 617
51 608
11 78
2 1084
299 664
252 254
121 658
201 859
120 129
178 1061
179 1035
158 1032
166 1041
81 197
143 942
257 993
151 1003
301 664
7 121
49 1003
30 128
159 553
4 608
317 1075
43 1115
306 206
174 1047
152 684
191 884
219 647
309 1080
39 301
180 280
310 1052
175 534
101 831
307 1052
308 799
195 117
