img00c1.jpg img09c1.jpg
3551 5837
2358 4934
5215 8533
5170 8485
5839 9307
2428 4973
3358 5604
5840 9307
4786 8014
3553 5847
5169 8485
2508 4935
2688 4936
2959 4992
2153 4995
3503 7321
4788 8016
5661 9086
2227 4970
3680 6328
3102 5589
4257 5787
2116 4965
6003 8212
2486 4970
2431 5323
4261 7322
4381 155
3560 5678
5468 8918
2558 4954
3427 5604
2819 5010
263 401
2720 5349
4760 8017
2537 4998
2468 4998
2661 4927
5517 8941
2446 4928
3245 5298
3695 8684
4281 7321
4348 7261
4869 8143
3194 5298
4783 8011
2541 5448
5214 8533
2916 4993
3705 6372
4859 8114
4546 5672
5333 460
3261 5108
4765 8021
4122 864
5101 8392
2664 5112
3129 5108
4871 8144
2919 5323
3276 5298
2388 4936
5914 9404
2242 4929
2870 5349
3603 393
3455 393
6224 9153
5147 8527
5422 8885
3518 5692
4872 8129
5571 9112
5681 9106
5168 8484
6077 934
3385 403
3379 5440
4829 8068
4860 8115
3650 7393
5894 9365
2385 4749
3062 5573
3132 5541
3606 5804
5796 268
5939 9465
4865 8151
5261 8641
612 268
4448 7576
593 576
5847 9307
3097 5401
4584 7771
2563 5449
3408 660
5882 9346
2633 4818
3638 5767
2112 4705
4852 8154
5690 8847
667 473
4249 6798
2740 4658
5823 10324
6607 6348
2226 4818
2514 5264
2793 4662
2556 4745
6095 9795
4817 556
5495 389
6008 864
3964 393
3152 5304
5724 6615
2174 4817
3149 5235
2239 4818
2304 4941
6061 155
2464 4752
3217 5327
5461 8863
6018 9462
4831 8100
6101 403
3318 5692
5757 9106
5073 8685
5515 5767
281 268
953 630
5226 3457
3583 5657
2561 5299
3941 10262
4657 8225
6148 9843
3340 5645
4744 7985
3719 9213
2612 4971
5950 489
4847 8101
5619 8339
273 467
5336 389
5633 9065
3422 5401
4853 556
6634 7322
5227 8554
3078 5349
3355 5440
3134 5105
699 620
3454 395
5596 9021
4877 8150
5786 9274
6104 7880
2719 5249
3689 6462
3995 5692
5220 8622
2942 7214
2427 4978
2960 4994
3206 5117
3407 5426
2133 4705
2504 4662
4532 6415
5742 9179
323 593
324 5277
5911 489
5871 5767
6717 769
4267 5778
3306 5446
2463 4576
3267 5657
3557 467
3620 5696
5174 8491
5467 8917
6025 4709
3968 6544
4039 8364
2260 4591
3608 5862
5144 8489
2802 5249
4540 5672
663 401
2632 4662
3366 5401
2042 4705
2485 4817
2361 5112
3321 5108
1970 4591
2151 4591
2384 4591
5167 544
2934 4662
4514 6615
5207 8576
4092 5706
4568 7772
1893 4591
4242 7286
4849 8119
6124 7214
6167 5732
2869 5295
5445 8905
637 608
3614 297
5419 8848
6100 8476
977 8796
3898 6556
2609 4798
5194 8576
5972 400
4906 5018
5938 400
6133 512
2326 5012
3219 5383
3471 5732
5620 9422
5785 395
3331 5788
5265 8711
5554 413
6686 10588
5848 5604
3330 5426
5978 7431
2068 4591
2261 5025
2150 4591
4870 8128
5293 5594
5519 9422
5698 6615
2659 4668
5741 401
5849 5778
397 9354
3380 5459
3834 9043
5181 8503
64 210
5260 8191
5736 203
5954 9463
2132 4722
3179 5349
2195 4998
5077 5625
884 5656
660 7706
2672 5449
5175 8491
4940 6372
2986 5127
4465 5630
690 7743
2771 4823
4372 9495
309 268
2639 5401
4761 8019
4862 8130
5588 9106
5750 5696
4656 7103
4971 8333
3166 5117
3195 5439
3292 5108
4229 8542
4866 8153
514 8212
3662 587
5208 8576
5246 8621
5444 8904
5243 8542
3572 5890
1914 4689
2896 5410
4417 7374
6225 413
4272 9354
6528 10415
5238 8645
3111 5240
2491 5401
2534 4689
2587 5228
3597 5793
5969 482
2634 4963
5881 7561
6372 268
3150 5250
3615 5787
4846 8117
2887 4949
6295 8492
2553 4483
3037 5335
3153 5439
5715 5640
3213 9338
5277 8489
595 411
845 428
2258 4485
3876 6510
6548 769
3266 5512
4746 7986
5613 9834
5774 414
2824 5264
3978 393
4159 6876
6134 8542
1852 4668
2193 4591
3547 5656
4757 7919
3555 5648
5713 385
5193 8554
5761 155
6587 221
2390 5227
5113 470
2746 5010
5646 307
5766 395
6584 9598
3346 5514
2171 4683
3011 5401
3486 6425
3681 6428
4160 6862
5530 5672
5893 9398
6172 7511
3098 5347
3568 5762
960 7787
2489 5213
2482 4679
4695 839
5466 9834
2615 5419
3710 6372
4211 769
5180 8484
5770 9188
6196 400
6247 6427
331 417
2829 5416
4615 8271
4784 8012
4837 8107
5494 264
3298 5544
2694 8972
2816 4658
3434 5401
5058 5604
5998 637
2848 4966
2225 4644
4489 8599
3571 5879
4320 7416
4634 403
5161 8490
6155 624
6162 9775
616 675
3305 5324
3348 8461
3396 5794
4330 7337
3612 9663
4766 8021
2562 5439
2776 5171
3235 5440
5618 8846
5647 9159
3544 8958
4282 7434
4596 934
5883 9346
3205 4932
3821 512
5830 5778
3296 5447
5829 5762
2342 4588
3012 5249
3155 8880
3804 5706
2355 4466
5092 8393
5791 5732
5349 8993
5436 268
5535 9009
5262 8643
402 9188
2020 4591
2640 5295
2895 5763
3133 6352
5508 8212
5976 6595
2721 5459
2794 4581
3467 5477
6086 9617
2196 9218
2685 4658
3336 5120
3954 9386
4363 212
5255 9834
5389 8847
5469 264
6550 8533
602 8212
3953 6502
5857 5763
2283 4970
2712 4689
5539 6351
5641 8511
2404 4591
3716 6400
3912 7248
4435 5708
5425 8476
657 393
3601 5804
5765 8353
5832 9307
1130 3231
2560 5298
4399 584
542 8555
2799 5012
4373 7819
4573 3072
5195 7378
2539 5212
3775 8736
3795 8995
5348 10589
5391 1529
338 9944
2131 4680
2536 4745
4052 232
4572 8170
5649 6372
6585 5521
2389 5006
2817 4758
3833 8523
4029 9986
1491 5936
2402 4646
6704 5521
226 210
3922 9043
4362 9919
2859 4626
5244 8576
6329 9930
1802 4082
2424 4591
2466 4917
3131 8523
3356 5459
355 393
2668 5246
4367 8735
6237 589
2176 4963
3057 5177
368 7741
2111 4734
5462 8865
5555 9834
461 5793
2192 4730
2956 4818
5609 9040
6332 5767
4243 7321
2796 4707
3875 8707
4600 9112
4614 9669
5002 259
702 9354
3146 5121
4449 5672
4790 8018
246 259
2589 5287
2798 5049
3720 9342
3998 8511
4426 9442
2940 5295
3034 5110
5171 6373
5191 5565
2117 7787
2576 4460
2607 4576
2741 4760
3591 5909
4873 8145
4234 5645
5118 496
2301 4591
3282 5121
4792 8048
6549 769
274 8339
3736 5988
4942 8206
5603 8783
727 2032
5407 8831
5896 7743
1717 4243
2559 5213
2577 6877
3717 760
1935 4591
3288 496
5916 9399
3428 378
6663 10566
1680 4434
2581 4756
3507 5787
6019 9172
6045 5672
6213 3115
2067 4591
2844 4817
2966 5352
3040 5459
3944 5814
4527 531
5090 9201
6219 381
2753 5439
3593 243
3756 8684
5459 9052
5578 8891
2627 4444
4157 6841
6060 9795
5149 3190
6082 579
900 604
4108 6623
4334 10016
5394 9495
6240 595
3613 6841
4724 8759
4858 8113
4876 8150
243 224
2429 5170
4651 5696
988 861
2479 4444
3504 6841
670 8988
2257 5786
6411 10376
3581 6977
3678 5767
3707 6712
3265 5447
4479 4049
5198 8623
2297 4550
2770 4662
5684 615
6501 9574
1997 4605
2425 4758
1377 1773
4538 7546
4874 8146
5635 630
5949 8971
6073 9387
325 592
2172 4572
4352 9100
6231 9856
1818 3536
4015 6402
2037 4279
2222 4001
2630 4693
2932 4626
5977 477
1457 385
2503 4721
6047 6383
986 7323
1892 4591
2780 2982
5676 4598
700 573
2255 4213
2631 4687
1697 3997
3270 10474
3669 6415
4043 6644
4861 8116
6029 220
286 9430
4016 9797
4195 9294
4791 8034
6044 8317
1087 8222
3350 5120
3755 8995
6600 9780
4821 8080
5441 8864
5695 398
2106 4331
3354 5324
3441 4753
5007 839
1613 3286
3143 4793
4416 7351
5014 8243
1149 9435
2340 4539
2490 5243
2804 5349
3958 8995
5023 8335
2380 4446
3236 5459
3579 5905
4303 7405
5788 8503
52 210
2655 4444
4762 8020
5311 8682
5653 9089
5855 9465
345 484
3033 5010
3234 5250
3260 5512
4606 389
5917 9390
2403 4581
4994 8278
5292 8576
5602 467
296 8880
4116 6656
4182 643
5063 5672
5367 9910
3942 9039
4012 9919
5464 8901
2308 5112
3088 4890
4863 8149
5279 218
579 8576
583 9834
5438 8993
792 572
2828 3310
3238 5108
4158 6886
4526 9089
4884 8150
5206 5502
2797 4946
3347 5541
3704 838
5182 8503
5103 6262
2484 4749
2922 922
2584 4903
2825 5250
4926 8958
5213 8467
5845 9387
5907 9258
3259 5439
3327 5144
3335 5119
4915 8723
969 8853
1051 9964
2917 5227
3596 9643
6539 5503
642 604
5159 8474
6211 5277
2579 4634
2638 5294
3629 5745
3823 843
4103 422
4895 395
5231 5589
5610 5514
1692 3856
3167 5177
3423 5439
3746 5528
3970 483
4120 6694
4510 9065
6032 8353
4680 5630
4838 8108
5699 617
5872 9344
3032 4964
3286 3310
4688 7920
4834 8104
316 8972
3487 5773
4483 7378
4779 7864
2628 4386
3694 6546
2038 4390
3886 7286
5184 6401
3031 4824
3042 8732
5784 7954
6154 5757
1950 4591
2777 5155
2952 5796
3056 4966
5334 5589
5815 8191
6608 6348
760 8364
3103 3431
5565 8333
6659 10646
865 297
2516 5427
3183 4432
3562 9462
4273 7434
5039 584
3723 3333
4832 8078
6262 10060
1385 5741
4531 6510
711 232
2954 4444
5632 8511
1890 4344
4850 8120
1262 5672
3976 603
4624 530
4747 7176
5569 8392
6194 9826
1711 3804
2989 8342
3375 5121
5956 8640
6033 467
2501 4350
283 369
5790 8783
1355 8710
2169 4367
2299 4483
2884 4658
4729 7776
225 194
2088 4467
5875 5656
51 194
1829 4591
3564 5890
3909 8450
2610 4694
3409 5832
3685 6352
1197 9412
3361 5108
5104 8486
5527 630
687 581
3090 5043
6071 408
6437 10009
3402 8508
4349 7458
3324 5447
3661 8660
3753 5528
4376 3280
5996 5795
6629 3726
2608 4739
3668 5860
3762 9079
4450 9442
4993 6664
5740 8333
433 8892
594 605
863 4972
1786 4327
2686 4747
252 224
701 5763
1135 1261
4759 7983
138 259
2669 5247
3519 5807
6500 5540
1915 4605
2443 4667
2557 6841
2722 715
2805 5672
2920 5407
3639 5788
3794 6292
3842 378
5518 8947
4082 830
4699 7730
5423 8871
1803 4118
2852 7727
3578 7374
6524 6348
2300 4590
2471 5249
4340 9228
4653 583
4845 8099
824 402
2110 4731
2578 4578
4745 8023
5228 8640
5621 8492
582 400
3307 5430
1998 4817
3230 5121
3611 4797
5942 9448
457 7394
2469 5227
3973 1528
4805 8046
5725 400
726 487
1766 3926
2282 4483
2323 4634
3038 5243
5006 1023
3099 5416
1210 1465
1678 4009
2529 5804
3461 5479
3729 843
5477 9430
5775 677
6016 6595
336 5604
672 6656
2329 403
3094 5291
3440 5440
3979 531
4694 8175
5522 5277
1343 493
2173 4500
2483 4482
3239 5225
3464 8680
3594 9342
4319 7351
4806 8047
5232 6428
5437 8546
2194 4880
2738 4733
3089 4969
3994 554
6012 5845
337 5779
2149 4490
2440 7401
4085 520
72 588
2555 4705
3374 8862
3495 5540
5145 8509
5936 488
3453 4753
3647 9812
6486 10376
232 48
1373 2164
3317 5492
4883 8145
5074 7930
1639 4089
1887 4036
2302 4830
3787 9780
6574 9161
643 568
3478 9635
1826 4415
2691 5401
3114 5502
4539 9797
5662 6615
5879 641
3452 5437
599 9136
621 9834
1148 5672
1345 1375
2175 4833
2666 5152
4081 7001
258 580
1393 540
1454 2018
2512 5228
2883 4483
5678 8754
146 10587
1267 7167
2656 4721
3168 5264
3600 7356
3841 5521
4793 8050
5317 8623
2580 4581
3181 389
3197 247
5968 441
6701 5528
1141 9008
2263 5072
2606 4682
3432 5332
4733 7987
5020 4049
5403 9656
6562 5514
3190 5121
2898 5565
3014 680
3269 4900
3314 5287
5332 10172
745 493
2964 5247
4149 654
4499 299
597 9656
3262 5127
4997 488
5369 9320
6206 7095
6566 5905
692 655
2360 5035
3086 9338
3247 5447
3874 6414
6737 6841
458 7384
297 364
877 5656
1926 4076
2298 4482
3185 4676
3429 9574
2769 4658
3227 10656
4301 9065
5963 7456
892 2815
1713 3806
2324 4667
4241 9294
4824 8853
4898 8491
3607 5806
4575 9520
143 188
631 576
2445 9781
3076 5108
3160 4726
6286 9930
6592 8542
716 9146
1913 4415
3546 5827
4048 519
4569 7462
5809 556
6685 7796
3271 9107
5902 3346
665 3233
6536 9781
751 1731
2228 5049
2635 4971
3036 5131
3116 2032
3734 1789
3735 10395
4111 510
4981 9204
5557 8981
6712 5510
1137 1368
1161 9089
3162 4646
921 654
2510 5165
3008 4998
4293 7353
5186 8782
1581 8854
3393 5287
3590 5781
4164 5814
5925 6595
3264 5287
3577 5786
462 6875
3388 5141
1964 4089
5627 5705
3039 8175
4006 5540
5946 9629
1934 4655
3052 4389
3561 5837
5810 9412
6526 471
389 8646
403 9342
3283 5314
6049 1338
6165 9764
6525 9476
2671 5446
2751 5291
3665 5627
4586 8175
6551 8474
744 315
2087 4452
4008 510
5636 9070
6367 10325
3280 10474
3967 393
4767 8035
5730 677
264 572
805 1973
1824 4229
3285 5287
3713 797
5046 389
280 564
3051 4726
4193 6886
5053 7930
5846 9694
617 5731
2575 4347
661 620
3115 3431
3936 8753
652 617
2006 5510
2382 4392
5884 6875
850 9103
3147 5152
3687 8718
3774 7000
5529 8962
3246 5264
5668 354
5813 9372
2322 4741
2376 4194
2717 5108
5645 9472
5689 5604
1427 1765
2341 4816
3763 5630
3820 3233
901 618
1799 3537
2113 4696
4890 8505
4927 9073
5476 9428
6085 9617
4235 9397
5093 5594
2889 5088
3289 8476
3338 5287
5173 8511
4118 6208
4436 7337
4854 613
6180 9377
6463 4992
2658 4482
3208 5133
4302 5541
614 9910
1956 3475
5204 8535
6365 522
1714 4137
2605 4392
2714 10656
3975 6419
411 9131
709 5792
1313 725
3479 5781
3480 5905
3698 5548
3728 6294
4787 8015
5399 9477
1289 5945
2765 4626
3618 4472
3621 5799
4003 7167
4161 6880
4506 5656
4875 8148
5655 9918
3463 5510
3803 6249
3969 6791
4228 519
3643 7031
5314 8738
5912 9427
6278 254
678 583
2709 4460
3345 5240
3965 5594
4646 9636
5001 8224
5350 5737
6252 10131
3599 5877
3745 8958
3792 8783
3897 5721
4207 5264
4444 6723
4665 9270
4967 8245
5288 6295
5943 9534
6260 520
6731 4804
682 8354
3319 5364
3529 9158
5203 10246
5357 8221
5672 9116
747 8394
2060 4172
3693 5566
4140 870
1810 4605
2238 4399
2356 4655
2935 4658
3142 4483
3248 5460
3342 10474
3682 6415
5827 8959
388 5645
2845 4591
3010 5259
3191 5170
6228 9902
3390 5133
4555 4049
829 3247
1548 9355
2017 4622
3514 643
681 609
2775 5124
3304 5250
5670 5764
5753 5511
6147 339
6149 495
2379 4623
2781 540
3337 5127
3706 8364
6064 9580
6444 1715
6718 252
387 5604
4065 608
5259 8556
6163 9775
680 5814
4360 583
5131 8640
5604 5531
5831 5773
828 9164
1506 6527
2442 4640
2984 4591
5556 9065
5697 9120
710 5762
1008 9472
1395 9186
4418 5905
573 9834
1733 4367
2205 4545
3697 5573
4350 4886
5038 6325
79 93
2014 4438
2221 3926
2377 7403
2420 4460
2789 4347
3077 5269
3630 5773
4332 5437
5873 496
5971 259
6192 9824
58 10646
1270 1195
2535 4581
2713 4793
3445 5029
4814 8081
5301 7857
1326 1705
1948 4415
2637 5131
2865 4946
6161 9775
6477 608
2982 4736
6236 629
713 9660
775 7261
2585 5094
2665 5171
3343 5014
6547 10261
185 129
1661 3997
2064 4299
2357 4829
2748 5087
1277 1576
2152 5816
2378 5796
4364 4886
4537 540
4661 467
6684 7810
1155 7949
1353 231
1871 4454
2351 4206
2863 4668
4484 7378
5843 6846
633 620
801 10670
1234 493
3007 4589
3050 4539
6537 8732
607 3399
671 10669
1125 4527
1740 7134
2933 4550
3093 5173
3139 4626
3741 8718
251 5573
1040 620
1236 9235
1658 3806
2892 5250
2957 4871
4558 604
4607 809
4930 220
134 5905
644 9188
1176 2299
1801 3911
1827 4572
3655 5824
3781 5364
3935 9574
5312 8557
6268 10374
215 3052
585 2078
1016 4912
1760 3458
2259 4658
2866 4998
6150 6294
899 7641
1117 3588
1757 1336
3145 4969
4751 7810
4795 5018
1698 4203
2065 4545
2405 5753
5878 7322
6007 654
6266 285
688 7176
1793 4730
2460 4444
3598 5310
6440 10415
2074 10093
2096 6397
2772 4824
3161 9643
5235 8432
598 224
1259 5814
1300 6581
1469 2972
1584 10420
2279 4349
2815 4739
3311 5121
3313 5209
3371 5503
6258 636
6334 5762
6690 9195
1323 9246
3494 9766
3567 10646
3582 4693
5685 7502
1363 8343
1737 4346
2444 4581
2488 5151
3027 6875
6446 10650
1644 868
3369 5501
4093 10578
4867 8534
5642 6397
5734 259
6563 769
267 6912
2018 4463
2823 5213
2983 6875
3101 195
3625 7574
3738 6348
4322 8622
1706 9910
2223 4309
2241 4879
2517 6823
2774 5112
3916 10131
4878 7727
6272 10016
2980 4448
3543 565
5057 612
80 48
1164 605
5579 8508
6096 3266
23 9676
3651 8684
5148 8511
5210 9451
5597 553
6126 9716
6128 9719
675 230
743 8862
1207 3302
2375 3920
3770 1649
604 10058
1691 3737
1774 4372
2470 5194
2500 5797
3295 5287
4828 6290
5808 10219
3633 1930
4361 6791
5401 9353
5591 1818
4545 9966
4892 2815
5410 8869
2913 4472
3207 5124
3488 4710
3498 5877
6116 10537
3058 5287
3711 7134
4768 8016
4966 3333
6515 10416
3712 9202
4062 5642
4227 5276
1894 7261
5729 9534
6467 1074
6693 7810
53 9457
1386 2814
1845 4188
1867 4372
2684 4736
3284 5220
5192 8522
5589 9015
2015 4198
2540 5259
3368 9696
3541 9910
3569 7096
313 212
1208 1241
1670 3779
2938 5131
3573 6595
3652 6353
1705 2685
2019 4411
3006 4658
3460 461
3501 10126
1281 9442
1514 2090
1732 4276
1929 4034
1996 4474
3188 6875
3558 7259
4266 10474
849 6556
1286 9063
2107 5796
3548 9910
3649 10245
4112 858
4722 332
4770 9442
5218 10247
5237 704
289 556
689 7972
1527 540
1679 4179
2532 4382
2739 9643
2880 4539
3203 5791
5355 5537
5795 5623
6230 9855
384 339
400 9002
2511 3444
2768 4641
3148 5158
3378 5250
3642 8504
3646 8782
6157 9804
276 2125
1151 6525
1204 1577
2899 5523
3641 9910
4323 389
4377 5792
4446 5439
5234 10604
5290 8505
199 120
253 6525
498 436
2244 7358
2383 4636
3389 553
3586 5778
3860 6510
5390 5277
6692 7810
1354 9435
1853 4753
2462 4741
3542 5617
3636 6348
4283 10022
5833 3552
350 8926
407 9574
1271 9944
6288 8686
369 8969
837 7134
1531 408
1630 3528
1995 4627
2309 5116
2716 9445
4758 7982
1869 4337
3538 9576
4554 8523
904 9834
1215 7743
3028 6875
4114 6568
5722 3464
1322 442
2861 4733
3383 5523
3840 9060
4080 460
5443 5838
6152 9814
567 559
1335 6846
2316 10210
2366 6325
2961 5059
1265 242
2613 9918
3100 870
3252 4964
5640 10474
5874 5420
128 210
1450 212
2214 3603
3015 8914
3192 5320
3724 9227
5496 624
626 579
2461 4628
2886 4925
3450 5447
3885 264
6108 9686
395 8682
720 540
2652 4331
4972 10649
5029 9001
5999 9042
1157 9127
4271 7214
4691 5298
5117 6395
5408 8850
5688 9340
2237 4308
3073 9338
4907 9188
5967 1893
306 291
1906 3838
1912 4411
2487 5049
2936 10474
3424 9368
4455 9645
15 10220
3609 1241
4163 1778
4952 6664
5253 8620
5760 6379
550 7462
2803 5353
3023 4539
3843 243
4848 8117
5219 8563
6083 297
89 10124
445 10627
3822 5531
50 35
1230 5741
1686 7134
2148 4412
2253 4284
3107 4347
3588 5787
5216 6373
695 6664
1722 2750
1761 3478
2421 4390
3110 9472
3767 6260
4292 540
5356 8723
2992 1746
3659 5852
3690 389
3739 6327
4105 9797
4682 5248
5837 9450
1858 3664
1872 4591
2146 4368
3754 5509
6285 9574
1423 1893
3576 6860
4023 9197
4478 7512
5024 473
5763 9258
5941 9520
358 285
1767 3916
2626 4626
2900 3247
4094 10630
4611 9350
5880 9307
12 221
241 910
1094 5907
1834 10650
2604 4626
3362 5112
3602 4713
4585 8201
517 10355
1838 3840
4196 189
4822 8083
5176 5092
5291 5589
6014 760
6408 9611
434 9517
5926 9450
385 9131
1797 9146
1992 4193
2683 4483
3291 4932
4088 9919
856 88
3175 6860
3438 5398
4030 520
6090 608
6227 3072
1868 4277
370 595
937 5792
1993 5796
3278 5603
5858 5888
5970 7800
6248 6723
6644 9219
683 9204
1152 5869
2929 4210
3433 9149
4571 9986
295 10007
1099 6757
2792 5905
2939 9918
3624 544
5187 10650
172 9676
3108 4818
3556 6474
4212 757
4835 8105
5229 7446
5497 8873
722 3302
1341 5814
1585 10650
2029 3301
5388 3309
5683 6291
5983 299
450 540
2040 4504
2564 3200
2678 3957
2912 6879
3255 5220
3274 5250
4186 5845
5354 5537
6076 9600
2105 4367
2862 6908
3218 5240
3394 5509
3644 5890
6296 8556
673 636
972 1660
2354 4444
2662 4971
2756 413
3189 4969
4476 10553
4563 6892
260 5773
2066 4389
3619 1168
5643 8681
426 419
646 9537
2191 4539
2814 4736
3214 10601
3240 7970
4338 7355
6678 8851
1820 3926
1287 9086
3022 4376
4570 4933
5870 1408
6058 9565
315 3266
586 8194
2735 5785
2979 4539
3610 5879
6193 9826
6204 9867
6361 1085
3580 9116
3702 6401
6723 8128
1753 4222
2453 3947
2582 4909
3061 5492
3320 5944
3673 9228
5987 7456
1620 4256
1758 2202
2321 4544
2779 8467
3005 4483
3413 5287
3899 7261
3940 5528
4151 559
6462 1248
6642 3155
6662 9084
1715 4132
2280 4307
2592 10172
4313 355
6681 10431
291 1585
1019 9808
1346 3135
1412 3230
2281 4484
2586 430
2724 6299
3243 4988
4528 325
151 259
581 226
1201 7337
3477 8940
6490 285
203 67
1004 6568
1618 3915
1822 4086
2406 9918
5254 8068
6457 10409
6499 5522
62 189
1255 9534
2882 4678
6006 3445
495 9086
526 9530
1550 1529
1682 8175
2911 6875
2931 4444
3173 4726
3512 9175
3751 1023
2687 4856
2943 8849
3067 8516
3660 8536
4121 5773
4905 1966
5190 10604
5531 8201
756 676
887 1195
1334 2750
2219 3911
4288 540
4312 5511
4388 6908
5162 8525
5241 5745
6513 6295
141 93
3072 6860
3411 5201
4671 4433
719 777
2430 5213
2542 8969
3328 5314
3604 9834
3780 386
4686 6807
4732 9212
800 217
3211 3190
3631 1971
3654 3115
6527 10463
1865 4275
2062 4367
2718 5216
3030 4658
3226 4904
3640 9354
4058 5510
5820 6212
1535 1195
2680 4210
2821 5127
4115 7641
5366 5091
5446 809
249 10227
1434 2164
2083 3932
3126 6877
3202 6860
3520 6877
4049 7261
5852 9821
1422 2199
2295 4540
3074 4581
3684 2115
5480 4561
6456 9781
367 283
371 1195
386 368
717 411
1773 4287
2013 4277
2137 8660
3024 4626
5524 8955
5769 9196
5957 6296
6130 8664
6251 5099
6740 10656
1021 1142
1139 8711
1206 2164
1256 234
2588 5170
2795 4757
3233 5287
4968 2469
5617 5642
6661 5437
330 366
1247 6117
1253 234
2788 4626
3228 4964
4335 8643
4697 190
4763 7984
6647 4819
135 4472
194 167
1990 4261
2766 4483
3174 5786
4084 9986
4126 10484
5718 128
5937 9448
6017 8738
271 3677
668 5955
721 3092
2843 4483
3053 4658
3127 10656
6431 10273
6604 9090
390 298
1415 3247
2264 10614
2711 4483
3049 4539
3436 5447
3921 496
5745 9450
1500 6619
1946 4093
2063 4212
3244 5196
4891 9212
4958 1542
5637 244
6488 10141
410 9029
3442 10003
3732 10016
4089 9471
4174 5092
2364 3088
3170 9062
3733 6397
4071 1134
6191 9824
6405 10157
852 88
1067 6664
1298 9031
2099 3511
2867 5075
3626 2815
3667 8599
910 8221
2121 6511
2764 7355
2955 6877
3071 4539
3164 5791
3232 5213
3384 331
4687 540
5083 797
5959 5726
219 448
1699 4235
3929 8520
5935 10649
6065 9580
54 6886
1481 2233
1731 4026
1969 4411
3138 5800
3176 4946
3664 9375
5812 9534
6055 1338
335 9844
651 5708
2036 4379
2480 5785
2572 4210
3405 608
3550 299
5143 8482
5909 9390
6384 10425
208 1944
894 8324
2747 5015
4047 520
5644 9311
6253 6387
556 5794
2790 4386
3004 5792
3982 9062
298 5595
1749 4188
2513 5281
4677 3377
145 2143
2465 4754
4337 460
5160 8464
1216 9212
3025 4628
6614 10672
13 9888
506 450
1640 566
1891 4390
1933 4485
6062 9591
6680 10260
2016 4242
2056 3515
5447 7502
5934 3431
1317 6986
1362 285
2059 3819
2276 4331
4056 6711
4603 8723
35 884
1357 9539
1401 6117
3397 10476
3525 9534
4075 6399
4712 10619
71 75
115 9676
563 5644
1840 3842
2089 4603
4068 1375
4171 6879
4295 8487
6151 8555
2800 5148
3092 5209
5862 4222
6112 9691
101 5164
712 7394
1297 911
1465 8335
1724 3768
2350 4328
3334 9029
6601 10561
124 2143
238 48
535 8486
1839 3921
2408 10186
2737 4459
3177 5250
3563 9307
3946 6960
4100 854
5714 5726
6434 6572
169 10112
691 501
2448 5112
2502 4351
3075 4946
3154 5411
5564 8411
41 7560
142 133
861 1729
2315 8558
2831 10527
2891 5115
2981 187
3222 5503
3367 10549
3468 5478
6447 10199
392 9630
1338 267
1529 4936
5616 5510
6359 129
244 828
430 6250
523 9063
529 8492
866 9471
1734 4438
1751 4367
2170 4210
4445 7355
5899 5905
303 5773
1079 2078
1791 4244
1864 4141
3085 9338
3913 5420
6254 220
6735 10630
133 30
1704 9353
1897 1818
2204 3971
27 5164
2552 4353
340 9135
3184 5369
3237 10666
5492 9347
5657 9087
5997 2017
394 6661
441 10586
1212 487
2296 4397
2401 4448
2629 4721
3231 5192
5797 585
6094 2293
319 10143
1503 9646
4632 5745
5580 8594
886 6250
1200 5163
1266 7134
1873 4759
2918 9203
3382 9060
3462 5480
3766 3333
3977 468
4693 10614
83 9419
460 9348
1708 1784
2538 5056
3186 4385
3329 5291
4437 7443
5230 8556
6416 3230
1182 1408
4130 10549
4311 7406
5392 8808
6465 10309
569 2018
1065 4765
2254 4434
3171 4357
3485 3478
4037 6684
4715 5534
5859 6402
551 532
1366 1854
1517 9578
1553 3458
2391 1274
3125 4483
3277 5430
5197 8562
5854 9311
6555 6511
210 9916
265 491
1911 4344
4804 8045
6666 1031
63 194
77 150
1191 9274
1931 4250
2696 540
2860 4539
5811 6294
5920 9433
6636 8865
266 9131
815 165
1175 409
3457 4890
3670 484
5501 8928
5895 8562
6492 6648
779 212
1444 1195
1944 3910
3309 4929
932 5799
1671 3666
1798 269
1922 3423
2271 3706
3066 10516
4670 354
5102 1773
5675 4609
6123 495
6703 8622
6748 4833
1546 715
2778 5471
3435 5780
4667 6644
5828 9342
564 8474
1843 4026
2027 5494
3957 10114
90 5824
543 8170
2742 4854
2830 663
3144 10474
3287 6462
3404 5202
5953 4886
488 6501
1466 604
2554 5786
3026 9633
3376 1859
5405 8545
6391 7249
6569 7462
1502 315
4131 5888
4297 1508
4673 7686
5986 8560
6412 1074
1333 1855
3242 1126
3416 5726
3635 9347
4290 9828
4645 5640
5885 7286
6057 9564
6111 9689
100 5737
1987 3713
3083 4539
3169 5451
3768 9089
3981 6298
4698 9346
5004 9347
262 8954
440 900
632 608
1690 3603
2879 7355
3003 4539
3196 5416
3199 9342
4074 519
5493 10597
5947 9003
6160 9773
3159 8644
3200 4399
4899 8954
6129 9720
374 556
382 463
1823 5796
3963 9006
4028 9059
6422 1972
435 10627
994 6941
1023 10093
1619 3926
1965 4026
3472 5103
3726 8467
5793 9986
6749 5490
491 232
636 8846
1144 1806
2028 3285
2268 3596
3212 8712
3793 530
3938 9480
4582 5721
4836 8106
170 90
534 6501
1062 9213
2124 3601
2157 6814
3312 5127
3496 5523
4091 493
5532 8853
5888 4757
5905 9377
6475 10240
561 8510
1348 1645
2039 4485
2130 4294
4799 7863
5608 8465
6290 8577
171 2056
216 9255
2499 4194
3403 331
4914 5689
5296 156
1979 10375
3253 4969
3497 6428
3663 8543
4552 5639
5537 676
6736 9472
2256 4301
2478 4195
1096 285
1278 5696
1424 1770
1819 3737
2657 4578
3351 1847
3414 5447
5975 6383
6640 10601
60 9676
907 9029
2533 4483
2603 4376
4110 520
4782 10314
4996 7337
6648 7374
724 679
2081 3818
2147 4218
5478 34
96 186
1977 270
4513 126
4601 540
6308 8687
6573 10313
152 5164
333 1322
1052 9021
2232 2287
2449 3302
2653 4346
5202 8562
6284 1112
998 1000
1549 4175
1643 1304
1759 1186
2166 3724
3229 5023
5826 7196
714 540
2352 8895
2636 7715
4953 8205
6190 9829
6726 7354
473 8646
790 5947
945 10185
1056 1158
1821 4008
5233 224
5711 9340
5768 10030
380 1085
706 585
2923 9203
3256 5287
3930 6394
4647 7685
5921 4907
6243 10672
6464 10515
6510 4736
67 10587
2846 4852
2978 5816
3187 9338
6075 9613
6350 10146
6521 224
1123 3483
2953 4444
3172 4539
4135 10148
6480 9261
572 10016
1228 1199
2441 3052
2451 9558
2813 75
2878 7355
3363 5171
3370 8486
3605 6822
4562 9576
5377 780
6460 10310
6617 10541
1022 2713
1274 260
1848 5796
2235 3601
2400 7355
2842 4399
3273 5192
5733 368
6250 10468
6671 4224
4 10586
654 4941
1825 4286
2021 4836
4132 5426
4622 5611
5509 325
5611 8152
6218 10524
6280 18
6745 5563
4232 871
206 6295
1695 4264
2262 5037
2750 5323
4165 8732
375 8647
520 9256
1368 564
1750 4277
2078 3474
2367 1585
4989 5115
5435 2358
5924 531
137 6579
1611 7134
1910 4202
2052 6225
2690 5214
3323 5341
5313 8664
5402 9137
2294 3851
2910 6877
3272 5182
3983 1328
5479 8882
5915 4852
6347 569
188 9676
207 275
217 5514
1299 1571
1324 6426
1927 4118
1928 3938
2681 4331
2727 9921
3141 4483
3950 5523
4941 8208
5804 677
6646 2560
1078 2078
5052 6325
5404 29
357 431
589 9875
738 5807
1477 8686
2801 5401
4333 9207
4728 7776
6743 9320
68 9419
1172 1054
1813 725
2949 7652
3508 4389
6455 10474
6470 585
6533 5528
6665 1686
6716 10642
1657 4074
1806 4267
2398 4332
2481 4399
2498 4284
2969 5686
3201 4451
3241 4362
4055 2293
5205 6296
6164 9763
2663 5120
3113 5469
3617 643
4255 540
6518 10278
6520 10279
378 8647
1413 1818
3539 2750
4042 5627
4623 6694
4844 8222
4995 8278
5460 9381
5463 8900
102 45
25 4460
157 3001
499 7403
2086 4436
3091 5122
1923 3656
3293 5133
4589 9636
5465 8884
6238 9288
6609 804
1126 10074
2104 4132
5022 10474
5948 10324
5964 9450
6113 10524
1283 1344
1416 10523
3506 9214
5612 8805
6739 6683
571 8542
735 688
2289 3591
2693 9755
4774 6651
11 10527
177 1216
1866 4331
2654 4347
6063 9582
6494 5594
47 380
272 9252
505 2143
658 10217
1572 7134
2030 3515
2767 3053
2837 3706
3000 7652
6315 299
812 495
2710 4680
2962 5228
3592 5914
3686 828
5671 804
6110 9687
6353 444
558 7134
1110 5814
1319 1571
2967 5460
3928 6336
5658 9611
5863 4198
5898 704
6435 9315
6485 3200
125 10565
148 10587
528 2143
1544 8751
3257 5250
4477 5098
5252 1304
6633 10646
65 8685
175 5604
404 7261
545 8850
1555 9202
2921 5505
3656 7188
5381 369
6099 9486
6281 6083
1626 2647
2791 6876
6028 9636
6733 9792
97 9692
1408 1690
2614 5234
3163 6875
3377 5182
381 6750
795 1498
1736 4437
2328 1760
3657 3432
4133 5845
6330 9315
6396 4807
6420 1050
228 4004
1615 3700
2839 8885
3937 564
4604 5231
81 9916
2168 10189
3128 4581
4802 8033
99 5310
650 1731
1258 10621
1480 2146
4011 8205
4574 6723
304 9916
2890 5089
4415 10474
4785 8013
5566 8982
6613 205
3616 5888
3688 8220
471 1486
577 486
920 6664
1716 4277
372 5773
584 570
1568 9930
2314 560
2325 4713
3130 5175
3297 5451
5289 5548
5836 8994
570 6369
750 1528
1505 1660
1954 493
2387 4828
2528 4435
2573 7355
3087 10672
3140 6860
3254 5086
3622 9666
4955 3321
6653 10646
6669 195
475 3947
1662 4089
1194 9795
1245 6511
1261 5686
1301 1831
1472 6298
1693 3969
1930 4230
2706 8915
6207 9862
224 35
703 3025
746 3200
1492 1930
1650 10064
2881 4539
3458 8680
4162 644
4317 258
5084 6292
48 7257
140 107
1792 4415
2128 7063
3406 3092
5961 5276
6181 8212
6649 678
31 4699
230 7817
1844 4008
5136 8836
5276 588
5844 614
6379 10100
732 5817
874 7866
1314 5018
1526 6960
3225 4675
4026 1295
417 9465
423 8988
872 618
1184 3482
1203 371
1846 4277
3747 8324
6747 10631
807 126
1066 3236
1807 4196
3209 5187
3489 8835
4794 1112
5424 8872
6472 10179
1667 756
2327 5052
2434 1216
6702 7796
674 343
1220 6427
2530 4353
2591 409
3365 5131
5199 5724
5798 8641
1242 9834
1625 1668
5310 3678
6328 3200
218 3204
950 530
2531 4348
2574 7401
4707 1604
6439 9781
6595 3465
6713 5526
242 5773
2951 7403
3084 4626
3459 5624
257 5741
705 9301
1523 7576
2812 5785
3398 1847
3415 9181
4176 10155
1221 2750
1814 6225
2704 4210
3035 7431
3554 9203
5483 8854
6729 4807
1072 2107
2968 5473
3533 7124
4233 1773
5019 8561
489 429
1522 4320
1754 4430
3048 7355
3990 6139
4454 7309
5913 4912
149 9883
3492 5536
4780 8836
6024 4762
6355 1037
109 4390
1356 8682
2307 5120
2320 4203
6185 8786
19 10587
420 8952
1185 1251
3303 5192
4156 210
5278 46
5717 8767
6652 4283
55 9419
858 7286
1305 9311
1361 1723
1419 1251
1442 243
3715 5603
4692 7757
4769 344
6378 9202
82 9861
1779 5521
4925 6754
5091 10206
6205 9868
6616 7321
86 5791
268 6502
566 6413
2224 4444
2811 4540
4882 10206
5507 5785
42 9419
919 3372
1809 4485
2277 4287
29 9419
1100 1618
1294 5112
1560 5936
1745 3851
1888 4096
2544 747
5780 8732
6282 4935
508 6501
1011 5823
1420 362
3545 624
3839 8466
4224 3315
5703 7196
44 120
127 4487
925 7546
1989 3804
2190 4215
2236 3804
3353 5291
5072 9486
6658 636
2682 4679
2836 3706
6048 1884
6458 4914
6582 8680
6682 7322
1703 933
1805 4192
1907 4257
2085 4132
5851 10513
2505 4826
2810 7355
3532 8304
4150 10373
139 9419
401 6727
1162 5645
1398 331
2937 1216
3420 6395
4954 8796
5625 8720
704 8279
1687 9353
3505 9797
3779 7381
4216 9356
5581 10628
24 87
1605 3315
2744 4877
3001 7355
3029 5791
5816 224
120 51
773 1632
1374 4361
2871 5501
3124 5890
3911 6572
4368 8769
6318 8851
75 6325
279 9445
322 7741
1600 3697
1629 817
2032 10442
4045 8506
5209 9767
5536 8959
346 416
540 4362
1440 5954
1486 331
1743 3644
1905 3850
2616 6939
4542 1582
123 9445
453 9530
764 8343
796 10195
2215 3588
4605 3261
4820 6791
4864 8143
5931 6542
329 3173
342 9916
2234 3525
2673 7352
2840 7355
3009 5169
6226 285
6407 574
6580 10484
6709 10599
1382 6291
1815 920
1850 4424
2888 5260
4504 7437
270 8960
5570 5556
166 172
328 5054
596 9100
1397 361
1521 2143
1991 4188
3281 4969
6641 8653
524 331
876 3281
2095 10354
3333 5451
5696 9119
6631 7401
6725 736
909 2647
1069 704
1129 2022
1165 5808
1594 2668
1851 4411
2034 3965
2743 4861
4067 7249
5196 3199
5521 352
5691 9114
6657 215
848 10255
1898 755
2114 4830
3122 5800
4565 7742
4685 10513
4789 8032
4992 2240
552 532
578 506
742 1731
935 916
1376 8201
1721 9261
2339 188
247 8907
312 9131
1213 6811
1762 3528
2426 4877
2619 3585
2854 8211
6491 270
87 4391
1396 2784
2101 3515
3962 8770
4839 8123
5013 9028
6036 9356
6289 585
629 2164
1284 6415
1489 7741
1536 7351
2278 4622
4470 3468
4823 8103
4928 521
5628 9054
6276 8522
6331 4304
6695 4615
317 8579
532 6501
611 9626
3730 7152
3858 3280
4400 843
4500 1542
4662 1389
5003 6139
6362 8734
6514 10604
510 626
739 7741
1940 3525
2079 3537
3180 6447
5595 1018
5940 5478
6166 9777
6632 10601
6668 7710
1455 6960
2100 3611
2141 3700
4095 519
6674 241
405 9131
1279 9414
1847 4232
2159 362
2868 5229
5526 6869
5528 9377
5704 10541
6511 10653
3258 5251
4090 2358
4641 651
361 1855
557 560
1436 6208
2337 3708
2708 5800
3063 8689
6119 9719
6538 2606
6542 10516
6627 10460
113 129
1101 6790
1389 5741
1556 2361
2745 4946
6700 8661
248 9445
507 5478
1003 8523
2274 8885
2520 3647
4244 3315
5295 8506
6571 10064
162 23
293 5478
356 6555
718 5257
2202 3663
2689 7321
3096 5251
3198 4430
3683 1363
5380 8723
649 8711
782 331
5242 6492
6654 5303
1132 8959
3972 266
4263 9563
4299 9448
6323 10373
112 179
521 2143
606 1198
2142 8683
2184 3613
2474 3768
2818 4851
4021 6568
5411 1945
1789 4343
2108 4279
2667 6823
5723 8934
5779 9996
6670 3588
990 5926
1044 10373
1432 5663
2705 7355
3325 236
3677 5832
6426 8969
806 524
1308 1542
2422 75
2644 10219
6540 10515
406 439
409 5044
2313 8490
3426 9230
4268 3315
4294 37
5316 300
5669 354
5801 5504
6389 1368
227 2469
1666 10255
1842 4084
2331 9357
3399 5131
4318 637
4351 8576
4371 7515
5650 6397
5719 9251
6454 3334
76 5029
560 1186
1808 8915
2467 5248
2509 6402
4181 4775
4800 2577
5806 465
349 6896
4564 6648
4652 657
6577 7802
6711 10662
418 5065
1520 8897
3696 8503
3341 275
4208 37
6593 1923
180 9419
455 315
927 3853
2822 5131
4583 540
4843 6791
5300 88
5985 8551
6052 9767
6097 8959
6179 9039
111 93
448 5525
1938 8990
2381 4622
4117 3280
6553 116
847 2647
967 7278
1637 3285
2098 3510
2826 384
5922 10121
6606 2164
377 5252
587 877
1960 3522
2129 9367
3310 4969
4321 4853
6449 9819
527 5644
679 5727
1509 4916
3079 5768
6203 7259
320 2143
373 9916
1113 6694
1237 2078
1904 3928
6578 10463
326 406
353 10355
548 9916
1593 9263
2396 3713
341 6117
610 2171
662 5638
1235 7840
4206 3200
4505 5570
4885 4864
5179 9215
5439 9386
6576 5785
954 1585
1664 3135
1729 3806
1920 7523
1949 4730
3372 224
3439 5345
6741 7776
408 8769
6512 319
1783 3967
2518 9625
6074 10404
70 30
93 172
314 8710
2144 3857
3725 738
4073 969
5420 8827
5850 8562
5980 825
559 8647
1747 4184
2736 5785
6022 5924
1574 3371
5284 8633
1425 416
2893 8343
4833 8103
37 118
591 1212
1063 2242
1131 7075
1849 4314
1889 4379
2213 3656
2850 5503
4189 5039
4511 7452
5306 8654
56 5886
1303 1869
1612 7351
3448 5780
160 9844
167 10325
1598 8278
1870 4353
3786 9013
4072 6791
4535 8303
126 107
854 2647
1001 1091
1181 250
2349 3775
3992 1074
4648 9350
6618 5855
288 9131
483 10396
609 3173
1260 1915
1510 9070
1709 3370
3491 5517
3993 8466
5929 564
66 5626
1635 3915
2127 3911
2419 4705
4375 2755
114 5889
1909 4367
3692 9022
5379 8789
6092 9825
6395 3211
6478 10054
1768 3850
1787 4003
4256 8238
4414 9258
6307 3641
468 9404
1901 3528
2164 3752
2527 4287
3515 4600
4329 1542
6418 6260
961 419
1816 3535
2049 10409
2723 6117
2930 7401
3509 7502
3917 8536
4309 9471
5299 9916
5955 5092
6103 6619
6239 4874
6410 5018
774 5773
2697 8680
5545 8962
6565 10606
84 40
511 2143
753 331
974 2713
1461 10395
1496 2164
1532 6591
1655 3731
1962 3926
4345 608
456 397
638 2713
794 10407
1712 3854
3070 8917
5665 9867
6597 5607
4222 9397
4296 5511
6221 9350
1676 4009
4387 10355
4419 5521
5163 6349
5887 6400
6529 6449
2 5315
6 343
1048 1884
1433 1185
1534 2524
3137 7355
3302 8958
6059 9567
6448 4917
1006 10656
1036 984
1443 5955
1790 4231
2909 4444
3417 3457
3522 8712
4066 8932
4801 8999
38 3089
278 5708
2754 9452
4200 5526
5659 6643
494 3173
803 2018
3016 6250
6088 9620
6619 2129
1091 3309
1140 414
2841 4347
4057 1617
4187 540
5398 10260
5762 9256
6327 6648
6742 10482
641 521
870 1854
3220 9330
3465 2088
3714 448
4727 5472
6233 9285
6275 9986
6724 10635
605 6224
2125 3610
2902 46
3421 5251
4223 8578
4776 7852
6102 9684
6403 1074
6734 15
1421 3917
2620 3585
3951 6358
4258 3315
184 8116
399 2018
908 1585
1765 3957
5433 7730
464 10642
985 1773
2123 239
3910 9283
4083 8932
4125 10155
4937 8094
6299 10225
6382 7099
6438 3336
119 194
797 3173
997 46
1093 9599
1331 1927
1525 231
2186 3895
2475 3775
2734 8894
4650 9341
5817 5604
106 5773
1417 7049
3395 4885
6351 527
6505 10424
69 40
103 6886
178 9131
1400 2040
2987 5317
5185 8563
6497 1987
976 6325
1971 4764
2058 3286
2914 4850
3357 736
5783 9196
6135 9741
1484 1885
1597 9646
3156 5115
6109 9688
6319 10199
3627 5825
4663 2923
4778 8493
5126 5550
6620 8728
952 9632
1246 911
1617 4264
2374 3707
3041 9288
3081 9877
4612 7637
5245 8577
5781 8113
6091 7817
3 301
250 1640
469 7394
549 2143
1369 1039
1636 3913
2252 4193
2569 3700
221 4320
933 3036
1251 8194
1966 7356
6698 9947
57 162
131 85
465 436
867 2685
1675 328
2335 3587
2336 3588
2787 7355
5677 462
6342 10018
6714 723
285 9282
544 1085
635 3294
2699 3686
3123 4539
205 30
299 10614
1280 9069
1372 2547
1406 1023
1672 3666
5981 8916
45 163
5548 7502
6557 6373
6602 4950
956 1642
1043 271
1082 2628
1090 7261
1163 1879
1994 4309
2343 1779
2642 3227
6532 6293
2362 5093
4359 5105
1273 2344
1817 3603
4166 7265
4308 6791
4904 10162
5142 10539
5928 9227
6345 10277
6493 9577
5374 9892
5626 1045
6002 657
6638 10451
220 10355
1741 3404
2334 7652
2864 7122
4134 10474
6255 9000
277 1923
778 3173
1426 1754
1752 4346
2515 5251
4226 5098
5919 834
6298 4936
1071 1612
1112 411
1329 2232
1431 582
1453 362
3401 5251
4152 10511
5318 2894
5824 10112
294 2143
1024 4438
3080 10444
4104 941
4496 7423
5752 8733
5966 9865
6376 8596
868 3360
4221 7354
4743 7839
6394 6742
6664 5287
6707 4915
444 2143
913 712
1924 3663
3419 5196
5440 10398
6051 9556
6586 9150
59 678
1908 4436
3500 10146
4204 1989
4254 9912
4633 1542
5177 9767
5297 8493
6402 10460
6598 1609
6603 10569
154 142
1098 6955
2109 4347
2303 4855
310 2096
1225 5525
1282 1154
1725 10289
2167 3839
2423 4484
2623 3788
3418 5282
6338 10045
6504 995
474 2143
939 483
1170 9372
1632 3530
1859 9605
2035 8244
2452 6325
3575 5239
5236 814
5257 8549
987 9311
1046 5741
2199 7465
2240 4832
4559 9933
4740 7825
5153 8865
46 4473
1828 4552
2353 4208
5694 10024
6346 212
6503 3138
6720 3736
737 9355
1115 10273
1515 7685
1988 3826
2707 4347
4678 301
4977 1542
5592 7567
6066 2339
173 142
1490 2386
1561 5945
5614 9031
5682 5770
6564 25
94 173
1921 10594
2762 3797
43 5886
74 9435
414 7153
1771 4026
2399 4437
2785 3749
4988 6543
104 30
1134 1411
2009 10009
2749 6503
5351 274
6242 1835
1710 3690
1785 3913
5482 9761
6313 231
449 1216
822 1685
1358 806
1375 10612
3136 5221
4447 4816
889 7265
1122 6522
6708 9779
749 685
1599 3696
1769 4127
3223 4362
3645 10190
4205 9372
5015 1542
6466 1639
49 6886
150 6353
181 23
200 30
484 294
1800 3666
2439 3744
2958 4857
5982 9246
6688 10430
1002 1103
1772 4436
2181 6323
2456 3522
2650 3795
2832 3188
3352 5196
5393 9329
5652 3187
6374 10088
17 152
503 5248
1403 3726
3400 5291
5584 5502
5607 8205
6208 7688
4041 8216
6413 269
201 78
1439 6788
1689 3700
6287 10606
802 309
2568 3624
5673 5777
6269 10609
168 9694
780 7730
1106 10492
1312 1840
1573 9468
3095 5251
6265 7463
393 471
547 10355
798 678
1566 3775
1663 4026
4217 10656
5594 7378
6314 5798
6397 4667
186 9539
938 5786
1252 2277
1833 9239
2363 5181
5549 8544
6040 3200
522 495
1180 751
2409 3424
3483 7219
3584 9329
3691 8677
5112 997
1399 780
1863 4255
2080 9753
2660 4858
4197 3927
6215 4428
518 2143
1648 4349
2126 10189
2806 1528
3105 4331
6035 2081
1563 5677
2076 10632
2359 5069
4141 10561
4754 9720
5666 9795
6487 352
6498 5817
6554 5834
2346 9631
2907 7355
4270 9517
5135 8411
5189 8479
6171 5233
6261 1972
212 4986
292 7318
493 7021
1788 7698
1932 4627
2011 3916
4310 7404
5735 9160
6270 10260
1097 7603
6267 4980
1337 6724
3275 5368
6722 7619
1460 10641
3701 1400
4188 8932
4553 9341
4627 6523
5217 3452
5421 5215
6651 4350
234 2442
708 9781
2198 3410
3484 9401
3632 6312
565 9479
838 7536
2275 4277
3359 678
3737 9013
4912 4809
6056 4929
73 9936
197 5115
1575 3479
3945 7195
4109 10251
6291 9827
198 68
4316 10558
6673 6224
973 6250
1058 493
2858 4331
4262 3315
6182 1854
512 1959
740 6415
793 678
1738 4304
3443 2115
6125 10031
6223 8518
190 5390
831 5540
1311 1741
1451 1764
1607 6464
3466 10454
6089 8156
6339 10303
959 10423
1127 5185
1146 1470
2418 5374
2997 3875
4191 9253
4939 6791
5450 278
5767 4324
5 5287
311 9520
781 6887
2551 7403
3574 10540
6474 10308
282 9532
307 1897
363 3219
656 5644
733 623
905 1498
6105 10524
6561 10542
34 992
3002 7355
6375 1531
192 157
885 4156
2044 3341
3526 8688
4300 9398
4595 9341
4737 2502
4812 6664
6320 683
881 2114
1673 3663
1770 4141
6127 9718
1077 6742
1980 8831
2061 3985
2310 7437
4639 10395
6220 2309
490 4389
1775 4358
2752 5292
5590 3286
30 59
836 1585
1947 4008
3537 7686
5453 5939
5952 6569
362 3200
1159 6464
1257 1058
1642 4182
1778 7652
2455 3605
3215 10474
5000 4960
6519 9255
1268 406
1983 3519
4819 7908
5886 10016
6630 934
539 6901
1723 3601
3859 1765
4107 1013
4219 5817
6599 10145
158 8177
1339 8861
2082 3926
2758 493
3490 5508
5726 4325
5751 8661
61 6886
108 23
189 142
590 7013
1034 6955
1900 3539
2725 608
4038 7134
4943 8206
6131 5715
6502 9649
223 5347
519 1541
1402 803
1539 9532
3106 4539
4009 2156
6570 5522
6591 10424
78 5789
1154 2849
4040 8985
5516 9488
6552 443
1190 5506
1551 10494
3430 2074
4331 4834
4602 4971
5562 1200
6053 9768
14 10608
26 5112
129 257
421 9487
1075 2341
1524 2366
2188 4127
2476 3795
3308 9941
5933 5232
6348 62
2093 231
3470 10187
5406 10670
6484 9079
1985 3601
2057 8835
3527 334
5992 9562
6158 10467
136 10600
254 8712
513 7195
1209 6699
1728 3852
2548 3666
3193 5251
3986 1945
5045 8673
5376 9574
6415 248
659 2668
2026 2164
4046 8661
4550 2031
4889 8770
347 1189
501 1190
686 8579
2950 8885
3082 8885
5116 8475
5533 328
6496 9819
6667 1618
6744 736
28 9861
130 10075
481 3337
731 9265
788 1585
3675 214
4620 8689
4625 5770
428 1381
2477 3666
3658 8952
4742 7235
5315 717
6461 10051
6719 9914
1187 2148
1188 1532
4022 6791
5069 5579
5481 9534
5631 6825
5787 986
6612 1587
1050 1264
1418 3143
1474 8114
1499 5895
3991 10267
5256 6176
275 337
639 6415
1428 5043
2977 7355
4508 3851
5111 6545
6245 5581
6381 344
6523 5526
6672 5355
447 9662
467 9131
1147 8492
5055 7183
5395 2697
5712 9151
5856 5252
6546 6250
1696 3985
2285 183
2761 3749
3326 236
4533 2585
2218 3708
3595 10638
4452 3368
5794 1442
6078 10256
204 10587
912 540
1074 8524
1986 3742
2414 3898
2436 3952
2925 3886
4225 8932
4755 8493
6522 4109
6622 7684
830 337
968 5445
2041 4730
3947 6697
4014 7741
4509 9032
6732 5855
287 376
1494 10589
2163 3609
2908 5800
5051 6314
5513 3586
105 9973
600 530
2055 3537
2160 2520
2472 7037
2692 5462
4238 8898
6471 10359
305 6415
757 5616
827 5980
1049 1085
1974 8430
2782 3521
3666 8712
3966 10616
4123 4027
6623 8021
211 9916
1447 1652
1488 6142
5814 10616
6605 520
118 30
443 5980
821 767
873 5502
992 10373
1026 9501
1057 6395
4289 261
5860 10603
470 1336
625 557
771 6661
875 1764
1467 794
2120 9964
2459 4302
6637 9084
6746 764
352 3676
2306 5015
3511 3591
3628 5474
1153 9950
1394 9630
2251 4175
2286 160
3112 5488
3456 8012
3482 7084
5601 2969
5686 9001
6400 5390
1448 1807
2759 9805
3499 9265
4896 5944
5025 618
5561 6378
6235 141
6691 7810
880 621
984 1686
1017 6753
4567 7542
5211 8500
195 5092
789 5608
1150 8689
2273 3930
2318 3709
4099 5833
6011 6410
6481 10125
174 9410
302 989
1967 4787
3054 10613
4287 4848
4696 7465
5400 2444
5834 2603
808 5926
1577 3601
4007 10196
5560 8465
5782 10348
6419 7768
22 3173
222 1587
647 255
2084 4255
2211 7144
2288 3913
2571 3795
2894 5251
3135 6013
4031 2051
4642 7190
4987 1864
5819 7592
958 921
1196 2107
1694 3932
3263 5234
4339 7444
6567 8189
91 6886
2447 7577
3469 5467
3474 5936
3513 8278
4536 259
6705 7810
4551 9558
5908 323
95 187
132 6886
991 3360
1493 2177
1533 10621
6721 5500
619 10496
851 2647
1045 10208
1060 1097
2783 10004
3956 1807
4703 5434
4901 9304
5329 167
5470 7248
5861 5460
6322 8918
2670 5251
3559 10665
4002 6397
5247 2783
339 16
971 8383
1365 1045
5120 3043
5409 1408
5667 2911
6072 7378
6132 9537
6424 4851
820 6582
1735 7355
1861 3840
1881 885
4945 3368
5178 5694
5599 6597
5701 1214
6054 7477
6106 5050
290 911
1959 3601
6122 8664
6277 10107
6687 10588
1095 1915
2397 3706
5036 4960
5945 5785
5989 5266
6421 2469
6594 10016
182 9487
2266 7136
2875 3738
3104 713
5674 423
5802 10602
1498 6881
2217 323
2885 9130
5679 7035
6176 10160
6575 7837
6581 10430
161 10650
196 487
240 4471
1054 4992
1674 4078
3157 8598
574 5945
2143 9059
2827 5251
3060 4837
6517 10092
835 1295
5115 8593
6093 5604
6098 5450
6445 10342
6579 513
555 8068
628 8322
1053 1098
2220 4159
2611 4909
2757 9764
107 9861
117 7
327 4005
1591 3957
2001 8508
3744 8190
5264 2164
6279 5532
6305 3188
33 3173
928 2114
3221 9320
4434 6570
5141 9753
5500 3885
5563 1781
3120 9606
5577 8097
321 6225
814 5014
1554 4768
2600 3963
3920 7960
4405 7109
4962 6470
1138 1865
1538 8720
1627 3025
1660 4259
4198 10155
940 9646
1748 3987
1832 2647
2050 8849
3158 4534
3549 5162
957 8864
981 5502
1596 2713
2270 3722
3332 4921
3894 8220
4209 3315
4245 2020
4370 7501
4643 3395
4929 17
6543 1723
1015 1062
1179 212
3017 10406
3178 5251
3449 1389
5105 3562
5622 7637
5660 6325
6414 2230
6643 7839
110 5361
425 445
480 419
1579 3702
1941 3788
2207 4471
2393 9639
2617 9386
5606 2932
6027 8373
6107 9685
588 7401
2075 6373
3387 3302
4408 8190
1183 7002
1669 30
2333 8003
2807 3256
2947 3795
3151 5251
4721 8290
5705 6538
214 4779
546 2066
898 4359
966 5954
2077 7513
4192 2233
4913 1675
5294 8662
5298 1841
6727 9915
233 9363
1564 3487
1784 4170
2267 3595
4851 5142
6316 9792
261 2143
754 2955
3721 8693
4431 3547
463 1897
784 6010
948 8978
1081 417
1086 2782
1223 2341
1943 3832
4025 6579
4175 9821
4713 5633
351 7892
728 2114
2928 3663
5373 9409
396 5980
1557 9446
3043 10376
4982 8313
6660 5781
843 4114
1707 5784
6427 179
344 8829
580 7499
608 1390
2369 3652
4705 6152
6034 3200
6404 762
6509 10207
1638 4257
2550 4210
3065 10542
500 1959
1073 5756
6615 7320
926 2017
2140 3585
2145 4071
2963 5246
3339 7796
6184 9898
6303 5029
6621 879
18 9439
1445 7686
1464 2189
1646 3243
2347 10537
2495 239
4077 3314
4690 5221
334 911
383 5450
736 5613
2565 6539
2602 4211
2755 5623
5720 9003
6369 10478
6628 9797
255 3273
364 2143
1070 7942
2457 3744
4522 1962
5629 3211
2506 4857
4153 215
6020 9634
922 6211
1080 8706
2031 523
4136 9363
5347 9050
5546 10424
1885 3839
1968 4444
5130 9216
209 483
1232 6664
1321 1618
1391 1864
2545 1359
2625 4337
3585 10638
5586 3385
6489 9846
859 6358
1041 985
1116 3204
1229 10034
1730 4084
4557 7687
1463 1817
1631 8083
2450 9036
3386 9454
3653 8707
4054 9360
419 133
4530 5575
4903 6436
5648 9343
1035 969
1545 1433
1961 3706
5129 5309
5706 8257
5838 10470
6004 7546
6545 1823
623 5776
1645 9578
4731 2358
6706 7810
365 8900
427 10285
1437 9918
2249 3699
3566 5769
4214 696
4976 8507
5031 7491
869 301
1211 4988
1244 3765
1569 7851
1776 6011
2072 6939
5551 7040
6507 8462
318 9007
1441 4809
1571 4175
2012 3816
3224 2640
4357 10181
4631 623
6483 10467
237 348
376 9413
1291 8748
2269 1881
4490 4252
1160 2464
4101 7211
4609 5523
6274 4937
40 10036
963 1063
1263 9471
1955 4927
2134 5103
2165 3706
4669 9427
32 156
622 5004
1380 8985
1528 7166
1746 234
1804 3851
2348 3357
2903 6697
3565 3449
5434 6628
6229 9881
6317 3383
6352 1612
6473 5832
1511 7718
1567 5835
2432 5824
4061 5634
4517 9489
5335 1183
6115 6807
6199 8870
1446 10411
2162 3772
2338 4175
6037 10246
6068 10104
446 5787
1059 5362
4594 9372
615 9547
752 261
4210 10309
4459 10581
5359 2431
6380 10438
398 1577
537 3173
1352 450
2413 8122
3535 8230
4498 314
4654 979
4974 9951
6696 9788
231 35
1105 9937
1837 3648
2053 9489
2851 10282
4423 3604
5960 534
1119 2238
1882 3609
2004 8934
2492 5882
2941 5927
3121 8578
5132 2432
6183 10552
618 2022
949 8683
1254 6010
2200 740
3446 8116
5543 10060
6249 8122
6588 3816
229 9056
1857 3526
4336 10041
4463 2231
4807 5714
6197 4050
6341 10088
6360 10291
442 902
1042 9785
3907 3755
4346 7710
6292 3200
193 8131
813 7597
1726 4068
1886 3930
3523 10017
4808 10097
4811 8049
5067 5152
6263 1051
1756 5337
2677 3702
4252 7006
5360 9279
213 10662
1622 8123
2094 3213
2136 10418
2847 8673
4143 5501
4752 7298
6121 9715
6366 9964
1000 5302
2438 3692
6217 3438
0 2577
239 10037
1978 8990
2183 3503
4059 10250
4736 8924
4924 8096
5172 6375
5512 8944
6156 2693
308 2036
1404 5289
1616 3711
5755 1793
601 1243
862 10125
1578 3775
2990 327
3902 9628
4172 6890
4393 7184
5867 2291
6222 9846
122 3085
2317 3794
3536 5059
5472 8067
5716 5004
431 6960
2231 5498
2417 3811
4902 6514
5737 8681
332 9397
766 9968
2458 3925
2876 3788
3752 9299
4813 8341
5325 7744
5799 10148
6333 10179
6683 9963
931 7892
1166 10433
1306 1413
2567 740
5009 5457
5100 2325
833 10064
942 7395
1013 8418
2437 7582
4730 7816
4917 6435
6050 9556
6429 9410
6531 10429
6675 10535
4640 9312
4714 608
4965 2016
5744 8543
454 6501
4756 8578
677 1634
1475 10440
1576 3609
1903 3793
2497 3792
3216 5368
4389 843
4518 9894
5121 2532
6234 495
6508 8577
466 10494
482 2685
882 8159
2185 3504
2595 10633
269 1818
964 260
4488 1344
5258 2133
5452 3137
6043 8683
6174 9882
6187 9427
853 731
4534 1167
5035 6763
6013 8955
163 120
379 2402
799 10015
819 1301
1292 1606
1587 10332
1677 4255
4185 638
4428 701
4664 614
236 1303
1470 1991
6432 1153
415 2040
1688 8881
1727 3706
3431 5184
5944 8448
6141 9734
6293 5652
1142 4863
1367 7016
3534 8639
6069 7367
6357 10180
116 83
1320 8709
1916 4652
2395 3696
4344 7453
6081 9796
759 1731
4590 9203
6136 9731
164 9883
1501 579
2386 8672
2820 7144
4005 7364
5598 1378
6001 5833
6442 1263
1192 1962
1513 1407
2291 3594
3517 8597
4471 9795
354 2668
1285 9964
1739 1402
2679 3793
2733 8885
2872 9254
5489 2811
6009 7027
424 7642
479 7746
1332 6206
1458 10446
2543 1995
2808 3775
6344 4839
6409 10413
6468 1970
6495 6375
911 1198
5534 7825
6370 10314
860 781
1039 4931
1128 2036
1275 1443
1763 3575
1836 3887
2701 9856
4173 10631
4378 10433
6209 5866
6393 3757
6441 5936
6451 1549
2700 3782
3530 8683
5910 468
5993 458
6624 10669
541 5956
975 420
1018 10443
1653 3516
2189 4031
2596 3558
962 9499
1507 8467
2649 9761
3648 5693
4397 202
5062 7962
5358 2896
5903 578
4201 9389
4708 10385
5510 6263
4723 1542
6212 9883
6583 9879
2522 3690
4777 7877
5114 8516
6541 8733
1512 2341
2519 10633
2546 3700
3835 1567
934 1086
2598 3666
2995 3884
3119 9606
4018 1834
5037 3613
5541 2171
4277 217
6694 9722
1603 3724
2971 3873
4621 855
5086 8116
5353 8563
6306 5529
6436 1218
1009 4175
1518 10277
3069 7257
4279 3328
4544 7534
4932 812
9 5489
144 5138
3884 3551
4525 362
5127 7216
1145 10614
1958 3521
4379 9328
5415 5146
5721 5451
6139 9750
6202 5904
6450 6445
6738 10635
1565 3477
2525 6636
4260 7734
98 120
707 3293
2230 10311
4137 5493
1304 4853
4366 7896
4398 5029
4938 6626
5087 3947
5125 1567
6189 4312
6264 1057
6697 9793
20 6886
761 8805
3473 2498
5352 8563
5499 1091
438 9070
1276 1344
3316 111
576 1219
715 6694
839 1990
2102 8660
2233 951
5124 10670
5151 6704
6159 9752
6200 3057
6371 8679
429 2969
693 9030
1602 3618
2407 2413
2494 2576
3927 3576
2905 4058
4240 9912
4593 7933
5540 5103
6084 5483
92 363
1479 10658
4421 6973
5027 6781
191 3000
2119 235
2786 7652
5490 3761
6689 10503
783 5217
817 6250
1055 3460
4502 2535
6443 10326
16 9888
864 570
903 3076
923 1408
1118 1348
2901 8759
3021 8591
4922 4255
906 2433
1411 2187
2201 6424
2312 10009
2972 6424
4328 10673
4672 2172
5869 5048
6728 10612
1360 10440
2493 284
2521 3690
2838 3959
3476 10148
3570 200
5375 8919
1156 3665
1384 2295
2311 9501
2507 4876
4356 7151
153 2081
452 6617
1328 8235
2974 9217
3475 466
4809 8071
5165 7182
5281 2483
6469 10327
902 2058
3381 7416
6626 3230
36 140
730 1186
763 10440
983 2269
3481 4861
4248 8845
4520 1779
4681 7223
4936 8028
6368 7630
982 1754
1010 9804
2073 1046
2161 3771
3818 3833
3971 8015
4493 8578
5240 7016
5656 10479
6356 10303
6530 10428
1782 3891
5008 5928
5212 2932
5337 8758
6326 8999
1143 9558
1862 3921
2976 9114
4124 961
4269 5587
1028 1971
1047 4965
1061 8778
1318 1526
697 6160
772 536
3290 277
3676 8500
4278 763
5140 7257
1764 3722
2103 8597
2250 3958
2601 860
3047 7652
4409 6435
1033 2242
1542 2386
1899 3539
3848 4175
4548 4761
6138 9732
6392 10414
896 7853
1330 2099
2365 7986
2583 5904
3493 737
3782 432
3948 7272
4183 8822
4485 3321
5418 8549
3109 4915
4215 709
6398 9857
3364 5234
4019 1018
5994 4877
6244 5581
1570 10289
1835 3410
3896 7958
6273 9025
8 9023
5475 5951
6364 5133
1700 7187
1981 5174
1982 3518
2906 4062
3524 1137
4324 8830
5930 3474
6556 8201
235 8598
1085 10117
1168 10594
1325 7628
2965 431
3249 9262
4969 7475
5897 7892
5918 6028
4341 636
5018 3148
147 164
1349 6940
1462 6225
2622 9889
4020 290
4880 2171
6118 2151
1559 2163
2330 6665
5110 991
5651 6111
6423 1218
1005 1109
1659 3287
3788 8884
6198 1470
6430 9879
1516 2144
2392 4855
2454 1052
3412 10255
3674 404
5383 2671
5387 3411
936 4139
1241 772
2991 701
4616 10206
300 1190
811 283
2643 7854
2763 5078
3997 3527
4394 1811
5575 1991
6589 9119
1504 2175
2473 3601
2524 3664
2988 10662
4524 3142
4547 2394
4628 9328
459 5664
645 1402
1780 3607
4494 8871
4749 9593
5109 5492
6297 10151
496 302
1347 5261
1604 3377
1963 3916
3672 9284
4739 2977
6041 9706
6120 930
6145 1197
553 8981
769 5081
2594 217
4034 8651
5700 2848
6310 10135
155 150
916 10635
1883 3614
1925 3958
2069 1964
2590 5251
3251 2721
3727 448
6201 8763
6377 8577
6453 2247
432 8214
3759 9590
3924 6179
4523 3143
4978 9256
5028 6975
5328 5455
6730 10481
183 9696
1487 2081
2368 7089
3901 7161
5274 5029
5327 7992
2319 4159
3064 1790
4775 6801
5663 8291
5687 7467
6246 8527
685 582
1344 9362
3068 9499
3360 7098
3904 5455
4617 1838
5096 8754
5487 6452
6005 2702
6343 8679
531 1973
1108 4217
2138 8638
3349 4996
4404 7121
4956 38
437 9403
1012 1516
1342 9024
4456 8770
5048 9410
5070 9895
5128 9265
6428 10291
6568 10186
1 68
630 3230
664 6725
1136 4468
2248 7571
3210 8621
4442 3528
4702 3678
5417 7444
5841 4013
412 330
2332 6117
568 6801
818 9501
1102 2074
2433 10149
3765 5093
3865 3000
4495 7794
4591 7566
4773 7184
301 9770
509 9894
725 1953
3516 552
5792 9809
6336 3200
684 7804
941 7940
996 10273
3903 8541
4390 3217
5567 3340
1030 10658
1222 9654
3344 5366
3923 406
4521 6498
4909 5711
5764 9945
879 2750
1379 4091
2371 3772
3808 7400
3908 1918
653 9070
1856 3525
2247 9701
2674 1328
3743 9234
4561 9967
4666 7442
4818 1047
5342 1736
6401 5043
165 10661
965 6883
1064 8278
1336 1750
3315 1616
6042 8431
39 723
2877 6367
4199 10155
5133 9706
1296 300
2994 9299
4314 5579
5800 6305
1449 9881
4050 5435
1781 3891
3322 5292
4920 7306
5307 4900
1029 9888
1583 9700
2946 3884
5267 1553
6558 8727
5756 1781
5900 9479
10 10500
943 8337
2621 8856
3444 9858
5343 457
6679 3591
121 169
698 912
723 9390
1158 1794
1649 6999
4581 9027
4960 8692
5056 10587
5449 3672
5692 10406
5773 7463
6406 361
1171 8569
2290 10094
2857 3751
3020 5927
5605 6714
5771 6975
5789 9279
1547 10259
1878 3314
2203 3956
3740 9125
5361 2276
492 6414
1590 9856
2097 9020
3985 504
3999 266
4384 4485
4507 6142
4931 6132
5183 4967
5249 6173
2853 8623
4462 9256
4587 1664
4918 7779
5263 35
5990 8165
1315 3231
1683 743
4194 10629
4503 1820
6325 10533
391 5719
4512 7465
1478 6805
5587 6398
2856 3769
4637 687
5638 9667
6137 9750
6417 5617
6544 8593
3824 6042
3889 1731
5010 195
6340 10251
787 773
1414 8355
3589 3330
4098 8434
4425 7320
5321 2193
5664 6139
5743 5121
176 611
502 9894
676 6330
1430 9386
5068 9072
5305 967
5371 7566
768 1027
929 6802
4487 6410
6324 8426
6645 7853
1014 8021
1742 3598
5030 9421
5304 9397
5585 9788
758 7522
871 9985
4679 1152
6559 7194
1114 2093
1952 10283
3760 8308
4580 8561
6390 3845
1388 5698
1483 8209
2703 2641
3301 3540
5309 7962
366 1585
1841 3913
2549 3788
5324 2915
696 9764
1239 1399
1248 7691
2993 2132
3853 5927
4453 5741
4797 7809
4827 5580
5511 5829
5758 390
2726 9130
3294 5366
4358 8190
4385 8875
5201 7476
6175 1375
6259 2482
7 10532
422 379
562 1497
1975 9534
2208 2415
2834 3652
3919 9984
5021 3826
5416 9688
6479 2061
245 361
3531 1097
4984 7169
5064 1337
5505 217
5707 1285
6169 970
6596 9308
1198 10508
1855 2985
2212 9880
2305 4325
5150 7728
88 5650
202 5537
603 1668
777 9264
1238 1650
1476 9877
1543 10049
2008 3517
767 699
1240 7816
1473 1162
1586 8138
2043 5450
3410 3036
4070 1683
4461 1222
4998 6817
5341 6640
5430 8172
1409 7674
3299 4107
4004 8226
785 5563
3984 8202
4556 9912
4964 91
5868 6695
6214 10613
575 7499
1007 6345
3873 4109
5269 9300
6358 7872
613 8831
1031 4368
5076 8338
888 9471
1227 1560
1407 405
1942 3667
2216 7491
3852 2195
4127 1824
6271 5029
6373 6417
6425 9990
924 9880
1214 3933
2416 2722
3373 9150
6321 2137
6188 3457
6195 10500
895 1295
2702 9856
2809 3585
3250 4255
5282 6607
5287 8677
1025 996
1874 7342
5431 6675
6625 9262
179 6539
3918 9177
5414 10225
487 9638
1633 3741
1755 2785
3722 9036
4944 3641
5042 136
6153 8068
6676 2243
842 1039
5082 3095
5155 8875
1068 8748
1202 9489
2293 3663
4443 5307
436 7393
2647 575
4218 6950
4810 6173
4911 6811
4963 8061
1169 5949
2415 10606
2970 953
3771 4899
3959 3833
3988 714
4386 971
4474 2755
4897 10307
995 177
1272 5003
2410 3607
4106 9072
5457 1556
6335 120
156 1260
809 8574
979 7892
2048 1580
4017 10630
5089 3241
6572 2302
1795 6309
4327 6803
6067 10106
6283 8456
343 293
844 4115
1264 3903
2784 3708
648 5221
666 5907
1038 1472
1902 3952
3587 4004
4069 9951
4717 6512
21 1290
1089 5961
2206 7980
3391 10255
3849 6458
4577 6705
4908 9076
5097 2575
5991 4899
6038 9672
2698 10500
4579 2598
4935 2976
4961 3404
1121 8751
1482 1235
3989 4836
4830 8939
2118 1718
3851 1692
5200 7147
6383 6264
2051 7084
2496 9698
3279 7187
4610 10226
4636 8758
5842 3232
741 186
2924 6414
4239 6032
4326 3024
5364 10609
6186 9990
439 1609
533 5004
1083 2583
2944 3512
5542 6752
765 5059
4213 3014
4391 2498
4519 2550
4618 6661
4719 2193
826 774
4427 1998
4676 739
5514 3084
6590 1588
1459 5390
2675 3647
3046 4170
5576 6119
485 9534
748 131
1310 8483
2007 3404
2265 3385
3855 1272
4013 923
4949 8313
6294 3149
620 8650
694 1226
1269 4006
1884 9856
2022 8404
2999 3957
4291 6297
4588 7194
5474 8506
2599 3752
3800 9975
4684 2799
4709 6476
6301 6684
504 10273
2593 5924
4764 6760
6611 4804
6656 8404
1381 10623
2641 5713
4304 9491
5345 6869
5988 9470
6516 3138
857 10471
1651 6120
4102 10181
6023 9497
1186 1527
1435 1735
2345 2181
4803 8956
4841 991
5572 4113
5624 229
5927 825
955 9835
1589 1041
1918 1617
2180 1781
2624 3788
4342 2591
4934 6310
5026 6355
841 6939
893 8360
2773 5016
3819 3277
3830 2502
3926 8248
4655 3105
4855 1879
5821 5898
832 239
946 2362
3996 10173
4097 3985
4231 7319
4598 217
5043 3623
5248 2675
6349 8730
1939 3648
3813 3492
4251 5957
5095 5951
5378 7047
6010 7736
786 7604
1628 8851
4734 5390
5166 5538
5250 9372
5573 1658
6302 8729
1562 5208
2618 7379
2833 3597
3502 5980
4079 9192
4658 7721
4979 821
5485 9418
5503 5898
5958 1053
1541 7726
1668 9768
2287 5637
2648 3692
4146 6314
4411 8231
4560 7532
5396 2397
5805 9690
2024 6640
2054 611
2927 3716
3789 8248
4840 1753
5011 5311
5777 5942
6388 8167
85 130
1508 6476
2000 3569
2855 4053
3805 5142
5188 8111
1656 3732
1945 3937
2139 3774
4497 8947
4718 7962
5044 10581
5154 5455
6070 7229
6534 2155
3300 10085
5273 7663
5746 9341
538 5239
1231 7666
1485 1111
3987 463
4036 1443
5523 6435
6650 7963
413 6191
5866 5363
5951 1538
6030 8199
515 5067
624 8831
2210 2750
5079 7174
5709 10236
1588 1907
1623 474
3623 24
5538 2252
3931 2783
4247 7701
5368 8506
5384 7781
770 10529
823 6789
2526 3664
3425 10206
3812 3126
5050 2785
5330 6005
477 5575
3055 353
5060 7401
5094 7452
5731 6997
840 7145
951 2271
1351 10239
1984 3520
2996 3587
5122 8942
5979 1771
6459 8727
3709 5476
4285 575
4630 5736
6482 2036
1020 5637
4180 6900
4305 9794
5974 2370
348 8613
359 7521
3637 8463
3827 8884
4024 136
5271 7216
5286 5073
5338 3709
2243 7997
3451 169
4970 7161
5818 9842
6312 3509
3059 3396
3671 2297
4230 881
4284 3187
4401 5785
5803 3538
1390 1982
3791 6921
3883 779
4515 7451
6337 3603
6363 10257
1217 1448
3895 8076
5448 3672
416 5450
472 2302
2715 10285
3679 4923
3939 3399
4430 2544
1092 5333
3955 9868
804 8738
4374 6867
4433 6458
5285 8818
1794 2985
259 8861
2646 5924
3118 7156
3838 8178
3847 2771
4184 875
2179 8606
3776 3229
3934 9788
6168 10471
655 73
3806 1487
3877 3717
4280 8207
4406 2782
4457 6778
5088 6976
6144 6687
914 2173
2005 9134
2904 1889
5065 7108
5272 8591
5568 1943
6210 2613
3699 10146
791 10230
5071 4436
1744 6367
2002 3993
4543 5466
1519 5728
6386 1280
6506 8850
4168 7400
5034 929
5081 7517
5807 8692
5973 850
1614 10523
1895 8134
2732 3795
3925 9617
4887 7272
5066 8256
5266 1999
2760 10094
3887 2831
4675 8761
6031 5643
734 8127
2372 3703
2435 5472
2730 3598
3540 7131
3742 8983
4154 10030
5080 10480
5320 9241
6114 6640
2158 10218
3268 10503
4919 1636
6046 7785
6079 3949
516 1209
4139 8216
855 474
915 10584
2948 8708
4395 3104
4826 7338
5363 353
5864 2476
525 291
1685 10588
4169 1032
4735 536
4825 6963
1327 1679
2731 10009
3117 1378
1951 4595
2547 3523
2985 2756
5442 9604
6241 10081
1302 10290
2370 3772
3182 953
3790 3833
3900 2960
4383 3048
4460 2798
5473 694
5778 7270
530 2385
5268 7311
2645 2104
4438 935
4689 6053
5630 10459
2945 10010
6699 3107
6710 2276
3826 8139
4516 7421
5365 6254
4063 1959
4771 5579
5049 6033
5059 1325
5759 10631
6087 7983
810 8750
1595 6512
2182 9759
2272 3929
4683 6143
5344 6993
497 10215
1032 300
1634 3786
5923 2169
256 10652
5484 9773
6170 6945
4275 9985
284 9512
1383 10089
1624 8117
2284 5016
3811 7120
3867 8728
5061 6481
1606 8108
2651 3957
5047 6539
6146 9841
6178 6499
1592 5101
1917 156
4946 7228
476 5601
878 10641
1378 10414
3882 6014
5471 2785
5552 4767
1452 3748
2045 6008
2412 3524
3828 2023
4894 5694
1654 10094
3045 5775
3769 3931
4753 7182
4796 3323
4893 6589
5772 2325
1195 9303
4720 1955
5891 7992
6433 1560
6635 7090
6677 7037
669 2024
883 8910
1037 3625
1167 3026
5138 8413
5275 892
5486 6455
1558 287
1976 2475
2570 9856
4202 5366
4432 1683
5270 6548
5502 3812
1684 6333
3837 6734
4626 8908
5372 2424
2122 5714
3521 4674
4541 691
4950 2800
486 1633
1812 1964
2975 8683
3825 9241
3831 6589
3878 10098
3933 8471
4704 2937
4798 7227
5654 6738
6639 3148
930 3312
4142 10176
4451 1858
1107 6213
3761 10411
5280 2886
1880 6120
1919 5970
5040 1377
6354 7024
1621 10056
2010 9856
2229 1567
3731 10071
4413 4494
4576 7034
4879 1300
4900 5063
5157 5337
4078 320
4701 4805
5397 7864
6142 7289
2926 6367
3844 3755
5107 2732
5550 10302
5322 7086
5455 2771
2394 3777
4429 9927
5078 6498
755 4712
3749 7747
3872 3528
3952 406
4001 9759
4402 8692
4748 8904
1957 977
2033 5225
3850 2193
3866 6199
4644 1497
6535 10335
1076 7666
3634 2292
640 8982
825 9540
5525 1174
5559 6579
2676 3691
4888 2254
5152 7872
1580 1090
3748 6754
4706 7194
5308 697
6311 3704
1199 7758
3392 2906
5139 8836
6300 9960
1665 287
5728 606
4501 2793
6560 2144
3552 3102
4392 7685
4933 3857
5326 8669
3905 6144
4566 7544
4660 908
5041 1801
5251 9105
5340 2775
1350 6057
2003 6505
2209 9756
3829 2285
4380 7952
3980 1615
4420 6177
1290 420
1681 174
5504 6255
5547 9019
6015 6624
1293 1608
1879 10312
4010 8204
5221 7716
5303 7925
1250 6656
1307 2174
4000 3134
5889 8341
5890 2191
2849 1816
627 5004
1178 6787
4608 2755
4725 6920
5158 10071
5427 9024
5506 3617
5876 7187
451 3639
1937 10489
2090 8024
4921 3070
4259 6754
4741 2013
4948 8435
1295 1242
1429 7478
2874 8120
4177 3069
4464 296
4916 1858
5370 3630
762 10047
1468 2859
3447 3153
3943 7173
1249 839
4480 9046
5822 8763
6039 1303
4325 7472
5146 2248
5346 7121
159 7342
1309 6533
2597 7863
2915 2516
4347 6910
4613 9223
5098 2158
5239 2785
5498 8586
3814 2489
5005 6969
776 10618
4440 9196
5702 3067
5906 6656
6177 3470
3772 7884
3846 2684
4035 1469
5156 2228
1233 9157
1601 8116
4475 2293
5119 8370
5225 2684
5302 10492
1340 6294
2998 3664
3528 6865
4951 7610
5432 4255
4466 5406
4868 1599
4986 2150
5223 6813
5904 867
634 7092
4178 312
5488 8456
5558 114
4033 535
4343 10582
2523 3691
4815 1560
5544 9548
6257 5602
1471 1476
1830 6665
4975 3088
5708 7037
3510 8946
3836 7660
4910 10089
729 8817
1582 782
1609 2622
2091 1119
2728 5728
3750 9592
1288 978
1777 2313
4482 6589
5382 3095
5710 8338
5965 9374
6387 3462
993 812
1103 2257
3868 9061
4087 4828
4170 3931
4276 2842
5553 8987
6655 8775
3777 2618
4253 8194
1133 8752
3204 9724
3817 5871
4145 2725
5386 7701
5748 2929
1495 2506
1854 3099
5574 8108
1177 3307
5583 782
1387 170
1537 2412
1860 1836
2047 6640
4144 707
5108 4254
1111 1756
536 1810
2344 5157
1316 700
2178 2200
4236 2076
4467 3402
5865 17
2177 6191
4486 4318
5732 7069
6452 1562
3879 1558
4629 9693
4674 1300
4990 6009
5901 2641
5134 9471
1193 8980
1359 10321
4060 2770
5222 10151
5680 4902
2156 9443
3018 3949
3802 5463
4265 6125
4816 10437
834 6955
1120 2787
1219 7045
5429 8817
1652 5090
4599 6589
4985 6780
5164 2520
5600 9651
5747 9731
4468 7049
1438 4141
4064 2291
4203 7306
4710 8275
5106 7200
6304 7692
1702 6749
2292 3667
2411 3692
4246 707
4286 6099
4781 7790
5932 8963
816 5516
3888 511
4424 2143
5727 10192
4842 4541
1109 8807
1371 1529
5099 1958
1552 6509
3869 5717
554 1433
1647 9614
4044 7112
4264 3461
4274 8593
5995 9199
6143 325
890 1636
980 10018
3892 7852
4991 8186
1218 3437
4113 577
4973 3773
5634 3612
6610 1882
999 5002
1364 3448
3799 5694
5224 9678
5749 10611
5962 9335
6309 7221
4439 2943
6026 845
4382 9394
4619 1601
1876 71
3809 6589
4396 5898
1205 1623
1405 4674
3165 3230
4481 9672
6399 10521
3893 2575
5738 628
1124 10183
4298 9791
4711 1264
6385 9998
1410 2219
3764 2772
4307 7579
1641 4900
5283 2357
1973 8226
4957 785
4076 217
4365 2221
5456 1427
970 9309
3718 6986
3857 7099
4190 8459
3437 5232
4220 5363
5085 3853
1084 3583
4857 340
5054 10231
4412 2414
5319 2746
1370 6282
4886 9890
6216 10168
918 7278
3960 8122
1173 1175
2729 3695
3880 6539
4983 7853
5323 5934
5339 3292
5582 7313
3881 10381
4403 7194
4980 10612
5623 2532
2973 6648
360 6130
2070 9594
3891 1480
5451 6982
4592 6812
4947 748
5033 5843
2071 7728
4129 445
5877 7019
4315 951
897 5476
1796 9745
3906 2844
4167 10047
4959 788
2835 8119
3798 2553
5331 7293
2155 6477
6715 3737
1226 9627
4355 739
5825 2641
944 912
6140 6227
4597 9045
4659 8900
5137 8587
5385 1279
3871 6320
3932 8263
978 2873
1718 9640
4491 6130
4492 8166
6021 6063
4738 6376
5454 7315
5776 8059
3703 8043
4353 2054
1104 3931
4369 784
3862 2541
592 575
2695 5593
4772 4053
1027 9020
1936 6535
4472 10154
5017 7316
5615 10069
6117 6096
4473 2396
1896 7728
4881 6691
989 6628
3810 6529
3854 6725
4856 10228
4923 2775
3801 739
3044 10068
1530 6725
4027 10115
1953 9790
2197 10297
2246 9408
2873 8117
1224 8376
3019 7010
3700 6906
4458 2952
5593 9578
5693 8088
1972 2466
5520 6672
4410 7560
4096 6192
5413 6211
5426 8264
5032 8749
5984 8783
947 3655
3796 8471
2135 8345
2187 9856
4638 5885
5491 1775
891 4908
2566 3229
3845 6042
3758 606
4578 8873
3797 3022
4354 5261
1088 9501
1875 1377
917 2412
1999 518
3863 10407
4155 10063
6476 9773
5853 7790
4422 5499
4529 2414
5016 5615
3013 5567
1189 2073
1456 2748
4549 8108
6256 4928
2046 6532
5458 6455
3861 8541
4716 1197
4750 7198
3816 145
4147 8433
1174 103
4148 8638
6232 6081
2023 472
3757 2766
3807 7611
1243 8360
5754 7915
4407 5949
1877 8811
4128 1601
3708 8055
3914 8962
6000 3165
5012 3179
5639 6845
4306 6009
5412 9267
3832 5616
4441 2233
2373 10028
4179 351
4250 7572
1392 1543
2897 10
4700 6272
5428 9736
4053 6368
3783 8898
4237 5363
4469 732
1831 9932
6080 8649
2154 6339
846 7371
3773 1825
5892 5192
6173 1609
4999 9048
1540 10627
5075 2709
4726 10519
1608 10331
4668 335
4635 6433
478 10215
3856 7257
3915 2369
2092 9785
4649 1861
1720 6014
4032 3034
4138 3466
187 8019
5739 7211
3949 7729
5362 1438
3815 1297
3864 5765
3890 5654
4119 2940
5835 7045
4051 2210
3784 1942
3961 2495
2245 8926
3974 5063
4086 3365
1811 7356
2115 9033
3870 2071
1701 10339
1610 207
1497 1401
3785 1720
1719 8601
5123 5435
2025 8608
3778 5704
