img02c1.jpg img06c1.jpg
4514 5714
7404 7757
4482 5714
4558 5750
7297 10995
194 215
4588 5679
7283 6113
4872 5791
512 284
4624 5680
185 217
6404 10804
105 213
138 82
4553 5749
3951 5465
5450 5538
6763 9337
709 602
476 960
4592 5749
5281 10723
4590 5679
4625 5764
419 413
5643 8690
4517 5714
7482 8916
5434 7736
4786 5750
719 608
6564 6706
4620 5714
7978 554
4929 10341
4727 5749
141 213
4519 5750
5605 6146
4836 10804
7301 245
5282 5998
4666 5764
7326 9264
611 5722
6471 7290
4973 10341
5256 5591
7331 444
395 960
8121 6008
196 232
6516 6992
473 9265
5487 10710
5592 7779
362 6082
506 6949
514 479
120 213
4622 5749
3973 5308
4557 5714
4593 5750
265 316
478 10735
5654 10995
4484 5650
178 210
7369 610
156 224
5754 7779
5489 554
4585 5714
5568 10995
7386 6122
117 217
116 212
154 199
7082 9075
5542 6186
7074 7779
5501 6122
7073 7778
119 217
23 9
3911 5148
5396 3907
5463 11035
4555 5749
4812 5750
766 11043
6979 10677
5136 554
5539 6113
250 5538
973 960
1276 1378
4830 5714
5213 5949
2858 4530
5364 960
7402 11022
7460 6139
3901 5235
7079 10681
5296 5591
5397 5591
1675 10022
472 10735
6406 10326
8144 5591
488 859
210 251
4897 10789
6583 10778
4914 5765
3986 5342
174 209
7804 5590
4271 5544
518 10937
5198 5992
5560 6159
7026 6121
7141 9107
3712 5249
6964 10970
7500 8709
181 119
4693 5750
1059 1016
3214 5180
3216 5158
5593 6124
5490 10995
168 197
3228 6141
6489 5809
3387 6184
5425 5992
5451 6102
4242 5543
7448 6121
382 6121
5171 559
7328 6122
4552 5754
6893 5591
8150 7440
6536 10526
186 120
4273 5544
7501 6146
5002 8161
4883 5715
4873 5827
6338 10811
5001 5841
5123 288
455 10723
501 463
8152 8206
513 476
7461 8794
62 93
466 6947
2464 4155
162 191
3987 5426
4012 5235
4859 5735
351 10735
3984 5465
4384 10584
4022 5343
4953 5783
2855 4667
3213 5180
269 587
3610 6184
3724 5307
3468 6184
3542 6184
5424 6121
5085 11032
6649 9480
808 686
3726 5235
5452 6008
718 622
442 9337
5543 7819
6729 10911
320 6007
3989 5343
4728 5305
3861 5322
4664 5750
5433 5591
3396 6141
5137 5942
3391 6184
6339 10823
158 176
8123 529
270 315
4591 7736
376 8206
505 10723
4660 5679
5257 288
3239 6184
8143 834
4600 651
4554 7757
15 6
7907 10808
6786 10620
4011 5035
4692 5679
312 378
927 960
4054 5311
7480 7736
7537 552
3728 5824
1048 960
3669 5307
7403 7778
8139 11002
5537 5998
5677 6141
6954 10852
7225 7440
660 258
3819 403
4912 5767
4725 5714
180 212
825 701
3432 4885
266 585
597 493
3429 4530
5464 352
5516 8710
6785 356
1051 999
3389 6184
8149 10911
3808 3056
4662 5749
5138 288
4483 7736
13 6
115 96
655 378
6821 7187
4518 5713
4694 5750
7176 7379
5324 554
6288 10693
412 7757
502 469
3388 6184
3910 5148
40 78
5233 554
5836 7822
7031 9127
107 123
179 213
4948 10807
5475 8690
5527 6191
8095 4063
3148 10038
3466 6184
6562 3923
3269 5078
3607 6184
5541 7779
6490 10296
6911 10620
6340 10701
7406 6146
7772 11027
3938 5235
7059 5308
8155 7393
422 429
463 10735
4107 5342
4589 5603
7734 7379
4088 5305
5732 6159
5772 7777
4112 5502
4960 10341
1086 1081
1942 366
4118 5322
4440 5546
4867 5767
6440 10811
6535 10325
7680 8851
637 1493
4076 5465
8125 355
3977 5322
4661 7757
4756 5304
6783 7260
4056 5479
4195 5493
4850 5714
4570 7074
3990 5343
4626 5680
7389 11021
173 217
4057 5312
5731 5321
2360 356
2796 4667
2800 4530
5569 7778
5231 10668
427 413
4528 5707
5714 6165
187 224
638 549
1101 3923
3229 6184
4408 5546
7041 6121
4350 5532
838 10801
4507 5568
5366 321
5773 6124
3949 5311
6935 7440
4343 9899
4407 5546
4515 8690
335 378
3751 3604
1707 2319
5212 288
8132 5722
370 5590
4894 5764
5502 5745
7072 7779
18 6
133 96
930 378
363 10735
4157 5505
4881 2201
461 5914
482 444
543 7035
3296 5180
3343 6130
4915 5791
37 130
904 378
3799 6141
4186 5342
5790 6142
71 184
6592 10325
792 659
2854 4820
4289 5505
524 493
3237 6184
3393 6184
4322 5544
5689 11021
6803 7187
1541 3923
6636 5992
7352 5538
3526 5249
5155 288
6838 264
590 661
670 529
4268 5528
4505 5546
5200 238
140 211
4556 5713
7016 9142
3805 6184
4665 5305
4754 5714
7355 8792
3431 4574
103 150
668 569
4460 5685
5672 5722
6487 10295
8067 10690
263 10825
3054 4820
3602 5207
4899 10804
3390 5258
5559 6122
7559 9241
118 118
2799 4667
4750 5691
5061 10338
4272 5483
5540 7779
542 488
972 608
3315 5258
2805 578
4081 5343
3430 5102
3900 5307
4099 4994
4548 5568
690 588
4367 5546
7733 529
339 1493
4597 730
654 2201
2946 529
4276 10735
4663 7736
4676 512
121 213
374 7311
3975 5235
358 10366
1054 995
3940 5235
4138 618
4985 5826
214 256
3457 5274
3187 4667
3505 5102
3653 5207
7092 7778
692 11027
3232 6141
3541 6184
3760 6141
7123 7779
3473 6184
4267 5528
5581 8752
7708 5538
1302 739
257 378
396 6139
4957 10789
5932 5722
6593 7374
3211 5180
3710 5207
3931 5258
5169 378
1357 3880
3395 6184
4203 5562
4893 5714
5576 11022
6311 7104
8100 578
3400 5307
6287 6852
378 554
2795 4820
7820 10677
471 11016
739 622
4293 5544
8154 9142
971 622
3316 3423
4388 5544
4763 5363
4787 5304
5084 529
5157 182
5237 628
510 10735
649 378
3909 5148
4244 5562
6613 4238
2865 4667
4013 5322
4479 5546
8073 10341
243 11000
3899 5307
3941 5307
4656 2201
22 6
1015 582
2921 4667
4032 5249
7101 7521
437 2500
4020 5465
4806 2201
5525 6186
7145 9448
172 97
1060 960
1612 8207
3044 5102
4724 5568
4898 5826
7136 7880
982 866
2847 5714
2857 5078
4091 6184
6647 4857
7091 6186
218 846
3507 5102
6374 10778
6517 6993
7227 10852
246 286
1416 9278
3302 6184
3664 6184
7083 9075
8092 8161
449 10735
2090 366
6968 7035
364 9296
1485 1780
4209 5141
4344 5544
4936 10512
4941 5304
5713 6142
3154 605
5079 9337
6260 6752
2867 4622
3711 5274
4288 5578
4615 5691
4637 554
5048 761
7436 433
7498 5650
7631 5538
786 651
3145 4728
4543 5568
7393 5763
177 120
4445 5546
6267 5342
205 235
4051 5465
4443 5546
7633 8952
603 5992
1700 6310
3236 6184
4139 5235
4489 5511
7212 576
7269 444
1767 1991
3072 5224
5589 11012
6563 7187
7058 416
3137 5229
3477 6184
4339 5942
4749 5691
5488 805
3840 6201
4688 5568
4906 5752
6599 366
216 246
217 477
416 6185
511 480
681 10633
3801 6141
7279 9264
215 7260
1369 1543
3659 11021
3974 4994
5008 6121
6635 7637
7371 6122
421 609
736 5308
1438 1964
3802 622
5017 10480
5591 6122
299 303
3058 4667
4079 5342
5194 5235
5843 378
5957 6008
1019 935
3715 6184
3800 5274
4641 10723
4909 5714
447 10937
1577 2443
3665 622
5706 2089
6373 10351
225 7600
1507 370
4178 10798
4220 6011
4565 5549
91 184
4021 5343
4876 2201
6523 4016
6976 590
7201 5722
7268 10636
866 960
2861 5078
3181 5078
4447 10022
6466 5759
6468 6921
7110 7779
123 138
2851 5078
6996 4532
7728 5440
2312 3918
3139 5207
3753 5254
3897 5138
4477 5546
5197 815
7111 623
3265 4574
6002 5722
7325 4857
66 94
324 10735
5710 5173
5898 4048
3374 5273
4690 5749
7407 6191
277 378
4113 10722
4291 5543
233 266
2862 4530
3380 5251
4266 5496
4284 5342
87 86
322 361
685 590
885 481
1466 1738
5578 6230
6235 10251
95 128
3459 4728
4623 4070
5515 6186
294 365
944 866
3467 4728
4036 6186
4265 5481
4530 5637
4913 5850
29 404
691 6072
4487 794
7544 8709
290 378
4128 5312
4251 10808
4854 2201
3220 4895
3939 409
4058 5325
4655 5691
3219 4895
4797 5635
4970 5849
5720 5563
5775 5756
407 7736
2868 5125
3856 6186
5183 5294
5477 10620
5667 447
386 6082
3875 5105
4042 5235
4232 5342
4533 5685
4713 5685
5739 5752
5771 10727
6907 503
59 111
3079 4895
3386 5251
4040 5232
4621 2208
5000 10306
3976 409
5365 10080
6553 6994
314 7311
4208 5812
452 6947
3858 5322
7372 8690
2182 366
3135 4895
3506 6130
4784 5714
6708 7224
7458 7374
867 744
2915 4530
3513 6191
4090 622
1192 1238
1684 370
2853 4938
3763 5322
3859 5035
5575 5174
4840 5722
7410 6165
371 10735
3540 6184
3756 4727
4240 7074
5567 859
7254 2521
538 490
2932 5078
3294 5229
3480 5235
4202 1358
7738 2397
326 528
3538 6184
4052 5465
232 378
3223 5230
3470 6141
4243 5562
6574 1985
3733 9256
4226 5562
3378 5230
3472 6184
3862 5188
4092 622
4405 5546
4474 5546
5760 10875
175 119
3221 5230
3376 5251
5623 7778
7716 7260
136 158
467 470
573 588
903 784
1122 405
3311 6184
3917 5105
4005 6184
4117 613
5042 10295
5718 5707
6486 5826
1315 1423
3530 4895
4586 7736
5269 510
19 13
75 90
305 378
522 486
5096 10708
5738 5752
387 10735
2709 6121
3210 5207
55 67
331 1467
844 5580
6781 7439
7431 6101
3293 5251
3478 6184
4458 5685
4976 288
6561 7187
8126 5538
2801 5102
2913 4667
3860 5308
3933 4727
6584 7088
7048 9142
7204 11013
432 878
578 6044
2846 6185
3399 5235
4082 5343
108 68
405 9923
429 5621
3225 4728
5193 5235
7860 10366
479 454
818 690
3290 3562
3854 1097
4204 5481
4535 9263
4783 2201
5500 5764
6864 576
20 10
6565 562
7353 5173
546 6266
1089 1084
3456 4728
3963 8711
6554 8552
7534 6198
45 113
1638 366
3143 5273
3475 6184
3948 5369
4707 5635
4851 5305
5512 2089
17 6
2606 4101
3510 54
3525 5207
4457 7035
4512 5713
4954 5629
5741 5173
6346 378
7766 5714
301 7260
425 866
1361 366
2346 11052
4435 2201
5784 5305
4019 5465
4864 2201
5526 11021
7385 803
3381 4728
3658 608
7588 10367
3297 5251
3991 6113
4871 8529
6751 7260
3752 5274
3764 5307
6681 6082
7180 9075
7217 11013
347 308
2929 4622
5119 418
6975 430
415 6146
646 366
1901 2834
3140 5230
3245 251
3394 6141
5014 6875
5236 196
8090 10622
454 303
3927 6201
3971 6184
4346 5544
5748 528
302 529
4345 5544
3604 622
3810 4994
4298 5544
4799 4857
5811 528
6865 4097
161 138
1477 366
6648 10325
375 400
559 9919
768 641
3016 4448
4038 6184
4659 2208
4809 2208
2310 3923
2928 5019
5606 7755
1197 1700
1663 1964
4491 9032
1854 1276
4632 10079
4900 7323
287 8833
3308 6141
4147 5408
4691 619
4939 5783
220 288
2908 5102
3423 5102
4667 608
5642 6201
125 7756
717 5304
1338 1964
1827 1274
3934 6184
5544 7756
693 10937
1899 2810
2468 8809
3224 4895
3548 9361
3574 4938
3707 5207
3759 6184
7061 7615
176 216
391 585
5474 1185
6884 10646
356 6082
4386 9899
2806 10023
3018 602
3725 5322
4945 5766
63 21
484 366
4579 5585
5607 7779
6514 6705
6680 10342
7093 7818
2927 4820
3942 5035
35 77
49 131
3937 5035
4940 5304
7094 7736
7514 6155
32 27
987 896
2860 4938
4425 5399
4986 8640
7368 8528
110 68
624 288
633 2860
2266 7130
3718 6141
3898 5308
3928 5249
6534 6949
1682 2250
4852 5337
5686 6207
27 130
558 5844
3153 7199
3583 5125
5108 3939
914 588
4102 5235
4256 576
5690 5544
963 416
3375 5207
4470 2201
8077 288
2050 366
3397 6184
3868 10287
4269 10672
7790 552
617 382
774 640
1544 4169
3606 5258
3654 5207
4126 5369
134 190
738 11022
3238 5277
5795 8708
6801 11016
315 5591
410 7379
2878 10352
3657 5631
3818 480
4757 622
5159 7615
6998 7050
241 294
544 10015
667 887
688 5915
901 4048
3264 5102
3932 3022
5545 6198
906 866
3217 5229
3717 6184
5162 401
5486 7754
28 24
561 5484
4602 9394
6037 6078
26 7801
151 152
3300 5180
4109 5479
4165 4239
4290 5528
6623 1985
127 193
782 646
984 891
1173 7050
6241 1482
4080 5343
4680 7074
4755 7736
4829 5677
5196 10700
6441 1106
150 117
3292 5274
3382 5230
3660 5258
4753 7736
4831 5304
6467 5826
1431 4857
2389 4102
4549 2201
4551 864
4574 955
6470 1912
644 6290
1240 1291
2922 4531
3180 4530
4524 6
4712 5637
4911 5714
6921 10668
3705 5207
4037 6186
4070 7820
261 4097
3469 5251
4997 10338
3997 6201
5280 3756
6779 9142
52 93
293 554
640 378
1459 7260
3235 424
3424 5077
4067 622
7249 7535
367 2917
424 288
659 6290
2473 4643
3539 6184
4606 763
5707 6229
6581 10308
39 93
1065 1030
3750 5229
5782 5198
203 234
291 493
492 8292
540 10735
788 4016
3291 5229
4059 7620
4709 430
5163 6141
7806 10381
1267 9943
2197 3676
2811 8809
3233 6141
7446 7757
171 200
1291 9439
2880 10352
3534 5249
3598 5273
4382 387
4866 5713
344 7475
431 6229
3896 4899
7146 2521
130 68
3369 5249
3370 4895
3371 4895
4320 8593
8054 4169
2794 4938
3313 424
3795 6201
3962 6201
5787 10789
6337 7271
8040 6752
610 7092
2994 4667
3880 3651
4247 5472
321 7224
515 291
3721 622
5662 7174
5770 6230
6588 256
924 8709
4323 5544
4781 2201
5736 2201
6552 5758
6978 6072
7075 7736
7463 11030
254 10701
2659 4201
5688 6191
6402 6825
6407 8552
905 6448
3529 5180
3887 5249
4235 5312
4262 5942
3144 4728
4959 264
5131 418
5588 602
8065 4281
164 119
978 882
3053 4530
4358 2201
658 9174
661 6219
1892 9289
2220 6362
3545 6184
3850 5249
7805 7776
348 10512
3452 5135
3846 5249
4823 3256
4882 7736
6122 10932
6585 6971
7875 6018
1295 366
3398 5277
3661 4905
5316 10612
5471 10079
632 540
741 624
2357 3999
3373 4895
3385 4728
3757 622
4387 5544
6521 5867
616 541
1311 5812
2798 4529
60 60
341 357
580 10995
730 5811
1149 9440
2370 2089
3439 5749
6403 479
7499 8708
98 146
1776 6359
3614 5235
3968 1097
4098 7820
4105 5465
4938 761
188 219
1389 1609
7370 502
128 123
731 9899
2416 10512
4101 4994
4250 5544
6594 6463
1744 7314
3642 224
3894 6184
4492 5576
7939 1985
124 54
746 627
861 6969
3136 5273
3879 7755
598 2834
1230 559
1337 10038
1992 366
4144 4239
6375 5826
6582 230
46 129
404 5621
2926 4530
3985 4114
5164 6141
5363 4063
5624 5235
5666 5363
5799 528
16 6
251 298
1294 10707
5619 5363
78 146
3806 6186
4627 879
5167 1808
397 7755
1050 998
1626 11001
4772 6800
4958 5799
5146 1626
2013 7957
2874 8809
3454 5207
4055 5312
5506 1991
42 129
76 146
126 68
131 184
157 189
448 10883
858 7089
1406 576
3851 5274
4418 5542
6897 1425
7481 616
1322 1446
1648 542
3209 5229
3241 4905
8079 10649
36 129
202 221
3242 5277
5158 182
5191 5035
5346 4051
1216 5484
3777 4938
3791 5180
4068 3022
3226 5650
3701 6124
4285 5384
4572 405
4991 9263
7538 2496
8083 7290
222 10852
3078 5230
4497 955
6543 390
3192 4667
3240 6184
3890 5207
4495 5685
4990 1754
5175 6141
5637 6082
5838 10038
826 698
4455 5611
4523 10406
4751 5709
5176 2867
237 283
242 295
2864 4667
4516 5713
5343 5898
5681 5640
5780 8709
6542 366
44 48
740 6113
1846 519
3160 4602
5779 5198
7483 7238
43 129
591 960
2092 791
3527 5230
4169 5502
4760 5730
4785 5603
4944 7056
6238 5311
342 308
936 6448
2315 730
3640 5078
2910 4530
3301 4728
3455 5249
3829 5125
3797 5274
6589 8575
7388 8292
940 6448
968 4077
1364 5722
3266 414
3303 4905
3533 5158
3580 4667
4145 5342
4689 4633
5003 10955
5173 7735
3138 5249
3384 4728
3740 5105
3798 5182
4071 5235
5110 10324
5214 5299
5699 6007
6832 7243
7756 1973
1091 1085
1212 405
1332 1455
1400 2615
3706 7780
3758 5277
5797 6161
7078 934
1331 574
3295 5251
3304 6184
3830 5151
4383 7074
4467 5520
5693 5722
7126 529
7742 529
235 529
565 519
579 6464
3379 5251
3804 5258
3849 5207
7507 6171
50 133
931 596
3636 4820
3803 608
3857 1097
6644 8831
101 133
5220 238
2117 1359
3195 5153
3227 5650
3537 223
3645 3579
4746 2201
4910 4070
5807 280
5953 9085
139 97
3306 424
3476 5103
3807 5235
6750 552
6797 7290
840 4048
2234 523
3599 5180
3956 4979
4130 5325
7992 4371
1228 1964
1579 6310
3383 4728
4015 5090
4559 5337
5584 5516
6848 8356
7613 11022
8078 3906
3651 5135
3893 5277
3936 5277
4083 5325
5602 1730
5678 6116
7595 10536
48 94
70 68
334 10549
551 494
1034 10736
1800 6310
2500 1789
3372 5230
4095 5209
4930 6992
7007 1624
5201 5035
61 75
585 10735
1058 1015
1196 10079
1679 11001
4363 2201
5216 238
5585 6078
5641 9253
5764 7734
195 222
1325 815
1428 584
3230 622
3596 7780
4014 5235
4146 5343
4587 8843
5491 135
6981 2105
7330 6102
925 4148
3474 4574
4061 5615
4152 5445
6806 2120
2548 450
3738 5077
4000 120
4192 5578
4811 5677
7765 9242
354 288
2338 10707
2856 4530
4093 6186
4170 5494
7040 6155
8035 7082
413 5722
1501 366
2333 4043
3878 224
4849 5713
5109 7042
7536 11031
7769 1542
327 5407
1536 6275
2291 4052
2863 5077
3186 4820
4531 9899
5761 4371
7920 7056
278 2086
722 7957
1708 2336
3458 4895
4043 2867
4187 5479
4294 5544
4576 5642
643 553
909 795
3543 4905
3790 6201
4007 4773
4127 5479
4158 5412
4205 9232
4216 5369
4908 2208
21 18
365 10723
1394 6121
1443 523
1445 825
1520 554
3212 5249
3222 5180
4741 661
3146 4728
3299 5207
3309 6184
4884 5730
819 226
1529 1907
3461 5251
3465 5251
4110 5325
4283 7323
5652 7779
6445 10620
7175 7535
7681 11031
170 199
288 10735
1130 366
2997 4530
3833 4977
4400 2201
5626 4487
7090 6158
1102 920
3812 5188
4389 3922
4710 3982
6853 7754
129 67
1670 1554
2385 11052
3084 6464
5262 8854
6444 7094
7961 2676
8052 9203
1986 405
4041 2867
4249 10368
4704 7467
6172 10871
6437 7260
230 5992
2120 7603
3667 5308
3884 5249
4643 5685
5005 5765
6261 6752
7589 10453
144 178
332 351
817 226
2224 1276
2351 5465
3655 5249
3755 5207
4009 622
4028 6201
5671 7174
6590 6852
408 5870
2362 4016
2467 8809
3719 6141
3749 6201
4759 5730
7677 1620
132 118
716 5304
1171 1204
1590 10251
3504 5078
3521 5226
3663 622
3889 8711
340 10735
1278 383
1566 1624
2380 380
2912 5125
3147 622
3310 5277
3532 5229
5685 7670
6123 6007
671 421
698 9241
1511 10710
2427 6113
4069 622
4360 2201
4563 10735
833 712
2327 4857
2398 251
3835 4979
4846 5710
5514 7735
292 378
4033 7780
4106 5465
4394 763
4461 763
5344 960
5765 6121
8156 7042
300 5196
752 1778
1131 1543
1349 356
2202 7881
2758 421
3298 5249
3955 6154
4577 10550
4668 5729
4764 3669
5308 3937
7515 559
80 129
574 11043
4010 6186
5051 5826
5698 2201
7781 5591
8151 5919
3739 4826
5073 256
5861 6298
5911 8208
3998 174
4078 4239
4115 5337
5744 5173
439 8873
1475 10782
1703 8293
2255 6359
3528 5230
3638 5078
4017 7088
1112 305
3637 4820
3741 224
4791 6078
4792 1717
4925 5337
5189 7174
1145 955
1525 4793
2462 523
3836 6191
4402 2201
4696 8652
4927 3893
4981 4072
5835 7821
57 111
735 611
3350 4667
3787 6201
6307 11047
7409 5745
7729 325
89 8710
440 10735
584 288
974 5307
2093 5751
2552 8809
2947 6464
4063 5207
4155 1358
236 277
908 95
2216 1405
3190 5075
4008 5258
4454 387
5460 512
6313 6970
7282 495
1133 308
2931 5078
5783 6161
6255 509
7046 6173
7497 2769
7557 5841
1095 1103
1834 326
3511 8709
3544 5277
4315 5369
4540 3256
5913 6336
7435 6171
3703 5274
3809 5235
5345 7506
6752 2053
8018 4960
1409 1647
1476 370
1768 2450
1994 7957
2904 4938
2992 4530
3834 5153
7154 2406
504 5967
1275 1376
3892 5258
3964 5249
4096 5277
4617 2201
5862 5680
6598 4004
6737 440
7039 5029
7960 10940
599 7291
1073 1046
1521 1159
3437 3651
5307 4666
104 203
1845 1965
2042 6359
2201 5035
2879 478
3215 4842
4426 955
5361 1835
6675 7200
720 609
1510 308
4002 7780
4475 2201
4598 9194
4892 7184
5649 509
6646 10633
2903 4620
3591 5224
4039 6186
4301 5545
4916 7122
4993 6161
7025 7674
1513 586
3479 409
4026 9392
4573 5685
5151 418
791 657
1561 7260
4971 8962
7029 7615
7763 5998
8022 5430
862 226
3200 4627
3307 6184
3935 622
4888 10735
5757 10513
6312 319
6800 562
678 10668
1985 5836
3522 135
3714 6184
4295 5657
4774 5685
4819 1922
8069 2934
282 328
548 286
683 1813
2353 4124
2793 5078
3060 4530
3289 5230
3895 5258
5462 8440
5846 6156
7122 5308
7950 10375
143 179
268 378
569 815
874 3817
1709 10536
2995 4530
3828 5078
3843 6201
3882 6201
4029 8328
5513 6122
8027 10768
360 552
3848 5249
4064 622
4595 6
5806 5989
7835 578
8104 6207
1959 405
3735 5078
3943 7531
4471 2201
6915 7260
7761 2244
517 10734
2077 7156
2178 5811
3347 5078
3600 5207
3613 5258
3713 5227
3785 2997
4049 10326
4089 6121
4775 5640
5174 800
5842 7615
6308 10846
7822 5
51 78
1463 4220
2388 5364
2859 5102
3045 5102
3056 4530
3355 4979
3704 5273
3891 5249
3930 5249
4143 5375
4183 5683
4619 10024
4943 7084
5215 7820
6237 10967
122 179
915 798
1415 4220
1995 10456
3508 6141
4810 5714
6442 10403
6834 444
7750 7702
470 389
537 326
1660 346
3639 4530
5144 418
5323 10828
6377 10354
308 470
1880 370
4125 10405
4651 2201
4697 7237
4825 2201
67 52
84 54
1572 1969
1604 11001
3014 5153
3353 4979
3462 4728
4066 5227
4108 5312
4995 5705
7428 5992
7976 9212
2923 1020
4424 5544
5152 418
5675 2201
7008 1808
675 569
1474 2187
3546 6184
3662 622
3720 1401
3872 5019
4150 5365
5120 4201
7323 10480
8096 8785
260 10512
970 6185
1363 1965
3152 763
3796 5249
3847 5229
4034 6201
7216 1665
2567 4505
4151 10912
4253 10735
5476 5709
6662 366
7234 554
7246 5363
2290 3938
3885 5249
545 502
2014 4048
3516 5105
3549 534
3578 4667
3601 3562
4104 5375
4452 2201
4569 10723
212 1671
2078 5751
2930 5125
4185 5364
6967 5363
7102 805
1426 9359
3330 4643
3608 1097
7512 8752
8032 7082
228 10816
489 11001
1258 1323
1340 6018
1489 1776
1505 1861
2588 9360
2990 5102
3063 4721
3463 5274
3708 5207
3970 3022
5052 5849
5789 6208
7109 8874
7137 427
789 655
807 678
2231 366
2654 11030
2759 382
2780 10811
3460 5084
3668 413
3961 7839
5546 396
6496 5100
135 154
583 284
620 366
2123 7130
4004 5207
5190 5299
6469 6261
336 9816
570 1706
848 10936
1664 2205
1920 10527
2250 3803
2497 4132
3871 5125
6974 6145
2914 5102
3512 5077
3536 6141
3656 401
3789 3579
4264 8593
2436 3712
3268 5075
3531 5230
4189 4071
4420 1056
4581 5546
5306 501
2399 6113
2925 4820
3514 6191
3609 5032
4640 1778
5033 10768
5362 1840
539 501
1581 1965
3634 4620
3855 622
4166 5364
4503 2201
4639 1766
4966 6139
4992 5811
5458 1109
5561 524
6854 11004
500 1426
771 6121
1265 578
1764 9280
3141 4728
3428 5078
3817 10379
5040 5846
5676 5187
34 27
535 288
1021 366
3108 5102
3761 424
3966 5204
5788 380
7688 6359
1285 6113
1608 6359
2281 5809
3464 5249
4391 5520
4628 2867
4861 826
5734 5440
6457 10838
6910 6298
7387 2201
349 10622
629 2521
1339 2802
1884 366
3723 4994
4031 3575
5586 5363
165 928
234 273
1231 1717
3008 4623
3694 5153
4003 7780
5192 238
1232 3964
1351 10106
1376 501
1469 366
1993 6969
3603 5249
4380 4148
4414 5342
4714 523
5524 6124
5796 11022
6439 3906
94 60
705 6646
3074 4831
4097 4994
4441 2201
4790 1482
6555 2329
6674 2682
149 1964
474 366
1290 8642
4050 5375
5132 10022
5595 6157
7408 5605
7997 10758
240 5943
1348 1488
3218 5230
3794 5273
5217 238
148 4371
555 10878
781 649
1263 1348
1821 5218
3179 5151
3876 5107
4077 5369
4428 955
5272 155
995 893
1456 10883
1710 370
1731 7764
1812 366
2323 4009
2939 5153
3392 6184
3635 5102
5074 6465
5186 578
30 4939
256 2089
2210 3710
2307 4665
3263 4938
3377 5230
4863 2201
5826 7066
6314 7089
7203 4371
267 6044
1013 932
3886 6201
56 166
3049 8709
3486 495
3748 6201
3883 6201
4768 3923
8093 10863
493 11001
2190 738
3958 218
4135 866
4292 5544
7245 569
642 225
1210 6133
2852 5102
3188 4819
3620 3624
4493 6526
1158 1964
1558 1923
1775 6464
2277 10403
2375 4342
3128 4831
3191 5078
3282 5224
4218 5408
145 4954
519 4238
1360 4004
2866 4529
3722 613
350 6007
593 366
1011 5734
1247 4063
2850 5078
2918 4621
3471 6184
554 289
2917 5078
4708 11000
5687 1703
99 130
264 312
1148 1153
2566 4505
4018 10326
5708 6192
114 7795
589 9174
1201 10241
1897 5856
3142 5274
4348 523
4605 5685
318 588
1453 8668
3852 1097
5066 4652
5446 2444
5701 6339
7533 501
286 6948
536 7000
1255 1637
4100 2867
4410 5583
4423 5685
5833 5235
6922 10080
244 5621
1385 1592
1701 11015
2369 11027
3619 199
3874 1053
5044 10306
5725 2201
7010 6298
7218 7094
296 333
3709 5207
3716 6184
4303 5545
4820 5635
4999 10306
5317 1169
6011 5316
7452 697
1313 5828
1639 10912
4773 1944
5535 2469
6591 80
6728 7944
8075 7255
79 30
491 499
605 10829
1053 3790
1758 2439
3003 5153
4649 945
5674 7425
6357 5828
1205 9375
1886 3423
2103 226
2393 10357
4853 5826
5808 433
6438 3923
74 184
899 291
1631 11033
5160 6875
5315 899
5673 4370
352 7296
2703 10761
5322 7311
207 229
1372 5294
2761 8337
2909 5078
3017 944
4233 5465
4839 763
5388 4388
5756 5752
6520 256
553 5621
567 289
606 366
1741 2413
2395 11001
3666 622
4536 5642
4795 5363
5204 238
5694 10912
6121 10905
106 101
529 5967
1882 2208
1958 6407
4368 2201
4462 454
4537 5499
5638 10940
6479 2655
6952 2896
73 5230
281 5464
5634 5363
211 2559
609 10311
1533 431
2132 818
2999 4667
4030 3604
5020 9263
5202 5035
3111 4529
3551 6124
4084 6524
4463 2397
4532 570
5118 418
5255 5458
111 140
586 505
708 3041
2061 9256
3231 6184
3584 5078
3929 5273
4149 6150
4199 5543
4223 5470
2998 4820
3234 6184
4167 5343
4720 1087
4955 450
5039 5840
5625 375
7739 1970
8013 10891
163 83
3427 4938
3947 5375
4006 6184
5130 1066
6807 6231
509 11000
894 4575
1622 2102
2907 5019
4245 5519
4546 5546
6085 4061
8145 10823
850 9899
3832 4938
3957 6191
5493 4323
5721 10513
6772 3682
7128 10735
4562 10934
4798 11027
4920 5370
618 505
1481 10455
3581 4938
4217 5311
5412 6991
910 10666
949 10831
1610 2052
1725 1836
1865 10921
4494 5577
5335 4051
5583 5539
6 6160
112 142
248 9174
295 559
1005 925
1378 1558
3779 1053
4024 5384
4111 5325
5508 7271
6518 6992
7938 1954
258 10735
1113 553
2349 7756
7545 6115
921 815
935 1840
2193 2397
4767 7957
33 26
634 7338
846 1479
1253 7461
1277 10823
2881 10325
4297 5507
4336 5856
4596 9500
5499 1991
7047 10870
7354 8690
1144 9296
2257 5005
2730 4749
3960 8328
4427 5686
809 7784
868 752
1077 4487
4241 8225
4444 10183
7459 4585
1497 7716
1584 9296
1597 3519
2564 4505
2993 5125
4486 10735
6846 10668
8041 7082
400 418
3426 4938
3442 4627
3576 4667
3692 4530
4419 7074
4513 4633
628 277
1516 9320
1552 1958
4469 945
6010 1730
7552 3897
8025 4297
653 6947
878 206
1308 1433
1796 10811
1857 1930
2960 4643
3351 4530
3786 7839
4381 2201
88 67
184 8465
857 6797
1307 10076
2911 4820
3523 135
4701 471
5203 5795
5276 199
6767 1544
319 280
530 10664
1155 5836
1388 9979
1876 4491
3881 7839
4511 4633
4904 275
6537 5859
7265 10024
4723 4909
5679 1223
5696 6207
5715 754
6612 955
0 0
1467 590
2296 3999
2610 6851
3440 4487
4539 2201
6335 9411
201 3812
1141 277
4890 5691
4963 3833
5340 10
6405 7323
7233 246
1656 2570
2807 3880
3129 4831
3842 3579
4437 2201
4972 10804
5279 7954
5657 7321
883 11001
2876 10367
3123 5153
4281 6668
5814 4584
81 115
96 111
361 366
679 2654
813 692
1575 6173
3996 7839
5090 602
5753 5754
6347 5502
238 4371
2438 10197
5507 8831
7896 10807
1509 512
1641 4048
2729 4602
3754 2281
4935 10512
5302 10612
6491 5904
7009 9296
259 5100
1074 8709
1752 418
2245 1672
3535 6123
3699 5022
3827 4938
5069 10771
5742 5452
3114 4530
5036 1759
5063 10768
5724 7637
8029 10767
892 782
1519 3274
1815 8915
1829 10979
2848 8709
4159 1153
4224 5412
4466 2397
5801 11029
5817 11
7644 10119
669 1813
3116 5078
3767 9361
3788 3579
4023 6668
4302 2397
4658 9983
5338 9837
5618 6049
6485 6967
25 38
58 112
460 378
1335 6275
3149 4541
8 1387
869 366
1001 904
3069 5153
3246 6121
4201 5542
5636 5363
4393 5639
4541 2201
5053 4238
1896 9320
3686 4666
3744 891
3982 5259
5437 2625
206 1495
276 6044
355 384
2203 7778
2405 366
3279 5021
4686 5568
5097 10823
392 366
2906 5078
2936 5153
3999 7839
5303 10612
7433 416
7770 1607
224 6947
2012 366
4629 175
5309 1169
152 155
1424 1291
1634 7156
1729 3766
5222 238
7747 1850
734 5624
1100 10869
1189 4742
1203 10690
1760 366
2003 10668
3965 4770
5697 10513
7921 10817
137 5322
1178 2413
2802 5077
3120 4721
3888 6201
5549 7271
155 3628
401 6774
696 1482
802 674
979 885
1625 10251
3034 10454
3746 3579
4188 5442
4891 5701
5248 8932
5648 5412
6095 3215
797 659
3059 5078
3594 6201
3644 433
3967 6201
6478 3855
346 7754
368 1922
521 8981
1184 452
2192 5552
5622 5174
6333 1954
6758 5299
7164 5538
7652 501
860 366
1038 545
3182 4620
3267 5713
3349 4938
3926 5273
5228 8932
1187 1216
1225 10989
4740 5685
5034 10768
5311 1169
5509 1437
6519 4181
1362 9263
1643 1734
2376 4144
3346 676
3425 4571
3652 3575
4299 2397
4328 5507
4352 5564
7329 10025
3109 4819
5083 1154
1128 2082
1692 6310
2004 6292
3925 7819
4682 5706
5221 877
6706 8619
8097 8067
146 5065
630 366
4094 5258
4671 1925
5013 10433
5245 8932
2392 6161
4116 5306
4129 5325
4842 5686
7447 2769
229 551
1447 6969
2289 4527
2364 3999
3481 1655
3918 4979
5156 10022
5803 1738
6705 5841
6896 5919
7472 2867
330 5100
770 4577
4877 5735
4974 7076
6173 2053
552 9447
961 366
3547 9361
4310 1647
4706 7338
4832 5730
4841 2297
5148 815
5611 6082
1472 1964
6942 5578
7430 2738
462 5100
977 876
1714 543
2060 3977
2658 10526
4046 5731
4327 887
4430 8709
5107 418
5609 5043
6558 10870
7779 10689
1 2500
604 289
1448 8179
2325 7051
4296 2140
5794 9241
7071 2499
1035 5765
1393 2120
3597 6192
3605 1097
3734 4882
5332 9683
6847 518
7821 3867
90 67
946 11001
1213 955
1241 1695
2324 4113
3050 5078
3348 4938
4947 6465
6210 10549
7591 3855
913 4148
2983 5102
3582 5077
3611 4905
4743 5639
5740 5173
8074 10622
223 4285
1333 6187
2803 4131
3312 601
3579 5102
4248 6398
5181 701
5550 9426
5884 882
6796 6280
7726 9524
2619 4602
3363 4980
92 47
1107 683
1547 2063
1778 2260
3690 4938
4207 9455
4647 1173
4766 2880
4921 4009
5566 4485
5766 616
7288 10710
7543 4437
839 686
1025 10991
1450 3880
1780 6227
2271 283
2984 5078
3176 4882
3687 4819
4613 2201
5723 5148
7906 10817
323 1850
1665 11033
2031 10655
2195 634
2916 4530
3089 4749
5523 4485
5548 9913
5719 7670
483 767
710 4261
1642 9157
1704 7295
2226 3757
3914 6130
6950 642
190 1386
496 4148
759 10894
854 546
1868 5148
3305 6184
6124 6298
6892 333
7121 5749
8094 4180
53 44
1097 1096
1528 2208
1636 2115
1673 448
3270 5078
4148 5479
5553 4181
5805 5525
6256 6007
6472 1423
297 1303
753 626
1024 225
2043 8323
3189 5102
4580 1087
4702 10676
5709 6155
5809 11030
38 133
1114 1103
1250 971
1407 1626
2668 4602
3277 5175
389 2725
1061 1011
1111 6359
2335 661
3853 1097
4210 151
4453 705
4481 5754
4648 826
5195 2187
5310 1169
6707 6167
7665 10689
7929 7709
453 6969
1157 366
1548 9746
2409 4568
3005 5153
3519 5678
3649 7839
4319 1720
4907 2201
5640 798
6531 5848
7438 7290
3077 891
4411 10735
4726 5614
6762 1772
1109 9962
1320 1428
3524 5224
3647 6201
4375 10735
4776 348
704 1738
1564 501
1650 225
4062 3603
5655 2648
5851 432
93 166
204 214
1126 4097
1807 251
4035 3575
4332 10455
5536 10418
5705 4928
5711 9988
5792 5904
6977 1773
7709 484
7746 7615
7788 5992
572 10735
820 7887
1266 370
2669 4505
4896 5705
5758 2201
2314 676
3831 676
7690 2115
8005 170
208 2581
273 6044
1010 915
1571 366
3769 5824
3870 5145
4575 955
4669 5730
911 3821
1008 8150
1492 1738
2235 6214
2272 5811
2989 4530
3845 3579
3873 4938
5016 6261
5644 5363
24 1204
790 646
2710 4541
2797 4819
3826 4666
5239 8932
5522 5587
6994 815
359 359
1976 10256
4259 5856
4855 10525
4928 10693
5268 843
6054 3923
381 8651
871 421
943 842
1526 10966
4379 5856
5825 471
6560 1991
7799 4180
623 5931
958 7224
1342 539
2655 4016
2764 10991
2973 5007
3983 5375
5815 5740
7944 2572
343 378
411 8940
3923 120
4878 404
5153 1356
82 17
271 320
406 502
1397 2021
1697 2281
2179 3603
2298 7756
3055 5125
3112 5078
4316 2406
4739 5829
5145 10022
5700 8208
7842 8273
47 20
499 5967
2139 4098
3012 5105
3057 5078
4137 1405
5551 9426
5682 10241
7796 7271
213 7506
1640 2053
2432 10022
2981 4938
3344 11053
3593 5022
4321 10584
182 928
1081 1954
1093 10338
1468 2094
1602 859
1879 274
4730 3650
4803 5642
4813 669
5331 4051
5660 7321
2258 338
2423 4749
3110 5713
3588 5175
4060 1188
4260 4371
4314 10326
4685 2201
6661 9212
7100 4148
7922 10808
1718 2357
3590 4575
4366 5691
5149 919
5168 2165
5235 3785
5305 9837
5791 381
5855 11
7153 1911
7833 5549
333 378
1370 430
2367 9127
2503 4054
3615 9361
5518 1991
5691 7754
7897 7172
7924 10809
4219 5783
4603 5543
4895 5730
5334 1169
5580 6082
7574 10594
100 148
713 291
804 684
1056 1017
2355 8880
2772 4643
5026 10768
5735 10891
8146 2860
2064 9278
3272 5125
3742 6201
4211 5188
6345 798
2276 5758
4464 5686
5745 2782
7496 610
7741 1308
153 156
700 6139
851 714
2340 4084
2516 4422
3837 5105
4987 1177
5004 2201
197 1624
884 451
1169 120
1503 1859
3131 4831
3274 5153
3283 4831
3368 4831
3702 6201
3747 6201
4434 5545
4683 5642
5533 4507
12 5862
2905 4530
4500 5644
4610 2201
5078 5369
6530 6775
6572 1911
6883 5420
7140 1128
7179 6773
7257 5856
7477 1936
64 882
65 130
737 318
1296 2898
1324 2492
3046 4622
7076 8709
169 198
707 2253
742 6337
1441 6161
2261 767
3924 212
4679 1756
7335 979
7632 5322
31 4683
729 7410
960 7310
2890 4513
2933 4820
3048 10365
5333 9683
5633 9792
7829 8049
8076 346
886 3625
990 10022
1068 18
1557 9278
4154 5444
7445 6043
8053 10804
402 291
541 289
1617 1734
2718 3840
3155 9546
4123 3740
4341 6797
5294 9837
5342 2987
5402 4649
5519 1991
6038 6157
7846 7290
3688 5103
3773 10236
3972 5103
3995 5321
4234 4371
4286 4148
5529 206
5943 1896
3650 120
4213 3840
5532 2101
5615 4064
191 206
231 484
898 226
1023 3937
1599 2569
3271 4820
3364 135
3920 4979
4190 5502
4718 5686
5086 10401
5767 8328
7311 2496
7471 1808
436 288
1595 370
2160 2413
4342 5732
4415 2201
4681 5685
4919 5838
5329 4666
5630 1259
5651 1488
5668 4169
8082 9016
1537 2186
1606 1130
1936 4220
2158 449
3776 10
4733 275
5870 42
702 11001
798 11015
1343 1505
2898 4754
2986 5125
3035 2629
3515 4668
3571 9702
4164 10326
4222 4285
4982 10810
5620 1813
8033 8659
338 4448
379 399
414 279
568 4857
3453 5230
3844 6201
5520 9426
523 776
758 960
1161 10328
1600 4048
1649 2600
2527 4602
3780 5107
4329 2397
4534 5657
4737 4683
5251 4401
6961 510
193 7220
711 407
743 8734
1099 366
2321 70
2940 4721
3586 217
3612 622
3921 1053
4001 6142
4413 375
7912 7429
383 7515
1044 10773
1064 1010
1078 5018
1713 2312
2299 9875
2337 6298
3006 5129
3696 5153
3969 5258
3988 8593
7163 7615
7698 7239
1661 2374
7828 3866
2071 5964
6963 6298
7416 5438
418 423
757 11001
1863 10833
3278 5175
3422 4819
3618 5790
4193 5410
5125 1235
7097 1624
219 6008
1190 2164
2429 4140
3193 2825
4922 299
5360 20
635 359
956 851
1386 1593
1527 10801
2288 9002
4337 5343
4421 1186
4604 9899
550 4538
1256 1322
1850 582
2719 10453
3015 5155
3595 120
5646 1377
6999 3923
7324 378
847 583
928 816
2221 3746
2616 4505
2818 7650
5692 10381
7609 5338
1490 7695
1759 246
2837 10943
3433 413
3677 1686
4176 5403
7751 9477
1151 272
2717 4342
3633 10
4633 10735
7327 553
575 527
2514 4749
5321 2274
5336 1169
6528 7066
7731 10471
7778 494
469 440
689 381
1799 1767
1916 8028
3070 4940
3482 5459
3681 768
4607 5706
5612 2405
6310 8594
6443 7035
7424 3087
7913 10809
284 378
641 2089
672 10987
751 634
2264 967
2589 5563
2996 5078
4175 5592
4975 10773
5178 9534
6753 6310
7578 1769
109 184
1957 2896
2358 4239
3737 5102
4782 5691
5242 8931
5301 899
5511 5218
5737 10744
6065 523
6916 5862
420 849
426 8831
587 1216
3183 4824
4705 9174
4744 3256
5218 5035
5314 10612
5521 5871
6614 7944
7674 6992
1009 264
1831 5619
2431 10022
3436 5129
4354 1323
5219 5235
5229 8809
5389 9361
6488 566
6676 2586
8015 10757
1004 924
1620 2099
2217 683
5015 8530
5369 4384
5722 5710
6259 5896
2265 6876
2938 4940
3256 1033
4745 5686
5041 228
7192 2653
7955 6259
619 540
1312 450
1720 1225
1852 2437
3134 4769
3575 4819
7240 3487
7840 9792
765 239
1462 1710
1629 5457
2118 9278
2283 10403
5227 8931
5603 10710
7479 1261
77 131
699 864
952 366
1047 6072
2836 519
4801 5751
4977 3833
5207 427
5298 4666
7797 7271
7892 7506
560 9439
1398 2397
1482 1759
2513 4602
2568 4422
2640 8099
3945 5349
4141 7350
4542 10694
7650 646
385 7674
1027 366
2899 9343
3051 4667
3177 4819
4496 523
6265 7170
7293 8261
310 1953
1305 2891
2141 366
2819 6590
3648 120
3823 274
4652 1087
307 4001
1257 1331
1593 277
2319 6876
2924 5075
5712 433
7165 10645
221 1954
775 642
794 663
2941 5129
4156 8593
4318 2015
4988 10375
5076 7271
398 4107
651 10932
994 888
3024 4602
3736 18
3922 1053
6254 370
6344 366
85 86
889 776
1096 5079
1104 1109
2279 9343
3489 3864
4498 5545
6152 5992
6727 1185
1487 971
1523 366
1644 4491
4103 5731
4923 286
5243 8931
6076 10698
6548 2815
1245 359
3919 5105
5850 5293
7874 1437
7900 5967
1906 2851
1952 2987
3980 3811
4880 5691
5653 3962
6717 7529
8091 7307
564 6560
880 772
1071 11020
1262 11001
2987 4530
3561 5563
4194 5504
5347 4142
5370 737
5531 3962
7810 9377
969 862
1336 3342
2817 1384
3401 6198
5312 10612
5445 8631
1072 10989
1143 10887
1317 1440
1585 2013
1932 9988
2322 401
6608 2766
6726 3277
7303 10778
547 8957
1344 1794
2356 935
2615 4748
2873 4312
3697 217
5430 3645
7284 6919
7 291
834 370
1191 366
3007 4979
3075 5109
4526 9500
5230 8854
5574 10549
7244 865
183 1881
822 11015
852 1934
2650 5047
3905 8735
4372 10735
7262 5294
7417 4666
8084 2165
652 726
1746 1706
2237 3781
3357 5129
3792 5273
3865 7657
8110 3855
227 6082
902 6231
4221 4285
4308 6511
5769 3593
69 5065
1698 2244
2153 646
3021 1756
4834 93
4950 4009
5208 38
5337 1169
8039 368
957 5891
1292 2661
2371 4884
2553 10773
2620 4643
3959 6201
4674 2341
5326 4666
6182 1884
4 291
1872 2208
2200 1897
4047 701
6766 9117
456 289
1088 9289
2686 1033
3178 5078
5060 10283
5325 4051
5449 10181
5658 5621
5786 4191
5852 3748
5985 2166
875 167
1243 513
1323 6449
2188 3658
3107 4819
3864 2795
6040 69
7462 239
7980 10749
842 706
864 8942
1039 965
1121 10934
1165 726
1235 1303
2440 4419
3450 4831
4196 2015
4406 1200
5054 2477
7813 5559
7853 4323
8034 8658
996 357
1177 9278
1215 9307
2320 359
3184 5125
3185 5078
3352 9253
3685 9343
4225 5412
4416 9923
4538 9477
7915 10693
1783 323
3115 5078
3698 7819
5102 10401
5293 5230
6904 2200
7611 7506
113 58
2177 8079
3281 5022
3286 891
4924 5763
4952 3342
695 10452
1782 2513
2242 3793
7405 9243
2991 5102
3674 3762
3730 9361
4161 4169
4229 5559
4735 5689
5234 3785
6009 8926
998 5554
2426 80
2893 4050
3916 4826
4044 3747
4525 602
5958 6082
1356 7827
1573 2661
1803 6187
2662 487
3772 5190
3793 5230
4824 5686
5356 6302
5398 7322
5661 815
1057 3830
1809 2598
4631 7738
5558 6415
6529 722
7296 6207
7919 9426
1066 1031
2563 3823
4431 1173
4828 4909
5865 10399
6606 1912
7904 10808
9 3907
380 282
953 4263
1138 9196
1743 2437
2238 3797
3446 5224
3695 4721
4177 5412
5295 11041
5327 899
7334 5826
142 177
2254 1514
2877 10708
3366 5155
4086 10722
4200 5412
4529 9923
7124 8784
7493 10196
8071 1383
435 6773
948 848
1514 585
1630 7077
2472 4693
3000 5153
3327 1019
4065 800
4124 10380
4236 5401
5387 4430
7434 608
947 4978
1174 496
1950 2959
2305 4619
3441 864
4179 7811
5021 10839
6198 9796
7177 7733
7272 3552
7486 4793
7847 4043
8063 3578
2985 5102
3262 10
3365 4831
3904 7074
5534 1004
7579 6875
7901 2691
2309 10251
2988 5102
4356 5545
7859 7517
694 366
1082 5873
1488 225
1574 1948
1777 2533
2713 723
2777 10355
4646 5642
4717 5642
5557 587
3076 5177
3693 676
4174 8593
4778 1173
5597 5399
6526 2450
7159 3590
7276 3065
1159 326
1974 6560
2673 7056
3587 5175
5019 9579
5226 8931
5785 7974
6032 803
7429 9312
7962 4048
1304 1427
2419 8513
3509 8792
3784 4721
4670 7999
5012 5163
6291 2476
7817 10296
2166 6641
2499 1576
3061 5021
3838 697
4396 5639
4403 10183
5354 5624
6924 683
7837 3772
876 4048
1915 9241
2838 1137
4045 1
2006 5307
2961 319
3043 4938
3113 4938
4261 9923
4822 5642
5492 5904
5504 9500
5747 10311
814 697
1105 4349
2256 10380
2434 5307
3257 1033
7776 10967
464 8665
785 168
5027 2766
5816 6198
8031 7082
872 759
1452 10707
3839 5105
209 10869
3314 3022
3360 5153
4027 433
4330 5545
4742 1724
4879 5533
5121 6850
7851 2934
303 3762
837 7993
986 896
1506 1999
1820 2082
2247 405
3342 18
3451 433
4257 9289
4499 2201
4711 2120
4979 6444
7195 1593
304 642
881 9564
1260 1858
1491 7094
1885 1609
1894 605
2186 3726
2343 4114
2781 9142
3915 4721
5318 1094
6515 6298
1281 1172
1420 7057
2515 4602
2778 991
3623 4862
4324 5639
4468 1173
5577 5370
625 541
2411 4977
2435 2215
5093 514
7243 1412
7467 6633
8042 10768
97 4724
279 7776
801 7275
934 366
2211 8164
3589 4627
4133 5467
4612 4909
4969 5731
2122 3422
3952 10285
4644 5639
4675 1554
5238 8931
5328 4666
5994 4947
7628 5677
8153 5222
11 4285
366 5141
1802 1331
2303 2209
3011 4624
3071 5153
3105 7428
3646 120
4215 5375
4502 5828
5080 4487
6776 3583
7834 9415
417 769
662 1739
773 5635
2373 4157
2979 4114
5244 5705
893 663
1440 370
2441 4643
2632 1033
2832 1033
3027 4126
3285 5022
4237 9923
4451 4148
5728 6992
5837 11029
5860 248
6497 7636
6679 378
6877 8957
8119 2543
577 2020
1383 1259
1781 10512
2489 4743
3672 4854
4465 1173
4858 4741
5659 5591
6391 9243
980 5260
1754 2430
2159 1458
2387 2955
2407 1772
2849 8709
5880 6114
6101 912
7261 6704
2294 1194
2735 5672
3520 5129
4131 8593
7832 8290
1425 1216
2030 9278
2660 1986
2812 4962
3165 4418
4371 3852
4397 5545
5009 3836
5100 4238
5819 878
5857 519
5935 2633
6473 1642
780 7599
993 370
1318 745
1888 1642
2687 1033
3062 5153
3406 9637
4184 7431
5290 9459
5669 3955
7610 8897
72 67
329 7882
896 8829
1705 2304
1761 7776
1840 1142
2523 4602
2948 10777
3768 9361
4409 9242
6573 225
7917 666
8059 9208
596 6415
744 8081
3485 4791
4429 955
5210 5132
5297 4051
6962 1451
7132 3184
7531 2220
7838 1102
764 4790
2418 4525
2707 4972
2821 10324
2920 4529
4287 5502
5579 7322
1207 4856
3781 218
4359 5691
4544 971
4934 4343
5596 7322
1123 9448
3117 5125
3689 5077
5339 1101
7527 6542
8023 3320
8107 2933
189 5307
859 9679
2065 6667
2391 2533
3052 5078
4392 2397
4501 2201
4567 7957
5330 10558
7399 4155
2259 7811
2329 1953
3020 509
4355 5545
4870 10829
5022 5845
6384 4493
2149 1261
2671 5800
2774 4689
4153 5445
7095 2766
7392 787
715 5933
2706 4142
4456 5496
5270 5777
5800 5665
5894 239
8024 10768
345 909
1900 6198
3085 4505
5552 5587
6716 6969
6891 7512
7138 6175
7339 8515
272 313
394 606
1737 4311
1773 6448
2032 5828
2824 10197
3435 5020
3782 5176
4073 10484
5056 4129
6597 10311
7247 2476
8098 10009
677 6364
1180 5989
1261 6969
1904 7243
2007 4892
2365 4157
2420 10807
2490 5866
3913 5150
4989 10805
5291 9459
5639 5382
7484 8435
7752 9193
198 8850
525 7565
1163 1206
1433 4227
2119 366
2536 1033
4333 4157
712 853
1699 5827
1866 297
4779 5686
5139 791
6638 6853
54 6256
918 8942
1486 8946
1849 1991
2352 4196
2786 4798
2943 5129
3091 4748
3632 274
5594 6157
7432 294
7529 4172
1750 9482
4506 1087
7207 1192
1127 1602
2842 4389
3276 5583
3700 98
5075 4238
5077 1412
5982 370
7748 9940
5 3847
486 11001
1135 658
1987 7156
2223 7957
2648 10910
3121 4721
4300 5507
4638 10161
5864 11021
6802 1986
7707 10655
7783 3710
7984 4240
937 820
2613 4748
2895 10350
4325 5686
4571 5543
4902 564
5313 10612
6162 2586
7113 1305
7184 109
7862 2533
945 8834
1092 1100
1188 4883
1202 275
1903 10480
2651 4868
3691 4824
4349 5639
8036 10765
747 1786
1621 363
2466 5223
8011 649
8105 935
1244 50
1792 1274
1817 7424
2331 8034
3778 5124
5635 6011
5798 2809
255 1166
1328 7788
3766 9347
4508 4909
5729 4416
6166 4632
7666 651
409 7061
1728 2381
2326 2449
2449 4422
4279 8462
4814 5163
6003 6359
6525 7059
6909 326
7361 8405
7575 2374
2401 5426
3341 8831
3993 2717
4274 5507
5188 10901
5241 737
5778 4236
5858 7359
7344 1141
2935 4131
5350 101
5832 615
451 338
863 8645
1542 314
1601 5774
1787 5942
1851 725
2194 3626
2222 6336
2688 1033
5261 8809
520 471
787 652
1041 982
1653 3234
2571 4245
3841 8834
4197 1794
6482 10045
7553 5762
7648 4853
7914 3844
810 11001
1006 6310
1367 10734
1917 380
6363 3231
7635 8240
8012 10926
41 142
68 2484
159 153
1237 1325
1282 6969
1943 4491
2127 2682
4304 9465
4903 4262
4956 5798
6293 282
648 660
929 155
3811 519
3877 4826
7189 7079
967 868
2518 429
3163 541
4270 6292
4843 5642
5028 4740
5824 5649
727 3056
1693 9278
3729 634
4120 3710
5275 8809
6042 3691
6460 8317
6849 4853
7803 537
8127 7273
812 686
1012 7893
1891 528
5391 4649
5530 5785
6817 3184
7469 2220
8028 4383
8113 9
1580 1986
2820 959
3101 738
4699 1680
5064 4652
5357 101
5726 10528
6028 10741
6808 10343
7147 10432
7253 6206
1479 1764
1791 6173
3585 4623
4198 5561
4401 5691
4827 5691
1110 1126
1274 2374
1470 10484
1814 1655
2408 3585
4312 10009
4459 1714
4657 89
5834 7821
6053 7042
1162 1205
1603 6704
2317 6294
2363 9196
3322 1608
3912 5647
4353 5545
5031 4048
5319 2987
5717 5931
7808 7062
7933 346
1740 4129
2403 4342
2870 10343
5417 2664
6154 3871
7503 5396
829 709
1818 2570
6200 3891
7490 6768
7755 10874
7905 10808
328 5494
1199 1182
1712 9848
2412 4263
4805 5686
5563 6170
1439 1722
1683 7315
4122 48
4399 5691
4561 8880
5006 10805
5368 3785
5960 10455
6782 6298
7384 5992
8000 4377
8142 646
855 11015
1170 514
1838 10594
2386 3938
2521 10757
2550 6606
3825 294
4611 1200
4758 7074
4800 5639
5018 9837
7555 9875
7946 10804
1094 1069
2460 3839
3502 8829
4277 4157
7193 10535
811 633
1875 945
3009 4668
3671 5188
4933 5402
5199 6078
5253 10381
5875 11001
6709 7082
306 1356
723 9864
1271 10067
1495 9022
2161 5630
2554 935
2574 4798
2664 4505
4254 4877
4609 5499
5383 3102
7819 1586
495 10961
1446 2314
4582 4909
5209 155
5371 6052
6324 10801
7865 400
8038 9207
8124 7313
664 1953
673 5621
1119 486
1249 1896
1719 5218
2262 493
2344 5836
3004 5021
3573 4635
4326 5639
7542 9369
3029 8504
4347 9142
4584 2114
5420 4713
5528 1991
441 6415
3026 4319
3317 10897
5341 1169
5399 2880
6035 6991
7161 6833
1515 1734
1591 448
2209 7185
2733 2719
2950 4189
3338 4384
4951 966
5103 5801
5247 8931
6055 8696
7873 7311
1539 6336
3287 91
3443 4831
4983 7294
5049 2743
5223 737
5271 8932
6209 10698
6872 2577
6953 2201
7397 2207
7959 195
384 7074
1209 1270
1911 10908
2372 1949
2442 8504
3362 5224
4807 1137
5299 4051
5456 861
5727 10476
7292 8418
7942 7173
7981 4054
8070 4839
8087 11054
8099 1917
1540 2691
2585 5685
2872 6042
3175 4401
4364 1828
4476 1087
4545 6160
4946 2726
5349 6302
5599 2016
5670 5911
5755 359
8102 10612
613 1194
783 10391
2808 4263
5414 2932
7587 9296
7908 10798
7993 8986
8016 7334
8136 10069
8147 10688
1208 1285
2270 6415
2957 10314
4404 7636
4510 81
4695 207
5260 8809
5983 2507
6394 3122
6604 3652
6632 3500
6986 7147
7931 10804
1284 10870
2646 10847
2776 959
3743 5022
4439 5691
4762 5188
5776 1699
7737 5398
1020 7135
2227 1792
4698 10926
4796 265
7162 10262
7285 4071
7627 9234
200 3785
1717 8915
2636 9999
2672 4749
3171 1033
3201 5129
3354 5021
4738 289
5656 1236
7125 7866
7190 5370
714 8068
1118 1129
1134 1782
2598 1706
4074 5362
4722 1087
5010 4078
5113 7217
5381 737
5762 2717
5810 5369
6541 2236
7491 5433
298 6186
377 11020
1615 362
1921 10977
2108 9925
2949 4690
3337 1033
4317 5502
4847 1087
5050 3778
5683 10521
6075 3850
7202 9628
7724 9518
763 8665
1289 1086
1624 5323
2350 5370
2413 8529
3950 8593
4263 10912
8004 8932
2157 6353
2618 2719
2845 8048
3199 4721
4134 10735
4817 5309
5289 10487
5378 58
6607 9915
6610 3178
7360 4389
7622 537
166 698
253 5686
289 1684
457 2039
2268 5375
3411 9217
3641 5744
5082 8305
8010 157
373 8932
1084 7237
1905 9337
2520 4692
3908 7199
4182 7963
4635 6057
4653 4909
4789 564
7336 3922
7863 9353
1326 1457
1878 8231
2269 1617
2622 10796
2897 10340
3356 1053
5598 2298
1272 1366
1395 1613
1396 2082
1657 2191
2537 3816
3196 5021
4815 170
8103 9173
897 6912
1129 1156
1500 10685
1556 2295
2366 4102
2530 5563
3090 3864
4978 8060
5030 7035
7172 7916
8081 8850
726 11022
1168 1331
1770 471
2526 4320
2637 1033
2791 18
3122 5153
3133 5109
3319 519
3447 4831
3762 424
4630 10868
5140 1519
5892 8915
6257 6298
7377 11055
7786 8518
7969 4547
1578 9843
2020 64
2347 951
2699 9341
4732 8400
8026 199
939 8699
1002 145
1460 7206
2206 6366
2757 3947
3421 6985
4395 2397
4432 6464
4984 147
7437 3365
2170 5620
2649 7239
3126 5022
4715 4213
6115 2864
6722 7703
7872 2655
1120 10698
1464 5812
1913 2870
2485 10339
5081 7362
5185 2025
5473 5947
5664 5839
3 338
102 882
657 11045
682 3984
879 768
1014 5005
1283 519
1613 314
2041 10707
2934 5420
5177 5824
6836 1155
7208 5218
7773 3623
1411 6914
2734 7388
4547 81
5116 2078
6777 3726
6866 1986
7211 2648
7291 9011
7413 10943
8017 10757
247 7370
533 2775
665 5994
1018 938
1142 10074
1354 1534
1583 8123
2404 3816
3206 891
3444 4831
4736 288
4901 742
5392 985
5888 8809
5969 3923
6432 860
7086 2678
7209 4493
7827 935
485 291
755 752
1498 10419
2251 8467
2744 5598
3098 10767
5582 6078
6756 4286
805 10784
1032 954
1049 7241
1140 7506
1172 9984
1345 1462
2342 4181
2587 8829
2755 5559
3030 4418
3162 2719
3518 5153
4771 5682
6966 1675
7223 9054
7275 3026
7333 3366
226 2653
778 10817
1075 175
2225 6948
4340 9923
4436 4115
4672 5762
4673 3529
5205 8931
5665 5665
831 5521
1494 2183
2285 4506
2661 10731
3127 5109
4521 268
5570 6639
5945 6374
5970 5737
7037 10443
7281 7059
2942 5153
3577 5075
4311 1254
5104 5146
5367 573
5547 698
6329 3896
7977 8815
656 313
1031 10752
1672 6969
1895 2066
2267 1688
2348 10870
3068 5153
4608 5657
4968 32
5538 589
274 266
1352 10926
1680 1877
1975 10664
2736 519
3403 2714
4472 1087
5555 7322
6029 4019
6202 9022
6780 4261
7782 5418
645 9714
1907 1666
2275 1089
3617 4683
4239 5518
4369 4177
6376 1511
6704 2505
6820 4236
7028 9295
7691 4403
526 6112
549 5458
793 5663
1160 783
2162 6805
4504 3708
5848 3735
6567 1236
7580 3811
1627 2733
2569 4464
3103 7239
3434 4071
4275 7028
4362 5691
5447 6663
7380 9881
762 8615
1659 7463
2509 4602
2696 10440
2714 9316
3064 5153
3438 598
4794 1965
5743 1699
7856 9255
8046 10035
2175 3088
3041 4389
4305 10735
923 807
2453 4418
2732 3650
2767 4378
3066 4576
3250 10758
4378 6561
6207 7429
7226 10434
7562 2806
7979 10351
666 8666
1079 9151
1508 704
2229 4507
3731 5163
4140 9496
6336 5
7700 7741
8101 6
1484 1786
1826 4540
2739 1033
4335 7290
5812 4164
7735 5590
1164 3704
1496 9961
1562 2618
1607 2067
2415 2223
2728 4418
2875 1203
2962 2209
3732 32
5986 8993
7485 9018
7861 217
1762 6704
2295 1474
2354 1588
2708 350
2753 4301
2869 4335
4926 5163
5068 3973
1417 11001
2555 4319
3088 4418
3978 170
4313 5375
4942 9244
5906 935
7248 5600
7909 9543
8072 5856
443 370
1667 704
1856 2633
2368 2680
3248 2790
4433 5545
5142 2078
5498 509
6133 5765
7374 4086
1387 10870
1549 6447
1902 11043
2205 3915
2417 9133
2634 1033
5071 7273
5143 5565
5429 6923
6620 3937
7364 2862
7923 6245
581 527
767 5608
873 4511
2474 7057
2522 4748
5249 170
5876 6649
636 9288
772 7215
1674 2213
3204 891
4442 10183
4485 10430
4747 1087
5481 10943
6047 8068
6227 3003
6321 10821
7464 2102
8118 7019
2454 4207
2524 4694
2814 4748
2974 10786
3417 10478
5101 10771
5170 6004
8133 8174
245 2860
895 3064
1839 1911
2330 10469
3125 3579
3288 91
3670 5705
3815 8593
4361 5708
6148 9321
7258 1184
1264 3846
2410 10662
2463 6856
2663 4691
3081 9455
3158 4505
3405 5756
3814 11011
4171 5264
5355 6302
5703 935
6290 3649
6342 4857
7930 10810
7989 9102
796 5282
1115 1131
1669 4107
2433 670
3023 4748
3501 738
3626 10767
4684 10096
5224 8931
5358 4384
5610 5293
6091 5193
7760 6127
8112 3086
1444 1716
1723 8699
2199 8699
2306 4439
2311 5706
3039 10108
3119 5021
3824 3998
5011 5705
5485 197
7019 3290
7099 357
7443 4036
1273 1250
1293 2750
2096 8399
2246 1985
2394 8915
5274 5777
6019 5824
6228 9637
6682 906
7077 6043
7080 689
7312 344
8058 2832
882 6383
1321 8230
3047 5077
3159 4602
4390 955
4412 5731
5258 3785
5461 1
7188 10735
7849 648
1087 1082
1405 1604
2152 3560
2504 8796
3247 10708
5283 187
5372 4700
7315 2991
7425 178
2196 11029
2359 2320
3013 4940
3409 8225
4473 5691
5259 137
5423 6415
5863 1763
7266 5198
8014 564
1432 1693
2100 7084
2720 278
3944 9361
5733 5711
5802 615
6835 3251
841 702
849 10728
926 7949
7798 9361
8106 10720
369 395
2339 1946
3207 4831
3869 10443
4231 5856
4438 4115
5024 5796
7426 1064
8148 5358
621 4446
2056 8665
2252 5525
2716 8390
3981 11034
4449 10293
5035 2588
5057 8259
5752 6228
5881 5844
5936 9369
7057 1705
7564 138
1689 1476
2683 10767
3203 891
3488 2719
5348 4051
5495 1109
6164 7688
7753 2507
7845 5494
8001 10737
1329 6228
2769 4748
2894 7084
4338 9923
4520 7074
5023 10484
6269 5594
7605 10780
8086 10444
975 6392
1036 956
1919 7139
2816 4602
3124 5179
3255 4386
3572 4864
3616 5340
4645 1724
5517 323
6348 3946
6448 4376
6611 5667
7784 378
249 540
1198 1649
2361 3423
2535 768
2955 1743
3118 5125
3564 3150
4206 10735
6458 6542
6721 7119
283 335
2639 4249
2971 10910
3318 3922
3340 4389
6505 5476
6651 2626
6738 8815
7295 8390
8109 7633
390 9477
1429 7259
1499 8705
1733 3350
1766 1990
1794 5483
1910 1261
3001 1375
3339 768
3567 1033
5320 6302
5505 11039
5930 7612
6059 2380
6784 1986
7502 7738
997 900
2647 5009
3569 4354
5972 9018
7224 6967
7290 1412
7973 6616
962 7322
1935 384
2743 2275
3624 768
4748 4909
5187 7787
6845 1038
6860 10005
6932 5629
7594 5856
8134 8218
280 4125
733 2966
2097 10993
4578 1405
5818 208
6379 9260
6389 10361
2341 313
2461 1991
3194 8708
3558 4643
5300 4051
5730 7112
5867 94
6185 3154
7839 9460
388 807
966 2229
1550 8593
1734 421
3345 4667
4351 2397
4522 10402
5987 4997
6143 501
7112 9183
7294 9051
919 5774
938 1922
1090 4347
1437 1684
1795 484
1844 395
2577 5625
2970 8842
3333 4554
4980 4924
6236 8656
7442 8632
745 4262
3902 2398
5029 5840
5702 3519
7030 11037
7139 53
7673 254
7722 2602
1912 3761
1925 7261
2691 4754
2784 4864
3031 5786
4373 3171
4417 9923
5901 3420
5996 3500
6127 712
7150 7952
7365 4930
7830 1223
1430 1668
2181 357
2843 10487
3086 2414
4121 3762
4560 1959
4931 4798
6369 3197
6510 5868
160 169
532 6930
2657 4720
3448 3579
3568 4862
5089 3993
5556 6127
6286 8054
2478 7846
2508 4748
5172 6139
5443 861
6501 2262
6878 6023
6914 8527
1204 471
1465 8653
2070 4339
2072 1696
2491 456
3822 4349
5484 7960
5621 7143
5823 0
5949 67
6088 5389
1181 8074
2833 4349
2900 4142
3097 10943
3102 9002
3130 3579
5154 9446
6326 3089
6462 8754
7396 5264
2665 4420
2667 10758
2711 6663
3243 1800
3631 4864
5403 3073
465 405
981 266
1847 8972
1873 4587
1981 3688
2484 963
2972 10808
3280 5178
3361 5107
5496 7632
5572 8574
5587 8982
6493 5830
7152 7957
7307 8390
7618 2102
1037 10013
1813 3894
2273 6921
2551 9010
2557 4641
2604 2891
2621 963
4048 5190
4862 1087
5147 5922
5395 1858
7661 1235
2048 9241
2241 4607
2749 4389
2779 6920
4370 5948
4480 89
4509 8298
8009 9425
843 10747
1570 1588
1848 2691
2053 3276
2583 3816
2789 4605
3643 4668
5059 3248
5225 8932
5304 10612
5631 10960
7554 10887
353 1377
1779 6958
2498 4290
2596 4864
2809 385
2815 4748
2965 519
3132 5178
4053 4338
4212 2015
4616 10728
5774 6234
5831 5783
5879 4107
800 6219
1297 3519
1956 6021
4845 5581
6740 192
6818 6285
7002 3832
1373 7343
1410 10850
1582 2008
1861 7491
1908 4545
2187 3657
2633 8822
2643 3816
2705 3617
3099 8822
4119 5790
4255 350
4731 10953
5072 999
5359 10702
5873 5807
6739 4905
7590 4267
7774 1148
8006 6550
1938 9184
2670 4317
2825 748
4365 4909
6078 1985
6859 2472
6890 2762
7608 7023
7660 3903
7710 4035
7890 8230
1046 9678
1530 4311
4719 2201
5468 10943
6050 3000
7241 903
1069 1028
4802 5686
5750 3491
6049 5196
6934 6298
7065 6144
815 698
865 8593
1147 1275
2529 10674
2829 4867
4642 5543
5411 1747
5478 9077
6317 750
6378 514
6788 2886
6956 1314
6970 2880
7096 6298
7420 3276
1016 1458
1647 4613
2725 4380
4334 9687
6579 274
7144 6424
7606 1173
7614 1224
7998 9799
1319 197
1330 6045
2076 6434
2605 4126
3745 3579
8117 7495
199 10537
1124 9056
1551 1039
2512 4691
2617 4418
2937 697
3253 4421
3821 1331
4173 5494
5827 1173
7081 2179
7888 9669
285 4376
888 10671
1223 1307
1234 1315
1269 7915
1614 2309
1893 2797
2968 4300
3092 4422
3273 4826
6061 8139
6645 2507
7105 3558
7764 8836
1989 457
2684 768
2775 4207
3275 4110
4700 8881
6358 1456
6412 8102
1576 7051
2502 10796
2562 4378
2593 10910
2762 1377
4374 7319
5111 3770
6263 7854
7789 4761
239 10978
252 11053
1116 1274
1268 7316
1804 1457
2445 4644
2695 9179
3367 4831
3783 4940
6168 3215
8050 9975
1421 3202
2586 5573
3095 10108
3494 1042
4583 1227
5112 9496
6748 2504
6774 5290
7005 8102
7560 4453
7670 7042
7695 344
1139 664
5240 8931
5384 8324
6923 1838
7107 552
7345 1011
7638 1297
7658 10283
7771 1499
1801 5164
2510 3839
2679 3984
3497 2636
4385 6133
4965 1066
6266 4590
6825 7266
6989 3003
7630 1516
7852 4696
83 5272
803 9876
951 9078
1176 225
2471 4690
3979 6144
5436 8505
6875 10396
7055 273
7313 3567
7787 1522
1454 6906
1961 1760
2400 4436
2680 1033
2884 4691
4282 5856
4804 1173
5273 6387
5942 3772
6768 3824
7013 6966
7320 305
7678 9117
167 2001
446 11015
1853 6353
2219 431
2612 4463
3334 4382
3407 5426
4357 5545
6098 6517
6431 5313
7322 4754
7509 2531
1186 9256
1220 1283
7316 4455
7744 2604
86 67
2447 3864
3042 4819
3358 5105
4085 1903
4448 10735
7584 5883
7926 5414
8089 10361
372 9165
2813 9374
2822 4693
2969 3176
4550 89
6080 3628
6959 3315
7259 9441
7672 997
7870 4152
2198 9843
2517 10758
2600 2164
4716 11055
5872 2806
6830 3232
7654 2236
7941 350
8080 2935
836 333
922 405
1738 8656
1756 5265
2495 4547
2712 8932
2770 10758
3032 8660
3445 5022
5470 6359
7478 9835
1085 4323
1103 1608
2676 1838
2976 5013
4446 2114
639 371
799 6426
2519 6995
2579 9583
2638 4652
5647 5399
7314 7683
7347 7709
7877 6542
2507 4501
2746 678
3906 5249
5453 8232
5573 2016
7513 17
845 710
2037 1501
2345 9770
2601 9769
3166 4602
4168 6070
5467 3977
5562 9433
7228 4120
7470 324
7494 1098
7891 2458
192 187
1026 8835
1732 5552
2374 8513
2966 2629
5184 1520
5284 7905
5866 2274
6102 8264
6929 3217
7649 4036
1300 2245
2278 4564
2293 10807
6398 1680
6417 2691
7024 7353
7455 3173
7517 6212
7928 5559
1017 159
1259 4704
1374 1018
2421 221
2685 1033
3907 5307
4818 289
5126 5146
5459 9500
5886 6963
6128 2012
8002 4247
1350 6723
1658 395
2887 4291
4172 8593
6297 5167
6609 4408
6855 8989
7719 9005
1062 6741
1194 698
1299 6953
2652 772
2919 402
3106 4819
3592 3579
4162 5808
4729 155
5465 5909
6193 1130
6219 3026
6222 3590
6538 6915
6671 7108
7003 6668
7669 9361
7911 1662
576 9344
756 642
1366 2084
3096 678
3775 18
4752 10965
5617 4375
5961 8009
6789 10717
7194 2380
507 291
1246 1868
2239 4244
3100 9232
7450 9822
7569 6315
821 7294
1881 9498
3151 3511
3328 4748
4072 5824
4677 5608
5094 9416
5820 2905
6380 3867
6677 10590
7267 7017
7725 3026
7777 4778
1251 6231
2458 4641
2614 4602
3563 4922
4868 723
6368 3193
6757 792
7239 2255
7378 3522
7999 3628
309 2381
1909 6991
2492 10537
6459 2198
6672 2149
7300 7507
1635 6112
1869 9257
2645 861
2748 4388
2959 4748
3010 9725
3903 7165
4808 2942
4848 4909
5763 8356
6454 1033
6960 7419
7119 2673
7170 3368
7317 8289
7367 1850
8043 2466
887 774
1402 3705
1765 9508
2019 3103
2318 4910
2456 6590
2511 4690
2731 9921
2823 6253
5981 2741
588 10252
1651 10747
1862 2684
5032 5122
6097 6561
6387 5658
6778 4152
2297 835
5847 5463
6852 2959
6873 5592
7675 10964
7983 4291
2 8652
503 9688
1355 1496
2488 7950
2896 1017
4826 1828
6842 3628
6931 2476
7222 3480
7869 7853
7995 9077
806 679
1739 2409
1937 8163
2236 1304
3566 768
4650 8713
5895 3862
1270 1347
2738 3860
3028 4643
3150 2381
3167 345
3249 4422
3622 745
4614 3708
5695 9915
5749 2815
6343 259
6430 2993
7135 996
7155 7101
920 5121
1125 2285
2212 7893
2218 1755
4136 4097
4568 1838
4594 10571
4777 3368
5601 2274
6298 2823
6851 5270
6926 2106
7625 4236
393 10061
1748 2225
2313 5190
2626 4182
4833 5797
5385 6390
5828 2648
6043 9587
6258 6196
7270 3732
8140 713
1934 1223
2150 7061
2539 6457
2631 1033
2724 9494
2754 8971
7053 3223
7277 2775
8129 6294
2121 10317
2455 3839
2883 9466
6060 10446
6350 6976
6655 3368
1616 2096
1933 2685
4258 6488
5250 48
6359 1218
6684 2934
7263 10704
1399 8793
1637 2091
1735 3947
5565 8179
5751 4239
6710 212
6735 1430
7868 4999
480 225
824 5750
1033 3657
1156 1195
1408 1646
1671 2210
2768 4319
4132 5445
7440 10531
2102 9366
2215 9619
2560 11039
2565 1019
3684 7239
7730 7064
592 2007
686 1866
2334 10635
2787 3342
6480 3402
6701 6646
6824 3022
7780 10118
7836 5072
7994 9054
8030 4349
1136 2571
2036 885
2074 5838
5680 2236
5909 9361
5931 2545
6244 10148
6481 3662
7623 3772
612 9775
1040 5792
1413 1644
1890 2776
1996 1405
5604 539
6586 4668
6822 1880
6843 2673
6957 3512
7237 3226
7987 4545
1076 1054
2397 1074
2459 4289
3205 4831
3496 5505
6240 2248
7453 5000
1098 10827
1596 1738
1724 1164
2155 1713
2597 5013
2844 4114
3202 91
6023 10096
6819 6630
6879 4787
1167 333
1412 1969
2465 8714
2592 3919
3067 4668
7357 10750
627 5756
1108 1723
1730 1004
1947 3583
3002 4721
3326 4602
3863 8129
4703 5609
4793 170
5088 8423
5971 5044
5984 3064
6351 3193
7864 3665
1587 6914
1832 3770
4734 7
8111 313
684 8665
1229 3930
1390 3575
4309 2016
5409 37
5650 1572
6331 187
7585 969
7736 3682
7918 9985
450 226
497 8750
1217 8860
1254 8867
1480 488
2698 10910
3517 5176
6174 6408
6270 6915
6446 7086
6733 2924
7273 4000
7657 733
7854 2655
1052 1003
2284 1100
2675 4347
2828 6308
4618 1227
5065 1016
5466 1909
5482 10943
6246 6384
7035 5364
8057 8845
985 286
1080 7069
1605 6980
3172 5625
5844 10459
7286 191
7971 9792
8131 8967
1824 5555
2480 4189
2782 3644
3208 113
3562 5471
4860 5686
4964 3128
5645 8365
6068 6308
6991 3427
7038 10161
7063 7356
776 643
950 7965
1837 1677
2263 545
3251 4602
3418 4509
4490 3798
5916 5133
5990 4626
7134 979
7423 9287
7468 4517
890 8240
1414 1658
1569 1166
1816 1606
5265 3710
6299 8390
562 10784
600 10832
988 938
1106 4349
1742 2415
1786 8316
2089 290
3040 4282
3073 5216
5182 633
6071 4635
6484 2804
6513 2556
7532 3879
8068 6866
1083 9373
1391 3821
1609 8513
1722 4668
1949 1792
2590 768
3335 10943
3449 433
5038 3679
6066 3427
6798 6838
7166 10542
7235 9843
7299 7846
7528 7827
7592 6869
8019 8183
2091 2633
3173 2629
5166 2309
5254 8990
8020 3265
2332 3998
2428 1725
3065 4979
3104 10910
4636 10793
5613 6274
5946 2290
6533 10593
6741 8093
6949 3271
7643 5074
7686 1056
900 6275
964 5703
2534 3328
2689 3439
2882 5810
4869 3742
6048 3784
6132 10943
7287 4518
7358 9021
1763 8125
2316 2556
2701 10576
2704 393
3284 5178
3630 768
4075 5090
5435 10379
5442 10510
6296 6174
6641 1634
7000 3558
7732 273
7898 3453
1589 6335
2144 2661
2377 1080
2470 235
3419 10767
5374 4386
6017 5193
6509 3238
7954 2488
2788 4864
4816 5777
5117 5565
6556 1823
6702 4061
423 305
1774 2424
2525 4320
3025 4748
6243 5390
6688 4736
6936 471
6955 1118
7143 3283
1137 6039
2602 10090
2642 5120
3254 7032
4527 6168
6027 1009
6362 2156
7309 4461
7689 7726
7740 246
7991 7313
1662 2203
2891 3959
5997 7058
6247 9372
6453 9985
6693 5068
337 6533
1042 6875
3408 314
3495 4693
6089 5037
6353 8462
7085 9554
7415 798
1690 9384
1889 6877
2130 8842
2189 3583
2452 7846
2737 10864
2760 1932
4994 8186
5124 5146
5431 4079
5503 9441
5937 7537
7351 2156
7530 4436
8138 9958
5127 5948
5976 10635
6113 774
6703 2937
832 708
1150 8172
2163 9130
2184 5615
6084 8562
6566 1914
7197 10533
7457 5754
7844 1364
7945 9770
8003 8106
2544 268
2964 6300
3093 8082
3420 1033
6178 6869
6465 9607
7230 3522
7342 7438
7451 9815
7903 2101
7996 4602
676 1930
2541 3860
4230 4456
6036 6948
6507 6393
7169 8099
7298 4270
7612 373
1823 1629
2280 1601
3156 4316
4765 4576
6723 2927
7679 1327
1793 2188
2185 3601
2475 4645
2603 9876
5062 6938
5376 42
6158 10622
6426 3632
6792 3176
7251 7423
7694 2806
1559 9528
2240 7187
2611 4548
2756 5342
5134 7015
5600 3721
6355 4310
7937 2138
7964 4599
1436 1682
1677 2845
2773 4643
4887 10060
5285 10423
5292 946
5629 6274
6096 4408
6601 6658
7306 7846
7348 8460
991 9659
1226 2247
2715 170
3727 333
5432 10004
6615 2918
1055 6437
1211 1287
1790 9565
2747 4551
2841 3512
2967 3984
3484 8527
3498 10215
3774 10001
5353 308
7488 3757
1419 7373
1971 2420
2067 3282
3555 8304
4788 4272
5267 5387
6184 5520
6187 3003
7108 8848
7558 1308
7571 7477
10 2450
703 9737
3570 4815
4838 10973
5614 5363
5934 10828
6074 976
6732 3726
7366 8462
7577 646
7848 10067
147 5134
1236 2731
2945 7507
3087 4602
4422 5564
6070 10797
6602 4336
6965 8838
7702 3108
1842 2011
2422 959
2839 6975
3765 5163
6790 4035
7815 5694
7935 4062
1810 5874
2232 9312
2233 1568
2292 1491
2501 312
2700 6761
5404 5731
5590 6679
5871 722
7346 10054
7699 2269
7703 4199
7775 1795
531 4376
2666 4289
3244 9783
3258 1033
4181 2149
6765 6011
7421 7997
7882 1240
7952 10068
8049 8647
907 4772
1567 10588
5058 3632
6167 3437
6400 3263
7651 1230
7745 10315
459 121
1152 7739
2682 8822
6191 4076
6292 1100
6309 1387
6664 5159
7663 7441
7949 9762
1922 4098
1998 1497
2390 482
2678 2311
3082 3616
3946 7953
4278 10698
5105 5565
6650 68
7255 1036
7795 10302
761 1998
2446 4641
2580 5563
3410 10385
4601 5574
4687 10728
5246 8931
6559 3000
7210 8658
701 1238
2033 2717
2443 4693
4996 3758
5115 5565
6234 6372
6816 7526
6944 6837
7185 9685
7232 3250
7524 7217
728 158
1860 9914
1887 1404
1930 3288
2532 5563
4844 1087
6912 10556
7561 4180
7601 943
1493 1800
5179 8268
5405 343
5950 9780
6170 6406
7685 9203
1929 2216
4307 9234
4398 9479
4917 2218
5441 3458
7966 8840
8055 2645
2174 6477
2726 484
5037 7363
5840 7578
5926 2066
6046 6235
6631 1909
6692 7007
1218 1220
3332 9999
6540 5395
6678 1296
6899 7211
6995 2826
7043 10872
7621 7170
1327 8659
2545 10767
4025 8955
4835 6238
5455 822
6012 1823
6306 806
7045 8490
7539 2750
7953 2103
614 2775
1592 8487
2439 4641
2810 9378
2892 4050
3170 1033
3197 4668
4478 89
4634 8328
5813 690
6316 6503
7310 344
7871 6424
1219 3320
1347 6023
1819 1725
2481 7394
2549 8081
2628 4798
2830 4310
5045 6938
5510 10018
7520 1128
7563 4839
7857 10968
1287 970
2608 4460
3022 966
3499 4859
6052 3368
6925 5701
7018 2318
7343 8232
7883 4581
313 259
571 6164
1691 2348
1751 4602
1771 6495
2131 4973
4252 5282
5830 6597
5859 4110
5977 3199
6180 5014
6320 7709
6624 6347
6773 3760
7785 9319
8135 8048
835 3128
2098 10896
2975 1137
5287 4324
6399 2079
7535 9244
7754 9303
1864 9701
1939 170
2723 8679
4654 4909
5352 7209
6211 2213
6365 7409
7004 8184
7359 4562
1825 369
2015 3498
2045 752
2627 768
3252 2719
5128 5948
5277 759
5663 5839
6214 7731
6596 6258
7014 5309
7925 6235
7982 10749
8048 6095
1003 9137
1517 5301
1953 10757
2963 5367
3867 314
4331 5144
5007 6481
5407 3404
5853 760
6364 5188
6551 3482
6653 3962
7495 903
7704 4752
7990 8362
754 631
1063 2935
1788 8900
2248 2501
2383 4316
2625 4602
3493 10751
4180 2277
6026 2849
615 9290
870 6708
1379 4800
1984 3451
2559 4292
2765 4245
2958 5820
4566 1714
5413 370
5438 1065
5554 1946
5768 3223
6117 972
6221 6499
6456 4013
6545 8092
6643 39
7727 10288
622 2157
697 5701
853 10724
4769 3761
6141 2705
6654 2224
2425 10178
2494 4602
2623 7277
2902 3998
3492 4643
5351 6390
6393 8382
6642 73
6686 2908
7129 9070
7131 1222
7133 3339
7229 4183
7362 3447
7550 5268
7902 1205
2081 6871
2128 9785
4227 165
5421 3662
5632 5463
5874 4781
6231 4287
6700 3251
6844 5393
7318 128
7858 10262
2542 1582
2594 4361
2750 8564
5206 10926
5781 9218
6262 3109
6334 1852
6982 5944
749 2906
1007 936
1309 9490
3260 10786
3866 2688
5106 2078
6051 9925
6637 781
7615 5933
7620 10283
8128 3018
1221 7324
1867 8788
3174 678
3771 10181
5900 3496
5964 2675
7015 737
7758 903
1978 10417
2143 3719
2538 5708
2741 4101
3038 3342
3556 4207
5704 3173
6605 7332
7256 9043
1830 3919
2104 10083
3359 4721
4865 5712
6328 7386
7156 3263
7965 10402
2424 3864
2792 5289
5150 1986
6302 3242
647 6103
1286 1478
2302 6807
2653 7239
2727 7292
3198 4367
3259 1033
3320 2765
6044 274
6958 10008
7036 3229
487 2497
1358 4359
5067 9605
5684 3553
6888 2189
6940 1430
7671 467
706 3117
2609 899
3682 4389
4857 3814
6289 3099
1214 10622
1687 6642
2260 9922
5457 366
5951 3171
6226 3368
6694 1430
6908 3657
750 89
1588 6227
2448 1680
2578 3816
1427 4180
1914 2113
1964 3381
2576 3943
5122 10756
8051 7351
399 7282
601 6072
663 1998
795 9059
1288 6832
1633 9022
6099 2540
6850 1430
7382 3656
2745 8822
2840 4389
4488 2509
6125 7052
6683 5914
6775 3063
7889 9780
1805 1946
1991 1419
2827 5780
6103 10434
7570 6506
7656 10168
7792 6315
6018 6395
6295 6212
6361 10623
6993 3558
7006 6625
732 5349
2595 894
2978 4430
3503 182
4856 2708
5165 5175
5902 10715
6746 7264
7887 8054
7895 9303
8115 1245
779 648
1623 1054
2722 1657
3416 9077
6434 3925
6506 8849
7526 8574
7624 909
2763 3160
3621 5871
5893 8451
7199 2811
1422 1885
2165 3459
4967 8365
5098 5497
6144 7105
6223 743
6229 3319
6476 2236
6823 7119
430 10910
2009 1322
2134 1613
2249 1600
2591 4798
2674 5537
7541 5388
7597 2472
7934 7109
7940 3675
1822 6016
1843 2518
1955 10275
2287 6854
5849 9562
6352 5463
6371 1013
6381 6717
6425 6335
6988 2545
7120 3739
7696 6228
7958 6434
8047 10926
433 88
594 808
724 11009
1954 2988
2635 1033
3329 5820
3491 3864
3679 8822
5899 2399
6319 5221
6409 5910
6463 10469
6504 2823
6791 180
1353 7025
1518 7137
1546 6967
2028 10552
2584 5685
6030 3657
6413 4747
3680 10944
5406 11007
5422 3685
5494 10362
5882 5954
6177 5212
6390 3366
6837 8481
7510 3967
7525 2600
8021 8613
8060 3508
2402 4502
3324 5541
4564 5074
5286 187
5410 1065
5968 6944
6171 7933
7200 3736
7866 3082
626 7823
1067 7531
2094 5869
2570 176
5904 4300
6330 4551
6392 8250
428 9050
784 4376
827 1072
983 9767
1224 2166
1314 2527
4874 2573
5099 8230
5252 7507
6461 10831
6633 2027
6809 3837
7151 8536
7825 4447
2151 4826
6159 8887
6163 3215
7489 997
3261 4288
5025 9590
5211 2509
5883 222
6858 632
7582 7853
8088 8504
2116 8744
4905 3548
5070 10435
6811 2880
7130 3447
494 4196
965 4386
2086 7696
5288 37
5912 2497
6992 7061
7250 9553
7546 5188
7556 1210
7910 4507
8137 3553
6711 7499
7456 3599
7956 10811
2543 3919
3683 10786
6161 3682
6415 4642
6742 5520
7414 3517
7603 154
1403 6375
2135 1314
5793 4761
6673 8200
7970 6220
14 9026
1769 6655
2790 7817
3954 865
6082 10032
6595 4924
7042 9352
7118 3714
7596 2365
7967 2862
7986 4795
516 8750
2451 4243
2835 1033
6278 8941
6990 3558
7062 6678
7350 6285
941 7919
2384 6722
2556 4641
4721 4909
5571 1950
5887 10887
6239 456
6814 2705
1451 6038
5616 3313
5918 7289
6318 1011
7718 7651
1179 6499
1206 553
1401 1608
1772 5897
2047 8273
2049 2772
3336 4797
4821 1198
6201 3613
7743 1104
8108 3937
317 7950
595 2164
1858 10861
1871 1867
2080 9103
2742 2209
5092 1035
6155 3972
6225 4218
7422 10760
7687 921
999 416
2167 9059
2624 6387
5114 781
5373 6052
7427 10413
2677 65
3415 10188
5992 2675
6213 6605
6436 6564
6549 6646
7114 8353
7693 1713
481 5925
1359 10991
1461 1725
1836 6365
2469 10822
2826 2235
5141 6498
6397 2973
6587 2391
6917 9023
6951 8193
2629 253
2980 4567
4770 6930
4837 2432
5263 4324
5480 720
6175 10062
6176 6393
6724 3326
7127 4376
7516 6741
7843 5913
8064 4340
933 8956
1632 10842
2164 9384
2437 6992
4937 7113
5390 7450
6142 2221
6183 6602
6435 2466
6477 4254
6943 6337
7641 9664
7886 1270
828 4251
2561 737
3036 10102
6120 1569
6603 6378
6856 2934
7056 3615
7812 2207
1381 4198
2171 8260
5804 10270
5908 3642
6016 3615
6913 2451
8141 3838
403 9329
2505 3842
3557 4750
5979 3453
6862 1571
7280 9068
508 8842
2000 6626
5963 6702
6839 5977
6841 2864
6881 2442
7060 9900
7505 1741
7802 1718
2834 5948
3559 4747
5885 7688
5917 3753
6760 4082
7089 1189
7160 3599
7617 7568
7927 5762
959 7675
1458 2147
1619 1018
1715 10753
5266 74
7841 10599
311 1985
1404 1587
2641 768
6616 3194
7831 4997
557 6707
992 1277
1341 6974
3094 678
5129 3502
6557 7211
6626 10218
7168 659
7236 2496
7662 6127
989 10627
2021 3545
2173 3640
2531 7940
3037 6300
6354 2294
7106 2056
566 9650
725 629
1926 1757
6131 3392
6248 101
6356 5883
7332 10554
1022 87
1166 4304
6041 917
6165 3133
6385 3208
6973 3831
7012 5090
7602 9787
7867 7998
1045 2740
2106 8307
5278 40
6199 5524
7278 2263
7506 10459
1227 275
4780 282
5419 3522
6105 515
6271 3558
7683 5345
7717 2608
7720 3558
2430 7010
4932 5913
5427 3318
6034 2505
6218 6741
7066 3351
7593 8178
7894 6802
1200 6252
1694 1509
1835 4793
2479 6656
3164 6995
6013 8169
6025 1235
6428 3500
7183 6516
7576 7612
7667 1016
877 1199
1681 4086
2011 2698
2133 3621
4599 3511
7289 7537
490 719
748 6238
1070 7893
1721 5830
2381 1820
3168 808
4998 1352
6106 7835
6396 2723
1927 5643
1988 3444
2721 9286
5919 3925
5980 4595
6416 8012
6720 4736
6938 3691
6116 3348
6151 3439
7985 7983
325 1284
1117 8654
3500 9330
3994 5060
6001 1854
2057 7642
4280 313
6947 7608
7305 2611
7899 9978
8085 9625
1380 1530
1384 1072
1545 6088
4214 1387
5967 7595
5973 1406
6281 3070
6360 3760
6524 431
7173 8267
7381 8377
3628 6258
4949 158
7668 10489
674 7742
2496 4602
6300 10934
6828 4033
7441 3232
8061 1229
563 5347
3033 3516
3629 768
6546 10421
6719 5961
6747 7696
7027 9028
7340 10090
7850 6516
1646 3170
2172 1677
2444 4693
2506 2256
7391 7032
7629 2937
1306 3694
1368 1559
2547 1033
5043 10354
5999 10160
6629 882
6652 2102
6761 2333
2214 3751
5133 7086
5379 1229
5928 471
6073 2428
7567 4078
7749 6100
7801 6556
7824 6397
2124 6856
2147 8433
2771 4748
2901 182
4761 3797
5821 3157
6547 3059
6691 3473
6813 5719
7049 10337
7572 806
1688 5217
2243 4697
5839 10912
6718 9565
7394 1393
7715 6913
8066 8526
2558 851
5927 214
6086 10249
6433 6081
6829 7583
7757 9374
1594 825
6006 2952
6370 3178
7017 3161
7540 10240
7692 7817
316 9589
2783 8822
5952 922
6069 473
7951 8215
1279 3428
1310 8184
1685 6048
2886 10453
3678 3465
5628 2298
5966 7758
6134 1008
6305 2759
6831 8048
1611 2053
3323 10590
5854 9020
7051 2907
7070 4280
1948 3663
2052 10260
2168 9026
5995 2823
6744 123
6833 10795
7916 6673
1973 2396
2046 8207
2109 9973
2301 10323
2572 4602
2582 768
5444 8378
7022 3368
2457 8504
5264 187
5716 8074
1522 1920
1811 239
1841 3386
2027 8957
2697 8777
2888 2718
5941 7080
6268 951
7220 3178
1382 5426
1828 2363
2244 1484
2573 4377
4962 3253
6205 7720
6285 4859
7943 8088
1239 1290
1654 2282
1676 1085
2136 6572
2396 4009
6008 7031
6424 3125
7068 3173
7607 1584
7647 798
1455 957
1918 1491
2766 3299
5962 10975
6327 3286
6414 3865
6420 3549
6698 181
6886 2657
6905 8269
6941 4036
7400 1196
7948 6966
8114 10612
2068 7421
3161 8141
5087 6968
6033 9019
7157 6558
7818 667
2487 3219
5454 5303
6625 817
6895 3695
7271 3678
7599 6966
1966 7489
2207 669
5933 9710
7616 4078
7721 8769
8037 6885
527 1773
650 4485
1392 1007
2038 3089
2059 4312
2066 3632
2154 8203
2282 6854
2692 5013
4450 9103
5377 2984
5924 3972
6126 8353
6889 2796
7676 11039
942 7926
1962 5985
2483 9494
4016 8553
5415 4403
7363 2368
528 1735
1543 1546
1951 2528
2156 6589
6930 2882
6937 3127
7001 4656
2113 3459
5889 4305
6743 2261
6902 7266
7044 5147
7174 3694
7523 10166
2008 1750
2029 8476
5914 572
6367 3095
6500 1057
7088 2706
1535 5808
1560 3363
2026 7391
2034 1000
2228 3412
2450 5786
2831 7032
5903 8269
6109 6546
6245 6961
6277 2830
7636 5896
1645 5870
1982 4668
6157 3424
6619 6915
6868 9059
7376 2910
7988 3628
760 3170
5922 5960
7547 8377
582 9781
1242 1260
1798 3316
6315 6915
6939 2442
468 6968
1483 7801
1965 2973
4191 7244
4918 1574
7149 697
7521 4039
1182 5673
2069 9688
4142 9261
5394 60
6204 10064
6208 5922
7356 4494
7646 10558
1598 6120
2169 3632
3490 9077
5890 6895
6876 1239
7723 5388
1706 7996
2022 8870
6194 1444
7767 690
7881 6315
2751 4361
6670 5132
6769 3065
438 1280
534 3824
1716 7121
2142 3576
2702 2045
3083 2311
7198 2997
1870 5697
1960 2941
1997 3632
2885 7846
5627 2249
6072 3020
6093 3492
6094 9431
7052 9477
1298 9417
1346 1318
1696 6812
1928 7463
2546 9562
5947 9953
6906 7406
7957 7691
1301 5442
2101 1998
2129 1979
2183 225
2656 9984
3625 6258
5448 1339
6064 2472
6388 8087
6749 1988
6793 22
7701 8177
1153 2648
1666 10389
1808 2419
2079 858
2982 8486
5380 8268
5907 3642
6410 9471
477 1303
1248 1970
1473 5335
2486 1448
5408 8036
6067 4533
6628 2194
6090 6841
6217 5456
6669 10975
6972 5044
1154 10426
2005 9476
2953 10718
6007 8091
6014 9543
6039 3436
7626 5874
357 6728
475 4212
1146 9290
1442 10189
2493 3839
4678 9354
5929 6544
7573 7195
7807 6618
769 8013
1727 2476
2690 10399
4961 2085
5608 22
6527 3001
7214 1913
445 7957
1435 1682
6077 3195
6512 8769
7566 8062
7697 10140
823 6420
2694 4703
6697 7233
6898 7105
7640 6976
7814 8320
631 1250
1000 10568
6522 7113
3331 1018
6135 3066
6730 1224
1185 1198
1554 5777
1923 3711
2956 4641
3673 9361
6212 1885
6429 6442
6508 657
6570 9094
6600 3374
6863 8505
7148 3232
8044 826
1028 1729
1316 9208
1365 7948
1457 3647
2740 8822
5091 3253
6755 2127
1193 10003
1963 1890
2035 8064
2977 7239
5161 10449
5393 4359
5891 9858
6764 4736
8007 2528
5472 10179
7186 743
7714 7080
687 9765
816 9775
1375 5581
1686 1589
2001 2470
2191 6336
6372 2504
6799 8442
1252 7611
1334 8189
2681 9551
6725 3686
6969 8930
912 8665
917 1368
1222 1130
1586 6895
5897 826
6004 10729
6455 3799
6640 1158
7032 8342
7067 4047
602 445
1652 3064
5959 4492
7341 1129
498 6408
4238 7326
7465 4867
7855 1459
7893 5961
830 10688
2630 1033
5497 1034
6005 3539
6119 10168
6251 3427
6577 180
7142 5795
7196 4406
7242 3464
7885 1631
8062 4038
444 7122
3412 4748
5975 4873
7264 5337
7302 7224
7975 9172
6100 2907
6196 3094
7181 6376
7642 7209
1183 1234
3019 9839
5878 2482
6058 2806
1043 3109
5868 7520
6015 7770
7762 2182
2044 9332
3992 3399
4114 10799
6867 3089
7968 5193
2581 2311
6667 399
7206 3712
7682 976
7947 6812
1471 6834
1736 2388
1924 3371
2208 8561
5829 3276
6249 10034
6408 10953
6997 10333
7768 3642
7974 8411
2482 6553
5955 8697
5956 5040
6511 2947
6576 3392
275 10427
2146 1298
2230 2781
5400 8830
6024 3662
6063 9069
6827 4535
8120 5325
2125 2446
2378 957
6714 3721
6987 3489
2062 2054
2785 6300
5822 5483
5923 2684
6146 2759
6264 3318
8122 2449
1175 10627
1538 1938
2083 3560
2308 8082
6197 9527
6230 9858
6382 1926
6503 3348
6826 3182
7581 9011
7791 2747
1968 10451
1983 3524
5401 4303
5777 165
7684 524
7793 6485
856 500
6140 2573
7487 1089
7800 4715
2112 7336
2644 9330
6283 2679
7167 10975
2055 3630
6303 2882
7205 3924
777 9344
1233 1301
5940 8334
6147 3361
6160 3289
262 5002
954 7957
6341 3263
7375 7234
7379 3316
2286 1047
5416 2279
6190 2986
6918 2523
7474 9396
2180 6425
2533 1582
5382 42
6139 3380
6869 2806
7191 8374
916 9541
1979 668
2213 6273
4306 3191
5759 9593
6031 9766
7412 9230
1531 8645
6325 10122
6498 1810
6622 4036
6754 977
7401 1197
5869 1921
6188 1938
6659 2328
6871 6597
7823 9081
458 9324
1702 8597
3565 1033
6181 8726
6332 2798
7598 3093
608 7919
2540 1582
5426 6075
5483 1357
6279 3522
6580 6760
6870 4307
1418 6736
1534 3174
6770 882
6794 3143
2599 5042
3627 253
5993 3946
7604 8988
7759 3427
2477 500
2607 6217
2871 4340
3816 5520
5921 10884
6150 6976
6272 6728
6660 6619
1749 3736
3813 10780
7103 10346
1502 4112
7637 714
1132 8910
6618 6616
7308 1705
7492 3642
7664 8866
8056 5855
1280 7063
5046 8948
6079 3392
6242 6366
6323 3250
7549 614
3414 4602
4376 10199
5841 9968
6118 2156
6447 3863
6634 6293
7020 3655
1785 2488
1940 2904
3770 5213
5564 3991
5905 5192
5920 3613
6114 8490
6419 4289
2328 10844
6020 1330
6195 2758
6395 2391
6494 1842
7158 3972
1655 8440
5135 6415
5989 3047
6136 5874
6880 4558
7104 10712
7879 1201
6920 9675
7816 1341
1618 8131
6539 6315
7337 9390
7826 3063
7884 3194
7963 1312
607 7224
4087 3563
6423 307
6657 3182
6787 7119
7321 9604
1029 943
1449 2309
2476 4271
2944 2772
3157 4193
6057 8087
6145 3895
6690 6372
7600 3265
1711 1518
3550 7122
6464 5290
7116 5797
3560 10758
6971 137
7518 7293
7809 7107
721 6364
1303 2918
1797 3603
1967 3413
7932 7171
8045 2779
5988 2353
1931 3378
5965 5193
5856 22
6138 7859
6617 4817
7260 979
2084 891
2138 8574
6745 3269
434 1795
6301 738
6919 3926
4889 9425
5055 3133
6216 2158
6946 2947
7508 3895
7583 10004
2099 4323
6104 7503
8130 8992
6215 9025
7098 7171
1695 2035
1806 7251
2137 7893
6810 4652
7705 8259
1555 10604
1784 2911
6815 7347
7252 4430
7349 7407
7454 8051
7713 9416
7794 6353
1941 9709
5095 1379
5375 42
7182 9322
7419 6393
2140 4592
5469 3346
5939 2884
6275 2414
6840 9466
7319 4781
1668 8042
2406 10289
5479 5913
5910 3208
6129 3251
6153 9869
7011 6499
7466 10296
1745 6872
5418 4632
5746 8356
7522 7037
7639 641
6495 7080
7115 7895
1553 6659
2088 7720
2575 5388
5925 2908
6250 6812
6451 2947
7586 5360
7659 7690
6179 2504
6274 384
6544 6728
7411 6607
6401 10163
7373 4259
4246 10863
6492 302
6900 3654
7551 3896
2002 2647
5440 1528
6450 4036
6983 8453
6985 11014
2039 6080
6233 5414
2752 8971
6130 4535
7338 7726
7439 7890
8008 1447
1532 6806
3080 10749
6857 9396
7476 10671
2016 6701
2889 4748
5877 3552
5180 39
6186 9805
1030 987
2058 11034
6056 1042
6795 3286
1238 9193
2148 5841
6232 2255
6933 2670
7619 8630
1377 10193
1877 990
1990 3603
6571 6258
1789 7694
2025 3459
2051 4940
6092 9606
7712 5880
6805 1193
4886 2573
6421 4535
7304 2609
3676 5018
6081 4078
7069 10112
2114 4815
2115 6740
3404 3903
6045 8991
891 2391
1195 6860
3553 4794
6062 61
6658 4134
1833 2207
3953 9912
5232 916
6224 7170
6665 2982
2804 7039
4875 1572
7050 4635
7178 3157
1855 11045
7653 637
6149 8969
7034 6915
1970 3355
2085 4219
4160 2164
6630 10243
4885 5572
6276 8769
7084 4508
7418 2248
6021 6697
6759 10422
7064 7207
7383 3318
7444 10440
6945 6010
2952 702
6411 5300
3675 5074
6112 10101
6280 5487
6948 7033
7390 6372
6483 6580
2304 2222
2954 5994
6284 9278
6656 6619
7054 3202
7504 9570
2075 6618
7568 10635
2528 4271
6189 3895
6366 1971
6903 1701
2017 8830
2336 8268
7087 8086
1434 7513
2253 10048
6203 9260
6449 5790
1678 8121
5047 2107
6685 2236
3402 6970
6294 3195
6349 2849
4163 2169
6418 5629
6715 5176
2105 3319
3325 617
6568 6616
1980 3352
7023 4008
7548 3257
2176 9608
1944 2583
2414 3999
6532 3379
7171 7404
955 8104
1747 10895
6169 6674
6687 2982
1568 8357
6712 9679
6882 2677
6984 9373
6731 3715
6980 3630
6110 7554
6111 3750
6668 3542
976 4642
2693 7371
6804 6641
7231 4481
7449 235
7655 6393
7711 473
556 322
5439 2211
6107 5290
6639 465
1524 1902
2087 6653
5974 10771
6252 987
7117 3415
4228 2599
6887 1854
7876 9833
7565 4036
7878 4118
2063 5980
5915 7119
7213 2646
7398 3070
5845 27
5991 882
6621 4817
6696 3560
6713 10764
7395 6621
6022 3003
7187 2881
7511 239
2951 4690
6861 7896
2382 10704
6253 1607
6663 4566
6137 641
6502 3047
7238 7209
932 9479
3820 3092
5954 5487
2274 6485
1999 1757
6695 9015
7519 10310
6220 3996
6927 4535
1504 10993
1945 2287
7274 987
7473 6932
6812 3182
7215 10996
7219 10575
7475 2982
8116 3069
1726 1719
6000 9516
6282 7555
5896 2473
2023 6864
2095 3415
3321 2375
6901 3613
1898 7227
1859 1076
6156 7411
1565 1976
3169 1095
1512 6063
5944 10302
6475 2156
2040 1377
1563 1306
6087 3304
6108 3916
1423 1860
6273 2342
7634 1857
1371 1546
5948 4258
7880 3318
2018 9385
6206 1224
6427 5347
6734 4218
4377 3418
6383 6262
2010 806
5386 3077
7972 8902
6928 4540
1946 1497
2111 3425
6083 3208
6452 8093
1883 10333
5938 6928
7706 2139
1977 2948
6304 6911
7021 3903
6575 3655
1969 1497
5998 3368
1972 4066
2300 10685
3413 8660
6569 6915
7645 1041
7033 3769
2082 3294
6578 5618
2379 9024
6666 2264
6192 1660
2107 3355
680 2775
7811 8885
6422 1265
6885 6052
6874 5965
1628 5814
3552 6794
6499 10795
2126 926
5978 9694
1478 9556
2024 10468
6474 2864
7221 3554
1753 4692
2110 1656
1874 7022
6627 6097
6894 3516
3554 4259
2204 7110
7936 9464
5428 3363
3487 6723
6689 5422
6771 8999
6550 3760
2054 10867
6736 2982
1755 9511
6386 8007
3483 1687
2073 2752
6322 7987
2145 2091
6699 844
1757 1670
