img00c1.jpg img27c3.jpg
973 2
2886 734
2661 1633
5215 2015
3507 1856
1395 75
1585 90
3032 773
1297 58
4281 2119
3601 1599
1510 83
3464 1007
1740 164
1322 66
1008 23
3217 930
3561 1826
1535 86
1366 71
3998 2075
5207 1086
3280 17
2632 682
2934 682
3132 1699
3347 1728
3606 1599
1313 51
4267 1858
5214 2015
3208 778
4898 1728
1343 66
3503 1856
3720 1858
5849 1858
595 1850
3582 480
1450 76
3639 1880
2485 356
3355 1165
1572 36
5641 1997
3152 930
5495 1850
5632 1996
3608 1858
1334 65
2446 1633
3350 1016
1266 2
2093 164
5204 2059
2469 1055
2508 1633
3227 708
3578 1856
6592 138
2304 641
3705 1997
3407 1118
3617 1584
5170 2015
5882 1599
1246 58
3143 686
5260 1332
1377 477
1687 97
3330 1152
1255 59
1686 92
2696 36
690 899
2887 928
3379 1165
1212 16
3007 657
3252 734
5829 1816
403 1858
3643 2242
2902 386
3306 1165
2956 611
3309 878
3572 2079
2793 682
5118 1833
2848 597
2821 756
3056 719
3390 778
1561 88
3615 1856
2242 476
1386 51
2659 512
3366 1148
4426 2062
1234 66
3408 1506
2561 930
3213 401
3434 1148
3605 1903
4844 1716
6587 1064
988 1833
2358 1633
1265 60
2986 1055
2670 937
3551 1826
2504 682
3108 611
2869 930
411 1734
3271 972
4207 1489
5823 1332
263 1346
2631 362
6247 2242
2960 928
5208 1086
1022 26
2959 666
2558 546
3487 1851
3343 862
1230 64
2026 143
2257 1608
1832 103
2745 717
3480 686
5169 2015
1270 86
6480 1884
6737 654
1454 1562
4112 1852
5262 1699
3089 928
3262 778
3598 1607
974 26
1584 54
3270 17
2688 1641
4243 1858
2428 546
4011 2083
4261 894
3235 1165
6701 1812
638 26
3027 608
6682 2121
654 17
5698 1308
5969 1708
5611 1990
5194 1321
3033 928
3590 1900
3486 1047
2752 937
3576 514
3753 1807
3276 930
3337 778
5277 1996
4056 1730
6550 2015
2111 353
1385 74
3193 937
3710 2065
3293 778
3586 1897
3242 748
2916 666
3422 1148
3512 1723
3607 1866
4272 899
2096 110
4271 86
5003 1749
3693 1312
940 6
4091 1730
886 92
2301 368
3594 1851
5253 2047
5366 697
3567 1566
5292 1086
2863 708
4905 2046
4075 1124
5186 1916
6539 1801
3393 787
4940 1997
5620 1308
2691 930
4691 1897
5227 2015
508 858
3969 1730
3990 1749
4158 658
2486 1641
2802 930
5231 1997
6537 1048
4122 1380
3189 928
3253 752
2714 610
3188 1558
3622 1618
2463 425
2560 930
4671 1582
3164 636
3314 1471
5881 899
5894 1858
3264 1489
3331 464
3336 670
3660 1739
450 36
2828 747
2403 398
2609 535
4072 1730
675 1326
2579 608
6614 239
2940 930
848 17
1034 94
2607 511
3073 401
4927 2007
5844 1346
3281 643
5466 1833
3568 1816
5168 2015
2174 427
1611 92
2844 586
2452 248
3194 930
5173 1997
5244 1321
5750 1846
2556 445
1527 101
4483 1988
4484 1988
6608 2020
644 2062
3058 1471
5913 467
4361 1707
637 2242
781 1615
2159 1345
4249 2104
5646 1846
6018 1850
2639 930
5293 1332
6563 1033
3228 816
3266 1120
6305 276
2776 1055
5830 1858
1033 29
1515 82
4724 1850
6133 1307
616 1326
747 1850
3259 1152
4456 1821
3546 1826
5780 1868
6493 199
692 1861
5839 871
3085 611
3145 643
3723 2242
3875 1047
5104 2017
1393 16
2984 368
3303 1097
5536 2250
2671 766
3506 1227
5642 1138
5883 1599
3110 1055
3163 482
3751 69
4257 1856
663 1346
6278 2214
6412 1319
6548 1801
3011 930
3245 930
4149 1842
4873 2218
4997 1833
5181 1932
5840 871
6467 1319
3650 1483
5978 899
345 1708
1506 86
3229 928
1605 1600
2719 930
2816 536
701 1826
2153 546
2781 92
3942 1801
5279 1308
534 858
1705 97
3560 2062
3941 438
5216 1086
313 57
2462 658
3571 440
6394 2221
579 1047
887 86
4242 1714
6372 1346
6574 1807
3402 2030
4367 2242
569 1553
2149 362
2911 1607
3039 747
3295 1489
385 1734
2385 445
3618 361
3876 2212
605 31
2594 316
5539 1997
6077 899
566 858
722 747
2491 1148
5406 889
6463 17
5180 2018
2983 1607
288 752
3077 1489
5334 2061
5391 2242
2133 683
3078 1483
3167 1055
1954 117
2535 636
3327 1076
3462 1241
6748 690
2630 480
3074 534
3591 443
4377 1483
1286 84
2720 1483
2792 514
3593 899
4301 1699
378 858
3097 1148
3440 1165
3553 1861
457 2103
863 928
2770 413
5004 480
2633 633
4006 438
3338 1471
6104 2062
196 5
2464 412
5845 2242
6180 590
1704 99
987 71
3006 611
3993 1334
5148 1997
5336 1850
488 858
1373 48
3951 644
4615 2062
2588 953
3371 1639
3504 515
726 16
3716 2002
12 2207
2819 928
5243 2015
160 856
709 515
2665 1055
3181 1850
6607 1801
2608 355
2794 415
523 92
2067 368
2388 666
2697 550
3612 609
4572 1699
5101 1899
1261 45
3564 1540
4540 2062
2801 890
3214 534
6661 2065
266 1637
402 2062
3057 1055
6680 179
2378 219
3246 1489
3413 1489
3423 1152
5689 89
5858 1904
2541 1483
3273 1019
3310 2084
3588 1851
3642 1807
5190 1812
5226 1846
58 441
2173 658
2342 711
2713 636
5613 1833
2116 494
369 2242
2484 413
6007 2103
3375 951
4303 1279
6613 1810
325 2062
458 515
2529 1599
4157 1558
4171 1859
5832 1838
4417 1856
5956 1741
2260 448
2936 773
3054 714
5425 2062
5594 1982
2582 590
5655 2242
2780 922
3562 1850
5213 2018
5554 1346
6213 1850
3340 1899
4820 1730
2431 787
2444 636
3144 619
2404 448
3168 1786
3496 1311
594 1346
3613 515
2264 1764
3602 1607
2790 361
5394 1850
6659 1566
312 752
542 1307
714 1756
900 1308
2042 399
2555 413
4783 1334
5348 1868
3655 1608
5649 1997
2113 367
3012 930
4118 808
5390 1458
6501 225
2640 930
3128 382
3203 1577
3321 1308
5234 1807
460 2242
3066 199
3202 514
3175 514
6008 1826
2225 355
2536 413
2803 1209
3842 1346
5073 1846
5884 1558
2227 1641
4665 2242
670 2242
702 960
2845 368
3297 1225
3352 1019
3661 2018
5899 637
6049 2212
3357 1186
4531 2212
4867 2015
296 1346
2644 249
2919 1489
1505 3
3201 441
5038 248
5519 1308
2120 197
3342 17
4211 505
2766 440
2768 709
6647 633
2360 696
4871 1984
815 103
2739 658
4372 1850
1073 9
3028 608
3277 466
5757 1899
3244 1097
3260 1807
5393 758
2815 514
1813 94
3478 1820
5724 1308
3233 1471
4510 105
5684 1308
461 515
626 2242
972 3
2192 362
3603 1346
4687 1707
5857 1518
6211 2242
397 1518
2689 1856
3958 1326
4596 899
5007 1833
2261 1644
2299 1607
2917 1055
3072 514
2505 404
3129 1308
5812 1828
966 10
2112 413
4415 1707
5145 1728
633 2062
651 2056
1434 23
2557 483
3599 413
1442 77
2377 219
5873 1326
2615 1483
3755 1326
4747 1850
6295 2158
6736 23
438 83
667 1833
977 1850
2753 1165
3746 1793
6100 1833
2356 537
3286 960
3488 1853
6549 1801
1563 160
3030 636
3141 361
3258 1163
6003 1308
252 1229
2226 445
2366 2032
3326 643
1289 72
5288 259
5766 1846
5796 1846
6663 787
3256 846
4634 2062
6500 2015
3596 1903
5949 1693
3042 994
3346 138
3363 911
5508 1326
5761 2062
5847 871
6060 2242
1215 899
4330 2214
2663 722
3610 440
4130 1842
5161 1996
5254 597
3733 122
4229 138
4302 1699
5828 1887
710 328
2239 445
3195 1152
4062 2123
5171 1047
2635 1637
2870 1483
549 1466
558 92
1206 23
1761 1802
2511 756
2966 328
3458 525
494 752
718 1852
2326 1644
3471 1346
6566 1578
6704 2020
5555 1833
824 1749
1098 54
3630 1840
5996 1552
642 1308
992 17
1798 28
2668 1865
2961 722
6101 1708
6327 2039
1355 899
6367 280
2384 448
2563 537
3205 549
3485 140
5053 1833
6124 1833
6632 1879
134 636
3518 1346
3946 1669
5896 899
2150 448
4727 2250
6403 1306
984 31
2814 514
6703 124
1046 34
3520 561
5564 1916
879 94
2514 1489
3383 1311
6634 894
4399 1833
2325 485
3324 1599
342 858
1797 86
2355 388
5232 1683
6600 1812
3541 1054
5976 1899
2590 937
3394 1244
3397 1054
3435 787
3454 1346
3611 657
4085 1124
4554 1307
5162 2030
5206 1703
5943 52
1007 22
1065 1850
3305 1148
4161 514
4996 1816
5950 1846
6562 2240
574 103
867 103
3312 778
3597 515
4694 746
5570 2096
6678 2121
854 3
928 3
4584 772
6723 1027
5001 12
5403 1494
695 41
909 34
2580 636
2746 546
3186 681
5131 1332
559 858
3261 1308
687 807
2564 577
3114 1703
3821 1307
3833 438
4293 1858
5911 1846
6179 1788
3604 2062
3964 1346
298 1342
2500 1598
2913 686
3238 996
3584 1824
6172 1833
3292 1308
3689 1596
5193 438
5848 897
6640 443
294 1466
368 2282
2638 930
3187 653
3781 86
4282 1842
4539 438
4606 1850
5299 834
467 752
745 554
1333 23
3311 1076
5556 522
2390 1055
2453 1603
3090 818
6016 1846
2196 2062
2322 561
3348 2242
3385 899
4757 1833
6002 1730
1463 40
3428 2242
4546 1833
5589 190
5736 1308
5859 1229
364 1466
2895 871
3086 653
3436 1900
3736 12
3929 2240
5332 1884
727 328
3288 1326
3449 1209
4853 922
505 667
550 1244
2442 355
2578 388
4332 1342
3116 1861
3131 1807
3211 707
3356 1506
3455 1346
6061 1850
960 1833
6431 1435
499 1598
3774 54
3975 1189
4159 1611
3479 511
5645 1828
4046 200
4074 1124
4234 1899
6224 1692
3102 2008
4925 12
5074 1833
5195 1988
5678 897
1977 101
3476 1284
4884 1991
4958 1730
5261 1603
607 835
1500 86
3898 2158
4436 2216
4624 1840
5854 2123
6455 17
6513 259
217 505
593 1308
629 3
1496 103
2195 1644
4479 1833
4759 168
6098 2165
657 1346
2577 1483
4233 2221
280 1326
2852 2062
5676 390
6518 48
3970 922
4514 1308
3666 1626
6113 1688
399 835
1087 1716
2171 362
3035 1708
4419 1675
15 234
124 545
2824 1489
2952 1598
5220 1699
6045 1833
309 1346
884 1846
4574 1803
4729 405
5815 1321
3036 953
3231 1019
3427 897
5633 1699
3640 1608
5459 1846
818 93
1004 19
2672 1483
6490 1868
3029 1607
3354 1148
5182 1932
5218 1801
5312 2212
6266 2207
6332 897
3644 515
3965 1326
4527 1850
5846 1851
6633 1566
4376 1759
4589 59
5063 2062
1548 1828
3619 12
4966 2242
5619 1346
5291 2046
6528 2020
1075 2205
1221 65
3635 480
4002 2010
4111 1124
3075 838
3962 1821
444 667
1210 899
2912 1607
6712 1801
1514 86
3579 1577
6134 1307
2323 608
528 1492
2471 930
3469 1256
3514 514
3822 1121
4334 438
4695 1833
4779 1997
5149 1850
5401 1884
5579 2030
5888 467
251 1683
286 1308
329 752
5052 1749
5228 1332
5784 1308
744 736
2341 657
2544 323
3767 1602
5090 2242
6359 232
215 1577
2540 1078
3162 355
6462 1048
358 2242
511 1466
2532 1608
4029 1012
4381 1308
6653 1566
210 858
1163 48
3704 2242
5774 922
849 1107
1401 45
3448 1471
4039 1714
5685 1833
6092 675
243 1332
405 1637
2832 207
5571 1846
2942 1833
3179 1483
3680 190
3741 2242
4008 505
3713 1671
5167 1846
617 1884
1023 1715
2865 549
3577 1608
3600 1880
4321 2276
4322 1121
4892 1833
5968 922
1612 1151
1739 40
2478 1598
3712 1332
6585 1807
324 2242
1247 45
5977 922
881 31
2255 1599
2534 362
2797 1631
2884 535
2933 361
4877 1991
5610 2240
5769 1049
6446 17
3414 1900
3654 766
4335 1351
6711 2275
713 563
3296 1599
3787 1167
5998 1380
498 2144
650 31
1523 1711
2807 357
3153 328
3298 2007
3928 507
4160 1908
5436 1899
6525 1603
856 1760
3155 1346
3325 860
3345 332
3994 1833
875 31
3653 962
4136 1893
5333 1899
5461 2168
6196 2242
2693 2132
4373 1833
6258 2266
2898 1311
5537 309
5 545
3093 842
4241 2242
4489 1850
5515 897
6094 1346
2020 683
2107 1598
2894 937
3062 1683
3161 413
3690 1850
5936 1833
1834 90
2554 1577
2686 682
2804 2119
3026 1874
3133 1332
3557 1899
4802 237
1922 292
2610 368
2850 2017
341 86
598 1326
1550 1458
3886 2077
4907 1833
5713 1846
514 1850
2741 1908
6619 1637
246 2242
3016 15
4633 1479
6681 1064
2742 614
5609 2017
6044 1326
6547 1124
6717 1307
53 616
521 1466
1852 1571
4418 1584
4784 1943
5530 1833
2918 1725
3269 2202
3450 1599
4770 2062
5810 1725
2402 514
4067 344
4682 1851
5617 2123
430 2
3307 466
5402 2202
6288 1096
950 7
3380 1901
3734 1332
4028 282
6036 588
355 1346
1979 2162
2843 441
4874 1979
845 1747
1043 1648
1274 45
2637 953
792 1833
1157 807
1536 87
2955 355
5788 138
242 858
435 1798
829 86
2595 358
3609 1761
5625 1915
6025 515
573 2023
3382 140
3495 438
3583 1899
5972 2242
6253 1703
445 2119
921 1856
1237 1514
1465 190
2938 865
3638 897
5480 1392
852 1756
2553 1578
3368 487
3498 368
5355 964
6116 1884
6648 1858
3717 1326
4295 2020
145 1492
304 834
3009 810
3197 1332
3239 1055
3370 2017
6598 877
2379 1483
6642 888
665 65
678 1346
3285 1471
3770 1714
4363 76
5711 1828
6477 225
1440 78
2074 1801
4132 1165
5880 871
410 897
732 1867
899 1828
2361 1873
2830 248
3243 692
3697 1683
6448 529
1149 89
2151 448
3698 1651
6272 700
910 1833
1998 586
2606 514
4065 99
5952 2202
6749 337
851 34
904 1326
4446 2181
6747 323
2193 448
2297 514
2357 564
2466 549
2584 1124
5760 1124
699 2062
1970 448
2827 937
3134 1346
3384 1017
3508 649
4117 1707
4121 1840
4817 1346
612 1346
850 1683
3501 1047
3719 1346
3794 1167
5729 52
6629 2020
602 1850
3820 1846
5191 1639
5604 1121
529 1683
720 1756
1026 25
2027 2015
5831 1829
3317 259
5527 1833
5648 2082
6672 1564
1117 1580
3505 1320
5670 2103
64 585
271 858
291 45
3754 1727
4751 2162
1897 87
5117 2003
170 1888
474 752
2324 534
3529 1693
4030 1124
6192 1980
6644 2266
281 1346
2068 448
2445 436
2769 589
2813 1578
3687 2026
3979 1850
5369 1166
5683 89
858 1468
1722 51
2930 2124
3183 2065
3858 16
4068 1096
4688 1833
1499 81
2791 608
2805 1833
3171 870
3441 1908
3725 1793
4656 1833
5144 1711
5301 2062
6056 878
1056 2086
1934 537
3127 1607
5443 1833
316 1308
1074 697
2424 448
2516 510
3840 1944
4135 317
6646 442
2613 2242
3647 1943
4097 1925
774 858
1296 61
2896 464
4906 2062
274 1346
877 1846
3100 367
1914 362
3111 1865
3247 1897
4308 1707
4352 1326
6533 114
1260 77
2589 1865
2982 441
4977 1730
5850 1823
837 1756
2422 608
2694 1833
2868 810
3362 1053
582 1346
1305 23
4448 1830
5811 458
323 1899
1996 355
2176 1631
5278 2045
545 216
2006 234
2657 658
3142 2079
4477 841
5531 1692
6055 2212
6569 1703
3841 2020
4312 138
6487 573
135 686
532 858
2454 306
3063 913
3140 361
3372 1332
6154 328
206 1091
3692 1244
3762 2164
5423 2112
5851 225
6638 2240
2427 1631
2829 464
4266 1730
5022 1749
5235 436
5668 64
52 2222
986 899
1356 40
2685 589
2891 1054
5163 228
5580 1086
371 86
1165 1056
1236 2062
1002 21
2591 1692
2738 355
3405 2229
3452 1851
3620 1846
3646 1683
3673 89
4651 1899
5521 1704
5688 1828
6260 1124
39 943
671 232
2939 2242
3519 1842
4052 807
4084 1124
5817 1288
6658 1299
320 1492
2721 537
3212 1578
3497 1107
3525 75
3663 1536
6150 2020
506 764
3034 951
5296 441
746 502
3124 2079
3219 1483
5742 1899
1049 528
1201 1702
4571 1699
4604 1129
4850 1256
6264 300
6486 2035
455 752
1298 1753
3190 951
3728 1715
3730 766
3916 507
4952 1884
5616 458
171 1578
339 2175
1993 1598
2882 1618
3563 1608
4435 1346
6524 1703
756 1746
868 1553
2756 1346
3463 2059
4182 514
2562 1152
3628 1822
6262 205
381 1860
2628 360
2795 485
3453 1908
5699 2062
5942 1856
2964 2268
3173 361
3222 438
3230 951
3682 1313
3795 1326
5024 2062
5581 540
5621 1168
253 1850
5058 1846
6543 113
1119 45
2302 2226
5006 922
6155 1209
6350 436
6731 655
833 103
3176 549
3220 895
3636 438
4323 873
5093 1332
6176 1485
2779 235
4843 1730
5852 2253
985 2221
2674 859
3291 549
3439 937
3457 239
2586 1054
2910 681
3995 1346
5827 176
226 2118
711 86
2921 1028
4108 2242
4150 626
4824 2062
5380 2160
5908 2247
6341 223
6670 1915
261 752
2581 1908
2658 441
4162 1867
4697 1566
4872 1970
5192 1311
6151 1171
6308 248
11 179
1126 1721
2899 1703
4340 897
5725 2242
682 1326
1873 1853
2862 1558
3793 12
5020 1833
5770 1833
6252 675
4058 438
6411 2035
426 2242
3236 464
4289 1427
6649 846
6727 690
2772 654
3126 585
5230 2030
5636 83
5872 1851
6282 284
6435 1810
5785 922
407 1494
577 89
708 1715
1353 84
1375 1437
1596 26
2406 2242
3265 1599
4590 1725
4865 2215
5233 1656
1469 1042
4196 389
2075 498
2443 1558
2634 1675
4680 1833
4693 2165
6019 1308
6374 437
4939 156
71 1578
389 857
3978 1342
510 858
652 2062
953 1850
1997 380
2920 2119
3652 1189
4151 2081
5753 138
6577 199
6741 2130
2259 483
2612 1637
3061 1091
3318 1846
4558 1308
5183 2127
6721 1299
3087 468
4320 416
4513 165
4699 938
5015 1707
5091 1313
5175 1728
1823 1598
2117 1833
3972 1258
4092 1846
5681 89
6243 640
6369 323
6627 1776
2364 2274
3361 996
5675 412
6082 2242
689 1326
1090 45
2488 953
3160 608
3484 539
3839 2021
4042 2056
4661 89
5957 259
6576 2181
6689 256
97 945
807 942
3267 1899
5719 2191
5920 1858
6536 1715
1147 43
1793 362
1915 380
2172 334
4216 513
4338 2181
4601 554
5557 2073
5661 89
6227 2062
609 2152
1125 1850
2282 2079
3192 1805
4193 1483
6415 1428
6418 1602
1436 1864
1626 3
2314 1646
2494 322
2957 233
6601 1007
6685 468
4883 2215
5925 897
934 1614
1362 1868
1520 959
2283 1641
3099 537
5941 616
6073 2242
6713 1064
318 1757
1282 1283
1300 190
3038 1671
3098 1152
3585 1462
4022 1707
5046 1850
5714 1828
6193 1788
6616 2103
216 1073
961 1789
2145 1542
3263 887
3649 1884
6289 1053
4045 302
4364 897
4653 1346
5507 462
2298 361
6285 2242
1308 1685
2376 1598
3287 1659
4089 2077
5255 1833
6357 2082
561 1601
997 504
2864 691
4319 2185
4570 1997
5438 922
63 653
218 1141
1894 2062
2309 1229
3178 937
4016 1307
4120 99
5608 2017
5862 1881
5875 1918
661 2062
1253 922
1517 2102
4861 2128
5644 3
5989 2092
6499 1715
19 1281
227 1821
614 2242
673 1994
2097 1949
2352 1901
5871 897
6692 2162
6726 1041
2329 1308
2796 483
3226 467
4165 945
5136 719
6152 1807
6551 1715
836 45
4212 1124
4227 1648
4878 1850
6157 1094
6652 399
800 165
1651 80
2157 1275
2822 953
3403 1017
6240 2242
462 1577
658 1096
2767 608
3377 976
4123 302
6095 2229
6471 573
1354 89
2383 362
2989 1326
1652 93
2866 1504
3010 930
4263 164
4465 1833
4519 2000
5298 1008
5300 60
5408 179
564 1703
2846 539
2883 440
3051 608
4586 899
5635 1850
3040 464
6700 130
27 253
1349 67
2258 334
4290 1648
76 230
3031 1853
3156 1744
3547 1846
5196 225
5893 465
6510 1618
6636 1851
518 1492
3320 1313
3494 1807
4563 1846
5176 2023
5522 1884
5677 1062
6729 484
2337 1994
5791 1846
570 1596
621 2062
2300 636
2683 681
3206 1308
3225 1858
3351 914
4316 757
6167 897
6315 855
1287 903
2308 1873
3780 1994
4368 1415
4930 1850
5349 2242
5740 1346
1079 86
2680 898
5002 2282
5954 1445
6514 1727
99 1607
3681 2212
4273 1842
6234 1751
3641 96
4311 451
596 1601
700 2242
1427 747
2636 810
5077 2242
5187 230
5367 2242
334 94
1030 27
1526 84
1568 89
3614 1846
5174 1728
5718 2250
5793 1699
2750 1471
3014 1326
5297 903
5437 1833
751 70
3686 2077
6617 1583
276 899
503 1900
796 1744
1389 64
2935 398
4450 2062
4603 2151
4971 1846
6219 1346
6440 436
2316 1307
3388 1732
3424 1908
4657 1833
5833 1711
6330 1996
6345 553
706 623
1277 84
1319 1670
1988 1541
2724 1833
3711 1756
5588 1899
1208 1761
1262 1833
1893 368
2758 343
2777 1601
3180 1047
3341 124
5929 2023
6014 1833
6542 225
583 1437
2110 362
2351 1507
2722 26
3530 1659
4048 2059
4614 2242
31 515
81 834
775 1096
2502 2079
3025 585
3400 1132
5023 1308
6248 2242
1484 1474
1706 1017
3409 1120
3656 808
4782 206
5198 1850
5294 176
5870 1229
87 1888
1006 708
1314 763
1950 380
2175 690
2515 958
4156 515
6740 658
604 1833
1423 1308
1920 997
3545 1077
4470 1230
4890 631
567 1833
1451 39
2524 358
2718 1601
5971 2242
6259 2262
283 1850
907 89
4526 900
5203 2035
6275 151
174 896
1145 1412
1176 86
3445 253
3500 116
3532 91
4647 252
6671 1901
1148 2062
3381 1561
3429 1868
5290 1332
6238 1671
475 1789
2922 1692
4707 60
2088 635
3076 1308
3726 2020
4015 1326
72 897
373 1519
395 89
805 2062
1094 1335
2854 2025
3254 974
3365 914
3575 1592
4869 2215
5102 529
6083 1918
6090 75
6743 1166
2692 2274
4795 2062
6622 1830
68 486
235 1821
779 76
2483 608
4449 1308
5612 2123
5938 2242
6665 2123
213 430
2244 1833
3184 2172
3374 89
4329 1730
5265 1615
5741 1346
5967 763
6148 1346
6444 190
1161 900
3860 2212
4043 1207
5640 17
1130 1308
1191 86
1546 922
2482 360
3992 1091
244 1833
1048 10
1203 1283
1337 1850
6724 2194
418 722
571 700
5779 507
6097 1006
6287 1884
1415 45
3358 1342
3460 1850
5607 2083
6475 207
537 1492
1486 2044
2706 2124
2740 536
4187 1730
4288 101
5083 2023
5629 1811
6286 12
260 1858
2888 39
3008 821
3539 51
3678 897
4299 1858
6492 5
86 2079
205 1197
660 1308
1406 12
1433 184
1574 666
2611 616
3059 937
3103 2056
3278 2221
4081 1346
4728 2194
4953 2011
5701 1757
691 1850
861 2242
2662 667
2687 640
3724 1692
6071 2242
6329 12
2265 2155
3096 1081
3675 1089
4490 1822
4573 1833
6579 1776
40 1663
799 2040
2052 101
2880 2118
3130 810
3148 1708
3766 2242
3967 1346
5014 1846
894 1850
2465 243
5210 1288
6582 506
211 858
585 45
1281 2062
2537 1644
2712 362
2818 489
3272 999
5160 1990
5197 1475
5887 2011
6047 2242
6361 124
401 882
2684 686
3283 1708
3335 1326
3953 1346
5905 1877
5948 2023
102 1871
2771 1574
4499 1346
5356 1993
6365 2282
50 1566
3333 1242
3940 1715
4093 2265
185 1166
1891 374
2480 870
2806 45
2932 2118
5816 2255
6732 2097
5025 1163
5315 233
5878 918
6654 1900
400 89
6225 1692
6265 325
2859 2118
4993 1884
5377 1532
6485 151
1807 2124
2900 86
3670 1708
5493 1879
5914 1856
6029 2062
6456 1776
803 1865
892 1833
1054 554
2981 2079
3912 1716
4217 610
4471 1789
4652 2043
5289 2255
5885 1053
6328 165
839 903
1751 213
5353 1056
5809 1692
6255 584
6274 2148
1455 1669
2419 686
6586 1826
264 1833
1521 835
3313 1588
4206 2221
4500 2043
6220 1751
310 2086
1670 2075
3146 951
3910 945
4715 2062
6334 1518
6554 1877
938 1578
1338 2242
1825 1558
1935 1571
4447 515
5460 1346
6706 2192
834 94
1424 177
2382 681
2774 1714
3166 1308
4003 2062
5259 1738
5469 747
5524 521
197 1336
543 287
782 591
3465 723
5669 64
5935 897
5983 1693
29 486
344 1008
1044 504
3329 1061
3624 1346
4221 510
5179 2051
338 1899
393 1798
1810 380
3662 1846
3935 225
5113 1846
798 2228
2690 1725
2765 1558
3174 1578
3399 1037
4023 1833
4152 2162
4555 1833
4819 1733
5863 383
297 1346
490 649
990 219
1682 899
2343 89
2614 1725
3707 897
4047 148
4088 1714
4731 1789
5468 1904
5595 874
5775 65
6206 467
6546 28
780 2224
1256 922
2307 722
4283 1494
4876 1991
2152 515
2449 2062
2711 608
3695 1693
3739 1047
4348 86
6033 1899
6413 165
6422 1996
3289 1326
3651 1846
3732 1802
4140 480
5501 1571
454 858
2874 422
3207 1096
5159 270
5435 1789
5492 2178
5662 1308
6276 1028
6351 569
6651 1888
6667 1909
6735 245
270 2202
361 23
3344 887
465 692
526 1868
838 1808
1933 362
2717 1326
82 1316
1055 2206
1417 949
1992 264
2667 873
3396 740
3976 1346
4292 554
6457 23
262 1833
939 2021
1323 1308
3981 194
4174 191
5690 897
847 34
1086 41
1345 1096
1757 69
2278 1483
2861 361
3147 1708
4793 702
4972 1445
6714 2246
1853 1530
2294 1461
2420 1483
5959 699
6604 1786
1404 1114
1625 1096
1758 66
3053 589
3515 380
66 1342
1060 2213
2963 783
4989 1017
5602 89
5915 2132
6664 2176
519 1500
548 858
760 1326
812 2038
1051 142
1144 960
1529 666
4012 1833
5476 2061
6149 2109
470 31
1324 1536
2468 1644
5808 225
6069 2241
6182 1365
831 250
3626 2062
4131 1842
4 2174
65 1846
3240 205
4569 43
6171 724
643 1346
679 1708
901 1821
1151 763
1858 2248
2256 1881
3282 951
3538 1803
4444 1055
5057 2242
241 2117
3411 970
4712 236
4829 545
4863 1990
5039 2062
5917 640
817 117
1018 24
2080 1167
2183 1939
2817 1872
3154 466
3209 1078
3401 1163
3556 2062
3735 1828
4600 1692
5578 1850
5618 1846
5653 1692
178 882
2451 1803
3122 1506
3191 842
3398 914
4351 1321
4530 2082
5814 1854
5902 1692
6123 248
2664 974
6594 152
380 1257
3550 1693
4134 1707
5824 237
370 1692
1428 973
1594 834
1650 14
2969 190
4870 2135
5219 2089
372 858
464 180
552 1321
1491 1335
2296 374
3404 1732
3477 1096
5650 555
6199 2120
820 1407
828 194
1829 380
2001 206
2069 1876
232 2118
303 858
305 151
2232 874
2429 741
3023 2222
4605 628
4928 335
6323 504
2313 1947
2407 1065
4505 1342
5229 1739
6236 2061
806 971
3215 816
4014 2282
4109 2261
4646 59
4698 1599
5997 1840
384 2063
1132 2134
1251 943
2415 358
3081 1594
5295 2148
5350 897
588 1556
754 26
1691 1994
2253 219
2408 2207
3433 1797
3481 961
3493 1306
5596 1683
6032 1884
2169 213
2238 1608
2812 920
2943 2242
3044 459
4244 1179
4685 207
5142 2005
6580 1091
6624 1813
2743 1106
5441 1666
6331 1305
1229 124
3322 887
3633 1761
8 1477
289 922
1824 1507
2315 1675
2512 1355
3574 2123
3930 1047
3937 1833
273 1899
293 2103
1139 808
3121 1995
3334 89
3438 1162
4437 1841
4780 237
5961 1648
6416 573
6538 1859
279 2117
969 2062
1503 1472
1788 2172
3328 1708
4852 2015
5801 1657
212 1637
267 899
388 1342
716 1308
945 1620
2992 1470
3491 1561
5603 897
873 114
895 31
3079 1842
3470 1271
3472 253
6284 194
6584 59
347 1302
1113 1884
1397 885
2749 885
3592 1299
3977 874
5783 217
1444 86
2653 1598
3685 1096
4115 2242
4296 1981
4778 1666
6012 1846
2441 1558
3101 522
4828 2282
5695 897
680 1846
1509 1896
2094 156
2977 1893
3199 1851
3369 1244
4537 1756
5765 1828
307 80
1099 1714
2923 1850
3426 1736
5103 458
5955 1229
6687 2269
182 1197
551 1321
555 1747
870 23
1271 1899
1848 1598
5591 87
5988 1539
6434 2021
75 508
1666 1691
2592 2242
2842 440
4181 1540
5147 1823
6263 310
6294 247
6299 1
6382 1629
2303 947
2851 1937
3050 2118
3432 2229
3768 994
5477 1833
448 69
631 807
954 45
3843 2062
3922 897
4678 1455
5643 1536
5921 778
6269 1764
639 1010
1357 97
2510 974
2987 887
3569 1850
3631 913
3738 2017
3973 86
4228 105
4318 1849
4585 922
4915 1708
5317 1850
6483 287
6557 1047
6641 1238
908 35
1063 1576
299 623
363 863
374 922
688 2062
2800 2242
3319 86
3558 1899
3665 1693
3874 181
1489 2282
2527 2177
3391 1149
3616 1901
3763 1833
3786 16
5560 1943
6233 1091
6318 918
3461 1556
5420 1572
6230 1269
865 1918
1422 720
1531 922
1819 1994
1966 1880
3548 1188
3669 110
4024 439
4786 218
6738 2202
113 1678
433 19
2710 360
3555 1828
4767 1649
5205 1047
6597 2158
1200 807
2709 681
2860 2118
3323 1416
3353 1132
3386 1810
3419 1097
4040 200
4255 554
1528 87
2198 253
2405 897
3198 2103
6290 1726
6498 637
6746 1766
54 653
1153 2077
1880 79
5837 2212
6561 305
1892 448
3169 1242
4388 1611
4670 930
5672 1714
390 76
753 3
859 159
885 2106
2137 2213
3696 134
3803 1692
6606 2229
6623 253
6660 1897
2425 1530
2744 661
4105 438
4309 2077
5318 887
6237 2061
80 1558
920 2123
1448 1710
2799 1637
2931 368
5076 1476
5715 897
5912 1846
6035 1618
6281 1107
6709 322
2461 361
2542 1064
2757 343
6074 1047
6379 2261
6668 1238
6708 990
1040 1833
2021 489
2533 2079
4116 1828
5202 191
6207 858
6521 1776
423 97
2517 1152
2925 1952
3694 2212
4758 1069
1258 1458
1680 2116
3052 355
4891 1899
356 1445
1093 1868
4222 1538
5241 2061
152 350
157 1025
223 1277
249 897
250 766
1016 467
1708 90
2737 361
4350 1846
4895 1846
6405 1787
6734 489
51 360
2346 1717
3060 690
3094 1686
3119 1898
3899 86
392 2061
557 1638
4164 2061
4722 1346
4862 2130
6191 2281
6694 344
106 858
696 62
872 1326
2053 2212
2450 2138
3897 922
4175 1600
4882 248
5569 1899
6718 1899
697 94
1872 685
2289 2280
2723 1096
3968 2061
4073 701
4094 275
4755 1374
59 230
125 2065
681 1828
2168 1704
3150 1686
3367 1515
3474 33
5398 318
5922 750
6730 1752
119 353
404 1096
409 695
589 1899
1827 362
2459 1558
4205 832
4297 190
6346 101
6384 1108
257 59
659 834
1733 898
2191 2118
3621 1856
4256 1821
4812 91
6320 284
600 1840
728 103
1172 1224
1368 2265
2039 510
4532 110
4864 1977
327 2254
791 521
1457 1846
6204 2210
737 1693
976 1210
2066 374
2572 213
2576 658
3092 1601
3315 958
4965 1837
5238 1821
5439 2212
5804 54
6034 529
2089 368
2211 1722
4564 1756
4774 1224
5478 673
6354 2254
6449 1049
6522 2025
114 1611
599 1833
971 747
1029 1837
2095 551
4300 1510
5705 2065
6296 2030
6340 2261
38 2118
84 471
1644 89
2490 1994
4294 1179
5937 1856
22 876
668 59
3389 1833
3950 1120
4100 2101
4333 1124
4582 1828
6024 513
6402 1776
6595 873
1003 1801
1551 1800
3005 2079
3834 897
5357 1714
6223 1109
6488 1896
111 219
352 2228
1432 1458
2775 1162
2811 2124
4904 2039
5565 1846
74 858
572 700
1216 1692
3091 974
6458 1412
1398 96
2543 2187
3221 323
3410 2269
4981 1693
5352 1056
5987 1148
6254 1077
203 1900
207 124
1560 492
2627 1558
3294 887
4583 2043
228 1821
349 1839
674 1846
995 18
1194 1868
1477 190
1745 2068
3415 1034
3637 1913
3715 2221
5843 1692
6725 471
1058 357
1502 1747
1967 346
6575 205
1175 922
1800 2266
2616 23
2937 814
3223 1669
4341 2081
5516 2126
6147 1846
3442 1666
4317 1899
4899 1850
5981 190
6051 1682
6267 1628
994 698
2331 1910
3241 76
5068 2139
5409 2185
6631 953
79 219
1814 55
2603 898
3957 765
6438 1868
481 1859
743 1846
4866 1980
5446 1003
5924 1833
6716 2278
306 1148
1466 1308
2218 1579
3088 416
3218 1489
4059 2192
4611 1716
5860 253
1 814
647 158
721 1096
1764 1895
3339 1106
3416 1828
3420 697
3885 2214
3944 2229
6270 1764
169 253
335 857
2215 2075
2826 1207
3237 416
4787 1190
1778 253
2798 1693
3658 1304
5184 1326
5528 591
122 1012
5013 630
5637 2062
6398 521
6447 2030
219 55
336 897
2051 33
3196 466
3587 1462
6202 1465
717 1850
2625 1197
2747 774
3729 1716
3747 60
4036 1366
4854 2062
5462 1582
5730 1899
6218 1884
133 1592
139 1297
489 2158
1899 1939
2062 264
3257 697
3523 2051
4575 1899
4790 208
866 1833
2951 1598
3004 1599
3125 441
3421 1163
4103 1346
6494 1776
37 2118
3170 1899
3917 1832
4104 2280
5879 897
6693 2162
67 1578
485 304
1376 1679
1921 253
2389 1644
4126 1124
5734 2242
5931 2066
6006 897
6571 1771
2 1354
195 623
1445 40
1741 210
2460 1558
3378 1132
4061 1542
5055 1569
6526 1679
315 1918
375 857
752 2165
1412 75
4331 2195
6520 436
6603 759
175 1899
333 67
2072 143
4741 1144
6515 1010
248 465
513 1456
1991 1572
2839 1893
2941 1985
4641 1458
5237 874
6122 191
6478 1671
3185 2259
4245 2043
6291 509
784 628
2518 885
3632 1065
3775 1828
5105 1821
6096 1692
1498 1747
1513 1817
5799 324
6662 242
128 2118
162 471
166 1025
200 1197
517 897
584 701
1197 1833
1747 1585
2105 264
2467 1828
3589 1838
5494 2214
6733 179
778 2040
1091 1089
1678 1222
2078 1945
3200 920
4562 1803
4623 99
5422 311
5590 2162
495 1996
1865 1586
2328 1326
2967 537
3468 466
4313 1601
5826 1846
5856 2080
6194 1602
194 81
258 1918
302 150
1225 1643
1501 2186
2312 330
5392 180
6710 322
2656 1578
2885 615
3691 1837
3701 1030
5044 2036
5647 1679
5946 1858
763 1460
1779 2020
1815 2120
2263 1714
2878 2116
4622 12
3982 1899
4880 1556
6268 1601
105 1225
130 2240
1077 545
1134 84
3080 1319
4371 2206
4848 905
5509 1725
6226 199
136 609
236 1713
2228 1851
2440 894
2499 1598
4607 1536
5126 1224
5400 1346
6540 573
229 707
1677 200
1770 2169
2123 84
2788 1558
4552 89
6376 22
326 1559
1041 124
1754 858
1987 2248
2266 1569
3251 1365
6362 1332
1418 30
2134 299
2783 1436
3067 436
3139 2118
4679 1781
5533 2249
5798 2158
6052 2068
406 1346
2030 1801
2040 462
2979 2000
4262 1450
6744 1433
456 947
3745 2030
4235 1538
34 1240
463 94
591 124
1137 1458
1184 1283
1863 200
2087 681
3920 2038
4416 1536
4926 1899
5797 925
2727 344
5787 1067
6022 1749
6251 1332
6391 179
6602 618
473 2080
540 2
1166 1893
2038 1483
2604 1558
5399 1346
55 1297
112 2081
1301 855
1769 1797
3043 436
3274 697
3482 1892
5945 485
6042 1319
6407 1346
354 858
793 124
1382 1534
1664 747
2978 1506
3625 2242
3702 84
3907 1569
5172 1638
5694 74
740 506
933 2247
1703 1899
1949 334
2871 1807
4538 465
6187 1527
44 353
154 1303
208 900
1131 19
1785 235
1964 1916
3985 1379
4055 1346
4114 69
5704 767
5985 1851
89 1288
739 2282
3138 870
3473 1866
3823 1716
4225 1600
5445 1904
3284 2066
4038 1707
4360 2242
5786 1725
141 219
434 900
905 35
931 210
1112 1372
1885 2068
2205 681
2574 2124
2778 2128
2907 333
3456 1819
4846 2128
5660 248
937 515
1855 814
2881 1566
3304 697
4902 895
5919 2265
6426 1064
6599 1108
6707 750
2421 514
3105 1538
443 1335
597 2242
703 808
738 466
1907 1522
3041 2191
5622 1569
5671 1725
6427 256
224 1507
535 1980
801 1542
1052 2096
1443 79
1645 2205
3255 1354
6091 39
6466 809
6618 2174
321 84
3534 2087
4209 1600
527 1846
1096 1346
2054 593
2190 462
2704 213
3756 1846
3954 2242
3971 664
1414 1451
1750 1594
2348 306
3015 89
5376 2226
5627 2242
6504 1089
186 968
556 756
1441 1702
1507 1639
2715 753
3364 844
4860 268
5768 1943
446 2103
759 94
1187 743
1464 1718
2669 1994
3412 1149
6464 179
2503 708
2567 1137
3573 1846
5781 1624
6343 1109
6620 197
101 350
109 374
269 1688
539 2184
1767 1797
2618 269
4801 1736
4995 1336
5447 1833
5970 707
6360 232
6523 1031
6683 1909
295 1229
794 976
1140 225
1348 1308
1363 1714
2601 1594
3275 1117
167 1412
1573 1673
1721 1803
1994 2268
4445 1152
4542 1994
5487 663
5722 2117
5744 1629
6273 2138
35 1483
967 1893
1064 88
2015 1571
2968 1044
3542 2075
4208 1179
4760 206
5072 778
6317 1436
471 2062
1581 1543
2340 1558
3677 458
4686 1346
4723 2043
5177 2036
5561 2015
6410 1850
41 1815
377 699
742 39
925 1255
1361 551
1898 922
2573 213
3668 1626
4125 1624
4310 1870
6174 2248
140 1371
190 2013
2029 228
3022 213
4859 2187
6570 159
137 1610
161 2127
632 2242
4968 1821
5388 1230
6605 701
6666 1319
254 1626
1278 1899
2417 1789
3120 1995
3554 1850
3945 2154
6302 197
90 1608
2929 898
4226 756
4336 576
13 1316
544 1992
672 1828
790 1708
802 260
822 180
1518 101
1566 210
2276 1995
2495 57
5964 1346
6009 2155
1372 12
2367 1543
3537 1709
4565 1675
5795 1899
6221 260
168 1900
712 2119
1267 2062
2700 1965
3706 1326
5541 765
5986 1713
6066 1217
6322 1566
6355 1332
6424 185
622 1757
1204 1994
1629 285
2184 582
2559 740
2708 2118
4080 1899
5529 1175
5535 1828
6239 1465
2167 922
2241 1746
2682 440
2787 1538
3376 1601
4745 302
6428 256
48 1995
337 1346
1155 1846
2565 847
3645 2265
4270 67
6532 1052
560 6
2013 213
2426 1725
3000 1893
3909 2062
4026 1803
6591 989
447 367
1403 1986
1525 2214
1955 15
1981 2154
1330 1500
1437 1789
2055 1638
3923 1024
5723 1445
5790 1899
6231 1305
1114 1498
1613 2229
2962 648
5029 1693
5716 2154
421 328
1460 58
4195 2242
5378 1511
5405 2062
6200 1406
646 2061
1326 2043
2037 1507
2479 2079
2858 213
5092 1288
6190 256
138 2242
957 1595
1283 2242
1760 276
2099 874
2144 227
2725 41
3001 213
3859 2216
4219 352
4818 1514
4849 1043
209 922
874 1708
1164 1346
2009 318
4083 1179
4176 695
5762 1918
6158 2033
6503 583
21 95
580 2283
764 1739
1453 937
4232 2119
4914 1851
5496 1209
6472 573
1110 2061
1553 256
1737 1598
1748 1845
2339 920
2552 1483
2735 2079
4714 2217
5481 2154
769 651
1341 2282
2237 1570
2530 1483
3037 2066
4124 457
4398 1893
5926 1346
6728 690
328 695
357 1994
1284 2024
1621 2217
6555 1739
1066 190
3684 1833
5563 1503
6130 1423
6420 2039
6445 256
6720 2246
275 1096
453 1789
1640 631
2550 2124
3151 1451
3459 897
4355 308
4896 2054
6250 1802
6298 1650
6389 2248
129 1407
590 1601
912 1660
1100 1000
1472 164
1476 1890
2380 1269
2831 1884
2993 2081
4708 1064
4794 194
5084 1812
6593 1096
6691 2162
926 2123
1789 898
1790 898
2049 48
2754 970
4254 43
4732 1346
4875 1985
5658 28
94 2013
483 2140
736 2063
1707 1901
1773 1599
1906 1521
2262 949
3104 1893
4153 1624
4602 90
6103 2250
123 1733
143 2121
181 471
1346 1332
2060 1180
4345 2229
6342 214
69 771
440 857
2076 1653
4198 795
5855 906
6375 7
6491 751
46 440
835 31
941 2228
1078 86
1639 2111
2545 1999
4752 903
6507 629
563 1846
882 2210
2164 2263
2501 1608
2988 418
4452 548
6643 105
546 260
649 2062
1321 1647
1557 916
3071 1558
3172 2000
4107 1346
5743 1756
5930 1954
6519 1638
6705 2192
998 168
1657 992
2114 323
2392 1027
3136 2270
4197 2229
6414 478
7 1757
382 1752
2132 681
2347 2099
4766 319
5735 2103
5754 2193
142 346
1544 2091
1822 1572
2035 740
2136 1512
3921 1326
4163 874
4744 1942
6465 1757
6552 958
2513 648
3581 2242
4617 108
625 766
786 208
1342 1143
1538 2030
2736 2079
2847 830
2980 1483
3446 452
4935 510
929 1595
1774 219
1808 368
3544 89
5960 2207
6111 112
60 1619
2470 998
4544 906
5389 1828
5813 901
5963 897
538 1496
1116 631
1667 207
2733 301
5310 1346
5351 220
5758 1027
6081 1986
272 1800
362 1756
788 1096
2716 897
2953 918
5834 1851
6742 1846
2281 1608
2489 72
3113 2194
3406 1601
4224 1179
6324 2019
1245 1536
1587 819
1736 898
3804 1846
4632 1899
4643 1344
62 1291
512 1455
1115 89
1273 2203
2958 566
3894 1399
6058 1158
6339 418
6527 1726
6529 522
6625 1428
469 1856
2350 1222
2879 898
3443 1601
3913 86
4405 254
5667 941
6745 2203
1575 1954
4137 701
4506 1846
5999 1053
6353 2104
6 524
148 2079
282 1868
317 1273
5703 42
6657 2271
17 2247
586 897
1663 1222
2279 1269
4200 1648
6119 2203
201 389
383 1892
683 2056
750 2203
876 86
1005 20
1181 1308
1421 1521
2077 253
2189 82
3417 1346
5011 1317
5836 2063
6454 89
164 95
2290 1347
3359 2249
3595 871
4663 1288
5411 1559
5479 2079
5982 1076
6307 1457
73 1532
1717 1880
4095 989
239 1666
414 1854
1089 1771
1662 2105
3963 897
4550 1733
4982 230
1679 1572
1700 691
5953 1693
6244 584
492 551
636 2061
1053 120
1141 1725
2354 935
2605 360
3301 1911
5217 600
5782 573
1019 1307
2751 1601
3543 1850
5652 2145
6397 1908
6432 65
331 1821
387 1346
1152 1601
2254 1880
2950 1594
5264 1653
5316 1271
6093 897
1105 1298
1358 922
1554 1117
1636 227
1806 1815
2306 1273
3664 1851
3999 1723
4007 1319
4664 2282
5209 2036
5325 1308
5626 33
5745 1346
6313 746
6436 1328
773 59
1461 40
1809 362
1845 1572
2036 1599
2216 1939
3490 1119
3991 663
4337 1899
5767 1927
5909 487
6545 51
6695 334
896 117
919 1265
2129 264
3002 335
3580 1725
3983 1833
6553 2178
365 1774
386 897
906 251
2017 2222
2432 485
2448 1873
5112 964
1335 1692
3083 1558
6378 86
198 1877
813 254
1156 1468
2079 1074
3049 2118
4339 665
5000 897
5138 120
5819 1406
619 990
1162 1342
1223 2144
1374 958
4142 2162
4194 1299
4889 1821
5140 1815
5548 1535
5584 270
6280 287
6437 349
25 1483
484 2068
2014 462
2135 95
4851 2239
1475 943
2128 1332
2974 1010
3177 1601
3533 1833
3748 2145
5252 1828
6439 1047
6630 1888
821 565
1928 798
2236 730
4066 1179
42 1297
1017 1521
1646 848
1900 1952
2401 1483
2954 368
3159 1566
4954 1326
5794 1067
6621 2249
127 355
408 1764
958 1375
1653 1939
2509 754
2734 1566
3024 1558
4733 1664
4955 1573
6115 930
6470 1423
932 2103
1365 68
3430 1096
3492 943
4764 141
5354 970
5916 360
24 1618
4667 1671
285 1918
618 77
1068 38
1259 2242
5934 1846
6089 125
628 2202
935 1935
2305 140
150 1067
353 857
1101 69
1352 1445
1675 252
4057 1556
4346 2175
4943 297
5236 857
5440 1892
5861 466
6450 1686
330 1346
814 1016
1369 812
2666 1601
3467 2202
6612 76
1416 2261
1435 1684
1470 832
2181 177
2399 2124
6048 1016
624 1682
982 2095
1207 35
1232 41
1787 1798
1956 2164
2031 2020
3106 1566
4858 1868
5659 4
5751 2033
6669 1047
108 471
656 832
2200 566
3157 2034
5143 114
6674 1332
3 1345
959 925
1129 77
1328 141
1859 1458
2398 311
2436 358
6099 14
6325 460
6596 1921
146 1608
1714 1572
1868 213
2353 2121
2492 1233
3112 1063
5874 77
5939 1342
238 1558
795 45
797 55
951 8
1220 2242
2056 1068
2131 360
2418 264
2423 482
2820 1470
3919 2086
4049 1308
4090 97
4645 1846
4763 1189
5597 2077
10 1412
707 2029
1492 1014
2147 2222
2270 1789
2336 2053
3559 240
3722 1617
4110 700
5674 481
6516 2042
6609 467
26 864
33 876
104 1197
1057 951
1439 2282
1746 2068
3316 940
4362 1833
4535 1185
4620 1863
5614 2176
1669 1489
2188 573
2280 1483
3299 1596
3392 844
4188 1600
6165 231
6245 1649
6347 1833
416 1335
3888 1588
4885 1241
2032 1952
2651 358
2901 1725
5364 1477
221 1856
1332 10
2121 86
3659 482
4777 997
5276 1342
6057 1897
151 900
1069 874
3123 2118
4133 37
5245 191
5806 897
30 521
278 1858
1050 205
1630 2224
4609 282
5246 741
5415 1049
6072 2281
6183 2052
1729 200
4099 1454
4761 1190
5526 742
6195 1031
165 229
247 1608
436 1618
1142 210
1449 19
1715 1222
1759 1678
1866 264
2108 898
2146 311
2414 358
2487 1897
2629 361
2856 1973
3395 703
4082 2282
4942 320
5489 1389
172 1281
1242 2062
1400 1308
1676 252
4476 1244
2391 2259
2397 2246
2784 754
4478 511
4525 1808
6673 1213
180 1297
322 2282
507 2103
610 60
749 1684
1299 283
2660 2129
2892 1714
6628 701
6698 200
1035 140
1037 484
1938 2154
2044 1272
3248 466
3466 1300
3688 1188
5497 2067
5630 1110
6484 1787
6675 2019
100 1858
340 1692
1122 2266
2587 1355
5907 1346
6215 1669
1394 858
3249 1917
3566 918
3936 86
5517 485
6366 1210
1312 908
3019 460
3109 992
3308 167
4662 1209
103 1611
118 347
396 1460
578 505
1459 1215
2904 2005
4021 874
4186 1828
6404 2081
723 186
2252 264
2477 1994
2549 318
2947 1579
4591 1725
5153 2253
5820 900
77 2079
431 2
1024 1558
1711 729
1887 1845
2084 235
3069 2120
3740 133
70 1869
132 1269
230 1897
2409 1999
5342 1347
177 1673
449 1856
2368 1939
2387 768
2945 1963
4455 3
5433 2126
6162 1975
115 1618
705 1803
1839 2055
1995 681
2143 141
2677 1969
2759 1949
2928 1575
4009 76
5097 957
5518 40
193 1166
214 480
1396 1437
1508 530
1805 82
3629 897
3648 1653
4616 1313
2481 2079
4788 208
5308 80
6181 1833
14 673
581 1828
826 187
1045 216
2240 660
2681 1598
4411 320
5309 1404
5430 208
350 467
1021 1701
1076 2217
1413 1460
1512 2205
2435 2070
2748 593
916 470
2274 1893
2652 264
3475 1835
5404 937
126 1371
1025 1063
1734 898
2224 2268
3149 1078
173 1870
379 142
725 94
783 1643
949 82
1252 2140
3727 1920
4696 1554
5031 626
5664 248
530 80
1327 1365
1908 898
2277 368
2334 1890
3683 1283
3792 1679
4408 2007
5115 603
5628 2037
120 903
1654 1605
2523 1973
3003 1558
5199 983
6565 2026
61 1269
4736 838
5329 1981
5483 1559
6075 1903
860 84
1367 1076
4485 848
4734 2178
5434 1890
5682 1850
686 1856
936 1198
952 2118
993 1160
1062 1346
1699 213
1709 1503
1867 201
2287 2239
2810 2116
3234 1686
5944 1031
6316 187
96 608
179 836
192 1837
480 1789
1569 359
1627 1429
1697 1572
2506 1914
2705 1598
4370 1204
5800 1423
6311 258
6511 440
78 95
524 1188
547 1846
1257 259
1990 2174
2320 272
4268 2253
4595 1884
5185 430
6037 1924
6185 1846
6228 218
6400 2013
45 1197
47 1483
1483 1904
1642 1649
1971 1911
2585 1514
3290 1750
4215 580
4488 2282
5018 1188
5307 487
1106 2196
1534 1346
2041 353
2825 1601
5540 1002
231 1262
314 953
996 1435
1182 698
1185 1621
2949 1893
3536 540
4005 584
4673 40
5311 2061
268 43
823 1682
981 1812
2061 975
2893 1686
3714 343
4141 1070
5975 1803
57 1848
441 1649
991 1998
1159 260
1818 2071
2867 1308
3048 953
3699 553
6481 114
466 1230
491 1308
603 1864
757 2112
1011 1649
1279 630
4019 874
4987 2027
5666 2229
5928 2056
6319 2030
6505 1012
23 1281
93 1569
188 1876
1081 1821
1146 330
1821 1222
2050 2026
2434 1693
5966 1854
6277 114
6578 1452
311 1851
1067 1884
1833 1557
1878 1394
2498 1856
3489 1535
4400 1850
4823 268
18 1876
1799 1068
2271 2263
2698 877
153 1618
662 2056
2973 1961
4992 1534
5467 1566
6303 253
83 486
2575 2001
2990 252
3279 1835
4901 2002
5470 1326
5673 2069
6581 2256
16 1297
3135 2266
6105 947
2493 1392
3667 1308
49 1269
731 108
1072 2039
1285 2010
3082 1594
3737 47
4258 1600
5444 1202
6132 1772
6380 1243
6421 1821
420 857
482 103
1084 607
1199 2277
2311 1722
2381 1269
2472 1956
4025 157
4386 1245
4650 1884
5347 540
6696 1053
1318 901
1840 2237
2004 1008
2140 1974
2948 1579
4988 1273
5577 69
5763 1899
1168 1422
2789 2079
3302 2061
5335 19
5381 1850
6186 837
6364 53
6370 2211
6637 242
533 1814
1399 1692
1924 318
2538 1514
4503 1008
587 12
653 83
719 1615
1135 1009
2642 706
6429 451
419 1744
575 2115
765 1892
1462 165
1648 1269
3873 1823
1304 812
4453 37
4567 286
5918 1780
6368 230
6461 152
3676 1804
4172 1888
4765 253
6512 900
1211 734
1643 922
1983 318
6688 1109
1467 23
2321 374
3934 2209
277 1470
412 729
1000 464
1311 1648
1753 213
2646 316
4648 1535
5374 1346
6588 1676
95 588
1479 1869
3095 1104
4559 1725
4799 1006
4929 1995
4994 1336
5341 2124
5549 1999
6739 834
319 2096
715 2123
956 1391
1632 268
5586 2031
6356 418
6388 963
176 2217
771 77
948 329
1012 1000
1239 38
1532 1283
1579 940
1816 265
2142 2158
4429 274
5361 1337
56 1371
199 480
222 1670
290 94
1593 91
1946 1222
4071 740
5211 421
5505 274
862 305
1755 2266
2221 120
2359 668
2889 1514
2971 1964
2997 1907
3924 936
6650 1039
504 1446
942 1876
965 335
2764 2181
4401 2181
4628 1923
4654 96
6686 2269
964 100
2170 898
4495 2144
6348 1879
6423 1328
1097 165
2275 1893
3418 1112
3752 145
4917 1050
5242 2198
5484 1968
468 1527
648 274
1620 1797
2965 1104
4387 1899
394 1702
2178 1289
2268 1939
2836 358
5606 1666
6336 101
225 1269
233 1556
762 1652
913 1096
943 361
1978 215
2073 94
4359 1346
4528 1077
1150 1993
2100 2027
4279 210
5035 987
6020 1870
437 1204
1910 213
3901 1613
3911 12
5095 322
6040 529
6279 1028
735 628
1186 2146
1431 1808
1786 1222
2602 2121
3947 836
4287 1294
4511 1569
4625 1850
6573 217
265 1847
3531 599
3819 72
4204 1693
4642 2102
5752 208
6352 971
1014 335
1228 812
5638 1888
5903 2081
149 1197
1411 2038
1533 2242
1844 1815
2375 1036
3721 1025
4516 1818
5773 81
417 1346
1671 1994
3332 849
3535 1896
5980 2158
6306 1703
204 1824
666 1335
923 2185
2908 1566
4054 40
4210 972
4378 253
5375 1994
6203 19
6242 225
962 1666
1391 149
1490 1868
2808 1974
4189 540
4969 1822
6013 2157
6697 583
91 1269
615 1780
1143 71
1494 225
1522 1346
1985 422
2645 550
2786 1898
3068 1594
5562 875
1042 1622
1730 1170
2284 668
4742 1935
6293 944
1408 1732
1828 365
1916 515
2999 2279
6028 1918
6297 307
6568 179
428 1648
1294 1873
1539 2242
2528 2116
2785 729
4223 1538
4304 1564
5532 1850
43 1371
415 2062
606 2062
1731 1222
3020 1978
3047 301
1776 2067
2102 1120
4837 1766
5133 322
5337 1531
5575 767
5587 161
1331 1648
1549 1981
3549 2282
6690 604
983 550
1235 1133
1835 1786
1925 2248
2773 694
3657 1816
2551 1598
2673 748
3070 2118
3232 2066
3986 1490
1036 273
1080 141
1183 729
2877 1579
4344 2186
5510 2035
5910 83
2386 813
2835 1006
4597 1464
4629 757
5897 1574
3672 584
1989 2267
4461 1952
6441 694
1595 1012
2597 1136
3956 1710
4385 350
4389 1850
4776 302
6217 564
487 1803
758 2
1870 1295
1942 2247
2103 2059
4941 320
2127 1987
4974 2274
5156 957
5534 1369
5733 1693
6679 121
601 1755
1179 117
3824 231
4173 1560
6214 640
1001 1907
2106 1594
2439 729
3744 1
4031 1721
4496 242
6208 107
946 1499
1738 1581
3896 705
4768 1069
5256 144
5994 1662
6469 1739
1340 2018
4280 2174
5089 1533
5247 856
5631 1342
6189 1305
6430 2200
704 859
789 1693
1180 766
2086 898
2650 811
3084 2222
3570 1576
3800 2158
4508 53
5464 854
5900 1682
6392 1480
2823 725
4018 1529
4894 244
6321 253
6395 1445
32 709
1474 2038
1661 2105
1765 2263
1881 1009
2525 2279
2619 2070
4839 2186
2222 1649
2914 1902
4719 1131
4809 17
5559 1382
611 260
2126 1985
2909 870
2944 1935
4013 2016
5712 521
348 670
1941 1391
5503 1790
5895 1498
478 1781
1656 286
3853 1271
3889 2048
927 2237
1020 984
1638 1572
3055 1615
5212 2144
398 661
1310 207
1882 229
1903 1575
5021 1500
1735 898
1968 937
2458 1384
3517 1723
5049 902
6534 529
6564 640
6702 770
3216 1451
4277 55
4494 1900
4937 316
452 2158
2201 1
2413 1256
2872 439
3425 248
3777 1539
5079 874
5585 1109
5717 1904
6626 1779
1851 345
3966 1764
6068 2255
1589 268
1616 1579
1635 501
4328 1245
878 1130
2233 342
6088 2158
6502 118
240 2258
733 10
1482 2227
2124 1973
2620 422
4285 1950
5421 1039
5450 763
6468 1405
562 1682
871 179
2873 247
3528 25
5373 1899
5600 274
6129 40
500 1274
520 53
1302 876
1749 1572
1904 714
2726 1335
2976 706
4391 1406
4428 1690
4847 268
5886 146
844 1098
963 1950
1108 1260
1493 1597
2158 133
2217 677
2374 1840
3115 1762
4414 1346
4520 89
911 86
1975 59
2840 1598
3107 2121
4199 344
4502 1885
4785 1945
6169 702
1965 1586
2622 2279
5778 1569
6212 351
6314 1706
0 1673
1160 2181
1419 2266
1600 238
1902 729
2269 1669
2598 1606
3182 68
5047 1821
6489 1066
6676 105
163 814
869 1482
1272 1644
1276 1926
2655 870
2678 2248
5707 2024
1028 283
2531 341
3021 1575
3904 870
4533 1569
4545 3
4568 1878
6102 2203
472 6
1010 2280
1071 1769
3938 942
4101 1154
4409 1258
4522 1846
4523 2117
5656 45
1136 364
1317 1391
2457 2077
5141 1944
5314 1709
5543 287
5665 1725
6261 1996
6496 1167
234 782
684 1808
1488 1314
1772 264
2058 2066
2109 1269
2996 461
4278 267
4557 1858
4769 1868
4967 242
6474 967
220 465
2130 462
4324 878
5263 681
2447 887
2539 1833
3360 2283
4512 2058
4830 274
5200 2273
5568 2248
1801 729
1986 1994
4423 1997
5135 2030
92 1197
1698 1598
1768 715
1952 1465
2761 1579
3511 2280
3627 1461
4720 759
4970 1730
5009 1998
5048 1969
5069 1810
5706 1182
6408 1857
827 85
3939 1503
4762 2253
5502 2051
5552 1930
1082 906
1123 2062
2207 1607
2654 2000
4459 1800
5424 1539
5992 1666
1388 958
1447 885
5111 1534
1170 1009
2345 210
3779 1485
3852 1319
5328 1576
6043 458
6433 343
1378 623
1923 1907
2853 1662
2972 1125
4581 1837
4754 40
5482 2014
5906 1781
6246 1765
88 2227
6406 2104
641 299
768 371
1727 2248
1911 898
1948 1371
2231 224
2970 38
5045 1709
6530 114
1190 1878
2085 2169
2519 2248
2547 393
2855 1973
3509 1535
3867 153
4454 1006
2082 120
4813 2047
6163 1609
6292 1721
6383 1335
819 1559
1047 664
1583 1764
1598 1336
2005 1757
2837 358
3137 264
3387 1849
3996 1998
4713 943
5274 253
6722 1643
1683 637
1791 2222
1932 374
3782 274
4497 1114
5842 1097
6173 877
6611 251
2763 1893
3790 358
4962 981
5463 1665
1781 2215
1960 268
1969 345
2016 1506
3499 436
4534 268
4669 2270
5071 251
6046 1818
6473 1704
131 1316
724 524
1213 99
1937 602
5078 868
5269 1227
5273 25
6229 1713
6656 2162
351 1392
576 79
1244 1088
1291 97
1511 1531
1591 318
4743 228
4887 1913
5726 1229
6085 2126
6337 1937
245 1604
522 21
761 2229
1263 2077
1564 759
1674 258
2267 1939
4551 2282
4945 237
5379 1854
5551 234
5708 1520
332 1369
1716 264
2641 1999
4524 1288
5082 1863
6719 1373
432 213
1420 1673
2083 1572
2101 1934
4462 1300
6396 1872
256 1619
623 1695
677 99
2400 1538
3158 823
5696 1543
693 859
1009 1069
1015 1810
1120 2201
1425 440
3437 1827
5898 1288
5940 2119
6610 1135
772 48
1842 1180
2166 1458
4964 343
184 1225
664 1756
748 1530
1214 1792
2333 1501
237 454
479 2198
1158 1804
2569 268
4238 2002
4397 1733
5371 1892
5841 120
1280 1899
3765 1729
766 180
1913 374
2148 345
2416 1622
4504 325
4518 1535
5239 2234
6127 1582
6153 1753
6363 520
1095 1665
4191 1899
4594 2205
5098 1605
5125 1556
1306 1892
1864 82
3527 1655
4636 248
5166 1994
6106 668
2250 258
3513 1336
4356 1529
4976 1301
5321 2175
493 1114
4612 1569
4746 1069
5128 2198
5624 508
1127 1581
1633 2279
1854 1771
2994 1027
3959 1487
6038 1640
825 1316
1905 1469
2185 1873
2251 227
4218 483
4627 2026
6283 2116
698 1941
5546 1739
6417 43
28 1269
4020 1713
5056 1813
5114 1088
259 2227
553 1576
1133 197
1519 1442
1796 1781
2649 1973
4690 2270
5010 2164
5500 1936
6078 1917
6326 1650
515 1575
2521 265
4077 1240
4911 301
4948 1116
4978 2195
6125 1096
367 1345
1939 268
2057 730
2571 2218
4342 229
4349 943
5737 1605
6160 1975
6300 1014
6390 286
2295 2118
2623 1895
4986 1494
6000 2217
6166 1771
496 740
541 2062
1032 2005
1059 1185
1607 1833
1838 2055
1890 1881
2063 334
2393 1527
3814 1397
4822 265
5313 604
9 623
425 995
2310 1497
3524 1298
5270 1098
6084 1973
1637 227
1856 2070
2199 1220
2760 836
4442 2153
5065 1317
116 1304
4146 584
5067 1601
5087 991
5721 392
6017 1495
497 2123
2022 2277
4639 1713
6333 258
6699 2274
568 1552
1487 265
1725 2245
2065 374
2679 358
2890 593
3812 2196
4804 1994
6054 1346
6310 2147
144 1820
857 1053
915 1461
1695 1797
2202 1579
2319 2281
2833 265
3017 1027
3997 290
4214 154
5027 1288
6053 149
107 1316
1085 2205
1559 1012
2293 2247
4918 717
853 437
4541 142
4677 1458
4705 308
5599 989
4753 342
6645 1517
5474 1529
6409 247
376 1626
1617 1244
2273 2166
5358 936
5792 2019
5838 225
6107 1402
1481 1288
1850 374
2876 1063
1320 136
3483 2270
4903 2125
5127 1799
346 1822
1171 2205
2007 265
2834 1136
4079 254
6131 1229
6556 1120
1688 2210
5124 1889
5932 1221
6495 167
676 2205
755 1350
1940 210
4666 177
898 1274
1597 1470
1615 268
1961 2248
2624 61
4170 1154
5359 1826
3526 1208
1254 1808
4618 36
5100 2198
155 1277
1782 1417
2213 1907
2703 358
4916 2188
5305 154
308 2217
1209 1702
2011 1792
4366 485
4717 1601
1692 729
1694 1797
2223 1718
2332 1878
1231 2201
3903 189
4167 956
5150 940
5372 947
6086 2126
6371 92
1303 177
2090 282
3908 389
5108 2055
359 688
2626 1558
5951 83
1347 1754
1570 214
1673 1063
1780 1939
6118 2203
2363 1332
4838 905
6558 1114
1344 1228
4610 1047
4655 1340
4912 885
4933 1783
292 2217
843 1987
1359 31
3431 87
5154 320
5687 1679
785 925
1452 1689
2699 1964
5889 1436
6059 1177
1013 2030
1524 900
1931 2222
2209 1983
4517 43
4580 832
5158 92
6168 995
608 1478
1689 268
2165 1384
4248 1064
4789 2034
6027 834
1604 1575
4631 1884
6344 207
6677 221
1980 623
2599 358
3516 1614
4637 1439
5397 2112
5598 1247
4143 170
301 1409
1861 2264
3759 1947
3835 124
4658 1275
4803 1933
5343 1844
6197 32
486 941
2456 274
4739 2211
6684 2231
5542 1319
1562 2044
3813 208
6065 95
6460 1090
391 77
1658 729
1752 326
2474 1456
4991 2230
5691 1664
830 2234
2028 1659
5592 2198
5697 2033
422 78
1784 1982
4425 1104
5096 897
2730 422
4166 1159
159 671
477 1679
1268 328
3013 297
6161 1973
459 45
1226 150
1555 1358
4676 1376
5465 2078
889 1098
4192 1445
4791 1246
767 102
1681 932
1944 358
4443 2177
1817 1644
2330 2120
5324 1259
645 2115
1329 1437
2045 1250
5221 1975
6373 850
1846 1893
2018 1608
2219 729
2437 1810
4855 1359
5933 1516
6235 519
366 1782
1154 1601
5094 981
5475 265
620 724
3855 2063
5344 1040
5702 1747
6062 1855
110 1291
427 1527
630 204
4037 1643
4098 1710
5080 190
5086 1911
6241 1941
6301 1587
777 1021
1909 264
2732 2279
3674 901
4106 2030
4702 945
4800 897
4956 1752
1766 1180
2395 247
4113 2221
4536 2282
5777 2155
6271 624
1471 1368
1614 1763
4689 2145
4807 1999
613 789
1316 1771
2230 2080
888 2055
1545 1718
1558 2171
1713 992
1889 1571
5326 1493
2430 740
2568 392
2707 1566
4380 304
5284 18
5386 1682
5410 1203
1092 78
2208 1006
4740 1313
5109 287
5601 1030
36 617
902 1671
1963 1385
4827 1005
5979 1817
1102 1245
1912 345
3521 676
4900 696
6004 2119
6067 1987
6425 39
968 1570
1762 707
2841 2118
3948 31
4069 268
5026 1516
5066 373
516 1521
914 1154
1883 236
2596 392
2782 19
2998 1385
3789 2078
5060 1826
5303 902
6508 133
4420 1626
4480 2017
4711 1920
4931 1050
5488 1709
6114 392
6175 1833
442 274
501 2139
1217 2218
1603 14
2125 243
2186 1575
2214 1996
3848 1699
4548 1294
694 1128
1590 358
2012 975
2327 694
4836 905
5566 143
5582 1406
20 1269
635 1326
924 2116
1974 992
2731 358
685 1858
2234 2070
4325 1995
5129 1527
554 1778
1672 2247
2064 1598
2285 2126
3671 1645
3827 2126
4920 788
6112 1329
424 1468
2365 1069
3866 100
4394 1690
4738 1310
5178 2126
5567 1809
85 367
2104 284
3952 1821
1843 2169
4773 1294
6198 591
1196 1520
2160 267
4434 1899
5041 601
5764 253
6567 2026
804 1709
1178 1273
1192 1798
2344 913
4138 454
4577 2058
6451 1148
4421 1911
4451 1391
5251 2124
5490 2008
880 887
1888 1845
1926 1180
1953 1945
2857 371
3373 1862
5327 912
565 1864
1238 1799
1628 918
2617 1028
4703 1850
5514 947
5802 1071
6041 435
6349 766
202 1048
1619 1180
1917 1910
3902 2056
4468 947
5110 2018
1360 1352
1696 1522
1869 898
2139 988
3883 1106
4269 1679
1862 1579
4621 1594
5130 1012
5368 2235
2473 2157
3679 1630
4598 165
5225 1605
6304 1975
6509 1480
1728 698
4841 1928
6023 215
6615 340
1690 274
1712 432
2024 1569
4944 867
2648 1953
5454 976
509 1376
2362 593
2675 265
3749 584
4946 869
5306 371
6135 500
975 1556
2906 358
3925 236
4674 1754
5807 464
1886 1541
2119 7
2335 265
1826 374
2180 1633
2476 1387
4291 2138
4834 1367
5188 1710
5360 1564
1606 344
3882 1771
4070 1707
4810 1937
770 325
1351 1723
2370 1969
2497 1994
2647 265
2849 2225
4924 1557
1812 369
4498 1693
6209 982
809 1424
2220 2281
2838 258
3447 58
4327 1389
4463 67
2194 1710
4660 392
4771 274
4913 40
846 1020
6590 1516
841 73
1039 1308
4201 1799
4949 892
6589 1169
1384 83
4932 1232
2903 1052
4775 311
4816 247
5525 293
5576 2190
6164 2014
1227 244
1972 254
5363 1891
5639 2277
1744 2218
2926 1384
3905 1310
4475 1666
6146 859
6358 488
6479 1753
1973 1204
2043 195
2755 19
4547 1102
4831 246
5923 1722
1571 1160
2475 2008
5947 187
5965 2229
6205 1296
343 78
999 294
1222 96
1718 1595
2728 358
4433 1821
4868 1564
5146 2048
5993 1649
1107 1234
2317 1606
5432 200
6184 159
729 2130
1732 1222
2081 120
4845 268
5050 430
6401 568
1241 215
2177 2209
3522 2067
4692 2212
5414 584
6136 182
6419 19
4681 1721
4835 926
4961 1259
6335 2080
183 896
1364 1428
1468 1193
1659 123
1804 2030
2600 1991
3065 179
4543 1709
1841 2198
2091 1275
2291 265
3884 247
5456 1261
6393 970
451 760
1177 2027
1381 1870
3743 2035
4064 981
5339 1179
5387 1922
531 86
1121 761
1504 1935
2583 72
4549 274
5157 2000
5574 247
1315 1721
1884 1579
5512 571
1083 812
1480 76
3565 905
3731 942
3846 1605
5407 1682
5901 1755
6506 1823
1128 2201
3540 906
3893 1605
4185 1288
1871 1310
3932 2274
4553 1624
1565 1942
2210 65
2676 1959
5304 313
6544 1617
98 377
189 1269
1336 1575
1601 5
2369 202
158 2053
1269 1203
3849 342
4183 210
4236 2123
5240 698
5485 321
655 1574
5868 2193
284 1745
3046 258
4515 554
1647 2134
2203 1384
3955 1084
4556 1521
4704 829
5285 111
1138 1796
4842 408
4960 274
5122 100
5453 1605
1578 268
3798 1933
6381 12
502 1019
1857 274
3799 1605
3988 272
6030 1088
6156 1755
1118 1539
1896 1295
2019 920
5139 878
5958 741
6635 95
2729 1974
4486 920
4730 1575
4798 1417
6572 1391
840 1833
1473 2258
3844 1555
4220 2181
5383 1003
117 1621
3808 221
4379 1524
6442 177
741 1280
3268 1124
4000 83
5165 350
5345 1647
5417 2086
6531 1691
930 1350
1879 1089
2946 1963
3552 987
1930 898
5818 246
627 1814
2000 1247
2206 1098
4184 1268
4561 1288
4980 2154
5134 1535
5927 1854
4383 1255
5384 503
5573 344
1202 1683
1649 2157
4718 509
5728 1800
413 1782
5869 882
6497 1368
1929 1649
3879 36
3933 1349
4001 2217
5511 835
1516 434
1602 1953
1803 1755
3224 1858
5693 274
2163 896
2548 2265
2915 2198
5152 1242
439 6
787 1714
1792 681
2048 1339
2433 1435
4087 1084
5107 2179
5189 2187
5257 141
5755 875
6249 1225
6517 2020
6541 1896
4481 557
4613 1928
4950 1564
5287 1673
5803 598
1802 120
3769 6
5449 2216
6385 579
1556 2167
4129 1765
4805 38
5419 1117
1623 374
5727 1998
1430 1887
1943 1180
2034 1575
2522 267
3788 1128
4017 651
4384 353
4879 971
5012 1936
1624 1662
3807 230
4826 2160
300 2068
4305 1588
5395 1778
5538 581
6109 129
6453 1632
156 480
1668 1668
1895 1563
3987 1595
4857 372
5059 1003
147 1281
1103 2213
1547 1110
4246 1369
4393 1233
730 661
883 1204
4392 2050
5005 348
5864 1845
255 1762
1756 1078
2643 1148
2991 2238
5224 508
1426 2010
4432 1998
2809 422
3863 1822
5789 1615
1383 1
1820 992
2593 1547
4004 2234
4357 901
4893 1665
5070 2273
5442 1857
808 1567
855 815
1582 1873
3444 1424
5258 1640
6232 77
6312 210
1794 1291
2566 805
3502 1335
3837 1637
4644 942
2162 435
2212 1600
3750 2018
4833 268
5121 1004
4033 1536
734 598
978 1417
1849 2000
4404 1684
4710 1456
4792 2088
5867 253
5974 1800
1407 521
4375 19
4796 1397
2338 1778
4406 1252
5282 1353
5700 1345
1031 2253
2762 2243
4358 1334
5036 906
5455 2003
6559 2217
121 488
1588 2000
2122 2175
5030 44
287 1425
776 1643
4672 2048
4772 1982
4808 2147
3861 206
5034 1644
5877 1771
1195 2002
1371 1677
3117 2270
4431 267
4464 725
2526 2279
4396 981
4781 2069
5499 1435
5876 1495
5973 1995
1875 2016
4701 1574
5331 2137
5504 169
1771 1845
3300 265
4096 2268
4284 987
5271 160
2155 1699
2496 358
4422 908
903 466
1847 2106
4326 272
4959 2088
5268 1690
5572 180
4881 98
1724 1964
2235 214
3806 1730
4815 2153
5275 360
5281 1723
5759 1459
2033 1575
4078 303
5120 897
5223 251
5679 1816
1309 1771
3931 1148
5457 220
6639 1709
2204 1180
2702 1384
4168 1878
4230 1387
4492 1654
2245 1917
3805 1241
3943 1666
4493 1893
1167 1543
5088 1534
5746 1648
2905 1622
3718 865
5458 1824
1567 1849
5513 274
1660 1190
1959 238
2410 1952
2570 2246
3850 2002
4260 14
4593 11
5064 264
5821 2193
922 578
2292 679
2975 1384
3623 1883
6222 270
980 519
1325 2007
2138 1930
2371 318
3165 1755
592 1937
4566 1735
5605 1666
842 1660
6121 294
6443 1668
893 2117
1292 2245
1622 1968
2621 1973
4041 1907
4178 1850
4213 1461
5119 243
6087 701
6386 2272
944 1973
1379 2058
2098 1963
3880 754
3926 1666
4086 1837
6452 1390
3847 25
4250 1605
4275 1982
5990 1113
1458 1301
2161 1015
2288 1126
4274 2091
4440 805
5302 2077
5991 1516
191 1668
1775 1994
3064 1757
3204 406
3831 20
4472 759
187 1585
1552 344
4390 1223
5962 1413
6120 294
1387 1960
5338 1465
979 1875
1446 907
1702 1304
2995 1638
3871 1605
5866 1604
3802 1476
4709 1899
6216 1456
5222 1937
5892 1037
6177 2157
360 1304
1038 1028
4441 183
2875 679
4035 2282
4430 220
4749 175
5593 717
6159 874
1250 68
1918 1604
5286 722
918 1594
4076 274
1410 753
1586 1818
1962 815
4888 1454
5865 1204
6001 2270
476 432
1641 1465
1726 1884
2438 1952
3349 1350
4240 947
429 1031
4908 2149
6459 304
1901 2127
1951 482
2695 1973
3250 1755
5099 1137
5266 1350
6145 2190
1957 114
3838 971
4979 750
6010 1851
3810 788
4897 2230
5550 1067
6142 1066
3801 1376
4403 806
5418 1075
6050 1682
2248 12
4756 2069
4909 1916
4247 1350
1188 1651
1370 1794
4521 1564
4579 18
4973 1564
4413 814
4560 1328
5051 584
5396 584
6583 1645
1836 1961
2247 1154
3887 392
4675 65
6476 1439
1249 2025
3760 1907
6110 235
1701 137
2008 1873
3634 1223
4438 2234
5037 342
5429 1111
1275 1915
5042 1569
5732 1928
6170 254
917 2162
1402 2134
3895 2068
3984 694
5692 171
6387 2175
947 1546
5319 1546
6108 1160
5132 2273
2182 1946
3830 1239
5553 305
1655 1384
6011 1899
3857 1722
5032 1925
2249 2272
3210 1809
4060 1220
4102 117
4998 40
1456 833
5471 1478
816 1643
1919 1190
3927 402
4984 2126
5686 50
6005 95
3872 392
5340 100
6482 1201
1088 568
4474 119
5382 2265
5720 1487
6188 2117
4921 1538
4990 167
1763 1025
1860 1895
1874 1252
4252 1922
4354 957
4797 254
989 1304
3791 946
6064 95
6126 816
1264 729
2349 2031
2455 744
5043 201
5853 267
525 1377
1193 2249
2047 1164
4424 1562
4706 1201
6031 2155
864 1645
1061 2072
1438 1221
1537 2229
3772 2027
4467 229
6026 1336
6070 2048
1169 189
1543 1804
2002 1123
2010 2248
4148 1588
4169 1970
5330 2276
5709 329
6063 2000
1288 1445
1947 1586
2520 744
3761 1495
4509 1915
5155 321
5776 1151
6338 440
2246 931
4588 896
5426 1318
5545 1433
1380 2157
4886 788
5323 1823
3869 1113
5634 556
5756 1404
5085 98
4127 1391
4910 2213
5267 1078
1837 251
4190 1469
640 1539
1577 214
4139 2145
4154 1497
4410 2108
5040 698
6021 927
2701 358
3510 123
4034 2085
4814 246
5116 246
5164 35
5201 1999
2272 2056
3451 1914
2286 936
4737 2116
5248 1239
5544 146
3700 234
4253 897
5738 2019
1631 1025
2318 679
4369 1221
4721 205
4983 1867
1124 1886
1205 2207
4053 18
1684 1842
1795 2157
2924 1107
6178 2012
3708 1067
5062 1947
5558 246
6256 1827
1219 61
2141 1974
3703 1757
5654 1539
1293 1919
1693 203
4936 1388
6377 1726
1405 258
2046 1822
4466 2177
5623 2126
6079 2006
4638 1304
5805 2193
1634 804
2179 1500
4922 1160
5506 210
5663 2155
1542 2108
3771 832
3918 900
6141 2217
5448 785
4231 18
4832 238
3118 2002
4063 1493
4608 2002
5322 859
1248 1326
1599 2070
4587 1052
4640 1907
1723 186
4938 1037
832 1310
897 2163
1958 267
4155 702
5280 2120
5428 805
890 1751
3989 472
4487 56
4750 1043
5651 461
1295 1682
2023 265
3811 1090
6128 1682
1984 265
2229 1097
3868 205
5249 1564
4507 1780
5825 1780
2507 2004
3877 2131
1027 253
5019 1709
1685 745
4748 913
1104 1111
1576 236
4975 906
1530 992
2412 247
6076 251
1927 714
2156 952
5362 551
2243 1414
3980 26
5283 1148
5747 1920
2187 836
1070 2026
3796 274
5346 2216
1540 2112
4735 70
5416 1698
5710 1365
1580 1872
2373 1031
3826 313
3881 2226
3892 350
4147 158
4177 892
2394 1969
811 78
955 771
1224 1724
5904 1435
1783 975
4203 902
669 1624
4963 2085
5615 1263
1618 1180
4659 1669
4032 1249
6257 778
3764 1955
5017 1447
5452 1810
1429 195
1743 1965
2985 1135
4239 1564
4315 165
4469 902
4806 73
1720 1050
3709 2258
1111 1481
1495 541
2059 235
5431 2017
6117 460
1174 807
3045 1989
5412 2155
5583 2025
4439 1339
2071 1876
4684 2118
5523 123
1390 87
6655 925
1876 1839
6560 1130
2411 1961
4298 2243
5365 75
810 2215
1189 156
5272 2247
5520 2016
1109 1110
2927 2200
4482 736
5061 1556
3974 1687
1945 1542
3891 1982
5033 1810
4010 93
1198 571
1608 1964
3773 358
4382 2001
5995 538
3018 1958
3742 1095
4402 1644
3783 332
4395 1146
6309 2031
2372 2070
2396 2242
5008 2175
5250 906
1710 2153
4050 1724
3878 221
634 1706
1742 2274
1777 95
4180 11
4985 251
2546 1973
3818 358
5472 247
6210 840
4374 2100
5320 869
5547 460
5739 1159
1173 806
1218 1137
3828 2226
4259 875
4027 2034
1982 1975
4473 1920
4999 2264
4265 760
4460 541
2118 1014
4592 1794
1877 898
2115 1382
4457 2257
5081 541
1999 1309
6399 1649
4286 876
1936 1804
6715 22
4951 201
4343 208
5822 1074
3829 243
4619 2012
3851 1010
4934 143
1233 78
1290 1604
5137 1309
3757 1588
5473 136
4251 221
5486 2126
5771 1837
6080 1419
3758 847
6137 1955
3784 1697
3915 227
4407 421
4630 2193
5028 1485
5491 2207
6535 217
1541 261
1243 1693
1976 1074
3825 967
4725 981
2197 915
4051 2231
3914 1706
5657 215
1592 698
5835 2218
6140 1203
4412 1485
4856 2126
3960 2070
3797 1154
4957 1286
6138 182
3906 805
5075 1595
5054 1290
6039 2085
3862 729
5680 1319
1307 584
3776 1171
970 1116
4307 148
1610 1067
891 1281
1339 1510
1831 975
4840 1144
3949 1878
4276 2038
5016 1044
1665 2000
5370 1281
4576 2006
4919 2093
4264 2000
3865 2118
4427 1564
1350 1204
2897 670
3785 1339
4144 729
4726 1837
6139 2238
1392 962
1409 1778
4237 1588
4491 2000
4044 584
1609 344
5413 1309
4501 1500
5427 1478
4202 1576
4649 1753
1485 1919
2092 1137
5731 1160
4128 1999
5385 1353
3815 169
3836 1588
5984 900
4825 745
4314 1013
1830 1427
1478 100
6201 1341
1240 106
4683 298
3817 759
4529 679
6144 1684
4716 1084
5106 2275
4923 1349
4145 234
3856 1158
5498 1613
4179 1365
4821 238
5151 1510
4626 1951
4599 293
3854 1160
3864 705
2003 1605
4347 1303
4578 1848
5772 520
3900 725
3816 1644
3870 1616
4947 2157
5749 1592
4811 697
1811 353
3890 2146
5748 1148
1719 885
3961 1228
2070 1794
2025 1649
4668 1796
6143 2067
3809 1999
4353 935
4458 1350
3832 2145
536 1575
4306 293
5123 2127
4635 83
5890 803
5891 957
1497 24
3778 2213
2154 1239
4365 2016
4119 274
5451 1950
6015 1417
3845 1464
4700 1592
