img04c1.jpg img06c1.jpg
4273 6146
5180 10995
6199 10911
3543 5809
4697 10804
3981 585
5099 5949
4735 10326
6256 10898
5051 7755
4067 5591
5861 5591
6033 10307
3206 5714
4049 387
1591 378
5304 9265
3254 5749
3950 5998
5797 10723
428 468
6016 5809
3168 5749
3282 5636
4257 6141
6254 9127
4061 7736
418 10970
4190 6141
4971 10970
5179 10677
5168 284
495 387
5170 7736
5542 10970
5686 11048
171 224
5404 10723
430 10937
323 3907
5923 10307
3879 288
4093 6113
4135 10995
5482 284
5265 610
6217 554
4963 10723
3310 5750
4414 380
5252 843
3933 288
4227 7757
5226 6139
274 1002
6081 8619
5305 284
5215 379
5310 6121
4751 5841
5089 5759
4192 11021
5064 11049
4042 5992
5635 960
379 10735
4241 6122
4815 4016
5894 10307
4320 11029
487 10848
5750 3907
434 480
4779 6994
4893 7260
5043 284
164 224
4136 6142
5551 481
381 329
5146 255
5468 1002
5519 10876
580 7755
397 450
530 10681
105 224
4992 10804
6239 529
190 5998
4744 7638
5228 11021
5987 10307
5327 10681
6025 5809
4358 6159
3538 7735
5781 10022
103 217
5090 255
461 507
6077 11035
4312 10995
5207 562
5261 255
5311 6146
5050 7777
368 960
5190 10723
4906 7187
5195 6139
4696 7271
5149 5998
6145 10690
6153 10937
4356 554
4733 7290
299 10735
468 3982
5575 284
6209 5998
3878 5591
5129 5998
342 336
1674 653
3128 2201
5610 11035
4191 8792
6000 8552
2486 11021
405 10970
3857 7379
3556 7735
5419 10970
3810 559
4892 5591
5989 10307
6113 11003
5656 284
5681 10817
4976 11035
3258 5714
5395 610
6132 9127
61 8
382 10979
4065 503
3907 5992
2766 622
5253 6139
161 209
4916 7290
5588 10633
500 5538
5243 8690
5999 10307
375 430
4131 529
4767 6753
194 288
5284 8794
273 551
353 7757
3554 5714
2604 618
5282 11022
3260 5714
4859 10326
1598 408
5913 10514
2396 6184
2829 379
4997 531
222 562
3514 5714
373 10735
5126 11042
5302 616
251 554
358 7755
2324 622
493 378
48 6
2323 622
5439 284
6218 10673
3673 10377
5068 613
5420 10979
4598 10325
5027 7757
5279 504
6060 11035
1301 5722
2824 5311
3788 8619
315 10677
3341 5750
2728 5207
3789 5841
5376 7735
6185 559
246 378
775 10723
3709 288
3586 10338
568 10710
4170 8792
6242 10512
243 6007
4240 10898
5316 10937
5780 10022
5381 5571
193 529
2711 5188
3259 7736
387 6463
6227 10673
424 5992
2178 622
2863 618
3555 5714
3578 7735
4172 7778
3563 5827
489 559
503 866
1190 1954
563 9243
1676 10936
3256 5679
4670 7439
6059 10811
211 5591
517 559
582 336
5716 3907
4766 468
5704 11048
86 212
5505 10650
6128 529
556 960
740 10723
3428 5749
502 2089
3958 10490
5546 10690
2168 5274
5892 450
2331 622
3308 5749
3339 5749
4255 11016
5063 5759
6219 11016
5246 11021
3304 5749
6236 256
131 213
516 554
2497 613
5920 10690
3496 5850
310 551
331 859
760 1002
2470 6124
4078 811
4092 554
4794 6994
5067 7777
5478 10710
5868 10480
210 372
4674 8619
5992 3923
4796 5992
570 864
651 10723
3306 7736
2653 622
761 623
4050 605
2384 622
6257 504
5048 11022
6208 378
218 308
1131 1420
3209 5750
5561 11003
472 511
5133 10586
5077 7778
422 469
506 387
3399 5714
4781 8865
4829 230
6050 512
212 288
3557 7735
4152 10051
4293 8690
4745 6875
5115 10891
2612 7779
5323 11022
4717 5998
5108 559
5178 7637
5884 10366
1747 559
5766 5914
201 266
234 316
573 6122
3401 5749
4385 6124
5156 440
285 5942
314 5621
4026 554
5874 1911
539 583
4153 6183
5208 864
2491 618
4324 2201
5088 1482
5242 6122
2554 618
2852 5465
5267 8794
20 9
4780 479
733 7535
3223 3624
3690 5791
5502 10876
6248 256
494 451
3561 5799
361 289
2784 6971
5931 10936
483 512
762 618
4494 10354
241 529
1191 4169
3640 5478
3825 7323
5634 9937
5666 10808
2833 618
572 609
3396 5546
4710 10811
5802 5591
5893 8595
197 554
2259 403
3678 7094
1625 5852
2287 7757
4116 7735
6026 8575
6021 504
479 11043
3312 5271
4175 7112
4715 10341
4986 8551
5675 368
6088 504
704 5785
856 2068
4695 10352
2662 5235
3088 2201
4384 11022
5740 1002
2316 6184
4274 6220
5069 8874
5560 284
5851 554
732 10736
5805 7290
6220 4169
3196 5546
4272 2201
4335 2201
3103 5505
3370 5546
3394 5546
6073 10936
450 3897
2547 618
4171 5738
4256 9243
88 213
155 213
444 488
4357 8652
604 646
2611 622
1606 523
3345 5750
4750 5841
2802 6201
6119 10366
505 6207
6234 7521
2839 5235
3617 5799
3658 10341
3679 5369
5629 523
507 436
3200 5546
221 1467
3311 5764
2527 174
2838 622
3336 4586
169 217
953 5853
741 866
5362 10936
3160 5546
2388 1097
2475 5274
2730 7780
2801 6201
3115 2201
3486 5714
2803 622
5081 7439
5091 245
6023 10777
707 583
2822 5342
3521 5849
3895 238
4902 9142
4980 10480
5662 10808
1585 843
3262 5714
4831 6825
282 380
1637 1954
1658 380
2736 622
3309 7736
4713 10326
89 213
341 304
363 429
4622 6154
359 7779
1888 10023
5768 5751
5998 8551
154 119
6083 562
404 10480
3704 5867
581 609
2241 6141
4247 2201
6148 585
4671 7638
1352 2533
3208 5749
3694 7088
153 201
3465 7735
5255 8784
5407 9253
769 10586
2391 6141
5628 9937
3118 2201
4292 7778
168 215
264 5914
459 5722
2607 6142
3693 3906
5070 5308
5917 7271
318 10735
3359 10723
3583 10789
4048 5751
4700 7035
5398 5631
2704 7779
3264 5750
4855 8530
3158 5546
384 444
2252 622
3337 5679
4189 470
5312 6155
2243 622
5535 10690
2380 5207
3574 5173
5517 10707
5967 10804
476 520
3576 4586
4211 6198
2991 10912
5500 10774
205 554
932 5914
2756 6201
3230 9899
3570 493
5587 3964
257 551
2495 867
5309 5538
724 9265
1746 10015
266 5785
275 10735
1226 6066
2436 618
2533 174
4242 6165
87 217
4932 6954
4962 9296
5498 1185
6009 10808
306 6007
941 562
2703 6201
4370 5173
6057 10549
270 554
421 10735
3376 6123
3549 2201
5118 444
2395 6141
2757 174
2837 7779
4768 5841
2180 608
3340 4586
3426 5749
5052 160
5838 4169
4031 5591
5449 11029
5829 2051
6076 9127
545 588
2755 6201
192 264
2493 622
5375 605
2969 5542
5939 481
1029 2064
3241 5546
85 96
165 212
3213 9263
5471 8952
5935 3817
181 5214
2487 11021
3122 5546
3553 4070
5877 336
5996 551
6048 9264
139 362
2442 622
2758 8328
3472 5363
6053 10817
429 289
448 289
1707 10512
2549 8792
2392 622
2550 11021
3385 8962
4398 5631
5782 10723
446 492
2474 174
766 883
818 10808
2795 7780
4769 5841
2393 622
2647 7780
6024 6971
393 5722
2248 622
2707 622
4517 6920
5163 366
3342 5679
235 6008
2322 6201
4904 7695
6052 554
296 372
4709 6994
2385 622
2426 7780
2551 622
3252 2201
564 2082
2255 6141
2769 622
3447 5722
4874 6901
6036 5826
196 269
2606 622
5798 10481
464 10823
708 812
2658 622
4650 10326
4972 535
2812 5090
5123 501
5157 610
3248 5546
3430 5337
3463 7736
4316 5591
346 5988
2507 5859
2706 7779
5891 10970
2534 174
3201 2201
2484 622
2609 4727
4173 5308
4621 10804
4748 1703
30 5106
1359 440
2939 10837
4066 8907
4332 6171
547 1261
2773 613
3577 7735
6108 7187
147 866
425 289
550 960
2825 5479
3423 5546
4174 5631
4299 2201
6037 10789
2806 622
2853 5342
4790 10548
295 870
3009 5577
6017 8529
376 6186
1922 4263
2430 5207
3515 5337
5209 6142
1136 8668
1769 256
2705 622
1289 10022
3284 5576
4258 8752
5834 10877
276 10655
374 5914
1629 10284
2327 622
2759 7780
3125 2201
3295 5546
4830 8594
5247 6165
158 1964
455 4179
1159 343
2256 601
3461 7736
3542 5791
4651 8
92 123
1141 6876
3536 7736
4998 9327
2083 6141
2857 5312
4226 135
4655 380
4881 5867
16 6
1045 4097
3638 5766
497 739
824 995
4301 2201
515 3830
2856 5479
3935 238
5164 10513
104 210
189 5440
305 280
5364 65
5465 380
6094 10367
272 10633
768 1275
2422 119
3227 5576
5531 11020
170 212
509 545
1129 501
2654 7779
3392 2201
4782 5722
4918 11027
5888 10778
6244 10961
2726 174
347 7736
529 304
1140 554
2709 5035
6005 811
2530 174
2656 7779
4290 10707
390 4170
477 840
960 6030
1139 1738
2490 622
4322 11022
60 5152
1095 1642
4676 10453
5019 7431
1184 9916
4325 6122
4538 5465
6034 566
338 6146
2660 6184
2738 622
2986 8593
4784 5841
6193 10710
19 18
3490 82
1230 7224
2438 622
2877 5369
3255 7757
3844 10808
304 585
577 615
994 7311
1689 10489
2834 622
4835 10619
5990 10367
2540 5249
312 11032
2649 7780
3671 5826
3692 10804
475 5722
3095 452
3602 10804
4220 2201
5794 10804
5833 10480
176 452
1290 366
3164 2201
5922 8618
3052 8593
5066 5308
5245 8784
6027 10378
102 97
226 565
727 587
3257 7736
3427 7736
5086 7819
6171 458
3913 877
4027 10710
23 10
2387 6184
2916 5342
1852 2275
3144 5505
3244 5546
3915 238
1178 3907
2594 174
2597 3604
6204 151
959 1381
1972 4448
2635 5107
2765 7780
4834 10352
5415 8794
5627 264
2771 3022
2772 622
2796 7780
2878 5465
3152 2201
3249 2201
6014 6921
313 769
2333 5322
3166 10022
3513 4070
5217 7657
3584 5791
3594 8616
4326 10814
5480 10690
5765 4701
1156 2187
2786 5465
3575 7736
4291 11022
5779 3897
5973 10811
6191 10702
24 6
1012 3907
2318 622
2605 618
553 9278
2561 5235
2804 622
3236 2201
51 68
3615 5849
2583 5107
3585 5826
569 5174
1062 9263
1934 7056
2399 622
5018 4148
3739 7035
4287 7682
4311 5274
4271 2201
4321 6171
6047 8243
357 618
2710 5035
3321 7074
3335 5714
4807 5
5997 5849
223 4857
6143 11033
1641 3923
2315 6185
3856 3056
4652 10438
5904 7241
2768 622
2885 10722
3161 2201
559 6705
1304 8118
2250 622
2555 5305
2923 10735
3263 5305
3672 5849
345 6139
478 9174
578 5738
3280 651
5773 10455
919 1216
1386 366
2403 436
3368 5546
354 5967
3107 5521
3484 2201
4673 472
1806 5968
2498 5308
43 147
454 450
1622 10798
2258 622
2798 6201
5125 10340
5301 6154
5481 10633
5976 5780
76 68
214 10480
1489 440
2922 10940
3896 5235
5185 366
4811 430
5479 1620
2332 6184
2854 5465
3618 3923
4295 5683
4369 6198
4692 4004
4895 6078
113 5106
1283 9338
2767 6186
3222 971
3932 554
117 117
1661 11037
3404 5337
3477 378
4319 2450
5663 10808
5787 10512
309 10262
81 94
2601 7780
2800 622
3143 7074
3372 5714
3898 4994
5225 6139
220 295
546 5655
1036 10311
3193 5715
3299 5546
3460 5714
3699 2426
4966 10622
1247 11001
3457 2201
3616 10789
3033 10672
2008 605
2246 4727
2401 6198
2907 1121
2945 10798
4955 5915
5059 7780
5286 427
5448 934
142 189
467 8691
2782 5311
4832 6971
512 7367
3013 10912
3448 8440
3459 2201
4253 10837
6075 234
6240 552
370 8615
1127 717
2708 5299
3016 10514
4127 4142
4546 834
5001 10284
39 10
1476 3117
2242 424
2293 5107
2987 8593
3462 6185
5256 8784
185 472
2603 5207
2691 174
3435 1295
5361 605
6144 7295
1146 7491
2485 6142
2592 174
5040 8850
371 433
2229 5249
2251 6141
4362 11022
5443 5766
5975 5809
28 5106
311 10633
2390 618
2537 5274
2661 5035
3397 10022
5617 291
5661 472
22 7778
120 172
1004 1703
1716 4124
2368 6123
3719 246
11 10548
1312 1619
1351 440
2181 451
2864 409
4345 2201
334 6122
1122 1964
2480 5249
2496 409
2792 10308
3546 493
4515 578
4820 440
5013 9142
1770 512
2203 5271
2443 622
3551 5691
3587 1106
6235 6875
1503 448
2247 618
2695 120
3053 8593
3197 2201
3358 356
4115 8753
5956 10325
2441 622
3292 2201
4846 286
6087 7094
262 288
2303 5249
2696 7780
4228 11022
6157 7260
163 120
1048 5968
2835 622
3305 4586
3371 2201
4730 10293
281 5852
610 651
950 2492
1119 1671
1698 4048
2308 5249
2400 613
2836 622
3202 2201
4212 6230
5283 864
5336 8690
1397 843
2115 10772
2559 612
3988 10612
4704 313
6015 5857
29 21
2489 622
2645 99
3124 5546
3191 5546
5239 8666
5995 1706
202 273
3343 5764
3464 5764
5425 8952
180 235
778 70
924 3573
933 9927
2751 10293
2775 7820
3007 5542
3333 5546
6106 319
40 68
4597 8745
4617 7638
5450 11022
44 148
101 366
186 532
601 642
742 6446
2433 5209
2615 232
2692 6191
3286 9899
3974 7819
4996 523
5144 2089
5166 602
2375 5274
2389 622
4409 6246
4873 6446
6179 2682
141 175
677 11015
4443 444
5396 501
5606 6145
456 366
2334 5299
3580 9361
4222 2845
5544 7702
38 4843
77 27
399 1516
2284 424
3265 5337
4269 10940
5455 10453
6141 336
6197 552
348 8440
2329 622
2425 8784
2883 5312
3388 5620
4699 10693
5119 6574
5172 4142
5473 10080
2179 5084
2644 174
3841 6875
5232 9208
238 554
420 5919
520 5666
2444 7777
3087 5546
3132 10038
3145 8593
5489 3645
252 834
2234 5230
2543 7780
2737 6201
3475 4262
3488 5337
5105 1575
2217 3579
2434 622
2523 5107
2310 3604
4708 6875
5116 288
1795 5830
3612 4016
5023 10377
5041 5825
5096 2417
5132 610
538 10328
2320 622
2608 5258
4485 10825
4828 6752
4847 505
498 519
1056 1738
3893 5035
33 148
69 133
336 6122
1268 1261
1276 7957
3028 8593
3150 5499
4364 11022
6068 10341
1061 1543
977 365
2302 5229
2610 622
2770 7779
5437 218
5524 3987
5916 5214
1490 2090
2257 622
2437 6141
2538 5650
3127 5715
3307 4586
4091 7460
5839 3817
303 763
1035 1491
1805 644
2596 118
2697 7780
2701 5070
2729 118
3180 5505
122 5160
554 7261
810 10353
1133 825
2573 562
2797 120
2875 314
3603 4238
4911 6414
1028 2187
3537 7757
2488 622
3632 5783
4618 3923
4734 7187
5079 11029
47 78
219 294
993 3977
2226 5230
2623 6292
3006 5578
4868 3923
5447 552
5507 4180
5944 10344
620 663
2381 3575
3137 5378
3509 2201
3675 10403
4392 6230
4931 6435
2 6359
53 68
1142 501
2582 5107
2617 5090
3023 5465
3839 258
4812 7055
1305 366
2078 182
2640 7755
34 111
146 8668
333 10909
492 2253
2614 613
5020 2120
5925 837
3604 7076
5203 3982
5366 93
5568 5591
5624 587
1973 5603
2354 6141
3123 2201
3141 2201
3171 10735
3706 4238
156 119
809 10723
829 1016
2386 6141
2680 5105
2807 6186
3324 9899
3535 2201
4094 6101
4964 1973
3024 2201
3374 9337
3485 4633
4343 10995
2476 5207
2482 5680
3049 4148
4926 6414
71 5105
1372 7825
2539 5207
3090 5546
1101 2209
2305 3575
2321 622
2411 6184
3226 5505
4488 6668
5054 2425
797 366
2218 3630
2225 5230
2820 5426
3032 6416
3424 2201
3874 4994
3956 11012
4344 5173
125 4724
2541 7780
3296 9983
3416 10989
3512 2201
4718 291
279 7200
317 10381
2459 1053
3181 8593
3880 622
4305 6122
5010 2416
17 6201
366 289
1336 509
2309 3604
2445 5035
2657 1097
3726 10768
5007 2275
3245 2201
3429 4070
6126 2086
2134 182
408 6463
1030 2810
1855 8809
2313 5207
2374 3604
2805 622
5009 5222
6118 10512
188 2626
367 370
2599 7780
2659 622
3910 877
5085 622
1147 2187
1477 11030
2301 3562
2734 622
4533 7957
4672 6753
4891 7271
4983 10636
5078 7818
821 999
3674 4238
4675 5780
3120 5546
3242 2201
3334 2201
207 6007
1143 10846
1361 2275
2285 6141
2328 6141
2394 622
2750 6951
3129 5570
3217 2450
4259 859
2536 7839
2763 3604
3163 5715
3888 8668
4731 2457
4746 7322
5287 7311
5569 6008
1185 3775
1332 2413
2338 6124
3552 2201
3757 5849
3868 380
3897 4994
5165 10877
897 6339
2648 7780
5717 3164
616 655
1445 7243
2228 3604
2690 6191
2778 3811
4279 4325
4297 6049
4383 6219
5948 5591
1807 1578
2855 2201
3497 288
4284 2201
4318 6121
5933 3878
526 6407
2862 5227
4323 1877
5413 375
52 184
458 10513
666 722
1008 2500
1014 2021
2233 5273
2764 120
5015 11022
67 27
119 208
528 7174
1809 519
2227 6279
3670 9361
5397 8753
5427 11012
26 27
203 288
2879 5369
3408 8652
3619 473
2161 98
2307 5273
3351 1953
4703 5794
4777 6007
417 289
469 186
2373 118
5605 444
1551 583
2532 6124
2700 120
2865 2976
3076 6415
3207 5603
3338 4586
3483 5546
3646 3817
5759 10768
293 7521
812 366
1464 7654
1576 1486
2930 5375
3220 4622
4813 478
4974 10848
135 68
774 1278
882 366
2235 5273
2357 6140
6032 10338
288 357
587 5745
643 694
1699 5611
2175 5249
3973 5299
4979 6630
5810 10908
2173 5249
2553 622
3250 5421
3592 6364
3723 7784
452 490
474 10023
3155 2201
3660 275
5559 3906
1693 1602
2377 608
5087 4148
6233 10284
1613 5
2477 120
2481 5274
2693 135
3985 10310
344 6919
1050 1515
1313 366
2172 5273
2650 120
2694 6201
5097 10536
1967 4530
2560 613
3323 7074
4795 10811
5673 4584
200 10735
360 346
2967 8593
3077 8593
4235 2201
6044 256
123 68
2240 618
2774 877
3516 155
3558 155
4898 5770
5024 6261
31 24
451 739
1320 2406
1564 6124
2492 618
2499 2867
2746 6900
2676 6101
3641 3906
5762 7082
6202 4148
2336 4994
3205 7757
3639 10339
4168 8752
4894 10916
1201 1958
2280 4949
2545 3604
4449 4148
5769 10768
1057 5538
2468 5321
3101 2174
3601 10368
4879 366
6011 444
79 94
1727 4016
1890 520
2589 174
2897 2201
3055 5542
3375 5304
5353 5222
6069 5766
1241 1328
1377 10480
1511 9955
2167 5230
2177 5207
2355 5107
3908 12
4309 4124
4864 10852
5032 4955
1656 10513
2655 4727
2809 5035
3720 7056
4422 7776
5106 2201
5145 4371
911 10734
1054 359
1077 1291
1517 5378
2306 3562
2494 622
242 7260
1921 520
2077 4574
2135 5158
2652 5207
3381 10676
3917 12
4182 4051
5186 5701
6249 5826
93 90
2467 5105
3030 8593
3147 6398
4657 1850
356 7736
1647 6575
2030 6141
2213 864
3518 8723
3591 493
4095 6121
5736 3723
258 275
682 480
2552 622
3504 1789
6260 10480
72 119
217 9095
427 7082
2544 5274
3547 11045
3607 493
4183 4157
4677 7271
6264 5841
3620 473
3708 5848
3734 1991
4656 313
5150 8690
256 338
2311 3562
4944 3930
2171 5135
2506 6045
2985 8593
144 7881
1093 9972
2238 622
2785 5465
5619 8739
2348 4901
2431 3659
2473 6124
3237 955
3322 5611
4210 6145
5430 2457
5503 1453
5804 10251
6137 9209
673 8207
801 10241
2253 6184
2799 7954
3858 275
3918 4994
5820 7092
6223 10829
1663 5132
2398 622
2535 6201
2761 120
261 578
951 10849
2421 13
2966 5505
3476 5635
3568 10735
3613 1542
3743 10768
5355 11043
1287 2053
1337 366
2330 622
2452 4666
2702 3678
3503 584
4167 1850
6123 9209
249 1813
3287 6398
4317 5727
4737 366
4987 10898
6018 5762
36 133
136 7881
2932 314
3106 5520
1796 472
2382 5249
2427 7780
2558 613
2754 8328
2872 6668
3589 4085
4298 10328
6151 135
2138 6184
2314 424
2429 5249
2586 5127
3344 1542
3625 8405
4207 10636
4349 9997
4534 4148
4591 10251
4720 7174
328 400
738 1175
5670 4098
1254 4048
1414 2717
1491 4112
2542 3678
3866 5338
18 18
449 286
916 7315
2371 5207
2593 6201
2844 5090
372 435
1022 636
1323 1175
2379 5273
4280 7174
5895 6971
151 200
551 7565
2823 4043
2964 8593
3530 11045
4169 6170
4201 554
4511 2187
5609 10911
525 1554
597 9278
751 856
1177 960
1256 9818
1682 9627
2176 118
2376 3604
2417 4576
2873 5214
3037 6398
3949 10655
5664 10810
6172 8963
6180 580
2410 7734
3039 5521
4682 843
5555 919
5988 10354
6228 8208
1044 494
2317 622
2591 160
2915 5369
3523 7053
4712 5857
1948 4586
3300 2201
4929 843
4985 10735
5924 7077
410 10355
658 712
1298 2297
2409 7734
2760 3575
2830 9501
3091 10022
3920 12
4759 2186
0 6160
759 1896
1066 1535
2174 3575
2483 622
2531 6124
2595 3575
2903 7429
3148 6773
4313 1642
4596 487
199 553
496 5285
1604 440
2383 6141
2613 4994
2735 6184
3022 4148
3600 456
3899 5235
4413 7615
4557 5442
4595 7055
5921 7239
340 8666
521 1481
675 6010
1052 1911
1692 4063
1937 5851
1938 10439
2860 6875
2894 5369
3916 5235
5860 7439
5919 6
209 10883
435 11001
2651 3575
2717 5190
2893 10380
3520 534
900 471
1031 6176
1098 1200
1739 1305
2335 4994
2727 174
3458 5546
4102 7506
5865 3777
5984 11020
6258 8884
523 11042
4903 8907
5508 8010
6066 278
661 2468
3698 2208
5159 10622
5807 7035
292 7323
2369 6124
2598 7780
3419 2397
3597 6185
5011 289
5012 2425
191 8915
2029 6184
2570 199
2698 3575
3102 8593
4276 9439
4328 5172
5216 9265
6124 1103
970 6045
1213 5707
2397 622
3876 6991
513 745
765 882
2466 6191
2791 3705
3029 9923
4144 4142
5994 4792
269 346
1171 10787
2312 5230
2451 4901
5574 5343
230 7260
2245 5258
2510 7734
2637 5107
2902 10735
3596 588
3957 7586
5017 1185
440 5943
2231 3659
2733 622
2762 7780
3400 4586
245 318
355 422
490 378
1231 1717
3941 10612
4126 4142
4180 4142
5442 514
369 2500
4755 5244
302 10622
3648 5868
3697 366
3721 7056
208 279
3277 6018
3929 109
4244 6266
4266 2201
6045 2450
6161 444
59 78
694 1647
1081 6121
1113 1216
1245 6704
2526 4843
2556 409
3992 8951
5974 7290
431 256
433 476
2952 5364
4952 3837
5775 10841
82 5104
684 4869
2232 6201
2325 6141
2519 697
2892 6668
3995 10612
3996 1094
4555 10905
5111 6709
5475 1897
5961 5364
6229 253
130 3628
504 541
1001 1400
1749 1542
2244 622
2557 12
2956 10735
57 94
298 296
1228 11001
1579 403
1620 6876
1985 10817
2349 6184
2636 6191
3403 5337
3855 182
543 594
890 1169
2230 3562
2424 120
2634 697
3146 8593
3826 6011
4100 8672
49 289
752 366
2810 2867
2955 5369
3705 8619
3785 418
3861 10022
5714 4281
1665 1728
2439 11021
3008 8593
5189 10733
5451 1358
6096 382
697 5664
934 6646
3010 8593
2747 5375
3233 5499
5943 8619
6013 919
283 5364
987 5237
2478 5230
2731 120
3051 7199
4216 5386
4701 4533
5227 5065
1193 2063
1345 9537
2528 3579
2600 3575
3074 2201
3098 2201
3228 7074
3402 3855
3487 4586
4132 589
6231 1309
37 4940
1110 1738
1253 11052
2326 1097
3111 2201
3331 2201
3378 1203
3889 10734
4915 7321
4941 7410
5071 6143
5608 5766
5767 1874
6105 497
2428 6279
1179 1772
2479 3575
4002 10883
4177 4051
5665 10809
332 1499
2279 4527
2529 8328
2858 1080
2917 10735
3738 4238
4159 5343
4698 10417
1148 5931
1235 11001
1580 3627
1772 4182
1891 4263
2432 618
3136 1238
3444 288
3633 444
4871 10735
542 1641
1186 5971
1380 5218
1433 386
2748 6900
3854 182
4478 366
437 505
938 7440
2548 5235
2831 6116
3017 6398
3325 7261
3598 6185
4594 6952
4787 2429
4806 10829
5109 8593
5254 10513
777 6141
1292 380
2000 4574
2202 6141
2378 7780
3005 10912
3410 1025
4853 43
5049 7779
5845 5363
5945 7322
2602 120
2789 10961
3184 5532
3386 9415
3502 1216
4158 3962
4878 10735
5682 4640
6167 5570
183 2500
2239 6184
2622 1944
2682 5107
2936 2201
2942 5543
2973 447
4260 1190
4620 10967
5462 5859
1210 4457
2060 416
2739 3022
3417 6398
3987 10612
756 5756
3012 8593
3525 2201
3873 182
5573 381
5903 10338
6252 452
703 5479
2043 864
2249 622
4628 5502
4738 10049
5016 8665
5960 10852
660 1175
1975 4920
4506 4048
5585 291
337 11036
1642 46
2197 3679
2237 6141
3156 10814
3167 8711
5930 3923
1015 7224
1384 2188
2372 3575
2508 4901
2968 5577
2979 5311
4081 382
4089 3962
4388 4078
5499 4148
6097 5914
228 4009
1408 9338
2590 98
3105 6398
5266 10022
6259 1794
90 101
204 272
1018 8494
64 184
167 228
1402 584
5709 4641
871 1116
4386 2661
4416 3026
4616 343
229 10058
1107 9278
2963 8593
4371 5603
4434 239
5957 7055
364 6229
607 2500
1577 10735
1797 10453
2753 217
3449 6398
4104 4142
4162 5173
4679 313
5567 2576
676 752
1087 1609
1208 1930
1401 3894
2788 5497
2992 1985
3002 2201
3390 6398
3511 5546
3803 418
3882 10946
3952 4666
4334 8668
3852 10022
3994 9837
4114 2051
4380 10357
6159 5691
99 133
406 4148
1033 453
1394 1291
2009 1965
2236 3562
2641 3651
4270 7425
4648 5
240 314
709 238
711 5878
2828 486
3420 2201
3676 10798
4185 10735
4265 572
1207 2205
1243 370
2886 5338
2965 8593
3361 6776
3456 5546
4360 6145
1644 1647
3634 7188
5460 4142
5915 4148
1616 5562
1653 676
3924 6122
4193 5343
4251 576
5114 5971
6030 265
248 320
1270 4048
2170 3602
3347 5197
3261 4586
3360 1465
3805 5442
5982 3906
284 1953
1375 9537
1670 4043
3606 4148
5008 11052
5121 168
5532 9477
6182 5102
6201 10406
743 6165
1172 944
1992 4949
2471 3579
3652 1691
6028 1103
2061 10944
2196 5018
3389 6398
3691 10353
3919 3628
4238 3956
2934 10735
3355 4884
4373 9997
402 1586
432 471
2223 8328
3835 305
116 4576
671 1745
1272 2186
3279 1783
3834 2201
3914 196
4408 879
6004 1948
6136 7338
791 7893
3550 7035
4368 10961
5241 5473
6043 10835
567 2082
943 3825
1417 6465
3653 7295
3892 182
3942 5611
27 94
1363 11027
2414 5749
3534 5546
83 80
426 474
560 11008
836 18
1627 5980
1635 4483
2201 946
2337 6776
2574 5148
3285 8593
3809 10324
5326 985
1106 10875
1360 2063
2935 2405
2960 5578
4080 8465
5615 3094
6241 6854
3099 8593
4950 1173
107 175
349 417
2646 3724
4433 2809
106 213
172 119
411 1881
1042 366
1182 1884
1306 1884
2169 3604
2639 6191
3182 6415
5062 2165
5941 2681
231 4491
339 1173
748 852
1422 366
1640 10859
2408 2935
2524 5321
2699 120
3278 5370
3807 7086
4365 7960
95 4724
453 6138
1471 5285
5446 3855
746 8327
1350 7784
1726 10633
2581 6191
2913 3757
3140 2201
277 6298
1773 4101
2880 5479
2896 5369
2905 10908
3327 6704
2304 7780
2370 7780
4179 3962
5520 10702
213 552
640 6359
2928 362
3275 10735
3489 5337
4286 453
383 443
4877 6414
65 27
1278 338
2752 174
2826 10295
3636 198
287 5967
2514 6184
3126 5421
3211 8240
3231 3117
3881 10946
4237 10884
445 7795
609 9278
3172 4043
3362 6398
3470 9361
912 1655
1173 6026
3628 6590
4059 338
4707 4148
6002 3923
91 193
549 9241
557 11031
1608 1472
2685 6191
3382 5370
3894 3628
6107 348
259 332
307 769
686 9278
5184 10870
5543 2521
3384 8465
3980 2082
4711 10672
6170 8690
903 5769
1083 11047
1969 4530
5645 9042
2132 4901
2163 3579
2723 6191
2732 5207
2808 5322
4336 5585
5431 8810
6001 10542
195 3922
819 6252
978 10523
984 2533
2472 6165
2686 6191
3026 2201
5292 2291
5648 8880
2881 5312
5365 63
1329 1738
1817 1095
2898 5442
4330 6139
906 1649
1269 5667
1295 605
1553 3658
2546 3604
2642 83
3025 2201
4215 6879
5414 3918
5818 444
1013 2291
2294 4576
2353 676
2562 4994
3073 4148
3290 955
3722 1758
4375 609
4981 8809
1027 5722
1065 366
1338 2335
1728 3210
2926 10433
3867 209
5169 7431
5321 10685
5454 2429
6213 6292
2111 8708
2743 389
2975 5375
3048 5375
5212 3558
5369 2681
5770 10768
698 557
749 5173
1715 8668
1742 4689
1748 319
1958 7650
2352 4666
2423 120
2962 8593
4001 10655
5039 3918
438 10804
2933 5369
3508 5691
6098 1305
326 5396
837 3999
1105 1231
3318 9392
3407 5705
3909 6144
4214 10526
4880 661
75 140
233 10381
1950 10295
2816 5375
3662 6590
3883 622
4300 6122
4378 5783
842 9476
926 4169
1152 288
1357 5141
1546 646
2118 6204
3366 2397
3517 5790
4678 5100
4719 150
4827 5826
63 5230
84 10936
755 5784
866 10238
1153 4034
3050 2201
3863 182
400 9279
565 9983
1694 308
5652 9439
5689 3232
470 10878
1398 6463
1744 8809
2900 10870
3059 6398
3774 4790
3821 305
460 509
2224 3575
2818 5465
4077 3962
4352 6101
5907 5866
648 7957
1935 5826
2062 6798
2978 5369
5103 6186
776 903
931 7776
1316 4117
1639 107
1996 800
2220 3579
2632 7734
3057 6398
6109 712
1411 366
3142 6266
3183 1944
3944 53
4150 5971
4649 7085
4925 5683
4999 10722
5224 8440
5699 3089
3363 955
4219 4792
4967 4
5757 564
5981 10870
6078 5446
236 10068
712 7535
1354 363
3560 4304
3859 10022
3968 3562
4359 381
5749 5363
80 4825
471 4743
823 7957
1267 933
2901 6821
2999 6668
3234 2397
4303 5727
4308 5865
5603 256
250 317
850 1082
3548 8370
3871 622
4233 5411
4331 5813
4860 1472
5747 8659
5966 10752
178 234
1356 1754
5620 8739
1021 1437
1458 10688
4302 616
482 10622
710 1773
1322 8183
3387 3970
4736 5742
5128 1954
2689 5105
3842 6850
3912 8930
4125 4142
4858 1138
21 5106
1168 2297
3891 941
110 68
541 6855
839 1038
1285 2876
1659 7014
3850 10022
622 8224
1636 1247
1722 5455
2847 5214
3571 1223
5257 4613
2981 6135
2982 5403
3365 6464
4342 3056
4907 2425
6101 10897
1296 5539
3559 5731
3608 4148
5715 2934
5872 475
6168 2766
1063 9651
2454 4666
2980 2201
3316 9263
5764 7220
501 1896
1516 1794
2575 4666
3078 6708
3804 826
3923 72
3993 1100
4887 2063
5461 5638
35 129
794 223
2871 2500
2931 742
3967 401
5187 10024
5513 5478
6095 8160
6194 394
128 4182
351 419
4184 5343
4564 3303
4609 3652
3590 4085
4113 2079
5746 10767
2521 5107
3352 4267
3823 182
3853 442
4814 342
5926 1236
291 1867
813 5765
1070 1103
2356 6140
4252 7754
4886 10005
179 214
3398 82
3820 418
5072 12
5268 3593
2953 4148
3100 5553
5237 4630
5244 8615
5562 738
974 9210
1115 366
1362 5828
1474 10884
2515 4901
5653 305
6079 7073
378 6290
403 454
972 9857
1966 4571
2938 10870
3541 9361
3890 10817
5735 6980
1444 7960
2440 867
3194 2201
3836 442
894 1896
3229 8593
137 90
817 167
888 1511
1379 7899
2162 8328
2925 4311
3097 2201
5547 8745
5550 8880
5879 366
5918 6
2044 2717
2363 4886
561 11036
2959 7199
2971 5624
3415 9032
4351 8709
4865 7506
5955 3768
68 5106
121 99
160 6219
1019 5811
1343 7307
2164 3579
4181 8739
4732 6854
5467 2682
5710 4379
5871 9565
1334 197
2359 5728
3824 7042
4205 10636
4382 7069
5042 1738
5504 10943
5772 10766
66 148
227 299
1025 517
1634 9002
2679 7734
2867 2905
3272 9194
4090 2580
5616 10744
481 6094
629 674
852 208
1038 3640
1309 1665
3635 3668
3756 10283
3945 8809
5589 10585
5649 10693
175 10402
1684 5141
2137 6184
2415 5348
2663 5731
3531 5735
5308 2814
2954 8593
3818 10870
3940 9459
4107 4157
294 116
944 10480
2130 1020
3413 10735
4608 3327
5677 389
159 206
534 2208
1023 10853
2940 5480
2988 5576
3775 582
5718 2400
50 204
162 216
2288 5664
2512 4571
2667 5824
2675 7812
70 93
608 5218
825 8530
1251 1274
2297 3579
3851 305
4304 5711
1605 5862
3906 596
4199 7322
4747 1738
5809 3800
5832 906
5844 10620
319 388
1167 2094
2576 1169
4146 4142
6205 250
152 191
851 1084
956 10688
1096 2615
1889 9983
3544 9815
3727 4424
4106 3937
4109 4157
5351 1567
5592 2166
5763 7219
621 8207
1277 9918
1609 5826
3623 4312
4151 2015
4522 3355
5761 4702
391 11001
1347 7811
1529 10528
1702 4102
1730 5257
2129 6162
2131 4574
2568 9361
3063 2201
4267 5412
4654 8437
4716 7260
4825 9056
4977 9212
5426 640
5676 8605
1646 4571
4224 8335
5194 8593
6189 6124
618 5663
1601 9377
1648 10707
3071 5369
3288 2201
4105 9913
739 842
4920 10874
5141 2891
1990 4901
2300 8328
2920 5412
3080 6398
5470 5942
5748 7072
1373 10921
1997 6184
3104 6398
3986 10406
758 5507
2419 6191
2453 670
2511 7734
2587 5107
3860 10022
4176 4142
4366 610
5104 10875
1711 4102
3677 8865
4387 5714
5410 1641
6192 997
804 5285
1669 140
1735 9245
2059 4940
2133 182
2254 5162
3185 2397
4157 7506
5155 5925
6110 1717
639 9883
2165 98
3637 5777
3798 9456
4659 1238
5452 2648
619 659
1331 8208
5098 4148
5102 409
957 5266
1994 6184
2827 10735
3094 776
4134 598
4725 3500
184 10869
875 1665
1649 5666
2815 1944
3004 6073
3320 5553
3683 6590
4129 2509
4934 4148
519 560
971 7654
1376 9142
1700 9308
2469 3579
3701 5838
3872 182
4805 291
54 7881
962 9973
3991 6191
5611 4232
109 179
1024 6098
1593 1175
2319 6184
3035 6398
3086 1087
3479 955
4516 6359
6200 1261
862 1126
910 8441
3027 7199
3173 7050
3328 2201
4691 2698
4850 355
5240 9983
6055 9022
6262 2726
129 207
145 4723
952 5776
2022 123
2463 4576
3014 8593
3354 101
3409 5077
4079 7295
4178 8515
5472 5542
5940 449
187 248
548 5699
1619 1089
1993 6184
3545 7104
3927 10381
58 133
1393 8739
1403 525
1563 5750
2339 745
2790 3555
3003 2201
3529 493
4198 10735
4935 7057
5477 170
6139 3981
787 925
1175 10921
1181 5794
2278 192
3737 553
4936 2425
5148 2483
6195 4408
1971 6184
3169 745
4108 3853
4376 429
5030 2425
182 236
785 5776
873 4097
1130 3776
1233 2031
1496 10668
1731 7734
1919 1453
1941 1326
2722 697
3215 10309
3446 5635
5823 1408
6181 6201
174 6364
705 10989
1240 1783
3179 6381
3377 6229
4307 7560
4510 3879
4660 1840
1341 6370
2890 9361
3439 2795
73 5230
2749 7271
3054 8026
5771 4312
1123 308
1392 4743
1970 5103
2281 4882
5466 2681
157 6364
413 5100
1344 1706
2219 3579
3442 10735
4604 5100
4739 5268
5231 1412
225 2717
409 698
592 8615
2298 174
2362 5678
2841 5808
4282 5445
5496 2450
5530 10073
630 675
1219 1551
1675 11052
4862 10829
5110 10024
5685 4790
975 9309
1447 10108
2365 4576
2721 5700
3569 742
4559 291
4572 3846
4741 3593
5632 8815
5972 745
800 4051
2522 4576
3946 8809
4310 67
4340 7560
6041 2362
6246 9928
1154 8835
2080 4568
2351 6184
3043 7315
4248 8179
4570 9796
5536 4910
14 4312
254 977
385 366
439 1896
566 606
1924 1182
2051 5107
3383 9174
4005 1094
2295 4576
5934 3817
632 6899
716 9278
757 5727
1161 10514
1901 6991
2214 5175
2435 8875
5354 3593
5811 1666
10 6415
1128 2691
1365 258
1443 1176
2525 224
3192 5421
3297 1200
3303 82
3921 53
4600 1998
5314 1641
6214 288
114 4724
689 10357
771 5260
1194 688
1729 534
2578 670
2781 5259
2976 6900
4851 150
4861 405
795 935
3346 5730
5983 3906
1059 10734
3018 370
3131 4880
5435 7907
5582 5100
6082 10416
1999 5103
3031 10940
3468 9361
5565 5100
5758 4349
1562 1607
1768 10471
3837 10946
4306 2104
365 5510
484 971
1364 1077
1858 6851
2194 4749
2458 5321
2724 9499
3000 5856
5000 7636
5233 9208
5392 2860
5580 7356
562 8183
627 9324
1114 405
1687 3845
2416 3619
2579 4666
2580 670
2972 6824
3015 1985
3659 278
4338 616
5345 2806
1157 1275
1349 6162
1399 1153
2367 5105
4355 6124
4363 2686
5171 256
6067 8368
56 131
134 193
650 6896
2023 6184
2407 4666
2811 362
2984 1641
4103 3845
457 1756
1651 1075
2024 5103
2832 3659
3243 5421
4160 4304
6012 4141
98 5106
663 479
2025 6184
2345 5563
2350 6184
2503 215
3058 3117
3667 5824
3900 5307
4396 4994
5154 3880
5297 7817
173 5307
558 864
885 9295
1067 7343
1260 1636
2584 697
3047 6336
3319 5689
4262 9544
1211 388
3187 2201
4000 1094
5223 6434
798 8290
1774 3864
1785 6261
3822 418
4250 5412
4619 10688
4653 913
4973 8530
5774 705
148 197
600 1584
967 4016
3367 5421
5391 5189
5978 1684
224 1349
335 352
914 10037
1940 10454
2292 5127
2366 4576
2628 4666
2783 5465
2974 6310
3083 3977
3579 5494
3740 8930
25 4683
611 663
691 772
1078 6523
2946 9212
2947 10170
3758 2788
5539 2924
362 826
398 11001
2740 5141
3175 4622
4035 683
4225 6065
5660 4148
260 335
779 900
1614 3806
2112 11040
3066 4689
3373 4586
4161 4157
2631 670
2961 8593
3075 6525
4576 1837
5076 865
6250 7077
42 5178
255 385
841 1045
3499 388
4218 8002
5719 4230
770 7243
2405 4818
2921 5412
3357 333
4945 3184
721 4426
793 6798
3110 955
4143 4142
4833 8788
4842 1912
6138 10406
166 8658
1660 1923
1701 8133
2222 8328
2412 697
4447 1111
4988 5683
6150 10
1587 867
1630 2933
1741 628
2683 5107
2957 10735
2995 6605
3724 3864
4978 10326
5440 3273
591 5824
606 9043
702 561
936 7200
3432 157
4038 7024
5873 480
6039 2277
97 146
118 10199
1040 4291
1743 4182
2107 9911
3060 6398
3139 4148
3567 6027
5545 9196
5593 837
2026 6184
2347 6184
2465 3618
2630 7734
2814 5278
3364 2201
3493 5730
3522 471
4377 622
4948 2027
5563 3664
5785 5403
6111 4424
645 690
1391 2082
1497 2994
2681 697
3350 4665
4145 9913
5607 5370
518 555
649 266
1121 3298
2500 2905
5703 2934
396 5141
1573 2082
1838 9946
2290 4668
3034 6398
4905 10735
5808 3713
6121 7475
96 148
419 1852
614 3075
1664 10735
1892 10340
5525 366
5596 7413
443 2227
1187 6948
2882 5479
3703 550
3794 9630
4200 1985
4245 8651
4524 3512
1590 2828
3806 6668
5120 10734
5147 2987
6211 4806
290 1944
1340 8080
1710 4102
2457 670
3712 4419
5601 10563
301 4097
603 641
1968 6184
2625 5398
2627 4666
3315 6107
4495 659
5055 3698
5206 6298
1388 587
2725 3611
3189 2397
32 26
786 7114
1371 660
1427 1141
1811 3839
1860 205
3064 3977
4542 291
1713 5851
1932 471
3519 93
3572 7480
5211 256
100 5217
206 3672
908 2305
2270 541
138 167
635 7243
1150 1200
2076 4882
3838 7252
5340 1799
5657 10841
5828 5578
5864 8181
6029 81
2200 6184
3411 879
3687 1609
5458 1666
5826 4071
6149 4633
973 1173
1581 3747
1705 3999
4165 9312
5275 5433
5335 11001
792 932
832 5651
1671 9604
1788 278
3251 82
3763 7916
4491 3923
5529 10581
5859 8865
5866 3487
6190 11029
514 550
1995 4530
2183 3657
2299 3579
2861 5665
4633 2808
6112 1109
6164 4227
723 3988
1923 10510
4101 1991
4141 1331
5745 4101
5795 10622
1151 534
1668 6169
1984 10807
2450 670
5143 378
5571 2655
1936 456
2358 3651
2665 5188
4164 175
4354 1374
4783 484
5298 8261
2509 4901
3984 899
4919 6490
5991 7322
6251 2533
1280 6255
1463 754
1594 2649
1798 10537
3379 7
3643 4442
3707 8575
4569 4148
5029 1642
5313 5234
6226 7888
2793 9799
3268 3416
3314 8240
5202 3669
5786 1662
2262 4683
4231 641
4957 5510
5813 9698
5953 4048
3441 8465
4097 10067
552 9067
602 9477
764 876
935 1649
1998 6184
3109 5545
5600 2862
5979 5862
327 344
510 547
2567 9361
3246 9979
4015 683
4537 5100
4772 3582
5188 7838
5700 3251
1116 5552
3922 7674
4264 5719
4519 1015
5516 3664
1202 9067
2983 7680
3274 10315
3293 9085
4337 4106
2289 4576
2513 5103
2678 788
3121 5407
3609 5519
3885 5703
4047 5294
4186 10940
4912 2261
1442 9278
2053 9911
2261 7055
2817 5465
2884 3555
3418 5559
4289 5900
6084 683
499 1985
1286 8356
1767 7057
2046 4979
2081 4901
2108 5176
3289 6121
3588 9174
5196 10025
6058 4114
1944 6300
2283 4530
2918 10870
3056 6708
3149 5943
3528 5838
4914 3508
5533 682
6147 1877
1124 6038
1383 1153
1413 2738
1874 5625
2128 18
2951 10338
3044 9105
3455 7893
3642 8
3990 10626
4946 10735
5882 997
41 4723
522 9144
883 9440
1248 10765
1274 8553
1793 5867
3348 9455
4285 2494
5140 4846
5692 5868
3151 6773
3562 6252
3865 8336
4017 6302
4076 752
4130 291
4348 5727
115 8687
879 5559
1299 1387
1303 7397
3065 2397
3936 634
4112 6037
4163 5386
4217 4327
4514 9840
4838 3590
5151 11004
5201 2714
687 759
876 405
2282 7734
2742 5790
2997 5766
3218 288
3451 523
3680 732
4249 6561
647 366
807 8638
1857 10708
3655 23
3696 10767
4229 7306
5509 2581
5612 9455
46 129
1348 2466
3884 7252
4606 2309
5630 1116
5698 7112
979 7416
982 7224
2079 4901
2677 5647
3011 6708
4124 1039
4133 7322
4714 5311
4900 906
5732 6387
1163 9856
1821 1019
3840 7811
6122 7817
576 11031
2402 25
3046 2443
3799 9976
4560 10326
4778 4148
4959 2714
5476 2158
286 1457
683 759
1206 9713
1617 7084
1868 1077
2048 9911
2075 6300
3199 82
4011 298
4203 291
4327 2686
4425 2190
2688 5321
3135 2802
3221 5075
4484 7084
4573 5100
5408 2219
945 1903
1160 6958
1366 484
2136 6184
3989 877
5412 1633
1803 6261
124 184
253 2965
599 4662
1465 10688
1951 1272
2970 4507
3253 82
4243 173
5053 1621
5400 8688
6177 609
940 9095
1162 1970
1943 5563
1965 6184
2564 9811
2919 2201
3070 2858
3079 8492
4055 8635
4917 2150
5130 2545
5576 5662
626 6342
1005 4180
1537 7787
2518 4979
3040 2397
3645 3833
4234 9312
5597 10022
1017 197
1441 2933
1949 472
2684 8709
3081 5544
3353 276
3862 609
4333 2089
4940 7683
745 6842
907 9525
988 4857
1288 1227
1681 7051
1887 10686
2184 9439
3526 7305
4149 2015
5777 295
5815 5977
6003 3383
6080 865
1794 6875
2221 4585
2671 5236
2744 5349
594 642
664 10013
1075 1637
1374 9278
1566 9586
3174 10417
4117 7817
4965 6370
5432 6327
5590 5441
380 7495
672 997
1550 1659
1678 676
2166 3663
2189 1088
2577 670
3953 1094
5100 299
5422 4227
5644 7322
5733 6387
5852 10536
6232 2078
386 10780
1568 10708
3068 5667
4088 5338
5614 7271
6120 10022
806 6874
859 1110
2819 314
3271 5492
3947 9888
5022 299
5743 6387
718 3855
998 4774
1169 751
1574 10372
1654 4571
2874 6709
3405 3797
4030 9443
4196 1985
4844 8650
5325 3194
937 1140
1258 8131
3162 7893
3718 4069
6072 6231
6129 2725
1006 2891
2990 10940
3329 2397
3741 7172
3925 61
3934 444
4789 2895
5434 256
5754 10092
1183 4261
1799 7467
3453 4048
4749 2158
4840 9998
1264 6112
1861 5898
2105 4979
3532 5642
4395 534
5236 10818
5417 2380
5927 3855
268 3724
623 662
5291 2256
441 6523
2638 7755
4074 752
5912 3334
5 121
1221 1844
1259 5552
1281 10028
2464 5020
3716 10413
3948 8666
3951 4324
5687 10841
149 198
586 608
1046 9062
1552 556
2027 4882
2276 6300
2296 4825
2629 4666
3224 389
5647 7709
744 848
811 5897
1263 325
1621 1031
2944 10486
3133 10735
3733 8739
3943 7189
4063 7213
5306 2757
5883 2368
1196 370
1327 9482
2413 5160
3573 5745
5271 2363
5654 3364
679 7314
696 1772
1310 5552
1410 6668
3298 1227
5230 2363
45 26
728 1189
1100 359
1396 10268
1827 4747
2420 7818
2664 10829
3869 7122
3926 1308
3979 54
4800 4599
958 6526
2011 4320
2714 5825
2927 6198
3165 82
3214 10072
5621 4043
5713 3033
308 5705
624 659
633 9296
780 1210
1271 2078
1740 495
3911 5035
4350 10456
874 10380
1987 676
4592 9135
6007 3365
828 6741
1262 5552
1284 8356
2621 31
3605 7074
3777 8641
4142 8672
968 1292
1583 9438
1611 3803
3089 2717
3811 8230
5124 5867
143 208
989 2648
1223 2013
1745 4102
3349 10861
4315 9718
4721 1453
4949 4493
5380 10537
5456 10890
544 6292
1719 7702
2110 135
3540 4313
5583 5761
1547 7778
2028 5103
4583 2647
5962 3948
132 213
1189 3906
1479 2976
2502 5790
2572 2895
2888 9361
3178 6298
4991 2425
615 6704
2041 6191
4367 5604
5234 3511
5618 1881
133 101
1335 10311
1836 2682
3796 7237
5318 8450
511 2250
4623 3013
4798 8833
5278 768
5909 9375
3 1447
2998 354
3153 739
3203 82
3695 9374
3787 10342
3930 931
4128 745
4500 5100
4928 2363
5801 9915
447 2500
527 1232
693 4668
1737 893
1738 1133
3195 7893
4624 990
5347 3798
5836 3575
5843 9853
5849 5005
5929 7351
5706 1680
827 1011
3983 10612
4329 8709
4723 3475
5385 10453
750 851
1989 9459
2914 10968
3629 10
3702 10484
4138 10089
4804 3773
5160 3989
6158 298
881 471
1570 401
2006 4709
2687 6191
3769 9456
5423 9913
5492 2298
5977 7396
1039 4104
1567 1604
2449 4666
2569 199
3564 3823
111 3784
699 9537
1657 730
1667 1085
3204 82
4122 8704
4156 752
4296 2201
5493 2228
5658 5830
316 385
352 423
491 3704
4195 318
4361 5727
6054 3923
537 9278
579 2933
909 1477
939 5652
1764 959
532 5920
1118 496
1709 8068
1988 676
2446 5796
3682 6590
3832 8500
4921 3593
925 9713
2147 3619
2406 4901
2418 3678
2845 5259
3495 9361
4531 6216
4687 3355
5402 8994
1176 6090
1224 6228
1234 6972
2937 10870
3817 7512
5537 10565
94 4769
965 1155
3815 781
55 127
2049 9911
2198 5647
3875 822
5197 3109
6160 5701
112 148
2211 5714
3524 8915
3669 9610
5276 2245
267 3678
674 737
1618 3757
1750 9212
2996 8790
3041 1912
3393 7893
3491 6144
4465 8631
4726 3065
4821 10895
5350 8549
688 8777
1026 9173
1085 8749
1214 2166
1589 11028
1724 9812
3198 7893
4391 7461
1369 5857
1535 7429
1906 5429
2910 3761
4501 282
4535 1897
4816 6824
4824 2256
5523 1327
5723 7394
5822 3437
1926 3299
3593 4924
4073 7226
5182 297
6125 1508
631 1474
636 649
753 3022
997 1705
2004 4575
2456 676
3626 9283
4393 5783
289 4043
595 11015
1138 2602
1144 9996
1225 6407
1720 367
2899 5465
5790 2255
488 10704
1407 594
2447 5796
4374 10901
5626 8788
412 460
1090 1613
1220 2223
1420 1140
1849 10632
2092 697
2199 4530
2216 4576
3755 7052
3792 11030
3982 9684
5457 1516
590 8955
991 6465
1595 8927
2571 10068
3119 2717
4627 370
5388 2530
5436 3437
690 10074
1339 3077
1586 1227
2520 6191
3765 10496
4499 5964
4863 3065
899 1180
1933 10708
2501 5163
4888 5751
5095 7868
5727 1095
642 10212
4397 2847
108 137
641 435
1751 6590
5793 366
6035 1118
665 1684
1837 10632
1957 5800
2212 83
3434 6127
3965 8971
5006 604
5379 4083
5963 6426
239 3770
1060 5557
4075 9068
4123 1991
4277 2966
4753 10863
5691 1914
480 527
1771 8927
1862 8271
1991 6184
2859 6392
3019 4157
4339 5776
5101 7277
5577 1754
5760 4424
540 2406
963 144
1696 10592
1762 10353
2720 8794
4028 3646
5737 2937
6215 10326
805 225
1456 613
3770 9976
4197 9174
6222 893
783 848
1094 5097
2848 10722
2906 6336
5199 3334
628 673
788 202
2052 5108
2116 3839
2866 10833
5803 5780
4 10728
815 6261
902 5827
1419 5867
1859 8195
2455 4666
3301 5407
3864 162
4288 6103
1406 274
3020 1415
5262 8932
858 7165
1088 3705
3356 676
4599 2016
1432 1175
395 11001
535 1936
846 1073
880 5382
2071 2209
2712 7350
3614 9244
3768 6313
3901 9237
5869 8820
1020 6948
2673 8225
5193 8111
6056 10685
1227 7978
1250 9856
1500 9056
2929 405
3369 5421
5497 2476
5900 1996
1109 4494
1851 3664
2643 5153
3302 8621
3421 7599
3505 5686
3582 4322
3779 10413
4497 1387
964 3952
4353 1094
4761 10991
5707 5450
669 4920
877 5005
1195 10813
1405 499
1680 1923
2068 10758
3093 9916
5825 985
2185 5922
3001 314
3240 6464
3406 5790
3710 3778
3971 1094
4803 3773
5299 9242
2870 4785
2904 2912
3784 7171
1847 5549
3067 1386
3270 899
4763 3688
5264 8813
1643 10597
5060 3930
5399 108
5491 10806
5890 2977
6046 8080
843 10989
1164 2148
1875 4195
1925 5454
3422 1087
3749 8075
4632 3392
423 6298
1964 5370
3116 1836
3760 674
4032 3785
5672 10821
6188 872
869 5587
1571 5020
1596 6165
1815 541
244 5571
1149 10664
1623 6204
3443 2966
4685 2255
5604 10396
6090 5390
781 904
1205 8230
1683 1422
1685 6927
4072 4187
5655 10416
5742 10758
247 8323
713 7038
1946 1033
2017 4320
3431 1201
4261 10315
575 5980
1041 6010
1404 10201
2090 5021
2616 2905
3474 9932
3599 117
4347 577
5386 4491
5886 985
1368 2883
2021 670
3647 3831
3833 5545
5591 3232
5857 972
6216 3891
300 414
685 4923
2117 7093
3283 5527
3870 8867
5633 3762
5642 5363
5842 3532
678 19
996 1331
1252 7058
1370 3511
3507 827
3802 10074
4458 7878
5827 2888
3928 10381
4209 2298
5346 8490
5360 338
3711 10924
4246 6082
5332 7085
6086 4517
613 2813
3688 5730
4281 9343
652 702
1097 3016
1542 8842
1960 1138
2182 8387
3159 2717
3750 4875
4791 10839
5459 8102
1448 5348
1453 5127
2776 3762
3657 8348
4018 1079
4457 2066
414 2441
3294 1137
3332 6464
3797 9122
4641 3590
6010 1021
15 1680
177 206
583 4009
1645 9770
3042 2744
3668 5730
127 1092
969 5121
1505 1001
1843 10914
2040 5176
2113 9731
3729 10768
5080 2627
5352 5683
5370 10908
5540 259
588 626
638 6407
1293 2196
1808 10757
2207 224
4071 7213
1197 388
4640 8801
5464 3930
923 2186
1977 9962
2084 6184
3062 4117
3177 6726
4139 1039
5183 8053
5683 10821
737 3808
1198 1912
1599 5705
1666 7659
4346 10407
4693 8696
5403 3593
6140 3658
1 2500
1534 8291
1907 3789
1978 1088
2109 4576
3176 4181
5238 10964
377 6336
1624 1435
1688 6930
1725 4554
2274 8661
3510 2782
3819 816
4431 676
5289 3875
5320 4361
5901 4048
6071 2627
2012 1088
3113 10785
4014 6302
4668 3515
5554 7641
1016 5438
1199 2329
1203 1684
1954 1088
1974 6741
2266 6590
3478 10801
3843 229
5639 5386
6103 2783
802 3554
1828 4643
2668 6267
2911 759
3689 7350
4098 4187
4818 3629
5158 10045
5789 10127
2565 7950
3783 8500
3827 6968
3931 8497
6104 267
6221 2015
1486 8077
1557 4579
3085 7599
3112 8708
4147 10278
4294 2466
6008 7042
150 4578
401 1780
584 1094
596 4966
655 706
2139 302
3238 5642
3273 8160
3964 8971
5646 10809
854 10488
1467 3117
1612 3793
3467 9089
3700 4740
4206 8287
4845 3031
1308 6550
2050 4825
2361 9243
3186 5520
4372 4169
5599 2221
5702 7007
1451 8672
1734 2527
2741 5705
3425 9242
3966 9459
3972 5107
5641 9003
905 8101
3849 5170
3959 823
5139 4126
6006 1542
78 30
2210 5107
2364 5127
4239 10076
863 9278
1610 3892
3414 4450
3808 1379
4469 2583
5281 3773
5688 3186
5734 1088
784 416
1011 8184
1679 670
2157 4826
3795 7640
5741 1071
5799 4455
5947 4078
1777 10758
2143 7687
3736 2120
4119 807
5295 4689
126 5154
1588 180
4661 4140
4776 90
5613 3375
5667 10810
6065 10662
12 745
13 8645
2588 3651
5205 9866
5586 2533
5696 6898
5837 5727
5863 3248
6051 183
508 9278
2943 2351
3621 8447
3663 9374
3975 10626
4854 3838
5389 3304
5695 10622
5881 3304
5965 444
6042 5859
6255 10473
889 3999
1718 6643
2215 5175
2840 5824
324 10897
1714 10275
2745 10488
2846 2966
3731 10413
4496 3970
4683 8648
5181 3598
5821 5874
5887 2273
2260 10956
2924 3324
4213 2015
394 9650
1842 10632
1886 8945
4439 8092
555 5988
980 7135
1578 9190
3744 4424
3772 1615
4451 9954
2669 9361
3108 5564
4437 4455
4990 3305
5167 985
531 2051
1099 6853
1265 2983
1300 2281
3937 6115
4582 10934
722 3468
3212 8436
3469 155
865 8635
1673 2501
1784 4643
1816 157
1819 4747
2619 5757
2777 215
3092 827
4464 974
4545 3642
5800 3772
5889 9651
731 798
826 242
1217 9278
1844 9130
2633 1020
3801 10074
4140 2958
4401 634
4435 3675
5162 4427
849 4798
2066 4547
5387 6119
714 41
1236 2187
1426 271
2460 4883
3473 8790
4611 2470
4826 9696
5152 4092
5153 4326
5288 9382
5474 2714
5756 6243
5911 3507
74 196
465 5856
1853 10318
2089 5021
3963 8971
4808 1992
5251 3109
5594 4378
5669 10
9 8843
657 8961
2144 5991
3887 4705
4809 2753
5293 1607
717 4809
1315 7314
1382 3829
1717 1005
3084 4777
3216 4818
5578 1790
5946 6370
6031 2586
271 9183
644 6846
1899 272
2585 5105
3581 5730
3728 7082
3753 1280
3800 5394
4254 5632
864 267
891 7701
1848 9145
2045 4979
4056 7945
5200 3930
5329 2368
6207 3857
6224 5434
2566 10656
3482 1087
3816 8500
3829 5170
4406 5858
4839 915
5428 10118
5968 3469
1232 5498
2010 4320
2941 6824
3313 6615
3714 10768
3977 573
5113 8870
5142 6190
5331 10405
6064 4494
680 8852
1523 9278
1812 6582
2119 7026
2149 4576
4016 3420
4410 3762
4561 10210
6063 6835
1326 2868
3291 5642
3814 9031
5812 826
6114 3453
867 256
1459 5402
1528 9344
1549 494
1691 11027
3684 4419
4637 3304
5819 2311
1204 2019
2151 5021
3433 8688
4417 3500
4521 3466
4757 3390
5722 4419
1697 3027
4529 3593
4532 1733
6061 2650
6210 8176
1378 3890
2114 1464
3219 6796
3717 8200
4086 807
5905 3121
2102 5991
2272 8225
2843 362
3666 3534
3764 10413
4760 2926
4923 1752
5342 1130
5556 2533
654 10344
656 19
1032 7615
1704 5696
1810 9001
1883 674
2153 5021
2563 5163
4525 590
4822 9523
6173 1508
140 2001
216 6407
1652 835
1783 4749
1931 4749
1952 10621
2055 4826
2271 10537
3210 5667
3412 10651
4009 9712
5330 10336
5755 1015
695 4647
772 7409
1472 1651
3130 732
3395 7893
3905 8972
4432 10805
4593 1852
5038 2531
5488 7058
5668 4872
5784 1680
886 7176
2889 10484
3886 5745
4046 7213
4541 1998
5235 4070
5671 10811
265 422
966 8993
1976 10178
2016 4643
2063 7947
5522 5622
1170 1684
1695 5158
4801 4949
5074 3032
662 714
860 5914
1082 8892
1135 5268
1723 8809
2042 97
2091 9205
2404 8229
3452 2397
3566 8618
3938 61
4010 1094
4958 10700
6163 8082
1307 7166
2195 3816
3624 4664
3831 8696
3848 2213
4087 20
4686 3137
1513 822
1655 10866
1908 6237
2908 9361
3190 2164
4684 9985
4788 406
4889 6498
5510 3437
5678 3501
6230 9691
6245 378
895 7212
1076 10991
1592 7057
1626 6992
2780 7451
3391 4777
3791 8855
4194 745
4507 564
6115 2450
598 10741
1418 4244
5954 6775
1321 2195
1461 1760
4424 7871
5549 5304
625 7544
1835 7035
1983 9494
3713 3689
4869 3669
1510 8534
1686 4718
2869 5163
2949 7006
5684 3842
754 4386
901 5044
2098 4576
2146 4668
2148 2846
4453 84
5581 1813
5840 4105
5880 9677
1766 1154
1787 2757
2038 5991
3747 10053
4096 6567
5083 4078
5363 822
1390 9358
1920 7037
2263 6261
3751 1169
5411 2298
5970 2221
5986 10452
1440 5545
1876 1560
1903 3644
1910 4195
1947 4859
2106 4940
4202 8981
4275 712
5198 6174
834 1932
1524 2111
2095 5021
2624 1454
3232 2201
4004 1094
5602 9729
321 289
1049 7253
1275 10766
1980 6886
2269 1077
2719 128
2813 5163
2821 3586
3781 10564
4897 6364
5131 10884
5367 3647
5511 4033
1884 8936
2039 5991
3061 4777
4064 10089
4415 5383
5445 9629
5487 4455
7 2290
4230 5410
4278 8043
6092 6357
1079 4743
4037 1895
4428 3929
4662 3337
5260 3341
392 1340
485 4229
1324 7396
1672 2389
3725 10721
4493 1876
4643 1281
4680 5663
4852 7995
5300 9909
5409 1129
5598 2221
5738 2518
5848 3021
416 5485
1009 1173
1721 1668
1909 1288
2033 4826
2715 7958
3157 873
3498 7531
4379 6052
6019 2746
6 7737
701 1839
2286 5108
3500 5838
5349 3500
5902 10568
6038 6379
719 2061
872 2285
915 9725
1091 925
1914 2286
4843 8402
6225 1758
1200 10150
1690 8893
3782 6313
4492 8766
4995 6837
1132 7086
1504 1790
1753 6853
1760 9494
4060 5953
4154 9725
4204 6573
5213 4997
1218 54
2031 5242
2158 5021
3492 5790
3748 10413
4756 1453
4765 3564
5028 3511
5248 10869
6261 1190
1387 10375
1449 2536
1846 9956
2015 7650
2360 120
2958 8872
3188 1288
4552 3215
5490 655
5541 4590
5721 7847
5875 6707
893 8880
1000 1086
1791 9924
4724 1405
4771 9343
5382 1393
833 9177
1539 7109
1918 6737
2127 9330
4003 264
4509 2533
4638 3355
5272 3593
5368 2568
1607 2001
1662 11020
4236 4357
5250 3469
5296 8728
6091 3594
524 606
2620 1122
3997 1094
4041 7180
4764 3430
5082 1684
5191 4133
5249 3962
2779 148
4402 4303
4646 9135
4841 10880
5322 9482
5469 2072
5971 9380
297 8911
320 2518
681 10141
1869 6581
1986 10812
2047 5126
2122 10759
4341 1673
4702 1966
5075 4128
5084 8655
1080 571
1912 674
1916 9767
3730 4557
4849 9510
5384 7734
5401 3551
5908 2455
773 9902
868 1131
1462 8570
3501 699
5373 9609
2103 1265
3276 7066
3793 7640
4068 4262
5515 5725
5850 254
726 1856
2448 10921
4070 861
4314 6415
5898 3567
1706 1671
2120 5810
5058 1837
6263 1313
2505 206
1885 8829
2713 9312
3170 7081
3778 3973
4647 2488
1330 8115
1955 6574
2268 7114
3845 8699
5259 3363
5416 5438
667 2057
1007 2365
4742 2343
5214 1666
5928 2446
389 11023
955 6024
2085 4668
2154 5020
3767 7916
5729 1088
6127 9106
1733 902
3239 605
5858 3452
1763 6204
3954 10361
4394 8527
5950 7203
6142 117
918 704
1450 3764
1481 10237
2013 1088
2191 10757
2516 4821
4099 8704
5579 3875
1765 9494
1824 2324
1917 9768
3685 6590
3686 7165
4232 5366
4505 3262
5463 6248
5651 2358
2849 7919
3622 2056
3630 4642
4502 4028
789 654
816 175
2209 697
3656 5730
6049 10141
1246 2041
1559 5620
2005 6856
3650 9271
4984 3451
5034 4364
5636 6196
1273 6764
4528 2490
5290 3145
3045 302
5726 1095
668 8496
1302 6344
1460 9760
3752 4484
4007 298
4837 7581
5521 2255
5776 10056
6206 8446
1708 3402
1755 1154
2876 5366
4419 2368
4530 3489
4602 3647
4773 3507
4785 3678
5406 2844
5855 6914
1600 4262
1942 4930
2100 4576
3440 11026
3904 9130
4481 3635
5418 1733
5697 2222
5739 3713
388 225
1430 7176
2275 5563
3847 10802
6156 976
263 942
1813 541
4792 9559
5964 7878
814 5879
838 7213
992 5507
1328 2507
1333 7531
1409 1436
1677 10175
2787 7944
4520 3114
4876 10041
571 1991
1238 279
3036 5674
4875 8982
5315 1466
5980 8094
896 2654
1325 2722
1754 4643
2037 4940
4848 64
820 1037
1736 1760
2517 84
4550 3354
5952 4650
6152 6521
898 323
954 5396
1522 7386
1814 5149
5094 3829
790 9278
1134 8721
1703 4102
2070 10759
2794 4493
2909 5825
4421 3523
5174 6432
5558 3368
1222 6929
1493 3252
2989 6708
3437 2857
3902 829
4390 9988
5816 3018
62 10904
870 550
1854 6344
3527 10735
4023 895
4155 10089
4480 2583
4548 3183
5650 3092
976 695
1034 7324
1051 6031
1242 5889
1959 4507
3117 7857
3138 6730
3998 298
4554 1383
4896 3507
5429 3355
734 1526
949 1068
1103 1968
1800 5810
3627 11001
5033 5074
855 4267
1314 2533
1487 6976
3771 8500
536 3808
612 652
1911 10478
1928 4747
2145 5176
4466 2283
5528 8273
232 7184
3745 9588
3754 3604
4403 2779
4856 10311
5526 10757
6174 3508
6187 1837
715 9315
981 10067
2186 4747
3481 8713
3970 1094
5791 2719
1429 3646
3082 10528
4636 7632
1840 1725
1867 9494
1963 1326
2096 5176
2205 697
2342 4141
2895 4933
3533 1087
4148 10278
4454 3515
4558 3355
4605 3001
986 10028
1055 1431
1757 10760
1927 10758
3436 10529
4418 976
4884 1894
1249 8999
1434 6484
4953 8442
5025 3688
1092 591
1158 1760
2672 10780
4479 2070
4482 2055
4786 3996
5374 10626
6022 10757
730 9856
946 485
1244 1986
2020 4200
2204 4110
3021 544
3317 6683
3960 8971
3999 10010
5847 3838
947 3931
1111 5588
1712 1000
4486 2223
5985 2241
415 2062
948 10735
2152 4979
3961 29
4029 8931
5324 3355
5348 972
5674 3003
5712 1493
4069 7213
4085 4187
4562 3119
4823 910
5548 4913
1558 397
1569 5228
1628 7066
1825 1095
3812 18
4527 2764
5026 3405
6146 7135
1216 385
1850 6258
2850 8593
4462 10104
5495 5777
1962 6938
3134 10072
4556 2221
6020 3089
3846 5545
4058 2024
4381 958
5339 3646
831 9373
1137 775
1437 10895
1778 3783
1823 4466
1879 4177
2887 8684
4118 8749
4459 4795
4642 2363
5285 121
5303 3593
990 10622
1297 3061
1871 1088
4802 3507
4927 4455
466 7534
617 9583
1043 393
5846 7191
1509 6348
1520 6808
2156 790
4770 2528
6198 5988
585 11015
735 6803
847 9151
928 1038
1084 3871
1166 1771
1457 1590
3269 5762
4475 2071
4579 7835
5390 979
5438 8968
3266 1353
4899 5471
637 38
1482 10124
2101 4366
5047 10282
533 9093
1831 4320
2001 4826
2093 3535
5277 3392
4034 7139
4399 4668
6130 10678
6212 6668
4975 3116
5344 2207
927 10141
1776 6382
3247 10728
3326 3898
3506 6873
6100 1350
2019 9636
2159 5021
3790 8043
3962 8971
6175 3551
1425 322
1894 9691
2054 4721
3281 9887
4423 9863
407 8697
1543 5051
2851 7531
5044 8420
6196 2380
1732 6801
4057 5776
4426 10558
5204 2628
5552 2548
5659 555
808 954
1266 10938
3565 3795
4438 3383
5637 4918
5744 253
2124 8504
3903 3028
6131 1412
782 5080
1003 9325
1412 1760
1863 10758
2160 5176
3494 9185
3644 2471
4436 2619
5135 261
1311 9070
3267 3513
4645 2759
5724 6302
3038 295
3664 958
5273 3089
1415 729
1572 5131
3955 7292
4625 1837
198 292
1064 6482
1452 7489
1554 10109
2074 3312
3969 1094
4452 10163
6265 9679
929 3096
985 3704
1089 1277
2461 5021
3681 292
3762 9605
4052 6545
4463 3355
574 276
913 1245
2036 4826
3380 298
4571 1684
5814 9698
6165 10753
4268 5888
4933 1066
4082 7811
330 9325
442 4107
961 9255
1037 703
1367 8704
1631 8945
1779 10745
2150 4979
1108 1639
1945 10767
3735 3778
5701 2506
5806 10440
6070 581
278 2430
634 225
2948 6387
4025 9543
4799 8228
2003 4576
6253 7564
6133 7037
1752 6853
4024 683
5263 3692
5518 3977
1484 2109
2094 9911
5862 4579
2104 5176
2842 51
4022 1051
4797 2603
5222 7200
5778 10564
1632 10279
4111 999
4420 6327
5377 3355
1893 270
1913 4275
4667 1876
4817 3685
5065 4559
6062 5691
1188 3804
4728 3371
5073 7014
5173 2481
6247 8615
4729 2488
5210 3328
3154 2520
4223 9312
5631 2586
999 10086
2097 3536
3438 3852
4019 4508
5433 7764
5885 7045
646 9380
1353 3847
1597 6241
2273 2286
4774 6177
593 147
2002 7893
2277 768
3661 235
4581 9644
4635 4008
4752 3642
983 2991
1904 1524
4036 3796
4283 7531
4577 3598
4819 7957
884 5851
1229 4358
1560 3718
2618 4112
4020 6097
4166 3133
4540 9118
4705 3329
5534 2218
920 2036
3450 4581
4429 3469
4587 2072
5424 654
5730 4746
2065 1094
3595 9246
4137 10703
5371 7415
5897 7731
840 5572
848 10454
853 42
1602 5410
2291 4825
3235 2164
4930 7463
5949 2986
6184 10016
1898 781
1982 9227
2208 5021
3978 1081
4634 2670
5441 2157
796 7135
1526 7236
1790 1151
1841 1011
1845 5563
5021 3593
5570 3088
2032 5175
2346 4859
4008 9851
4450 322
5538 10112
5835 2613
5841 3163
1282 7520
3471 9496
5117 4197
6166 3808
6186 8496
857 9290
1548 8946
1615 9653
4121 5699
4810 5097
4947 2149
436 1433
1454 5300
2057 4787
2188 5880
5720 748
5824 3444
1072 5974
1870 3992
2087 7687
4044 683
5514 6597
5640 6614
6102 354
1761 8334
2977 5409
4580 3264
4664 8385
5294 2788
5951 6674
803 709
922 8313
5138 3145
6178 3436
835 8925
1291 4293
1582 2729
4536 3021
4612 2149
4613 3024
5527 8932
5270 2641
1506 9893
1839 5563
2340 9286
2993 3487
3069 9893
3665 7721
2125 10572
3761 1390
5485 10435
5796 6974
5817 2667
280 8080
799 87
904 6120
1519 2241
1896 10088
2072 8936
4445 208
4544 3185
4762 3598
4913 6331
5328 3368
5486 7107
350 7709
486 1383
2140 7893
4045 1933
4539 4181
2123 10759
3611 9385
1873 5917
1915 1033
3610 9043
4549 3001
5557 3344
2950 639
3330 2164
5958 3003
1294 2799
1385 8324
4221 8593
4467 1837
4585 1966
763 9775
1215 1514
1880 1033
4208 8179
4411 3073
4472 10107
1508 490
5643 11014
5993 9842
1527 9484
1540 5333
1556 6564
4053 235
1650 8049
1775 3992
1930 4747
2190 5560
4456 3456
4883 3065
4994 7490
1239 8817
3072 1986
4471 1896
4610 10933
692 2211
822 5876
861 1682
1633 10283
2912 1323
4441 6240
4512 3003
5358 6667
2462 4576
3766 632
4006 10626
4407 148
4740 4227
4503 9199
5393 1720
5484 7006
5584 2641
3651 6242
3715 674
3773 1615
4603 2299
5161 3003
5394 3834
5483 10795
463 2453
670 9306
2264 5810
3480 7833
4553 3145
4882 2364
5725 6387
329 7051
4110 4628
4590 2071
5357 3363
5572 3773
1381 1127
1469 8053
5622 8762
5731 3799
729 4162
1255 6838
1495 141
3939 4361
4601 9785
4665 3387
4939 7353
1832 4643
3828 3925
4584 2368
4727 6986
1902 7394
5910 8453
5914 3895
1758 6574
1981 7025
4989 3593
5031 1553
5751 1790
1155 1267
1956 656
3813 10074
3877 3984
5134 1865
1346 6079
1565 7499
2014 1935
2035 301
4405 3500
4586 2379
4866 11014
5959 2817
8 4285
1781 10721
1802 10721
2504 9361
3454 6873
1400 6279
1428 9587
1638 3620
4970 1644
5003 6097
5338 10857
6243 6517
3654 9770
4412 3952
5378 2482
830 2023
1120 10060
2082 676
2206 3619
3746 9605
4120 1336
4775 3629
1180 426
1318 1711
2192 5912
4954 6114
5219 5629
5093 1569
605 648
1358 1570
1961 8829
2626 2015
4551 3656
4681 8442
4885 5437
6155 8067
1126 7743
1257 1015
1455 407
3466 4272
1209 8817
2670 634
3225 5467
5005 1876
5092 8350
6238 1089
1466 882
2716 799
3539 5730
5122 3121
1355 5883
1473 7599
4574 8721
5056 3219
5274 3774
1145 9375
1470 1765
2155 9911
4706 6495
5690 5222
6154 2446
322 9554
659 5310
1544 7223
4523 9385
4836 5043
5356 7229
5856 1753
6116 10839
767 8065
1431 6368
5564 3136
5752 6762
2141 4110
3096 7380
3776 2066
4607 2026
4870 2583
5035 1899
6117 3174
1438 8484
5307 2428
2718 4283
4626 1859
5258 2641
1468 3639
4526 3183
5444 2407
2341 2739
4890 3764
5359 8505
5623 4078
844 4073
1525 6969
1864 10795
1877 8237
4043 10485
5037 3930
4263 2298
4639 3355
4982 6717
5337 2340
5936 8353
6074 1945
1069 10215
2868 9361
6203 4643
4694 2385
1780 1154
2099 4721
4062 6529
4460 1872
5694 8487
5783 7
4040 7213
4937 10010
5876 972
5942 10264
878 3284
4922 4409
6093 1262
892 8331
995 1237
1792 1154
1953 1055
4012 3131
4442 10163
5046 2428
706 573
1872 5786
1929 10758
4567 1837
4743 7860
917 6502
1575 9344
1820 9227
1833 1115
2121 4690
3780 2012
3759 1632
4188 10018
5938 3287
2034 4576
4498 5243
5867 10991
5878 5663
1010 4641
1782 5514
3114 6936
4490 4919
5693 10353
930 3761
4400 3031
4448 1006
1488 8435
2344 959
4013 9851
5177 937
887 2343
1421 8586
1530 1347
4489 6055
4631 1966
4908 1924
1533 9169
4487 191
4722 9178
1073 2480
4084 8304
4476 2070
4615 7584
5625 3887
1512 9378
5004 3253
1047 5762
1786 523
1822 10088
2142 9698
4051 4419
5501 8146
2056 5991
4669 1843
5405 10794
3732 2851
4644 2545
4473 2550
5341 8566
1192 3553
2994 5316
4568 3186
5229 3355
5319 8843
1521 700
2666 7350
6162 2340
1416 1451
1480 2911
4901 948
921 3298
1071 9309
1279 3447
4793 3895
1483 6090
1789 5149
1826 10758
4666 8567
5853 713
1531 3521
5127 6879
5705 8549
4474 10302
4518 8422
700 8794
2073 2588
2343 1077
4427 4140
5137 1876
1856 8141
1905 5810
1561 3815
4951 2363
6237 7688
325 1038
5221 651
1900 9958
1086 7706
1485 4681
1515 8656
1979 10759
1102 10747
1494 9036
4461 6740
5512 1567
1834 5786
4872 3193
4968 10533
1112 6895
4961 7514
5269 6062
1514 2285
2064 4126
215 4044
736 7742
5792 8693
4547 7667
6176 3947
1074 7484
4477 9813
5595 5170
5937 3656
720 7823
1499 1861
3649 6564
5317 3118
5969 5803
1895 4126
3786 10403
5014 6455
1507 10866
2086 4721
5107 6278
1939 6064
6099 1571
4404 2583
4575 7229
1002 1681
1866 5514
4924 2192
1117 6722
1174 6440
1395 3871
1759 6762
2126 8151
4758 3122
5753 1501
343 9760
1603 4032
5045 7599
4508 2211
1104 2580
1424 10112
1423 1749
4504 985
4943 2888
1498 8894
5220 1036
5906 2221
2058 9457
5192 1875
4430 9886
4588 2455
5334 9949
3742 1389
4960 768
845 1526
1818 6764
3631 7448
4754 3630
4942 579
5383 3522
1058 7385
2267 374
4663 2827
237 6312
1897 1019
5057 9461
5679 676
1068 5541
1878 253
5728 1088
4938 3466
5854 3424
6085 5665
1165 5864
1584 2873
4470 1723
4563 3916
462 7919
6040 1236
2674 74
5831 2576
5896 2641
4909 707
5112 6390
4455 7134
4993 7359
2018 3992
4629 4107
1555 10436
4513 2401
4083 4255
4468 3507
5036 3355
1237 7151
4021 3240
5280 6225
6183 7799
5638 3558
1804 10583
4566 3858
5176 10598
1532 3920
1435 2128
1538 3496
4033 7389
2193 4690
4054 1034
6134 1205
1439 2510
1865 8140
3445 1657
5372 2548
2088 5021
1319 2388
1881 2692
4630 3502
3830 6258
1801 1154
5002 3245
1475 2564
5494 1556
1492 7111
473 7683
589 47
4910 473
5218 2436
2067 1019
1536 6235
4039 3645
4857 3204
5453 3265
4187 1966
4956 9582
5553 2299
5708 4692
4440 8112
6089 3525
2187 4747
1501 4278
5421 9066
1478 1992
725 8041
1882 6300
4446 876
5136 3700
5711 10759
5333 10558
6135 8920
5566 8803
4444 9397
5680 9915
4565 10743
3976 7612
1502 3953
2007 10728
942 1042
4389 7669
4483 4164
4658 7687
5830 4535
1053 6168
653 3171
2069 4747
1446 2123
2891 7471
4689 2643
4969 3081
5870 7007
2265 10569
1436 8711
1541 38
1125 9472
747 8372
1829 10569
6169 10743
5932 6063
5343 2490
1212 4853
4578 6757
4589 8098
1261 8105
1389 283
4690 5734
5506 3047
1342 7793
1545 4112
4867 1670
5061 3509
5788 8275
4688 2379
4614 2171
5175 7955
1317 8352
1830 5810
5899 9189
4543 4241
1518 6809
1756 3141
