img07c1.jpg img26c3.jpg
3571 1094
4580 202
3927 1289
3810 1123
3809 1278
5142 1521
3843 1289
39 81
3740 202
5749 1389
57 162
5141 1521
3519 378
5625 1289
4611 1289
4335 202
3785 1699
4641 1278
313 1289
5322 1716
5152 1551
3569 914
3854 759
3845 759
3484 553
3867 759
4470 202
121 756
149 192
2378 733
4617 1662
3354 1306
5246 1369
5032 1094
5319 202
4632 1318
5143 1551
6217 1516
4233 1094
5653 1123
26 81
6216 1516
3853 759
3646 1575
2512 759
3912 1123
4756 1149
99 1176
5159 1483
4774 1428
6215 1516
3787 1126
4630 1278
5144 1551
4626 180
6255 1479
5216 191
3878 1668
5164 1521
317 1482
3314 1306
3817 1278
3868 1100
4660 1289
5665 1662
3270 1306
3426 765
964 1680
3822 759
3698 202
4627 202
4657 1318
3883 1278
5198 1094
5222 1336
4558 202
4246 914
3825 1278
5156 1545
6051 202
3827 1267
4206 1094
5125 1516
184 1299
3590 1378
5207 1551
3637 202
3820 1329
3844 759
3409 805
3580 1201
5153 1551
5706 1727
4613 1278
4690 1668
5171 1094
4250 202
3721 1428
4631 1123
4612 1320
2951 968
3176 1277
3852 550
4114 1360
5799 202
3719 196
3918 1267
5905 1528
3377 709
5487 1068
5192 1148
4667 1507
5558 202
833 829
5670 1668
3428 765
5031 1149
155 336
3450 805
4172 1360
4423 192
3085 1176
3567 1179
4195 1483
4216 1635
3593 1094
4635 1267
2533 759
5916 1360
3824 1267
5633 1289
3156 1176
3173 1306
4691 1662
5536 1194
3616 844
5634 1267
2971 968
6011 73
6266 1360
677 1628
2721 49
3309 1306
3699 336
3836 1126
1354 1364
3496 1516
3430 805
3606 202
3178 1306
3312 1306
97 756
3273 1118
5565 202
2377 759
6445 494
3831 1137
5201 1483
5195 1532
3542 1545
2878 1723
3447 805
5137 1437
5179 1551
5323 192
5935 1747
4721 165
3856 29
3880 759
5206 1551
4579 1176
3353 1306
5175 1521
5601 401
5737 1102
3622 1152
5241 1483
5485 1012
731 990
2370 733
3256 1118
3525 1533
6376 1360
5029 1148
5268 1378
970 880
3299 805
4645 1318
2934 600
3306 1118
2924 600
5765 1176
3029 1602
3614 1607
6342 1091
4398 196
4584 1716
2714 494
3702 1116
5166 1521
4182 409
4213 797
4652 1329
6205 624
2950 600
5186 1539
3642 1518
5473 202
3413 1118
176 1138
2970 968
4010 1306
4757 1685
2925 607
4016 240
3541 1201
3734 702
3841 759
5174 182
3236 1306
3850 1137
3922 1246
187 1668
2498 759
3235 1306
4640 1699
5235 1012
2673 759
4673 1662
6283 510
91 756
4232 1338
2928 241
5574 202
5007 1437
3855 759
3885 1327
3933 1246
5102 194
3799 1329
4007 895
5127 1551
66 162
2390 759
4702 1668
5802 1210
2263 1131
3554 1201
3162 1306
4022 788
460 990
3180 1306
5449 1250
6305 1735
33 335
3506 377
5632 1320
5623 1719
6081 99
5476 202
5212 1179
4397 1649
2609 759
5520 286
3375 765
3881 1100
6421 1719
4028 165
5646 1662
2890 239
5721 1388
905 990
2251 703
2246 604
2853 676
5391 305
5826 1258
2180 604
5789 202
2517 104
3539 1516
4277 1723
135 335
5402 662
5553 1719
4954 1058
3711 1258
4130 1677
2368 703
3339 765
4677 1289
177 1025
2383 733
2836 869
5223 1208
1187 401
3393 1306
4666 965
5178 1551
5187 1521
5513 840
3753 403
4103 1353
5269 1139
5606 1320
2608 663
3720 829
5728 1116
298 197
3941 1662
4196 593
6360 1360
163 1193
2530 49
5519 1378
5478 593
6225 1528
3735 702
3842 663
4212 238
42 1353
2933 600
2949 600
4532 240
109 1465
2372 759
3898 1123
2518 217
3866 759
4207 967
5173 433
164 1296
1440 1165
2880 309
5921 1716
6054 295
2248 604
2855 723
3006 1018
4542 1220
2850 723
6416 169
2688 645
32 277
2291 1131
2536 213
5628 1471
6367 1247
2163 1131
2510 759
5596 1338
13 1473
809 1617
2074 687
3597 117
2297 1131
2892 239
4204 1201
3079 1025
3565 1094
5226 1094
4008 191
5155 100
3005 1018
3621 1229
4582 1378
5149 1187
5761 840
6087 98
3784 1267
4183 1094
6344 1100
3790 1267
1087 885
2835 676
3317 1306
4027 1289
5609 1201
3424 955
4628 1272
5274 194
2535 213
2911 241
3896 1268
2870 239
2966 968
3037 164
83 81
2834 747
3821 1285
5801 196
2611 759
5438 299
3495 1541
2273 1131
2387 733
2831 239
2847 239
2889 239
5136 1428
4714 1668
6404 1180
158 1428
5570 1692
2861 239
3865 759
2741 30
2932 607
3381 955
4619 1123
6284 100
2612 733
3118 166
5909 409
5922 1100
768 164
2701 1131
3613 202
4850 192
1995 5
3048 1605
146 1378
2531 663
3167 1306
1155 1336
2499 759
2747 1724
5879 1251
3065 164
6294 1256
71 81
647 1676
3164 1306
6058 1627
147 192
2515 213
2396 759
2507 759
2590 1131
4697 759
5113 202
3834 687
3969 50
4278 1199
5147 1737
400 373
2974 968
2283 604
2919 622
3840 1327
630 152
2833 747
3544 1353
4556 1642
4880 202
3497 401
3879 759
4396 125
5395 1428
5467 240
2439 550
5462 1201
2976 1592
2846 239
2873 676
264 1645
4254 1094
4255 387
5154 1551
5314 1439
5645 1464
4234 1334
2887 600
3073 164
3149 1653
3432 955
4121 1284
6156 1100
2501 759
2888 622
4739 1706
11 1648
3620 202
3942 964
5528 1378
980 1439
1044 300
2910 241
3010 202
5101 154
5871 182
4135 484
4270 1588
5818 1551
4471 1353
161 1695
3072 164
3333 765
3517 484
3694 202
3724 1176
4159 1152
4225 1150
5027 1091
5170 1520
2269 687
3411 955
4252 318
5191 450
2275 1131
3703 336
5167 1451
2661 1131
2811 494
2852 676
2953 968
4875 335
832 990
2505 733
3722 202
3890 1100
4544 199
2295 1131
3849 202
3592 1604
3788 1285
2046 52
2617 213
2619 759
3071 164
3154 191
5112 565
594 1637
2429 1131
2845 239
3008 724
3624 154
6070 1357
174 305
2359 1131
2675 217
2842 676
5910 182
547 202
5817 1116
2358 1100
3018 1239
4297 192
4323 1378
5219 1208
5488 1378
6365 733
3602 1157
3286 1256
4115 1471
5550 1428
3421 734
3505 377
6302 1256
257 1614
2738 1131
5880 1251
4324 1628
5432 197
79 1279
569 197
3214 1306
4193 1064
5537 1716
5792 1578
5932 100
6091 941
261 143
2384 733
3076 1025
5210 1640
5618 1329
6206 1552
844 990
1080 632
5086 202
5722 1388
2156 703
3599 1340
3715 919
6193 518
220 731
1069 800
2986 1602
4231 1392
4524 1378
5039 1208
5292 351
6202 1331
2521 68
2872 239
3316 1306
488 1750
2818 1723
2867 723
2981 1602
3122 1040
6397 617
2539 663
2875 676
3295 246
4132 182
4215 593
5204 593
10 1473
1051 628
1078 597
3210 1306
3763 1257
4208 593
1105 1735
2254 1131
5790 192
2550 759
2837 856
2362 759
5557 1578
5631 1668
5979 1116
2907 239
3945 49
4217 1152
4637 1129
3714 919
156 152
2386 759
2893 676
3285 171
4378 1168
5897 1176
2256 37
4833 666
471 990
5006 1443
5082 108
5228 409
5828 1353
6460 480
310 781
2250 1131
2618 217
2871 239
2894 622
4883 1428
5202 13
5845 204
2503 759
4923 1377
642 990
2740 30
3579 1524
3736 56
4330 1428
5705 1727
2990 1025
3635 240
4449 1511
5140 193
5245 240
1810 1327
5028 189
962 1621
2920 600
3367 1262
3931 607
2522 213
4717 1128
956 1156
2397 47
2869 600
4197 1604
6289 487
21 1174
566 990
2886 1573
3338 246
4499 240
2356 83
3121 1025
3596 1360
5232 593
1871 1296
5831 1428
3363 1262
6267 1680
2516 56
5333 1586
5898 1623
80 305
96 50
2613 213
2927 622
2405 550
5261 1201
5442 196
5719 1588
3329 955
2172 550
3021 1025
3364 1262
4642 1286
4823 240
5158 1153
5194 1607
5348 237
2922 600
3913 1711
2289 1131
2381 733
3405 805
658 839
1794 1327
4313 1374
4758 1378
5264 335
5408 202
5600 1491
5681 1524
6450 1563
2249 1131
2534 759
3892 1668
2674 662
3360 1262
3943 712
4371 202
6270 639
2171 687
2380 759
2461 1131
3682 202
3786 169
6395 535
711 1628
2157 604
2874 676
3296 805
3325 805
3581 1011
3939 1646
4290 1179
986 1532
2905 607
5569 335
5637 1378
5657 1711
316 1252
541 118
2525 773
3193 164
4648 919
4656 759
5407 1171
5709 1289
3608 117
5054 202
6339 709
2921 600
3362 1262
5213 999
2791 1564
5457 202
5841 1058
868 139
1873 13
2799 997
5396 1681
2161 1131
2247 604
2294 1131
2519 213
3366 1668
2389 759
3028 344
3891 102
3988 1428
4148 409
5713 1716
2882 723
2923 607
5262 1504
960 1680
2579 1131
2913 241
2929 1135
3524 999
4173 1091
4253 967
3234 1306
5859 1176
25 202
573 1628
3944 29
5272 1378
5690 839
162 1159
2258 645
2298 1131
3064 166
4651 826
3989 1677
4243 1539
5652 1662
5763 1258
3832 1662
5748 1102
1029 192
2455 1131
4267 1428
3692 336
6337 1327
303 1627
2610 49
2848 723
3031 1046
3098 1221
3331 955
3392 910
5465 1378
5484 1258
5663 1733
2284 645
3558 1491
5589 86
6433 1685
548 200
2979 1602
3527 1300
5995 1488
1942 5
3730 702
4273 202
4802 1678
6173 722
6374 1201
670 387
3522 1520
4002 673
5225 100
5679 730
5822 1705
1970 58
2657 30
5126 1444
5636 1278
5821 1353
195 249
2184 550
2261 604
3548 1406
5820 1176
6082 1681
297 164
3169 1306
5243 593
4550 840
5843 1711
2635 1327
4019 1714
4230 840
5399 661
2575 1131
2355 1131
3627 336
3893 759
4131 100
5635 286
5702 435
6351 1627
137 465
2528 759
3046 1018
3371 783
3819 1507
3950 1729
4372 1678
5426 1705
104 1676
2153 76
2676 49
2854 676
2876 676
2388 733
3055 1653
3407 765
190 931
528 343
2901 241
3412 805
5602 182
5829 1138
6037 1617
2514 773
3119 164
5119 1186
6186 769
140 756
927 193
5189 1444
4819 1193
5165 1516
5546 202
2391 733
2508 550
2529 663
2695 1131
2713 1565
3025 968
3737 773
2375 47
3552 552
3882 687
9 1376
58 1338
2255 1314
2912 241
5236 1197
5297 1234
5621 1480
2511 47
2862 723
2975 968
3851 964
5193 1474
1985 1329
2614 56
3448 955
6012 239
14 1174
4557 1388
4694 102
3504 1377
75 169
262 678
939 146
2264 1314
3181 1306
3268 910
4968 1467
553 140
857 541
3212 1306
3652 1446
5196 191
6332 1749
6418 848
702 333
2843 676
3818 759
3894 217
4092 202
6182 1257
936 1517
2399 550
3001 350
3080 155
4025 1544
2526 49
5725 196
321 1100
671 695
2860 844
3324 955
3744 192
3870 662
5925 1723
2442 1131
3765 1223
4450 1724
5151 1545
5883 1448
1943 52
2260 1131
2502 47
2677 1327
3357 414
4602 202
5641 1210
6015 323
6303 877
4281 192
4598 196
251 1040
2827 286
2849 747
4581 202
5124 1338
5214 401
5572 100
6009 1697
6458 599
196 451
1039 747
1811 1327
2952 1018
3886 1314
5265 340
5521 1642
5538 204
5731 117
2607 213
3398 1262
3846 1353
5534 1058
152 50
5477 1063
6453 582
2365 47
2435 645
4186 1687
5199 1178
5559 1289
6268 780
3050 1046
3518 1290
5655 199
5767 1353
224 1473
3207 1306
5008 1451
1722 1058
3078 430
5464 308
6447 1738
2357 1131
265 1465
1024 215
3538 1541
3992 1382
4565 261
6457 1403
686 342
2865 857
4671 635
4801 360
4870 1448
5492 262
3607 202
834 1353
2586 1131
2720 49
5664 247
2465 1131
3520 1423
3576 1150
975 880
4289 1511
4946 479
5043 1149
46 1437
3431 1123
3549 1012
4497 202
4578 286
5138 1437
2577 1131
3298 246
3322 805
3494 409
3915 1057
4868 239
5145 1336
5993 1096
266 1511
2460 1131
2651 1131
2696 1131
2881 723
2989 1025
3884 964
3905 101
4621 1193
5406 1353
2158 1131
5181 202
959 584
2288 550
2351 1262
2583 1131
2820 1723
3201 525
4866 1448
5715 1678
81 959
2538 56
2658 550
3075 1025
5182 202
2268 1131
2810 626
2868 723
3150 164
4292 1378
4456 1428
4564 202
5169 1102
6304 1542
946 1474
2155 634
2523 56
2778 1303
3889 1128
4276 99
4616 389
182 1126
2159 1131
2458 30
2500 47
2504 733
2801 1723
3570 1521
5176 1340
5306 1719
5687 1668
5726 253
6424 237
4 990
115 138
3582 462
3871 107
4149 1152
5616 1289
5710 1289
202 430
2576 1131
3247 164
6006 840
6061 444
463 336
2366 759
2739 1131
3047 1018
4638 734
1660 1520
2441 1131
3654 1738
4046 1321
5048 1150
5441 206
47 1623
263 807
2361 47
4654 702
4674 126
5298 459
5666 1044
6309 1640
6330 388
2401 733
2703 1131
3017 231
3713 727
4589 261
5180 1360
5289 250
650 1389
2179 604
2569 1131
2638 1327
2940 1018
3291 805
4639 955
4764 336
6121 609
6320 893
1062 628
2274 1131
2857 1723
2863 239
2864 239
3717 859
4421 1331
4435 1168
4473 435
320 213
1098 1454
2520 48
3345 910
3792 1122
339 1110
2259 634
4214 1188
5065 1349
5267 1173
6196 118
2647 1131
2719 48
4038 1428
5512 1257
6240 281
6461 1738
188 1321
2541 759
2689 1131
2694 30
2915 241
3056 237
3350 910
3956 746
4430 1711
5011 1443
6164 1179
2449 1131
2775 56
2906 600
3826 1657
5575 598
5997 662
6446 482
1071 632
2379 759
3022 1018
3320 805
4134 1338
5230 1588
5597 1095
5791 1258
6100 1488
6163 1739
2573 1131
2903 245
2993 968
3041 1025
3070 166
3738 68
5541 340
5740 197
6364 687
2430 1131
2885 764
3332 246
3499 635
3731 702
6440 1537
362 1648
2353 1128
2884 607
2909 676
5139 1437
5340 126
5624 1704
5832 1389
5956 1635
529 385
2445 1131
3442 734
4160 593
4572 1378
4650 1322
5331 192
5533 50
6293 1256
6439 1090
3535 351
3645 1575
5433 480
2253 83
2988 1025
3429 246
5109 1176
209 1549
524 342
2160 604
2999 968
3081 1018
3798 1124
5369 83
5756 196
502 1349
2185 687
2423 1131
3443 734
3446 783
4274 262
4540 50
644 145
3675 1246
4012 1251
5160 877
3293 246
3726 1389
76 1216
2417 47
3385 899
3555 1011
3935 634
5295 202
6010 1210
2620 213
3231 1277
3741 36
5357 1680
5907 1552
70 990
120 937
2844 856
5304 1321
5330 1116
5949 1507
3052 191
5673 68
6454 480
406 125
2832 676
5157 1360
6083 1446
6333 1575
1552 1039
2060 18
2767 1563
5200 1149
5662 305
6438 1429
6 1174
93 1749
934 1521
2883 239
3469 85
3951 284
4184 1064
4198 409
6426 663
2692 1131
3557 1198
3936 759
4781 1176
5135 512
5415 240
790 108
2400 759
3323 1662
3779 50
4009 1168
4607 781
6218 452
2282 604
4871 202
40 990
2302 550
3491 766
3754 202
4151 371
1889 1122
2081 18
2285 102
3488 494
3521 1404
3591 1444
6161 1014
6314 434
2182 604
3233 910
4625 306
4741 1374
6325 693
111 1349
2737 1131
4710 1668
5291 915
1352 1377
2756 1327
3917 1329
4341 166
4664 168
4918 421
5026 1256
6449 598
44 1451
741 541
3833 1128
4269 1521
4891 1719
5224 1604
945 553
1829 1327
2042 52
2181 83
2978 1018
3067 166
3399 1262
3489 1565
5161 1502
5549 1258
1880 52
2229 682
2440 604
2527 48
2926 1348
3929 1131
5517 7
6310 1446
2215 10
1068 877
1111 1467
2899 241
3747 779
3876 102
3991 192
4181 1631
3485 1152
4662 865
5403 335
5770 1258
5824 1720
6160 1156
84 1116
125 139
482 992
3083 1039
3294 765
4835 1284
589 1176
2165 1131
2169 1131
2363 759
2680 1327
2858 1551
3152 1025
3292 805
3330 246
6124 1704
6359 1074
2955 1018
3229 910
3664 1451
5672 213
5682 50
6112 440
2175 1131
2672 217
2748 966
3093 1221
3670 403
4229 1738
318 734
490 126
2964 1349
3279 1113
4280 1662
2177 1131
3287 1306
3438 766
5677 1116
5945 228
6116 1152
2559 47
3476 494
3543 196
3623 1193
4882 1457
5986 166
6040 283
2524 217
2995 231
5514 202
112 277
604 259
1188 449
2262 1131
3049 839
3764 1258
4849 1448
5012 1618
6245 1705
6402 475
65 1174
2431 30
5205 564
6390 1317
145 139
826 232
2385 47
3665 1544
5707 1716
2691 1131
2896 769
6013 797
542 333
734 145
1224 1369
2454 896
3578 1588
4194 99
378 702
2947 1385
3458 1278
3745 1707
4713 1174
5172 1152
6211 641
2354 550
4884 318
5754 1258
5968 1606
6281 1290
1723 1607
2170 604
5958 1305
6243 1486
1112 64
2496 1122
929 223
2686 30
2908 676
3404 1662
3634 1719
921 298
1805 24
2367 47
3337 1322
3514 789
3802 1699
5936 164
170 152
2049 42
2464 1131
2828 1744
3020 989
2398 47
3038 164
3657 50
3835 31
5669 1012
6392 1727
31 1174
169 336
2252 604
2300 604
2814 1338
3604 1649
3900 70
4997 96
5129 1495
5234 1640
5927 1491
6106 1083
499 1627
1076 722
2173 604
2408 733
2462 30
2980 1018
3129 1221
3370 31
4185 1735
4282 202
5208 1518
5568 1223
122 204
1999 5
2394 47
2821 1570
55 1479
559 296
592 1749
2243 22
2997 155
3000 748
3007 748
3444 783
5270 1575
5392 9
5667 1063
446 125
1944 52
2904 622
2984 298
3380 246
3427 246
6358 784
708 397
1654 202
2428 1131
3321 1662
3742 217
4158 1600
5503 335
2178 687
2582 1131
3470 756
4732 1457
12 1193
2154 1131
2174 1100
2513 56
2937 1297
3045 748
3153 1025
3493 97
4614 202
5988 192
138 1692
5529 202
6069 1014
6176 1471
619 280
1879 24
2376 703
2666 604
3481 1089
4150 1250
5421 1660
6362 570
1093 298
3002 1005
4021 1574
5578 1109
90 23
722 806
816 373
2693 30
3373 734
3389 910
4879 1349
5567 1357
6101 189
6420 393
2272 83
3111 1655
3688 206
20 277
380 990
954 262
1092 503
2299 550
3359 805
4663 778
141 1168
2866 857
2902 1135
2938 1018
3857 210
4991 401
889 1511
2585 1131
2616 773
4683 1321
5384 1353
128 336
1185 433
2045 662
2382 759
3403 783
3457 783
5162 1364
5397 638
5593 50
207 199
245 1067
2167 604
3261 1294
4203 421
4227 99
5915 1524
1793 5
2725 47
2897 723
2917 241
3140 1388
3374 1668
3473 92
5435 270
1856 1537
2286 30
2851 1394
3585 840
5366 1395
5870 1296
107 1353
1783 1246
2637 49
2954 197
2985 155
3278 1388
3919 54
5615 98
6117 1507
2645 30
3372 663
3653 202
401 1648
2958 1018
3204 1306
3921 1256
4478 1176
129 1754
2967 1018
6133 99
2447 30
2542 733
4687 192
37 1256
689 361
948 1537
1072 503
1084 706
1819 1327
3327 1662
3328 246
4152 1678
4287 1159
239 1300
2083 22
2698 1131
5642 1210
6191 1197
323 217
715 895
2052 18
2591 1131
2660 30
3243 1221
3986 237
4336 1374
623 172
2237 880
2451 910
3336 1662
4851 1193
5564 663
5691 1633
203 372
2187 45
2427 783
2830 676
6141 1602
6277 990
6322 378
2700 30
2956 389
3387 910
3534 1105
3869 1262
4905 1729
5347 409
5493 1543
3027 1037
3441 734
3449 246
5332 1716
5527 900
5658 50
5755 1132
45 1451
278 1628
2702 1131
3655 162
5803 78
6408 19
2803 1109
3063 166
3523 191
4001 1058
4538 286
288 1099
505 1601
3036 1653
4228 1094
4548 1219
4782 1678
5630 1146
6273 1180
6341 409
307 949
410 1293
2127 2
3673 557
5622 1210
5654 1278
6048 296
2053 22
4955 239
5588 137
5999 250
6188 1096
635 1646
760 336
1558 192
2044 52
2166 604
2962 681
3013 1018
3344 910
3365 1262
4661 821
5479 261
5730 593
2290 30
2621 56
3303 910
4672 704
5708 115
5733 1210
534 1628
999 1528
2132 2
2663 1131
2736 30
3619 318
6278 1403
3 250
1266 1450
4299 192
6028 385
6328 378
6441 1360
191 1672
433 323
565 1559
4223 1737
5718 1474
6340 212
305 990
874 466
1992 21
2564 604
2581 550
2600 58
5337 336
6094 323
6295 154
74 1174
981 1329
2199 18
3422 1262
3512 1353
4415 1378
5697 188
181 371
2425 1327
2717 570
3035 961
3733 68
4171 564
4609 1258
4992 1467
5712 1738
5948 1716
6298 1480
2466 1131
5049 305
5950 1138
6115 1672
3308 910
3647 1439
4291 1211
4693 29
6036 434
67 191
205 465
2437 102
3302 910
6046 1720
105 460
788 1296
2668 22
6405 1685
916 1689
2360 550
2649 30
2655 1131
3537 502
3632 1203
5453 895
5659 783
718 1378
2580 1131
2588 1131
5318 1705
5648 1327
6027 1079
584 114
1820 1327
2152 22
2838 1338
3172 1306
3334 246
3423 1262
5551 1077
62 139
971 369
3148 166
3979 1353
5511 1657
839 363
3402 1668
3547 81
5251 202
6146 1723
208 1633
2371 1314
2563 1131
2968 155
3051 237
6158 407
2374 759
3004 1602
3626 192
5349 1353
5943 1147
2168 604
2245 604
408 263
2969 968
3264 910
3400 783
4680 670
5502 1488
5644 1213
5809 108
6192 1338
2144 22
2561 1131
2895 1350
5847 1738
6065 1592
6132 573
189 33
350 659
501 1363
928 1411
1955 42
2047 42
2176 734
2654 550
3039 1025
3490 85
3791 31
5769 316
3369 1278
5197 1012
299 388
1950 964
2164 1131
2410 733
2734 30
2939 155
2982 871
6097 1592
791 741
2426 1131
2722 1327
3138 826
4945 1184
5573 1153
530 232
2270 30
2646 1131
2664 910
2749 113
3220 910
4429 360
467 1283
802 155
2463 1131
3376 246
3556 433
3823 1131
215 990
729 1729
1813 883
2244 757
2364 1314
2438 604
3551 1509
3928 210
4950 1208
5693 165
2856 786
3743 663
3749 403
532 1538
1050 648
1091 732
1353 1244
1972 52
2574 1131
2769 998
3347 910
3368 1262
3712 158
4359 1563
5434 114
2570 1131
3575 1513
4315 192
5211 1378
6373 1721
319 709
2000 2
2183 1131
2257 604
2443 30
2566 1131
3151 1014
3199 961
4587 122
5592 1361
6167 340
6456 1081
466 152
581 435
3858 1318
5025 1692
5605 1437
5753 1473
6444 509
6451 599
308 781
771 990
3088 1653
3340 246
4949 1146
5240 1497
5443 286
6147 1480
6269 780
2041 1262
4998 875
139 1226
1962 42
2395 47
2726 1327
2766 1666
3445 246
413 1601
714 244
817 971
930 378
2552 47
2743 73
3378 246
5694 1727
1037 304
1795 1327
2071 18
2189 59
2556 1327
2727 1327
6345 801
6459 588
789 1642
2476 22
3801 31
696 839
942 1012
1647 1420
2186 102
2572 1131
3667 403
4226 1524
180 373
2200 17
2622 1327
2973 1018
3305 910
3326 734
4653 70
5579 1357
6134 1207
6200 1487
609 1488
1097 503
1533 1530
2509 550
2735 1327
3104 1388
4722 1685
5452 1723
6131 1609
762 1707
783 781
1011 578
1876 5
2293 30
2935 1020
3419 213
4312 262
5190 959
23 1353
1277 1420
3054 237
3202 262
3227 1380
3545 1678
6180 1548
3601 137
5168 1450
5714 101
6214 1512
64 172
238 1652
453 99
1159 1360
1391 1014
2413 663
2436 1131
2545 733
2761 1327
3408 1262
4917 1211
1899 1327
1991 52
2659 1131
2683 733
3466 796
3978 121
4180 447
5148 1187
5823 1414
6144 463
6168 1176
6285 1713
775 1319
1066 254
3511 397
5680 202
6356 583
1946 1262
2587 1131
2639 1327
3751 468
5335 307
5619 876
601 1225
989 576
2292 1131
3636 1378
4932 1353
6003 1381
175 142
825 1331
2076 44
2578 1131
2744 598
3498 885
5131 1338
5742 334
233 584
751 990
1157 1360
2238 1329
2780 1727
2815 423
3197 171
3998 1682
213 1210
931 362
2147 22
2537 213
3410 246
3638 1152
6177 237
6244 1707
1061 655
1085 114
1954 52
2192 22
3195 961
5920 1438
157 1637
509 189
2352 1329
2565 1131
5976 1300
473 348
1990 52
2342 2
2555 47
3196 961
3425 1262
3500 1693
6209 609
6411 1706
562 1295
1798 24
2540 49
3043 1018
3684 798
3972 1698
5370 1128
5780 1353
6271 1575
1818 1327
2631 733
2642 47
2690 1131
3550 1547
1949 42
2420 733
2584 1131
4251 188
4436 1193
4676 1714
5886 652
17 1349
2957 1395
3437 1073
3908 638
4885 1369
6256 1297
814 336
1956 964
2004 1507
2456 1131
3147 961
3471 72
3959 245
5582 1555
6381 547
2040 52
2265 47
3897 1699
4519 1063
5401 1327
5923 1693
2914 241
3012 194
4509 335
5771 1670
223 1331
498 1395
906 1161
2898 241
4047 1321
5390 1314
6262 1198
6435 651
198 169
398 1395
3074 1046
255 1241
2025 2
2444 604
2946 1572
2983 764
3217 910
4921 492
5255 287
5807 108
53 335
296 731
1634 1431
1797 24
2188 759
2432 30
2589 1131
2998 989
3677 62
108 336
1077 781
2015 2
2653 896
3416 1353
5128 1211
6212 1132
2278 910
2816 654
3451 1262
4071 1715
5535 1642
5608 434
716 228
2678 1327
4618 1100
6174 434
85 1174
455 357
717 990
1940 1378
2392 734
2532 759
4670 1067
334 990
664 1168
2056 45
2136 21
2963 1572
3024 1018
3194 908
5244 117
727 266
2078 18
2277 1131
2562 896
3651 1251
5858 190
5977 760
1976 873
3756 140
4224 1581
5914 1735
1082 503
2287 604
2412 783
2650 550
2819 1697
2877 1744
3391 910
3964 1598
5249 1559
1156 856
1183 1503
2113 5
2276 1131
2648 1131
3406 246
3906 1100
3920 687
4759 202
95 262
1013 991
1888 1243
3077 879
3115 1174
4296 1114
4931 1502
5955 1199
6139 1459
577 1394
838 1256
1953 1262
2145 22
2643 1327
4331 1428
5398 45
2793 13
4034 816
4740 165
5732 1428
6105 1018
6292 1616
6334 720
556 1284
2434 1131
3420 1668
4934 663
5961 522
801 756
1804 24
3732 90
5842 231
6317 887
6369 443
600 250
2039 1262
2712 1727
3887 1378
4445 250
4469 140
5218 64
5661 840
6062 1404
6419 259
2773 570
6190 593
2567 30
2944 241
2945 241
1019 52
1996 5
2477 17
2546 1327
2777 1381
4279 1446
6024 1519
6282 373
254 1595
276 112
294 1295
1887 1262
2414 733
2656 1131
3230 910
60 1488
274 153
2301 550
2448 30
3009 1300
4629 486
5911 876
6063 1422
6093 1175
2027 2
2699 1131
4235 1377
4498 250
5284 321
1209 876
1549 1140
2296 1131
2626 1327
5547 1255
6122 588
1170 340
3433 1262
4836 1273
6353 1479
598 1113
808 1653
1870 1353
2279 30
2662 30
3003 1239
4522 1374
6260 433
6432 1634
119 139
1817 1327
2266 604
3120 155
3383 1262
3660 348
5185 1405
5315 1706
306 1138
674 286
769 340
1034 305
1073 732
2084 45
4410 1373
5480 192
5499 57
2206 40
2629 1327
3661 1130
29 388
361 1243
2402 734
4755 1174
4919 1377
5964 1671
622 1699
2494 42
3213 1475
3681 435
27 990
54 1538
585 250
704 1528
3947 1394
6089 998
1984 700
3014 731
38 648
2064 28
2457 1131
2758 1327
3266 910
3640 172
5612 1251
504 200
784 347
952 949
1021 1323
1043 295
1551 1420
2057 634
2329 1243
3355 360
5590 1738
5846 443
5872 1093
69 1129
472 150
1089 875
1986 107
2070 22
4202 586
6378 1721
475 1337
1548 1396
2406 1327
2544 759
3068 1282
5231 576
5252 1208
5656 1719
3282 1221
3663 1184
273 1590
322 1100
2684 1327
2965 385
3762 1174
6016 1428
6119 238
2404 1314
5254 680
5972 593
710 1384
1636 1431
1945 861
2615 217
3955 818
200 1113
282 5
767 1479
1521 1475
2058 18
2424 1327
3513 1750
5543 1298
6103 1706
6194 101
2227 1327
2393 47
3034 231
3053 166
3225 910
3643 1666
5545 155
5611 171
5992 1570
597 1200
2598 1318
3215 910
3379 955
645 356
2008 2
2742 1131
3117 1282
3669 592
3937 1567
5275 1689
3697 1628
4422 144
6187 486
2029 1327
2150 17
4245 1524
4780 240
5647 1327
5816 350
171 144
489 285
1800 5
2006 21
2239 18
2671 938
3987 1058
1390 1444
2051 1262
2825 1647
3315 143
3800 1278
3875 734
4049 1321
5381 20
6095 1238
6308 1499
2280 1131
3748 1565
4026 1714
5483 1154
6247 1738
6321 1101
976 1040
3479 443
3701 348
5825 1158
6319 648
370 1507
985 1734
1036 723
1309 98
1733 465
3221 910
3690 1443
5586 1550
52 1333
63 1495
131 770
633 1378
685 240
2162 1131
3462 755
4447 73
6104 1520
1049 677
2141 1253
2418 733
2665 1131
3750 403
6347 245
6357 639
631 1058
1038 715
1110 1283
2485 1262
3163 1475
4391 1349
4832 154
5365 4
5610 923
6080 1513
6409 9
665 435
2048 52
2098 25
3113 826
4716 1137
6165 1207
1790 2
2197 18
2568 896
2795 350
3725 1668
3952 164
4205 24
5121 286
5248 1592
6109 1452
672 1743
2369 733
4082 1677
4701 1174
6151 622
2543 1327
3100 1388
4059 1537
5542 1465
5660 2
6072 232
2652 30
3248 989
3492 469
3980 1176
5675 1697
494 915
2194 18
2751 704
2781 635
3219 910
4689 687
915 1241
1808 1327
1825 5
2829 1348
3953 937
300 938
2305 22
2806 1565
2977 1265
351 1754
1012 895
2632 1327
3611 1745
5020 1678
6162 1244
34 1488
2785 577
2900 241
5782 1179
6047 371
252 1331
454 1141
903 1131
2228 1327
2281 83
3032 1093
3467 1564
5651 1678
376 1100
1724 1180
3335 1389
5250 954
5445 131
5750 1230
6092 99
18 250
363 1467
586 341
1000 107
2571 30
3182 194
3486 98
4298 269
6329 1586
364 982
2143 662
2459 645
3540 1503
3087 166
3679 1581
5604 1377
6410 51
275 981
1947 548
1952 1100
2120 1327
2634 1327
2745 821
3223 910
4682 964
5768 1537
6235 1726
114 164
232 140
550 1448
1980 42
2679 1327
2991 1018
5371 826
617 192
1441 1095
1869 1588
2080 22
2267 1131
2486 44
2813 1620
6149 1680
957 1076
1823 1327
3144 1228
4646 472
5266 1653
179 1507
3105 1210
3114 1284
5118 1387
5183 126
5461 485
5746 70
6338 1633
6343 1269
6370 443
259 840
1979 1304
2010 2
2416 550
3033 1239
3143 826
3700 1571
4533 1680
4643 211
5092 337
987 576
3971 937
6071 731
947 1184
1900 1507
2446 1131
3864 89
5227 1197
6233 1012
6361 1665
183 373
3297 899
3693 900
4571 192
4633 1176
4928 618
5383 1678
5857 1381
6038 99
2082 88
3932 1223
5908 1398
1590 1358
2149 59
2151 18
2772 583
3727 783
354 453
479 196
766 1145
1088 1517
2073 1100
2142 35
5087 1739
6312 1356
6403 931
1434 1418
2340 2
2790 704
4094 840
5133 1368
6052 121
1109 389
1292 644
2146 757
2242 662
5417 1137
632 1388
1791 2
1824 24
4053 1473
5285 334
6248 1737
603 1628
1040 1572
5203 1546
5969 1428
6287 1704
281 731
1257 1480
2557 1327
3925 809
5229 1213
5941 1107
6414 1284
681 194
2134 1327
3401 215
5288 964
6254 1360
2682 1327
3109 143
3319 1228
5354 1122
5933 245
6274 1635
1047 472
2625 1327
3382 1035
3746 966
6123 839
6129 1185
614 271
691 1191
1321 1421
2116 1327
2231 2
5010 1443
5676 344
5960 1300
750 1463
933 398
1333 1336
1720 1534
3059 1221
4704 47
4711 1621
5548 1384
2972 714
2994 1018
3160 1375
6155 912
6335 741
503 958
2241 249
2336 1327
3133 1113
3888 712
5163 433
5299 1600
98 148
256 232
648 1349
1006 801
1803 5
1809 1327
2817 1550
3516 1491
673 1657
2711 933
2718 1108
3963 55
646 259
919 357
997 53
2003 1327
2075 83
2547 1327
3191 1113
3752 766
3899 1210
6059 435
6183 1606
6236 1089
28 1297
699 1678
1983 1262
2685 550
3417 816
4796 154
4930 1177
5552 1707
6223 469
6231 1546
397 1342
1814 1314
1965 1262
2035 1180
2086 22
2484 16
2960 241
3189 1221
4116 624
5380 13
6055 86
539 336
616 1428
1182 1396
1877 1327
1906 1507
2450 30
4283 262
4488 233
5247 1105
5466 202
5893 1121
197 388
796 1305
1118 1554
3974 164
4070 1692
4133 1187
4608 644
4712 1141
4723 1122
5489 250
6018 1182
6375 616
78 139
393 1667
2050 1100
2765 1682
3384 836
3877 1210
4244 1146
4318 1390
86 194
1233 1419
1458 1600
1916 2
1971 48
1977 42
2306 22
5450 752
5580 1334
640 165
1961 1262
3011 200
4363 1448
5000 1339
5566 1396
113 411
519 990
551 360
636 1349
2640 1327
4065 1305
5584 1063
5607 421
5938 947
368 8
436 1735
1117 172
2213 58
3723 896
3957 1472
6057 539
739 202
2095 11
2627 1327
3211 1475
4915 1406
16 990
355 1666
512 286
2560 47
3934 896
3977 1353
6044 1721
2475 22
2730 1327
3263 1747
3926 1715
4093 1496
186 1331
216 1348
2121 5
2754 1565
3483 1620
1437 1397
3262 1747
5042 1743
6078 707
6203 1222
676 250
1235 959
1721 720
1792 21
1827 1327
2554 733
2959 1018
3091 1221
3435 64
3477 113
6067 98
508 1358
572 1680
2549 733
3361 910
3960 1366
5965 16
258 1675
450 1238
2452 1131
2551 47
3644 1159
5276 193
5328 1268
5585 515
136 1256
1854 840
1968 1262
2190 790
3961 1472
5003 202
6004 652
6394 1633
341 198
667 1349
745 169
1095 475
2344 1327
2723 783
3414 351
3546 49
427 388
535 1378
1433 1420
1895 24
3086 339
6166 178
6201 121
100 257
151 1570
206 1465
1715 1420
2307 18
2411 245
3605 461
5324 1671
325 45
513 1382
1499 1540
2036 1180
4669 1189
6434 89
867 241
1094 1444
3789 1657
4268 1519
5952 1305
6366 896
6387 290
287 1653
487 550
3044 1018
3502 1382
3639 401
4024 1176
922 1185
1402 1563
2066 22
4459 784
4606 1569
5724 593
30 1602
1023 575
1079 997
1987 58
2106 548
4005 1374
6096 98
6377 884
1973 1100
2334 2
2419 550
3553 1415
5884 699
1898 1327
2191 18
2707 1712
3110 910
6118 772
6178 797
2422 733
3188 240
4634 1703
5320 1569
599 1159
1210 1406
1812 910
2757 47
3415 1174
4537 443
5703 340
5819 192
6227 1671
6258 1184
6442 1355
578 1057
926 1708
2409 550
3560 1617
5649 469
5848 840
192 1229
480 1345
701 118
1106 99
4256 121
4984 1072
595 1211
1662 1180
1799 21
1958 40
3460 1721
4036 1210
6261 1175
2697 1131
2705 1727
3434 975
4678 31
5678 1381
5811 108
6169 1430
61 125
441 130
517 990
764 839
781 1325
895 1711
2210 58
4242 202
5814 70
5827 97
2061 18
2474 22
3026 731
3304 1375
3598 1737
3757 767
4523 1530
5629 1680
2226 1327
2453 30
2606 734
3474 1522
5134 1521
763 145
1208 558
2421 733
3241 1113
3930 619
6299 125
1114 557
1578 8
4937 576
1231 565
4504 840
5188 445
5781 660
5917 96
621 192
2017 5
2433 734
2802 1723
106 1628
428 1671
1452 474
2641 550
2930 1018
3418 862
5001 1445
5364 175
5591 100
304 373
1591 1000
3274 1221
3766 1149
5974 99
6372 1336
286 284
968 125
3628 1082
5273 541
743 938
1236 1150
2125 2
2373 1327
2633 47
3487 900
194 405
571 1374
1016 472
1116 697
1342 603
1384 1698
1785 1327
1948 65
1969 42
2706 1067
5400 896
6068 438
723 1412
2002 1327
2085 44
3755 1258
204 1241
777 238
1020 1327
2128 24
2130 2
5878 1150
574 1349
738 1072
1256 317
1828 1327
4209 250
4699 711
6300 397
780 1016
2059 662
2223 2
3185 1113
4510 250
1022 156
1846 534
1967 548
2043 65
2219 5
4943 1485
5627 1122
5735 114
6114 1328
659 1246
1232 565
2308 22
2787 900
2948 1135
2996 200
3480 1565
5456 360
5869 1132
6237 487
6386 1450
1389 190
2123 5
3015 1093
5913 1442
5990 1491
356 173
2407 47
2483 42
3948 1668
4288 1219
290 1682
800 1203
1543 1414
2233 1327
2771 704
2789 704
2943 1135
3222 910
6323 1619
6371 625
1284 1550
1587 199
2079 662
2992 231
3082 1297
3139 166
3179 1475
3686 131
786 118
2489 548
3633 923
4275 471
6143 1382
6159 506
344 152
785 333
900 1108
2193 22
2318 17
3300 861
3515 654
3949 160
5696 247
6242 1097
913 703
1960 16
2312 22
2592 1318
2624 47
3307 1253
3674 558
4104 1678
4413 1349
4960 1183
5253 1365
5734 1473
765 1172
1388 190
1884 65
2055 11
5926 48
6019 1632
1913 2
3281 143
5009 1343
6222 255
260 1297
1101 201
2202 42
2216 52
3358 1262
4075 583
5474 1680
1308 1492
2553 1327
5300 321
6056 839
248 1667
1765 1585
2119 2
2415 47
2468 1316
2746 598
4941 1615
495 638
1801 24
2797 1730
3706 1492
4938 1635
168 1241
1988 1304
2491 52
2605 58
3116 789
5598 1521
6120 1685
6220 146
6406 1131
719 1279
3242 908
5978 810
6032 1334
6207 453
1806 1327
4665 1318
4734 1457
5076 1715
5358 1286
6126 1216
347 1058
2303 22
2313 22
3708 1154
4301 519
6219 1143
629 155
1113 558
1669 1180
2148 88
6288 444
1334 1420
2094 16
3208 1475
3780 1262
4647 896
6049 876
6238 827
6279 919
1102 464
1826 24
2687 245
2704 212
2779 583
3069 826
3685 452
371 826
421 1150
706 949
1666 1180
2784 946
4035 1542
4846 335
5044 2
6253 238
2012 24
2068 22
2117 2
2762 1507
2764 770
3600 554
150 744
434 299
845 1645
1103 336
1637 1419
2760 550
3062 826
3903 826
5727 1331
1018 1327
1172 1407
1386 255
1864 1451
1939 1210
2067 59
2470 22
3238 143
4803 250
5056 195
5939 1011
6130 1594
449 1326
554 202
657 1710
668 840
1517 547
1657 492
1882 5
1912 1749
2111 1327
2495 65
3271 1253
3767 1325
330 373
352 140
531 413
678 1323
1909 1327
1993 778
2023 1327
2623 733
5446 1735
587 789
608 140
1632 1421
1951 52
1959 52
3510 998
5944 1665
6045 1139
6088 521
295 250
1272 1435
1367 503
2062 18
2481 11
3134 198
4814 308
315 1686
1287 1082
1914 2
2710 635
3066 826
3668 1067
4754 161
6195 1135
172 1241
377 1242
1175 1079
1907 24
1964 1100
2338 21
2469 22
2731 733
3170 1475
3678 438
6422 261
1376 710
2333 1327
2667 22
3023 1018
3187 143
4329 1387
5050 851
59 362
782 281
1602 1600
1881 5
2812 459
5115 1194
991 125
1280 1421
1963 700
2859 1159
3475 742
5325 163
240 246
749 155
2129 1327
3648 1039
4961 1736
5668 1223
5998 1693
961 1110
2225 2
2317 1316
2323 52
3574 101
5554 1278
5813 302
5860 1514
6380 856
822 1026
1086 281
1104 589
3770 1323
5046 10
5097 1155
24 573
1316 989
2497 666
2729 550
5975 286
6229 817
735 139
1362 791
2069 18
3177 1475
4431 1465
4929 576
4948 1567
6429 1438
1355 480
2026 1327
3226 1375
4056 1678
5844 157
452 1189
652 1719
1189 605
2628 1131
6412 808
218 1672
1802 2
2014 21
2347 2
2348 2
3016 1025
3676 1246
6379 182
725 1540
1904 1327
2670 22
5301 1560
407 1117
698 1292
1736 1180
3099 242
3168 287
3478 70
4700 1325
5045 24
293 1141
369 456
779 625
1807 1327
1908 1327
2315 1316
2636 1327
2961 1135
3184 1221
72 1380
2220 2
3096 1365
3603 1180
5560 1278
6181 204
757 541
992 1040
1261 850
1902 2
2013 5
2987 1025
707 469
1635 1418
3136 1230
5336 1671
626 1206
1830 1327
2063 22
3061 826
3704 1220
4822 308
5002 1339
5053 245
5587 98
5868 240
5989 262
821 448
1650 1420
1658 453
2001 910
2020 2
2310 18
2644 550
3135 1113
3258 1243
3453 933
6436 1122
357 1492
1162 1433
3275 910
5313 68
5966 1634
6199 1432
373 697
1045 411
2724 733
3630 1238
5985 262
6030 636
379 910
1181 317
1709 238
1716 1420
2054 22
3968 1614
6425 1688
279 222
1649 1421
2072 662
2097 757
2716 105
5388 443
5431 1016
963 1352
5019 375
5091 1724
51 367
770 370
2208 42
2330 1122
2823 594
3146 908
1885 709
2114 1327
2311 1316
2796 385
3272 910
3530 991
4178 72
6331 649
1957 41
2091 248
4688 1243
4773 1428
5132 1432
5683 1308
5736 388
6389 1128
483 1276
1278 1421
1815 1327
3348 1475
3482 1238
4588 163
4703 29
4922 1500
5959 1305
6026 92
6393 1089
226 284
1447 547
1905 5
3198 826
3625 539
5786 849
5837 453
328 43
470 154
527 1293
815 1207
1392 434
1821 910
1917 1327
3102 1221
3396 1412
3461 635
4137 1711
5996 336
736 1751
950 1711
1498 987
1707 515
2065 18
2753 1665
2786 635
3155 970
4006 1719
4977 416
5716 335
6318 92
231 29
236 1337
776 638
4999 1032
234 460
333 146
353 471
1160 1221
2304 22
5238 1301
372 1109
1488 1719
2271 610
5891 922
6001 337
544 1725
684 1156
879 149
1982 1262
2196 22
2198 22
2218 2
2709 1727
3390 1253
5363 1274
244 1328
2339 5
2918 615
4083 1638
5984 1185
6034 24
6232 1566
1648 1405
1886 151
2331 1327
2506 47
5815 32
5987 1446
153 1159
1009 334
2350 1327
2792 1693
3126 1113
3128 242
3468 85
3739 340
4097 1472
6148 97
214 734
2774 1305
3259 1747
5111 1490
5700 1710
6029 1183
1894 21
3771 1323
4237 1063
5515 177
901 1038
2752 494
4020 1253
5451 469
6075 213
6221 1674
193 49
337 1732
774 1221
2891 1506
3112 1221
4326 1165
4364 121
6098 1698
271 373
439 827
721 1217
1247 1079
1500 1444
2808 933
4967 1488
5486 1018
5894 1606
1652 1418
2214 52
2593 22
2800 1723
3246 826
3564 1430
3813 546
4105 1325
6213 1486
403 1183
1184 13
2234 1327
2755 613
2936 660
5895 1735
6008 700
6113 322
301 1241
1975 17
2037 534
3531 448
5367 1193
1179 558
2732 1327
3257 1747
4644 1450
4872 250
5221 537
5757 1548
1572 492
3205 1475
4167 32
442 1356
875 263
1497 1244
1550 1420
1910 1327
2809 605
3057 826
5896 1079
6135 281
335 895
1833 1180
2309 178
3095 826
4583 1570
5639 1430
6443 921
1180 340
3343 861
3970 1706
5504 1734
5946 1666
683 1678
3388 1375
3863 1464
5067 1273
5294 524
311 1749
3130 242
3907 1314
4064 1403
5835 470
6102 344
1978 52
5469 1187
5501 987
1005 479
5951 243
6084 1542
1154 1369
1974 548
5372 354
1541 696
2019 2
2087 16
2112 24
2332 5
3174 1204
3260 1747
4123 1135
967 864
990 1371
3566 1295
4599 1297
1796 2
2104 65
2321 52
4668 877
5123 1432
5779 1353
937 1487
2038 576
2681 47
3710 1154
3812 459
4458 146
5083 23
1285 988
1509 719
1834 1180
3341 861
6179 1185
243 70
1046 1465
1835 1180
5341 336
6210 683
6239 1586
697 1467
1502 1101
1851 1371
3101 826
4526 646
3232 1649
3239 826
6368 733
1505 1492
1855 1244
2093 10
4062 233
6154 131
126 436
142 1749
1139 1079
1380 1563
1714 1431
2822 366
3267 1475
3284 692
3696 1444
5296 181
5650 449
5772 1299
938 1095
1926 1180
3106 826
3349 910
4405 1078
5239 406
405 588
456 381
841 1256
923 1361
972 1705
48 184
1163 1421
2788 796
3386 861
3589 1000
555 357
1305 1083
3716 847
4808 524
1031 1749
1083 56
1726 1131
2782 704
4944 1365
4981 542
5093 334
6264 408
6401 964
1042 1256
1760 1038
3190 908
3269 1375
3313 1375
4317 426
4351 308
4889 1557
5638 1528
611 1621
1035 1087
1563 453
1581 20
2007 21
2107 853
5428 240
5899 486
2337 2
2603 42
4067 1304
4480 1165
6230 734
35 374
1291 551
2195 18
5475 1345
5856 1474
386 1574
842 167
1424 298
1731 1180
1911 1327
2139 1180
2211 11
4620 1120
5836 453
1579 1180
3276 910
4585 1122
1422 1215
1738 1180
2131 1327
4437 931
6185 473
6413 159
1432 1420
2467 22
2493 42
5931 1146
5954 430
6125 1752
1409 1009
1567 1454
1896 5
2807 689
212 146
492 1167
951 1043
1222 1079
1569 8
1718 1211
3923 447
4199 771
4247 1711
4622 1340
5350 348
5416 702
5444 270
6448 1339
1373 617
1630 1408
1981 1262
3141 1561
3318 1628
628 773
1493 1280
1782 1112
2558 1327
5904 443
2604 65
3019 1202
3240 1628
4505 1458
5505 1535
576 215
680 123
1417 1407
1522 98
1675 668
5866 1159
1081 674
1283 1421
1565 1444
2077 790
2733 550
3042 1018
4023 1210
4681 60
4730 1002
4855 538
5695 1586
309 1293
1421 697
2320 40
5865 1043
5980 1498
132 1427
267 255
285 224
871 190
966 143
2090 52
3183 910
3503 339
6053 243
6060 259
2009 2
4698 1565
5617 1129
6385 997
1115 1153
1171 1414
1242 856
2034 39
2345 1327
289 1684
419 1079
882 1390
941 1139
3277 861
3509 705
3967 245
4117 1226
5237 1559
5928 249
515 396
794 347
1998 2
3040 1025
3397 1662
4927 1211
165 243
1822 21
1897 2
2126 2
2783 688
3090 1578
3165 1475
4322 1729
4727 1589
5699 1381
6311 176
6430 1716
440 1256
1700 1563
2224 40
2601 52
2941 1213
5692 551
5741 1383
56 1276
1074 544
1377 474
1787 2
2203 52
2594 18
3536 652
4925 1184
5626 1507
1253 1079
1501 1453
3145 1210
4377 1229
4535 1642
6107 104
365 1152
881 1313
1893 1327
4696 1215
4865 547
5454 1448
5804 163
1443 547
3777 13
6336 1461
92 895
1186 1396
1192 1433
1547 1372
2728 550
5788 1174
1542 1421
2022 2
2314 22
2669 18
3125 1221
6241 1490
643 1241
1276 1417
2024 24
3729 1733
570 1227
705 705
1030 421
1414 697
2118 2
2630 733
3532 1323
3769 1323
4783 340
5290 1288
241 584
486 780
3142 1210
4815 154
6224 374
22 77
558 1448
893 1060
1670 1266
2011 2
2016 5
5833 1738
1052 1256
1994 5
5561 31
726 441
2135 1327
4316 1400
5351 223
5778 1731
222 618
591 780
2482 700
3310 1261
4563 1116
5257 1234
5744 1464
88 388
520 1366
873 446
904 1335
2089 42
2490 16
3108 805
3965 1724
4552 250
1601 1038
4044 1229
4799 1563
5808 55
5881 1620
6066 63
130 228
843 1234
880 1402
5122 308
6175 1447
6276 1460
462 1647
465 1207
477 1110
935 373
1369 551
1667 1244
3436 7
4373 250
5522 1238
5834 1401
19 186
1529 674
1698 568
2798 583
3283 908
5531 1244
6111 98
1003 1318
1010 1680
1028 1177
1129 603
2341 40
6313 421
965 563
1710 1456
687 1613
3586 1540
4060 666
4878 1060
5671 816
525 1194
3465 480
392 1111
1335 64
1406 697
1728 1125
3186 908
4692 213
5316 1560
6234 1520
7 539
331 78
618 1079
1735 680
2088 11
2138 1180
4840 285
5309 1686
5339 4
5405 522
6073 1617
6263 1467
6307 1737
1891 5
5919 1093
3718 1506
3803 1010
3962 1352
4952 1010
5739 895
6136 256
6349 15
478 103
1732 1180
2099 964
2343 2
3650 596
3901 1105
4679 1727
5526 957
5973 1257
6286 1716
385 1246
568 1297
1457 547
2092 42
2472 22
2759 550
3559 213
5055 195
5556 1379
1455 1641
1770 190
3394 1253
3995 786
1315 568
2840 1636
3464 998
3507 158
5342 1695
5518 1472
6427 1393
579 376
1075 544
3459 285
3584 867
253 1586
435 1570
2122 24
2403 1283
3265 1649
1299 551
1383 1082
2492 16
3137 1113
3612 1483
3707 1595
837 1223
2471 22
3976 1439
4536 685
4549 1524
807 173
943 1621
2916 109
3501 501
4136 1711
4162 991
5912 1725
443 1448
998 839
1059 479
2108 40
3132 1375
3301 1747
3904 296
4887 461
374 1241
404 1223
1711 1343
1788 13
5362 834
6099 1374
1 1594
627 1219
2478 1316
3768 1325
4446 1088
5021 270
5495 1638
5840 435
6033 438
6039 396
637 257
1007 877
1713 652
3252 861
3253 1715
4615 896
5116 1344
5583 1533
5764 1097
5796 45
87 1528
753 1284
778 1088
2133 2
1226 1079
1451 547
1607 547
1786 1131
2316 22
3938 198
5308 138
6005 397
6007 210
1789 1575
4043 388
5983 591
430 181
1243 1431
1371 580
1651 256
2124 24
3966 1297
3983 1332
3999 388
5437 1345
118 436
1322 1399
1385 1083
2030 2
2322 52
6324 893
302 107
1396 710
5411 680
199 218
2103 58
2319 65
5283 245
5327 75
5544 1508
709 167
2031 34
2110 5
3838 716
5078 1323
5233 96
666 1478
1512 978
1840 680
2776 1682
4045 700
4079 1308
4936 227
5217 1552
228 1649
564 255
1032 1256
1137 558
1663 1180
1989 52
2349 2
4933 1717
6020 54
367 361
390 537
856 1465
1127 1336
3060 1113
5177 1018
5937 1490
1374 474
2096 700
5685 520
1169 696
1415 1140
2487 729
2548 252
3254 1747
3573 1269
693 1678
2597 16
4370 1374
5017 1332
974 627
4958 479
5506 250
269 1570
1279 1421
1304 547
2109 25
2602 42
4004 1229
5334 97
6428 1009
154 203
284 472
3666 1183
6391 1159
610 270
755 119
773 941
1065 254
1583 1695
2005 2
3030 1548
5303 1219
5393 1738
5490 250
6228 525
349 388
679 631
737 1169
1107 1184
1234 409
1513 551
1586 465
3583 98
4995 1073
5302 1733
803 1450
1100 804
1837 4
3097 680
3911 755
6291 1241
728 1381
1015 1323
1274 1336
1365 177
1874 1125
4834 1449
5047 24
5075 1268
5711 1088
133 334
869 625
953 1079
1754 519
1878 2
1922 1180
3463 997
4951 1678
1725 4
2335 2
3610 71
3709 539
5439 683
1108 201
2217 5
2221 5
2222 1327
4066 58
4893 1038
5805 77
5890 922
846 443
1191 1414
2033 1125
6306 1185
292 1375
4935 1327
4993 900
5271 769
5373 1110
5723 121
1622 644
5738 916
326 199
1225 558
1524 875
1613 1475
3161 1375
3395 1492
4033 1719
4465 1203
6326 1586
424 1610
521 205
747 1703
1664 465
1997 1327
2115 5
2324 11
2595 1316
3975 229
5277 385
497 1488
692 1114
1584 276
3342 861
3533 1575
5810 783
457 1481
612 23
720 510
1158 1360
3874 576
3958 1565
4219 61
5064 1282
5539 250
6384 12
1002 472
1596 674
1853 1134
3216 861
6226 611
3206 1510
4369 492
6352 85
759 442
1532 547
2599 58
3687 291
4042 916
4163 991
5867 262
110 867
336 1121
949 1121
984 839
1381 644
2018 24
4718 147
6021 592
237 584
1696 547
3695 1001
4988 250
5900 1431
221 872
1336 575
4853 1678
4903 995
5066 340
5760 95
5889 922
761 1337
804 1712
1317 1009
2137 1131
6316 1368
6327 1427
746 304
3280 894
3454 481
813 937
2240 18
3103 908
3351 1253
5747 1733
250 1621
418 250
669 1154
993 177
1665 680
4352 1620
5098 561
5500 1409
1332 1229
1398 474
1901 772
4222 1079
103 208
910 460
2101 853
3094 1210
3705 1595
5422 538
1519 547
1661 20
1753 492
4174 146
4477 1703
4737 142
5404 270
5532 576
5745 1464
420 731
754 1244
1363 503
1364 1671
1872 910
3683 855
4926 618
1313 1563
1456 1455
4994 1024
5286 1473
526 1331
1360 589
1518 1082
4957 308
557 1328
792 1056
1708 678
1966 548
2473 59
3691 1620
4745 250
4901 1325
5338 359
468 1686
732 654
1194 1450
2140 4
5259 1443
5620 1480
383 1321
695 1089
894 1702
1554 970
1676 1475
4379 1390
5849 1328
1843 1180
3439 313
5798 181
15 1710
1338 358
1556 1421
2824 1459
3311 910
4320 771
4601 204
5307 1678
6150 1598
1063 263
1520 589
4742 485
5287 1678
6170 110
101 163
451 235
506 1216
1779 1700
3346 1253
4102 1593
4295 1290
5599 1421
5785 11
388 131
1737 576
1892 1327
851 1241
2715 505
3872 877
4655 1327
1653 1414
2770 218
3760 618
4361 1133
4775 1112
5072 388
3526 1738
3587 957
4464 1647
5797 1034
5953 1410
1041 1549
2230 1327
4425 65
5070 411
5571 1051
5689 660
6272 1012
1251 1155
3629 796
3659 1198
4912 995
5016 917
5743 1749
1057 153
1400 474
5523 414
5962 780
43 1330
1568 434
6184 966
6251 1319
6423 581
346 1192
461 1222
1530 978
1816 1327
4414 144
5385 1378
382 933
1227 1079
1734 1180
1774 547
3200 303
3352 910
3728 1373
5887 1427
6025 1060
6085 33
414 1374
2032 20
5088 843
6383 12
6388 1712
1119 1421
4031 348
4906 210
102 1474
227 970
787 1647
1318 1587
1588 511
1618 568
3228 1649
4003 285
5052 773
6050 375
166 1331
201 97
229 1648
615 1302
870 1575
1001 1240
1131 756
1138 697
3981 1698
4920 1184
902 938
3455 922
3472 1438
3808 900
4248 192
4468 308
4820 268
1301 710
1436 1363
4604 1203
73 659
438 804
1173 1039
6301 378
3807 592
5099 240
5701 273
6172 1229
6297 1666
752 388
1453 547
1633 1550
1678 1626
1719 1357
2488 11
3916 657
5614 1521
713 1374
724 139
1471 1444
1784 1256
3192 908
3778 159
3782 558
4118 286
5963 1430
6382 1475
1927 1363
4127 1125
4738 143
4765 1448
4902 991
5278 1651
6127 1334
89 141
1249 509
1259 129
1300 1641
1699 853
2479 66
3237 910
5684 500
217 1286
1207 697
1439 1478
2768 73
4845 1165
5355 1126
425 547
1258 1421
1445 474
4753 278
4797 1734
143 1749
1164 990
1868 547
4300 132
4939 1153
1178 1215
4831 536
1058 631
1195 1576
1844 4
4794 899
5041 443
5793 1323
5812 354
345 544
1190 1025
1262 1191
4055 1165
4175 1246
4860 23
6407 1590
944 980
1275 1169
1836 711
4080 1458
1387 819
1659 417
2205 52
3127 826
3793 1717
3848 520
4508 1058
5942 12
1027 1323
1729 34
2708 91
4337 1169
5436 771
6140 678
955 151
1628 1083
3895 1725
4844 1187
5957 780
6171 519
332 1754
5902 63
82 379
210 1253
940 1194
1056 544
1153 558
1193 1489
1627 96
1903 2
4916 160
5555 1379
1494 1142
2100 65
5423 1566
6415 973
1454 1452
5077 479
5310 337
5468 1736
77 143
3244 692
3245 1388
399 1205
1623 547
1924 1714
2325 16
5094 472
799 1339
4439 896
511 627
914 528
1514 1082
1625 1563
3783 1149
4715 1586
5981 118
1060 557
1252 1421
3658 1496
4600 762
898 929
3092 826
3924 1388
663 288
1370 474
3084 1141
3954 172
4776 256
5540 1703
5830 296
6296 969
437 162
1546 641
1555 1418
1656 507
1921 1180
4733 422
5120 512
5901 900
1444 644
1585 1180
3774 1323
4777 375
5481 270
5751 102
2 362
1359 474
4142 1505
4332 1456
4805 508
4956 1342
5375 1733
1244 685
1761 1280
2480 25
2750 459
3249 910
3508 705
5110 1207
5282 882
5346 1117
342 1358
1302 875
1459 275
2235 1125
94 211
1004 801
1033 1175
1151 438
1449 609
3131 1673
5594 133
865 1244
1014 151
4084 158
6137 118
6142 842
348 276
1408 358
1504 644
1841 1325
3224 807
6363 1481
268 231
291 181
1165 1079
1361 547
1418 1431
4384 1078
4605 870
5117 1616
123 1319
160 203
1875 2
5081 108
5873 1433
806 567
1644 135
1848 1142
2232 1125
4239 311
5806 55
6035 1237
343 1247
416 584
1070 1307
1177 1431
4294 558
4761 154
5005 762
5215 1611
6400 840
1238 1344
1510 1492
1918 13
2327 58
2794 1144
3796 21
5991 98
613 288
1597 1298
1619 547
3577 1098
4972 766
5524 791
655 1301
982 1541
1161 241
1375 988
1528 525
3795 52
36 1651
634 250
4534 771
415 341
447 126
1750 492
1025 676
1314 617
1372 885
1616 1700
1626 515
4772 643
459 614
892 1121
1395 547
1655 1250
2596 1316
4804 250
4888 802
4890 683
1054 575
1928 571
4969 1734
6074 1060
159 373
444 1687
4489 394
5051 526
6350 1403
1017 8
4011 1593
4959 623
6249 1203
690 1232
6315 1739
1766 589
3940 658
4166 35
4909 995
6290 1666
829 374
1320 1336
5800 1456
6090 880
1860 222
5260 1485
5729 1332
6398 1619
1883 10
3759 1315
4749 362
4858 163
5839 1674
912 5
1747 1626
848 1273
2942 678
3994 1728
4113 1473
4924 382
5013 9
920 852
1566 434
3089 789
5562 1237
5838 1674
6417 151
117 171
1749 1443
4404 1505
283 1402
496 1703
5752 78
1672 1209
2326 58
5698 417
481 1157
1325 1431
1683 8
3452 592
4138 255
4390 24
4947 941
653 405
978 1255
1640 1414
3289 1174
4050 232
4420 1263
5004 812
5100 1155
5762 92
5850 1499
6079 206
649 340
1271 1420
1553 1519
2212 10
4360 525
4861 297
429 465
4443 95
5418 1415
1425 1079
1842 4
4308 308
4766 1557
861 505
1536 1079
1845 119
4590 370
5643 1555
359 1485
543 751
703 1122
1339 1421
1438 1406
1639 558
3914 1057
4966 1079
5854 511
5918 547
4143 58
4486 394
5263 373
5595 257
1246 856
1507 474
5382 229
5720 1640
6153 1132
533 360
656 1337
688 1229
2826 808
3811 598
4963 416
1357 547
1468 1093
1525 547
4303 506
5581 583
4411 388
932 476
996 492
1240 1734
1559 1444
3563 1611
3910 272
387 1283
493 366
3830 32
5114 1319
5317 413
3209 150
4153 1678
4586 411
49 393
230 301
394 442
795 429
1407 1155
6452 611
50 586
580 1745
1448 547
1919 24
3776 13
4401 32
924 1548
3568 119
3689 1443
3781 558
4825 1284
5353 250
6208 332
384 1246
733 478
1128 697
1496 1443
1503 935
1839 20
5482 1732
1446 547
1941 826
4120 430
4521 771
5498 1299
5794 1323
6110 1180
1535 84
1730 1325
2841 1602
522 465
3561 1736
4543 375
4821 674
4854 1326
823 842
1288 547
1545 1431
1831 24
1865 1339
3440 922
4258 250
4724 1318
5704 1695
545 1528
3456 303
3837 888
4800 161
412 325
694 1130
1399 1082
1695 1600
3529 991
4141 38
272 1389
1537 1025
1580 1684
1646 256
5069 1272
5427 161
5497 562
6023 499
1221 1155
4444 1305
4895 133
338 1388
1202 1408
1245 438
1538 603
1691 492
1771 1454
3562 1436
4168 1305
4886 786
5640 1041
6280 1003
1132 1079
1220 1587
1740 618
3680 697
4778 840
366 683
3255 1747
4786 896
4907 991
4964 1215
5784 700
445 1177
518 130
1064 575
1281 1418
1638 1431
3805 1268
4428 1183
4457 216
5419 1696
358 147
1435 558
3761 1177
4515 1456
5576 1369
458 1130
1780 1356
3572 213
546 769
1152 1472
1404 1435
1621 1403
1751 1444
1862 1623
4220 308
4743 1340
5929 235
6076 533
973 483
3123 145
536 277
602 1661
4111 1322
4155 524
4551 879
4708 1155
4736 771
225 780
3058 826
4054 1589
4706 1405
5059 166
411 1246
1410 1079
3794 52
4795 1326
4942 827
4975 592
1324 1079
1557 1418
3618 798
5033 1060
1146 1476
1254 558
1268 1469
6259 893
185 1380
4735 377
375 217
4106 261
5787 16
167 1705
641 1620
1307 568
1671 1104
1762 893
4018 1134
4139 985
448 336
1401 853
4110 1709
514 398
4491 1263
6014 734
6431 1683
422 556
2346 1327
4017 1731
4528 1220
4675 8
4908 991
5777 1402
211 1109
2209 11
4810 991
654 1490
4325 478
6265 1005
4314 1655
4837 251
5530 1363
360 1741
899 1143
1764 1238
1915 1149
3250 1510
4074 1268
4725 1415
1403 62
1705 1083
3595 987
3993 420
4261 991
4987 141
607 1067
1255 558
1485 1443
1739 39
1863 420
4249 875
4342 1604
4729 900
5281 141
1166 1426
5994 1215
1571 492
4087 175
4518 250
5525 1725
883 138
1416 1420
1934 492
4867 1555
1351 1259
5096 913
127 147
431 1593
625 1143
1290 547
1704 1351
314 1750
651 322
1936 1371
4525 261
5775 896
2805 70
4319 1415
5356 147
5459 1154
620 255
810 725
862 1063
1326 1421
3815 635
660 1181
1239 1489
3902 839
4039 685
4392 1210
4503 936
4971 157
5095 872
396 1620
3649 462
4568 246
1358 547
1484 1444
4328 410
1168 1734
1430 293
1847 1626
2201 65
3159 1261
5686 1734
3175 1375
3775 472
6145 1026
979 559
1544 471
1773 547
4426 872
878 1374
1067 575
1219 92
1463 1443
4088 1322
4259 1141
4869 339
5374 404
1096 410
1606 855
2931 656
3985 125
4211 1253
4368 1125
4731 1105
4789 563
5018 1680
5409 1415
5455 1669
5717 1481
249 1746
1205 438
1331 1693
3615 328
3672 557
1048 913
1356 875
1465 1443
1614 1075
1717 1418
5103 1732
41 1674
219 979
1198 183
1511 420
4402 1314
4516 1415
5146 332
5305 1224
744 272
3166 1258
3594 1316
5882 1485
583 32
1935 1371
4286 119
4356 9
1489 1293
1610 547
6189 1736
588 1565
2204 11
4302 1736
5855 1117
1592 1013
3806 44
5776 879
1703 434
4752 455
5089 698
5472 1089
5930 351
885 284
1147 1431
1282 1418
1200 1421
1343 1431
1523 1563
3107 148
4090 895
5766 1729
280 1555
340 991
1349 1576
1668 3
4827 1589
5035 95
756 1686
897 1576
830 1159
1130 1155
1344 1039
1564 1371
4014 1672
4048 1706
4512 360
4566 335
5104 126
891 1695
969 149
1174 1476
1466 475
4187 147
1345 1079
4427 1322
4828 1203
5892 460
4779 367
4785 1374
6002 402
740 1074
884 935
1516 1083
2021 1125
4285 1415
329 1465
4476 38
4597 245
6250 1026
3973 109
1270 1420
1490 222
6204 1093
3772 13
1772 547
4068 602
4077 1387
5359 1304
4041 250
4695 1546
5861 603
700 695
3158 1510
3758 796
4145 58
4321 1215
4976 766
835 393
1217 1155
1241 1405
812 1746
1203 1335
1298 1458
1379 1441
1413 696
3662 1185
1213 1421
1366 1641
1469 947
4483 1034
1562 1455
1643 1431
4898 411
5079 146
6031 51
6138 272
5440 1612
1310 474
1476 507
1775 547
2236 24
4386 991
1431 558
4072 1273
4974 1602
1319 1693
3773 13
4058 42
5062 917
1382 474
4190 282
5022 1240
5577 1372
596 327
917 1436
1506 474
3157 151
4463 11
5414 276
1142 1079
1573 1588
2839 1731
4980 505
270 1455
327 1570
1126 1469
3946 1322
1204 1319
1263 332
3203 973
3218 861
4293 1405
4452 143
606 296
662 1013
887 1165
1197 1336
1286 644
1294 547
1677 1001
2028 13
4388 816
5603 1104
1337 85
1487 515
4859 733
3828 121
4125 169
4432 1703
4978 685
5378 254
5507 698
1228 1576
1303 791
1340 1421
1393 547
1615 1082
1693 527
1769 1452
4419 282
4813 1340
6000 246
561 1562
1260 1405
3861 1736
324 842
638 1602
995 388
1167 1369
1481 580
1890 1031
1923 1323
5 1744
748 1513
4982 1426
5130 511
1216 697
1574 8
4309 308
4487 1576
4506 547
5888 1409
1427 1431
1697 678
1767 547
3984 1654
4852 1374
1293 1083
1920 159
1930 1444
6128 1606
4157 1308
4726 473
1450 474
1526 547
5982 443
491 697
3860 1443
4914 778
988 1382
1120 1421
1712 589
4076 1247
4485 1412
6064 128
277 51
402 3
639 121
855 1583
907 1266
805 1346
849 948
1495 1444
1778 547
5184 528
5345 981
5876 697
682 245
1752 8
5150 1200
5971 210
537 1412
1570 1444
1577 593
6396 1741
1768 547
5379 522
1867 547
3528 697
4078 762
4126 1203
4424 1752
4451 931
4877 1375
1682 1443
1861 1444
5090 766
1008 973
1123 696
1781 547
3990 1671
552 80
850 1676
1148 96
1832 680
4107 872
4842 398
1474 1443
1866 1339
4257 1300
5361 360
1937 1444
3671 697
4263 718
4380 762
5312 757
1428 1431
1540 1431
3982 1710
1150 1620
1609 547
2804 163
4052 1072
4417 1465
4913 1263
5256 261
5343 1323
5851 270
8 399
1135 1734
1394 1339
1420 1431
1850 208
4362 900
6399 812
549 1725
1141 1079
1330 697
4686 370
1212 1416
4086 240
4340 656
1938 1371
2105 1242
3804 796
4375 643
4403 31
1629 1492
1756 1600
4260 251
4636 250
1026 648
4900 1549
1776 96
4467 228
4983 1079
994 755
6152 313
1145 235
1248 696
1582 1671
5061 1679
5862 603
1368 1458
4210 394
5071 870
426 1072
958 1664
2207 380
4284 1343
4744 335
6252 896
246 1672
772 71
4346 1536
5759 1316
5783 1177
4085 524
4560 917
4684 9
590 471
1269 1469
1273 1418
1312 1476
4013 1340
4109 11
5293 575
888 581
4327 1418
4760 1165
1289 547
1405 254
1757 893
4221 1092
4265 1619
507 935
1297 620
1692 453
3171 1375
4474 1125
847 306
3797 1634
4705 1340
4784 1574
474 141
1475 580
4484 581
116 186
3124 789
3816 1067
5516 466
432 685
582 1273
4829 1415
1426 1417
4904 21
1133 1421
1859 1371
4466 574
5774 483
5970 95
1858 1552
500 1160
1348 922
1508 644
1599 453
1617 547
3288 861
4376 563
4383 42
4659 367
4767 1679
5471 1679
5674 365
1684 8
1685 453
4129 1175
4339 270
4531 1298
4649 1609
5613 1167
0 284
712 900
1378 193
1576 593
4311 1679
4367 388
5420 1644
831 890
1296 1585
1838 680
3251 1267
3862 1134
1136 1369
1341 1421
1706 547
4081 1237
5853 616
6257 1143
1486 574
3829 121
4965 696
1642 1421
3290 1267
4122 1748
510 13
1689 760
1933 1371
5074 1679
6348 17
381 1497
1462 947
1681 1455
4527 1353
4940 34
5852 423
567 1448
624 705
1539 1421
1631 254
4492 851
4493 1668
1215 696
1327 1420
4389 21
4793 524
1429 1576
4051 505
4170 251
4416 337
4973 451
877 1576
1121 558
1603 760
1624 96
1932 893
5105 345
5376 341
5425 1278
247 364
5967 1492
389 1337
4817 322
6198 364
1397 900
4353 138
5903 1356
4365 1332
908 711
925 163
1206 1515
1605 1444
4857 698
5470 367
5874 1374
3356 82
5058 1655
1612 473
3996 1557
4057 1678
6043 1717
1674 1333
1442 547
395 260
4500 583
661 1492
1690 1315
4748 448
5209 1340
124 375
1412 1431
1686 1043
3997 471
4438 32
5023 146
1531 988
1645 1421
5258 1041
1680 1371
6463 1283
675 262
1527 1563
2102 380
4179 84
4569 143
5311 1305
148 393
485 231
1134 696
1328 1421
1483 1443
4554 147
4881 913
523 1535
1461 80
5360 505
4262 183
4481 1135
4876 920
5368 1436
1099 1501
4792 921
5773 234
5906 1654
1323 1705
1748 1443
3631 1411
4996 863
68 1352
178 146
4306 1703
4496 317
6246 1619
4000 839
4570 73
5688 1710
828 668
1598 776
1755 1371
4818 251
563 812
918 338
1688 1316
4040 443
4381 1030
4811 1535
4911 1240
5108 1497
391 161
4863 1200
983 1683
4095 762
5329 1305
5924 1603
4073 1273
4108 1639
1144 1079
1347 235
4574 250
4592 907
5014 272
6022 936
866 234
5030 1555
1746 947
5463 409
4970 254
235 1244
540 413
1929 1443
4953 246
4091 581
1620 96
4573 444
464 354
1464 453
4100 55
4169 1572
4343 1311
4985 32
1423 685
1694 8
4826 345
5106 978
4098 13
4559 1385
798 1576
1218 1431
4400 1678
1561 1443
3909 272
5063 32
1223 1587
4382 1711
4593 1645
4816 322
4824 1273
1611 96
4462 1510
872 175
4161 1318
4603 360
4841 936
6437 1211
818 1703
1594 492
4610 528
1727 1131
4709 913
5863 1222
5084 32
742 119
4355 1619
4547 698
5073 1549
484 1104
1149 1417
4032 991
4453 1703
4856 1337
6108 285
4399 1678
4807 911
4812 448
5430 1379
312 845
1199 643
5410 685
1201 1026
4176 1335
896 1612
3656 1192
4482 991
1140 603
1237 1489
4763 1450
1267 205
4147 1633
4899 1165
5024 246
4806 1572
1055 575
1419 1515
4448 611
1777 1563
4541 1340
6275 1005
1053 1305
1230 1421
1460 1475
4165 1633
4240 478
5321 411
863 725
3617 1072
4407 778
4750 1679
820 1054
4393 524
4507 255
4015 1497
4495 1613
5424 1256
5875 1440
6197 644
1931 1626
4511 1530
1346 874
2763 131
4529 1447
5413 1273
5864 698
4030 1155
6017 1323
417 877
1608 96
5394 621
5107 1606
4374 1273
6455 1706
1411 235
4770 524
4513 367
4990 40
5458 1367
858 1368
860 1414
1857 492
4790 154
4096 1742
4200 1305
4575 1447
4707 697
4771 21
1214 1155
4366 762
5068 1249
2328 52
4061 1308
4843 138
1211 1418
134 1241
4236 1298
1265 1647
516 1083
3641 1708
4310 991
4112 557
4433 254
5447 250
1122 685
1470 80
476 165
1125 696
4553 1248
4720 473
4788 1165
4873 307
1482 1075
1852 571
4530 240
4747 960
144 1330
4387 789
1491 1443
1515 1443
1925 34
4218 1703
4685 444
1143 874
890 710
4454 1268
5279 1353
1534 1414
4101 1587
4192 524
4658 1340
5080 229
5877 402
6157 1568
5326 11
730 1750
4479 255
4596 1298
4910 1686
1329 779
409 1103
5758 1749
4472 311
911 93
4838 1273
4063 494
1575 492
4746 1401
3814 635
4567 32
4864 652
5060 308
5344 251
864 1323
3873 1746
4394 762
4345 1343
3859 1619
4156 55
5508 360
5795 1323
4418 1298
5040 33
836 696
1673 1444
4305 367
4595 1679
423 1438
853 352
4728 796
4762 900
4986 1159
5563 361
1560 369
4874 1632
1687 1274
538 466
4395 700
1742 760
1589 725
1849 1501
4539 270
4591 1679
4979 542
909 1358
6077 1088
886 492
1744 1001
793 1281
1480 947
4442 703
5377 592
827 334
1124 1421
4029 1029
4798 1593
1593 8
5460 839
593 921
3609 698
4545 32
1758 1134
605 141
797 1647
1472 593
1473 80
4334 1492
4357 21
5015 367
4848 1679
824 30
6346 42
173 1104
4490 246
5509 913
5510 1415
1250 1472
1264 308
1295 900
6041 1242
1478 1315
4189 643
4892 472
6355 1576
560 1308
4124 1298
5386 407
852 471
5429 579
5940 393
1701 547
2879 322
1492 1298
1759 1712
4412 229
1229 1336
4354 1679
4830 1075
854 570
1477 1371
4272 1438
4128 1615
1763 1451
5034 1263
1306 1176
4119 771
5242 375
1467 1443
4271 341
4037 466
4847 130
4440 1589
5947 254
5036 1115
4350 1189
4768 444
4304 1340
1641 766
4338 1088
3847 958
4177 1711
4561 297
1741 760
4460 870
4501 123
4719 80
5389 1477
977 418
3839 583
4594 398
4839 1382
4241 1072
4266 1343
1679 1443
4349 1180
1090 96
575 234
5934 801
1595 1002
4809 946
1196 1417
1702 1454
4191 1587
4201 43
4962 1079
758 1708
4409 160
4576 1679
4862 293
840 221
5038 991
6462 742
4989 920
3588 547
4307 130
4562 250
4347 51
1604 948
4896 680
5085 489
4385 209
4769 1679
5352 928
5885 1052
1600 571
4577 1638
859 515
4517 1679
4494 1241
4894 130
5494 562
1743 1001
4154 483
4623 562
4434 685
4264 1374
4144 1271
4406 337
4099 979
4344 119
4555 275
6086 1470
819 1463
5448 250
6042 1612
5037 1159
1176 92
4069 866
4546 444
5280 250
4188 581
5496 1038
4624 337
4348 1626
1479 1001
4455 25
1350 1368
4164 917
4441 953
5057 146
4520 1498
4751 346
4514 1376
4408 673
469 1154
1311 1150
1745 1001
242 57
4089 1155
5220 601
5387 1038
4475 102
5412 936
4787 1460
4140 229
5491 288
4333 1104
4897 1252
876 1530
4358 640
6354 1566
4238 1002
4502 741
4791 345
811 1568
4461 251
4146 1708
