img04c1.jpg img17c2.jpg
4697 146
5180 470
5170 467
4227 470
4061 983
5395 944
6016 146
5987 1143
4312 467
2833 1169
6081 146
3981 181
4992 146
5336 1088
5974 315
2436 1169
4517 1102
2316 1169
5468 1414
4135 470
6033 797
4733 312
5861 1636
3543 146
4256 203
5989 1155
381 1007
375 1414
2246 1169
3673 1612
4093 467
5265 983
6256 1636
1254 661
3693 414
2491 1169
5519 193
2247 1169
6025 146
2390 1169
5923 1143
274 1414
5027 983
5310 470
5904 1506
4779 1154
5894 1143
397 716
11 30
5209 1647
61 1602
353 983
2255 1169
1301 1061
2704 984
16 1530
941 883
5304 1414
2321 234
2326 235
2394 234
759 1731
48 572
2660 1169
3259 983
5077 984
5190 255
5246 1648
3825 113
6000 1612
2249 234
24 1530
2963 158
2837 984
2254 235
5430 1755
5999 1155
3935 257
3306 983
3757 1589
4916 315
2766 984
5067 984
323 1414
4067 1636
5157 467
2287 983
2945 1505
1747 1213
5990 176
4748 947
2802 984
5893 1156
2258 236
4258 467
5575 1414
6239 1061
2613 240
2737 708
5129 1636
4311 647
5381 716
2433 235
5404 255
4917 897
5629 716
3570 502
5168 1414
556 716
5166 357
23 1534
3447 1061
5376 1277
20 1535
563 462
3512 227
4293 462
6199 141
19 1610
797 986
2395 1169
6209 874
2554 1169
6254 959
2801 984
4191 1120
4695 1616
5656 716
5704 1007
6027 797
6094 176
5207 883
2558 248
3932 1213
4136 984
4042 1636
5243 944
2772 997
5089 1615
4357 652
5159 449
5208 203
312 874
6026 1102
4831 1155
740 255
2443 1169
500 1061
651 1007
2607 861
6083 1235
6227 424
2318 236
2653 997
5001 1755
5050 708
5366 654
5505 427
5874 883
568 1321
17 1666
2315 1169
2322 1169
2706 984
3538 1277
476 18
2609 984
2611 984
3309 983
6242 509
475 1061
2250 1169
243 883
3408 1711
3427 476
5500 1637
1622 1484
3915 257
4971 705
4190 1169
4201 480
5635 716
2703 984
359 1113
6153 716
2710 1023
5126 959
22 1119
3591 502
4672 198
818 533
2552 234
3658 406
4750 176
5805 312
6157 852
6059 146
368 716
2128 617
3336 470
4621 146
5146 1007
502 1061
3257 476
3907 1636
3914 257
5542 1007
2755 1145
3305 476
5118 1636
2335 240
2549 861
3496 1010
4737 1731
5179 1636
5228 1120
516 874
5662 533
4170 660
4358 622
211 1636
6017 797
6034 319
428 390
752 1731
2392 236
2489 236
2562 240
2612 984
2776 1703
4065 141
5666 1520
310 181
2581 597
3463 476
6204 1181
296 1670
5750 1414
214 874
5116 33
2466 598
3909 242
5997 1155
6106 176
3575 1295
4153 1169
5099 421
5156 1784
5407 1160
6023 929
2553 234
3878 1636
4478 1784
273 883
387 1783
5482 716
35 890
2330 234
2736 997
3894 1240
5478 1089
1958 414
5043 1414
2388 239
3916 257
3788 146
18 308
4700 398
2690 598
3282 1225
2391 1169
4343 311
5917 414
6088 1414
2393 997
2798 647
4240 1636
5132 357
2399 236
3692 146
3933 200
4855 1615
2805 235
3132 1073
4834 390
2476 1135
3255 476
3602 153
3899 257
4715 176
3316 357
306 883
2442 1169
3213 1073
5913 1248
2705 997
4796 1636
5502 255
190 1636
727 181
3397 227
5943 319
5686 716
5794 146
384 1636
4192 1648
4892 874
5419 705
804 957
3895 1665
5305 1414
358 1277
1591 1061
4622 1634
4696 1743
52 1193
212 200
3461 983
2332 234
2523 598
6009 1288
222 883
769 18
3950 874
6208 1061
2435 235
2551 663
3230 183
5023 768
5051 1169
5935 1269
2440 235
4835 421
2486 1120
2728 647
3477 1061
2467 598
2735 1169
5802 1636
3484 227
4116 1277
207 883
3578 1277
2806 997
4830 1155
4972 183
302 415
418 134
422 1501
2421 1114
3536 983
3958 705
5561 1007
2499 242
2838 1209
2401 675
3542 774
4485 1061
5064 134
4710 146
2400 248
2427 1350
2708 240
4815 141
4980 883
5998 1156
882 1782
2445 240
4893 1670
5070 984
1329 1725
4173 862
4794 1613
503 1414
2561 240
2425 639
4699 175
5551 141
2807 235
5090 705
3850 1688
4131 852
6048 716
2492 234
2604 1169
3615 285
46 890
3706 874
393 1061
2841 372
4963 705
4781 146
5768 716
5892 716
371 1647
517 874
2248 997
4274 1341
493 1061
2240 234
2606 860
3583 1003
4142 461
489 1061
931 480
1008 1660
2773 1217
3143 158
3321 158
5868 874
5957 298
2809 240
4318 591
2803 862
3585 393
5877 987
1769 406
2863 646
3340 1313
4226 230
6118 502
496 986
1707 502
2767 663
3557 1277
4100 461
319 151
2319 236
2610 236
5781 60
3563 146
3893 1197
39 1083
2922 341
3258 1277
5133 141
494 716
3385 440
2468 598
3468 264
3836 1688
2493 997
6132 716
1698 661
2419 598
2707 984
5163 1784
2763 1135
5961 858
3513 476
3555 1277
732 18
146 1088
331 1414
3672 1502
5186 227
5215 716
6077 1007
2314 1169
2685 598
3457 227
3459 227
4189 716
5439 1414
347 983
2636 598
3853 1688
4369 652
4766 1611
6143 1414
3897 1665
3910 257
6193 1321
478 33
2179 1169
270 874
363 1097
4210 1754
5261 1007
1665 466
580 1277
3209 1277
261 480
295 1007
3429 476
3896 1665
2178 1169
2327 997
3374 1321
3908 1240
2256 1169
2654 984
2657 235
3612 440
3857 1636
3879 1737
3917 257
4078 421
5244 1773
5764 1268
5851 480
836 553
856 743
4692 181
4986 797
5123 1088
5239 979
530 141
570 203
1581 641
3285 158
3358 725
4651 1082
6113 141
1228 908
1235 908
2661 248
3898 240
2686 598
5560 716
2459 598
2756 1145
2769 997
3323 158
5017 480
252 193
2441 1169
2555 1788
4769 1182
6044 406
376 1277
2251 1169
2385 1169
4212 1646
4997 421
5606 874
5996 1706
2008 1088
4648 787
139 1720
2488 1169
2502 1029
5888 390
5247 1648
123 845
2804 1666
3028 158
5327 421
1972 1166
5091 421
6050 1414
5052 708
5240 227
5834 193
515 1281
2484 1023
3308 1277
3554 1277
2371 854
2658 997
3571 513
3638 156
4494 1102
4598 146
4829 390
269 488
2396 1169
2695 1114
2770 984
3338 476
205 480
497 725
2490 234
2729 647
3911 249
6217 874
104 1120
724 716
3874 1240
176 1088
509 763
3145 158
3360 935
264 874
2647 639
2376 1135
2662 240
2750 382
3514 1277
3537 470
1191 1061
3556 1277
3867 344
1247 661
2334 1023
6105 479
2680 598
3311 647
3587 947
4345 221
4768 406
435 908
1220 437
2362 597
741 1414
760 725
1359 1784
3371 227
6191 1720
2439 861
2835 984
2920 43
4596 798
454 1089
5664 1068
468 391
2637 598
3205 476
5059 1665
507 421
1241 421
1290 942
2324 997
3576 1313
4284 221
6171 705
304 181
513 920
5217 21
4734 843
4932 1278
572 944
582 987
1029 1248
1299 321
3640 1225
4780 1517
4881 176
405 705
2243 636
4031 1636
3465 1277
4257 1277
988 1708
2495 1773
2987 158
3359 1278
5068 642
193 1061
3739 398
3858 16
4966 415
5311 342
487 725
581 1780
2810 240
2834 997
3670 264
4316 1636
938 225
1298 884
2293 598
3643 1714
3708 1288
4050 203
4102 408
5420 194
5481 1089
550 1181
1984 414
2733 239
2839 1197
775 193
2730 230
3260 1277
3345 1126
4976 716
5279 18
5922 1506
1744 1258
4674 146
1061 724
2257 236
2485 861
5232 1082
5398 652
6079 85
6095 1082
5628 1089
3607 502
4211 1660
5088 398
158 1088
953 199
2693 1114
3487 1579
5967 146
6126 947
251 874
2429 1209
3052 158
3341 1788
3460 853
147 1720
235 1235
2739 1647
3307 1321
6144 448
6240 1235
2325 1169
5396 1088
385 957
430 716
529 180
2644 614
4812 1182
6109 218
1101 1061
3426 853
91 1193
2697 984
3641 406
5919 532
6005 1414
181 1611
2655 235
3675 1102
4832 799
5716 193
1312 481
2323 997
2336 240
2540 647
2768 997
2836 997
3509 227
458 46
3400 1579
3402 1579
3913 257
6108 406
1598 1181
4228 238
5939 141
34 890
124 1193
208 1670
2009 449
2597 1209
6264 852
2614 248
2651 820
2865 635
5634 1089
1336 126
3181 158
4385 1350
5920 181
5983 976
2470 984
2986 158
5141 29
5194 158
196 947
2862 984
3206 1277
3261 1579
3424 227
4174 623
4356 480
5242 62
5771 991
165 853
423 1742
450 340
5049 596
6148 181
2547 998
2605 998
3604 1613
5740 1414
197 1636
342 391
2380 854
2759 639
3553 476
3639 1613
4828 774
2175 1209
3577 853
3709 874
5086 984
6185 874
192 424
283 602
357 1169
3546 502
2539 647
3376 238
4731 146
565 227
2475 647
5149 488
5532 1688
5544 245
6087 398
6141 1414
194 1737
1351 942
2317 1169
5973 146
477 959
2796 1135
2519 597
2529 1114
3049 1228
4570 1413
4751 843
413 1452
1231 181
1433 179
2237 1169
2734 861
3202 227
3399 1277
499 191
707 134
2389 1169
3974 984
1030 1321
2384 1169
2962 158
3053 158
5283 467
6218 141
3217 1097
4767 816
246 1061
2570 1043
2792 1156
3486 1277
3919 1197
5103 236
5762 1268
6248 155
3616 1616
5442 808
2656 984
6235 406
242 1670
2180 1381
2354 855
3404 1239
4272 221
5227 660
429 942
443 1727
3077 158
4020 584
4171 238
5546 1061
5975 146
4152 1181
5361 1088
4904 1235
5956 799
6234 705
765 1775
2331 1169
3324 424
3789 1182
4310 1646
2494 236
4177 1220
4292 1666
4790 99
5226 342
5245 660
5797 716
2525 598
2567 271
2650 1114
4730 1154
4926 3
281 987
3101 366
71 597
2753 646
3912 1022
4027 1321
2239 234
2303 854
4299 221
4795 340
5316 716
5559 408
6228 361
448 1162
546 480
1741 1381
3918 879
4157 1743
6036 393
2537 1320
2771 1382
2864 635
3227 193
4422 480
5066 1647
1178 180
3334 227
3398 191
5471 342
951 884
2329 997
2398 236
3544 1714
5565 1731
1443 179
2722 597
3470 270
5063 390
1052 1110
2229 647
2242 1788
3263 1788
3671 796
3992 1743
53 845
2430 647
2542 1350
3373 476
3521 757
6060 1414
993 427
2765 647
3464 855
5535 181
315 1636
1609 796
221 1636
369 1660
2532 1186
2603 647
3127 342
4182 1220
5763 783
5918 792
6233 798
169 865
382 725
456 957
1637 1725
1658 1053
5866 1728
6236 155
223 1061
1305 1699
3088 227
321 1077
459 1061
3244 1096
3835 1688
185 525
482 415
4092 181
5018 1782
5287 1743
5833 204
134 1193
1888 120
3844 1613
4898 21
6057 424
433 829
1285 80
2598 1350
3284 193
5884 852
2617 1649
3674 406
4172 853
4918 1061
2483 1788
2546 1209
2583 853
2615 240
2774 622
3193 342
3558 332
3856 1240
4026 480
4319 1097
136 1193
161 1768
809 959
2261 365
2964 158
3312 1126
4703 1731
5462 41
257 852
2595 1194
2645 1145
2885 1424
3296 227
3344 1239
4075 461
479 1248
2496 635
3401 1788
4414 181
1948 592
2480 647
3841 964
5085 647
5811 315
2749 992
2795 854
5069 984
5256 1648
5524 480
606 451
2434 997
2577 1580
3033 1028
4782 1691
5653 322
6021 1414
6128 852
6249 796
547 884
3821 1688
4620 155
4717 1633
406 1162
472 193
950 495
1283 1414
356 983
2320 997
2910 662
3634 1021
4049 255
4709 1156
5041 105
5184 1683
5375 203
5531 1673
6011 488
6069 175
559 1061
933 200
2241 1169
2731 1350
2808 241
3223 499
3428 1277
3678 857
3694 784
3861 1688
545 1265
1386 942
3488 1239
4273 174
4894 488
5087 1251
5588 716
171 865
3443 501
3603 365
3851 1688
5568 1636
3265 1239
3472 1711
1056 1784
3128 227
4095 311
4242 467
5921 1620
751 853
801 874
1674 1248
2424 863
2437 1169
3310 647
3852 1688
279 1313
825 1484
1805 716
2438 1209
4301 221
4813 533
361 1162
464 377
2584 597
4091 1061
4126 1220
5627 398
5714 884
5820 716
1142 1088
2173 1209
2608 235
2732 1350
4291 174
4443 1225
5988 1611
238 1053
2313 854
2545 1135
2828 1035
3262 1277
3343 988
1179 200
3289 979
5150 203
5829 14
340 467
2383 1169
2830 1635
3614 270
5945 320
6032 808
170 853
3351 1635
3623 772
4777 480
5661 176
1024 908
1270 661
2469 1646
4180 1220
4996 959
341 716
762 862
2659 997
2764 1114
3032 1028
3087 378
4125 1743
75 1193
2452 1083
2535 596
2698 1114
3485 1321
6024 1503
1057 181
1186 707
2754 1114
3248 1096
6219 480
1284 219
2743 1629
4167 254
5717 86
2967 158
3690 808
5766 1711
2363 597
2593 1114
2952 1228
4080 60
4732 1523
5363 1029
6101 959
842 1084
1127 1007
2689 598
4160 440
4572 772
4891 1225
5072 861
5309 1213
5879 1415
6055 156
210 1053
2377 230
2479 1209
2559 240
2726 614
3810 874
4408 211
4784 1670
2308 647
3295 1096
3580 1703
4714 176
6072 196
6073 716
672 1748
977 874
2458 598
3991 597
1042 1782
2177 854
4366 944
6197 181
6260 852
3163 342
4134 1115
4591 1721
4925 1714
5773 1636
1065 908
2541 1350
2673 463
3586 155
4185 971
5427 1636
5610 716
2244 861
3102 158
4807 990
6052 874
54 1193
4105 1743
4207 1251
4902 1183
5587 1414
6257 1181
38 1119
344 63
469 134
916 883
1001 415
3256 1277
5895 1503
6015 1500
144 1193
2699 820
4617 447
5010 874
5312 238
2304 1350
2640 598
3010 158
4977 1617
131 630
182 1210
1210 1097
1795 992
2738 997
2867 439
2992 158
3394 1096
5891 716
1171 421
2406 1580
49 1077
191 295
2775 984
3920 875
4338 1167
4359 1700
5663 1288
2521 598
2524 598
2893 1047
3254 1277
3594 975
5079 622
5202 1118
5253 342
5364 712
2587 598
2596 854
3146 188
3302 191
3803 1688
4193 1220
241 1061
374 1636
495 193
3120 378
3653 421
5748 272
142 878
2253 235
2333 240
4004 313
87 1666
2482 1193
2649 1209
3141 120
3229 188
3504 225
3545 1483
4146 365
4595 956
1838 154
2381 1209
2928 654
538 369
2601 1135
2800 634
3090 378
4865 412
1110 415
1268 1138
2169 647
2509 1580
3646 1574
4324 1228
4671 447
425 942
601 1630
1156 1278
2181 716
2310 647
2422 646
3207 1313
3208 1788
4176 408
1932 327
2168 647
2252 1383
2284 988
2740 1649
1625 716
3164 227
1796 406
2600 820
3197 227
4375 999
4488 161
4906 406
5449 1241
262 1741
539 1265
959 448
1576 1326
2797 1114
4846 1061
666 772
1177 716
2213 467
2582 853
2602 1114
2652 663
4127 408
4398 845
4524 1473
2366 614
2691 646
5097 874
5520 18
6119 1061
377 1750
505 181
1140 852
1726 1265
2238 997
2635 853
3584 774
4298 154
2591 646
3339 853
4842 85
703 315
3826 82
3880 997
305 480
2043 167
2592 646
3541 1257
4115 245
578 589
2382 854
2397 1169
3220 605
5605 1636
203 24
1028 1248
3012 158
3249 227
3273 1527
4655 1053
5145 120
5286 1172
230 1670
512 1784
2497 1389
2761 820
3299 1096
4196 25
4328 356
4370 1795
4950 1643
5119 338
1934 393
2560 1389
4911 1166
6145 480
370 1768
3022 1228
3315 357
3347 1711
4618 1725
333 1053
1012 725
2378 1350
3211 485
2357 598
2921 158
2473 1186
2513 625
3152 1228
3201 227
4009 313
4307 476
4514 1508
610 66
806 1564
1146 181
2799 230
3605 341
5015 1150
5473 1278
5839 1502
42 890
2784 799
3286 424
5111 786
6076 705
272 1265
1671 912
2507 874
3979 313
4336 580
4382 292
5624 1789
451 1414
733 1061
4144 365
26 890
4094 1159
153 1397
542 85
1716 753
2309 647
2457 1580
2568 1678
3252 227
5491 885
6004 1673
6213 158
523 959
2758 1114
3416 1691
4241 342
1337 908
2285 855
3228 158
4145 1743
4169 443
82 1118
4820 1784
5115 181
5178 874
5187 1646
457 1692
2696 1135
4081 592
5078 1648
5838 480
3625 536
3642 484
3704 786
4983 1251
5252 731
293 336
3834 1228
4538 58
5746 991
2451 1580
3396 1096
4252 295
2305 1135
2832 1209
3497 24
6037 1616
379 221
2176 647
2386 1169
2724 853
4413 1643
6014 382
2259 959
2573 883
3574 1638
3601 817
3736 45
5108 3
5185 986
5960 1483
6067 852
1131 141
2417 458
2426 639
2543 1209
3304 1358
284 1097
3016 183
5779 947
2359 853
2965 158
3242 227
3335 1788
3805 1688
4649 1281
5597 921
2218 626
2365 605
2446 335
2557 1022
2903 531
3191 1096
3425 191
3600 774
4104 1220
4271 1228
4313 295
155 630
2379 1350
2387 234
2405 1580
897 440
2757 646
2762 820
2871 688
3535 227
3619 1607
3875 712
4320 1318
5948 1636
1153 1138
1227 36
1547 853
2369 462
3123 227
4186 341
5931 141
218 1061
1463 109
2447 395
2985 158
3721 1154
4749 321
285 41
852 861
1517 286
2083 1277
2174 1135
2372 1194
4255 1636
4302 1794
4396 1665
5254 1425
6066 1483
164 1666
483 725
2375 694
2663 270
3000 1683
3203 191
5164 1636
5437 1768
452 168
1408 1414
1579 965
1629 1755
2530 646
2700 854
3103 183
3691 1102
4179 408
4879 986
51 845
348 1061
2432 998
2352 1083
2355 853
2682 598
2829 716
2991 1028
3165 191
4326 120
4335 1228
4371 357
3253 191
4711 398
5121 120
37 1119
1033 724
2860 531
3168 262
3298 191
2526 1119
3448 1691
5665 1505
5859 56
766 1777
1015 1664
2527 614
2709 1146
3073 1228
3091 227
3637 1703
4386 1743
5807 398
2170 854
2294 598
2760 1194
3251 191
4077 327
4143 1743
5105 141
5144 1061
5652 1711
5782 725
1062 1377
1393 414
1444 12
2115 1133
2428 820
4698 1734
337 254
431 1670
1606 716
2111 311
2368 1277
2478 1194
3313 1773
4295 1462
5007 1007
5476 91
587 639
2533 646
2824 1654
4332 1648
4713 146
5447 1743
388 1779
4678 1731
709 243
879 12
1559 184
2785 1228
4805 437
352 1772
6223 884
47 1129
2751 763
3499 494
3659 829
4238 204
5647 602
6013 1795
427 162
2374 647
2477 632
3125 227
3596 1414
1081 311
2232 639
3462 1277
4048 959
4168 983
4712 790
5024 146
5780 288
551 1794
2692 1341
2702 1209
3095 449
3264 1788
3884 236
4362 1795
4708 1102
934 799
2423 1764
2947 1518
3200 378
3342 1277
4744 1213
311 1265
460 480
2130 625
3166 221
3382 200
3403 1239
5607 1578
2226 230
3540 264
4158 365
4175 1634
4384 238
470 393
1253 1061
1397 1248
2531 1145
98 1329
373 221
2225 647
2522 598
3158 1096
3883 1127
6098 1061
812 1782
2231 647
3368 1115
4106 327
742 466
794 1660
1133 181
1445 1007
2599 854
2725 598
2786 422
3030 158
3809 390
3888 1088
2328 1169
2576 1610
5362 716
5466 513
5765 773
101 957
1036 1636
1306 421
2373 854
2508 619
2935 971
2953 1228
3023 1654
3099 158
3303 191
5323 1795
5982 414
60 598
520 1061
932 883
3226 193
3370 378
4247 221
4409 622
4719 297
5934 382
2628 619
3161 227
3222 1089
3598 998
5673 1711
338 246
434 1607
577 639
3859 492
3993 1743
4217 1711
4833 445
5580 498
757 1423
2629 1580
2681 598
2854 1654
2894 58
3660 447
3936 1259
5019 1633
5255 861
5916 797
83 1020
620 1653
1411 942
2301 647
4811 716
5048 1763
1129 1326
4132 1737
4827 777
5189 312
5539 1023
6068 843
372 682
2370 1350
2544 1209
3597 1277
5106 1228
103 1666
1613 787
3490 1194
3822 1688
4912 321
199 920
658 78
2933 1728
3430 1239
4673 176
5165 1028
5907 1563
1973 1097
2223 1114
2228 647
2409 1580
3386 530
4270 204
4895 707
526 35
2556 622
2907 1414
3199 191
4534 661
5042 407
6159 490
6201 1602
167 1748
334 317
408 1448
866 956
1004 1278
2990 188
3122 1096
3278 200
5000 91
5013 1183
105 1666
480 411
2538 1114
4546 817
5233 526
3160 1096
3405 1188
3552 227
3733 1749
4377 997
6096 1181
3002 120
3133 1527
564 15
1095 1061
3722 19
4243 1147
5301 1634
266 851
777 1277
987 986
2972 91
3129 123
4253 110
4745 808
4788 1753
5479 1278
5757 515
391 1162
914 986
1585 725
1627 2
2631 1580
2888 1678
4392 1646
5415 174
5525 942
1147 1278
1546 1688
2311 647
3078 188
3710 1537
3804 1228
4138 461
4159 1220
4360 443
4864 398
649 661
768 957
3379 1424
3529 772
5435 85
68 1329
960 1722
1213 1443
5775 421
970 168
2455 1580
2925 144
3516 310
440 1089
1661 1643
2167 820
2245 663
2402 65
2648 1135
3241 378
4305 356
4955 18
5480 1061
6136 1007
573 443
604 119
2302 647
2814 332
4200 25
5032 193
5450 342
5603 531
1967 604
3031 158
3348 245
3423 1096
3785 1654
2634 316
3075 158
3956 1639
4235 1228
4652 829
5071 257
5443 319
59 642
77 890
122 865
1377 874
2347 625
3156 120
4877 1691
5760 991
6043 110
6205 1593
189 1061
455 1713
2171 1350
5498 480
6241 962
439 1731
554 1438
743 470
1614 89
1950 564
2217 646
2420 598
2639 598
2811 435
3236 221
3547 1428
3697 1725
3818 1728
4342 1165
4874 1615
5460 312
903 1153
1139 1725
1141 324
2416 1090
2827 1622
3613 998
88 630
2081 1580
3196 378
3245 227
4535 1413
4597 382
5267 1320
6084 503
89 1090
245 480
748 580
753 235
1260 1465
2979 1228
5302 238
30 1129
837 792
2472 1350
3204 191
4225 1076
6161 503
121 1145
163 854
410 159
3890 178
36 1329
314 356
528 1714
810 1613
4269 1465
1334 105
2349 1580
3943 712
5614 327
6151 660
6244 843
1384 715
1768 415
2110 1114
2927 674
4066 959
4355 458
4660 1179
1388 1110
1644 1220
2233 647
3014 158
3952 619
28 1329
317 1637
449 1644
525 1784
817 727
2203 1090
2745 215
3515 1239
5655 411
6123 201
2589 1145
3774 1688
679 942
1246 36
1477 1648
2312 820
3973 984
4677 31
5413 1181
2481 1320
2594 646
2694 1145
3582 1257
4321 851
4957 69
702 9
1620 2
2413 865
4344 1638
889 163
1184 1061
1692 295
5109 437
6250 829
120 241
160 654
259 510
292 415
298 1636
339 437
2498 984
2515 1580
3026 120
5860 1636
178 1496
811 296
1048 1007
1949 406
2361 167
3011 188
3934 1187
3948 936
4140 461
558 22
2235 647
2307 647
2487 1648
4718 842
86 854
172 630
1313 942
1398 1225
2528 596
2550 1648
3573 634
4887 986
6047 434
156 1105
737 29
1376 113
2536 646
2723 598
3246 591
4506 908
4755 874
708 1414
900 4
1105 1097
2234 647
2534 614
4814 175
424 1711
1017 190
1116 221
1289 120
1503 965
2886 987
5203 1414
5321 1042
557 1763
705 15
839 1303
1093 183
2453 1580
4079 1278
4219 1714
4244 82
4322 317
4806 1720
5844 1636
21 1129
219 549
236 1077
2585 598
3150 360
4109 1220
5585 450
5646 409
94 1193
111 1193
399 883
1347 1182
1746 716
2227 820
3372 589
3957 480
4707 661
5365 653
5616 874
2162 1114
2878 1075
3112 979
3609 521
4250 1465
5747 782
6252 449
1143 874
2230 854
2688 316
2793 1390
2877 170
3855 998
4979 1028
5617 78
1975 502
1995 604
3441 1077
3868 1213
4164 262
4181 1743
4873 1425
360 1636
1292 181
1922 264
2224 820
3107 360
4011 313
5991 320
31 1777
390 1448
3528 504
3738 956
4987 41
80 1329
3115 120
3378 1245
4376 476
5216 1414
6053 1047
10 450
148 461
521 1731
1923 1289
2132 1580
2236 820
3155 120
3247 191
3854 998
5574 1673
6075 327
229 671
301 1296
648 103
3008 158
4090 1220
4974 1414
814 133
888 1008
1035 1248
2418 597
2548 240
2590 1120
3889 1634
4205 1020
4682 715
5081 1166
5448 480
5787 1714
5966 108
239 896
2050 1129
2454 1083
2578 1610
2727 1186
3118 120
3689 267
3705 823
5550 1069
154 1382
2172 647
3144 193
3277 1740
135 845
660 957
685 44
1701 1239
2201 855
2791 1641
3233 360
5397 443
1721 1239
3318 222
5282 342
336 342
586 1023
867 531
4008 600
4555 480
5355 1007
5589 75
5933 155
1933 165
2748 1035
3221 605
5955 1266
64 1193
618 1221
1021 166
2782 422
3124 342
3493 310
3677 829
3891 1636
4720 109
1587 864
1739 516
2641 598
3881 236
4103 408
4114 4
4286 449
1159 77
1349 814
2514 1580
3043 992
3946 1257
201 1725
3517 1407
4184 1220
5461 829
5573 1750
335 202
1152 956
1441 115
1551 959
2161 614
2616 1662
3172 1527
3489 1239
3606 1162
5475 1278
2 78
944 200
2852 58
3328 1228
4087 461
5681 1047
72 323
1278 436
1718 1570
4280 431
6172 1377
6251 340
467 1181
2664 96
3873 998
5684 1300
5977 331
6137 40
1464 707
2078 1090
2586 853
4383 987
4973 1621
5314 434
6107 1189
417 1162
1050 134
1259 1020
1921 1469
2474 614
2712 662
3300 227
3560 1219
3862 1780
5648 1520
56 672
1656 1637
4216 1236
5569 1636
2500 395
5020 440
1054 155
1122 495
2820 58
4704 78
5425 1193
5719 327
299 221
2414 598
2872 915
3406 1407
3458 378
6001 414
490 480
663 56
761 854
1077 1278
2971 360
3679 422
5465 1789
227 1251
694 1749
1185 884
3024 1654
3676 1505
5225 443
1964 1080
3519 662
3446 253
4515 1789
4701 424
421 221
1988 1580
2449 1610
3080 937
5668 1537
5843 63
501 340
2062 1644
2915 1228
1078 987
1193 26
1332 909
1676 255
2623 436
3051 80
3476 1075
4162 589
4434 301
5609 141
2471 22
2879 170
2973 1636
4670 874
4787 707
5172 602
5795 1200
5883 74
6029 597
6220 77
137 1135
444 1061
607 1660
1571 1665
1647 1414
1727 510
1937 340
3098 120
3180 193
5818 472
288 491
1295 208
1338 1063
1394 1028
1770 1414
2407 1083
2444 626
2575 1083
3322 193
27 1347
93 1104
824 798
1018 1061
1570 1193
2812 1649
2080 619
2281 625
2822 1075
14 918
492 716
508 1779
602 803
1276 103
2077 1169
2202 1090
2450 1580
3624 58
3734 449
4089 408
5669 532
5812 568
6045 1181
404 874
1115 661
3750 578
4628 1657
4816 321
4940 1709
5140 33
5171 155
6177 1774
640 188
871 1326
4165 1042
4365 1716
4616 190
5903 1047
453 1727
1014 1183
1682 884
1689 324
2701 1169
3629 1289
4962 1061
4998 753
5451 398
5979 1483
1604 826
2676 1636
2853 456
4401 1396
4716 406
5995 471
81 65
309 1617
471 843
704 851
4064 461
4449 385
5076 1412
5266 120
6056 302
2905 1675
2954 158
3942 1278
4447 1677
5147 1022
800 1749
1288 302
1868 414
2022 1580
2129 625
2897 1527
3375 988
102 854
420 15
1657 704
1985 1626
3188 415
4237 1425
4279 1713
2353 604
3111 120
3688 75
6182 1105
1027 1061
1357 1629
2306 647
3074 120
3356 617
3824 1155
3925 1328
2579 1083
4985 1228
5110 221
5930 1598
244 814
248 877
698 1075
3148 1159
6211 404
1563 1762
1640 850
2431 647
3331 1228
4147 842
4853 366
5195 317
664 1001
943 1028
1660 367
2137 1580
3029 120
6110 1721
2898 210
2900 120
141 853
1809 1007
2060 1739
4880 1073
345 317
1852 1007
1858 1521
1693 1715
1990 625
2934 288
3173 1711
4325 1636
4746 320
1315 1020
1760 1152
3411 211
3892 998
354 15
869 930
1471 957
1564 646
1583 694
2646 1119
3034 97
3070 1737
4121 1189
4198 971
567 15
2823 1654
3044 1425
228 1791
1938 371
2463 614
2857 1673
978 33
1226 286
1855 39
1935 393
2923 1079
3561 1102
3701 1674
5257 1279
5649 156
506 193
1528 1698
2955 1228
3187 120
6190 239
1348 1714
2408 1169
2855 429
3292 1228
3531 115
4654 1269
4964 200
6150 567
92 859
1199 169
2184 53
2683 598
2916 456
4967 133
113 1129
1413 1265
1511 134
2892 1190
2938 120
3921 1662
3989 1318
6097 503
175 45
438 407
609 200
994 874
1991 1580
3194 227
4929 440
5872 1564
6181 984
0 1660
364 1660
3551 62
3617 1102
4309 1691
4397 70
4739 1782
5329 1728
112 651
209 1634
2741 267
787 753
1646 1090
2460 598
3015 188
3525 144
5513 883
1154 3
2630 1580
2642 1127
2989 188
4107 1220
5600 1228
234 633
636 652
2029 604
2280 665
2290 597
3142 1617
3179 158
4007 313
4317 1097
5054 297
5547 1748
41 1193
366 661
1106 852
1447 72
2917 288
3060 97
3775 651
4367 1165
116 594
569 342
1207 1138
1580 1033
2574 414
2816 1656
3807 147
5196 1295
5504 44
5517 1691
5845 77
267 1135
2978 422
3549 221
3618 1725
3839 987
4347 1167
919 884
1098 909
67 890
1553 1646
2503 224
4296 1750
5292 986
5682 1308
5823 920
819 777
1100 1712
2134 1169
2930 1656
3184 360
3648 1496
5713 1160
2030 1169
2790 976
3167 123
4364 98
426 146
1380 103
2338 1648
3063 1228
3882 235
4267 1465
5040 1738
1392 1061
1891 264
3297 216
3353 1162
3755 1509
3871 988
4351 476
5011 1251
5749 1711
6039 1664
1994 1580
3071 1728
3720 1102
3900 1768
4981 1260
6231 1784
200 1622
1372 472
1653 607
1755 166
2415 589
3860 1684
4203 97
4847 1670
5224 431
5554 1719
6202 1251
6258 1729
79 1128
540 1251
1383 1726
4511 715
6179 1061
4204 334
117 851
130 879
291 4
355 100
622 617
1161 1248
1362 909
1999 625
3337 623
3415 1690
4285 1634
2465 1119
3361 705
3503 883
4229 1194
6149 967
1300 978
1892 359
2948 1703
3272 725
1596 1094
2196 656
2367 598
2580 1609
3280 90
4150 489
4657 63
5798 18
1013 1283
2026 625
2846 1623
3435 1742
3520 851
6164 503
600 1609
1181 1731
3967 1127
4161 1308
4331 305
1687 1641
1709 1239
1794 1182
2633 619
2747 1035
3377 628
5984 1673
168 158
828 530
4297 1634
4352 475
4772 238
5503 1480
1590 1405
1890 1469
3986 527
4675 1248
4861 437
5736 1764
6192 1002
282 1670
1924 1183
2282 1580
2356 604
3025 120
4349 1149
5039 1683
5284 317
40 1104
1951 1183
2717 158
2778 1711
3550 886
3838 234
911 200
2197 619
2403 1414
2901 100
3183 97
5621 347
474 40
1044 1152
1045 447
2981 82
3453 1654
4130 1180
4368 1456
5332 1583
5380 369
5924 84
173 1727
576 475
774 1207
3137 1414
3439 1711
4220 120
4222 1675
4395 458
5611 491
5670 1301
2000 1169
2131 625
3383 1638
3387 530
4659 1123
4761 74
5804 1617
5873 1607
859 1533
1617 1270
2411 1169
2951 161
3418 201
4560 858
6214 883
1997 625
2148 718
2348 1580
682 1463
771 594
1190 1424
1992 625
5183 1786
5308 1439
498 1692
712 1166
1198 947
2896 422
2961 158
3171 1527
3652 1731
5677 1680
1773 1565
2831 1120
2936 429
3333 1096
4183 1654
5104 1437
5630 357
924 1278
1006 1757
2283 604
3013 401
3823 998
12 518
276 1643
1402 502
2825 1654
4133 320
5335 661
1943 1246
2112 1646
2506 1248
2874 786
3444 1711
813 382
2410 1169
2622 703
3182 703
4308 449
183 1711
395 986
2025 625
2866 332
5400 1072
346 1639
541 1251
1574 1425
4604 1452
409 46
1201 884
1785 422
2752 646
3017 703
3314 1130
4859 146
5231 312
5360 219
5965 1437
5994 498
647 1731
1113 1138
1842 1572
3176 313
5016 511
1208 126
2510 1580
3140 120
3175 605
5619 1743
5687 369
5978 322
1401 650
2563 372
3569 1008
3635 1256
3730 1039
6229 1531
1364 176
1969 604
2887 1678
3407 1407
3410 597
4350 489
5455 1683
97 890
367 63
1959 166
2127 583
2300 1114
2815 1675
5671 1536
6129 431
159 1687
226 181
1031 481
1157 385
1320 1683
2133 1580
3495 264
3869 19
3872 1382
1240 1725
1370 791
2079 1580
2632 1580
2876 1438
3056 188
4213 25
5813 585
5925 800
6232 196
656 1210
885 1636
2976 1047
4206 219
4334 120
4519 422
4747 413
4851 297
5489 1459
2621 435
2956 429
3820 492
6170 467
186 502
1119 431
1404 727
2619 1649
3699 724
3960 1678
4905 1424
5536 329
5582 1677
55 672
3003 120
4387 596
4679 25
7 1121
1373 41
1797 1375
2679 1580
2913 786
5276 634
411 226
650 675
833 769
1272 1163
2904 107
3686 1196
3924 342
4533 103
5006 227
5477 1043
5509 942
6225 109
2222 1114
3367 591
3999 585
465 1683
627 1750
4047 1073
4108 947
4373 1716
5735 763
990 420
1221 143
2092 316
2518 605
2627 1610
4931 1691
5567 1712
5683 1300
6259 1729
3392 120
5100 1077
107 1774
432 412
641 682
3094 766
3498 1687
4346 214
5169 1636
6049 1279
6167 1105
671 1480
696 214
718 239
1745 1258
1749 240
1919 1007
2337 361
2789 1656
3466 441
3723 3
532 1633
1136 1088
1230 1213
1361 935
2288 592
2675 162
2780 1
3287 360
3327 1212
4559 97
4627 842
5608 1153
5826 1020
446 154
3135 580
4215 746
5626 1734
106 833
328 999
1767 1020
2016 165
2883 210
3628 793
3985 558
290 437
3027 80
5250 1727
5825 1014
5981 1683
70 1329
231 795
1971 625
2163 646
2588 614
2856 1654
3041 887
3968 636
15 611
1128 1637
1490 324
2788 254
3502 1379
3522 16
3866 654
4233 1236
4399 1395
5941 513
1989 1580
2082 1580
2501 372
3046 449
4656 326
461 1183
544 654
1608 868
1618 1287
2881 1641
3588 1471
3645 772
4306 180
4783 1171
400 15
623 386
695 1415
749 480
2914 58
4576 1728
5012 297
2061 990
3325 1438
3355 599
2669 1339
3982 532
4113 564
249 1166
3886 890
5555 1636
6120 58
594 896
2847 786
5193 829
2687 597
4824 74
1107 1779
1584 1750
1867 414
2297 1114
2684 597
3089 795
3620 785
4028 257
85 865
591 257
2999 1190
6194 1414
179 940
1222 345
2826 1523
5706 1622
5849 753
386 1429
398 986
1734 1239
3864 1382
3998 585
5865 166
699 908
1699 704
2818 1223
3389 360
3608 1162
877 1485
1005 883
1316 1232
2844 1258
3365 1265
4259 851
5645 523
5769 991
5832 1412
3250 592
756 214
1023 884
1675 1742
1837 533
2027 1580
2957 1641
3840 1707
4266 120
5620 1743
5639 1228
275 1111
1344 1251
2289 597
2668 654
4791 215
6139 1610
603 295
2714 151
3085 887
3274 762
4499 815
63 1382
84 369
592 117
1280 488
1296 1236
1636 77
2200 1580
3483 1096
4860 434
5695 994
3 450
233 937
711 1782
1648 1274
1694 1644
2939 448
3059 937
3134 559
3362 360
3366 153
4214 1412
4388 242
5125 1155
6189 967
166 139
362 253
834 1794
1310 1782
1634 1183
1654 580
1881 582
4300 356
5053 1709
5452 1710
5592 416
115 216
318 120
770 593
3243 795
5759 955
247 1593
548 1008
583 1791
1148 1061
2345 1480
2711 1675
3381 421
213 1754
256 334
1189 406
1322 1711
1748 126
3290 1361
3384 1077
3478 817
3777 777
3964 1678
5008 204
5102 626
1523 1698
1772 1565
2292 598
2982 158
5604 1069
29 1775
843 15
1354 41
2988 1635
3511 1096
50 865
74 1023
802 29
2889 1650
3695 1536
3876 427
253 64
394 1742
1025 935
1063 209
1371 956
1438 682
1643 1610
1655 1236
3737 448
5098 1683
76 845
195 1061
1719 1632
2618 650
4178 633
4275 1
6124 340
566 9
1234 705
1567 1683
1605 763
3058 97
3566 1507
3962 1678
4323 883
5047 1605
5154 931
95 890
561 127
3009 324
3104 97
851 598
2890 265
3346 970
5940 736
32 718
57 713
519 1101
2843 662
3983 558
5155 1053
1211 254
1573 431
2279 230
3668 267
4999 908
327 19
1340 503
1593 495
1638 555
1889 1683
2858 816
206 820
1594 310
3534 342
4260 1711
5249 62
128 349
805 1732
1172 883
3837 1244
3949 1166
4265 1711
4304 252
4871 1017
114 718
823 1783
1978 32
3018 97
3768 1749
3945 224
4231 682
4759 986
1271 158
1422 1020
1849 517
2980 120
3793 121
3972 1389
1993 625
2842 1649
3922 203
3944 1786
4129 1667
5809 18
783 528
1539 938
2005 1129
2880 1641
2966 1189
3055 324
4333 1166
5114 503
5354 1622
675 440
3271 1088
3320 1316
3364 1228
3473 210
4251 1061
5642 117
5964 615
6082 1446
688 517
845 1698
910 311
1134 1121
1491 851
1730 238
3035 97
3442 1077
3995 1580
5496 795
5660 1415
402 472
2156 167
3523 473
3702 1174
4510 797
549 1706
1016 1528
1248 763
1465 727
1550 361
2625 1629
3105 703
3779 121
3865 1097
5198 523
5385 162
5770 773
6138 1610
125 684
873 1789
1696 230
2041 589
2098 605
2351 625
3076 703
3237 1073
3390 360
1419 956
2100 605
3795 769
4952 297
5313 1380
5426 1688
250 1224
778 1657
1236 750
3696 773
3798 1749
4844 852
5756 206
6180 606
220 1008
1489 1153
1592 1523
2859 1223
3746 1512
793 564
957 1782
1019 633
2975 1656
5262 1157
5675 1315
6046 214
132 1382
217 1136
1375 942
2996 1386
3633 1711
3669 335
4868 808
188 1061
232 592
1257 484
2412 865
4878 221
3776 1497
1277 324
1560 1780
1681 491
2044 592
2220 646
5340 371
1 321
3842 406
4163 1228
4491 661
4776 1104
6007 907
240 849
710 1733
1410 478
2511 1577
2908 1703
3079 97
3136 449
3740 1593
4557 1641
5772 773
58 594
1703 1563
2165 614
4888 1265
1041 448
1323 1725
1391 788
1479 125
2516 613
3786 1481
5128 474
69 642
821 1607
1252 1486
3086 113
4315 80
4632 143
3475 130
3965 1687
4097 1361
5543 1414
396 480
445 881
1083 1636
1403 45
2638 313
3005 57
4380 817
4935 1251
1022 440
1331 440
1875 584
4276 707
4340 1054
4676 1583
6222 40
948 1223
1356 986
1807 187
2296 598
4736 1100
4839 1228
5268 1724
3039 360
3698 1740
5230 30
5331 406
6018 1679
303 1061
965 431
1788 1469
2520 598
4988 1462
979 942
1309 181
3506 191
3567 16
3572 1228
3729 773
4030 1669
6008 140
626 454
2075 583
3923 712
5248 182
5493 674
772 9
1803 422
3938 1328
4684 597
755 82
1883 583
5022 1077
531 74
973 190
1169 797
1417 1414
2746 915
3006 1218
3437 262
3655 653
3941 1535
3977 1389
4248 1072
4486 815
378 1643
982 431
1715 203
2942 183
2995 1715
3420 1228
3806 786
3963 1678
3984 558
5992 942
518 404
697 1094
886 358
1668 378
1961 584
2919 120
3050 1228
3703 108
4000 308
4569 1424
4862 1720
5237 1231
5836 191
65 890
162 861
786 1487
829 1288
1962 583
3454 191
3816 587
5151 226
5667 1505
174 473
2136 625
2209 589
2918 120
3100 1028
4124 633
4287 1292
935 440
1182 1246
2667 1655
2873 1519
3562 791
3592 1077
5469 186
133 240
1589 245
2051 598
2084 1304
2902 1079
3234 427
3238 1226
3291 323
3662 182
3863 636
4199 117
4542 25
5962 575
792 1541
1243 480
2007 1152
2021 1580
2138 1169
3707 1752
4907 297
5793 942
287 15
611 1653
1743 1559
2960 1320
3417 1212
3440 1162
6078 987
971 447
1577 1622
2049 598
2135 665
2566 1687
2911 1687
2969 894
4059 450
5976 1480
980 586
2742 435
3683 611
1612 1714
3758 494
6054 1287
307 36
1114 127
1599 257
1704 1223
3929 60
4209 1447
4236 341
5882 808
403 1097
909 255
1908 414
4903 1107
5438 351
524 296
689 965
1378 298
2219 22
2358 1768
2946 200
3081 937
4959 29
1096 295
3147 703
3833 587
4445 244
4858 1613
5423 1580
5431 817
5644 320
5685 288
3131 357
3431 334
3452 153
3751 207
3792 650
4789 1077
5618 1096
6216 946
6230 786
630 903
2777 1703
3559 269
3687 70
738 1326
872 411
2931 1223
3413 1079
3421 887
3988 558
555 378
683 991
1087 34
2299 1186
2813 1210
3940 1367
6012 1014
6226 742
716 1783
925 819
4501 97
4954 1763
6147 1637
1175 746
1414 965
2298 646
3747 769
5745 955
972 633
2076 625
2350 1580
2624 1629
2882 120
2932 35
2968 1189
3937 1094
1368 1760
1714 915
2166 1758
2848 1223
4282 107
5285 899
677 1077
1970 625
2139 613
6002 422
686 1789
1219 1138
3218 489
3449 1212
3632 488
4264 80
4339 1097
389 450
543 883
865 530
891 88
912 371
1695 1570
1900 309
1966 1374
2275 1441
3630 535
723 1170
952 163
2817 778
2884 1622
5369 790
595 661
745 1412
798 1073
894 1731
926 1061
2464 1119
3469 331
3905 1280
4738 919
184 1737
652 1483
1659 1625
1941 595
3533 118
5785 1713
6121 421
1474 1691
1607 1210
5658 992
90 1118
313 788
1835 85
5206 1683
936 1291
5432 602
5458 1783
44 1362
534 987
763 1698
884 294
962 1064
1286 215
1635 1582
1798 908
2456 1580
140 1268
785 837
1187 628
1619 1005
2505 1687
3057 703
3589 1791
3782 1749
4361 1716
5530 803
673 973
746 1264
984 1420
1070 744
1132 275
1269 1553
1832 313
3451 704
3732 769
5641 1188
6176 562
614 47
1996 1383
3664 534
3700 1643
4433 674
4843 795
5211 298
5457 1706
1987 1610
4239 716
5657 884
5837 585
1335 489
1771 607
3231 1061
3501 504
3719 1051
3726 773
5562 103
258 412
1059 1636
2033 1129
2861 1674
3288 227
3357 1179
5467 1425
5744 985
6086 1742
3004 1008
3037 703
3119 795
5767 330
177 1687
2504 271
4354 1165
4458 26
4934 908
45 1034
419 1465
974 1742
1264 1639
1624 787
1783 414
4778 661
4798 488
560 488
608 103
795 246
896 952
1200 450
1365 1414
2048 598
2512 245
3001 849
3117 979
3293 979
3581 75
4278 19
5515 488
5815 411
730 1698
789 216
1806 716
1965 1580
6160 227
928 1303
1508 1480
1667 115
2221 1114
2286 598
3066 1622
3756 1612
5095 1217
202 1054
2211 1159
2840 893
3579 75
4946 1683
5926 1636
100 386
332 105
514 161
597 3
661 1181
1168 884
1500 1452
1821 315
1877 595
2899 120
3778 789
3955 1165
4936 297
858 961
1360 487
1828 843
2210 598
2781 884
3109 1096
3926 97
5030 297
5444 807
437 1644
790 1698
2569 1043
3456 1096
4919 288
108 218
850 1129
983 1658
1363 1531
2024 625
2183 1081
2713 1043
3048 1656
4197 616
4735 318
6245 109
734 1171
1088 1622
1918 991
1955 947
2295 597
4122 842
5326 786
5370 1072
562 1207
3185 153
3657 1029
6030 120
109 1665
300 1295
2360 589
2974 215
2997 319
3240 979
3279 449
3684 532
3741 1622
3749 1749
5737 574
33 885
1738 633
1799 371
2185 1500
4821 256
5113 1663
5529 1654
5774 1210
6090 1622
964 1154
1150 1379
1931 414
2276 581
2869 662
3434 1241
2984 823
3681 785
4886 228
5732 1258
127 669
633 1443
958 705
1251 868
2028 625
3724 1067
5260 1623
5516 20
2117 31
3906 1007
5009 503
5672 1536
1684 1642
1901 32
2006 56
2015 30
2091 313
3126 592
3162 54
5814 1306
4 1138
1729 716
2665 1649
3151 1159
3599 672
5434 1670
5972 508
634 1750
1009 1643
1663 356
1753 1453
3021 1072
4600 1731
152 628
157 23
625 115
635 885
1623 1613
2262 435
3507 1558
260 91
1705 792
1851 703
5029 1644
308 970
721 790
2565 148
3808 773
4541 1731
4941 15
5241 1232
5944 127
1418 259
1829 559
3743 1650
4029 270
4234 247
4290 753
758 844
1345 908
1473 1558
1630 1795
2671 1
3178 1420
4002 200
5590 588
890 1289
1476 1691
1543 1561
2074 582
2191 939
3767 408
4001 15
4650 1155
5456 624
1497 5
1740 1700
1818 737
2937 120
2998 687
3393 887
3524 160
4151 158
5946 521
265 1754
442 1000
599 1521
998 1419
1275 1752
2643 1119
2783 1035
3349 1366
535 1629
967 909
1350 1136
1537 1670
1912 593
3040 427
3832 587
4953 1014
1857 419
1954 371
2819 849
5822 879
6125 1653
713 511
1118 340
1124 516
1130 1265
1621 769
3510 1558
5445 1779
5499 1223
1784 31
2448 41
3332 1265
3927 1425
4823 1118
5096 1706
776 301
1256 369
2214 458
2944 1619
3797 381
4249 1583
4593 360
4819 889
5367 1727
5743 1259
5985 1179
4156 909
4402 335
5901 942
5902 908
412 447
590 1217
2517 566
2626 507
3270 619
3667 1188
3980 15
4390 1046
6265 542
294 267
669 1601
868 1177
1262 1399
1712 915
2959 1633
3491 251
4012 313
1085 753
1343 73
1451 127
1697 491
3281 407
3481 191
3568 27
4018 584
4825 454
96 669
642 597
2164 646
3350 617
3590 1428
5869 1406
5915 1399
224 1303
643 121
2278 1569
1049 865
1664 221
1957 414
2106 832
2572 736
3763 769
4850 1633
5351 868
416 29
665 889
1250 15
2023 1580
2194 414
2983 1218
5212 1161
5563 1061
832 1065
945 397
2059 1129
2205 589
2339 1692
4636 156
5143 1061
118 256
1914 581
3928 490
3275 456
3593 1425
289 429
1155 1520
5062 31
6080 98
6112 1703
481 886
870 773
1089 68
1303 713
1616 744
1639 227
2052 598
3414 1449
4294 513
4450 1144
876 127
1214 63
4863 239
5124 176
5182 1709
5459 1428
1173 957
1651 1582
1669 1578
1952 153
3352 412
4303 882
5761 1745
180 1510
553 103
3966 1610
5507 1706
278 1052
380 200
684 1280
2126 584
3036 1226
6035 450
204 1683
780 9
1702 1559
3319 909
3482 887
3548 371
937 56
1043 1581
1649 1061
3149 1291
6058 992
527 447
898 352
3455 1659
4072 413
4525 884
4756 1334
1020 215
4056 413
5416 579
5528 730
5596 1708
1160 1457
1196 349
1641 1683
1751 1308
1909 1441
3294 886
4076 38
4088 38
6188 779
668 557
1792 165
1898 560
1986 581
2206 1034
4245 41
110 845
1874 1179
3391 153
119 1330
1670 1571
3474 995
3718 1173
4372 516
4516 360
621 1198
3093 838
5953 1782
73 845
1387 1306
1766 992
1825 939
3953 308
4117 68
5963 1302
4254 1500
138 727
584 475
3987 558
4074 909
615 1682
1899 1253
1976 420
3419 1265
4277 703
5508 1729
1232 1291
2949 1072
5545 881
5908 531
6221 1121
915 117
2071 431
3007 324
3020 1494
3479 153
5454 488
5523 29
5786 776
6114 1399
383 90
1860 32
6168 1296
25 435
484 311
1369 757
1379 1700
1496 190
3500 1674
5384 1233
5875 995
5886 1463
826 1035
2020 431
2053 598
2364 598
3153 427
4037 125
5235 1766
5344 1674
827 956
3422 887
3843 1238
78 219
1281 1783
1861 180
3812 548
9 687
991 698
2744 1
5120 1636
6051 1368
875 1061
906 113
1099 1480
3564 1674
4149 341
4283 351
4466 461
5392 295
4975 246
5275 598
5599 539
5612 294
5850 808
5900 1124
5927 1239
1390 1776
1578 1733
2154 1119
3097 120
3794 279
4010 313
4246 1636
5801 1636
5909 1625
5954 783
365 1577
1685 1080
2720 482
3978 598
5651 1727
5842 1727
5 1105
536 9
1066 986
1366 774
4289 135
5613 615
6146 136
6262 485
720 1750
1974 530
4195 1639
4479 1781
5300 1743
5579 1305
5986 942
1117 1014
1862 497
3847 383
4023 1771
4281 19
4848 1533
632 1448
1468 899
3685 534
985 9
1079 1459
1731 238
3388 119
4978 736
6042 1670
784 1577
981 1276
1075 272
1151 909
1448 1773
1836 431
1886 1441
4680 95
5342 956
3276 618
3508 490
3848 352
4137 413
4531 1306
5274 590
1162 746
1304 15
1505 1252
2141 587
2199 604
4928 1373
511 480
2072 582
2950 1687
3083 427
5181 1781
5541 736
6111 1650
1405 513
2157 598
2677 1679
3518 917
4141 881
254 46
2929 1631
5289 794
6198 503
145 1078
731 842
1611 1009
1793 1453
2094 718
3787 521
4019 242
255 868
3139 1683
4208 1438
5409 1515
5488 947
5758 955
949 9
1896 307
3239 170
3409 605
4202 1163
4232 107
99 655
1263 1152
1427 58
1645 1435
2850 1043
3224 1629
3621 509
4110 873
4582 1725
5856 786
1823 994
2019 595
2032 1119
2716 215
2909 494
3212 1191
4540 1742
5853 1573
1367 450
1642 1312
1907 414
2035 592
3068 1619
3216 1570
3796 222
5446 882
5676 1073
1176 713
1396 962
1786 153
2113 884
3438 1046
4005 313
4869 861
5474 31
5733 1259
6122 1289
2038 832
5025 437
920 25
2095 711
2875 849
2926 1008
3082 153
4262 1053
1080 1670
1586 191
3471 268
5928 348
13 1486
66 651
1123 480
2564 1655
2870 278
4915 46
351 173
1321 13
2107 718
2270 422
3731 345
4484 843
5213 635
5472 1635
5696 420
286 892
1205 938
3170 57
3186 1226
728 1374
1067 1042
1459 43
1540 1773
1562 4
1700 327
3363 427
4381 521
4897 1399
6255 1072
883 1557
1406 874
3159 887
3611 995
5320 1558
330 1111
350 801
1936 393
4822 597
329 1077
905 857
1873 584
2266 559
3887 109
5318 1579
320 1706
624 186
1399 1641
1595 1780
1834 309
4852 1791
6104 829
1513 815
2215 614
2906 317
3762 1512
5236 860
5346 539
5601 716
297 1415
1711 1559
3754 246
6071 493
1126 1432
1691 212
1722 1559
1940 593
2212 718
3054 254
5131 714
5417 33
5718 1232
860 503
1569 1410
2271 497
3072 123
3845 46
4330 589
4753 330
5306 180
5633 332
678 1246
2057 583
2404 1468
3301 887
3975 1240
1333 446
1840 583
4014 242
2144 313
2845 884
3121 592
3994 1610
5556 12
815 786
1942 431
1977 180
3433 1159
3530 1286
3752 191
3765 540
4921 1071
5464 74
853 1329
1382 1574
1710 1559
3682 1301
5533 80
6261 1670
613 957
1302 1781
2190 939
4139 1399
4403 624
5299 953
5410 369
5852 1253
150 1565
324 13
881 1743
2924 165
3267 927
3395 887
4518 19
5391 1072
1197 91
1466 352
5678 1085
5703 1239
1735 1714
3106 1291
3266 1730
3780 279
4464 749
5353 503
6215 1386
1233 956
1968 604
2269 165
2787 326
3412 597
4021 269
4490 683
4741 1497
447 63
510 874
619 74
874 155
1038 127
1750 1737
1870 751
2119 1038
3951 1327
5526 737
1202 1664
1865 939
1915 595
1983 414
3959 851
4128 421
4958 480
681 1279
1906 567
3735 474
4854 1299
4876 1361
6130 567
1183 13
2958 919
3019 1301
3354 74
3766 946
4425 746
4496 1596
4991 297
1225 463
1713 947
2970 1728
3532 1099
4467 1728
4947 1515
1217 3
3432 654
4017 242
4024 125
5160 1388
5784 166
1245 15
1736 621
1910 584
3062 366
3157 887
4465 1400
744 115
864 517
1506 1629
2040 832
4406 786
5412 1213
5799 1373
629 454
3064 427
5278 1280
1572 1761
2102 598
2993 793
3665 1289
4085 413
4419 1373
4606 1226
1601 1472
4633 1246
5636 501
5789 1077
5810 77
6200 450
750 38
2461 598
3527 1111
3666 476
4930 73
6247 1347
488 625
1981 1642
1998 1304
4073 461
5864 1508
6140 1577
1206 1578
4492 354
5889 795
3954 1240
4592 740
4771 536
616 986
1032 1462
3712 1530
5968 1077
6 1211
216 849
1326 1382
1461 352
1482 1703
1686 1610
5470 1636
5518 111
691 538
902 45
1046 734
1164 176
1529 764
1631 1466
2721 273
5577 47
5692 1728
588 149
2031 832
4101 1163
5495 1459
268 1195
788 978
1216 460
1763 559
3219 973
3990 1022
4224 931
5593 1205
5738 1365
1723 1260
1853 970
3329 427
579 1738
1287 1685
1728 421
1904 566
5058 74
126 1652
1848 1572
2039 832
4032 1022
5094 1541
5705 1482
43 651
923 771
1742 720
3189 427
3198 887
3744 1463
6010 603
1091 278
3232 1527
4840 369
1092 884
1432 1725
1678 1580
2821 266
4896 74
6028 744
6224 1109
1780 165
277 19
2779 885
2794 161
5715 1666
5727 39
1324 472
2103 316
3235 326
3380 308
5537 434
575 86
692 786
1011 1379
1458 727
4046 413
4154 200
5330 573
6253 1421
537 1698
1267 1706
1456 1129
1548 3
1789 559
1916 581
187 1680
1040 994
1812 1579
3505 745
4393 1078
5952 1280
1510 1443
5808 54
657 1180
1039 1265
1409 1705
1652 1610
1680 1527
1725 582
3661 1009
2142 587
4507 1714
5876 915
1926 1157
3192 305
4155 911
325 20
1238 101
2108 718
3467 1398
4194 136
4920 1729
4948 480
901 1641
1610 350
3067 1079
3969 308
4412 1038
4702 74
5298 410
5659 759
6103 836
149 1259
1314 45
1330 1437
2216 711
3047 1683
4337 1097
5044 415
1552 549
2719 1177
3996 308
4760 490
5549 256
343 1751
719 1063
1472 621
4003 1483
6263 1337
680 1265
844 1779
1224 727
2147 589
3644 1337
4505 1531
552 1750
1341 34
1754 414
3494 91
3727 582
6064 953
1839 1101
3492 752
3904 1328
4608 1574
6065 602
3663 1496
3885 614
5379 516
5414 858
1920 804
3110 1073
4218 498
5197 27
1885 1060
2620 1210
3210 1515
3622 1428
3970 308
5806 167
940 6
1449 1384
5581 1636
491 1710
1076 1782
3745 769
4497 97
5698 33
2045 597
5428 1680
5824 521
913 1718
1218 969
3799 1306
4058 1008
5173 505
5949 468
1494 259
2097 426
2109 598
5707 521
2010 313
946 704
1944 1441
2042 475
2047 598
3846 587
4841 13
5637 256
5827 993
1188 1605
1555 586
3829 587
5014 10
5408 1625
6022 939
326 1392
1026 580
1429 1663
1847 405
5436 1567
1724 595
3480 191
997 1428
4044 125
5712 252
1400 1264
5139 186
5440 827
6115 366
1180 1187
1434 334
2105 598
4036 1496
5038 1706
5406 1268
6131 483
198 1480
739 97
840 1184
2941 158
3781 617
3813 1552
5191 468
5303 1622
522 1596
2036 587
4965 128
956 714
1094 1386
4545 1373
5347 31
612 1222
729 1199
2943 1624
3190 1226
5277 74
280 1459
1407 1433
2118 559
2151 711
2272 1642
3565 505
4389 242
5463 1079
659 1219
1450 67
1845 517
3626 1012
3815 560
4329 1221
4773 173
4875 1201
1575 1698
1776 1469
2003 711
5538 821
6031 992
6063 144
574 1750
841 1381
1980 497
2940 1303
3627 1431
5075 521
5130 1373
5341 87
726 222
1953 1751
2001 590
4268 896
4662 399
5188 516
5214 590
5594 1669
5632 1363
441 965
1274 1335
1568 521
1816 259
2204 589
2868 1678
3997 313
4112 738
4602 249
4619 1667
5405 971
1195 372
1420 1624
929 6
1566 492
1765 794
2895 761
3450 942
4721 1363
1764 138
2013 371
2851 158
4035 1663
5348 1694
596 530
687 1210
1662 1557
4856 1448
5970 1296
2268 414
3769 1749
4057 1189
4391 1754
4416 616
1215 524
1516 1643
1925 369
2189 338
5034 1458
5080 1242
1389 1583
1781 559
4123 38
5325 1166
5702 574
6196 1230
1467 714
1733 1567
4817 74
4826 1378
1903 939
2056 583
3831 587
3961 1678
5288 1279
5345 992
5688 223
5880 1564
835 493
893 1069
4845 51
5148 1617
5912 27
975 1707
1203 1017
1626 138
3877 1606
6006 1727
927 1053
1535 1478
1831 306
2198 1097
2994 1097
3753 1096
5352 1457
1135 135
1486 1682
1787 180
2143 832
3042 1465
4054 1459
5724 728
1072 699
1082 517
4468 74
4472 506
2274 431
3116 427
5720 744
1544 1683
2037 832
3130 1515
4068 125
4086 44
4691 556
4752 1728
5135 169
5222 1458
1524 685
3045 136
5754 1743
887 830
1328 1663
1533 938
4800 981
5654 783
6061 1558
143 249
571 615
918 913
1960 1038
2089 598
4503 1622
4724 302
5497 29
1239 714
1963 595
5583 26
5726 39
6173 32
1167 1379
1174 1677
2263 422
3827 1379
4069 1035
4457 165
5101 615
1628 994
2012 994
2085 587
3065 427
3748 121
3773 587
316 873
754 594
847 1245
3814 1284
3939 1346
4221 247
5394 1258
5697 496
2099 586
2207 865
3770 587
4327 1232
4415 943
4471 930
4537 2
5290 74
5734 336
674 1405
4429 74
1757 994
1817 737
2146 589
151 135
676 448
3711 1530
4509 12
4809 670
5373 1472
2116 1496
3728 1272
4500 736
5484 1072
5522 82
1249 188
2342 843
3154 1226
4487 251
4836 358
504 493
2260 1596
4148 1667
392 1363
796 1308
1499 1205
1811 1496
4573 1731
4579 1002
5297 1722
5693 1613
1109 315
1538 216
3169 1705
4451 360
4949 1677
5269 783
5887 808
6062 943
6092 1716
791 216
1752 1152
5259 1071
5521 925
598 1011
782 593
849 1400
3717 345
5082 1742
5993 258
722 1207
880 1445
1549 788
1843 1101
2140 832
4111 394
617 742
3195 54
3713 431
4609 1291
5598 1656
899 1163
1170 1625
1876 107
2149 711
4529 165
5638 691
6142 1387
2055 598
5350 1438
5359 1695
5728 728
6102 1224
593 1407
1911 595
3901 1351
4063 420
4394 714
5387 832
1534 1256
1830 559
2004 711
2273 595
2291 587
4314 703
4666 1687
5399 706
1844 1441
2150 711
4230 1042
2034 605
2054 587
3947 1425
4374 703
4726 1567
1103 952
2462 598
3811 121
4223 1438
6093 819
6100 1485
3268 1465
4407 1652
4685 951
5862 1020
700 845
1504 1230
2715 779
3817 360
963 899
1822 309
3283 497
1777 939
1810 1302
2571 881
4594 1656
5084 1268
5388 1279
1212 317
1521 1778
1856 1324
1917 212
2208 605
3636 1259
1352 440
1597 599
2046 587
2277 583
3177 358
3647 1516
3849 587
4378 989
4475 121
4626 1698
5074 832
5294 126
6091 432
996 1377
2086 589
2090 581
1633 776
4353 598
5835 329
225 795
1947 582
2193 1497
4728 795
5951 503
4043 1258
4096 1751
5060 74
3269 534
4901 1772
466 247
1453 684
2195 582
3114 326
4586 74
5204 168
5205 573
6203 721
6207 1385
4612 1596
4889 1136
3595 1563
4945 74
5487 1366
271 1238
4034 73
4435 503
4498 12
5201 1428
5527 730
5689 434
644 350
662 272
1084 1779
1204 1753
1850 1464
5640 1291
6165 1239
6243 394
628 456
1762 1154
3649 1289
4571 221
989 1207
1423 1426
1460 1394
1672 1527
3539 310
764 1690
5033 799
5162 595
5485 246
5730 39
6156 1141
954 726
1104 1085
1532 1103
1893 1455
3656 519
4521 1728
4810 377
5402 138
5816 1073
1412 731
1913 1246
4441 809
4605 1175
5511 810
908 1399
1058 736
4849 868
5238 1469
5906 785
5776 1028
5942 1238
6038 495
693 87
1437 260
1480 477
1927 730
4913 1373
4923 1781
5871 621
1194 1150
2155 316
4013 1240
4646 1138
6186 828
1000 994
1454 411
2058 718
1462 1029
2018 1200
3330 326
4653 531
5295 182
1814 1454
2101 1093
4363 1716
4577 1070
4808 506
4900 488
5390 783
5422 503
1149 221
1311 1092
1416 906
1430 1074
4801 1131
5272 1622
5490 1386
5857 763
5950 634
1327 1394
1779 1497
1824 1214
5650 416
725 714
1436 645
3828 1055
4453 1195
4644 1373
4693 321
4764 54
6135 905
1758 725
1775 751
1808 907
4473 432
4647 221
5142 812
5158 1378
5699 1082
968 1121
1055 884
4623 1704
5828 71
5854 1482
6070 1077
773 1658
955 706
1869 165
2093 711
4786 1022
638 1362
1879 582
3802 1667
5433 212
5483 381
5540 68
838 1375
878 956
1565 579
1732 987
4561 1547
5092 1771
5840 880
129 348
1782 559
1854 1187
3174 2
3650 1454
3715 773
5112 1031
5296 839
2891 463
1790 1512
2672 1429
3113 366
436 1660
1145 1670
1318 801
2068 939
5570 1768
667 171
1071 348
1381 1196
1737 476
1859 947
2096 599
4341 1136
5137 222
1037 606
1355 222
5083 679
1872 566
2002 587
3931 1110
4438 54
5324 1622
1244 1031
1582 1774
1905 566
5411 341
5602 1420
5800 1373
5929 584
6210 527
2849 351
4432 951
5221 793
5234 1500
1554 560
4818 1374
5709 135
1761 171
4552 74
5200 1224
8 1140
62 1107
1679 1368
966 381
1632 981
4927 74
4937 1389
5401 1373
485 619
1144 466
4025 1510
1073 124
1440 1378
690 93
892 954
1666 1323
3061 366
4379 458
5073 1698
462 1
2977 806
3369 887
4641 186
717 1279
735 1367
1102 341
4120 1057
4763 431
5152 1406
5959 1626
6116 49
533 6
637 500
1435 1687
1801 1067
2070 1422
1426 1789
1615 1035
2912 814
4495 90
4857 916
5389 1622
5898 1070
5938 67
1690 953
3610 981
4944 1118
799 706
5021 1622
5755 20
655 1219
1878 582
5167 1463
5848 535
947 1555
1053 75
6178 1233
1273 1565
4119 36
4493 1174
5223 732
5711 728
5742 752
349 13
917 58
986 1698
1894 786
3526 1669
4939 1632
4922 966
5219 958
736 711
1708 1236
2087 583
4410 460
1895 1576
4624 1576
6163 1422
5263 978
1774 1496
3092 887
4420 1558
4640 1327
5293 16
820 1006
1846 85
3790 109
3819 1667
4437 1728
4792 868
5270 749
5510 969
631 1687
907 1394
1871 566
3800 587
4758 969
4943 1399
5386 21
939 1062
1319 1098
1385 1405
2158 832
4288 1483
2067 559
5622 923
822 1497
1294 818
4006 171
5819 411
5971 1421
605 1538
1673 27
3772 911
3870 1457
5035 1707
1520 1252
4055 941
5315 126
5847 539
701 331
992 263
4643 798
645 682
830 350
4423 771
4933 456
5674 949
5980 1057
237 136
1121 734
1841 10
4417 1412
5615 794
6003 1291
855 365
1527 760
3038 698
4098 569
5855 1704
2122 1422
4060 1634
3902 1558
5947 348
6041 953
2125 939
2159 582
857 894
1542 1323
1815 823
4431 566
4532 31
1717 1528
1826 737
1863 939
1120 1252
1688 912
4039 1459
5514 503
808 1128
930 372
1515 842
4474 125
4837 1031
5317 1264
5372 765
5548 1755
2182 538
4070 1489
646 483
831 665
969 1756
1242 381
585 735
1325 1779
4961 120
4990 1385
5264 1382
6158 958
2344 171
3084 366
4099 1180
4512 1625
3783 587
4661 1074
2678 745
322 1111
414 1234
2065 1422
803 1233
1003 1605
3108 698
473 501
654 1303
816 762
976 656
1258 904
2123 1134
5065 54
6154 241
1265 586
1353 892
1706 1664
4625 1365
1956 504
3096 849
5037 1175
5199 26
5377 1463
5751 1728
1163 1284
3215 619
4424 1482
5368 1522
1536 809
2073 583
4502 1232
2014 1642
4071 88
1138 1462
1492 1170
1650 1425
2017 1609
3631 29
4436 31
4658 1066
5153 589
6184 1351
861 1171
1884 10
3326 326
1512 1694
1556 1056
3760 773
4634 567
1442 1136
5803 830
5863 744
5914 980
1425 1144
2088 598
4562 1436
1068 249
1455 1639
3801 1552
6019 1385
921 46
1308 1157
4348 1097
4631 74
961 1731
4442 1096
4528 538
4556 1656
1358 900
3784 714
706 368
4016 1280
714 1425
3225 508
3930 935
4481 832
4550 432
5251 573
1034 846
1060 1556
1484 1663
2160 582
2670 1157
4504 1704
5281 1513
1282 158
1297 1335
3716 1577
5358 1631
6206 913
995 1399
4053 1510
4910 1266
4461 873
5591 1757
4638 1273
5134 155
5572 1469
5752 795
639 1363
715 80
1374 1136
1683 1182
1813 559
1266 1753
1557 1236
4885 1020
4802 1366
4883 1385
5122 1385
5576 761
5741 1259
4062 1496
4439 1391
5878 432
781 28
1600 1429
3971 308
4774 256
5031 737
1470 1630
1475 1794
4554 143
4989 1625
863 1779
1588 1387
2121 1422
4539 1308
5055 74
6074 1373
6187 1020
401 1072
862 1715
1229 591
1979 751
2264 1725
4430 949
5028 1280
5492 925
5777 1556
5783 471
1945 991
4585 74
4645 958
4968 497
3830 579
4574 951
767 584
1097 996
2343 1694
5791 186
6174 1727
1525 1136
1804 497
5700 882
5910 177
1002 807
1223 1718
4951 738
5708 744
1720 820
1882 581
1897 567
4613 934
4884 1378
5792 1211
4694 1420
5552 1694
1518 293
4454 1118
4462 459
5138 1373
5731 1454
263 1086
1293 958
4575 614
1929 939
4261 762
5571 1300
5729 1259
6127 1547
4729 1420
1522 1280
1558 556
4553 30
1192 9
1802 1314
4583 599
5056 1629
5846 761
3761 279
2063 0
4463 783
4508 954
4567 166
215 1108
463 669
4664 547
5722 751
1481 1171
2114 1354
2153 711
4426 619
4263 919
4455 540
4799 826
5566 1399
6183 1323
1428 899
1677 925
1074 483
1930 1497
4629 87
1880 1546
1487 121
4725 969
4757 186
5337 1373
6212 162
4527 1543
486 1639
4476 751
4548 764
5595 1378
5821 182
1307 1196
2104 711
5093 74
1069 1789
1800 1042
3436 211
4601 871
6133 795
6169 124
1395 1006
2145 832
2666 892
4526 691
5506 1118
5890 870
2346 581
4982 1362
5831 1142
6162 1188
4995 95
1939 1552
3654 1055
4083 954
5371 1438
6089 509
1982 31
5322 1352
5553 839
1112 425
4400 1166
4866 939
5291 1454
5701 832
3680 563
5753 951
904 920
4584 74
4765 1515
5885 432
1493 676
1866 1642
1887 1323
4045 1496
4082 555
5174 348
1090 1419
1111 68
1791 825
4667 516
4882 1227
6175 1300
1519 1278
5710 259
5897 173
3714 1678
4051 1496
4924 503
5271 832
4635 573
4668 783
5393 56
4405 215
1166 1394
2124 497
3764 121
1469 583
5339 1412
4563 1685
4611 619
1209 1116
1415 559
5177 54
4040 1496
4544 248
5045 27
5958 683
2069 171
4015 1663
5117 801
5429 624
4665 246
4687 888
1108 843
3903 1346
4459 925
5421 1196
5725 728
1756 559
3317 1123
4639 699
5338 229
4603 1166
4754 254
5003 584
5858 116
1509 1467
1514 565
4568 74
747 867
1507 113
5127 1674
5694 1605
5631 832
5932 1722
4522 1463
4793 331
5578 1373
5690 503
5796 1385
5788 1496
2120 559
4590 737
4797 242
4052 81
4587 992
5378 961
1778 737
2066 994
4669 1632
5036 1178
4607 568
1158 1692
3214 823
1526 824
4536 1300
5002 830
5403 139
5280 434
6166 825
3651 904
4969 634
5584 10
5026 1273
5691 46
6117 215
407 911
2011 1422
2186 1485
2265 559
4681 1573
4803 1728
5333 1557
5905 74
1279 1312
1541 1328
1864 559
4867 1436
4722 556
5192 270
2152 598
5534 751
1424 814
3771 587
4899 107
5382 54
5817 1372
1488 1565
5005 251
1064 1438
4428 1694
5210 39
653 1175
999 93
4477 1004
4520 1071
3445 1693
4960 594
1457 730
1602 504
2192 737
5739 1361
1946 237
4610 953
4909 140
5057 1496
5557 765
1928 1422
922 698
589 943
1237 148
4084 165
4599 1263
1346 1152
6155 348
4686 136
6020 1497
6246 1379
942 1479
2340 1258
4033 899
4564 1420
6152 27
5356 71
5494 1306
5501 906
5625 594
6134 1576
2267 31
3791 1258
4446 1496
5349 1315
854 250
4723 1221
3069 125
4706 1335
6085 504
5229 1696
1010 1164
4427 1192
4482 74
846 327
1483 1429
2674 676
5870 1297
4993 1044
5175 1704
5418 166
5319 656
4742 1185
5161 1681
5512 764
5220 1547
5723 895
5911 26
4530 1532
6238 952
415 932
1452 1031
5680 1687
1446 1363
3138 89
4914 1367
4785 1374
4804 1622
4404 226
5867 221
779 181
1137 619
4690 483
1833 939
3742 915
5273 1779
1291 124
4549 930
5424 1264
5790 1146
4038 73
4041 904
848 1044
1485 1386
1165 870
1827 1694
4588 1682
5046 1399
4614 1680
5328 951
1086 751
4775 819
5486 1632
5307 1515
5586 1483
2718 524
4440 1384
4743 1296
6099 1386
4994 700
5258 788
1051 1438
1759 751
4565 1310
6237 815
4663 148
4870 599
5643 476
1902 1694
5881 1695
3976 1386
5778 943
4580 186
4637 1605
4770 157
1047 672
1502 869
4166 754
4589 552
1530 1226
4683 1106
4418 783
4411 700
895 706
1495 385
5936 1123
4727 15
4558 818
5969 679
4523 1728
1819 1497
1255 582
4118 1709
4489 954
5896 1306
4689 1553
5679 1580
4022 1327
4762 1462
3759 1271
4630 1591
807 1146
1261 1454
5004 831
5721 1422
6195 951
2064 825
5830 1428
4908 71
4984 514
4444 788
5899 714
4642 1071
670 1694
1421 1410
5334 485
1603 1779
4421 1345
4452 1468
5558 1297
5441 352
5841 532
1498 1144
3725 157
4872 1345
4890 1031
1007 714
4460 566
6040 1712
1339 682
4547 518
4740 125
1125 372
4705 850
5176 1428
5374 692
2187 993
1545 811
4938 215
1342 1243
2341 559
4188 350
4187 1552
5383 882
2188 1694
4543 585
4838 26
5623 1665
1501 64
4551 832
4578 586
5453 1462
1820 1422
1431 220
4469 74
4956 1065
5218 1218
4566 315
4448 824
1317 1677
1531 1328
5107 981
4483 106
1439 1419
4581 783
4688 1399
4615 1497
5564 145
4970 524
5357 1656
4513 887
4942 677
4456 1365
4480 1373
5061 1453
5136 1128
1561 150
5343 460
4470 1642
5937 912
1478 888
