img02c1.jpg img18c2.jpg
5433 296
5605 2242
5591 2237
4057 1093
4555 1326
4586 1530
7389 1867
431 237
5559 2237
4755 1530
5689 1867
4753 1530
6439 2221
7093 2190
4551 1530
4176 1000
5198 296
5233 296
7328 1810
4929 1818
6729 2117
4021 1093
4512 1530
5540 1266
7402 2131
5606 2271
4591 1101
463 2402
4899 1986
7297 1101
4836 1646
4146 1368
6288 1913
4516 1530
4882 1530
4483 1101
6762 2102
5296 296
4656 1083
7058 2507
5002 2032
4617 1083
8150 284
3990 1093
7386 2237
5710 1810
4081 1093
4095 1480
4128 1093
5213 2117
6489 1646
506 273
4147 1522
4175 1000
7371 2507
4622 1326
4620 1326
4008 1204
5152 1115
4022 1400
7448 2118
7460 2131
7501 2140
6407 1574
4056 1400
4528 246
4514 1326
5324 296
7404 1168
371 129
4866 1530
429 128
3659 1511
4518 1530
5666 1925
471 172
5754 1250
7772 243
472 129
6521 1818
3989 1400
5581 2267
4484 1176
5515 1409
5575 1810
510 2402
4554 1562
4557 1326
5085 296
5475 2156
654 1575
6763 2118
4036 1266
5772 1809
4055 1093
5641 1825
4785 1562
4840 246
5282 2123
655 286
3936 1331
3931 964
5042 1758
4007 1024
4127 1093
5677 2271
8078 2381
4830 1326
4037 1331
4553 1326
4491 286
4799 246
5132 1516
121 21
4066 1266
5397 296
6487 2479
4849 1530
8139 289
4083 1386
4973 1818
7352 659
225 2000
4482 1326
5526 1510
7355 1510
1428 246
5169 2108
7016 2117
5424 1793
7325 246
4661 330
5642 1826
565 270
4054 2405
4080 1093
412 1070
2811 1023
4727 1326
4110 1386
4234 1482
4663 1101
4260 1482
4189 1386
4912 1628
611 246
4157 1619
4556 1530
5137 1979
3315 918
3987 1081
4139 1274
4811 1530
4248 1672
5602 783
7048 2117
3986 2405
7480 1070
363 179
4585 1326
4592 1326
5502 1802
6979 2427
4410 1083
4590 1326
5151 1115
5688 1826
6338 1646
5501 2131
6471 2485
351 179
4188 1482
7301 284
5450 659
649 286
478 179
4108 1228
4186 1400
7406 1810
4010 1331
4864 1083
4619 1083
5171 2139
4150 1386
449 179
2946 659
5654 330
5434 1168
6404 1659
2847 1326
1459 286
4549 1083
4783 1083
4218 1522
4285 1471
7268 2444
3660 964
4872 1934
3811 1075
5221 1403
5500 1866
6561 92
5541 1537
7026 2118
257 286
344 2392
4367 1485
8123 2123
4831 1363
4082 1093
5489 165
3758 1331
4408 1485
8040 254
4092 1250
4892 1530
4910 1530
6374 255
105 21
7225 284
3985 919
7212 286
312 165
3948 1618
5775 445
6486 254
6968 2000
7074 1537
7992 1575
1854 2096
4441 2065
963 2507
4754 1326
8121 2032
6781 296
7082 284
415 310
6648 1679
3713 1610
5158 1306
5542 1542
4148 1482
6583 252
269 1945
4517 1326
5463 2070
7461 1820
4156 1000
4558 1176
5623 227
5652 1866
7154 2402
268 286
4513 1530
5537 2123
6950 1365
5119 1115
7176 73
364 732
5932 286
466 2147
3933 1091
8067 2139
7369 1168
250 165
7110 1250
4873 1659
4894 1628
4109 1400
4505 1485
5256 296
3804 918
4216 1493
4589 1530
4042 1274
4940 1442
4440 1485
4725 1326
4893 1615
5592 1250
685 602
8132 2466
299 2427
4691 1242
370 1901
930 2460
4286 1568
7265 1575
7559 310
4315 1493
5525 1266
3893 1331
4130 1386
7041 311
4145 1471
4405 1485
4960 1818
8149 2117
3889 1266
4067 1250
4881 2098
554 418
4217 1471
5220 1403
5807 2108
6339 1646
6490 2123
4242 1899
4364 1037
4400 1083
4445 1485
6536 296
461 190
4806 2098
7536 452
4784 1615
3749 1893
4945 1799
6406 1953
4154 1000
4479 1485
4547 1257
410 1915
1675 266
5509 2221
7141 284
4867 1628
5490 330
246 250
405 129
3787 1893
4009 1331
470 2025
4988 490
640 286
4096 1331
4337 1568
5131 1115
5714 1511
692 286
4058 1386
5773 1893
6405 279
19 227
3856 1024
4111 1386
4166 1521
4435 1083
4623 1530
4850 1326
7204 284
340 129
3658 1385
4443 1485
5672 246
422 1422
5568 330
7436 1807
5732 1802
4185 1560
4662 1326
5576 2140
7482 1827
321 2030
3897 1121
1477 1022
4070 1274
4519 1628
7680 1827
4167 1471
4233 1471
6865 2429
7805 2409
603 1901
4477 1485
4621 1242
320 659
2418 1340
3934 1121
5643 2156
4909 1615
3807 1274
4069 1331
4291 1519
7613 1820
324 179
3951 919
4192 1322
6592 1646
6838 1488
7595 172
637 2276
2709 1312
7283 1168
7353 2131
7804 1901
6967 188
365 251
452 2147
1775 1741
4293 1539
3971 1121
4447 1083
4457 2117
4883 1628
5589 296
4187 1400
4452 1368
291 243
501 273
698 2410
6978 2481
7438 2210
4138 1801
7249 286
7388 2059
5237 317
5779 450
148 1575
4232 1521
4581 1485
4832 1599
7459 2156
8065 365
4107 1400
4266 1642
4323 1570
4708 2147
5061 1930
4245 1035
4284 1493
4407 1485
4829 1530
5136 73
5512 286
4040 1331
4144 1595
5516 1024
512 148
4273 1539
6520 1930
6593 1945
6911 2032
7326 1788
3806 1121
5200 2280
228 2000
670 2139
4316 1368
4381 1568
6267 919
7059 2224
4928 1986
7533 2156
327 1562
3894 1121
4292 1689
6935 284
7217 284
24 2197
455 251
559 149
6864 243
3899 1274
4019 1521
4269 1881
4854 1652
7738 1690
7075 330
4884 1599
6470 2373
540 179
3853 1331
4339 162
4876 1652
4948 2381
5084 285
220 1457
263 2424
904 165
4126 1493
4235 1093
4345 1653
4437 1083
5281 148
7446 1198
688 301
2673 2487
4474 1485
3965 985
3805 1121
5761 1115
7978 73
505 148
3892 2271
4916 1811
287 2025
4363 1298
5505 378
6801 296
4038 1250
4628 1604
4900 1659
7175 286
288 2402
4666 1486
4809 1242
4914 2268
6635 420
7145 284
7790 1303
442 1101
2713 1226
4379 1521
7514 1825
4322 1539
4807 1256
7734 2147
4659 1242
133 131
2092 405
3519 12
4453 194
5078 1626
7435 1857
141 21
382 1101
5486 286
254 162
1520 186
2312 1831
3817 2470
4470 2065
5508 2221
5560 1808
8092 2206
290 243
4624 1326
4757 1385
4028 1893
4077 1493
7072 1866
4593 1628
5130 1142
4091 1537
8083 2421
387 141
867 2062
3970 1331
4015 1357
2090 1739
4078 919
454 2427
4495 1672
5396 2425
396 2242
440 1575
1812 1406
3932 1091
4079 1493
4282 1577
6553 255
7073 1223
4250 1539
5476 2155
214 1930
949 887
3756 1091
3757 1250
4183 2258
4475 2065
4791 192
5366 296
244 1992
301 794
1431 2516
2806 1340
7227 2456
1453 1844
3661 1250
4366 1485
4941 1442
436 596
5593 1449
6893 172
3843 1893
4294 1689
7728 2139
8095 286
2947 1741
4786 1326
6261 254
7079 284
7354 1616
386 1915
397 2271
1101 271
4200 1052
4853 1636
5842 198
6514 243
8042 2366
362 1901
5216 1403
5817 2280
6834 37
305 243
1638 1406
4198 1000
5758 1124
6680 1790
7123 126
187 131
597 243
620 1022
4240 1494
4276 141
5079 1606
5783 2118
6896 405
567 189
4268 1899
4897 254
5144 1516
7180 284
8143 289
3396 2271
3942 1274
3969 1204
4504 1208
6437 2108
293 296
407 1070
1262 1406
3701 1893
3721 2280
4088 1182
5451 2039
5725 2098
7091 1603
609 2007
624 456
331 172
4259 1521
4908 1530
5539 2156
7709 2421
1302 2425
3748 1893
4290 1899
517 170
4093 1537
4387 1672
4403 1037
4810 450
6254 178
936 1624
5488 166
7498 1326
222 269
2874 1023
3712 985
437 1231
4098 1274
7810 2435
705 936
2224 1695
4267 1899
6921 198
1892 330
3799 1059
4692 459
5795 183
6953 2402
2399 1312
6002 286
3613 918
4572 1570
5843 243
4690 1326
5073 2463
5736 2098
5862 1816
6785 2070
232 659
335 659
3810 2280
4736 249
7122 1809
4651 1230
4436 1037
4637 296
496 189
553 140
5744 1810
6531 2053
7101 1881
901 1459
3857 1250
4094 1385
5624 1274
7201 2466
6 237
543 2373
3947 1304
3975 2280
4090 1537
5364 148
1361 1406
4039 1025
5118 1115
5156 1726
4660 459
4959 2000
221 1705
4210 1903
4220 1873
3652 1663
3752 991
3790 1893
5236 1403
4415 1568
5796 450
7407 1137
691 2258
2333 1682
4546 1485
367 2147
805 2024
4048 1358
4471 1069
5626 1176
210 243
578 192
3236 1024
4458 1570
4763 2025
6260 1934
339 192
5110 1947
5678 1101
5698 2098
804 336
4402 2065
4626 1649
1102 284
2014 1575
3669 126
3941 1137
4165 1595
4241 1076
4587 1530
4997 1327
5452 891
7031 702
739 1866
3882 1893
4920 1922
5706 73
6612 2118
3606 2271
5474 286
7907 2306
4344 1653
6589 2262
6964 289
4358 1230
4911 1615
5204 1403
5259 1269
8052 1911
4251 2329
5464 1616
6340 2123
871 1793
509 1915
4129 1386
5715 659
6308 177
7100 1705
260 286
3674 728
5569 1223
5748 1627
5808 1266
6786 765
7329 1608
1570 1695
4333 1172
7331 192
8073 1822
8155 166
418 233
3609 1331
4958 253
7537 1303
1313 608
4493 1899
4781 2098
7111 1468
156 131
530 129
4030 1663
4120 1426
4588 1326
4888 1575
5017 296
8104 175
5739 296
7500 1654
7631 177
5544 1825
7633 1825
395 1242
3797 1059
4102 1274
4143 1304
4159 791
5197 2044
6123 831
6535 1679
277 285
589 596
730 2132
3654 991
5192 2280
3714 1331
4137 1166
4462 1254
5016 1986
5477 1303
2362 1629
3525 938
3930 33
4746 2098
4759 1232
7463 453
7733 177
4388 1653
5846 1611
7370 1895
448 1303
569 2258
861 2091
3228 2271
4026 1810
4414 1471
6519 2423
7729 2091
1641 1459
4610 2065
4812 1628
3513 1703
3794 1663
4459 1504
885 154
973 148
4863 1471
5625 2305
5742 1115
7385 2425
7798 1426
3854 1480
4336 1521
4906 1753
6467 1934
258 179
476 148
661 149
4236 1386
4930 253
5173 1065
7512 2267
7588 1822
7589 2479
8074 2386
3598 1355
5543 1250
6783 264
482 2147
1994 749
4043 2280
4726 1530
5567 149
6377 2459
541 189
690 311
3800 991
4041 2280
4704 692
5487 2118
6554 2453
940 1695
1528 1042
154 340
546 128
1682 1890
4031 1893
718 1783
3457 1059
5217 1403
5244 1415
5797 309
6469 907
6636 192
709 1242
4343 1881
4544 1208
4720 1037
4795 1908
5524 843
5957 765
6287 1659
7769 1442
3984 1641
4442 1037
4992 1101
5607 1274
874 2457
3210 938
3705 991
3859 1274
4244 1899
4510 1257
5004 1471
5760 2276
669 2258
957 2481
3152 1895
4177 1076
4360 1230
4507 1485
6779 2075
3753 1809
3754 1355
4503 1298
5048 478
5053 1930
5835 2181
315 190
4563 1682
5734 296
3657 1176
3840 1893
3898 2280
5513 1810
5694 2456
8100 165
266 73
1467 301
7164 2108
7387 2065
236 250
3388 1866
4106 1521
4361 1037
5708 1867
6897 823
7128 2394
3861 1801
5782 450
22 2151
3846 985
4502 1208
4602 776
6468 2005
7410 1687
2370 286
3154 2110
4174 1000
4419 1410
6875 521
261 2139
1406 246
3429 2275
4190 1386
4281 1953
4350 1539
3510 1654
3764 1274
4050 1304
5175 1372
6238 919
6466 87
7921 2343
294 186
336 2500
3715 1250
3795 1893
7279 148
1155 710
3750 1663
4105 1521
4283 1748
6564 1901
388 2465
432 1424
3522 1893
3526 985
3966 985
4209 196
4957 2465
5273 1269
5145 1516
5597 1779
7913 2300
356 1859
3798 1801
3847 1663
4035 1663
8144 1901
1284 257
1884 1022
3928 991
4001 1663
5120 1557
5190 1502
568 243
915 198
1364 455
4203 1249
4399 1730
4943 1636
6649 1939
7481 2292
8156 2453
2338 1890
5738 2276
7428 2101
138 2274
243 172
931 149
1501 1406
4100 1296
4597 1741
5215 319
6235 2466
6848 178
6975 779
7766 1334
7920 2343
3890 1250
4243 1899
4424 1570
4825 1230
1144 2481
3426 2238
3848 1663
4446 1257
4641 293
4925 1442
15 2151
2606 1023
2881 1763
4401 1730
4676 2070
6662 846
3802 1250
4425 1561
4542 1208
6674 2480
3855 1331
3949 1493
7716 177
4062 1663
4548 1485
4915 1934
5713 227
6523 608
8076 1334
3620 1208
4543 1485
585 179
844 1699
3888 1663
4985 1934
5637 1968
4627 120
120 76
218 133
3018 2118
3599 908
4688 1485
4689 1242
6255 246
604 418
2369 2401
3238 959
3796 985
3961 1893
5520 1217
5618 2106
7904 2297
4944 254
5731 1467
7092 1872
906 149
3375 938
3887 991
6445 1896
7431 2131
1394 311
3724 126
3901 1274
4380 1652
4608 1504
4693 2039
4011 1137
4320 1688
6581 2453
579 623
675 365
1648 611
3996 1893
4049 2470
7126 2424
633 2401
4253 179
5164 1372
5622 2155
8041 2366
1516 1406
2660 785
5163 1372
6516 254
7372 2156
7496 2267
456 189
473 148
574 823
971 1363
3266 2118
3896 918
4618 1517
6403 2306
229 2409
839 1248
2210 1293
5239 1404
5346 2210
5811 1043
6907 608
8126 73
235 177
1799 2220
2973 2137
3507 2275
3635 2238
4633 1626
5550 2221
5790 1603
3935 1331
4697 190
7094 1101
7405 2233
788 1458
2393 1005
4201 1569
572 189
2315 941
4195 1954
4299 1015
5222 1403
6751 286
1684 178
2351 1437
4492 1939
4515 1168
5214 317
5538 1848
6647 2516
6996 311
4208 311
4664 1628
5365 251
5462 2401
178 1877
492 1901
1109 941
3747 1893
3851 1059
5271 1538
5667 2409
7820 1753
1278 590
1744 1475
3976 2280
4724 1485
6644 2083
4002 1581
4052 1641
4368 1230
4955 309
5425 1873
5687 289
7403 1542
2003 1011
4346 1539
4625 1825
4851 1363
1227 2296
1325 2258
1579 178
1942 1739
2961 2102
3343 2274
4020 1521
4787 1363
7499 1654
4089 1562
4155 1569
4922 238
738 2140
5347 2210
5533 1586
5690 1886
6307 190
354 1945
3723 2280
3726 1274
3808 1240
3938 2280
4262 172
5722 1069
348 285
720 1168
737 1753
982 149
3137 1663
4247 1035
4658 1083
5228 1415
5673 610
6976 306
50 461
378 274
484 671
3535 1059
3850 991
3917 131
4000 1893
6994 2469
8152 710
400 183
945 119
1148 676
2846 2275
2876 1938
5363 286
5507 2221
7750 187
558 192
3762 918
3844 1893
3991 2156
4059 1630
4861 1255
6375 1934
717 1628
740 1312
3314 1385
3968 1331
4895 1159
5584 211
6440 1748
658 2500
736 1467
4202 1369
4473 1730
522 2487
2877 2487
3886 1214
5681 1886
6588 1879
734 1886
1445 1945
2120 2258
3711 991
3875 126
3927 33
4573 845
4898 82
6708 2030
6737 1739
704 1862
1626 1022
4149 172
5521 961
6442 1999
7708 177
903 1630
3937 1274
4013 1809
4076 1641
4151 2021
5202 1403
7083 142
115 1354
514 1646
3667 2280
4051 1493
8054 2042
322 602
3670 1435
4104 1953
4386 1881
4913 252
5162 1866
946 1022
4506 1285
114 144
304 885
333 2401
342 285
1752 1575
3803 1091
3967 1091
4365 1517
5757 2139
6705 1938
7323 296
281 645
972 1809
6562 271
302 659
2468 1023
2761 2136
4101 1240
4767 1945
6797 1880
1661 1562
4223 1076
4774 845
5111 2168
6584 1821
3017 2482
4394 1561
4846 1124
7327 2502
3647 1893
3974 1274
3978 728
7109 1587
7545 1654
2325 1437
2360 2070
5123 2063
5272 1538
7245 301
678 2258
1625 2466
2780 1659
5107 1568
6803 250
6954 1849
273 1028
584 596
3841 67
3865 301
4956 1138
5008 311
5051 2262
7860 2206
326 2118
4685 1230
5718 246
6884 306
7025 2110
7257 2444
905 1624
3016 1617
3891 991
7747 2091
424 596
1240 602
7813 793
3716 1331
4352 1141
5788 2108
7483 2409
419 1872
561 149
586 285
3602 938
3759 1121
3390 964
3541 2271
3973 1467
4005 1250
4605 1689
5212 2063
719 1550
838 416
3760 2271
4526 1793
5720 1488
426 2485
3653 1059
4061 1610
4705 2100
4751 1439
551 1556
3885 985
4256 246
4438 1208
5898 1459
7544 1654
668 365
1054 2448
4486 141
4667 1250
5586 99
6534 2306
111 33
289 257
376 710
775 885
3400 1137
4249 2087
4264 1494
4640 776
2380 177
3538 2271
3755 33
3998 121
4310 2431
4509 1257
5186 274
8125 192
216 915
3291 908
3296 938
38 461
3393 2271
5612 150
5741 445
6585 277
1241 1617
3239 1024
4583 1517
7515 1945
7751 2406
2818 2102
6552 2519
7681 2140
562 2024
4444 1208
4472 1208
5784 1542
908 1166
3523 1354
3732 1075
4004 1250
4224 1052
5205 1404
3453 1091
4669 1599
7846 983
817 514
833 352
2327 659
4205 1557
5183 877
707 2305
3227 2263
4271 1672
5551 1217
6241 289
7513 2148
104 2235
117 2224
766 693
3187 2275
3858 319
4476 1037
4680 194
7688 168
1369 1242
1703 416
3209 938
3963 1266
4541 2065
889 97
2182 870
3297 1059
3710 938
4463 1015
5196 582
179 76
292 286
708 824
1995 610
4024 2253
4118 1250
4289 1899
4991 2118
5549 2221
6441 281
6846 405
6910 257
3084 1741
3232 1195
4418 776
1761 1393
3957 14
5491 2218
6565 37
7368 783
638 2070
4411 477
1521 2102
1776 845
5686 175
140 76
163 1866
374 186
524 243
840 870
3078 1663
4584 1257
4665 1318
4713 1699
4859 482
5193 317
6590 1763
6752 166
7507 2219
89 1025
3294 938
3704 1059
3860 2280
4097 2280
5836 2181
6981 1488
7136 2190
7409 1802
3607 2271
3708 1866
4681 1689
6543 2113
7922 2306
196 1819
855 477
1157 1406
3148 2118
3348 2238
4420 1881
6259 2074
346 286
404 1992
3226 1059
4565 1680
5943 757
7534 1362
1679 1022
2261 254
4383 194
5155 124
5323 2469
5764 450
6172 1911
185 25
2012 1739
4012 2280
4112 1386
4221 194
4775 845
5344 1606
5485 378
5719 1144
7040 2263
14 106
3469 991
3793 1663
4847 1108
6591 1773
6728 178
7906 2298
474 1022
1230 2108
2715 871
3394 2271
4029 1893
4460 157
5787 2062
6998 190
646 851
3224 938
3466 2271
3618 1425
3649 1893
4231 1831
5833 35
7756 296
770 1793
3192 2275
3530 938
4018 2470
4670 1378
4814 1269
5157 1598
5801 453
6517 2306
970 1783
3588 1807
3734 2212
5701 284
6558 2444
7269 2032
8075 2390
3835 93
3997 1893
4841 2017
5514 1866
7096 2296
7677 145
2234 941
3381 938
4334 1172
4511 1530
4694 2039
4798 922
4975 283
5640 2469
6753 1323
169 104
300 1073
319 286
1827 281
4539 1230
4545 1257
5040 830
7416 1105
217 276
502 273
710 498
1048 1242
2803 1609
1231 177
3633 2238
4226 2041
4423 1672
7234 286
1529 370
3586 1018
4382 552
2231 1739
3432 1783
3919 14
4341 2038
4652 1285
5201 1403
347 285
511 96
660 1042
742 153
3179 2238
3977 1137
4065 918
5159 198
7254 702
7742 246
358 2108
3452 1355
3735 2238
4790 2340
416 2275
504 117
2266 1422
3575 2238
3706 985
5619 1873
6681 1901
8077 2404
279 585
899 225
1173 2500
2353 2478
3605 1385
4117 317
5262 1538
6122 2206
6598 177
7188 2394
2013 124
2805 186
3304 959
4878 120
6373 2459
186 1778
256 1895
2659 2074
2727 2322
3292 1059
3470 2271
4206 477
5031 2361
5675 1230
360 73
925 1459
3962 1893
4709 1629
4722 1285
5799 1627
215 1676
944 148
1127 397
1474 251
2221 324
206 36
270 148
2281 1659
3079 94
3229 1250
4032 985
4288 1253
4406 1472
4635 249
4976 2063
7039 2263
958 2030
1348 1879
3267 1101
3849 1059
4194 1076
4461 1229
4533 845
4606 175
6599 1681
7458 786
3303 2271
3533 938
3534 908
3751 985
4632 757
4966 2131
5174 1372
5699 659
886 166
2703 1040
3216 938
4430 1504
5697 2409
7246 188
3914 2238
4317 62
5671 476
1472 768
4529 406
5238 1203
6750 296
3763 1137
4579 1753
314 296
338 888
591 1042
1584 1292
3528 94
5030 2006
5188 2069
6528 1609
2050 768
3135 68
3772 960
4295 1218
4611 1208
5195 663
7892 1344
413 2059
4225 1076
425 149
731 2041
869 1406
1267 1905
1820 874
1992 1406
4064 1331
4389 1229
3245 243
3879 1645
5108 148
5595 2039
462 1022
927 498
1276 246
2288 2340
3263 2238
3728 1297
4152 1052
4531 1519
259 1406
3532 938
3665 1250
4169 1602
4179 2463
7417 2212
18 983
547 456
3220 938
3656 1866
3900 1195
3909 590
119 25
173 126
1122 581
3397 2271
4314 821
4416 406
4871 255
6821 250
858 2062
1332 770
1541 1453
2203 25
3852 1331
3964 991
5547 71
3237 1195
3836 1703
4084 2203
4237 406
5191 2285
1331 799
2270 1483
2385 703
3376 991
3929 1893
4907 1754
248 124
630 1524
4113 2484
6256 794
6807 2038
391 1945
913 1459
1253 2206
1425 862
3801 1195
3842 120
4870 1075
7330 2039
974 1872
3290 938
3307 1331
3819 148
4099 1274
4613 1230
5033 2376
6313 2268
535 124
3590 1703
5001 1880
5167 1149
7047 2296
1492 2386
3455 938
5013 1119
5662 1271
6582 252
421 56
580 1168
681 311
1846 301
3617 903
3786 1893
5580 2039
267 1561
696 1835
1389 608
3299 991
4740 845
4844 1037
5226 1404
5545 1326
6346 186
7288 2118
7897 1197
536 1580
1191 1406
1363 311
3454 1059
3831 2238
7479 628
7650 2193
570 851
1737 1721
1865 2139
4580 1208
5014 1934
5194 1274
5724 296
5794 2507
751 1296
3527 94
3668 1274
4003 1809
4270 1283
4687 1257
6037 2276
6335 2383
7282 931
952 1406
2309 1429
3671 1487
4178 2137
5527 1274
164 2274
1095 978
1349 293
1701 1406
3371 938
3387 2271
3439 1258
3742 1893
3785 126
5148 1427
6800 296
6854 117
6915 2424
3472 1024
3595 1354
4017 254
5657 2106
5696 1753
7408 1506
190 477
3241 1331
4643 1653
5225 1269
341 1721
3542 1866
5247 1415
7806 2113
157 1274
3145 125
3298 938
3386 1059
3902 1196
4439 1730
4540 1551
6563 1822
149 1833
1015 149
1571 1022
4332 942
4862 1108
6796 2050
230 192
381 1843
653 186
1053 2329
3546 918
4773 2044
5646 2056
6706 2239
545 455
2972 2170
3718 1195
3880 1176
3911 1901
4199 1619
4215 1304
4936 2383
5257 596
7203 1575
7366 43
7835 124
7929 2331
8151 824
651 2391
2553 2358
3521 1542
3585 1265
7224 1960
7905 2297
255 1695
1985 512
3703 1663
3707 1809
3809 1274
4499 1716
4501 1036
7076 1278
560 17
3591 1893
8013 670
961 1406
1547 757
2077 1005
3295 938
3551 1611
4164 2470
5766 2131
5861 2476
7781 2409
8079 2164
284 2401
1203 246
3302 2271
3955 175
5054 2485
5583 8
5735 2482
5791 1879
6542 1406
7574 786
7579 2466
54 28
984 1893
2500 1507
3769 1297
5517 378
460 915
2201 1350
2880 1148
3212 938
3242 1819
3610 2271
7976 437
605 730
1137 1724
1663 783
3702 1355
4569 674
5199 2140
825 319
3895 1204
4219 2050
5832 453
1617 155
2319 280
3529 908
4696 2064
5609 1883
5852 1350
6518 2510
25 461
184 668
238 2402
278 2387
518 148
599 151
1057 2306
3093 2351
3138 938
3293 991
3581 2238
3767 885
4034 1893
439 185
1485 2516
1768 1580
2497 311
3219 938
3650 1510
4536 1504
7029 2469
7960 1749
8015 2370
716 459
3300 938
3540 2271
3646 1354
3719 1182
4184 1297
4277 1172
5248 1415
6402 252
6922 251
1519 1731
1764 768
1767 594
1880 845
3213 938
8023 2031
3223 1663
3235 938
3442 1703
3458 1663
3614 1492
3791 1663
3922 126
6444 1035
224 2116
1631 941
2195 453
3690 2238
6311 277
17 2151
349 747
447 1312
641 2391
659 2258
2388 1593
5753 1807
7915 2380
3225 125
3308 2271
3373 1663
3958 126
4839 787
4852 1363
5693 246
5765 2118
6491 1148
618 250
5345 2220
6613 2206
7765 2274
467 2118
1290 2075
1393 671
1552 301
3479 2280
4359 1730
4772 1519
4938 2070
7779 659
1456 236
1573 2404
3642 25
4455 778
4559 1442
5231 198
5531 2221
5674 1561
174 227
2064 124
3143 94
3959 1893
4071 1274
7840 2195
181 2274
771 1101
1597 779
2646 2058
3217 125
3301 938
3460 1801
4532 639
4577 1015
5074 2087
1074 1504
6808 301
7216 2030
21 983
538 1488
799 1341
1561 177
1707 610
2427 2156
3380 991
3663 1331
4464 1504
13 2389
137 1703
573 166
2988 2238
3694 1018
4298 1229
2473 2417
3465 991
3467 1091
3779 14
3872 2238
4538 1371
8084 2485
8110 2161
126 1185
1112 1408
2858 2275
3709 1176
3744 69
5097 920
5268 289
7078 2480
7950 759
548 250
2043 2167
3313 1783
3601 94
5471 2118
6853 1895
8034 2376
334 269
781 320
1441 783
3136 1214
3664 1250
8154 289
1604 1022
2190 1427
2503 1395
3940 1274
4211 1067
4489 277
4762 1269
5176 2280
5245 1415
5762 1738
479 1580
850 2105
3392 1331
3645 1354
3655 94
4348 1015
4615 1485
4743 1504
5138 124
7218 2105
16 2151
758 1042
1228 757
1593 1303
4749 1485
4756 1827
5578 1804
8096 2043
752 1939
1188 58
1196 1422
3874 14
3921 14
4033 991
5445 2382
7746 585
125 2152
150 1050
1959 1672
3385 991
3468 2271
5611 1915
7163 2401
3999 1354
4329 1015
5630 1271
406 2251
3389 985
3490 2351
4570 1494
4750 1485
4891 1777
5721 2206
7912 2298
2610 1934
3144 1059
3214 1059
3477 918
3524 118
6010 783
7783 1761
7874 642
310 1741
1315 2030
1566 1032
4068 1331
4261 406
5275 1538
5851 2285
1665 552
3399 2280
3926 1893
3988 816
4134 1705
4362 1730
5189 2328
5553 961
7961 590
0 237
1034 293
1388 757
2216 1166
5229 1538
5276 916
6337 1879
8033 2349
26 227
583 778
2551 929
3374 1355
3473 985
4265 2058
4728 1182
4970 511
5983 1584
6555 2087
6661 124
1466 757
1533 1859
1868 1880
3834 44
4121 1452
1295 1406
1357 1005
1957 942
3391 985
4296 1015
4429 1504
1312 2075
1590 177
3594 33
3596 1650
5203 2234
6758 320
8027 2376
180 1866
1921 1878
3722 2281
4530 1899
1709 190
3176 1057
4131 2038
4826 1256
5006 1309
5653 2242
7009 732
2655 280
3459 1091
3476 1783
5532 1880
6344 1406
7430 746
910 1898
1511 667
2276 255
4537 168
4578 1391
4686 1485
5745 1175
555 2268
587 852
892 1477
2654 1807
2764 2296
3651 1663
3952 96
4710 823
4879 1897
5076 2381
6124 2296
6594 98
7010 2296
29 2224
427 1872
746 2285
980 441
2310 2476
4508 1517
4730 1159
5322 2220
6473 370
3346 2212
3925 206
3983 1953
4063 991
521 1388
1557 420
3310 1819
3648 1893
3878 131
4701 717
4815 924
5240 1415
5649 2106
5737 2276
6606 2326
170 60
590 148
1608 911
1803 422
2981 2238
3478 1024
4655 1485
683 2413
1581 886
2796 2275
3463 991
4287 1386
5003 389
5825 800
1362 810
3461 991
3531 1663
3789 1354
3823 2083
6767 1519
127 1865
420 169
1232 688
1438 768
1476 845
1815 922
3146 1663
3462 991
5230 1538
5270 1269
5587 1386
5857 2194
635 2108
1027 1022
1277 1519
1463 634
884 608
1213 1015
1714 1544
2065 845
3377 68
3746 1354
3830 2238
3910 1810
7938 1022
208 729
921 250
1130 1022
1468 2124
3600 1893
6376 1243
1683 1120
2516 1264
3539 1331
3699 1649
3784 38
3876 14
5636 2025
323 168
3364 1893
3471 1385
4014 131
4947 127
5223 1203
5354 1672
5837 2181
5838 768
7137 1802
7834 2306
519 1811
1897 1560
2202 29
4487 608
5000 2053
7233 562
1899 1422
3839 14
4426 1015
4534 1504
4942 1512
5810 1593
12 1293
101 461
529 1823
606 1022
1060 148
6942 1253
8031 2379
146 1866
177 115
350 2030
1263 724
1710 838
3506 2275
3512 1009
3544 1819
4454 779
4480 1257
4977 2383
722 1711
1021 1406
1452 794
3142 1663
3727 1398
4747 1285
5756 2409
7776 395
667 1741
4797 2406
6999 2476
756 2149
3430 2275
3536 2263
3740 126
5101 1721
7090 1801
1510 225
2262 2044
2346 703
3370 938
3401 1506
3431 2275
4047 324
4340 62
513 133
2220 844
3918 5
4596 1844
7644 2007
542 1556
748 86
866 293
1986 581
2257 409
3222 908
3486 250
3545 1195
3603 991
5077 2477
8012 1598
389 1895
1882 1583
2398 243
3608 1331
4576 496
4752 1517
5208 147
488 142
711 2121
862 1792
2412 829
3604 1250
3697 107
4707 1765
1024 944
2031 198
2289 2410
4204 270
4535 309
5218 548
1044 2358
1201 2109
1796 1659
4222 194
5855 1350
7737 178
8145 279
883 1406
924 1530
1416 124
3153 1873
5160 1930
564 1967
1099 1406
1417 1022
1700 178
5774 1361
6574 194
1475 296
3269 2152
3383 1091
4279 113
5685 2059
2299 1005
2416 243
2838 471
2913 74
3547 1454
4550 1257
5660 476
7121 1326
7763 455
8053 2373
3456 1663
3504 2238
4354 1015
4409 1257
4674 2101
1526 608
2245 1479
2355 2295
2467 1023
3960 1893
4172 2203
4467 1016
5644 2064
7632 2088
8022 1284
2470 2487
3188 2238
4162 1762
4375 179
7061 2469
491 1944
1141 264
3837 126
4989 1309
227 2292
352 1377
1131 2118
2409 2198
3612 497
4115 1240
4321 2027
5711 69
2119 851
3537 938
3666 1331
3845 1893
3923 79
4161 569
4469 1484
515 838
929 916
1523 1406
3233 1195
3464 985
4427 1609
5102 2485
72 1865
233 1521
469 1833
979 446
1725 2124
4384 1005
4385 153
4598 2105
5343 1609
6121 236
1159 883
1376 326
4739 554
5060 1786
5086 2477
1916 783
6391 1616
6496 1022
6974 1055
1800 178
2078 608
2343 793
3351 2238
6478 1464
6707 1713
6832 969
7324 766
7531 2044
197 1429
826 22
1158 757
3211 908
3379 991
3827 2212
3873 2238
5362 913
5712 1354
6312 1811
188 21
1704 602
1760 1406
3155 498
3739 14
4478 1257
4999 2459
5241 1404
5682 1945
523 277
939 711
5676 1024
619 1460
3273 14
4575 1043
5209 728
7140 2413
810 1406
1322 1422
2552 1023
3108 1742
4716 1504
5853 2245
520 504
968 702
1143 334
2352 286
3384 1059
3980 1297
4263 343
5260 1538
5700 920
623 2051
1081 821
2298 1708
3634 2238
3720 1182
4869 1454
5224 2168
5707 206
435 1956
610 289
1338 768
2426 1913
3180 2275
3398 1819
3435 12
5958 460
6488 1619
486 419
1292 831
2878 87
3761 1783
5011 1416
6995 1777
20 2151
1814 2340
2705 2197
4372 189
4603 1899
848 1695
1107 2025
1424 844
1513 1896
2932 1742
3034 306
3378 1663
2042 845
2320 2517
2436 1340
3883 1893
3982 138
5112 2168
5888 1538
7497 696
8024 2357
131 2263
139 1362
401 98
774 2186
1481 296
5269 1911
1114 978
1339 190
3475 938
3509 41
3582 522
4197 1123
4796 1478
5039 1337
5153 2404
5249 1097
7852 1088
147 20
1894 1528
2849 1658
3619 974
4604 1519
4800 1504
4896 60
5536 2092
5648 2493
876 1406
1872 1242
3089 2322
3265 1598
3355 67
3597 1893
4116 1898
5585 450
831 912
914 1101
1210 925
1536 1122
2354 932
3686 2212
4986 2150
5558 1110
6324 533
6963 2296
155 131
1469 1681
1549 814
4371 2076
5437 670
5911 1695
7665 198
219 1896
764 369
2337 257
3289 68
3644 1893
4023 982
4140 1357
4196 194
5242 1404
5809 1425
5913 1459
6019 2234
2329 779
2512 2351
2759 142
4182 773
4877 482
5740 1810
7552 2373
7859 2443
176 1893
1507 845
2200 779
2314 1308
3499 775
3543 2271
3908 1753
4552 1654
5535 941
6038 37
7334 2510
700 2131
195 2280
285 2296
286 182
814 1396
819 2173
1976 1690
2254 1833
3939 1167
5274 1269
5312 2211
4171 1410
4494 1005
4600 983
4629 1245
5692 1817
328 1416
549 99
1308 137
1337 144
1370 1606
1572 232
1731 420
2342 2490
2775 2487
3045 1742
3979 1062
84 1349
392 1739
1509 552
1896 731
3087 2322
3733 778
4342 776
5635 2104
6780 151
343 285
1577 499
3230 1783
3309 1581
194 61
798 851
985 2516
1243 875
1660 213
3044 2275
3451 59
3698 1191
3884 1893
4153 1098
5243 2142
5615 2050
918 880
3549 174
4103 1199
4647 168
666 1793
837 2173
3943 1426
4338 406
4391 1504
4712 1899
1640 2017
1848 2516
2258 935
2389 775
5005 318
6977 390
116 1692
383 369
694 1406
2933 1783
3440 1176
3920 14
3995 126
4927 1129
593 1406
1151 657
1746 757
3246 2167
4390 1504
7433 2507
7853 2377
152 105
385 2267
2141 1022
2807 799
3437 1628
4639 667
5036 415
5561 2083
5633 1925
5651 1303
7797 2083
276 1561
1372 307
1420 2386
1495 1723
2004 616
2923 2152
3023 2352
359 2108
368 1904
1537 1741
4297 1113
4456 1458
4481 1257
4719 1036
6843 1632
727 1363
2056 926
4778 168
6909 1087
69 1686
1077 1223
1149 334
2188 125
2817 2220
3481 920
4417 406
4711 716
5012 1269
1056 2068
1863 630
2149 832
4006 918
4119 1425
4695 1599
4801 778
5234 1771
5360 1343
6314 2306
6438 982
7674 2262
417 1944
2585 1552
2992 74
3363 118
4318 194
5814 459
7285 1336
408 541
2405 1022
3792 1664
644 274
662 1942
1909 1629
2879 273
2955 2352
6210 920
7580 900
3181 1742
3193 1018
768 122
1447 347
2290 11
4044 1415
4520 3
4868 885
4939 268
128 1231
783 1391
4086 2484
4953 2056
6202 356
6820 37
693 491
2403 774
3105 2086
4325 1438
4764 548
7609 2134
123 500
2324 1220
2875 2019
4671 144
5069 1721
5548 1879
552 225
642 2276
1216 2105
1386 2294
1692 178
1697 69
4734 2361
4963 485
5818 453
6924 2056
74 33
1385 680
297 174
537 2074
1915 310
3511 1877
4699 2361
4858 122
5634 888
7817 1303
7962 633
8101 2138
30 2271
4122 1520
7471 813
7969 2310
617 149
865 194
318 166
1656 1711
1845 667
4300 1141
4468 168
4706 836
4990 667
2060 768
2795 58
3356 38
3424 474
3516 1628
4562 1954
7097 1032
7803 1901
525 887
3240 985
3427 2238
4027 1877
4793 340
4855 142
5588 941
5771 810
6560 2156
1296 2375
1876 1530
2997 2275
4327 1015
4349 1504
6345 250
7046 2480
70 1598
860 1406
911 124
1318 365
2437 2005
3725 25
4207 2405
6716 100
7748 2197
1612 1553
2395 1459
2848 1634
2851 2152
5280 688
5546 1918
6011 1242
7035 18
8038 1922
450 2173
2717 829
2800 2275
2861 63
3881 1662
5389 2435
7452 1778
5187 210
7690 1814
182 29
372 2482
2161 1703
4649 1484
5038 938
5730 192
5770 1804
213 2097
1275 1208
4135 608
5219 548
5658 98
8094 831
801 589
1133 285
2240 1087
2463 446
55 1865
87 1158
96 118
598 151
1124 1580
1192 608
3231 1783
4326 1504
7828 929
99 7
934 1406
1624 1956
1634 2387
2117 779
4125 2343
4485 2212
5603 1627
7392 275
7532 1751
1360 124
1548 197
1575 1711
1807 243
1932 1242
3306 1783
3780 14
4741 2075
4972 644
5100 2381
7284 1305
7939 1365
2196 56
2903 2238
3264 2238
5015 2062
5022 1779
7434 2191
7635 1142
7739 659
411 1866
1693 124
2588 958
2854 58
5227 2168
5695 2237
5806 188
6472 1811
7429 624
330 1406
765 1926
1051 528
1189 225
1906 912
2571 2352
3000 14
3828 2238
3950 410
4634 2
7648 2443
67 1462
864 151
1209 842
1600 1022
3662 1331
4644 1504
6772 311
7698 2170
7761 330
1344 1370
3139 938
3824 2238
4431 168
151 36
759 236
2432 266
3423 2271
3566 775
3700 33
4319 602
6675 183
8090 1759
699 2267
1260 757
2199 711
2367 2164
3681 775
4765 1109
5661 2481
6152 998
7127 257
1171 2197
3488 1978
8087 595
361 1681
493 1406
539 634
1113 138
3405 460
4776 778
6333 822
7611 236
1311 2118
3064 14
3330 2381
3480 319
4616 1517
4904 642
4974 2459
5460 1741
108 1158
162 1330
204 82
1035 2062
1904 289
4683 1504
5121 276
5319 1350
6765 2104
7296 162
1145 2118
1147 634
1258 174
1320 1419
1544 1895
2421 2487
2931 2271
4657 1517
4679 852
3215 938
3904 201
4246 965
5802 453
6709 1780
3221 1663
3352 1615
6727 2108
207 1260
1176 2468
1818 1557
2158 1406
3436 14
3972 40
4768 2173
5789 206
7923 2389
2464 2515
3140 938
3147 1866
5884 1661
132 1872
247 123
1212 581
2123 2118
5815 1628
7146 1509
7833 534
8 178
544 148
1443 1690
1699 1773
2032 1630
3218 1663
575 413
1564 307
1759 1930
2407 278
3102 1285
3501 775
3741 131
3773 1399
4771 2516
6060 2188
652 1624
809 336
2915 2275
4274 1141
4497 2118
4981 1058
122 1336
1367 944
2265 280
3616 1452
3869 1406
4238 1310
7995 1203
265 1807
414 2123
1639 2087
2255 845
2743 1937
2867 58
3945 1196
4816 2168
5449 2330
7209 283
1901 674
3781 126
4951 1304
5457 2075
7502 1
1225 753
1603 2428
4324 1141
4451 2444
4574 491
5348 2210
6448 2024
145 25
2264 2005
2548 2118
2587 2171
2859 63
4820 43
7244 2083
1397 1005
3428 2238
3441 44
4465 168
4571 1519
2466 233
2758 1242
4792 622
4828 1517
679 2172
3915 14
5295 2275
5647 659
1514 1144
2700 2170
2929 58
3282 69
3692 2275
4646 1016
5146 1630
7049 2503
978 1250
1829 414
2502 1264
3022 2336
3474 1783
3729 1378
5953 2495
785 1524
1089 1579
1215 599
1491 638
1758 1096
3311 1866
3788 121
4521 133
2930 74
3369 938
3615 829
5294 2238
5493 2376
5506 757
5579 1922
6257 2296
7557 92
130 938
4979 1636
5109 2453
7991 2104
8099 242
1023 2209
1850 608
2935 2118
3204 107
4428 309
4995 1374
7138 1878
682 343
1161 2373
2401 1309
7896 587
8153 714
142 21
791 2169
1264 622
3337 775
3349 2238
3372 1663
3382 991
3743 59
6623 899
834 1248
1335 347
2256 1784
3514 1628
3593 32
5044 2459
35 461
1088 1050
1732 2402
3395 1866
3611 1783
5458 2376
5870 2141
1244 1989
1614 625
2917 1742
4413 2305
5570 192
6515 2296
7931 1782
23 2151
2093 289
5075 1879
5178 1357
8036 2358
634 251
3515 1648
5246 1269
5691 1144
6347 2100
6485 982
168 352
253 1043
1525 1303
1987 166
2525 1264
2777 2062
3812 36
4978 1338
5670 98
6672 2492
7477 196
757 1406
790 2406
3322 619
5876 1407
6650 1887
7344 680
7535 2158
183 2091
786 369
1606 929
1831 1841
1925 1638
2356 2198
2518 1422
3012 38
3020 286
3434 169
4984 1903
7125 1415
7192 596
8014 2383
8029 2378
1610 688
4967 327
5669 867
7384 2104
7908 958
673 1534
1498 734
5071 1721
5361 148
5381 2376
5655 2139
7077 580
7796 2381
175 2274
226 2292
1462 1902
1464 311
1780 1965
1795 1727
3312 1182
3589 424
5594 1766
7165 1253
77 1207
729 585
820 2247
1787 2139
2802 93
2926 2275
3738 2275
7243 813
7778 232
107 1866
686 914
1911 196
2408 2110
2895 87
3777 2238
6916 138
2192 1858
2928 2275
4072 1469
4272 1504
5557 177
6003 1638
7124 1746
124 1703
165 22
1100 2063
1305 337
1773 1624
2291 2153
2494 2352
3200 14
3863 1199
4328 1016
4760 1232
5455 1404
7413 2376
712 1841
919 2159
1783 193
1875 1391
2247 1248
3629 775
3685 1936
6877 2126
2671 981
3234 1783
5645 1000
7799 175
166 2104
303 1023
1128 2258
2490 1327
3280 107
3924 107
3993 1361
6961 1911
657 2517
2322 1615
3029 1264
3574 2238
3903 1600
5306 1145
5864 453
8093 1006
438 2024
1390 1161
2995 2275
4808 1517
5258 2214
5339 2210
6049 1390
6559 1215
7240 1341
296 306
648 325
1058 515
3956 70
4421 605
4525 2072
7527 17
7914 637
1205 1344
3693 2238
4239 1207
4744 1285
6646 491
7065 1415
76 102
106 1336
394 895
1119 518
1261 178
1505 696
1717 469
3425 1057
4780 1730
5253 2227
5659 192
8147 803
308 148
632 2493
677 2439
2273 87
3058 2275
3994 12
6597 460
6740 1480
8026 924
283 22
295 2206
1432 390
1729 251
3448 28
4307 1394
4804 232
4971 280
5726 1325
6526 309
6849 2490
7735 2294
695 957
1343 988
1527 621
1615 149
2532 2006
2793 1742
3075 107
7432 2212
8037 1277
59 53
384 225
2376 2062
4141 1600
4718 1043
5482 1745
6614 182
7472 56
822 1704
1460 1430
3207 59
3508 1267
4313 1784
5656 867
6891 1890
7553 116
143 500
3067 45
3277 14
7007 476
2387 51
3288 107
4305 477
7741 198
1285 2156
1490 2292
2943 14
3673 903
4777 1388
446 2066
887 263
1266 711
1479 473
3347 2238
3862 1357
61 461
508 177
2900 2080
3353 14
3776 2212
6697 458
1274 498
1886 2118
2326 1734
2857 2152
3677 256
4466 1015
4733 813
7594 2344
1307 491
2279 1876
2755 1105
240 2075
1580 1638
1857 1457
2132 941
2341 1323
3116 2238
3672 1766
4954 1759
5848 1604
7317 44
8070 2152
231 2431
1426 1039
1817 1930
2862 2275
2910 2275
4213 2062
4821 1656
7179 1561
2179 1649
3818 255
4673 179
5066 2465
5534 384
373 1469
713 581
875 753
2251 2339
2662 2373
2719 2487
2865 58
3284 79
4842 1043
5184 758
5786 1844
6431 1632
6443 2006
7153 585
377 2083
2272 1166
2295 925
3127 59
3132 107
3916 12
5816 2234
6125 2089
189 70
237 2073
2344 1992
2908 63
4395 1015
4609 168
4987 679
4993 783
5574 757
5679 455
6310 2502
6723 1464
6873 580
6966 824
1184 768
1256 504
1650 2277
1936 1145
2303 2514
3548 1452
5072 2298
6182 913
6537 1972
608 171
1595 198
1781 285
3624 775
4648 798
5063 2366
5522 384
5798 1326
6556 496
7861 70
234 1256
792 257
948 482
1515 611
1670 731
3014 38
3520 14
6293 1248
271 1314
355 166
443 838
702 1022
1174 269
1268 1739
1622 1823
2307 2198
2348 1
2374 990
2891 1418
4834 2142
81 2178
171 91
1009 2000
3587 44
4500 1484
5468 1443
6299 1824
6548 1077
1071 2421
1111 845
1664 852
1802 768
1974 2428
3008 1628
3592 121
4053 1989
4312 1464
6806 1695
7605 1863
65 1648
782 1172
1265 186
1294 819
1602 293
1975 1641
5350 2223
7693 223
7927 113
8017 1756
689 177
2855 58
3053 2275
5255 1689
5293 2045
5752 475
7303 255
1400 931
1905 1502
3505 2275
5310 2211
6892 1762
7901 574
628 1818
1047 926
2850 459
4046 196
4865 1517
5723 2485
5728 1910
6836 824
7347 2389
98 461
893 634
1005 2005
1450 284
2868 74
2882 2075
3007 14
3717 1250
1578 157
1601 912
3049 1654
3194 12
3324 2352
6572 589
7856 2075
1903 2500
2620 2309
3114 2238
3868 552
4675 731
4924 1562
5881 1908
7899 1210
8032 2379
780 2406
943 767
1488 397
1630 639
2589 2000
6032 627
6904 192
11 1460
78 1648
1202 2296
2041 560
2371 51
3316 776
4714 778
4923 1149
5554 2004
97 118
1042 1817
1121 757
2392 2156
2821 1646
2852 1742
3088 2335
6818 1759
7267 1166
7485 2333
7994 2222
656 178
960 1282
1591 552
5359 1426
198 192
202 255
3357 14
4302 1597
5021 1431
6048 2443
7151 439
996 1721
1368 673
3640 2275
6679 794
7942 2479
1075 55
1250 284
2918 2275
3250 2351
6237 1636
6872 1632
199 1725
390 123
811 426
1391 830
1801 1543
2942 14
3120 38
7666 2193
7868 1925
1415 1609
2598 1844
2658 1880
4301 1715
4848 1517
531 2296
550 123
671 778
1168 978
1199 597
1636 833
2844 1105
4025 2142
4823 1621
5780 424
6357 1661
1 347
2373 687
3564 775
3573 884
5009 2214
5309 2151
75 68
144 500
402 1638
1669 1601
1672 178
1920 289
3123 6
3358 14
3637 595
7261 2217
9 1629
489 1022
1351 177
1396 1886
2801 2275
3325 2352
4731 1119
6530 2378
8141 2462
298 959
353 2025
2349 1798
4331 1730
4737 520
5755 1120
7008 1918
8063 310
103 1359
380 1767
1072 845
1123 1788
2904 2238
7933 598
1891 2118
2372 1682
2559 2364
2781 2495
7139 2141
7652 1145
2 137
753 1352
1097 1060
2269 1803
2271 1448
5620 2258
6133 1224
7 857
192 403
2358 1368
3024 2352
3638 63
5412 1788
6035 1741
8028 2356
966 445
1120 958
1542 2493
1839 1457
4433 1730
5090 941
5498 1711
5555 2039
5598 708
63 461
453 182
898 2173
2330 438
2438 1725
2894 531
3046 1783
3731 1414
4045 1415
4702 1838
4950 1602
5331 2210
7364 1100
306 1344
313 2024
769 2024
1207 2382
1993 128
2799 58
6811 488
684 2024
1399 2281
1879 2404
2238 1405
3838 496
4595 334
4949 62
5504 1741
5518 757
6524 482
6934 257
7286 1203
158 1203
280 2443
366 196
995 315
1006 347
1169 2218
1319 2055
1867 1260
1939 1426
2866 30
4335 687
4522 639
6065 941
6132 1443
6497 178
7462 40
71 1865
209 981
212 1676
870 2125
967 1609
2762 577
80 118
1291 17
2420 2381
4378 2296
5406 1139
48 461
211 1303
1539 2402
3278 1473
4123 1994
4434 168
4567 749
5096 2470
5729 1818
1004 1880
1635 2108
1856 1676
2993 74
3287 1354
3326 2362
3578 2238
1197 589
1440 911
2070 832
2545 775
2778 253
4982 2197
5182 49
5492 1379
5743 1325
6677 2301
6952 172
8004 57
329 1469
1084 190
1093 1934
1487 84
2184 297
2431 1371
2830 775
3417 1803
4735 1840
5556 433
7832 2118
57 69
205 2487
1180 610
2508 2336
2939 14
5582 268
7102 2387
7262 1508
201 658
747 476
1387 1722
1719 2199
1888 2516
2096 703
3003 6
4612 1473
5149 736
1237 189
2776 1934
3072 1542
3164 1180
3409 2352
3632 884
4073 1425
4961 1113
5056 2509
7211 1557
42 118
643 2502
1090 1363
1616 502
1649 1629
3636 2238
4742 1043
4946 1782
6615 805
1078 2410
1621 592
7506 1132
7959 614
112 1485
483 516
1126 714
1777 920
2061 941
2170 229
2732 1060
3141 125
3285 107
5052 254
5453 1947
64 461
444 814
526 1870
582 257
2340 169
2706 1105
3056 2275
3125 121
3360 461
4158 1052
5776 1488
8082 2064
2127 513
2178 2070
2561 2347
2872 2345
3129 69
3276 1265
3345 58
3438 1326
4668 1313
5058 1964
5172 2131
5668 2258
7673 2379
829 324
3745 1354
4229 2406
7107 250
7162 2071
7399 2480
8030 924
36 118
935 360
1873 434
4631 2386
5367 548
5511 833
951 911
1283 306
2836 2136
2927 1742
4449 647
5337 2210
5478 1761
6342 2516
110 1662
779 2266
1342 153
4682 778
4968 2141
5747 2292
7002 2239
7627 2273
7916 820
7980 2335
51 38
451 1989
2029 1652
2259 518
4677 2137
7393 334
7724 2058
90 1801
191 1075
2100 1034
2649 2150
2720 269
5466 1015
7491 14
7773 1954
52 2178
663 2077
1281 2099
3182 2238
3317 2164
3583 595
4404 1730
193 409
922 807
1673 875
3775 2212
7578 1338
7703 1081
27 1648
621 1615
1046 2172
1644 1608
2824 1698
2907 2238
4309 805
5709 2131
5826 510
5865 1375
7190 1615
167 403
1506 1741
2186 9
2716 1394
4672 116
7266 1223
1852 2484
1943 1634
2411 126
2853 58
3091 2352
3101 1407
3579 2238
4818 160
5969 982
7620 2053
1405 2412
1671 915
2814 2322
3502 1429
4524 2198
4653 1473
5470 71
7847 1400
7946 1919
726 1827
882 1448
1482 1878
5329 2212
5610 1894
7538 582
7753 1823
7780 397
459 247
4304 259
5034 2376
5370 1678
5497 378
5563 2039
7877 2056
7881 1850
8134 1105
307 768
987 221
1223 2063
1410 606
4983 99
5503 1341
7099 2431
7591 886
7770 2060
857 2001
1698 330
2492 2337
2890 775
3113 2238
4227 1283
6378 583
4 2013
252 123
2870 2265
3054 58
3433 227
5326 2212
6321 2343
7294 2279
7348 2301
830 2488
1444 2453
1659 1531
2544 133
3679 775
4275 1984
4607 1015
5298 2210
6541 1839
6607 2294
7789 1194
2357 2138
2375 774
7543 2448
818 1535
1194 1816
1333 2425
1540 2461
1834 2408
5139 1096
7919 1217
1031 849
1249 757
1556 1704
2860 58
3050 2238
3864 1067
4902 2044
7377 1562
8025 2378
714 2241
1079 1534
1821 285
3877 14
4124 1304
4729 1470
5261 1538
5680 1974
223 194
732 1315
1756 1351
2526 1264
2937 461
3121 14
3186 58
4789 1410
7819 732
7830 1335
881 832
3783 1265
4303 1715
5311 2211
40 2141
46 1648
1187 880
2779 2487
3639 2275
3737 2238
4715 1504
5383 1678
6198 858
7112 1153
7749 560
800 1741
845 400
1712 994
3010 1265
3571 1596
3826 2238
4357 1300
6317 92
7587 787
44 1343
990 1516
1642 779
1792 920
3199 461
3446 121
3730 1357
5207 1510
5499 768
5968 639
7095 931
7172 2083
7208 714
7941 18
8086 983
897 2296
1226 1711
1907 191
2153 43
2708 2197
3026 2322
3696 14
6860 1422
79 1359
872 410
1010 2156
1164 489
1705 2485
1740 2358
2268 275
2823 1259
5613 1651
5824 843
6054 271
7546 2158
8000 1203
533 1526
1236 1552
1489 471
2277 622
6384 1406
6424 1234
7441 757
7610 1328
7726 866
7836 806
357 603
1530 1922
2925 2238
3365 121
3688 595
4498 620
5317 2151
5320 1330
1125 1488
2462 289
2979 1105
2983 2238
3641 14
3832 2238
4258 325
5519 144
5627 160
200 613
577 708
1091 1485
1398 1166
4168 1956
4393 1504
4766 1502
5985 2130
7451 753
701 1695
812 1436
1011 642
1713 236
2233 1803
2377 291
3076 107
3110 1654
5093 839
5371 1452
5778 900
5860 22
7195 213
8016 364
153 104
863 2043
1273 2172
2415 370
7678 954
1674 1601
2160 913
3082 1618
4085 1120
4827 297
5168 2012
5866 2516
1922 2389
2321 2198
2424 2487
3074 1893
3305 2152
3559 2352
5665 1531
7028 299
7928 113
409 337
1059 2329
1326 624
1585 1926
1908 2241
2103 1681
2108 495
2118 408
3766 934
4614 1285
4918 372
5336 2210
5454 1015
6766 290
7292 759
7924 2343
82 38
2211 894
5496 362
5750 169
6993 2393
7784 2516
8127 735
1062 1387
1770 1918
2423 2221
3580 2275
4133 2203
4642 1553
6457 498
2194 1312
2206 1223
2998 58
3691 2271
4561 1770
4723 1701
5170 2067
6075 2257
6479 1698
6774 877
7577 1516
8039 2104
3065 14
3821 768
6501 37
6782 2296
1958 194
2294 1918
2495 2310
4782 1615
6784 302
94 1275
613 385
1324 1529
2579 2006
5335 2211
5863 854
6203 2498
7445 99
8035 2388
8113 2151
815 347
3251 2352
4630 2197
4969 1418
5064 2465
5327 2212
5566 1609
241 123
601 2488
1383 2044
1429 294
2668 1264
2953 2322
3043 2238
3168 1152
3482 1630
3496 2337
3981 580
4980 775
5185 1880
7003 1233
7447 1143
1025 139
2491 275
2839 2058
2970 2135
3021 2511
3126 107
4392 1597
1613 193
3248 812
3626 379
7997 2364
91 876
172 227
1135 1120
2737 775
2990 2238
3073 1070
3119 14
3368 59
4398 1540
4684 168
4921 1307
5019 2209
6573 770
7226 2460
7273 1486
8043 1144
28 1542
1356 134
1382 1111
1651 194
2567 1264
4396 1141
100 2305
735 89
986 1867
2400 2295
3567 775
3833 1223
4919 285
6103 916
6343 1751
272 178
1762 1430
2956 2346
2986 74
4074 1122
8069 1180
1300 1592
1885 1458
3185 1742
3341 2086
3736 1057
6336 2371
6529 2383
6866 1638
7490 2047
7755 732
626 704
2323 1336
2361 608
2570 536
2594 2170
2873 1215
3449 1354
5413 208
7731 1256
1576 139
2615 2335
2626 2289
3416 2352
5461 1203
34 461
1017 1265
1235 1540
1403 1150
1643 2429
2313 852
2712 934
2909 63
4448 477
4582 1221
5181 1392
5552 281
7252 444
7357 1963
7628 509
7982 2335
1336 969
2723 825
3584 522
4560 2197
5050 1670
5429 1194
5631 873
7979 1751
129 2218
161 1336
1407 1878
1902 154
3190 424
4355 1300
6579 511
8005 340
2006 548
5235 2214
5880 2140
7788 1915
118 1362
1350 1556
3133 59
3361 5
4745 1043
4926 1678
4931 2047
5733 690
5892 2007
7999 2351
8018 2349
499 819
528 337
1497 370
3011 2
3066 14
3203 107
3503 2238
4170 194
5290 2212
7486 675
7740 285
7752 2022
7875 768
743 776
962 2
2364 2138
2592 775
37 1661
1014 1944
1690 2059
3445 107
4351 1015
6264 818
7193 485
571 2069
596 201
1646 1414
5299 2211
5495 2377
5639 926
8088 1264
32 118
1448 1557
2293 2102
2386 2233
3130 59
3167 327
5328 2212
7657 1954
68 258
672 1101
912 2468
2305 2198
2794 58
4698 642
5982 838
109 876
495 755
2209 2476
2461 671
2921 2275
2936 14
2965 2136
3695 1856
5893 242
7144 1817
7996 1203
772 1876
2020 2178
2335 1039
3281 237
5305 2212
7686 133
7801 2498
802 269
1087 35
2757 2197
2825 941
2905 2238
3077 59
4738 418
5127 2217
5398 2100
5573 589
6898 921
7971 347
2365 806
2604 1309
3059 459
5080 227
5321 915
6247 394
821 240
832 372
1620 700
4311 2143
6398 2093
741 403
1910 864
5043 276
7270 1159
393 1087
1038 1376
1118 87
1486 2409
1496 2305
1680 480
2887 2310
5986 2009
6738 2375
7335 1953
7449 2204
7622 192
7872 662
1234 1785
1708 455
1711 859
1723 2213
1816 61
1844 979
2829 830
3334 2363
5104 942
6046 2054
7863 900
2304 2345
2718 253
2822 1853
3063 38
4432 2075
5297 2211
5340 2151
5523 1043
7667 455
645 521
1067 1780
1182 798
3068 14
5481 1089
8119 263
1720 225
1849 2167
1982 84
3048 169
4994 1600
5446 1609
6777 1356
8142 26
41 132
2339 1193
2729 1978
3115 2238
3134 1648
6417 2468
7484 275
784 2111
2363 1580
2586 1407
4934 1386
5325 2210
6200 256
1562 1595
1728 1459
3047 2275
3086 2351
3327 1203
3621 2513
4703 1051
5599 942
7517 2389
7722 299
7857 495
8102 2210
761 1022
1587 403
1718 1077
1900 137
2350 1777
3403 1927
4802 1504
4838 1859
4935 243
7396 1669
7754 789
1599 845
1996 1592
2501 135
2650 2150
2730 2322
2919 2271
3271 522
5315 2211
6701 1507
7004 1782
7494 1384
992 349
1257 648
1750 1738
2246 912
2504 1308
3407 401
5087 897
5800 900
53 1662
83 1661
282 414
762 2234
3319 969
5411 2105
6852 684
7315 273
8107 1918
3 1389
2710 1741
3268 424
3443 121
3768 728
5834 1542
7038 1315
749 1715
847 284
2583 578
2714 447
2922 58
3261 464
3815 1688
5301 2212
5318 2443
5638 1052
7200 62
664 886
763 2488
1738 116
2611 2336
2641 775
2667 2363
2898 1861
3362 237
6533 506
6957 1876
8091 598
62 1415
1033 2252
2623 433
3081 139
3149 1042
4397 168
4803 496
5024 1426
5300 2211
6936 789
7307 433
7858 888
8136 2300
733 1620
1297 1285
3006 14
3060 63
5565 781
5803 783
6208 260
6225 1388
7424 1180
1105 520
2515 2322
2916 2275
5313 2151
5664 524
6789 1856
7134 818
45 23
895 459
2560 2370
2596 2170
2676 2287
2906 2238
3561 1803
4779 1043
4794 1734
6095 2393
7952 907
1049 2329
1061 930
1913 998
2454 2487
2576 1037
3572 2058
3631 2255
4952 969
5027 2030
5330 2210
6051 2311
6678 1683
8138 632
1214 509
1551 1285
2282 946
2334 2513
2614 2352
2741 1294
2948 2486
3336 2289
3342 2153
3829 2212
6493 2381
7909 2300
607 2296
843 194
998 1731
1221 1789
2285 642
2448 2361
3028 2322
3247 2487
3447 121
5960 213
6841 207
7975 2227
8046 2503
1935 994
2774 657
2952 2336
4257 1130
4654 1903
5529 88
7654 1839
7911 2084
8146 430
745 1106
896 1170
2283 883
2434 22
3907 548
6074 818
6567 1828
507 1638
1677 709
2522 2351
2523 2352
2733 548
5307 1769
5414 407
7155 225
7782 1180
8021 1320
43 59
1198 920
2435 1167
2628 917
2661 1787
2897 1924
2987 2275
3558 2322
4645 1597
5140 175
5873 2115
7276 2279
8115 1732
2311 197
2555 1012
3778 44
3944 1487
4132 1688
5358 1600
5473 636
7258 2099
5142 6
5629 1651
6164 1436
6379 1795
1623 1704
2511 2344
5020 2132
5308 2211
5562 2004
5650 2200
5805 1453
6061 1285
7037 618
134 1245
2267 642
2453 2352
2602 465
2618 1978
5028 196
6053 389
6608 717
7397 1487
8047 2227
31 262
485 1638
1629 321
2193 941
2345 2317
2633 2289
3189 2238
5291 2212
5769 2421
5856 398
7760 479
242 619
464 703
1160 594
1653 445
1804 481
2950 2352
3283 1871
7336 2130
7888 2198
73 1663
379 2235
981 1291
1734 2247
2223 1525
2573 2352
2964 2006
3183 2271
3354 1645
5010 1630
5632 2104
1076 2442
2306 2153
2465 1751
3412 2336
3518 1115
6722 2198
7630 794
7944 961
465 816
803 910
1345 1609
1810 1395
2768 2362
3450 121
5124 1946
5530 144
5683 1335
6757 247
6845 285
7787 929
2994 2275
3051 63
3124 107
3156 2352
4347 2075
7558 1539
7940 1496
85 938
1480 603
1748 2324
3870 1011
3905 1127
6512 1411
2007 40
3111 424
3498 2378
4212 147
5133 2061
5177 2234
715 431
1050 1999
1413 2005
1605 541
1838 1828
2215 2111
2739 775
3201 38
5785 1956
457 2408
1162 761
1247 926
2181 1769
2634 775
2684 775
4173 1283
5126 942
6409 380
6430 344
7618 652
1218 2017
1826 750
1871 2503
5368 548
5387 444
7281 2462
7541 1164
7824 2378
3494 2417
5844 2235
7560 2165
7873 813
7989 2323
576 2296
2242 1337
3062 38
3253 1264
3344 509
7214 1415
1255 1764
2674 2075
2812 1861
3184 474
3350 595
5128 2217
1961 1208
2549 649
2664 2322
2941 38
6980 1648
7520 1814
7669 2458
7822 494
7998 2335
744 2415
937 497
1039 2459
1457 536
1458 741
2225 347
2235 1259
2391 2484
2530 2006
2657 474
2810 631
5577 17
7563 2272
7845 1159
7964 179
251 1738
676 1457
868 2043
2863 58
2902 2238
3015 1893
3035 1803
674 1966
1754 811
2791 1057
2826 2337
2971 521
3913 1057
7293 633
8006 2346
8131 1949
2226 2073
2613 2352
3118 2403
3191 1742
5467 1015
6432 1771
7105 2177
7469 2251
403 2005
627 73
750 1323
2976 2137
3071 38
3099 775
5614 1297
5935 589
7550 238
7718 2312
7849 1924
1080 521
1317 638
2531 133
2728 2352
95 118
2486 2084
2625 2335
5399 1678
7086 1172
7955 129
1094 2062
1411 2068
2996 459
3208 107
3684 2137
5068 472
6239 917
7030 711
8133 2462
993 581
1138 1145
1177 601
1298 1838
1743 1683
1766 782
2707 2080
3160 2352
3414 2335
3576 522
4369 1108
5901 376
6298 2407
7113 2471
7554 212
7592 208
7977 628
8019 470
480 2213
900 173
2394 1967
2541 775
3562 2288
5767 1622
7562 582
8111 136
824 1362
3270 2238
3771 1139
5141 6
5251 1850
5867 2148
6819 2327
6986 2239
113 67
851 325
1535 1378
1550 899
1733 2424
2252 2457
2608 1811
2959 1012
5436 2309
5600 450
7194 1918
7340 2049
7569 607
7774 2462
7900 819
2218 725
5129 2216
5338 2151
5349 1330
7169 1556
7177 488
7672 2379
7839 1330
8011 1274
39 630
1470 1224
1554 396
2284 1859
2296 983
4819 862
5303 2210
5871 1338
6356 2514
7108 833
7786 1465
965 2388
1741 1441
2984 74
3328 2468
3568 775
5285 984
5353 1535
7291 930
7575 491
8072 1953
629 2387
767 444
1245 313
1782 2222
6361 1249
60 366
2648 2170
2808 1548
3052 2238
3057 459
3492 2352
3500 2289
5601 2216
6184 1388
7930 1765
932 429
1007 471
1069 1705
1657 1048
1823 1058
3206 107
5165 1648
7495 447
7584 489
7643 1920
8002 2346
1881 452
2244 2452
2843 2358
3097 775
3323 2336
5206 2131
5314 2210
5494 621
5970 1777
6085 200
6844 2307
7509 1680
879 2006
941 1139
3001 14
3103 2171
5484 183
5792 1626
6792 2296
7777 2428
135 91
1454 2138
3560 1977
3814 1399
4136 2460
5035 2288
5289 1861
5390 2458
5596 2391
7821 273
2183 2296
2217 1766
2888 2352
2914 63
2969 775
3128 1355
3687 2238
5029 975
5972 1128
6127 352
8103 685
796 310
1791 1279
1851 283
2189 1804
3098 775
3178 2238
4060 1773
6955 2031
7376 488
7668 256
375 1043
3444 121
5827 208
6720 207
7988 2336
8071 1721
852 2502
991 2393
1018 1070
1136 2084
1358 1738
6319 1017
8097 2450
1340 600
4490 598
4523 2151
6080 2254
6682 928
7903 192
2113 1225
2212 83
2827 1287
4732 1018
4890 1753
5106 6
7838 1340
1316 2211
1508 455
2102 2444
3244 1639
5395 757
6266 623
1163 547
1353 1159
1667 2047
1956 2251
2562 2362
2593 2171
3205 121
5025 1734
6088 2064
6236 862
441 824
1178 2305
1299 1519
1409 971
2317 642
2442 2337
5705 531
66 227
532 544
1106 978
1373 443
3274 6
4721 1903
5352 1997
5442 2239
6027 867
6174 845
6842 1349
6965 880
7415 420
2074 122
2568 1733
2683 917
2991 2238
3906 68
5134 1087
956 465
2297 2410
3166 2352
6128 178
6290 900
6480 1528
6645 278
7237 397
7425 1696
7827 463
86 394
3159 2352
3202 107
3622 365
5422 1172
5812 1302
7423 1599
527 124
878 366
1008 2247
1139 789
1204 1217
1286 823
2505 2320
2845 2080
3556 2487
5210 1804
5940 818
7063 904
8010 1060
8148 1120
332 962
778 1680
1013 2170
1086 1051
2521 2370
3260 2006
4191 1052
6165 1172
6297 975
6460 1937
423 337
2513 1978
3069 38
5405 208
5979 1349
7851 1927
1772 1677
3002 14
4353 1300
5447 995
7290 1935
274 1845
697 1856
947 1009
2627 775
2962 2514
3177 1057
3419 775
5135 857
6638 958
6739 1274
369 496
1134 2428
2786 1089
2886 2310
3013 6
4770 163
5946 1768
7663 1555
1246 603
2449 2352
2911 58
3085 2351
3422 2410
7464 652
1208 1531
3151 410
3406 2517
4856 1498
5279 938
5886 487
6228 1087
2000 1829
2474 982
2481 2352
2605 501
2736 379
2788 2058
3335 775
5150 672
5357 2223
6212 373
8137 831
49 1207
2236 2486
2893 2291
2920 474
2954 1860
3577 474
3630 775
7235 143
7890 2152
665 1422
1293 581
2856 2275
3286 9
4748 1701
4788 1374
5088 1407
5332 2211
7132 2311
7606 752
894 7
6847 2395
6863 1767
7314 254
7684 472
7993 2156
1016 1783
1043 2431
2030 408
2263 368
3025 1978
5089 1688
6355 1173
8081 2276
458 2016
1082 520
2332 482
2485 255
2669 1264
2896 87
3131 59
3871 474
4769 649
5304 2210
5628 1982
6733 2192
7771 417
92 2274
853 2349
1026 711
1779 589
3092 1264
4278 1912
4835 505
4880 1615
5316 2210
7272 2095
807 885
1116 840
3249 2362
7000 2110
88 394
933 407
1558 2269
1861 759
2122 600
4254 2398
5564 569
5990 1893
6102 1638
1271 2198
1727 2490
1989 1830
3682 2170
5284 630
433 1127
827 809
1206 960
2645 257
2652 2170
2783 781
3033 285
5369 2356
6856 1927
7649 2491
7651 2406
7732 1743
7802 1716
7965 936
1040 965
1809 1224
2451 2353
2672 657
3367 107
6291 460
8089 169
398 10
2232 372
2250 1329
2331 521
2784 698
3055 74
3259 775
4933 409
5996 459
6028 2006
6580 258
8112 2235
245 155
828 2022
907 918
1494 473
2091 2468
2130 521
2433 2198
2696 2058
3009 1648
5727 369
6566 607
6620 2211
6931 789
7910 2012
10 1743
1115 77
1170 1639
1947 1166
2425 982
2569 1734
2883 2075
2934 1628
2938 548
3782 14
3822 2369
5105 1539
5420 457
6462 1578
6702 1170
6983 1391
1129 1883
5094 1448
5781 2020
6435 1751
7361 1876
2144 1777
5115 912
5116 912
5431 1043
6461 887
7152 611
7542 562
56 332
1352 1859
2536 2388
2798 58
2832 775
4255 2186
4412 196
6089 2099
6476 1839
7555 471
2985 2238
5355 2223
6059 789
6143 634
7935 1210
2622 1264
2756 884
3162 2322
3495 957
4496 778
7625 900
1045 372
3339 775
4180 2093
4758 2146
6823 497
7736 315
888 875
1103 619
2280 401
5113 2102
6641 1803
7710 497
813 1813
1423 164
1887 2337
2527 2352
5572 2056
6353 2210
7363 139
7841 2278
2989 2275
5117 2216
7202 1240
102 366
890 393
1172 2395
1866 2044
1938 2190
2402 740
3038 969
3040 775
7017 267
7516 2303
7707 178
877 1125
2171 1384
2582 873
4845 2183
5528 979
6110 193
836 306
854 494
1041 1949
3109 2241
4330 1730
5018 2151
6154 1248
6611 1479
6721 1485
7147 62
797 1341
1092 1859
1611 2103
2048 2272
2404 2171
3163 2345
3275 1265
3366 79
3689 74
6631 123
6693 450
6973 2470
7185 2177
755 1414
1251 1389
1531 112
2136 438
6020 497
1948 13
3158 2362
6018 1992
6066 207
6306 1846
7862 356
1019 1721
1439 1944
1862 2112
2366 1034
4356 1300
4700 56
5125 1946
5949 894
6433 349
7115 1270
1321 1308
2410 1388
2520 2323
5918 37
6446 2073
6704 2344
7318 1506
636 878
1140 1344
1461 1601
1534 704
2175 1743
2177 888
2815 2362
6970 1423
7189 275
7316 1341
7792 100
316 299
1384 593
1437 1316
1574 1309
1912 1075
2397 1384
2480 2352
2543 2135
2563 1293
3157 2351
4833 1836
5059 1260
6042 501
6914 749
7006 1926
1020 2138
1567 1729
1990 912
2665 2322
3104 1673
5904 366
5927 82
1085 774
2219 1859
3517 79
4638 599
5804 519
5883 1891
7956 1659
923 1189
2058 820
5026 379
5828 867
5984 2443
6097 1521
6802 1343
7382 43
8057 458
264 1257
2734 1600
6044 1818
7391 1500
7865 501
625 1952
902 194
1167 1764
2539 775
7053 1721
7576 1316
1104 543
1499 395
2564 1013
2621 275
3095 1600
5793 521
6113 263
841 2082
1835 2388
2413 2197
2591 781
7287 2462
7528 442
1594 1945
1981 265
3570 847
4843 496
4889 1517
4937 775
5334 2211
5372 104
5763 2146
7529 131
309 1036
808 581
2422 1532
3112 63
5143 6
6447 1905
6817 1743
6824 488
7339 1741
7844 1724
7870 1135
445 611
1068 2151
2071 1964
2629 2289
5083 661
6309 1749
6684 337
6962 580
2150 337
2885 2362
5351 1432
5435 2479
5895 942
6688 1891
7055 877
7223 1034
7670 494
7679 701
8106 1918
1813 969
1889 2134
2699 1596
2772 2309
6064 719
6078 352
7015 829
7170 1438
7604 487
2076 732
2347 1680
2912 74
3165 2352
3331 2352
3338 1600
6586 433
7600 1092
789 2430
816 2296
2026 2217
2489 2061
2864 58
4599 2188
6754 99
600 2016
3031 2345
6596 409
7001 2464
7066 2300
7590 1909
7808 1966
1222 739
2940 38
6858 2302
430 1230
581 487
1735 2012
2381 2324
2607 1970
2724 2362
2820 253
5388 1189
5889 282
6756 1311
6876 1500
3262 2238
6091 2405
6117 2462
7150 1004
2731 401
4075 196
500 1159
938 498
975 870
1822 996
2159 128
2809 373
4193 194
6193 2005
7457 74
1269 2407
1627 624
3161 1732
4374 2203
5443 1722
6207 2464
47 1343
487 72
2051 1386
3625 1803
6465 369
7191 37
7958 243
909 194
969 2151
1676 577
1840 1735
2260 1026
2509 1978
2537 2509
2542 2339
3497 775
5617 873
7539 819
1183 1768
1917 601
1979 351
2359 1963
2507 2335
3032 2351
3946 1063
4566 1644
5166 2033
5456 1722
6320 2301
6926 2005
8140 1876
1588 2297
2769 2322
4650 415
4761 2285
6258 1902
6732 2491
6951 278
7312 2485
7346 2492
1065 1811
2590 775
3175 2059
4142 1436
4996 66
5459 1285
721 1704
1063 2022
1179 620
1937 1208
1971 1393
2239 90
2787 2145
5950 2177
7715 1147
1546 798
3485 3
5909 1780
6449 60
8120 1186
612 2296
6047 17
6076 1912
93 2045
1412 1047
1596 2442
1678 2106
2121 1784
2663 2352
5409 864
5928 1437
7561 2325
8098 1734
6389 522
7869 2152
8080 2115
2104 2278
2688 2518
2974 1108
7601 1908
498 1638
503 337
1619 1203
1824 1584
2131 2462
2765 2352
2999 74
3333 1375
5023 1414
5858 692
6009 1847
1132 216
1381 771
1414 2076
1688 782
2597 2137
2711 1122
5041 112
5716 395
6040 876
6862 139
1224 208
1647 775
1832 1678
2616 2322
3489 2352
4527 2458
4636 500
4903 1816
6265 1752
6932 2161
7937 766
616 2345
1538 2388
1893 2022
1991 606
2771 2335
6173 1526
6482 830
1001 961
1517 886
3096 775
3643 425
4214 912
7356 526
723 153
1694 1317
3150 356
7104 1072
7305 1163
849 1767
859 2380
1070 1657
1304 2491
2301 532
2417 229
2488 975
2601 1813
4422 138
6036 1856
6408 2376
7647 232
7926 1947
8122 341
3100 709
3195 2491
3680 984
5441 2058
7564 1163
7854 1747
1248 186
1301 2299
1837 2428
6458 2231
6859 394
7664 2288
7945 2310
1288 619
1860 1823
1928 1523
2797 219
3258 775
4874 2094
6161 383
7320 1516
1366 644
3039 1375
3415 967
3825 334
725 1827
1689 1181
2638 775
2747 1861
2819 2487
7080 1297
1037 1035
1433 813
2617 2351
3117 595
3332 1803
3867 1352
3912 1141
4932 1431
5283 830
7248 1753
7380 2102
2428 2078
6651 1814
6775 865
6992 957
7051 919
7602 1308
7886 1721
7917 2138
2554 463
2701 2150
3420 775
5621 471
6776 44
7829 2295
325 704
1592 361
2692 2170
4717 1730
5702 1740
5936 2209
6348 1925
6703 2312
1793 2419
2960 2417
5847 2104
2456 1264
2656 446
2702 2217
4564 288
4875 573
5147 940
6683 1956
6905 845
7970 13
7983 2335
795 219
1805 625
3410 2061
5608 435
6214 362
6250 226
6525 521
1847 1335
3813 1651
5955 239
6094 319
7295 2272
1864 1477
2057 1281
2390 617
2419 90
2514 1978
2546 775
2636 1600
3027 1395
5037 480
1446 1489
2452 2351
3683 1596
5849 660
6717 897
7119 139
7241 2312
7812 99
2782 1203
2977 2170
3030 2322
3254 379
4252 1105
7166 1946
994 482
1545 161
1923 510
2148 1965
2666 2336
4280 620
4857 1448
4998 1150
1655 407
4962 721
5417 986
5423 336
6318 2381
6652 2468
6883 894
6982 1660
7184 1721
7277 1526
490 260
2738 775
2899 1238
3866 2125
6045 455
6385 351
7493 2417
7503 560
953 774
2440 2417
6787 1848
7313 4
7468 816
7653 1678
1918 2103
4376 1982
5839 1849
5903 744
5921 2251
6177 378
7161 1756
7879 208
1543 211
1933 2161
2475 1264
7341 1147
7572 1303
7719 1395
1289 1505
1522 229
2157 2498
2889 2362
4822 496
5875 1022
6041 2198
1963 1135
2698 1596
1778 1746
2229 1341
2384 314
2574 865
5616 1056
7014 61
1328 524
2483 2345
2949 1264
2966 2265
3557 1523
6748 756
6822 1604
7250 1846
7359 984
7570 816
7660 2074
7704 153
964 83
1404 2128
8064 1409
1952 1018
2726 2417
7758 2517
2566 1264
4594 1205
7020 2393
7321 1036
7725 207
477 1629
787 2291
1117 2509
1270 2138
2033 335
2603 1415
4817 1531
4965 1884
5376 2201
6070 2074
6349 164
6604 458
7259 1341
7450 2465
7943 1723
1553 2200
1789 208
1798 2365
1842 1303
2068 1225
3272 2403
5751 1381
6329 389
6726 2278
7067 374
7228 1836
7251 401
7256 2266
8044 550
1427 689
3565 775
6209 2381
6289 37
6791 2274
6938 1604
7614 867
2697 2054
6111 1426
6316 1105
6923 1203
7148 2279
7662 1380
754 1167
873 1337
1229 1192
5278 1463
6654 2221
7052 1211
7116 2388
7253 205
1869 2462
2770 2351
6459 122
6695 38
1341 517
1808 263
2187 38
2318 1858
2478 2352
5057 568
5421 178
5749 2118
5967 2377
6181 208
6527 1780
6835 1276
6939 290
7044 421
7775 809
1150 1759
1471 1270
2278 1876
2963 1407
3061 38
5717 635
5922 445
6334 1638
6696 437
7350 261
880 2135
2094 2426
2227 1543
2837 1375
5114 942
5879 1904
6549 698
7310 2307
7367 503
2441 1905
5419 1714
5899 2235
6029 1992
6055 1638
6199 2396
7867 652
2163 698
2577 1287
6158 1853
6813 2009
7043 1041
7159 1211
7197 501
2116 444
5378 2305
6505 2233
6667 61
6730 371
6837 1754
58 1275
2529 958
2841 1876
5430 1500
6605 886
6642 1648
7571 178
2534 2378
3172 2006
3255 1375
4813 2478
6425 1365
6833 164
6839 1206
6991 349
7032 2020
7671 1920
7757 1714
7949 331
1359 1909
1878 1086
2630 775
7426 1308
7624 64
1569 1640
1609 1812
2079 564
2458 2352
2565 1977
2624 2369
2833 2289
6296 2058
7311 2462
7695 1880
1465 711
2287 2308
2519 1725
2600 1645
5342 719
5997 2387
7934 1848
1272 2239
1282 2091
2143 332
2155 754
2813 870
3627 775
6358 1258
6925 1777
8003 1240
468 1813
2455 2352
2535 830
3252 1978
6001 70
6394 2393
7465 2457
33 101
954 2467
1280 782
1830 904
2460 2352
5333 2138
6106 2333
7019 1382
7160 349
7263 2271
7264 435
7957 384
1825 811
2704 2295
6711 643
7581 2169
317 1153
1000 2370
2308 2287
2695 1238
5154 2069
5402 1104
6052 113
6242 24
7210 1431
7615 2153
594 2445
622 897
1449 1768
3107 2410
2139 219
5211 272
5994 125
7207 782
7985 2354
345 488
856 1578
1500 1286
1788 681
2445 1934
4230 2261
7120 714
7135 1301
8117 236
1233 2215
1421 1225
2496 2370
3408 2352
4860 1043
5831 49
6105 688
6136 488
7744 1116
7795 454
595 2115
773 334
1165 1553
1691 417
1949 1001
1955 541
3173 1803
5341 2211
6655 1927
7374 1880
7658 253
7685 942
8062 1598
1914 2160
2019 1378
2147 1153
5415 173
6413 657
6628 61
7056 1721
7585 556
7730 175
1083 1264
1586 2091
2067 2268
3954 740
4901 570
6956 1989
203 2005
563 226
2834 367
3411 2172
6056 805
7332 535
7689 1043
8109 533
2241 1402
2430 362
2580 269
3106 2238
5912 686
7617 987
8124 652
136 55
1323 240
1950 863
2640 2339
6878 116
7005 1918
7453 1889
7524 298
7525 662
1895 2408
2066 1523
2396 1350
2689 2033
3036 2265
3171 2348
5850 99
6134 661
6401 732
7414 2440
7612 1330
7826 61
7883 640
7936 660
959 49
1108 543
1259 1680
1314 54
6700 565
7247 642
7358 818
2746 444
2924 169
3174 2006
5180 2498
6769 337
7057 1211
7143 698
7149 1137
7373 313
7521 2405
7661 185
7800 463
7984 2345
249 1544
1327 66
2773 1523
5264 2178
5882 99
7818 775
566 660
777 1928
976 1978
2484 1799
3816 1218
5049 1721
5819 1265
5934 1543
5966 1278
6741 137
6850 2064
2595 2170
6148 2485
7345 1585
793 1172
1186 146
6186 1698
592 2129
1941 1044
2968 2378
6234 2454
7142 1199
7510 544
1408 1767
1724 844
3402 1224
5265 984
7167 209
1064 2212
1098 982
1378 675
1512 2412
1658 2
2790 1753
5254 1870
5277 630
6101 1999
7526 297
7837 1172
1219 698
2680 1600
6269 809
6906 2093
8001 1607
516 1169
928 1715
5081 1192
5942 1172
6392 1731
7440 2462
8009 2437
1012 7
1451 1383
2316 261
6030 339
6511 2505
7530 1965
1662 80
1794 219
2901 2238
5382 479
5872 717
6851 450
6969 1159
7488 1781
7871 1971
2302 780
6382 1595
6881 1839
6890 1247
7106 718
7966 1001
239 992
3197 1028
5933 1580
6142 1309
7593 1964
7986 1080
1518 346
2101 2430
2686 775
3321 487
5777 630
5981 1941
6913 724
2172 1848
3279 1540
6508 578
262 2230
2679 379
2744 2265
3257 2289
5951 2491
5952 477
6686 2211
7196 537
7343 2329
7412 1607
1022 1334
1988 954
2022 2490
3765 769
5820 1343
5894 1384
7641 1251
2072 962
2089 2513
6673 635
1395 836
3491 318
4568 2345
6268 2498
6286 832
7129 1535
2008 2504
2018 1948
2725 1395
5392 2519
6116 1578
6332 112
6948 563
7085 2423
7089 1261
1607 257
1618 997
2137 1211
2140 792
2154 461
2517 1977
5103 1956
6625 482
6912 642
7042 822
7891 2499
8108 642
337 209
2037 1716
4824 1043
5887 487
5931 538
434 2412
2945 2135
3623 984
4887 798
5232 290
6188 595
6281 1213
1652 1584
2081 832
2205 310
2975 2058
5384 2141
6243 1602
6595 2428
6616 223
6725 558
7401 577
1156 740
2082 1314
2115 876
2967 379
3678 322
6412 1003
6755 101
6940 488
1303 431
1310 941
1806 2414
1934 958
2036 1375
2479 1668
3318 49
5905 463
7186 2379
7489 537
159 90
2027 848
2476 2323
2609 463
2767 2370
4308 1019
5091 700
6114 1876
6139 2002
6513 2094
7131 1880
7360 830
7638 2489
5065 2170
5070 739
5379 690
6229 2
6248 906
7322 455
7785 2061
724 1095
2540 2339
2653 2170
2685 775
4016 2129
5906 2198
6071 1368
7476 875
7675 907
8135 919
1190 1985
1583 258
2292 597
3042 2238
6395 372
1193 1328
1927 2338
2457 2337
6456 2488
6602 2153
7299 2240
7470 1967
8048 488
2842 2170
4805 1043
6908 1816
7156 2325
7987 510
8020 61
8085 339
1217 738
2735 2265
3256 775
3421 969
5292 450
7379 867
7616 1078
7848 2143
1110 2097
1774 2294
2557 597
5356 12
5469 661
6463 444
6621 1723
6698 1856
7062 372
7720 1340
988 2138
1784 1882
1853 329
2642 775
2681 379
7882 2498
160 2370
311 194
556 725
2578 2006
6972 381
7608 2104
1589 208
2059 2213
2112 2033
3005 1019
6494 2053
7411 2399
7478 631
7637 1353
7700 956
7855 1933
3041 2388
5908 319
6418 1167
2443 535
2499 40
2682 775
5267 2138
6610 894
6691 1123
2151 1051
5302 2151
5914 867
6073 238
6350 1847
6360 1384
6880 743
2785 2215
5823 32
6204 356
6380 1134
2459 2352
2631 775
6205 421
7300 545
7990 2001
1211 1639
1330 2250
1721 1880
1790 346
2678 775
5571 2004
6855 1523
7442 1224
7565 2270
7745 512
7815 595
5099 577
5407 1173
6263 1210
7699 1892
1242 761
2721 2352
2752 1861
2892 917
6211 346
8051 978
776 1105
5971 1880
6004 2491
6082 2491
7199 1963
7395 571
7427 2399
1402 1796
1419 2084
2670 1264
5590 2439
6192 2014
7723 1946
2162 2407
2792 2238
3359 1265
4964 2020
5684 818
1392 194
1786 1225
5263 1882
5830 2214
6633 308
1238 749
1374 1565
1751 977
5047 2081
5869 1625
5926 82
7081 1875
977 1393
2469 2197
2828 775
2957 1978
6637 955
3004 14
5859 2
6191 2397
6397 346
6946 1192
7626 1384
1287 285
1668 143
5377 588
6129 1384
6387 410
794 1609
2208 2400
2804 1374
3198 1719
5919 983
6619 2462
6660 38
2274 275
5961 2491
6861 454
7842 1491
1870 212
1898 1061
2487 82
2528 2335
2619 1012
6146 565
6778 35
6829 458
1559 304
5444 2266
5930 394
6230 164
6639 389
6718 321
6929 384
7456 1194
7711 519
494 2246
1524 2227
2760 2248
5510 1150
5945 1345
7275 2022
7437 2376
1418 333
1598 2324
1736 1414
2840 2058
6603 1411
1435 982
2575 2467
5007 2221
5380 2289
5993 1730
6744 2242
7130 37
7213 2491
6500 2263
6664 109
7743 2509
999 854
1715 189
2164 393
2637 306
2742 775
2871 110
4678 853
4837 2164
5604 1780
6178 208
6414 2361
7597 1270
8050 2498
8055 1180
8059 1769
1347 116
2632 775
2766 1420
3340 921
3550 679
5472 981
6617 2498
7981 1496
2005 642
2214 1496
3569 2133
5250 630
6759 84
7280 1506
602 72
1582 617
3196 6
5907 1163
7260 691
5426 2169
5432 1457
5947 472
7866 1556
2745 471
4917 1270
6396 880
1379 1498
1811 1739
2174 1210
2558 2353
2691 1238
3484 2230
5829 1251
7114 580
428 1784
2510 2352
5448 1874
5480 1928
5663 658
6126 1840
916 40
1687 90
1919 1401
2083 1715
6653 635
6690 1989
6828 607
7222 447
7967 1172
6547 2094
6710 23
6919 2198
5929 1481
6068 444
6370 789
7365 444
1355 241
2109 1644
2572 1013
5266 984
2477 1205
2884 2362
6240 2462
6551 1349
2207 2339
2677 2289
5891 261
5980 588
6100 982
1354 1023
1666 780
2110 2033
2213 1717
4087 76
5286 2245
6601 2112
6634 950
6810 826
6879 359
7619 60
1858 1026
2173 1132
2275 535
6176 2204
6426 1199
6180 1752
6632 2153
7319 2165
1568 1875
5287 2059
6742 663
7308 676
1329 361
2046 1458
2687 1600
6159 2422
6676 192
7381 2301
7764 1126
2493 1971
4370 2516
7400 789
7556 2025
1654 1627
7378 1314
7583 805
8114 2143
8118 782
2383 496
2951 2351
4181 1108
4306 639
5046 2376
6221 100
6609 2423
7337 1732
1455 836
2086 2091
2538 1600
6305 906
6504 28
6945 1432
7694 1667
1836 2129
2168 842
2228 806
2444 2449
3493 2309
6079 1963
7768 907
7948 2227
2547 775
6272 421
6304 2376
6997 1420
7098 1048
7289 2107
7691 2095
5868 1463
6284 1902
7342 521
1365 55
1964 379
2197 2443
2472 2362
2643 2006
2831 2289
6788 1661
6943 865
7036 1751
7636 1548
8007 456
1633 633
2166 2112
2651 2398
3070 6
5045 2154
6300 1853
6719 2270
6790 497
7540 926
7549 867
2124 1601
2446 1879
5373 1878
6510 2417
6694 336
7045 2386
7466 2086
2055 233
2146 1206
2368 1781
2816 1988
8060 230
2156 2137
2253 111
2439 1243
2450 2287
3563 379
5418 419
6115 640
399 2199
760 1045
997 285
1185 203
2002 1086
2169 2090
5923 462
7831 1308
1763 347
6195 591
6658 2423
1377 771
1503 1928
1931 1431
5092 2305
6217 935
6224 881
6278 1903
5915 1848
6746 2375
8061 298
8105 1371
639 854
1973 381
6365 675
6809 862
7333 2152
7721 1387
1153 2475
2581 1552
5391 923
6084 1134
6724 2101
6825 382
1706 17
2248 348
7420 208
7727 458
1828 547
2135 223
8128 588
687 2488
806 1560
1502 1378
4488 1567
5288 1588
6168 595
6331 1749
6393 406
926 2044
7302 1936
7682 2372
1645 541
1769 141
2011 2138
2982 2436
5821 640
6015 806
6167 1439
6213 257
6770 38
1685 335
3553 1436
5404 2458
6363 813
7893 772
7898 2186
1493 2407
2044 616
2382 1288
5841 670
6098 1876
6381 2047
6415 1639
7422 1232
7582 1848
8129 956
5703 2211
6026 191
6262 1721
7238 1270
7390 741
1002 7
1637 532
1722 2325
2612 1187
6179 2498
6410 472
920 282
1239 1937
5746 1892
6918 1339
7473 61
3413 2487
3774 652
5385 2288
6137 1251
6144 2333
6326 1276
7767 781
1166 1668
1220 2070
2021 1732
2378 764
5055 2498
5977 1194
6477 781
2222 1
3487 275
6545 176
6888 369
6069 112
6492 1545
6540 2095
7825 2104
8058 2274
534 1721
1765 2420
2045 2376
2080 743
7823 691
3083 775
6351 1276
6937 1192
7309 1387
7439 1491
7640 1834
1142 1787
2098 2486
6141 295
6160 1836
6245 1086
6328 1936
7947 337
615 467
6327 277
7060 852
1003 739
1096 6
6303 1518
7221 745
7231 463
8068 2112
1555 1512
2025 1892
2471 2351
6509 726
6149 949
6369 139
6577 54
7419 2345
7443 2393
7655 208
7843 2351
2675 1952
6436 820
7306 1422
2243 2382
3094 1283
3418 2509
6495 1941
6871 268
1073 700
1375 613
1483 1872
4905 223
5082 839
6429 401
6987 834
706 290
2165 1477
5375 2201
6330 660
1254 1085
5401 444
6013 2464
6050 379
6364 225
7220 806
2550 1464
5179 2201
5374 2201
8045 1329
728 42
1401 1757
5032 556
6163 1497
7954 719
481 2257
6170 482
6665 382
6713 458
7173 330
7362 62
7623 2094
7968 2309
2152 496
5941 2349
6464 2501
6743 265
7232 2139
7645 2282
7656 2376
2639 1089
6025 209
6668 1648
6959 837
6960 1948
1434 1288
2336 615
2429 2265
3037 921
5400 1435
5845 429
6735 678
7278 731
7884 2251
557 1224
1819 2078
3122 6
5874 1518
6024 484
6798 415
7229 2081
7951 956
614 686
2763 2509
3329 2
6889 896
7697 216
1252 2165
1696 2197
3243 113
5987 751
6285 984
6484 2112
6885 2376
497 1824
3404 2010
5704 235
6685 1848
7187 2372
7271 1648
7551 2388
6118 463
1951 1352
2017 2187
2694 1892
5759 787
6039 806
6419 1977
7012 1357
7178 750
5098 577
6749 1858
1926 2283
5937 1428
6131 1180
6812 1894
7885 421
650 498
2128 1627
5122 2135
6162 209
7573 218
1380 1399
2062 942
6183 2492
1309 153
2085 594
4160 992
7027 1491
5062 2154
6659 1625
7713 1270
1371 1747
2028 2486
6539 2471
6989 2058
7239 2422
7504 23
1334 1981
1960 956
2114 1477
2447 2368
6428 813
6831 1446
1730 817
2063 1876
5944 314
6099 1638
6368 1971
7103 1417
647 1964
1473 308
2524 2099
3676 1308
5822 1862
6090 733
7706 789
7548 1292
7925 2313
6275 2173
7586 296
1930 1374
1980 9
2958 2322
4114 351
7236 945
6292 290
1052 532
1681 2498
1978 1591
4163 556
6150 682
6768 1424
7659 1978
7692 717
1346 6
2198 513
2722 975
3169 775
5956 1777
6323 2104
7505 1234
2049 1662
3555 1259
6016 1364
1843 2294
1924 2323
1965 2310
5988 248
6058 714
6371 1817
475 72
1977 2388
6944 2384
5885 207
6140 758
7687 640
6104 603
7168 2505
1929 1585
2023 681
2482 1988
2644 444
4228 571
6325 1783
2129 458
2185 1179
5920 789
6270 595
6274 2265
7117 358
1695 2422
5813 377
6640 1928
6692 2490
917 197
1484 2085
2134 1656
5916 1893
6857 84
7118 1661
7932 1850
2286 474
2414 1364
5925 2094
7033 2237
1181 1715
7642 1668
7676 1261
1747 671
1841 1287
2099 66
2111 1447
6175 818
8066 182
2328 750
6157 1179
7050 2461
7444 2167
7974 671
6629 297
6902 615
7850 894
7894 2207
8049 1164
8130 1651
6244 1413
7198 1648
5 836
5403 616
7887 1068
5768 1276
6302 572
6434 1382
1066 218
2138 268
3080 2437
5438 2301
5483 661
5959 1291
6827 1078
6990 1438
7174 62
6301 1545
1028 665
6171 2388
6452 2201
6816 952
6830 717
7953 700
1055 570
703 550
1036 2000
2647 210
4450 1889
2978 698
6271 2270
7567 2201
7712 1963
6130 2205
6185 2186
6252 537
6276 2270
2249 2376
5897 550
6119 1430
6578 655
2980 1769
2075 775
5252 672
6017 2205
6669 1871
6714 1891
7398 2278
275 355
1436 1747
1632 2512
1749 214
1890 1013
6096 1716
7230 2080
2145 997
6012 1767
6400 528
6794 2284
2406 1066
7566 2491
1984 1010
2167 888
4373 1497
6455 1281
2748 1132
6251 1196
6451 501
6930 2411
7816 209
1560 878
1855 966
6081 1078
989 789
3992 1244
6587 363
6670 2104
1152 164
5393 1463
5962 1573
6000 1309
6557 2416
7024 1395
2740 2289
3170 2388
5995 209
6352 687
6570 421
7070 910
2556 2322
6507 436
6760 1251
7547 983
1279 458
6747 2125
891 1013
1032 67
1146 1964
2506 1580
2751 698
5963 616
7158 921
7421 606
7639 1247
2052 844
2095 2518
3320 720
6023 2185
8008 1500
846 229
1030 802
2237 1531
2789 698
6450 2254
6067 1208
6745 1191
7963 851
1702 2272
5465 1012
7349 219
7599 1506
7696 1847
1195 707
6189 208
6453 83
6900 228
7255 1069
7596 995
2944 1933
7603 1203
955 2455
1154 561
7702 213
2180 642
6941 2443
7018 698
3770 837
6947 1463
7298 2335
950 2230
1833 888
7071 2205
7383 268
1504 2410
4885 2351
6315 1850
6544 595
6805 2229
7274 1431
1962 493
2635 379
6109 342
6663 540
1430 701
6086 372
7206 877
1306 1137
5976 1368
6151 1098
1797 2048
2069 337
6386 1902
6643 1490
2034 2366
2053 2003
2754 698
6135 657
6362 595
1771 1238
2038 2421
5408 909
6279 2104
6532 1747
7013 248
1686 178
2009 1217
6423 1358
5394 1027
6920 854
7972 1389
1745 1430
2015 44
5161 579
5902 1364
6895 358
2191 2402
6215 1043
5878 204
6454 873
835 509
5973 1900
5989 2104
6618 904
6933 879
7022 1747
5964 2233
2010 2452
2106 1749
6283 1026
6630 2518
6971 1203
7068 1080
1859 1952
6227 383
6294 2333
7474 626
6474 349
6600 539
7394 1794
7811 641
842 1860
2533 379
6107 633
7454 775
2869 1431
5910 248
6077 1885
6731 248
6427 588
7607 139
2001 1046
5924 1555
7814 2151
2125 1195
6220 207
6764 207
6903 2078
7794 1287
1029 48
2133 698
6249 139
6277 2089
7629 2104
7646 743
1532 980
5410 1721
7762 640
7809 1767
1726 2112
6867 2182
1972 308
3628 1803
5974 670
6416 419
823 361
6367 2196
6506 6
6734 461
7634 212
7683 613
2176 2437
6034 309
7375 2361
7568 2003
5095 2002
6063 1678
6092 1213
7523 2210
7889 1606
1874 1384
6187 595
1200 878
1953 1977
5992 2423
1716 690
1954 934
2693 2379
6359 2241
1946 1892
2584 1688
5840 1639
6422 2491
6988 2333
7183 287
7973 2498
1877 2332
4886 2129
5440 2171
6108 1782
6218 1924
6222 809
6882 2274
6901 1789
2498 474
3090 2352
6522 775
6571 1104
6870 1889
6899 394
588 989
2087 2028
6569 209
6671 2138
6887 607
7087 58
7880 809
6190 457
6232 2408
6399 2317
1785 1378
5954 2484
6196 421
6197 2060
6295 2462
7011 607
5067 463
6869 139
7864 714
8056 759
6253 2060
7492 1291
1757 2452
6006 723
7621 1821
6383 1364
5965 2430
6886 340
7508 690
8116 373
2690 1294
6216 678
6657 865
6005 2048
5428 1183
6366 364
983 603
7878 488
2142 990
6538 1828
7522 123
6804 775
2047 934
2300 2432
7069 2129
1883 391
5427 428
6815 595
2040 2003
6626 461
7088 188
4601 556
7133 1885
7487 535
3953 471
5854 268
5890 2125
6793 2141
5416 1463
7084 2370
2088 1639
7215 1080
7918 1380
2749 1600
6007 65
6033 950
6958 1180
7714 792
6014 2005
6390 1500
1753 211
6201 1789
1422 2374
7219 2171
7759 1336
6223 381
6568 933
6984 2132
5896 1451
6169 1103
1175 164
1442 325
1966 965
1968 910
6949 1696
1983 1277
2097 2188
2105 2046
5877 2286
6022 1163
6280 572
3820 2335
6231 1086
6715 1179
5948 2514
6031 856
2039 875
6736 1625
7304 542
5900 912
6894 2313
7351 1767
6072 2073
6153 726
6411 986
6826 867
7467 764
2073 642
6575 209
1969 1912
2024 798
6550 701
7705 2312
631 374
6233 257
6499 1270
7518 209
3554 1518
1998 2388
3019 1126
6799 1634
1628 640
6120 2361
6687 1891
6761 72
6341 228
6712 2300
7876 1125
2835 1889
5439 2321
5917 1446
6622 2060
6624 1490
7205 606
2599 439
6840 577
6576 1639
6475 2177
6021 789
6062 1690
6868 299
5479 565
6087 2031
7717 954
7455 207
5978 1388
6483 372
6498 1163
2035 116
7157 2515
942 1085
3675 697
5975 989
5991 1625
6112 508
2054 1694
680 751
1742 969
2084 2090
6145 1759
1967 1072
7807 1238
2230 1977
6043 1491
7511 2077
7054 1348
7598 337
7701 2256
7902 718
6503 1382
6985 84
7791 2104
6421 2376
7034 2462
6226 463
2753 1578
6138 1270
7793 1095
1478 825
6156 2478
6354 1103
6773 2452
1945 1977
6155 571
7895 209
3552 1023
6699 798
2016 1215
7475 207
4377 780
5998 1965
6388 704
1739 1161
6420 136
6246 2035
6481 335
5939 467
6206 1512
1565 996
6928 900
6927 2060
6057 2282
6219 2115
7338 463
5386 2201
1940 1721
6771 2244
6008 775
6372 1309
6666 2177
2204 21
6194 1697
7182 421
1997 945
5938 467
6917 2493
6814 2511
6546 2205
6656 1892
6874 2107
7021 1080
1563 1436
1970 1500
6282 2050
6502 84
2379 1969
6147 1382
7064 631
2750 2226
3483 631
1944 779
6273 2060
6627 1614
2126 2462
5999 1270
1755 1958
2107 1785
6166 1043
6093 1957
1999 699
6083 2483
6689 497
7418 507
7242 1543
7023 1352
7519 2094
6795 436
7181 640
7171 2094
6322 461
