img01c1.jpg img07c1.jpg
6650 5143
3693 3499
3171 2884
4557 3850
3166 2836
5136 4278
3120 2906
6643 5164
5892 4702
6649 5152
6639 5125
3413 3268
6655 5143
3960 3590
5890 4638
4542 3824
3096 2950
3678 3345
3123 2933
3374 3268
5857 4692
3410 3268
5757 3827
6612 5195
3609 3217
4608 3943
5093 4255
3065 2927
3521 3268
3035 2830
3480 3268
3033 2927
4105 3682
3456 3268
3681 3345
4014 3565
2560 2643
4288 4580
6686 5201
3371 3268
5813 3827
3134 2919
3571 3405
3452 3268
3487 3268
5926 4653
5795 4611
4383 3904
3093 2854
3122 2924
6881 5392
3066 2908
4464 4617
3450 3268
6710 5211
3135 2924
3713 3345
5347 4297
5199 4274
456 11
3484 3268
3131 2834
3494 3451
3799 3381
6624 5144
4570 3875
5177 4183
6609 5112
3577 3406
4656 4028
4004 4297
3164 2802
3432 3071
4439 3921
6046 4710
3529 3327
6314 4931
6004 4689
3532 3447
3623 3446
6791 5269
2627 2421
4526 3810
6798 5319
6719 5212
2618 2688
3034 2875
3573 3425
3797 3219
3185 2842
3518 3268
3265 3024
4379 3824
3715 3325
3848 3364
3578 3443
3524 3425
6700 5266
3805 3543
4265 3694
2628 2419
4622 3941
2684 2419
567 149
4609 3871
6659 4195
3063 2873
3624 3421
6693 5210
3774 3332
5928 4671
3962 3722
2632 2631
3570 3298
4267 3765
6657 5204
5043 4246
6854 5364
2547 2424
3685 3298
6664 5173
3097 2932
3415 3268
3890 3569
4100 3715
5970 4758
2486 2419
2685 2419
1431 839
3478 3268
3846 3325
3645 3305
2564 2421
3241 3024
3815 3399
4475 3833
3118 2855
5668 3702
3830 3219
2396 2589
3488 3256
2400 2701
2621 2161
6307 4923
3560 3230
5552 3855
468 11
6654 5142
6873 4470
3949 3614
6641 5147
2777 2185
3617 3381
3739 3347
4127 3682
6403 4969
5878 4691
4442 3922
6597 5109
3525 3325
3775 3379
2460 2066
3079 2508
3722 3527
6366 4954
6083 4739
3515 3268
4287 5749
3795 3249
2736 2500
3046 2283
4148 3731
5948 4672
6178 5822
6394 4984
2629 2409
3389 3119
4325 3802
6882 5748
2542 2300
4433 3892
4671 4028
6667 5161
2463 2590
3832 3325
3388 3247
5198 4252
2626 2419
3745 3298
2471 2300
3683 3298
3212 2862
3457 3256
4977 2852
6783 5292
4116 3715
3744 3325
3813 3432
6653 5141
950 460
2474 2383
3078 2399
3654 3403
3151 2884
3169 2884
3576 3381
5734 4558
3233 2846
3256 2890
3351 3072
4417 3809
3523 3256
6644 5232
3174 3007
3419 3256
3526 3339
3608 3268
2683 2419
2554 2417
2830 2283
2563 2641
3530 3424
5117 4184
2670 2359
3061 2801
3946 3484
4346 4635
4398 3925
5817 3785
5847 4683
2402 2441
6133 4774
3350 3071
3513 3268
4007 3679
3354 3150
3616 3408
4451 3871
2473 2685
3116 2838
3168 2871
4146 3734
4034 5565
4571 3876
6198 4850
2624 2409
4160 3722
3717 3381
2407 2762
5217 4297
6694 4233
500 121
2742 2811
3133 2850
4112 4524
3748 3365
3865 3555
2870 1950
6717 5222
2537 2300
2556 2419
3580 3443
2783 2399
5777 4613
2771 2688
3481 3256
2336 2300
2544 2693
3493 3449
3614 3408
4187 3743
4994 4217
2833 2263
3121 2884
3467 2971
3613 3381
3822 3557
6527 5065
4540 3840
2630 2685
3453 3256
3533 3446
3575 3298
3961 3627
4436 3900
5768 4613
2615 2275
2831 2185
5856 4640
3092 2828
6652 5154
6666 5159
6672 5442
2620 2419
3188 2848
3531 3408
4117 3714
3528 3329
5195 4182
2730 2508
3008 2263
3428 2938
3742 3256
3812 3325
4079 4470
4249 3766
2399 2163
3984 3519
5042 4234
1502 305
2885 2300
3394 3139
3429 2974
3561 3265
3572 3325
4473 3942
5859 4694
3549 3247
5092 4206
3150 2855
3238 2979
4598 3788
6721 5228
3610 3256
3716 3332
4412 3921
364 11
3337 3275
4108 3707
533 99
2481 2678
2555 2421
3352 3071
3618 3421
4345 5565
5743 4631
425 39
3558 3168
3659 3500
3987 3673
5372 4312
3412 3272
3574 3405
4530 3972
261 39
639 195
2680 2542
3341 3393
6841 5357
2689 2721
3431 2951
5238 3590
6471 5029
6685 5193
2403 2421
3153 2906
3407 3314
3492 3431
2553 2419
3273 2897
3945 3483
4529 3971
332 71
3095 2871
3263 3025
3405 3316
3872 3506
2900 2772
469 5832
2681 2400
5065 4132
508 5513
2840 2501
6801 5298
2387 2703
3213 2861
6663 5155
6852 5354
2936 2508
3852 3571
4029 3606
2561 2424
3259 2912
4500 3842
5155 4253
5654 4371
5707 5749
2469 2463
2480 2727
3007 2356
2189 2132
3020 2608
3080 2508
442 5822
2634 2419
3215 2897
4369 3824
5153 4224
6799 5314
510 121
2158 1897
3442 3139
4366 3722
4431 3799
3810 3249
2552 2419
4149 3734
6824 5324
2619 2424
3566 3256
5819 3886
6794 5289
4437 3913
4476 3820
5908 4637
5947 4670
2467 2183
2772 2688
3959 5574
6622 5206
4163 3743
437 109
2798 2799
1900 1072
3367 3314
3504 3017
4574 3986
540 5558
2760 2047
6645 3702
3771 3249
3167 2833
3260 2940
3335 3319
3714 3256
4543 3977
5665 4499
2675 2379
4185 3741
4474 3868
4119 3714
4413 3922
5563 3880
3850 3524
6701 5267
3858 3332
6844 5358
2149 2227
3399 3185
4257 3773
2614 2259
5929 4690
352 11
6218 4891
2485 2421
2782 2375
6185 4833
3490 3256
3562 3268
3743 3327
2559 2419
3152 2897
3314 3185
3416 3256
5738 4470
5945 4651
6697 5199
3286 3195
6821 5315
3888 3522
3067 2850
3091 2857
3136 2932
3339 3393
3652 3338
6142 5832
2687 2721
3686 3339
6665 5157
2540 2183
2823 2152
5503 4449
6323 4918
240 91
3385 2985
4512 3850
3384 2953
4124 3635
6748 5244
441 5817
532 833
2394 2263
2623 2408
3224 3005
3255 2832
3827 3316
4164 3732
2391 2740
2668 2183
2838 2156
2968 2688
6741 5253
2882 2258
3235 2897
3519 3256
3644 3267
3653 3337
5876 4637
3688 3374
2616 2171
2938 2399
5814 5574
1872 1078
2129 1155
2770 2076
5132 4150
482 11
2786 2425
3670 3247
5703 5749
5759 5832
2625 2421
3459 3301
3904 3614
2546 2693
3514 3226
3902 3580
5176 4182
6683 5192
3682 3256
3814 3327
4166 3731
3016 2399
3579 3444
3615 3337
3679 3256
4443 3922
6233 4879
2483 2421
6438 5007
6574 3637
3019 2533
4266 5821
4411 3925
4573 3980
6620 5131
3340 3354
3355 3241
5675 5426
6196 3726
6304 4917
6469 5533
827 844
2404 2419
2482 2419
3327 3150
3773 3448
5551 3854
5800 4630
5868 5391
2543 2590
2735 2395
2939 2508
2975 2375
3117 2878
2558 2419
2596 1945
5845 4617
6711 5198
2392 2262
3282 3074
3310 3150
3563 3256
6581 4371
2538 2590
3391 3116
4220 3759
2465 2431
3847 3325
5358 5407
2335 2475
3746 3381
438 5822
2635 2419
2744 2813
2835 2508
4205 3757
5796 5606
6699 5230
2935 2542
3516 3310
5090 4159
3085 2608
3221 2979
3522 3256
4137 3699
631 187
4061 3698
4203 3750
6497 3754
2827 2688
4104 5519
4347 3873
6324 4923
2964 2152
6247 5832
6383 4973
3201 3083
3527 3332
4465 3943
6047 4714
409 71
474 4172
2548 2409
2942 2608
6875 5369
1215 642
3312 3185
3506 3285
2462 2693
3257 2880
3800 3327
2707 2045
2776 2185
3199 3082
6684 5200
3274 2880
4167 3743
4408 3924
5746 5822
2401 2740
3288 3119
5178 4193
2551 2419
2669 2155
3458 3386
2789 3730
3186 2832
4135 4524
6020 4702
3647 3261
4332 3637
4415 3933
6865 5381
2395 2741
3651 3379
5094 3608
6753 5249
296 71
3369 3354
3507 3118
4303 4470
2187 1817
2633 2642
3434 3188
4525 3889
2332 2197
2470 2463
3328 3150
3505 3150
5044 4471
5846 4693
6067 3754
3469 3065
4422 3922
463 4172
2672 2359
5301 4250
6648 5170
2832 2171
3194 3006
3390 3150
4304 33
557 5304
2631 2506
2795 2620
3234 2897
3544 2970
3740 3256
739 350
2562 2762
2947 2767
3404 3236
3621 3399
4151 3743
5830 5665
2461 2670
3032 2894
3900 3453
4421 3925
2886 2414
2931 2155
3015 2405
3149 2817
3612 3410
3649 3337
3402 3236
3408 3233
3619 3361
4250 3768
6552 3702
3593 3025
2488 2642
3057 2714
3370 3229
3476 3160
4621 3907
2489 2642
3626 3535
4371 4630
4377 3744
4390 3836
4432 3819
5571 6216
2545 2693
6172 4823
2881 2185
4365 5921
2676 2643
4683 4026
506 90
2934 2395
3691 3438
3834 3421
4418 3884
4696 3969
3158 2743
3285 3151
3594 2985
4461 5593
2671 2259
3052 2514
4171 3731
4425 3931
5887 298
2192 2132
2464 2666
2679 2405
3302 3025
3655 3421
5936 5822
556 4499
1161 330
2727 2542
2883 2183
3421 3256
5592 3854
3053 2526
3240 3025
3914 3494
4035 3696
6605 5054
2516 1820
4401 3754
4588 3935
6311 4928
6387 4977
6671 4580
6760 3702
2963 2045
3546 2951
3551 3115
3620 3370
5180 4290
6436 5006
399 6010
938 460
3047 3854
3931 3541
4463 3785
5091 5159
2732 2383
2773 2688
2969 2246
3329 3071
3780 3487
3973 3613
377 3912
445 83
457 47
1835 1097
2880 2283
6424 5001
568 4470
3223 2979
3719 3370
4254 3773
521 5319
564 146
3214 2863
3545 2952
3833 3327
4179 156
5834 4665
1601 4396
2125 1916
2405 2542
2406 2641
2901 2773
3650 3332
2468 2589
3217 2885
5832 3156
520 3085
1182 539
3012 2542
6773 5349
22 4205
2490 2419
2738 2517
4434 3893
6642 5163
3749 3419
5021 4208
5425 4398
6796 5879
3503 2988
5172 5156
343 5295
2720 2300
3383 2952
3595 2988
4424 3933
5512 4423
2389 2155
2550 2642
2889 2508
3671 3247
5237 4213
5741 5426
6058 4714
5216 4233
6246 298
1339 642
2888 2399
4367 3698
5927 4661
3857 3321
4289 3740
4963 2815
6569 4016
6596 3721
6820 5558
2688 2720
6809 3637
2429 2132
2466 2185
2778 2253
2937 2414
3011 2405
1299 706
2144 1698
5858 4693
776 295
3115 2878
3170 2865
3568 3256
3936 4203
5532 187
5609 3711
6703 5308
2754 2050
2930 2264
4352 5295
4430 3788
6313 4930
6811 4470
2190 2227
2397 2666
2600 1975
3232 2842
1192 548
3672 3118
6560 5821
2475 2419
2775 2183
4058 4227
4450 3881
2211 5606
2398 2438
2923 1953
2940 2504
3548 2995
3648 3298
4191 3750
6402 4968
3380 5109
3772 3256
4395 3924
2733 2419
3381 2863
3485 3256
4499 4690
6184 298
274 4835
619 184
2828 2245
3154 3028
3646 4648
3711 3347
4388 3924
5816 5625
6326 4922
1154 380
3460 3256
4462 5519
6788 4281
2472 2727
3295 2844
3836 3438
476 5832
2539 2691
3368 3236
3414 3310
3689 3370
2682 2678
3929 3504
4606 3875
512 5748
535 3703
3272 2862
3308 3147
3346 2862
6754 5238
2272 2197
2456 2196
2719 2246
2743 2813
2834 2405
4291 3808
5445 4558
5582 4398
6420 4992
6586 5789
2848 2538
4589 3942
6625 5832
597 170
2297 1820
2484 2364
6883 3779
539 5905
2203 1990
3436 3111
3311 3061
4147 3741
603 298
1405 339
2569 2792
2980 2538
3018 2519
3044 2259
3104 2414
4556 5879
4600 3256
6213 5789
2617 2153
4372 4691
5068 4918
6123 4851
526 99
615 213
1112 642
3684 3379
3994 5173
4091 3707
4172 3731
4572 3943
3254 2844
3639 3150
5625 3539
371 4630
421 32
432 39
4165 3742
289 90
298 5408
353 25
2515 1820
2549 2642
2927 2246
3239 3005
3382 2897
3874 4227
5833 3637
6224 6245
1793 1051
3191 2884
4075 3717
2844 2612
2895 2538
3565 3260
4106 3701
5269 4277
6740 5236
2674 2542
3190 2863
3875 3608
4569 3849
5542 3519
6619 4470
3596 2988
6265 5749
4181 108
6706 5792
373 5791
638 2607
2239 2132
2792 2514
3253 2802
4153 2531
4182 5274
6206 4868
234 5054
3307 3150
3677 3254
4042 5492
4076 3717
4623 2156
6385 4975
6835 5333
3049 2368
3073 2283
3261 3025
3905 4269
5700 5295
5893 4688
3043 2283
3048 2501
3420 3300
6756 4252
561 4850
1549 446
3520 3386
3873 3602
4391 3826
4596 4007
4615 4007
4638 3891
387 5618
1261 553
2781 2405
2825 2076
3730 3085
3829 3218
3957 3482
4109 3714
2487 2419
3165 2815
4150 3736
6225 5292
624 2424
3246 3201
3281 3120
6780 5286
542 169
2667 2155
3040 2152
3324 2880
1102 267
1313 344
2774 2283
3183 2800
4241 3777
5946 5625
6170 3295
6779 5272
6867 5748
1083 483
2793 2617
3430 2985
3439 3243
2260 2104
3102 2439
3473 3278
3604 3144
3777 3421
3896 3416
5309 916
5883 3850
6429 833
2973 2414
3264 2997
3969 3493
5722 5921
5889 4616
6327 4937
2458 2475
3198 3045
4120 3723
4305 3711
4404 3943
4414 3922
6498 5049
1849 1000
2124 2014
2261 2088
2622 378
2636 3742
3985 4253
4711 3975
5550 3845
5823 3702
1382 839
2729 2378
2794 2533
4228 3774
4452 3931
5449 42
23 1873
207 3699
418 12
1782 1069
5635 3702
6843 5339
522 5513
620 5625
5518 3571
5984 6054
2328 2195
3226 3045
4248 5274
4567 4008
5137 4299
5357 3849
2595 1945
3330 3147
3710 3307
4253 3773
5559 6215
6733 5426
6866 5382
2383 2670
2673 2378
2894 2521
3776 3400
3864 3497
3859 318
2228 2346
3611 3261
4045 3597
4218 108
5481 109
6240 3702
6687 5262
1304 5789
3000 1953
5639 5391
6443 5060
593 4497
3211 2801
3336 3185
5066 4150
6056 4713
6116 783
6573 5122
606 4396
2333 2197
2820 2076
2976 2414
3017 2518
3401 3319
4626 3256
6187 4687
6365 5426
1823 1102
2790 3943
2890 2498
5488 5407
5855 4616
6722 5213
2384 2196
2731 2421
2764 2076
3809 3307
3816 3401
5636 5749
1222 466
2785 2378
3296 2880
3303 3080
3375 3394
3705 3050
3845 3286
2715 2076
493 3
1224 5101
2877 2076
5874 3721
2917 2047
2919 1953
3956 3481
4405 3853
5015 4092
5656 5725
6832 5336
204 5235
416 39
707 5713
2186 2132
2379 2196
3747 3451
3770 3307
4184 3742
828 5426
2982 2749
5604 55
6679 5172
773 307
2063 1078
2718 2186
2849 2782
3323 2855
3470 3145
285 5799
842 905
4393 3902
4440 3922
2476 2424
2557 2419
2932 2283
2971 2688
3304 3120
3364 3185
4139 3736
4611 3991
2393 2281
3009 2295
4501 4631
6590 4470
2541 2688
462 4172
1526 299
2863 1817
3001 1952
4566 3992
448 298
3103 2498
4255 3781
4513 3841
5306 4407
2929 2283
3437 3282
4396 3925
5587 5174
429 3699
470 55
3418 3342
6604 5109
1810 1050
3051 2371
3283 3042
3284 3120
3287 3196
6651 5156
21 1873
3083 3730
3406 3315
3468 2952
4138 3723
4503 3953
4601 317
5951 5799
6478 5031
6696 5196
2457 2066
2893 4654
4316 5921
6321 3702
6739 5225
3983 3504
5119 5198
3656 3367
4605 3888
883 362
2962 2046
3196 3028
3599 3060
3938 3627
4673 4036
6660 5202
2978 2400
3411 3304
3491 3386
6517 5822
2566 2721
2819 2142
2972 3855
5553 4640
6570 3702
452 39
4399 3933
5775 298
40 5922
315 120
2098 1078
2915 1953
4198 5274
268 5513
1871 1071
2452 2197
3084 2514
4056 3718
4541 3889
2014 1697
2121 1400
4084 3718
4114 5274
4435 2611
488 63
1153 521
2845 2537
3569 3386
354 3702
1677 929
1927 5222
2728 2378
2943 2521
3447 3314
3901 4312
1865 5550
2767 2142
3353 3285
3783 3544
3970 3519
2646 1796
2749 1876
3006 2259
6472 5193
281 6
2434 1889
2836 2386
3013 2414
3471 3139
3509 3173
4438 3914
4546 4875
6463 5158
6795 5383
2274 2077
3266 3120
3342 3355
5201 3614
6503 5043
2233 1872
3060 2795
3222 3005
4232 3760
6628 5124
613 257
1912 1533
2207 1958
6033 4723
217 6051
2188 1790
2593 1811
2839 2400
4161 2775
6419 298
6523 5770
3071 2353
4252 3771
3557 3136
3796 3164
5170 3542
219 5789
2779 2263
2989 2821
4667 4121
6802 5301
2208 2605
3769 3307
3831 3164
4281 3795
5444 5101
5944 4639
6085 4756
2784 378
3427 4540
4101 2455
4480 3929
5020 4197
5190 3542
5458 5101
312 4038
1294 702
3002 2076
3014 2414
3435 3069
339 6010
529 6010
961 410
2241 1914
2813 1953
3243 3025
3547 3080
4016 6068
4441 3923
5249 857
5881 4677
6668 4470
2850 2783
3024 2777
3752 3438
5200 4277
5360 4851
5398 4330
6861 33
2355 1819
3148 2803
4118 3715
246 5292
368 90
1468 751
2161 2134
2716 2143
3387 3075
6476 5408
6702 4270
328 5831
4028 4203
4200 3757
4378 84
5122 4292
5797 5737
6673 3711
2334 2086
2933 2688
3244 3044
3348 2997
4489 3868
1819 1049
2308 1819
2926 2076
3163 2818
3267 3120
4387 3925
6413 5057
2853 2790
3880 5628
4658 4028
5562 3880
5877 187
300 6010
1498 334
2527 2043
3741 3341
3915 3579
5852 5749
6726 5267
331 4580
2979 2521
2983 2781
4354 3897
595 181
626 5625
3050 2424
4516 3959
6876 5401
1081 1034
2455 2196
3031 2878
6585 5570
6828 5822
2378 2086
2724 2414
5377 39
3658 3438
3928 3522
259 3637
623 3444
2126 1904
2180 1701
2920 2045
2721 2252
2726 2405
2822 2142
2981 2528
3918 3740
3988 3676
4115 3712
6388 4978
6507 5048
5346 4289
2242 2048
2388 2592
2891 2424
2922 1944
3107 2498
4237 3770
1497 446
1982 1064
2141 5246
2565 2544
3197 3081
3347 2880
3358 3282
799 5749
2739 2674
2994 2141
3366 3144
3811 3164
1781 1068
2052 1609
2756 2047
3126 2721
3676 3168
6097 4584
6148 4832
2977 2399
3766 3128
4607 3868
6320 4637
531 164
3440 3185
4170 3743
4251 3774
2479 2725
2829 2155
3497 3535
1953 1421
2055 1612
2145 1510
5135 4243
5268 4229
6633 5258
6713 5143
6749 5550
3669 2988
5605 5144
2766 2142
2941 2501
3360 3191
3597 3147
5468 5749
754 307
2892 2393
3279 2991
3362 3144
5831 4648
5891 4665
6336 5822
622 4690
1784 3719
1792 1051
2686 2720
2847 2721
3396 3245
5116 4132
5156 4213
6851 5362
205 5513
284 4954
790 223
2604 2494
2884 2289
3298 2903
3552 3102
4863 5473
5642 5407
6813 5828
2817 1953
2916 1944
6269 5749
6850 149
1017 460
3305 3079
5361 4415
5510 184
6254 5733
740 6266
1247 594
1592 844
2590 1876
2613 2076
4142 2521
5204 4337
5693 6054
6111 5473
6623 5126
6792 5283
6712 5131
1514 4614
1550 833
1794 1075
3801 3457
4328 3873
6100 3754
6661 5281
2349 1796
2824 2142
3392 3191
525 5905
2453 2076
3119 2856
4202 3749
5133 6284
6177 5426
2567 2521
2594 1812
4087 3715
4222 3774
6168 5318
6789 5737
1362 833
2417 1428
2887 2414
3486 3342
3489 3342
4580 4007
5442 5533
5474 4836
5568 5216
6846 4619
2908 1783
4444 3931
5381 4614
52 1977
375 3156
3062 2894
4478 3920
627 4617
3706 3056
6021 4813
1576 905
2959 2043
2966 2152
3889 5228
4235 3774
4655 4020
6431 5749
6750 5246
6764 5628
602 5817
873 5304
3045 2155
4639 4019
6141 3098
686 232
2263 1966
3075 2258
4617 5657
4216 3759
2310 2043
2380 2197
2273 2670
2722 2281
2762 2041
3331 3245
5181 4291
214 3579
3176 2979
3184 2814
2090 1619
2717 2243
2867 1946
2921 2045
3564 3168
5498 3843
4093 3707
4420 3924
2477 2424
4098 3718
335 4687
3718 3400
4845 4152
5556 4435
6511 5749
388 99
461 5818
479 5925
582 5415
1198 344
2160 2129
2298 1820
3242 3080
3338 3279
4186 3731
4406 3925
2591 1791
2876 2241
3237 3006
3794 3307
5430 170
1074 299
1806 4626
1848 999
2436 1959
2860 1783
3074 2289
3077 4654
3891 5487
5258 4819
6483 5082
6621 5178
2146 1825
5414 650
5793 4621
1147 515
2386 2192
5584 3711
6019 4954
572 4954
2305 1897
3607 3307
5500 4410
2153 2233
2841 2424
2958 1953
5624 5432
1741 1017
2314 2319
2381 2592
3082 3730
3550 3037
4152 3741
1807 5905
4524 3831
5193 4180
5784 5832
5882 4683
6378 5817
6514 3722
2086 1626
2712 2077
4097 3717
4239 3768
2843 3742
5687 5737
5979 4216
1713 4
2159 2025
2608 2190
2997 2045
4453 3938
5175 3506
5986 4700
2751 1796
2851 2786
2970 2283
3081 2395
6103 4836
6453 5391
319 5826
928 389
3592 2965
3919 3654
4215 3746
2768 2188
4258 3782
4646 4020
5815 3256
6432 5175
6454 4171
6772 5275
2780 2404
3333 3185
3455 3386
4643 4021
1820 1074
2154 1801
6044 5822
4602 4010
5606 4159
267 72
2568 2538
2710 4653
6491 5593
1827 257
1896 1719
2494 1434
426 3711
802 380
2148 1796
2454 2142
3732 4341
4126 3049
1359 553
2910 1872
3316 3319
3454 3304
3508 3282
4131 2680
4259 3776
378 4640
1804 5737
6059 4829
634 195
838 212
1875 1556
2018 1703
2295 1796
2351 1796
2898 2770
272 39
401 23
2757 1880
3248 128
4672 4036
5925 5550
6253 644
208 5102
3377 3395
5753 6010
6485 5084
329 5291
1730 1009
1932 1630
2234 2132
2725 2688
3738 3307
3837 5213
5965 5426
258 5319
766 3931
786 5765
3475 3236
4212 3747
5888 5826
6803 5302
2235 2227
4783 5550
632 4626
2799 2813
5236 4212
420 31
913 370
992 433
1756 956
2245 2042
3556 3178
1856 220
2238 1801
3446 3236
3925 3461
4052 3700
4629 4019
5628 2413
6842 5332
338 4954
1002 4835
2536 2196
6162 5832
4162 3743
6670 5029
1802 1075
2240 1914
2953 4572
3598 3102
5921 5407
6440 5009
1346 553
2327 2475
3602 3185
6578 6010
6771 5261
1140 3802
1740 945
3425 2897
3673 3102
4381 3904
6159 4801
6310 4927
337 5065
396 3912
4726 4054
2204 2490
2665 2188
2699 1810
3306 2991
3606 3132
4487 2948
5540 5153
3089 2765
3451 3267
3839 3616
3916 4253
4497 6394
6025 6010
225 128
2265 2486
4144 3725
5402 4396
5526 4421
5735 5822
5930 4702
831 326
1775 1076
1951 1418
2354 1828
2811 2046
3687 3370
6190 3702
6300 5333
2878 2076
3643 3272
3680 3211
6380 4970
1288 279
1370 241
1973 1868
2323 2212
2913 1796
4169 3743
4201 3757
2196 1990
2806 1789
5472 4397
6255 5391
826 3853
4214 3746
5231 857
5801 3912
6048 4731
6441 5006
2493 1189
2700 2638
2787 2411
4111 5268
6399 5713
609 6010
659 3726
2914 1790
5171 1187
5561 2534
6312 4929
455 71
2322 2087
2531 2242
2740 2720
5173 6217
143 2184
2588 3529
2652 1966
6306 4921
2791 2533
2956 1953
3640 3119
4006 5274
4356 3872
5487 4158
6877 3661
1142 5442
2459 2477
2690 2774
3268 3079
3511 3157
4245 2042
5089 6376
5910 4741
6810 3585
18 1873
501 5441
824 3702
3010 2256
3409 3390
4074 2850
555 380
560 4470
1660 236
3708 3185
3798 3256
4709 3085
5828 4599
6781 5304
841 304
5326 4405
6301 213
6374 4966
6855 5355
412 13
854 6010
1103 4584
1301 279
1928 5212
3403 3319
4190 3749
4785 5995
499 32
2021 1707
2514 1819
2879 2142
5344 4273
5431 5292
6176 809
6635 5801
320 783
2271 1958
2505 1702
5570 5156
6053 905
6220 710
6782 5291
2262 2482
3386 3043
5978 4297
1764 1040
2928 2151
4364 5323
5202 4782
27 322
263 149
502 5979
528 155
1684 901
4382 3903
660 4722
2206 2092
2376 1958
3641 3245
4134 528
6054 6082
6502 5042
480 5628
545 129
1207 550
2723 2435
2842 2412
6482 5081
2918 2046
3433 3143
3924 3460
6582 5662
527 6058
553 4598
2152 2132
3824 139
6164 5511
6680 4182
389 3941
2377 2319
4086 3717
6241 5304
6251 279
1011 3621
2267 1976
2677 2414
3076 2284
2294 1917
5028 64
6308 4924
6613 5208
2198 1954
6481 5080
1238 5749
2607 3810
3204 11
3225 2998
4017 296
6742 4932
6826 5628
1302 341
2714 2142
2759 1953
3426 261
3477 3304
3898 3452
4136 134
4269 3794
237 149
554 5662
2101 5246
2162 2136
2373 1962
3003 2241
3106 4654
3637 4398
4579 5841
6537 5076
607 5625
2181 1381
2194 2015
4687 4049
6261 64
1049 471
1790 1021
2151 3327
2362 1981
2865 1791
3269 3120
5134 4226
6180 4822
6538 3977
30 2045
174 3845
2358 1791
3270 4130
3663 3513
3694 3969
5348 905
2155 1818
2304 2025
2450 2086
3299 2940
3567 3342
4038 3700
4514 3886
4645 4019
6392 4982
6589 6054
6614 5801
2957 1953
3086 2709
4993 4082
5695 5216
6037 4811
2662 2077
3977 5011
4227 3775
5067 5219
6128 5533
2368 2107
2866 1872
3072 2185
4219 5274
4236 3777
220 3754
471 104
764 642
1279 971
3105 3730
3712 3211
4698 4049
6179 3878
168 2517
206 3699
2837 4654
4702 4065
5766 548
2478 2405
2509 2682
2571 5432
4240 3774
6034 4724
305 21
2664 2076
4564 31
5041 4135
6195 5550
6400 5822
6856 5338
1536 821
1854 1082
1904 1715
2713 2080
3042 2142
4025 3700
3309 3242
4610 3715
4627 4010
5560 6156
309 25
1836 1102
2353 1799
2663 4694
3886 4450
4003 303
3300 2985
3517 3255
3860 3400
4199 3757
5836 4709
340 6010
537 5995
2200 1948
2658 2045
2864 1789
3280 3079
5501 585
6695 5176
221 4580
481 65
3664 3514
3868 3616
4560 4674
4631 4020
5118 5043
5557 66
5985 4699
1254 6186
1624 5756
1821 1102
2197 1959
2974 3854
3731 3156
6556 5105
1168 529
2520 5618
2706 6117
2734 2555
3373 3392
6011 303
6600 6206
1270 541
1351 49
1899 1054
2513 1796
2517 2677
2521 1986
4423 3933
1181 5407
1843 1091
2752 1872
3100 5426
3968 3492
3981 3536
4896 5025
6546 5550
147 541
2236 2222
2745 6356
2763 2142
3361 3284
5767 2968
301 5533
518 5826
1086 462
1817 975
2150 2228
2259 2043
2448 1958
2753 1953
4636 3905
28 2051
1734 495
1898 4580
2116 1364
2612 2244
3585 6334
5607 5125
2444 2097
3638 559
6492 5538
6770 5269
257 5086
681 244
2519 1966
2912 1789
3175 3047
3397 3284
4409 3925
6345 4950
1364 658
163 3367
306 4180
2649 1799
3005 2284
3535 3502
3840 3616
6688 5294
892 3624
1111 499
1611 4396
2385 2196
2960 2045
3236 2916
4991 5473
6737 5158
366 5606
3098 2815
4145 2683
4223 2429
6031 4722
6736 5243
295 4038
2605 2092
6862 5373
1903 1425
2315 2043
2755 2045
3885 3418
4230 5765
4315 3726
5158 4327
5302 4230
5996 3702
6548 4870
460 74
600 181
820 4103
2873 2045
2965 2243
3195 3047
3555 3245
5541 3622
6718 5247
1855 4954
2165 1086
2801 2771
6445 5063
1693 334
2309 1962
2331 2189
2812 2045
3219 2980
3932 3567
5644 91
5943 4297
16 5499
2051 1609
3393 3061
3982 3516
4563 3986
4830 4168
5486 5690
1062 3535
1844 1099
2320 2091
2902 2779
3955 3480
5590 3868
6219 4477
6381 4971
6460 5069
6884 6405
1066 299
1714 926
2815 1955
3278 3001
3365 3284
4096 3718
4590 5648
5408 3986
6516 927
953 3613
1958 1711
2318 2319
3277 2941
5223 717
1724 4215
1966 1773
2367 1966
3808 3203
5677 5274
6479 5039
586 84
791 5832
1019 5845
1021 174
1258 597
1718 935
1906 1428
2042 1522
2243 2494
2268 1958
2495 1434
2761 1953
3628 5202
3952 4921
6860 5370
2232 1916
2433 3363
3315 3284
5610 3711
5615 57
6350 4957
541 5820
585 2743
2280 1167
2324 2319
3161 3499
4044 5164
3372 3390
2123 2011
2807 1789
2056 1531
2350 1817
2874 2053
3474 3236
6210 279
6236 4756
414 111
1200 3535
1642 865
2592 1828
2661 2142
4502 3899
4550 2743
6305 4921
2184 2221
2610 2244
4264 5801
5909 5304
158 2184
336 5479
2363 2323
2826 2076
2872 2047
2985 3073
3041 2142
5998 4277
6747 1105
14 6216
1815 307
2009 1700
3765 3282
5183 4331
6088 4841
2431 1811
3692 3475
5536 5102
6465 5068
345 42
835 5713
1048 301
1123 5740
3851 3506
6599 5139
1972 1780
4081 3718
2059 1618
3820 2713
4397 3924
5203 4782
5385 4441
5473 509
5555 4445
6121 352
6191 5802
369 5511
2068 1157
2256 2043
2374 1959
2425 1517
2998 1952
3870 999
4129 2294
5363 4419
6151 129
2708 2045
3200 3083
3950 2850
4226 3775
4256 3771
4523 4875
5682 5274
236 5065
464 5112
1676 528
2061 833
3039 2142
4278 3795
5434 3711
5530 5039
5742 4588
6292 5333
6738 6270
1124 3535
1335 460
1480 548
3068 2838
4130 3723
2178 1307
2307 2129
302 5323
996 4581
1745 1031
2818 2142
3325 3080
3510 3278
56 2442
629 193
2317 2042
2659 6117
3631 11
6433 5011
376 4617
454 90
635 791
929 4398
2511 1816
3630 6329
3887 3476
6331 4942
6793 5285
19 5202
636 168
2326 2319
2606 1953
3262 3000
3802 3370
4247 3726
6252 64
6766 4510
733 258
908 344
1866 4230
2248 2087
2316 2043
2430 1828
2869 2043
3737 3161
4599 4103
4670 2721
6752 4149
282 5841
4532 3968
5148 5151
5619 6215
472 4171
519 119
3724 2637
3937 4244
4168 3743
4410 3923
4616 4891
5818 3944
6442 5137
625 3912
5591 3866
800 5737
2193 1916
2647 1828
3114 2764
565 380
1568 223
2705 1950
3054 2712
3202 4449
4544 3979
6853 5380
2601 1950
2651 2684
5608 5721
6790 569
2182 1726
2535 2076
2967 2244
3910 6193
4040 542
5505 5274
6339 1043
6519 5088
6812 5320
548 6268
2281 1283
2655 1969
4628 4021
6035 4804
703 245
4015 2792
4448 5635
6029 5969
6421 4997
4276 3793
5303 4380
5376 2778
5395 734
6086 4757
326 266
4612 3620
6682 630
6815 6010
120 2673
1245 32
2603 2042
3753 3438
3803 3477
4277 3793
5322 5194
5740 5442
770 305
1256 3724
1478 775
2599 1974
3349 3043
4178 33
4634 3539
5726 3316
6098 5484
1935 1071
2303 2014
2534 2076
4221 3759
4641 1722
823 2272
2229 1801
5194 95
181 3785
751 1029
1758 1006
2079 1434
2437 2043
2911 3771
159 2184
589 298
1239 581
2868 1947
2996 2047
3703 11
5371 939
75 2431
228 33
641 3702
1122 4581
1612 5801
2163 162
2862 1789
4675 3372
5705 6054
436 4633
1738 942
1860 1648
2321 1948
3132 2918
3334 3284
3356 3284
4577 3986
5752 741
6434 6109
575 6439
775 84
2748 1872
2769 2076
3512 3236
3793 3161
171 1970
408 20
1463 739
1581 868
2289 1364
2821 2142
3588 3534
3996 3693
4128 6420
5197 4923
5470 5637
5673 3028
6732 5328
444 108
2440 1990
2800 2806
3230 5323
3733 3098
5666 3989
6208 4894
6800 5296
896 380
926 383
203 97
407 31
743 296
1176 762
1185 5921
1799 6329
2249 2089
2598 2484
3249 11
3449 3307
4897 5025
6409 4998
6858 5557
1826 1101
2701 2632
4261 3794
2119 1506
2441 1948
3893 5905
5802 4648
6422 5000
227 4281
544 4823
1787 3207
2058 1702
2797 2812
2944 2754
3313 3284
4243 2615
6536 5075
2013 1696
2694 1872
4260 3781
402 17
536 3702
803 5391
1020 4230
1187 541
2805 3529
3819 2713
3933 1549
3991 3690
5251 5514
5422 5826
5678 66
6555 5099
2443 2096
2924 3871
3140 2671
3398 3243
3828 3248
6005 4784
1063 467
2411 87
2597 1946
4402 4717
6028 4696
496 717
732 236
2038 1321
2643 2684
3027 6009
5040 4134
6152 3726
6561 4757
1942 1407
2498 1284
95 2661
1043 4092
4490 2395
4518 3954
6153 3645
3173 2903
4477 2071
5935 541
323 3593
1206 644
1830 985
2875 2076
4510 6394
4527 3527
1334 698
2113 1775
2246 2087
2808 1785
5157 4415
29 2719
1678 4580
2237 2221
2293 1364
3055 2713
3218 2903
3541 6405
3785 3585
4046 4819
4699 3741
5405 4360
188 5538
277 5065
584 834
890 1098
2057 1776
2070 6233
3276 3660
6879 5733
1891 1334
2089 1696
2157 1815
3603 3284
2134 1160
2512 1789
2955 1952
3023 2813
4762 4084
1135 5868
2244 2043
6658 5026
517 31
1538 5756
1708 751
2054 1611
4213 3748
5676 3989
391 3922
583 129
701 4781
976 676
1264 619
1779 1021
2269 2088
3247 6288
3444 3135
4576 3986
5161 6301
5955 4772
2609 2142
3332 3284
3483 3342
2356 2634
6372 4965
655 214
822 318
2343 1405
2666 2284
3205 6164
3943 213
5534 962
5573 5737
6423 6109
20 5392
3479 3390
4650 4036
5745 4022
671 221
1948 1243
2118 1505
2765 2143
4620 4717
5489 66
1897 3702
2212 5548
2301 1900
2312 2087
4545 11
5261 731
5907 6054
397 5664
1669 893
2313 1958
2871 1944
3124 2936
4874 5995
5593 2721
6475 4614
209 5102
489 69
1143 90
4306 5921
5271 4366
6214 809
6822 5315
346 5322
1955 1278
2357 2678
6073 4829
1237 5822
1759 1022
2438 2320
3099 2831
4710 5995
6026 303
153 3842
1427 704
2518 3445
6632 5257
169 2534
356 42
2788 2351
3586 3535
3600 3139
4419 3925
4494 3948
487 954
491 70
704 921
1389 27
1757 1021
2278 3505
4632 3790
54 3546
643 196
1096 505
2247 2087
3448 3267
3763 5101
3907 3647
569 5502
1201 4532
3538 5380
811 548
1908 1716
1943 1408
2166 6028
2371 2319
2412 1118
2709 2045
3156 97
3897 3438
4089 3619
403 3702
1007 446
2110 1243
5174 5204
5480 5266
5618 5152
6055 4712
6437 5011
58 2434
666 217
866 3031
1910 1281
2359 1819
2525 2046
3059 2766
3301 2957
4774 4782
5018 6200
577 4557
673 5364
1345 764
2093 1315
2702 1951
5154 4225
5356 4287
308 5945
2365 1948
3417 3307
3781 3474
4280 3794
5240 4474
6704 4552
382 5519
1511 777
4370 5670
140 2541
653 4450
1117 95
2697 1872
4082 3718
5549 4618
107 2184
1278 749
2366 2089
4323 5441
5276 128
5594 4683
6840 5339
1667 3713
2183 1817
2352 1796
4122 2984
6354 5033
4549 3652
451 82
2156 1817
2361 1953
4586 3863
870 3075
1926 4290
3064 5129
6140 2862
6594 5120
6715 3702
621 4612
1459 3117
2114 1399
4649 3108
6106 619
6173 6193
6727 4232
275 5319
1805 149
2199 2042
3021 2716
3482 3307
4506 3960
1877 1714
1054 581
1475 1548
1880 1637
2579 1276
3058 2715
5144 559
5581 323
670 219
5679 4111
6410 5000
728 60
1191 1085
1342 4092
3326 3082
3443 3236
3804 3485
4132 2414
4761 236
5289 4476
5694 4594
6382 4982
6857 5447
130 2431
176 2673
1921 1542
3026 2795
3192 3008
3971 3899
4002 5602
4032 6359
4727 4057
6266 5391
73 2288
351 3
2375 2319
5681 4197
6355 5034
616 186
741 301
1803 1074
2275 584
2364 2043
2390 2196
2796 2798
3675 3161
3935 3553
4192 3748
5513 5737
1421 702
2214 1419
5239 3988
125 2184
294 650
2011 1712
3871 3400
3947 3521
4071 3718
4915 4038
6369 4962
116 2434
466 60
543 5737
821 313
2258 2087
2264 2096
2306 1790
2758 1952
3930 3522
5588 5274
6412 5051
6698 5043
93 2741
1930 1551
2130 5031
2311 2043
2435 2043
4363 5678
4633 4036
6318 279
4270 3793
5460 4377
42 2310
2050 1609
2650 2638
5778 4684
6066 66
6808 5765
574 178
1767 990
1816 6340
3424 962
4224 3773
25 6344
504 75
1371 176
2656 1987
3004 2142
4531 3971
6618 5111
6640 156
142 5666
495 964
676 242
1090 431
1800 1002
1963 1769
2449 2475
2711 3810
3976 3673
5101 70
2529 2092
5149 1266
390 9
394 4664
4802 4139
5599 4529
173 3865
199 3653
1753 6186
2653 1945
5404 3031
6859 6058
734 307
2360 1987
2999 6117
6364 3621
304 294
4751 4100
5502 149
5543 5730
5880 4655
5987 4789
97 2652
1811 1074
2852 2787
3441 3244
5977 3599
2442 2092
2704 1950
4188 3743
4587 4632
200 5628
861 6299
960 54
1688 479
2428 1791
3768 3161
4054 2873
6765 2229
424 176
1037 299
1045 539
1852 1013
2185 1789
2984 2752
3160 2783
5207 4348
5274 4376
6533 4158
4535 4875
4624 4001
5629 2538
6863 5375
2282 1242
2896 2753
4784 466
4992 3988
6082 4738
1961 1702
2703 1987
3294 2802
4043 3586
5073 2948
5558 5979
5710 4872
1253 4377
3087 2711
4055 3718
4689 3820
5375 6015
5597 4458
5620 5144
5865 6404
5950 4681
6223 809
6245 4936
2062 962
2067 1321
2589 1789
2952 317
162 4637
2049 1609
2266 2486
3038 3851
4429 768
6386 4973
37 1977
260 89
598 194
604 288
4581 3698
4662 3404
5120 3578
6303 1043
6634 4512
576 4235
970 4397
1939 1205
2899 2771
6510 3969
2251 2482
2642 3201
2645 1726
3258 2926
4072 2836
6520 5089
114 3823
1404 696
4073 3718
4595 3156
5829 741
6129 352
6839 5381
1453 727
1566 813
3180 2797
3345 4640
6373 4958
1070 473
3757 3508
3882 702
3934 5155
6125 5935
17 4205
473 3593
787 223
1419 33
1160 524
1567 4905
2750 3529
3954 3673
4070 3718
4593 5841
4723 3939
38 1977
1110 5457
1931 5028
2085 1512
2637 2774
2648 2623
2861 1726
3589 559
4700 2718
4846 4819
608 316
2007 1613
2287 1124
3400 3131
4940 3988
5196 4183
6115 241
341 3049
2081 5045
2422 1770
5019 5485
5179 559
1030 472
2532 2199
4775 4106
5416 26
889 4923
1221 40
1575 4396
1965 1770
1974 1868
1983 5602
3379 6010
3727 4230
5769 4034
6829 5128
83 2313
1814 295
2094 1521
2522 1987
3635 5289
5850 4889
254 5292
1115 548
1471 5655
1496 757
2117 1521
2231 1791
2523 1956
6864 5378
148 6268
483 3635
780 5733
969 212
1136 494
2218 1243
2644 1878
4603 4020
4679 3827
5270 677
5692 4523
2172 1143
2698 1791
3189 2885
3879 3640
3990 4997
4582 4008
5794 3951
5916 3546
6317 4070
126 1880
478 4206
1801 1051
2954 3645
3642 3236
104 2600
465 962
505 5183
648 223
1970 1703
3318 6302
5448 4130
650 5407
1874 1636
2088 1304
2299 1912
2300 2004
2678 378
4157 3746
4282 3795
769 5438
1343 734
1772 962
1933 1866
2446 2098
2528 2494
4175 3929
4554 83
213 4755
247 5831
1095 5897
1881 1637
2122 1364
2746 3529
2951 541
4553 3544
4749 4099
4958 4059
5323 6387
498 3247
1088 5737
1513 5517
2213 1272
2222 1533
3037 2056
592 600
2045 1701
2253 2210
2330 2598
4966 4272
513 3009
1577 3876
4426 3938
5046 4286
5717 5820
2257 2100
2611 2242
2903 2780
3762 4757
5765 5054
1266 839
2072 1235
2302 1816
3137 3155
3920 3659
186 2615
453 65
2737 5673
4998 6144
5869 6010
5949 4680
446 1093
845 4754
1535 344
1778 1031
2250 2089
3125 6158
5572 3565
5886 3921
5897 6117
2526 1979
3463 3501
6309 4929
810 4764
4725 5995
6743 5326
3894 57
6627 4135
411 2432
1293 618
2205 2087
2230 2629
3293 962
3788 5828
4864 6186
216 5466
797 105
1695 3882
2201 2087
2741 3677
3674 3236
5864 3645
6226 128
6723 5239
562 173
1768 1021
3322 4025
4033 5978
5143 623
5257 4275
5554 975
5803 2263
2424 1285
4173 6358
4642 317
5427 5158
6074 4354
633 5959
2043 1531
2510 2632
3791 5748
202 4499
3139 6245
4479 2665
4488 541
5601 4531
5721 5992
6154 4022
89 5666
322 1579
1097 495
1456 304
1491 3988
1833 1036
1887 1643
2120 1697
4471 3500
5244 3962
5812 5845
5252 1783
5272 4175
876 307
1599 306
1748 6058
2046 1702
2296 1726
2432 2003
2583 1619
3297 5936
3633 5291
4403 4639
5038 350
485 6161
1079 4299
1285 613
1886 1642
2857 2859
270 421
358 319
1892 1432
1971 1865
4565 3115
6202 5433
700 253
3193 2903
5121 3579
662 217
1387 6440
1737 5148
2319 2100
5333 4169
1760 548
1952 1281
2370 1987
3964 3538
4659 4036
428 171
1706 6343
2524 2089
2654 1967
1888 1634
2660 1952
3965 1156
1420 5536
2035 1434
4080 3709
6205 4854
6629 5118
511 5391
3884 3417
4206 3757
4778 4110
5469 6003
138 2514
546 220
713 223
871 347
1685 105
2210 3085
2369 2108
3764 3123
4445 3938
5367 3543
1447 721
2533 2200
2587 2543
5069 4285
5523 3800
6290 4913
6547 5094
218 809
1089 529
1990 1206
2097 6447
2414 1283
2816 1956
5799 3201
5827 2896
6731 4145
253 99
980 706
1936 1129
2986 2777
3271 2818
4824 29
41 3616
1441 5456
1466 6052
3500 80
3690 3490
4121 2543
5045 4284
1183 5905
1878 1715
1938 1404
3948 4228
4005 3736
4648 379
5913 4594
1442 647
1761 6295
1946 1243
2147 2137
2341 1418
2925 2142
4735 4076
5537 4453
6565 5182
280 289
1828 2969
1954 1138
4680 4654
6227 5026
106 2290
1276 5109
2447 1987
2855 6356
3911 2908
4814 4788
5602 4541
1726 1266
1889 1647
2945 2755
4210 3761
4392 3827
4470 5682
4960 4236
5341 5028
6243 3939
566 258
779 5733
935 5477
1988 4971
255 1986
503 3478
679 225
1901 1107
5725 4308
1356 74
2530 2087
2859 1085
3109 2710
3498 1069
3789 6394
5661 39
248 2229
3632 1020
4492 2885
4625 4003
6007 4786
6199 4106
1158 3085
1949 1414
6087 4840
6735 5234
70 4651
2017 1701
2167 1094
2255 1987
2445 2206
3101 5291
3445 3236
3553 3192
4537 5933
5630 6365
6601 1266
327 1022
808 3635
1703 3764
1845 6245
2995 1956
3143 2748
3922 3655
3972 760
6714 6037
1006 443
1532 4721
4416 6096
4939 5441
269 149
723 281
1733 951
6316 4577
384 53
591 171
706 261
1789 5531
1987 1412
2003 1865
2202 2210
4508 2948
6057 4158
6244 4190
6814 5896
422 105
1837 1109
4562 2743
5235 5822
1319 4423
1744 82
1834 1074
4324 3749
5284 4381
5479 4409
193 6233
1244 5770
1915 1425
2227 2346
4677 4047
6662 3702
6827 3725
310 5845
386 193
2002 1775
2191 2135
5286 4383
5782 6338
6197 99
303 5726
640 171
2078 1242
3554 5358
4298 3808
447 78
1905 1243
3159 2811
5241 914
5932 4066
6591 4327
695 239
1444 6165
1591 837
1870 1047
4225 3781
5208 3962
175 4618
1175 750
1433 4243
1776 1084
3601 4007
5645 4897
6450 5558
211 5588
406 89
1014 5407
1322 639
1929 3553
3704 5358
3986 6404
4067 3700
4688 2520
4959 5995
5912 4746
182 3764
450 100
490 105
1052 3608
1236 1086
1344 3080
6656 5177
1510 1939
2029 6121
2252 2088
3127 3476
4498 6424
6084 3939
1859 1018
2695 3771
3750 3440
5507 5154
5776 3827
344 60
1101 762
1992 1155
2084 1512
3142 5433
3855 6180
4361 3903
5283 4405
6297 279
6486 4326
1934 1868
2846 3919
494 5859
1150 3552
1227 4850
2019 1779
3906 5592
4095 3707
5131 4158
1455 62
4234 3777
6228 6335
1105 131
3499 3125
3861 2791
3941 2870
5205 4760
985 166
1686 82
2223 1418
3927 3473
363 59
367 5821
759 6058
1077 5749
2382 2066
3357 3090
3856 6010
3909 704
5764 146
6720 2819
1606 296
1813 4016
3227 3495
3862 2813
4110 1820
5589 3822
2112 1868
3629 3530
4635 4121
4747 4074
108 2548
5387 2821
330 76
1524 4
1883 1533
3110 2709
4482 5687
721 289
730 4148
1203 622
1368 158
1842 1051
3605 3236
4229 939
4511 66
5811 4372
5848 4719
86 3916
805 4598
1003 581
2091 1290
4644 4020
5583 4002
1186 4421
1766 4713
3179 6442
3395 3243
4275 3794
4509 6018
4828 4164
6525 6011
1481 788
2291 1702
2497 1283
4547 66
5805 3745
6093 4541
6189 1111
3726 1985
6608 5119
365 3821
1009 1939
1701 902
2025 303
2071 1172
2507 1776
3111 2708
4273 3796
150 2806
2087 1697
2279 1243
3172 2980
3877 128
4314 24
6319 5029
6335 6323
6439 5137
6003 5306
6823 5316
122 2518
251 834
881 166
949 4533
1665 3136
2066 1181
393 1970
1053 1034
2856 2840
4158 3748
6522 2976
265 64
1027 66
1145 296
3343 1112
5267 5728
5424 4341
651 295
1732 938
1975 1864
2451 2188
4296 3807
6631 5146
1539 792
1998 1281
2602 1951
4113 5991
5623 962
772 3738
933 396
1841 994
1890 1533
4123 5993
4803 4141
5719 3784
6435 5009
757 277
923 386
1398 3616
2048 1866
2580 1276
6363 4372
912 2333
937 5316
1287 636
1430 710
2008 1625
2329 2152
6692 5435
1403 686
2064 1638
2076 1637
2585 1622
4242 3795
5087 3989
5184 4340
1700 902
2638 6225
1 3916
91 2431
3229 5868
3627 3531
3695 5265
4505 5682
4733 29
5643 9
5771 6334
5781 51
6042 266
6825 6287
195 3539
449 5592
853 6168
921 379
1416 3492
1457 6134
5780 4477
2 4053
94 2171
201 5086
2810 1792
3220 2916
5633 3549
2005 1619
4090 3704
6572 1043
1477 743
2809 1786
4584 1735
4787 4127
6212 4504
321 838
887 6045
4050 3700
4159 3662
4449 2238
5123 100
410 513
882 220
919 377
1333 916
1986 1243
2044 1768
2179 1615
2270 1974
4555 4292
4849 4765
5956 4349
6787 3492
897 393
1479 4341
1746 4648
1780 1026
1907 1430
1993 1224
3216 3832
3537 6027
4062 960
6333 5022
1829 5194
2036 1207
3138 6186
4013 5147
4133 2625
5355 5767
72 2255
99 2310
1050 121
1386 5548
2277 3049
2409 4951
172 3870
1056 233
1451 259
4446 4721
4637 3906
5324 146
2372 2093
3495 3471
1984 1630
1999 1403
4865 4175
5506 4862
1680 5647
3250 275
5732 5897
1152 495
2195 1942
2325 2087
3128 2711
3661 5511
4737 4087
1671 710
2286 1243
4507 3961
5359 4314
1673 6364
2012 1712
2168 1632
5564 4210
5622 5054
6143 131
50 2107
139 2775
1225 5655
1487 5314
3590 11
4001 6045
4204 3584
4712 4045
5953 4768
6209 4785
400 100
605 5248
1280 264
2037 5194
2224 1285
3980 3515
4373 3379
5924 5859
189 3493
313 962
1598 3624
4066 5026
5931 4318
6376 3988
6406 4972
6500 5748
6724 5251
151 3471
1862 5817
2219 1243
2285 1434
4663 3799
5861 4729
6175 4130
187 5239
1697 5977
1995 1322
6444 5061
131 2281
229 5622
1428 1105
2288 1243
3155 47
5631 3730
6466 5072
6785 3432
290 5273
832 1676
920 377
1022 1309
1259 3701
1474 5847
4486 39
5108 4843
5667 4540
6390 4976
6411 5050
34 5751
51 2107
160 238
943 2832
1038 471
1171 777
1310 5484
3113 85
3559 3255
4460 5678
2053 1609
6484 5083
1242 5054
1777 1926
1913 1534
1959 6439
1976 1771
2004 1767
2128 1533
3056 2748
3584 3761
4459 203
5435 5750
166 1072
405 1024
439 5483
771 1034
2027 5538
2080 3355
2502 4978
2586 1015
6595 3638
6755 347
36 1987
46 2313
801 1024
1689 5288
1839 207
1991 3355
2041 1285
2339 5493
6094 4369
170 1970
665 3714
2276 6335
3895 5165
4794 4441
4801 4126
6259 5267
6681 4297
194 6233
549 122
1985 1243
2039 1322
2508 2254
4734 49
4967 5756
68 1947
1876 1632
2897 2710
4583 5756
6751 3100
1980 5588
2696 3770
5598 962
5684 4168
110 1024
395 5264
689 235
843 4633
1296 176
1962 1767
4197 3687
4539 5624
4578 3188
5386 4451
5641 4519
6194 4844
6775 927
78 2470
161 109
1968 1776
3359 3131
3863 6362
4469 3961
5083 1852
60 576
212 4103
245 21
1751 3892
4817 4486
5343 5791
6474 5078
1369 5736
1824 1102
2961 1950
4331 5604
4800 4853
6079 3418
6158 4815
1114 658
1292 615
1672 3780
2348 1772
2420 1632
3539 6334
6868 1590
1692 2452
1773 980
3660 3512
5660 4553
6391 3752
65 2107
3849 3833
3993 3537
4077 5395
4310 4080
6524 4277
39 2719
121 3445
2016 1365
3036 4654
133 2188
210 164
815 3338
1008 223
1424 1085
2423 1615
3942 5160
5577 219
5958 4258
325 3535
6446 4510
956 3778
1461 5348
1543 757
3363 3243
3438 3284
4456 169
5247 4139
5335 4139
5937 5027
6163 3392
6508 5588
477 6288
995 80
2069 5974
3709 5358
5340 6048
5475 4483
1001 440
1291 5761
2226 3163
2657 3424
3903 207
4238 3774
5483 3787
3 951
1195 3069
1530 3299
1922 1543
3501 368
252 5391
276 6445
1610 472
2814 1952
3806 401
6091 4440
6293 3601
6728 5305
696 256
998 5478
1400 685
4964 4272
61 2470
293 33
860 1750
941 5789
3245 2977
4654 3916
1650 509
2500 1192
5056 5304
5565 4813
67 2107
793 3748
1067 5021
1141 542
1388 683
2142 4917
4812 4155
5895 4751
6089 4843
6554 5103
134 6426
1120 5733
4047 3684
4057 3595
4592 3114
63 2494
1893 1715
4533 3652
6805 1591
977 5478
2096 3497
2418 1219
2950 2859
3378 91
180 3655
383 2
884 923
1485 288
1795 5737
2640 1770
3472 4007
4338 3873
4613 4415
178 2536
3912 3419
307 6444
668 4722
1232 5845
1243 6134
1658 1948
4468 3948
5538 4453
6030 3856
6452 5229
146 3835
685 489
1033 3888
1742 950
1925 1546
4485 834
4811 236
5982 319
6415 5534
486 734
907 6367
3181 5615
3422 3501
5653 4025
4685 4041
5275 4189
1379 702
2691 6010
3534 3201
4630 4020
5672 5054
612 252
814 221
1034 458
1300 296
2169 1284
2499 1543
2570 509
2581 1714
4484 1117
4591 135
5975 4372
761 287
1436 70
1541 711
1694 5935
3634 6167
3758 3572
3823 109
4898 3939
5110 6003
6678 74
6837 776
33 3916
3807 6115
6112 4594
986 5995
989 710
1725 976
3926 3747
4538 5624
1220 490
1377 266
2032 1318
3701 93
3999 5011
4027 986
4739 4087
4922 4598
5307 4453
6401 401
6838 5249
484 54
618 156
758 380
910 4421
2092 1866
4177 6445
4551 5624
6040 4860
6457 3787
1515 3375
1774 971
2095 4298
2140 1249
3778 3491
4141 4693
4211 3460
6804 5542
705 253
857 592
1488 6148
1501 4255
4174 1079
4944 1386
6242 619
6616 1266
1094 622
2105 1630
3736 3210
5138 4016
6480 84
2109 1214
2131 5212
2344 1130
3108 2706
3908 4115
5406 4201
6014 146
6235 37
736 746
927 388
1210 3699
1579 845
1964 1770
4078 95
2132 4919
2747 1878
6270 37
4102 512
4279 3796
4805 4145
4942 6305
5210 4139
5365 4540
1263 5597
1326 23
1977 5756
5471 5569
1169 69
1727 6184
2220 1243
3869 5493
3921 2806
5292 4218
5328 4412
6447 4169
1728 5855
3917 4235
3940 5148
5990 4791
6451 3417
145 2523
243 530
1341 3028
1425 283
1752 4781
1869 3741
1914 1535
5744 125
1199 551
1216 3661
4099 3163
4309 4080
6182 4265
6489 3791
4285 3690
5242 4788
6870 5396
993 727
1283 5541
1762 5557
3069 2844
3707 3090
4262 3795
6065 4552
127 5648
869 223
2174 1259
3025 2778
3878 1083
5994 524
1402 471
1450 6438
1462 1440
5394 51
6157 4814
6513 4044
324 5323
694 4683
1059 213
1941 1405
2427 870
3207 1059
4852 341
4890 4718
2040 5979
2948 5545
4522 3117
6291 4727
316 5249
458 82
459 49
6330 4941
6368 4955
6705 5310
53 5751
132 2187
1290 2836
1432 6301
2143 1775
4189 3743
4493 3979
4791 4477
978 5270
1858 1726
3997 3693
5318 5084
5327 4477
6132 4687
6367 3951
6449 31
6495 4868
1018 3923
1754 5721
2216 1253
4030 3677
4594 4846
5659 4510
5896 4684
115 3800
1853 1036
2337 2965
4103 4130
4457 169
5476 4903
5580 729
6160 3939
6496 6057
109 2618
128 3401
1957 1532
4069 6293
6041 129
119 2146
4350 4149
4786 3703
5230 3382
6022 4818
6334 4374
192 5668
637 5679
1330 111
1392 6301
1818 2294
4140 1976
6110 5103
152 1024
1687 5055
1882 1648
4271 1251
4867 4444
5426 4461
6539 5096
5016 4083
5222 278
6360 4326
379 3908
1274 608
3754 3438
4176 5692
4690 2718
4804 4404
77 2310
699 6343
1028 5987
1308 573
3203 5535
3734 715
4208 5553
4724 3947
5960 4189
15 1081
931 391
2103 4204
2108 1228
4851 4405
1164 906
1534 5978
1715 5093
4534 4875
4575 5553
6107 6285
82 2083
112 2288
3583 3501
5152 5617
6544 4003
69 5416
4916 4059
846 1021
4026 4227
4231 3697
6052 136
6849 4082
190 509
1585 223
4333 13
6122 927
6425 5058
4244 3793
5364 4261
5825 5336
6332 4937
6377 716
6674 2847
314 266
680 349
3761 5396
863 1107
947 644
1723 928
4661 4047
5438 4477
5723 5551
239 3763
862 223
5566 4272
64 377
3636 5515
4286 69
4559 5441
5277 4127
1032 4026
2100 1170
2802 702
4353 3585
4847 4175
5125 4483
5712 728
5954 4769
6193 225
179 6227
646 6395
903 6115
930 6096
2031 1249
2292 1299
2342 1418
6145 489
291 921
6062 4495
6230 136
642 4681
1473 2598
6138 5737
6207 4893
6428 4044
1771 5742
1791 1013
1857 1010
5697 511
816 3745
1092 4174
1454 728
1861 4184
3465 764
6329 4941
1548 802
1765 5194
2907 2826
4758 4293
5962 727
6276 2229
6458 3229
6669 6097
74 2576
509 3542
1250 593
1321 495
1884 1242
4308 3808
4528 3965
4651 1805
4878 4249
6606 5120
1503 1939
3881 401
4342 769
6349 4956
6845 3056
942 453
1170 5262
1547 3971
1950 1284
2254 2093
3786 279
4947 857
5851 5512
657 211
1035 775
1902 1417
2170 1277
3319 11
5220 995
6203 5073
87 1969
1584 348
5211 4388
6328 5231
2584 1868
3790 6332
4407 5426
334 5552
1505 6048
1940 1281
3289 527
4107 3712
4876 5002
6274 4482
43 2310
1085 5642
4491 3948
5285 4383
6146 6104
559 5579
1031 5844
1909 1233
3792 715
5102 594
5663 5564
6183 3001
6325 3663
683 228
2010 1615
3228 1591
3787 921
5662 4189
5999 1034
6341 4938
26 1977
690 6389
1282 4449
5009 3418
279 281
610 5455
1460 3553
4183 3729
4385 3902
4614 37
5342 495
5515 4388
6356 4482
936 5485
2582 1636
49 2313
185 3471
1044 3144
1286 4384
1314 745
1349 305
3721 5945
4031 6449
4344 6011
6709 4902
8 677
347 577
433 43
617 550
672 223
710 553
1312 629
1452 5235
1467 157
1840 984
4458 4071
2283 1554
1763 996
5485 569
6509 3967
80 2303
92 2250
223 176
264 2353
974 310
2576 1272
3662 3767
4092 3177
4263 3794
5325 4167
5569 4326
6398 4439
197 83
538 6332
5023 264
599 3027
1383 5182
2065 5194
2133 5602
6060 4328
4012 3562
10 6438
677 1020
812 6087
1315 3050
4695 3934
4970 4404
6357 4811
6359 4403
157 6118
756 274
3208 3905
3735 3137
5875 4082
1174 5568
1651 612
1979 4994
4604 4882
4818 4221
5535 4949
5595 4049
13 6122
1284 612
1978 4645
4011 3561
4466 254
4496 6018
5031 4868
5718 3989
6389 1403
35 2211
649 951
899 3549
1271 715
1847 294
4792 4386
5900 4383
1091 5268
1540 793
5308 5384
6468 2518
6568 2836
851 5554
1026 6211
4976 4315
5187 4076
5567 4762
5867 4003
1788 990
2104 5161
5437 189
6271 956
1213 479
3755 96
5039 5995
5443 4904
6077 4852
6529 5380
1873 1715
2905 2766
3760 109
1410 188
2138 1222
4647 6332
5455 4265
5969 6164
0 5935
939 5234
4209 6436
507 19
658 3714
2641 1774
3779 3491
6598 5135
230 5381
746 269
1380 162
1825 5131
3275 2859
4844 1194
55 263
111 5082
6786 6339
12 297
342 787
2573 3602
6343 4948
6535 319
2022 1711
3622 6330
6237 1112
819 1480
4019 1740
4618 4020
5332 4462
6165 6389
6603 5505
45 2313
103 5751
419 171
551 116
654 209
3290 5218
3899 6451
32 3944
817 1986
1013 6094
1023 2957
3292 5664
4521 3527
5099 4039
5439 4109
5989 4345
1190 750
1336 1034
4815 4482
6120 1723
191 6458
675 219
781 671
991 6366
5798 5825
5853 3810
6767 3414
435 4754
1429 962
1690 2242
1704 833
1879 1636
3725 2487
4773 183
4819 852
5585 4241
5952 4356
311 156
858 2210
1219 4456
3767 5358
4738 4078
1233 4371
1683 145
3665 1052
4558 4968
5432 4351
5724 4308
5991 4388
1098 4499
1443 509
1923 6243
6105 5482
6298 5317
924 3897
962 5255
1555 1949
1600 775
2504 3248
2506 1767
3944 3479
4674 3008
4714 4424
4744 5039
4834 4912
5345 5299
6174 704
596 3967
885 4148
1159 5994
1628 330
5047 4705
5527 4503
6759 4636
118 2517
523 6342
4083 3163
5462 5549
6009 4352
6874 4646
1234 6082
1593 479
5032 4542
123 3361
286 5802
297 40
682 347
852 337
2217 1253
3540 315
4307 3742
5182 3579
5399 6258
100 2310
868 3771
972 5731
1960 1512
6099 209
360 6369
1360 5283
2215 1715
3978 6003
830 5966
1783 6173
5169 2800
4010 3448
4520 239
4701 4058
4770 4485
1945 4994
3464 5231
4018 3495
4829 5240
767 3248
1297 5584
1519 3831
1997 1141
5783 5664
6273 4990
2225 1774
3090 3005
4299 4067
6027 5240
6221 3511
4995 4785
768 100
1401 4536
2426 1287
5997 579
196 6458
724 6313
1131 5292
1209 453
3843 6385
4899 5575
4919 4441
4961 6301
5049 4175
5160 775
5586 55
233 4535
262 5644
2047 1527
2127 6322
4983 4284
5384 4401
5902 4480
6006 5342
6072 4864
6078 4949
249 4034
895 991
1249 5538
1712 919
2346 4976
5884 4899
6222 4889
1340 3503
3728 3248
5331 4437
5600 4348
916 373
1106 203
5052 4109
6147 4795
84 4067
1252 4134
1605 3731
1623 1032
4678 2097
796 3375
1134 507
1178 834
4996 4261
1571 810
4374 1177
4716 4906
4984 587
7 6330
1446 720
1476 5317
3129 5698
4481 687
5382 4187
5995 6311
1277 5467
2060 1702
4088 702
5860 4528
5899 1970
5923 4384
1916 5860
2015 1520
2221 1632
2347 1285
4753 4101
5351 1024
6008 4123
6036 4696
6675 4477
288 3431
628 3878
737 552
891 5180
948 5103
979 462
4059 5580
4999 4453
5478 4485
6408 4998
1012 5291
1417 4616
2102 3553
3112 3669
958 1004
3825 3641
5147 494
5454 4348
6288 318
1470 735
2028 1058
3147 214
6587 1066
98 2194
918 6373
1619 6374
1655 658
4335 3584
5938 276
6023 4406
745 5000
855 4023
1493 3193
1643 2856
2419 1219
3657 5363
4193 6401
4246 3703
4297 3808
5450 4461
5638 4354
5922 790
66 2098
813 335
1448 4398
4022 5987
5374 49
6404 6185
101 5965
333 1004
911 305
4317 3566
5104 4175
6467 5061
431 52
1449 3310
3698 3792
3702 5521
4195 3422
6405 4972
6583 4632
44 5957
129 2165
423 30
664 1364
894 4927
4813 4140
5048 4892
5206 4306
226 350
755 3645
5007 3210
5862 4804
102 3868
1208 4413
1911 1638
4274 5959
355 5397
875 6426
975 515
2020 1765
2439 2319
4039 6330
4320 5775
5401 3178
6506 1636
2107 1203
2803 4104
3835 5298
1155 6082
1272 5681
1298 4519
3668 371
3867 4801
3963 3666
4831 4485
5634 131
6137 4026
6167 6274
550 6068
563 4252
2030 1428
4707 5246
5911 5465
5992 4483
136 4976
3995 542
4676 3427
4767 1440
5096 4311
722 279
1041 3597
1099 5822
2415 1633
4686 3449
5076 4224
5822 1511
2177 3179
3818 6276
4180 3662
4717 4906
6526 1660
6602 4708
516 134
590 6010
904 1832
1075 3170
2909 5392
5213 4106
6095 4431
404 205
1832 1031
5761 3903
96 3835
1917 1190
3759 4601
1408 5980
1594 3925
2639 1369
3022 6358
4795 5582
5905 3549
6016 5627
4483 6124
88 5980
955 5358
1822 857
4718 3372
4790 4089
5293 4903
6119 4794
398 92
1073 3361
3231 157
5061 1208
5701 4386
6418 4553
71 370
1556 797
3951 3622
5791 5173
6231 335
6576 3995
273 920
443 60
2073 5191
2416 1201
2496 3553
5022 6274
5209 4477
4233 3528
6521 4510
6541 5411
6848 6409
3177 1170
4156 3831
5698 5078
81 3926
135 3736
1057 4580
4268 1418
5420 3992
6504 3212
3992 3693
4875 6212
5733 3989
6488 5423
6745 5396
357 5656
726 4869
2077 1121
3088 3117
5141 1386
6101 2926
278 5465
1257 3992
1327 867
3130 2743
5001 4811
5380 3986
5539 4594
149 5945
765 125
1228 781
1636 77
4343 5977
6540 4162
6617 5138
198 3463
1969 1702
5461 4127
1358 971
4997 75
5966 728
6289 791
427 2798
963 6037
1994 1719
4910 6253
5159 5259
5496 4085
5706 4539
630 5623
798 3128
809 2452
1004 6203
1202 396
1412 1080
1586 3684
1967 1295
2492 6305
4196 6357
4515 3977
6880 5371
9 935
667 223
719 5087
3252 2619
6384 1228
141 3445
372 3717
749 290
1058 5856
2345 1343
4893 4039
5186 101
5229 4389
6272 4987
266 82
1719 4075
2854 6343
5003 4477
5071 4294
5080 4696
6407 5368
6784 4309
256 535
647 201
1363 479
3826 6461
5243 3692
6260 4234
1374 4633
1729 406
4293 3816
5939 1923
6217 3939
6353 5431
6528 5392
57 2171
2173 4973
4207 1660
5749 5333
4825 4161
5446 4563
644 5920
4290 3877
5533 6280
5669 5696
5821 4315
5904 93
250 3279
966 129
1937 1243
3697 1019
5280 4510
5370 565
6515 5559
1646 6227
3784 3583
4653 1234
5655 4356
1108 4605
4657 3641
5050 4453
5139 1291
5218 4365
5647 60
6283 4900
6816 6382
24 4683
3696 5271
4597 5306
5388 5538
6268 962
6338 4907
164 3668
1348 3762
1864 1407
4788 4345
4866 4190
901 5195
1558 6420
1631 105
2501 1193
4311 6356
5026 4175
1188 98
3317 3282
3700 702
6104 1459
945 5727
2001 1346
2082 494
3625 3532
4640 4011
6532 5805
867 3069
2171 1339
3974 11
4883 4912
5417 4261
5453 2958
6592 4134
2988 189
2991 266
5305 4098
6584 3414
1720 6206
4836 914
6302 3932
385 5993
3094 2980
4989 1499
124 2792
1082 716
3866 3604
6186 4834
997 3052
1464 3483
747 1496
1385 5656
5057 3780
5511 4853
1328 6391
1378 3868
1489 5193
1770 1040
4292 3814
5879 2120
1518 162
4914 1381
5126 4190
5189 4092
735 5845
1036 3982
1051 4650
4467 2935
4868 4039
5650 6405
6 3934
1267 3908
1324 4196
1406 3908
1653 1564
3892 5960
1494 754
3543 2930
5779 5481
6716 4625
1065 480
1149 4055
4842 5621
5313 4457
999 251
2578 1281
6144 5749
872 713
957 946
5000 4881
5492 4453
5674 4109
6181 4307
6347 4094
1127 336
1235 702
3821 3975
5095 4460
1373 6196
1637 5655
1709 6053
5702 4483
5849 4720
6833 4444
3162 931
5885 4229
1337 676
4669 3936
5451 4187
5841 1317
6248 11
156 6068
1025 5964
2284 1284
3966 3675
4400 5702
5866 1022
6542 4326
1435 2497
1743 276
1747 1033
2034 1243
4979 995
6630 5424
1659 880
5006 5166
5704 6231
5983 371
1318 6097
5290 4440
6043 5474
6543 3777
1989 1216
3782 3526
3841 5920
4850 4175
5297 6303
5319 4485
1193 4542
1482 732
1851 414
4917 3915
6575 1846
235 4019
1071 477
1126 4193
1894 1636
3141 2767
4902 4189
5711 4863
6607 97
287 2725
752 1415
1663 884
1996 1336
2083 5515
3587 3125
4731 4175
6294 587
725 1010
1710 3668
5107 4055
5350 3372
6459 4224
720 5829
1956 1222
3321 4676
4283 3808
5051 4356
5329 2821
656 211
5760 5671
514 41
6264 6301
1661 4722
3182 6439
6677 5232
1167 462
1675 892
4294 2493
4756 4003
1060 4960
4816 3553
4861 6063
6647 143
959 449
1080 6404
1361 77
1492 3646
2115 1698
6577 4868
62 6358
183 294
785 4078
4748 5018
4835 4437
5366 4462
5961 4496
59 3462
693 17
1039 710
1211 40
1627 2769
3209 6018
4941 839
3913 641
6136 1730
987 1000
1537 3535
1868 3908
6379 4965
6762 5837
581 636
678 511
1525 462
1736 1084
4900 6216
4949 6420
5529 5114
5616 5662
1323 6439
1570 5907
4798 965
5334 4263
5915 2215
1118 5804
1722 5167
4742 6060
4759 5208
5491 4477
105 5966
271 74
663 3224
837 99
968 778
6063 5209
113 5814
684 3915
1024 4956
1268 192
4938 1167
6017 1876
6061 6352
6234 1247
475 110
1047 257
2421 1274
5901 4485
5980 5980
318 6149
415 101
5228 4388
715 6448
3838 4262
4048 3765
6156 53
6362 4760
611 5346
839 5089
856 997
4362 4217
4504 3960
5192 113
5321 4139
6530 5246
718 6314
3729 3640
5037 5263
5863 4323
6553 710
601 5433
3461 4648
4708 411
5010 4405
6371 4958
90 3084
2946 153
4833 1471
5664 3958
760 260
1798 4640
3029 6085
5215 4197
5917 4111
6836 5427
1316 503
4826 4162
5053 4887
5789 5381
6113 4265
117 686
155 1091
1265 5346
1656 3392
2106 6443
984 441
1785 326
3496 6061
4920 4461
6611 5302
669 3147
789 3390
1367 72
1395 1000
1838 2919
3756 2712
4009 4925
4862 852
5163 4139
5330 4201
1562 6358
1630 5847
4295 1614
5379 4305
6002 1336
6102 5805
1796 263
1920 4925
4843 6168
5112 6435
5840 1200
6117 4057
4 5075
688 467
834 449
1573 4943
981 594
5273 4127
5484 182
6730 4155
570 4039
847 6007
2111 1775
3030 4526
5596 2413
417 865
4330 368
515 6018
1407 683
1507 803
1721 1607
2099 1545
5525 914
6559 1066
1409 5213
2413 1417
3581 526
3667 288
3723 4935
5787 3477
6448 5081
1809 1926
4869 914
6315 374
825 5535
3536 397
4720 4386
4926 3631
5993 4554
1739 1418
1895 3553
1947 1404
3953 6408
4008 5938
4766 5103
5004 3658
6490 4653
944 4026
2290 1776
5612 4076
6032 6404
1458 5335
3028 2823
4322 3113
5517 4451
6000 535
6267 345
413 15
1786 2943
4981 4356
5145 4823
2503 4993
3817 6359
4319 2784
4943 5018
5531 2836
6464 4857
6567 5385
6729 3585
283 2851
738 803
1615 979
1924 1233
5246 4794
1156 3492
5219 4366
5521 272
614 5484
1445 681
1981 5433
6461 3534
1578 3741
1632 4165
3666 1996
4065 5688
4821 941
782 6383
1465 1079
1490 5775
1769 250
2176 5576
4962 4447
4980 4317
5392 4091
6284 1842
241 272
1251 2751
1696 904
4023 4925
4776 4108
5279 2784
5369 4370
6337 4308
5546 292
392 5647
925 382
2000 1147
2139 1122
4155 4612
5362 4474
5657 4862
571 4134
587 159
4154 2107
4561 3147
4957 4051
5024 4286
5029 5367
5504 4511
381 1085
4326 3828
5281 5585
4777 4056
5968 6106
5 5980
232 6442
1357 273
5957 5926
6139 4778
729 2952
1029 5535
4932 5015
6361 5310
804 2605
1177 6176
1831 1032
4517 4115
177 2184
1698 2256
2577 1282
4796 663
4975 93
5250 3761
5314 1380
222 3802
434 4281
1255 3087
1625 6438
1668 6364
4349 1280
4380 3513
5751 5688
1602 398
3466 1132
3844 5287
4965 4221
5403 2816
524 28
2024 3644
2340 1211
4348 3674
5774 1846
6287 4927
1306 6054
1350 18
1418 3744
1423 4280
3998 6109
4428 5678
5288 4474
6081 2851
167 4976
370 1022
794 639
5440 4109
5720 5474
5971 4777
6563 4187
362 43
4068 559
4455 317
4808 728
2033 1423
3979 6414
4375 3925
4763 3921
6096 3513
661 6218
1129 4095
5185 3858
5579 1117
374 6327
731 4973
1162 6312
4312 4074
4765 1737
2175 1219
6588 3011
909 1409
1735 354
4909 871
5002 5482
5447 843
299 4535
4703 4465
5942 718
5809 965
6375 4967
6562 4682
2075 1637
4272 5047
4746 4985
5548 4260
6257 3617
6370 1261
727 1055
5520 4696
3462 5000
5212 4091
6393 1403
6610 5123
6018 4485
6229 775
6286 1735
652 5375
1603 220
1885 1641
4945 2808
6797 4892
1281 950
3187 262
4860 5851
6707 3559
242 5056
317 5273
4807 1386
31 2810
748 1096
990 6058
1338 641
3582 4292
762 288
1016 6033
5256 4016
5312 4464
6806 1039
840 1118
1918 1630
4652 1118
1015 5348
1104 1657
4982 4305
5027 2038
6689 2005
973 3141
6049 4118
6549 5606
144 1023
534 6374
1394 4579
3251 1672
4094 3706
350 3077
1440 6443
3842 5117
5497 6246
6076 48
6358 5062
547 5385
2574 1267
859 6181
1248 4316
4827 4261
5804 1609
6134 5543
6395 6179
2990 2968
4085 1308
4925 5718
5227 4417
5528 5624
6878 4041
1517 6240
3591 4919
5168 5135
5254 3617
1138 5841
4360 3872
5790 5436
5914 4748
716 5452
807 3903
1157 519
1666 863
4660 6411
5940 368
6340 4937
6427 5377
946 3567
5025 4896
79 5076
1649 944
1850 1016
1867 2749
3923 5166
5545 4793
1512 3937
1520 4279
4359 4966
4806 4175
5808 4055
4832 4339
5614 767
1100 5655
1553 5133
4318 4071
5164 4002
5756 4272
6352 1242
6725 987
215 355
1509 6434
4329 3642
4472 521
4755 3985
5098 3629
6494 4472
440 5685
1639 3279
4063 5987
6414 1014
6477 4160
3144 200
3146 5477
4284 3803
5411 5456
5477 4452
5748 6240
1205 3980
1317 666
5338 5699
5516 4384
6551 5293
244 5335
818 5288
864 1842
4752 4101
4936 5464
6239 4165
6531 4007
1707 3922
2408 4427
4568 298
4856 4401
47 4671
833 4754
1068 943
1305 753
5689 2618
1223 2776
4300 2599
4719 4451
753 291
1755 410
1087 3784
6015 2329
6155 4588
6676 5555
1366 6291
1437 3958
4772 1105
4838 5872
5260 4318
6557 3609
844 331
1569 3139
4334 1671
5077 5671
5162 925
5253 5272
184 6378
687 6390
1275 88
1414 5687
4854 557
4918 4162
5191 973
5842 4969
5873 3945
5898 5005
865 3743
934 4198
4327 4477
6299 4863
85 2147
4301 3812
5304 4175
5383 5285
6262 5490
6746 820
709 3439
763 746
850 1012
1246 920
1711 4982
2137 1162
3975 5823
4194 645
5036 4091
6166 6274
6830 4262
1397 4084
4384 3901
836 2105
1438 6291
3720 3735
5339 5672
6834 5449
1262 716
3344 1637
3854 2705
5075 5772
5188 4164
1151 439
1716 5112
5750 371
6550 3453
915 5492
4715 4472
4892 4054
1499 213
4885 4437
165 3752
1944 1409
2575 1417
4357 3872
5464 4521
5837 4645
492 4916
4217 5553
4754 4441
4782 219
359 3056
1560 6432
1614 3677
1069 3419
6758 5030
971 5216
1495 6421
4809 4015
5070 4293
5233 4247
5263 4426
6763 1107
5393 5946
6263 6022
1309 677
2949 2765
1546 450
1919 4925
4358 6323
4797 965
5166 4441
6757 4178
588 600
922 385
1273 4825
1484 328
1506 269
1561 2184
4519 676
5972 2808
878 2198
4894 5240
5005 4015
5055 4189
3967 4258
4368 3766
4706 5317
4931 4838
5311 4011
5490 3601
5737 1058
5981 4903
6149 4493
1375 4957
5295 6452
5762 225
292 3467
1194 523
4495 3961
6249 3135
1137 6009
4321 3861
430 1497
2135 1161
4427 5993
6646 4684
1516 214
1260 3489
4037 5987
5441 4399
5959 632
6131 3610
1173 165
1808 1661
3699 2229
4049 3830
4952 4120
6734 5009
829 5221
1040 561
1084 142
1580 5894
6070 6450
6045 3905
902 6263
1563 6456
3376 3394
4973 6097
5964 4084
2006 1624
4389 5742
5014 6103
6626 574
6708 4486
1384 895
4857 4389
4870 4483
5226 4175
4143 3656
4837 983
4757 5014
5773 1723
1415 23
3502 1736
5214 1658
5320 5691
5617 4143
1139 4672
4668 6107
5973 706
6188 921
4820 3862
5400 3210
5452 4476
880 5346
4728 4272
6150 5904
6200 4472
5772 5423
5941 878
4552 3958
4935 4355
4978 4088
5130 860
6012 5282
231 3982
1691 6219
4064 3971
4681 3437
691 6411
3958 6024
4386 6416
5919 4788
1055 947
5298 6030
6871 902
848 336
1596 1299
4684 3895
6064 4386
940 1300
1622 1625
1702 1063
2987 243
4934 852
5903 3811
2023 4993
5727 1651
1647 1185
3989 1634
674 4379
697 3966
714 1442
1130 5812
1133 1476
2692 5337
3876 3479
4713 4072
5611 4462
4394 270
4905 3284
1214 4066
2164 6402
6348 70
5820 1203
712 4222
744 643
1125 6123
1396 1406
1717 937
4956 5240
5574 1316
6280 407
6296 978
48 5977
1399 1673
5103 1658
6456 3715
4020 608
6534 1107
1128 6113
952 1738
1072 5294
1204 4536
4912 1261
917 3165
3883 4023
4955 4285
5114 1230
6278 663
6351 5325
5418 4696
900 1589
6135 5287
6216 4072
5493 1459
5646 983
6505 1615
788 6260
2026 5928
3178 726
4341 839
4969 4401
5683 4455
5963 3527
6817 4286
1705 3736
5034 5013
5690 5865
6038 4686
6344 1137
154 4975
886 1550
1572 151
6342 403
594 5183
1652 6399
5731 1057
4928 5825
5396 132
6013 387
6690 1093
1240 3630
1533 6111
4887 852
4891 5355
1542 963
1657 1402
1670 1274
4839 4369
5232 6293
5378 4394
932 390
1189 4754
4692 4797
349 5874
1093 4087
3070 1043
5085 996
965 4922
4929 4088
1544 6270
5835 4108
6126 5985
6807 2103
5433 1888
4691 783
708 5873
1179 2769
5097 4260
5100 100
5391 5504
6238 4878
1172 4082
4376 1152
4447 3516
4840 1625
1617 4389
4619 957
5109 4892
5259 4543
6258 27
1608 5881
1613 5982
5627 348
5728 82
2693 4337
4302 4503
4340 63
4745 1261
4986 1259
6872 2451
558 1554
742 5089
4060 4915
5519 965
5729 861
5870 219
774 2967
3210 5248
4895 5471
5264 4424
6566 895
6637 137
982 981
1064 474
5054 4110
888 6288
4705 437
5807 4220
6847 4287
914 4508
994 2781
5017 750
5105 4118
6192 506
1504 3686
5224 314
6080 4607
898 5614
6430 3105
6819 6335
1531 3454
1557 6077
579 1731
750 5523
4697 4382
5499 171
5632 5982
4888 4907
6470 3059
1355 2977
5072 6316
5151 595
5763 3009
6593 6153
4923 775
5221 3981
5871 799
4053 1773
4768 5493
717 5978
1226 4446
5976 6162
5008 4065
1347 3912
1500 3013
5084 68
5167 6206
6396 5242
1426 3898
4924 4453
5225 4448
5436 3290
5988 4311
698 2778
3751 5298
4339 6441
5287 127
5317 3158
5640 6391
1132 437
1587 4191
6777 5371
4789 4104
5613 5218
1411 2930
1472 1673
5078 4263
5113 2777
6499 1223
849 4297
1618 186
4764 5446
5409 1557
5806 5562
6831 4314
3853 3629
5524 995
1320 1474
2074 1237
4743 4306
5352 5294
5637 852
6050 5867
578 6437
1523 5630
1564 2204
1616 6125
5064 236
6039 117
1146 250
1311 4133
6256 2971
1269 6159
1391 915
4336 6136
5696 371
6075 3598
4769 6221
4793 4412
4884 5084
4921 1659
5296 3397
5299 6274
5894 4760
1241 4583
4741 4906
6201 5619
1229 3272
806 1136
983 6313
4859 4139
6001 4975
238 5296
1390 2748
1635 4319
5933 5209
6346 1918
4041 2715
5872 2984
6636 3255
4822 663
5278 4490
1000 629
1846 4606
5671 831
5967 2207
6068 5695
6776 4110
1597 6338
4454 6438
4665 461
4968 565
5255 1147
5407 5756
5423 4350
5680 1753
5786 887
1212 3905
4750 4096
5030 4518
5368 3946
1061 3113
5140 4882
1352 170
1750 5199
4337 3540
4799 3617
1559 3311
3145 5584
4736 951
5758 1557
6108 160
6161 2942
1289 210
2572 5938
4971 4831
5282 4085
348 1262
1381 3863
2804 5382
5463 4306
5716 880
6518 5711
692 5978
905 1006
1626 5388
4740 4090
5106 4314
5918 4263
1121 4020
1664 886
3206 3966
4823 3995
6232 4474
137 3736
783 1965
1230 390
4877 4440
5316 4095
778 2767
1113 3901
4021 6263
4953 2137
5843 3794
6124 136
6493 244
1439 2790
4694 4087
4780 4128
1163 4468
4903 5338
5670 6182
6204 4760
6869 1859
702 494
5315 4042
5658 3631
964 5504
6768 1066
4704 4439
4729 4400
4732 1836
5854 4947
5906 1054
1508 266
4125 4729
5013 1584
5844 5259
1329 6097
4536 1240
6487 2623
6638 752
967 3796
1180 5563
5514 4751
5649 4055
5739 4261
6010 4380
6024 3609
1184 5781
1863 5844
2209 2891
5754 326
1528 937
4933 1441
4951 417
951 4251
1354 641
5736 6229
6090 4848
6417 5130
5088 4122
5626 878
6473 4044
5059 5685
5755 3939
6615 893
6744 4736
6774 4124
1295 5805
5691 255
6818 742
1042 5648
1638 3006
11 5928
1046 116
1679 5666
5709 4942
6285 866
711 542
2858 6142
4946 2808
6778 4284
893 3552
1644 963
4886 3816
5291 4109
4972 860
5770 4591
1552 2092
4355 1682
4781 3089
4889 4328
1582 3903
4024 5987
5062 4293
5373 3934
5127 6224
5730 4402
6069 4076
4000 336
5390 796
5410 4176
5459 5376
5547 4896
1107 5655
5081 328
1116 398
5349 1412
4585 437
6114 5065
6564 1013
1218 188
6118 1397
5389 4426
224 662
988 4285
1332 236
4313 29
5035 866
5575 4073
6092 4358
877 5105
1119 1152
1307 1625
1609 976
5128 852
5300 4100
1231 6054
5699 414
1797 207
6761 2809
1144 390
2410 417
1574 2788
4901 4089
5142 5184
580 6165
5146 6307
4948 338
5262 4453
4974 4078
5651 654
6171 1616
1674 890
5310 1319
5412 6358
5421 5431
6130 3633
6397 4102
6558 4200
361 5270
5150 5052
5294 672
5685 1
5688 6087
3423 2778
4051 4940
5245 3082
1527 4053
1545 1058
2491 985
3291 4053
4848 824
4954 1363
1353 5844
1654 2916
2906 6452
777 4483
4810 1546
5111 6438
1148 5199
4853 1245
5482 5783
5648 5971
6051 4234
6416 276
4682 1059
4908 269
4906 6451
5012 925
1682 4977
1166 4449
5467 887
5839 4039
573 865
1648 3284
5234 389
5428 3046
5810 6417
5920 693
6250 6141
380 5691
497 4738
5652 6256
4664 1588
4730 271
5082 3397
5415 1002
5509 3086
1196 6019
1422 902
5838 3617
6071 5461
6295 6139
6501 4143
1749 3524
4548 5841
954 851
5934 4293
906 1579
4779 4259
874 3573
784 3696
6215 6348
6580 3859
4879 4369
4666 5077
5466 360
4907 798
5508 6316
5686 3547
1633 5644
6211 1054
4911 556
5494 4877
1197 333
1217 5530
1529 3114
1109 3934
4913 4099
4881 4959
6169 3658
6691 5298
1331 4784
1376 2909
4351 521
1565 5698
5266 983
5974 4091
1621 4762
1645 3284
6571 1746
6426 5337
6462 888
795 1584
5603 4317
6127 80
76 2405
1620 595
2992 2821
1005 717
1303 1205
5715 6408
4880 3960
1590 612
6512 3016
1662 883
5124 6138
1076 3125
6322 1058
2136 1630
4990 852
1554 4019
5429 4049
5522 3997
5792 4775
467 73
879 3695
1469 5987
1641 3133
2338 6399
4855 3534
5354 6414
5413 6044
5747 557
5086 4112
1522 602
4771 875
5826 861
1165 6313
792 3238
6579 934
1486 742
1551 6226
1434 6056
4988 656
4722 523
4987 1302
5060 1625
5824 1581
4760 5240
4882 1651
1731 1349
4693 4626
3939 3633
1629 4615
3157 1
1595 1990
4904 1546
5713 744
1681 5626
5337 967
5788 389
2904 6435
4858 4388
5165 4057
5495 5404
1607 672
1588 5075
4872 3032
6109 4388
1365 2965
5063 860
5265 615
5353 618
1521 5891
1699 1053
5544 852
4036 4925
5033 1250
4930 1066
6282 4940
2993 328
5011 3997
1483 4101
6545 6371
1640 3934
5576 6046
6281 4709
5578 1630
5714 1806
4927 728
5074 5215
5456 4077
4721 2437
3542 706
6279 5072
5129 4389
5397 4251
5419 3574
1078 3560
1372 1023
5058 320
4873 6277
6275 3238
5336 620
552 3673
1634 280
6769 127
6277 829
4937 5895
1413 4199
1812 5855
1010 4079
3320 3155
5465 4730
5248 5729
5621 1194
5079 4530
4841 27
4985 793
1604 903
645 194
4871 3629
1325 4999
6455 6070
5708 2912
4950 1880
1589 1928
1583 829
530 3999
5457 4940
1393 4205
5115 3079
5785 6208
