img08c1.jpg img18c2.jpg
6450 2242
5314 1176
7017 1574
4875 1093
6177 1793
5126 1653
7688 211
4863 1093
4909 1093
6433 2237
7434 1915
4865 1093
6098 296
4869 1093
5350 1176
5494 1326
6056 296
4873 1368
7765 211
5376 1326
4841 1437
4962 1093
7515 211
744 2425
5332 1083
5379 1326
4864 1228
5543 1083
5841 296
4893 1093
7619 211
7590 211
7655 211
4871 1400
6521 2155
8021 2224
4892 1400
4862 1093
4876 1400
4861 1400
9389 2465
5010 1093
5981 296
4867 1400
7561 211
4868 1400
8135 1808
5257 1634
6498 1867
289 2425
6166 2071
6417 2267
5566 2065
9081 2343
5607 1646
8026 1168
5419 1326
6773 1437
5210 1306
4833 1437
8984 289
5344 1326
5268 1485
5460 1530
5217 1306
6318 1825
5213 1306
7122 253
9416 1880
4894 1093
9030 659
5223 1083
5586 1530
4874 1400
6786 1646
6250 2387
7475 211
5567 1530
7315 254
5342 1101
9031 2297
7803 1862
5493 1530
8361 2110
5941 1968
4870 1400
5518 1645
440 2425
4908 1093
419 251
5300 1083
6268 2065
7360 162
4943 1400
4942 1400
6175 296
6471 1825
9046 2306
5993 1983
5417 1326
5343 1326
5695 1811
5365 1634
5813 1934
6551 2174
5176 2065
7256 2091
7260 253
9316 2389
5622 254
9203 2388
4838 1437
4930 1400
5345 1530
6285 2045
312 783
8221 2131
5260 1485
6389 296
5038 1228
5174 2065
6376 330
5588 1645
6097 296
6514 2219
9401 2464
6041 1907
4866 1081
7450 1646
8376 2131
8160 1907
8375 73
565 1866
6532 1867
6315 2424
342 1457
4450 918
5275 1083
5618 1628
8809 1827
5440 1609
5698 1821
7047 2417
7930 1157
5270 1083
5580 2419
5177 2065
6864 1934
5602 1326
5589 1176
6398 1810
8401 2174
281 198
5386 1176
489 165
5521 1326
4439 1385
4815 1618
8424 2424
348 2425
8694 1827
5936 1979
4907 1400
2947 1242
5215 1306
5656 1799
773 1195
5204 2065
8163 1808
5369 1530
2864 2108
4891 1093
7974 307
8824 1825
7261 1679
385 286
4945 1386
559 2507
8134 1802
5370 1326
9182 2373
5363 1634
8162 1059
5445 246
6215 2164
6359 1808
8377 1825
5492 1326
5303 1726
5418 1654
5645 141
6377 1825
4856 1437
5266 1485
5859 1915
5347 1530
8276 2045
5175 2065
6542 1808
6486 2065
5858 1942
9390 2457
6309 2221
496 2117
1193 799
6303 2155
9155 2372
5295 2065
542 2131
5349 1530
5387 1486
5762 2070
534 73
8023 1809
5630 1453
892 284
5642 1913
4817 1493
5330 1485
6388 165
7472 1646
9470 2000
5258 1485
5382 1326
6981 1830
8471 2032
579 2419
5629 1934
573 289
8189 1867
8928 188
5662 2394
9337 891
5416 1530
5519 1530
7409 2463
404 296
1060 2123
7712 211
7844 2014
7343 2097
5308 1654
6069 1869
4496 1664
4550 1091
5942 2402
6203 296
6476 1707
7092 2360
7125 1818
883 1939
5517 1530
6235 2217
7709 2118
8417 2140
345 177
5377 1530
5584 1530
8316 2065
9067 2316
8248 252
9017 2295
4837 1081
8005 1866
9385 2465
5373 1530
7171 92
288 659
6187 2130
4761 960
6249 1616
6432 330
365 2392
3077 608
8008 852
7708 794
7790 211
274 2419
4840 1626
6039 1942
7631 296
9466 1945
4440 1282
5310 1654
6415 2224
9339 2423
7089 2485
1180 2220
6522 1703
4860 1400
6865 1930
7634 1907
9082 2329
4553 1250
8497 1101
9443 2221
5009 1093
5546 1645
5937 2032
7498 192
8352 2131
5220 1186
501 289
4811 1577
5969 1869
6100 2402
6167 1937
6193 2036
6477 1622
5324 1099
5939 2041
6288 1059
1709 266
5371 2161
5375 1530
6270 1587
503 289
520 2206
4691 1250
4931 1386
5259 1634
5384 1628
5898 2402
6815 96
5224 1634
5226 266
5459 1326
7820 2087
1428 213
5623 1811
7905 2392
484 2070
5298 1485
5693 2479
5227 1485
6427 1622
8062 1409
4407 1893
5233 1570
5372 1326
7134 1870
9435 2380
7018 1818
303 2425
5185 296
5568 1645
6195 1168
6459 1616
7140 1973
416 148
6416 1802
7760 2070
522 2070
4390 445
5196 1653
6920 1646
7392 1881
5366 1485
6378 1872
7228 1646
8400 1488
4685 2271
5843 1987
5619 1182
7123 252
256 1817
505 296
335 1457
423 414
2048 1525
214 2392
5535 249
7885 251
8188 1867
8884 598
4518 1167
6040 2402
7225 172
8637 2156
1487 799
3182 330
4551 2271
8551 1559
5078 2425
6473 330
4831 919
5207 1634
5357 1099
344 178
5825 2206
9080 2342
4843 1618
5216 1634
5262 1485
5545 1530
6456 2195
8368 73
8369 1101
2770 870
4449 1511
4557 2280
5254 2098
5897 2032
8485 148
9216 1986
2859 2424
7871 1931
167 2096
5090 1035
5412 1083
6130 296
6472 1559
9260 1880
9354 2427
3697 264
9386 2457
4699 728
4941 1081
5285 1899
6267 296
402 1070
5530 1703
363 243
4828 1618
8063 1250
413 213
4839 2405
8257 1827
8790 1825
5715 1818
7687 1873
9384 2092
989 1812
4720 1274
5410 1083
6391 238
7345 96
405 284
765 2258
4633 1819
8496 1804
188 96
5899 1838
7259 254
5457 1530
4813 1641
6172 1869
6452 1124
260 1748
767 2156
2996 659
9195 293
5547 1176
5787 2062
398 289
2870 478
4859 1081
4905 919
5274 1083
7994 2139
8249 2239
662 2419
4929 919
5570 1628
6408 141
4928 1493
5102 1069
5845 1989
500 243
3327 2381
4430 1091
4834 1471
7843 2394
6340 129
5956 2429
8338 2156
9444 2417
6131 2402
7091 1818
8317 976
8390 1746
7589 286
9231 186
9459 2000
322 165
6350 1867
8402 2140
8825 2253
753 149
9188 124
420 148
1647 300
5339 1530
6639 1968
5267 1726
5462 1326
5998 1403
6868 1854
387 1070
5173 2065
5748 1637
5769 277
8389 289
8776 172
715 149
4569 1606
5073 1689
5209 1634
529 659
1335 246
4636 2271
5283 2070
8291 243
4410 1893
5251 1653
5214 1634
6231 2123
9294 252
6015 2280
6820 1386
527 2164
6070 2402
6289 1819
6867 1995
7081 175
8078 1872
9464 2519
252 2425
5654 1327
5982 1849
6057 2402
253 300
5337 1654
5593 149
6067 172
7639 2000
62 21
5134 1656
5571 1628
6186 2176
6247 2123
6638 255
6897 2139
528 186
6431 2276
8895 175
5279 2036
6785 2262
7766 2000
8566 1815
4686 1480
4800 1521
5389 1318
6021 1561
6296 2221
9344 2511
210 21
4566 1274
5116 1514
5380 1530
6754 1595
4695 1274
9425 2404
456 2466
3046 2405
4920 289
7490 1148
8038 1195
372 250
6124 2425
7390 274
8638 2242
5414 1255
6287 2118
5606 1930
8530 175
4434 1250
5329 1634
6708 2459
9426 2419
6011 2402
8706 1827
9327 1880
314 286
1907 478
4826 919
6500 2174
2878 1890
4540 985
6146 2139
7782 301
366 250
1290 823
5206 1634
8277 1101
5341 1258
7087 2519
8296 2045
9048 2307
9465 2123
538 2425
4431 1091
7344 2459
7764 284
9092 2381
318 1676
5331 1485
551 602
601 148
782 1808
5225 1306
7941 1792
8325 149
2655 2190
5844 1942
459 97
4435 2271
4619 985
6409 1673
8456 2158
397 611
530 190
5364 1485
6024 1403
9087 2092
2935 2139
513 659
1304 2117
4526 1274
4829 1493
4888 1437
5826 2056
6802 254
6982 1818
7489 276
351 172
4485 1893
4554 1091
5265 1634
7525 273
8953 177
766 2174
1668 296
5130 1653
7050 1534
7682 1880
437 1788
450 1646
521 659
7170 2423
7743 1984
8800 2164
321 2091
5160 2041
7601 2087
8534 284
4512 1121
4626 1250
5246 1099
5874 2062
7362 1849
8222 162
9311 148
59 1746
4503 1250
8242 1878
5563 688
506 2164
5302 1083
6360 214
310 674
5754 188
19 1785
516 2044
1519 2373
4492 1250
5997 1330
6604 213
8656 2164
4375 938
4794 1271
6901 1817
7650 151
6533 1195
7178 2106
7873 2000
8425 98
346 688
4159 1893
4555 1331
5491 1530
9191 2366
4564 1274
5124 1653
5497 1599
311 2427
5367 1485
6442 1115
4223 938
4599 1250
5690 1756
9288 2062
1368 1945
5685 189
6027 1240
6625 186
8641 983
5752 1837
8241 1250
4186 938
4319 1385
3168 2156
4687 1121
5097 1653
5784 1811
7618 1990
8467 2156
4704 201
6513 2263
4639 2280
4961 1493
5441 2425
9040 2072
5299 1485
6400 1195
2706 1326
4624 1059
5264 1485
5424 1318
7473 2513
263 1676
4954 2381
6541 338
9428 1891
4618 1486
8714 1827
1220 2392
3109 1487
5117 1899
6369 62
465 2136
4694 1274
4887 919
510 73
2832 2381
5199 1069
6016 1240
7904 2466
4436 2271
5949 1632
1421 154
1530 1580
2811 2519
5348 1326
7411 1995
7412 269
7499 2087
7799 2419
716 2139
5523 1628
6115 414
6484 1866
8077 1510
8468 284
219 2425
2888 177
4296 1663
6349 1798
9003 2306
4304 2271
4805 1618
5994 2402
6561 1869
6626 1873
9174 2383
417 148
539 1561
6326 1014
8006 1101
681 252
4221 938
5605 1454
7391 252
7781 2466
558 2155
4719 1195
5272 266
5273 266
6025 1403
6358 1542
6813 96
7726 1945
8305 1763
9009 148
52 131
4587 1059
4643 1137
9166 2000
8724 148
9173 98
334 174
4151 1687
5159 1854
586 2118
5790 2220
7229 1990
9008 149
9202 274
508 243
1398 757
4801 1493
9377 2116
396 2267
1438 157
5149 1570
5786 253
6251 2274
384 201
2889 1459
5269 1306
6010 1968
6503 1340
8823 420
532 1908
4460 1195
4593 1091
4665 1075
473 149
846 2425
3125 1835
3315 2381
4222 938
4288 1662
4289 908
4427 991
6727 2424
6771 1821
8759 598
9450 710
498 2164
2780 2221
4816 1493
4959 1911
5024 1849
5540 1872
4561 1274
5311 2156
5766 289
1358 759
4490 1091
5198 1036
6047 327
329 598
422 162
1882 731
5083 194
5677 1930
4150 1893
4592 985
5017 1369
5590 1232
7317 1646
7509 96
8366 154
3176 2340
4303 1893
4380 938
5620 252
7697 330
7738 2258
845 765
856 188
1621 1741
4806 1493
5150 2425
5271 1185
5731 2381
7668 2087
8980 1851
816 430
8133 1663
5714 1327
5782 2457
6165 2124
7710 2087
8457 1397
336 783
6233 1883
7524 2062
7798 2466
9403 1880
315 177
5211 1634
9235 289
2637 76
5788 1519
5990 420
6419 2394
7266 2126
8602 2118
9144 140
4123 1312
4768 1166
5631 281
5779 1930
8872 1554
5286 1899
5313 1743
6709 478
7347 201
9181 1646
4283 1663
4906 1521
5131 1597
7296 833
7322 117
8103 2190
9121 148
5655 2367
5676 963
5692 2367
5915 301
3132 1023
4697 1357
5203 1036
6014 1240
6259 2221
7290 2424
4122 121
4446 1176
4804 1493
5092 1035
308 2074
1613 2480
4371 1195
5212 1730
5970 2037
6261 2221
8326 148
552 2043
2773 2386
4153 1687
4960 919
5781 1636
6552 2181
7342 2007
8583 166
486 2136
1459 821
5374 1326
6540 1809
2857 2136
4376 938
4620 1250
4808 884
9015 370
343 2118
4748 1274
5141 1653
5454 2098
7578 92
1764 799
4172 938
4552 1819
5385 1628
6380 238
4487 1250
4519 1137
4649 1357
5292 2065
7858 238
9187 2091
240 1176
4601 319
4934 1646
6752 2459
7547 1907
9157 2328
1483 1741
4507 1480
6008 1945
6176 1942
285 285
320 330
338 274
460 280
3010 1807
4442 1250
4628 938
5544 2156
5594 2062
6234 2215
8529 659
537 165
5465 2219
247 177
7559 243
9085 2310
4688 1195
4973 1954
5023 1369
5582 2277
7227 253
90 2425
5293 1083
6283 759
9158 2117
9295 96
477 2164
745 2258
3485 2392
4582 1355
4716 1250
5132 178
5439 2118
7088 1821
3122 1961
4724 1137
8616 311
4370 1468
4559 1274
4598 1819
5797 2262
142 25
3847 2275
5112 194
8961 2425
4387 783
4548 964
225 21
4852 1895
5711 1934
6322 1880
7491 252
243 2425
339 2382
6061 1538
7346 2484
9131 2338
1136 877
4160 1893
4484 118
4581 1893
6068 420
6116 1942
7516 153
483 2000
4514 1240
4560 1137
5770 2032
6338 129
401 759
2226 1582
4629 985
4946 1386
6870 2062
8066 2233
487 541
914 634
3497 1557
4556 2271
5336 2156
7209 192
51 2134
209 131
536 2131
4302 1385
4493 938
5276 1570
8109 2155
8735 1557
104 148
141 148
4379 938
4494 908
4594 1537
4857 1437
7133 1845
8324 1913
112 1372
585 1343
1401 783
4634 908
4690 1819
5753 1835
6308 2221
4348 1195
4506 2271
4701 324
7202 2147
7456 117
4680 1182
4784 1595
5305 1654
6566 1872
6947 2500
7531 1323
9044 1759
431 254
4235 1893
5219 1485
277 1600
451 96
2702 528
2853 1459
4632 1024
6129 50
944 786
1430 2008
4547 985
5022 1589
6489 1708
7316 252
8818 2479
485 1788
2736 608
4372 938
4508 2271
4595 1331
4949 1862
7177 1833
7446 2466
8022 1176
1706 370
4600 2271
4878 96
6591 1898
7805 2087
8137 2209
2187 126
4058 115
4504 1250
574 149
803 1915
4501 2271
5621 1934
5699 1901
6026 1240
6546 1788
518 2070
4605 1137
4610 1425
5200 2065
7512 96
7556 2083
8206 146
474 1748
2407 886
4352 1059
4696 1274
6435 2267
8239 1643
8263 273
8891 2108
1048 823
4369 1131
4382 1663
4855 1641
5732 1652
6772 1347
9035 2302
424 2459
4495 1663
6434 1250
8104 1250
9299 1441
6399 1866
6835 2519
7452 2071
7988 2118
4277 1893
4588 985
5119 2041
5135 1300
5817 1849
9179 2358
817 124
824 330
1373 799
1418 1620
4203 938
4590 1059
8681 976
564 2267
1397 2126
5121 1653
8203 2108
8255 2495
4763 311
5114 1123
5423 1182
5730 1799
7172 1253
350 1242
763 289
2849 1788
4167 1687
4854 1521
5432 1228
6274 2221
7013 1725
7927 2466
3806 1519
4433 1091
4489 985
4596 1819
5556 37
5579 140
6003 1510
6320 206
6659 188
7208 1557
746 2162
1248 2220
4368 1250
9034 2197
9378 2453
1497 783
4523 1258
4666 1075
5067 1000
5490 1377
9222 2390
1443 175
2801 884
5088 2456
5943 1989
6038 2063
7616 264
367 2507
1056 198
2825 1429
4182 938
4196 938
4293 985
6305 2274
8060 1809
3495 369
4259 12
4609 1137
4682 1562
4723 2280
5282 2147
5712 253
6099 1914
7295 1979
7480 309
1429 1979
5561 596
5768 2062
6814 1822
7831 1823
9183 1584
3143 1911
4281 1866
5016 1123
5510 1895
5601 1530
6346 2156
9167 2118
1215 768
1510 877
1753 2161
4282 1663
5525 1649
4290 938
4562 2280
8370 2500
8716 2221
567 1274
4217 938
4233 1893
4640 1274
6508 450
4269 1893
5222 1372
6345 659
6798 2476
9357 284
9381 498
9412 1646
5031 608
5449 1099
6397 1312
7995 862
8009 1956
8750 2500
412 1242
4513 1559
4565 1274
8179 317
9421 2139
259 285
1638 1525
1679 166
2225 41
4421 1214
4877 2519
5456 1654
5893 611
7201 2007
7617 1323
4374 938
4652 1080
5086 1052
5249 1099
5261 1208
5527 1599
5578 152
5842 1955
5960 2258
7492 2453
7508 1934
5551 1452
7359 2459
8039 2280
8767 688
1166 608
4228 1663
5148 1570
6830 98
1853 2124
4347 2271
4623 1250
5028 687
7474 710
4521 1195
4607 1137
5155 194
5931 1632
6979 1956
7946 920
143 1266
1047 768
1734 2425
4505 1250
5361 1653
5678 2456
6393 1843
8198 920
721 2482
1388 852
4154 1687
4378 938
4622 1663
5577 2009
435 96
2625 871
5128 1653
15 2231
809 2429
4295 1893
4445 1195
4802 1618
8736 2071
8921 2120
9217 688
5328 1208
8798 157
425 148
4206 938
4522 1274
4938 1799
5444 243
5963 1142
6515 2131
8769 96
668 1005
8814 2113
525 311
882 705
3009 1552
4788 2419
4827 1577
5048 1849
5327 1298
5632 2099
6007 2108
6902 1979
1202 886
4373 938
6348 843
6524 309
8020 2174
475 941
4511 1385
4670 1435
4970 1000
5822 154
6898 2476
9190 2376
156 2164
5056 2021
5381 2235
6438 179
6464 861
411 289
2210 598
5136 1653
5340 1654
6147 2078
7870 405
7939 124
129 21
237 1406
1189 293
1270 852
4313 2271
4323 1059
4936 1781
5140 1300
5617 1326
5807 2057
4586 1059
53 2274
4544 985
4602 1137
4617 985
5603 1159
6009 1967
7119 857
8061 1809
4475 126
9408 2459
511 251
1840 757
4346 2271
4488 1059
4608 2280
5992 1869
546 142
3990 38
4152 1893
4193 938
5383 1645
8358 2036
1663 311
4090 1893
4491 1059
4585 1663
4681 757
4717 2271
7410 1934
8565 214
8708 149
1953 922
4630 1091
4992 1699
5528 1232
5596 847
5974 1350
796 2425
4437 2271
4631 2263
7857 1753
9342 142
9467 2429
2558 1525
4412 1663
5420 1442
267 190
427 276
639 1607
374 2072
1071 1974
5644 2155
5653 1873
5799 815
7093 73
8815 154
4201 938
4443 1331
7206 275
9320 148
1010 2113
4502 1091
4651 184
6405 1991
8568 2051
3744 2275
4161 1893
4637 2271
5074 1849
7049 1679
7908 256
3047 148
4316 1195
5872 1818
7851 2424
3741 2275
4344 2271
4627 1663
5338 1654
5958 2063
8116 1519
1194 757
3870 1326
5245 1519
7016 1946
383 1802
977 757
1568 197
3076 264
3151 251
4432 991
4563 1250
6094 1350
6395 2501
6525 2026
7577 2480
8337 1851
8880 2095
278 2118
981 1073
1225 1231
1400 2030
1630 2164
4165 1866
4461 1195
4935 2484
4955 1626
6075 166
6943 92
414 491
683 172
2594 1060
4367 1182
6531 2271
8100 1879
9122 2361
316 1344
391 148
570 1972
1587 2429
3745 2275
5050 1854
5142 1016
5263 1634
5415 1083
5532 1452
5979 1918
7478 370
230 870
524 481
4606 2280
8092 2389
8354 891
361 2134
2417 552
4210 938
4312 1480
4448 1250
4641 1274
5115 2041
5716 254
5717 2113
8212 2047
174 2062
436 96
469 243
750 151
1072 794
4418 1091
4904 1759
5062 531
6842 1845
8480 1939
8511 309
9134 300
1360 405
1656 925
2969 2268
3206 1259
4170 938
6174 186
6458 1318
7203 1291
589 800
1812 1652
2638 505
4497 1059
5125 1300
6457 2026
8186 2235
81 21
576 1137
2839 1788
3186 225
4169 938
4321 1250
4426 1059
4635 2271
5205 1634
5463 1442
5604 1414
6501 2294
2604 1628
4194 938
4336 2271
4932 1494
5071 1401
5288 1699
5499 1452
6077 2063
1516 783
2804 1609
4722 2280
8446 422
453 2487
4452 1250
5113 2070
5368 1530
5539 128
8737 1022
9409 2389
241 25
452 92
1831 891
4001 38
4240 121
4415 938
5221 1573
5312 1204
5346 1176
7048 1853
7686 420
2689 1270
3845 2275
4208 1663
4549 1250
4950 1688
5133 1653
6562 799
7493 1448
337 200
1328 2258
2978 2044
5039 1386
5506 1253
5743 710
7819 746
1403 911
4986 1311
6832 838
3071 1547
3117 1606
5597 2500
449 96
1455 289
4174 1893
4298 1663
5378 21
5507 1955
5665 189
6801 96
8520 149
8639 1827
9133 1285
20 1466
4069 1354
4997 633
5659 133
1385 590
2688 2070
4383 94
4429 1059
5443 11
6499 2045
6516 309
723 1292
3619 1934
4603 1137
4993 2253
5522 1182
6241 2221
6316 134
8037 1467
8205 1802
9290 1285
258 189
305 2228
472 289
493 2123
4364 1195
5326 2098
5402 2360
5471 1522
9006 1859
9079 186
5096 1653
8447 2142
9243 154
1518 1763
1873 817
2509 1507
2670 709
4241 1070
7729 1695
9100 2117
554 330
4679 1318
5189 1494
5962 1142
8290 1886
2024 1609
4404 1893
4642 1480
4899 768
5170 1015
5304 1654
395 2507
1057 561
4176 1663
5971 1726
7408 1348
91 21
4126 73
4236 1663
5708 1677
8086 734
2118 516
4411 1866
4785 1304
5422 1231
507 154
1851 611
4332 2271
6441 1992
6493 1609
6799 1741
1475 757
2783 2444
4141 63
4693 2280
5014 1369
353 201
1469 2409
1824 2087
4187 1663
4338 2271
4749 1274
4947 1688
5498 1761
6421 1843
6475 172
8294 2155
8791 390
9066 2297
4343 1866
4751 2280
5425 120
5538 2202
5985 474
6761 838
8668 2051
9436 1917
1079 177
1321 942
4209 1663
4718 2271
5165 1539
5426 317
7706 1680
8084 746
8383 2161
8454 1793
4063 121
4301 1059
4625 1866
5309 1168
5509 56
5565 1849
5950 1115
6343 1052
6900 838
1808 749
2926 1629
4342 1250
4456 1195
4692 2271
7090 127
8853 1987
2060 1630
4455 1250
5252 491
8399 1917
8482 137
8550 2118
9395 2164
843 1606
4068 1687
4750 81
7987 2410
7998 1695
8995 1974
2627 1079
3834 2275
5095 1068
8079 1872
8320 37
284 168
324 414
2160 2057
4510 1250
5018 1052
5138 1300
5772 1493
11 227
341 1901
794 296
3848 2275
4200 1663
5110 1105
69 1485
761 2267
1866 1968
3840 2275
4389 2276
5201 2260
5397 1228
6071 968
8428 285
4144 1703
4155 1893
4345 1866
5691 2262
6284 720
6700 286
307 2091
4168 1662
5080 62
5187 2096
5938 2063
8085 1681
908 1285
3927 1258
5118 1514
5648 694
6374 943
371 1783
375 166
3929 1703
3952 84
4311 1385
135 131
429 874
1035 246
3181 1873
4320 918
4331 2271
5320 1899
5961 1516
8339 2274
8552 983
9212 2209
1346 757
3914 2275
3923 12
4164 1893
4242 2118
4568 1312
4767 2025
7545 92
8882 596
9165 1457
717 306
732 2460
5066 1569
5446 819
6347 2233
7265 1488
7588 659
7894 594
7909 936
8132 1804
1283 920
1789 800
4204 1663
4466 1091
4604 319
5599 2120
8764 1972
862 299
1044 1890
1156 2401
4354 1819
4500 918
6330 2100
8181 1240
8472 498
8993 2006
2879 151
4984 1688
6118 2220
6194 2022
7065 201
7231 693
7324 941
8971 688
467 96
476 246
1948 552
4156 1893
4205 938
4509 1195
6112 783
6262 281
8091 1822
261 177
1246 2404
5029 680
5477 674
5583 330
5954 284
6323 2221
6502 1859
6523 2294
8886 498
8888 300
2716 674
6437 179
6440 1561
255 2130
1261 1741
1718 73
6055 1884
1245 2424
1804 1721
4073 121
4157 1396
4286 1663
5005 1680
5040 1386
5404 2481
5913 1632
6012 1240
7464 288
7513 1973
9153 2365
1382 1844
4416 938
5238 26
6260 2477
8258 1405
73 1898
3349 1818
4543 1250
4597 1385
5464 1318
5991 596
7026 2294
9454 2429
103 1681
568 2161
4464 1331
5020 2216
5952 1142
7121 1999
8357 1881
8940 98
1546 1895
4224 505
7488 1934
7774 1954
8153 1728
8765 851
373 452
1206 300
1943 1119
2318 2070
4192 1663
4408 1893
4684 1663
4727 1487
7099 478
8398 900
8829 175
444 289
844 2306
1275 166
1977 2077
2683 2263
2826 1408
4198 938
4994 1626
5172 1715
191 1628
388 191
549 285
1249 545
4278 1687
6422 2258
6461 1028
7415 1881
8081 29
8340 1185
4207 1214
4746 2025
5637 619
1051 51
2538 776
2882 289
5555 610
5873 1944
7448 2118
410 1255
1500 1911
2971 446
4081 1893
4184 1663
4260 1703
5107 1770
5296 1634
9258 1680
886 2258
3044 1151
3484 1621
4178 843
4531 1833
4591 1866
5158 1519
6216 2375
7889 732
75 2152
157 2511
454 776
2699 1507
4276 121
4457 1250
5495 1176
6232 289
7816 213
8168 914
8580 172
3945 38
4211 1214
4417 1059
4638 2280
5193 1539
5930 1632
6564 1934
7867 717
1222 659
4214 938
4414 938
5013 1643
1634 2120
2803 2380
4175 1214
4423 1663
5156 1899
5550 1195
6354 128
1163 134
2995 243
4913 1784
5178 1634
5255 1208
7045 1821
3092 1626
5218 1634
5641 1821
8259 2285
9132 152
9419 2062
1033 301
1550 700
1730 330
4066 1893
4424 985
4516 1350
5680 1660
5856 2118
6446 1519
6488 1708
6506 2507
8518 1872
8979 190
561 2425
4291 1176
4534 1703
4721 548
5306 2218
6575 366
9434 1818
1129 813
2418 197
3027 281
4226 938
4574 118
8019 659
4183 938
5190 1854
5355 1899
5413 1485
5572 1492
5827 1014
4163 1176
4337 1250
4914 96
6366 1602
8553 2193
8746 2480
9049 2299
399 1231
1676 590
2975 910
4181 938
4285 1809
6924 2501
9362 2339
1801 610
4473 1223
4898 2459
5548 1203
5967 1823
7866 420
379 2425
572 330
1655 1911
2917 1459
5668 2118
7602 1715
8130 124
464 608
1527 667
1595 499
5587 1703
7530 2515
9025 2197
2742 834
4056 1265
4425 1866
4541 1091
7775 2031
8365 1698
67 1801
1752 1826
2671 2419
3934 38
4377 938
4428 938
5816 1822
6479 2507
221 814
1377 731
3926 1258
4234 1663
5068 2124
5242 2096
5633 150
7341 397
8318 1893
9060 243
9333 2484
490 296
9154 2385
462 2087
1170 1370
3033 1682
3087 266
5186 2038
7463 2453
7613 1846
9036 2137
9329 246
248 190
327 2444
2117 1817
4515 2285
8466 746
881 1972
3014 2153
3380 102
9138 177
9468 2000
1019 862
2877 677
3011 2065
4284 938
5401 43
5595 2457
7120 1636
8293 2117
8725 148
8958 1504
925 1233
1870 142
3835 1094
4195 1663
4524 1819
4528 498
4616 1663
7632 1659
8297 918
9420 2484
1785 639
3873 2275
4191 938
5202 1730
6426 2427
8927 2025
9091 667
1971 264
2938 284
4294 120
4441 1331
5171 1300
5294 1551
6030 1404
1299 2130
1314 608
1607 455
1768 925
2662 1784
4064 1542
4314 1250
4353 1250
4386 1475
4583 1663
4753 1425
5697 1837
8229 2075
8905 149
2981 2295
4300 1866
4357 1195
4780 1781
5087 1519
6028 1240
7293 92
7654 299
293 178
4267 1893
4542 1664
5301 1257
6036 824
7544 2164
68 131
332 692
679 2030
1601 608
4202 938
5027 1849
5466 1204
5626 179
5679 275
160 214
1786 925
4322 2271
4451 1866
4783 1304
5624 2342
7432 1934
8925 753
9457 557
550 1859
4199 1893
4937 1453
5650 2044
7507 528
9206 422
1188 2466
2796 2239
4197 1663
4944 1602
6485 1872
6925 1629
7788 2036
8938 2109
35 1485
2224 1592
2762 2172
3905 2271
4933 1688
8564 1883
9045 2298
901 759
1461 1108
2622 601
3836 1362
4517 1137
4948 1688
5321 1519
5487 1230
867 273
3857 1258
4299 938
684 1606
943 489
4545 1059
4842 410
5972 369
6044 1403
6113 688
6919 598
8195 237
8912 1987
333 810
1022 757
1042 710
1207 1073
1478 768
4671 1414
6784 838
3842 2238
4034 2197
4305 1250
4349 1250
4584 1663
4940 515
5608 633
5968 1859
8304 2014
9142 154
4306 1250
4402 1265
5122 1504
5143 1300
1371 1844
1570 140
2863 2064
3809 264
6013 1404
211 1485
837 1525
2989 783
4339 1250
4498 938
4525 1350
6173 481
6184 2425
6423 1427
6642 456
953 920
1567 757
4065 1809
128 1282
207 1542
566 1242
714 1477
1038 2294
1431 581
2612 793
2822 2070
5964 1632
7044 659
7292 253
8117 702
8158 178
8917 1606
1472 1457
2636 1819
4227 938
5006 277
5912 1142
6582 1764
7051 250
7207 619
7371 666
184 1330
1742 1972
3060 1388
4413 1663
4589 1663
5162 2058
6128 2092
6497 405
9180 2379
173 166
446 2031
887 476
4381 94
4880 1515
6280 1870
359 184
3031 2153
4310 1250
4538 9
4982 1688
5011 1386
5195 1300
6217 311
6429 2070
6988 2425
7821 1715
8671 1312
677 941
3250 2381
3784 2238
4173 938
4366 2088
4579 1893
4659 1357
5513 1586
5798 148
6062 327
7818 746
9002 1285
127 340
8256 1616
1583 941
4225 1663
4821 2509
5643 587
5689 2465
1850 2007
2903 2123
5069 1401
5307 1562
6375 845
7126 1837
7626 249
8752 2210
16 628
2580 1274
2694 12
4422 1663
5139 1653
5705 2118
6060 916
283 728
1810 807
4067 1168
4280 1809
6321 1809
7458 606
235 25
495 151
540 166
1582 920
2764 834
4171 1663
4177 1663
5094 1113
5553 2142
6517 1360
6565 1816
7449 2381
8204 1739
145 724
227 154
299 930
2030 1422
4318 1486
5658 1710
6510 1363
7689 1741
8913 2006
1450 702
3166 1609
4324 1250
6143 414
6402 2106
8042 1624
9417 166
691 776
1523 2000
1954 251
3064 1053
4190 1663
4499 1091
4975 1698
8105 1587
8108 2079
8860 301
266 869
393 370
909 1822
1008 1741
2914 2105
4341 1331
6307 2221
6362 1809
9068 2300
468 2164
777 1240
4747 2271
7058 348
1301 920
2624 306
3239 2487
6948 211
7928 2006
8822 168
432 2221
3843 2238
4916 1879
4980 1688
5478 2118
7127 2001
9201 2153
9300 1727
1141 724
1155 2101
1288 491
1841 1166
3560 2171
4257 2275
5669 1495
7665 2391
434 2084
4213 1214
5244 1076
5297 1208
5932 1142
6242 2506
6386 1676
3849 169
4270 1893
4483 1893
5500 1859
6006 251
6049 1561
6282 2258
181 104
378 1594
415 1250
556 1872
1965 98
2316 1974
4219 1663
4419 991
4611 1764
6589 1934
9020 642
9083 983
509 225
1146 2092
1678 783
4351 1866
4465 1331
5664 1552
8845 1825
9055 284
144 2228
5783 528
6132 2223
8601 1643
242 76
517 2424
935 747
955 155
2031 2057
2860 1904
4393 2238
4926 73
5208 1037
6230 667
50 983
340 284
497 515
1116 1823
3775 2238
4212 938
4218 1663
5598 160
6046 327
6444 2131
6999 1799
7291 271
720 370
2761 791
2847 627
4447 1442
7397 1466
7451 97
810 2425
4263 14
7304 1346
7393 117
7571 2480
7833 2511
1152 20
1177 2381
1513 177
1874 594
2317 596
3089 151
4292 985
4317 1412
5482 1886
6658 198
7471 2068
9301 148
706 2445
1423 813
1452 1676
9018 2380
781 2280
1548 590
4071 1893
7869 124
115 317
655 2383
2928 1208
3983 38
4539 1893
4996 1930
6275 1753
8962 1208
9233 2495
203 243
1242 1741
4453 1385
5101 178
5809 1721
358 602
659 319
1751 2017
4215 1663
4978 1494
5334 1083
7772 1128
8367 1880
9149 1203
455 2118
590 2425
1683 289
2728 1781
4462 2088
4645 1426
4728 1378
5734 2383
8392 1698
9273 96
1658 1617
1988 688
2792 2391
3917 1542
4166 1354
4180 908
7357 897
8517 148
1144 594
1999 910
3928 2267
5999 1274
8306 2495
979 667
2074 330
2459 776
2649 1176
6683 1459
8952 1477
9064 2427
1889 2404
2442 124
3846 1742
4700 916
5072 2078
5291 1715
5959 1989
6324 2221
7802 2050
1522 1458
3753 2238
6117 2124
6244 311
3844 2238
4108 121
4128 133
4420 1091
4644 2234
5479 1253
5951 1142
6509 1609
7084 845
7086 2262
7749 688
7785 732
9405 2145
102 2210
1588 564
4287 1663
6445 1043
9272 2339
584 1172
2119 478
6063 1561
7124 1773
1295 667
6385 200
6470 1848
7855 805
8453 250
4216 938
4365 1331
4454 1331
4536 121
4656 1398
6379 37
2865 1727
3802 2238
4297 938
4308 1250
5533 1452
5696 2495
754 149
1192 1917
1779 2095
4271 1893
4274 59
6637 2316
8027 821
8703 61
1062 1029
2876 1575
3025 801
3515 1264
4845 311
9011 2398
9029 286
595 122
863 2152
3919 30
4076 1893
4086 59
4764 870
5640 728
5652 70
6017 1844
6361 2208
7168 1624
7548 1880
7614 2292
8948 501
438 1556
1160 819
1573 1911
7191 2268
7470 1818
276 2168
380 155
1376 1032
3144 251
3916 1628
4189 1809
4520 126
4735 3
4985 1589
5612 1838
6299 1753
9346 2109
447 148
1544 422
1599 807
2591 1609
3098 610
3693 1666
3813 775
4075 1354
4120 1893
4546 1783
5396 1360
5488 1586
8315 1465
309 250
428 2459
646 2062
1176 671
1433 594
3486 666
6519 2118
587 1765
600 2424
1434 599
2206 1584
2894 2394
3375 2425
4188 1809
8107 611
9262 2339
236 1628
304 2153
3975 38
4328 1250
4953 555
8152 1648
8861 309
9151 57
9469 520
224 20
226 2433
1926 879
4104 1893
4307 1250
6304 1510
6490 1043
7615 810
7725 250
9192 66
439 2006
499 285
657 2208
1689 703
1790 1741
2818 370
3730 2152
4179 938
4362 2271
4778 1425
5188 1725
5940 2106
6424 847
6986 643
7874 877
8187 1424
229 1521
433 1535
787 1807
2667 2152
4660 1357
5064 62
5564 1647
5585 1167
729 1466
865 273
1733 588
1879 1880
3058 1880
3187 1759
4273 69
4481 1893
5044 2038
6741 1764
7420 688
8890 2172
9047 534
2775 592
2776 251
3196 2262
4886 2470
5019 555
5129 1597
5591 1543
5718 1271
8246 1698
8834 2331
9287 1347
212 1866
262 1303
2017 246
2812 129
3851 2238
3943 84
5388 2274
5560 1730
6469 239
7014 201
7664 2101
9442 2493
4330 1250
8835 1937
9286 252
866 494
2990 166
5818 2388
9451 1312
1064 213
4149 33
8319 1827
8778 1055
154 1140
1030 799
1650 562
2751 2392
6922 2495
7297 916
9043 1823
651 2075
1282 743
4329 474
5657 154
6191 509
7262 2001
8481 68
9176 57
161 2443
772 2414
3565 2495
4110 121
5476 1360
1258 1015
1332 702
1558 140
3318 2239
3866 12
4968 2038
5104 1653
5455 1037
5666 1671
5780 870
24 88
1465 1509
2151 1421
859 839
2771 1259
4309 1250
4653 1357
4900 434
5012 2038
5541 1586
7230 301
7356 2509
8427 2502
9022 759
232 1327
481 264
842 2108
1198 186
1990 589
3183 309
3640 1803
5408 845
6792 1629
7204 280
8690 366
1224 599
2188 1893
1662 2468
4745 2360
7627 1811
9051 2406
9177 2365
1023 757
2777 166
3152 1869
3808 1812
5687 1178
6403 62
7679 2276
8418 747
9147 1013
2095 667
4119 121
4558 1051
7476 2031
99 20
502 325
3931 1540
5325 1015
5469 179
7363 877
8596 2331
360 2425
1197 1182
2815 687
4340 2088
5231 1619
5458 132
7922 2136
8220 1676
9198 563
9207 599
897 1680
994 2139
1574 1629
2927 1043
4621 991
5030 1946
5241 1899
5894 2463
6211 552
6341 1766
7413 891
9276 284
1498 177
1512 685
2019 2429
2416 601
3403 1264
5284 343
6955 2000
8766 816
9084 2333
9392 2209
1722 2145
3488 213
5191 1514
6286 2110
7169 2316
7212 2017
8469 1452
275 2317
466 1011
515 1659
1174 1344
1514 694
2006 1930
2131 1041
2634 500
2786 1710
3568 76
4658 1398
4976 1688
4989 1283
5144 2373
5315 1217
5508 306
8080 1241
8729 727
4532 1208
4689 918
5277 189
5448 1504
6331 863
6921 1879
9111 2347
279 857
512 1215
519 1128
1241 671
1319 776
1562 692
5084 1123
8238 1764
8353 2072
2960 196
3869 19
4261 14
4355 1480
5820 2379
6942 352
7663 2429
9317 151
544 1326
665 2219
1412 1961
1646 757
3692 1166
3742 2275
4401 1265
6831 179
8900 2495
155 2081
185 2152
4074 1354
4398 126
5000 2425
5194 1015
8183 1480
3088 603
3915 41
4399 126
4648 1454
4769 1297
5076 18
5356 1519
5891 1632
8159 416
8161 1686
667 352
933 1657
1708 175
2578 1609
2838 2172
3544 2171
4130 2197
4459 474
5127 1141
6474 1992
6941 194
731 1377
932 920
1254 1554
2997 1615
3985 14
4327 1195
5111 437
5722 1337
5957 2220
6295 2221
6480 510
7711 816
7979 1361
8843 1176
1083 2124
2740 834
4229 843
4703 1297
4987 1000
6797 1164
7575 296
7890 634
1159 186
1534 2101
4995 2470
5319 4
5520 1154
5914 183
9355 757
965 518
1020 2197
2581 319
2845 1128
4333 1250
6607 1825
9449 2044
2983 2198
4799 1351
7438 1606
8102 2234
1221 2136
2126 787
2686 2445
2813 851
3496 507
3746 1730
3754 2238
3899 2275
3911 2238
4990 1052
5474 2233
6337 1753
7414 2158
8131 686
1502 1042
2722 2388
3078 983
4127 1817
5099 1653
5667 2110
6949 2091
8283 309
158 384
936 714
1456 476
1485 816
3841 2271
3922 14
4334 1195
4403 118
4738 321
5168 1621
6987 337
9391 891
182 885
1649 845
3103 1309
3165 1606
4109 121
5703 605
6185 154
8140 2025
463 2075
1482 2437
2458 1897
2576 1629
3530 1407
3989 23
4268 1354
4361 1250
4438 1182
5290 1653
7832 148
9228 1338
560 505
728 223
1333 799
3127 961
8128 1350
8491 1486
8950 2030
653 1034
902 757
1184 1918
1234 2156
1929 473
2093 196
4915 2519
5237 2135
6252 642
331 73
3298 1880
4048 14
4726 1415
5049 816
6102 240
6381 1418
7723 1990
8713 2118
9213 1140
9445 960
41 1593
712 232
1868 1477
4820 1596
5147 1141
5920 2100
6201 378
7823 1175
206 70
2133 1996
2145 42
2623 149
4463 2088
6204 2026
6418 17
6454 1256
8644 166
9347 2100
217 2487
4471 1611
4972 1000
5704 1698
8954 311
205 1098
1819 491
2075 1495
5253 168
6018 327
6190 2376
6983 1164
9171 2330
9196 148
9293 1327
136 2274
198 76
1904 300
2741 892
4917 1934
5075 1463
8419 1609
615 2460
648 1418
4326 1866
4533 121
4967 343
5085 2038
7382 1763
7980 1207
234 1205
1481 667
1878 1880
3024 1386
3611 2036
4094 1893
4844 816
7407 194
138 131
233 253
609 370
672 494
841 2210
946 97
1212 1926
2130 2097
3021 2258
3549 832
5987 663
6466 1051
8643 2047
8844 2104
369 2155
938 1679
1869 768
2565 1121
2672 2073
2772 1593
4035 2238
6073 2198
8892 2057
137 1176
1281 1535
4077 121
4409 1893
4444 1250
4924 983
6317 1256
7180 799
8612 1174
8670 509
8870 1900
0 2231
80 1865
4220 1663
4396 14
6492 2039
7667 757
7978 670
9056 1371
9252 942
9292 757
645 1427
1297 145
3197 1897
8850 456
2679 1872
2795 535
3930 1540
4158 118
4356 474
4646 1487
4771 885
4971 1076
5278 1570
306 2486
637 169
675 403
699 569
1906 757
2441 2092
2985 1615
3030 1014
3947 38
5052 1849
5123 1653
5514 1256
5984 1598
8770 2239
9363 1456
1969 902
2541 1530
3548 97
4061 131
4397 126
7494 2062
7957 2401
8999 700
400 922
571 2141
1600 1005
2279 672
2738 2047
4079 121
4251 63
4315 474
4477 126
5973 1598
6719 1448
8528 590
1235 152
1453 1818
1464 596
4107 121
4482 1893
5057 1401
5392 1156
5399 1609
5467 214
6462 37
7728 521
8964 585
9283 1271
9404 2117
3837 1616
3953 1473
4774 1139
4872 1688
7629 2064
8859 17
65 2403
208 132
4661 1297
5542 1256
1344 680
1356 2466
2037 90
4325 2271
4731 960
5145 1597
5737 1178
170 497
934 2164
1490 1890
1493 1759
1688 2468
5725 2383
6414 347
6549 293
9074 1724
12 1994
46 1485
178 69
1031 807
1909 1096
2138 319
3136 1632
3167 2466
3332 1519
4279 1893
4350 1331
4707 340
4952 1123
4974 1698
7057 1922
4668 1426
4983 1849
5081 62
5569 2274
8043 1792
8225 129
9032 2298
9308 2006
1619 1901
2680 1060
3756 1730
3877 2271
4106 121
5755 2358
7015 2338
853 1680
1964 1817
4162 237
4702 900
5552 1023
7257 663
823 260
1132 1846
7776 256
3414 2170
4019 23
4963 62
6329 1753
8723 732
218 1176
1089 796
1910 2030
2094 1615
2392 162
3540 2137
4359 2271
5232 1283
6335 384
6606 1258
34 1405
2542 1686
3285 1477
5996 1158
6042 736
6271 757
7431 2099
8929 365
292 1608
362 365
1164 227
2063 2064
2076 240
2898 311
3874 2238
4705 194
5137 1141
5166 1597
6020 1375
6592 2045
6668 2462
9332 1475
9456 541
1322 799
8963 1870
2970 747
3052 2481
4232 1893
4796 1297
2633 1166
3413 2171
4135 2238
6537 433
7791 2360
9432 166
1967 960
2277 134
3039 1666
3572 151
3907 58
4467 2132
5318 43
5438 1341
5804 2288
7529 2239
7958 735
82 1462
578 550
1540 420
1631 73
2011 840
2346 1884
2408 730
2750 2172
3036 1666
3799 2275
7536 1037
8139 729
8828 1575
45 41
3161 774
3194 2362
3735 1742
4185 938
4836 1643
6677 1606
8433 2495
165 2178
1134 1476
2018 2200
2802 1913
3740 2275
4363 2271
5043 1688
6045 1425
7696 2400
8774 1880
9097 2323
974 2181
1267 166
1386 676
1791 1167
1896 204
3184 2516
4567 1833
4733 1139
7859 269
8821 1833
2564 102
3734 2238
3762 2238
5236 2068
9052 2311
457 2511
1536 2294
2038 746
2235 1242
3115 211
5812 2502
8463 2217
605 320
924 663
2774 2172
3373 1919
3633 2322
4230 1176
245 1926
775 2181
1196 548
1832 1248
3757 1258
6706 459
9033 2298
1462 1859
4458 1819
4698 2168
5862 2386
1508 2437
3022 729
3879 2271
4258 58
4903 938
5100 1300
7082 2476
418 590
3001 1312
3615 978
3859 63
4080 1893
4137 1615
5609 624
6059 2141
7562 1695
8185 2058
596 473
2615 1802
3853 2238
4029 2197
4237 1893
6051 2227
7961 1466
8094 2241
8381 625
9326 2235
223 227
265 365
2238 2219
937 1338
1606 852
2165 1867
2360 579
3714 1316
5042 194
5675 1607
6279 958
6646 669
6745 897
6863 240
7584 2118
7934 886
9402 2327
725 1023
2635 63
3290 37
4248 1057
6311 877
6858 1934
7132 140
202 1406
1620 2296
2257 912
3093 1308
4885 1757
4939 1422
5181 1368
6866 1799
7066 498
9178 1452
120 938
164 1267
915 2255
956 1930
1171 1120
1489 1882
1847 1441
2563 1649
4078 1628
5461 1167
5736 2383
5904 1211
6325 692
8751 1898
1210 786
1565 922
1712 1713
4654 1062
5660 271
7959 2105
352 22
1233 1879
4576 1650
6511 315
8059 246
8295 2226
907 1918
1451 2519
2606 107
3800 2198
4752 196
5647 2038
7083 943
7599 2242
8041 1901
8559 1145
8693 638
8854 289
2559 109
3612 1208
3803 1730
4254 2275
5230 1253
5406 1438
5719 1304
8549 998
2784 1560
3609 2137
3770 2238
3865 12
4005 1616
4010 23
4045 2275
4335 2271
5537 1840
5638 757
7535 1925
79 1405
2022 742
3880 2275
4095 1354
5435 2212
5526 1061
6293 378
6312 659
6327 384
7926 813
1974 869
2525 299
2660 1780
2684 938
3942 14
8749 1457
1026 688
2913 1746
3569 2039
7485 2415
443 634
954 348
2122 80
2840 776
2999 2065
4043 2238
4103 1354
4275 59
4725 2168
4824 2294
5739 1930
6571 2103
8036 232
9156 2349
60 1050
1158 1205
1915 1557
2912 442
3872 2218
7787 1475
8106 2181
8388 1939
8704 1427
9071 1913
110 829
833 2137
1503 1526
3043 1602
3755 1742
4577 1893
5247 1438
5411 1634
5702 189
8813 431
1572 1823
3415 1803
3831 2275
3909 2238
4089 69
8757 578
9267 757
9431 174
1886 819
2731 2465
2843 819
3918 79
4578 237
5686 833
8510 900
8642 1745
742 2267
2488 1766
4360 2088
5015 1052
5436 1759
7834 116
620 2022
1589 801
4047 63
4527 1350
5625 1097
5634 2001
5639 491
5651 1135
6728 2444
8635 99
220 2102
1201 1096
4060 14
4925 296
5489 1208
6364 1925
8049 1528
2991 427
3980 14
4139 227
4480 20
6455 511
8910 791
654 347
762 482
1576 2118
2123 2285
3792 1598
8669 2419
9172 2306
1581 2006
3316 2487
3910 2238
4988 1914
5559 119
5694 1924
9382 815
929 1783
2524 735
6687 178
1302 2030
1593 1457
4147 67
4613 606
5592 1762
5919 1972
6507 1438
6538 112
6635 1743
6804 2296
7139 1792
7811 1680
8615 998
1179 128
1378 2067
1389 1554
1719 593
3108 1683
3386 1209
3508 2322
3854 2238
4023 67
4881 1284
5025 1849
5814 2084
8509 795
8879 182
392 2235
1269 2118
1698 798
2185 1726
2221 131
2727 1376
3035 1721
3868 2275
3951 44
5733 1698
6387 2500
9103 1060
461 663
1778 830
4964 62
6351 2004
7910 2044
9013 135
26 69
3258 2352
3875 2275
6002 1274
6273 594
1087 1960
1113 148
1745 98
1983 246
5746 1779
6145 1823
6483 225
6586 4
8420 498
8881 757
9105 2517
166 1252
270 877
661 676
1614 1441
2951 446
3066 868
3134 830
4022 14
4756 1432
7319 788
54 347
711 370
780 461
985 250
3838 41
3895 2197
5682 17
5750 1805
6168 2100
6390 2100
6556 1444
6834 2061
7406 1379
9016 289
9325 659
1349 2258
2113 2105
3442 1937
4002 38
4231 1176
4797 1062
4850 512
6610 589
8567 2193
9440 658
2763 2102
3832 2275
3891 1861
3944 14
5169 1730
9455 333
139 1485
478 415
3330 2337
6319 89
8088 1804
8314 664
9127 57
3063 1721
3140 1914
3627 2351
4787 88
4951 1123
5431 2406
5475 2386
5611 2203
6084 2223
6291 378
8254 98
386 1360
1457 305
1535 794
2203 1806
2883 1437
2953 969
3038 1696
4101 1355
4358 474
4479 126
4812 816
5082 194
6048 1452
6401 1000
8692 41
9223 2000
394 1070
874 277
1399 481
3688 464
4998 632
5157 2038
5504 1145
7085 490
105 1239
764 2312
1852 235
2595 453
3667 775
4737 201
7542 250
7741 2494
1460 2032
1617 1619
1765 1557
4112 1893
4117 1648
5794 149
8333 1714
8636 768
77 1156
504 1983
1178 757
1822 178
3284 1477
3527 2289
3689 1372
3902 2275
5323 1141
6734 886
28 20
1024 240
1699 391
2035 285
3233 2322
5710 1092
5773 2084
6225 2061
6980 926
1237 498
3328 2221
3946 14
5045 1514
6043 1766
7232 346
7331 944
7514 1303
8335 2030
250 1182
962 1809
1407 703
1903 891
1959 2174
2089 1972
3236 2352
4674 2070
9042 1292
458 915
2765 799
2867 491
2921 694
4032 1105
4772 1199
5362 1037
5391 2058
5581 552
8584 2419
693 2417
724 1324
759 132
919 535
3960 14
4072 121
5182 1936
5573 1378
5756 687
5767 2043
6336 1076
8712 1751
9109 667
9284 2381
251 149
2611 983
5777 1909
9452 1033
1029 553
2980 233
3793 2275
3839 1702
4148 1191
4999 623
6836 2510
7992 1846
8561 546
569 524
2979 384
3032 546
4132 1057
5701 238
5887 2253
5995 1158
6004 1974
7850 117
8600 182
319 386
812 2510
2797 738
4070 59
4113 2144
4663 986
5628 2507
5953 1158
6089 1325
6103 2209
7330 1498
7368 2009
7695 864
9277 2118
192 2263
1262 1166
3724 2138
3920 496
3924 14
4710 543
6243 1870
6660 1520
9090 915
9184 2097
1420 134
4087 53
5427 2197
5437 219
5672 1759
7694 1891
880 2073
1226 198
2220 1393
2899 2118
3110 681
8382 154
709 334
815 2298
900 1206
1276 459
1898 475
3795 2275
3903 2275
5503 2198
8451 498
47 2228
97 1372
494 1022
1885 2444
2577 491
3856 2238
4033 1770
4256 2238
4683 132
6281 703
7264 671
8336 309
8617 1738
25 68
1946 810
3585 2351
3861 14
3933 14
4009 23
4239 33
4478 126
4958 2289
5234 325
6310 857
7381 975
7701 627
1231 2442
2050 600
4882 1362
4965 2038
6264 1106
7320 1859
9152 1431
698 942
1771 710
6119 2223
1055 2327
3606 1736
5335 1257
5531 1607
5729 289
7046 2519
189 66
547 117
921 2410
1266 938
1413 601
1720 852
2111 41
2200 1685
2821 2099
4250 595
4262 1265
4991 1589
5407 1504
6775 1073
7027 2402
8240 25
8747 2278
328 240
442 2495
642 2502
949 892
1085 2102
2080 1504
4046 2238
4734 1092
5615 1303
5763 151
6029 1426
6800 240
555 2482
1845 2062
3908 2238
4006 1109
5089 2020
6843 877
113 69
1091 2405
2570 1673
3833 1598
4709 1215
5524 237
5815 2298
8202 1170
8355 2311
8654 671
2747 958
3794 2275
722 753
975 1485
1877 175
3124 2467
5505 595
6223 1741
6448 1404
6748 932
7301 300
9114 867
1054 639
1427 2258
1925 1880
2000 2134
2582 125
2717 888
3663 987
5065 1123
7358 678
9021 2177
9050 961
6 2253
196 2343
244 459
3736 938
4966 1030
5713 2084
5745 196
6363 1030
6714 1384
9028 922
820 1968
1191 2516
1563 225
2550 121
2650 1306
3649 1294
3852 2238
4979 2217
5281 26
6753 178
8848 1350
269 135
904 1859
3070 1930
3997 14
5562 1441
5837 1336
8155 1173
301 1077
368 863
978 2156
1074 677
3400 1264
3743 2275
4476 14
8226 291
8787 187
9215 1580
2026 1718
2831 687
5228 1037
5649 1531
5709 916
5944 2101
7211 1922
7630 192
8904 787
204 389
1303 707
1559 729
3630 2351
4252 2238
4918 958
6685 349
146 1027
1564 1043
3557 2006
5848 1729
7364 1154
7633 1638
98 2228
131 2050
3317 1376
3810 379
4253 2152
4264 14
8012 1629
8269 608
9136 232
3805 990
4969 865
5008 1688
7404 1994
1507 1777
3175 2308
4136 2275
4673 1080
5802 2379
6384 1229
7557 2406
7763 1323
9199 194
9200 2025
748 767
1741 1530
1935 1741
4255 2152
5163 1076
8640 1241
9345 2153
858 255
1888 260
1936 915
2982 938
3150 1683
5900 2013
8177 1023
9343 2450
8 2458
83 938
1726 1088
3739 2275
4138 19
4142 2275
5860 1729
6491 1363
6869 1164
8846 1030
3 2050
271 2293
670 2470
3015 498
3962 1540
4773 1600
370 1485
482 1259
641 6
2952 1285
5663 1954
6328 321
6425 1310
8479 2056
8738 201
168 1554
785 2141
4238 121
4537 1893
4615 1562
5046 555
5161 138
6787 97
7100 1712
8141 430
5896 2110
8837 1877
9113 2337
1216 417
1818 768
3828 2238
5051 1253
5079 2495
6202 1256
6789 1022
7570 1752
7786 686
8543 897
8771 408
9107 610
66 2072
347 1486
2984 2153
3065 1336
4024 1616
4082 1893
5243 1052
5576 1956
7925 1340
8025 1782
9070 2300
124 38
3214 2322
3539 1407
3584 2352
3691 1312
3788 2238
5322 1332
5529 1167
5724 2465
6428 1504
8380 966
213 100
1467 888
4118 59
5447 491
5706 1043
5758 404
7137 1356
7938 2239
13 126
738 994
2916 1985
3240 1934
3977 38
4400 38
4535 59
5091 1519
5390 1323
8503 1182
9185 1105
119 1336
685 2102
1883 1843
1986 597
2132 1373
2240 1807
2757 277
2891 444
3395 2335
3483 2137
4530 2199
4803 2004
123 2187
257 287
445 1015
1608 772
4115 1536
5026 566
7074 1748
8032 1624
61 108
4265 1265
5749 271
6903 642
7641 850
8836 900
18 126
3163 2255
5516 1285
7812 334
14 1648
697 410
1666 545
1701 810
2850 2164
4044 83
4757 1830
5059 632
6536 1250
6731 1248
8227 352
8407 830
93 876
109 2178
151 1156
153 38
488 255
939 461
948 1032
1040 1180
1410 476
1950 834
2077 54
2758 1153
4083 1355
4406 1802
5501 2072
6210 378
6212 154
8194 1619
8851 2099
74 227
1473 2153
1491 687
1531 188
2785 2380
2856 2099
3797 2275
4468 1583
4662 2142
5723 1799
5823 1464
6721 2046
8621 877
8808 767
1520 138
1703 2247
2009 1165
3425 913
3737 2152
6584 1723
8789 2118
523 2108
5179 870
5684 1535
5800 2093
6092 2138
6663 1336
7892 1207
8385 1388
76 2228
122 20
1066 2500
1495 1003
1826 1495
2641 1132
3324 2362
3727 1057
4266 44
7455 456
8110 2404
8464 1078
8562 1105
966 2316
2710 2291
3664 2493
3774 2238
3898 2238
4650 1199
5720 2382
6944 133
8885 61
37 1305
84 2153
286 983
2526 142
3723 2389
4091 1648
2791 1045
3351 2459
3650 2289
5352 688
5394 277
5442 456
7906 1011
8894 2045
9268 1711
228 657
625 1930
2781 919
3218 2487
3791 2238
3932 67
5055 2078
5358 1597
30 2159
163 500
593 2406
606 1848
2642 369
2732 249
2827 2058
6298 88
7944 405
197 410
541 67
557 319
828 471
1027 1931
1899 1930
2656 1274
2664 1363
8441 1172
8593 1147
9460 941
1880 628
6054 1214
6135 2223
121 2228
627 1535
758 1804
1227 621
3860 14
5688 1698
6602 961
9005 223
710 1710
1387 756
2347 304
2511 132
3171 1393
3353 133
4013 1191
5871 879
8629 1732
1065 2429
1183 2516
1405 485
2599 83
3904 1057
4038 2238
5058 550
5558 2490
5744 728
5840 731
6707 2517
7369 271
8709 684
686 2493
3219 2487
3347 2510
4146 107
4486 107
4712 285
5671 235
5903 1211
6209 625
6766 975
7505 60
7606 1519
8803 1909
8839 275
9069 1453
364 2507
2141 888
4474 44
7059 2279
8068 873
8406 303
8632 1503
788 1367
1009 20
1912 2073
2515 2396
4059 1703
5093 1463
5835 2392
6392 1283
6396 2511
150 1648
1336 1630
6151 2376
7442 496
8149 818
8180 2234
159 1167
190 1405
377 1009
2572 1876
3158 455
3913 522
4919 1129
4957 1997
5707 736
6093 2138
6833 811
9012 621
89 2153
562 1728
990 144
1084 2376
1330 410
2171 662
3146 829
3949 1265
3988 5
4025 1793
7713 1614
8461 509
776 1077
2042 2466
2663 2234
3319 941
3747 424
3773 2238
5054 2078
6005 1859
6906 1954
7699 2047
8045 1504
64 1027
1012 884
1692 1573
1834 1339
2394 256
3487 2183
3660 1530
3759 1654
4121 121
6478 1738
6760 801
7299 1841
7779 1754
8416 1248
8710 2295
9169 818
149 437
200 2055
349 178
1000 738
2640 1928
3303 2351
3768 2238
3858 1615
5683 2044
5821 386
6228 1508
7350 1255
9270 2221
583 604
1383 2118
1426 205
2579 2235
2963 2138
3790 2238
3984 14
4140 2238
6966 137
8302 1934
1256 2000
1657 779
2593 91
5053 1253
6169 2214
8535 1509
132 382
872 2462
1161 880
1533 845
1609 37
1780 776
3564 2171
4981 1620
8292 1332
8946 1015
9463 757
1735 1685
2250 1393
3850 44
5515 921
5791 1309
5983 2078
6725 1580
9164 1452
9334 1080
3481 2058
5398 941
8797 1485
813 2390
1052 1444
1098 864
6679 806
492 585
3224 2322
3245 2352
3334 2369
4015 38
4100 1190
5403 1141
6076 459
2841 1217
3526 2289
5239 424
6352 724
7165 2454
9388 667
622 1600
1095 674
3041 2099
3864 38
7321 399
8739 717
9209 319
9414 1097
2966 642
3559 2135
4819 1217
5751 166
8784 1057
898 457
1762 2269
2044 129
2178 2054
2592 548
2998 596
3139 485
3432 1407
3547 1429
5421 1313
6110 2223
6699 2427
8323 162
9418 892
643 880
760 2090
1975 799
2632 1166
3045 1307
3217 2262
3267 2449
3505 2335
4977 1401
8523 501
9330 642
9439 1232
9471 739
231 1789
2729 2371
3020 816
3215 275
4529 1964
4835 1446
5197 168
6236 810
6253 2338
6481 1005
6693 1210
8436 1683
700 366
957 2084
1045 1764
1341 1371
3728 2212
4777 319
6512 1802
7996 143
8127 2142
8374 318
8805 766
8817 2279
8941 776
3780 2238
3789 2238
3912 2275
5726 1340
6246 1457
6554 2026
8154 94
96 1245
533 2155
1133 2428
1724 1086
3079 1276
3102 1089
171 2178
216 82
298 205
354 2277
743 315
774 334
1310 1744
2575 709
3636 2477
3956 14
3999 23
4647 1080
4883 2300
5021 2217
5810 2093
5838 1554
6526 1444
7810 1680
8949 2001
44 384
1286 673
1486 643
1884 98
1998 2462
2432 1876
2707 1753
3068 779
3401 2351
6294 776
6624 2329
8223 192
8273 536
8300 1336
8779 2493
1173 1504
1501 692
3593 1294
3798 2275
4145 14
5980 791
6899 1824
7073 1780
8705 2511
4053 1649
4084 1355
4832 857
5610 1626
5955 203
9078 811
735 2153
1251 624
1361 545
3116 491
3434 471
3707 2006
4003 6
5635 1145
33 1275
906 2297
1941 1338
2427 642
3374 154
3391 1264
5795 2083
7891 1207
8498 369
1860 1992
2645 104
2745 1800
3083 1721
3426 832
3435 379
5727 246
2907 477
3002 1971
3733 2238
5098 1300
7875 509
9098 1386
58 2142
3626 2344
4762 2004
6031 61
8113 2381
42 1286
1350 1519
2701 791
2846 1000
2976 1473
3042 1365
3248 2352
3482 2006
6534 1363
847 393
1086 767
2058 1876
2676 1240
3309 1180
3516 2351
4093 1536
4782 2433
6019 1375
6269 1175
7822 840
8731 1936
9261 2403
634 1535
825 1070
1107 2099
1759 498
3034 1437
3767 459
3778 2238
3823 2170
3938 23
5877 1729
9026 658
9309 1029
23 1777
264 1879
1167 2116
1670 922
2072 415
2674 1270
4098 1536
6862 460
6998 1846
357 2383
3881 424
6127 1034
6373 2433
6733 306
8281 1753
95 461
148 33
548 233
2603 299
2800 2316
9094 2335
927 2376
1861 1711
4016 38
4675 1369
5333 1257
5395 669
5405 552
6078 2215
6543 1209
6875 459
7789 1054
8558 2035
1317 706
2958 1122
3149 291
3925 1018
4789 1254
5152 1673
5965 1819
7376 242
911 1872
2766 2364
3461 2006
3531 1285
3594 775
3751 2238
6756 2118
6839 2063
1611 2130
3173 1338
5673 1395
6737 2177
7681 217
9014 417
9130 2355
9371 757
296 1602
694 2345
1043 689
1669 186
1687 2181
6200 768
6208 1741
6353 1123
7860 1039
8847 178
9186 2482
389 293
531 521
629 1479
2139 2404
2673 1531
3095 477
3427 1146
3906 2271
4021 1190
6227 920
6553 2039
8087 1848
8992 278
9193 1752
1934 1722
2675 1060
3008 1153
3105 774
3225 2352
5192 2274
6257 1508
7666 1285
7943 635
8581 2425
381 2140
647 943
1345 689
1632 225
3097 1770
4830 1781
5183 44
5428 1124
6095 126
6616 2423
8519 651
8527 940
254 430
313 307
611 641
890 2152
2965 596
3961 84
3968 23
5808 2276
8275 181
1211 1371
1298 1366
2748 1905
3779 2152
4575 121
4580 121
7215 408
7742 1039
8907 1196
9249 2316
2874 701
3259 2354
4765 835
5700 2326
7836 2430
8280 1735
108 1265
403 2305
1145 174
1300 277
3713 847
4822 528
5661 340
6649 28
8064 1782
1914 2478
4395 2152
5496 1293
5869 616
5976 663
6111 2
6148 5
6618 166
7740 2086
8119 251
8628 1093
175 198
895 1255
984 1573
1571 899
2626 1644
3393 1264
3992 461
5484 168
6199 2310
9061 1910
199 461
848 2321
1119 380
3964 38
5771 1300
6726 2059
8065 1207
186 1872
3126 184
3243 2337
3871 1181
4732 2420
4927 1713
8178 1167
8571 1142
1578 2037
2715 238
3352 1646
3501 982
3782 2275
7214 595
8028 2144
1150 1037
1366 971
2083 2109
3394 2351
3715 1596
5948 2437
6729 240
8537 311
9297 2089
696 112
2207 2238
2948 1298
8431 1388
78 2178
201 1096
993 1540
1265 37
1372 413
2307 433
2334 1441
2959 767
3205 1977
3629 2322
3783 2271
5946 2437
6074 2212
6436 166
126 2047
608 1529
3717 2170
4011 23
6033 830
6504 1738
6665 1455
6970 2423
8897 888
2217 1420
2614 2174
3057 2032
3138 1408
3337 1017
3796 1742
4050 9
6272 378
8951 1120
1018 2488
1058 1565
1916 2084
2787 289
3238 587
3590 2381
6240 1508
8933 1639
8977 419
1108 133
1239 581
2708 256
2798 2403
4672 1414
5901 1729
5902 1211
6770 2078
8594 2316
8695 460
8966 2462
9446 2284
162 54
1326 189
1441 1395
2223 412
3639 2337
5927 2437
6560 1108
8494 582
9124 1330
1208 2491
1594 789
2167 1393
4054 1362
5616 1530
6096 14
7063 2094
7323 116
7600 73
7761 407
8313 701
406 1657
3632 2322
3659 2051
3855 63
4715 1166
4741 1092
5878 1729
8707 1022
8959 197
56 630
535 123
1740 358
1836 1167
3234 2351
3404 343
6189 1659
7558 1466
8742 1384
22 1305
193 7
1313 714
2988 724
3272 2352
5433 289
5832 1729
5866 1211
6382 1882
7828 479
8651 2468
702 409
917 2419
1103 300
1628 1641
2854 501
3812 775
5041 1688
6334 634
6572 2462
6647 2050
7691 1562
107 1203
2300 547
2677 1415
3348 92
3471 545
3570 456
3673 1294
6738 768
6764 1884
7440 235
8076 2135
7 749
86 2187
741 1744
1264 644
3198 422
3398 1264
3897 2238
3950 14
3973 38
8118 312
88 81
117 91
3051 1393
3963 23
4781 1523
5851 1930
7298 540
8122 1703
1375 658
3562 2006
3955 38
4708 342
6226 1724
6263 2004
6463 968
6682 495
1112 597
1359 2443
1480 282
1552 2079
1809 455
2337 1732
6302 1080
6603 18
7784 369
7981 395
1342 2467
1590 2333
2105 545
2933 1043
4041 2403
4730 3
4791 1615
5035 2153
7436 2415
7953 219
8490 1742
1526 1477
1727 2258
2172 2267
3023 2198
3571 1352
6704 916
8421 373
8458 1415
9304 129
756 2151
1917 793
2814 2099
3552 97
3876 1783
4057 233
6655 1256
7506 528
7576 1205
7991 853
8816 482
2896 694
3082 1336
3385 1203
3819 2170
5256 1257
6872 1030
9250 25
3037 1404
3703 2289
3979 461
4102 121
4912 555
5855 754
6154 2376
6634 1844
6969 780
8610 76
8849 2282
878 1936
2280 875
2289 25
2919 2
3111 774
3159 793
3291 2061
3534 2006
3668 2289
4798 1297
6239 378
6632 2177
6757 877
9053 806
57 2141
1391 1192
3546 2514
5888 1164
7840 789
8788 633
222 1263
1001 1087
1755 169
1972 1586
3254 2337
3729 2212
4825 2073
5360 1113
5600 1323
5916 270
6214 820
8228 524
9128 2335
2086 757
3704 775
3885 2171
3966 14
4028 2298
4036 1057
4244 1645
6420 1973
6547 1781
7543 698
8218 497
8991 548
9282 2057
280 1141
818 541
963 1534
1228 443
2218 801
3954 14
4879 2219
7693 2382
9255 2086
10 203
1076 1600
1199 1847
1525 834
2833 676
2835 1172
3731 2152
4143 522
5070 1076
5839 748
5926 1544
7653 726
7692 743
8931 1680
656 2349
678 7
768 25
1817 1119
1945 1411
3787 2275
7054 2423
8303 2074
9214 2198
17 33
326 168
1541 197
1597 2443
1627 182
1796 1414
1813 1601
2714 2410
4049 38
4111 1354
5907 2437
7033 1759
8753 2241
673 273
1610 1389
2073 369
3056 888
3491 169
5881 2253
7447 3
9101 1357
9148 2363
1081 139
1693 524
1997 788
2415 2410
3862 12
8395 88
8531 1361
8819 486
9406 2254
273 963
602 2278
2587 2273
3738 2275
5908 1210
6672 1411
9437 1346
32 1686
638 413
791 1046
870 528
1032 739
2735 814
3000 597
3750 2238
4890 857
5674 240
8893 470
9234 2005
877 594
899 1934
1684 2387
2646 1926
2925 783
6931 2099
8455 1715
430 1393
664 1017
3061 687
4134 2151
6567 1806
8744 1222
9229 1759
607 2430
705 1287
861 1859
1169 731
1444 220
1449 987
1805 398
4133 1057
6160 666
6238 711
7817 1087
7993 580
8146 2145
8348 2078
8908 299
9116 509
9306 1072
1082 648
2068 1448
2583 1628
2719 1066
2734 2354
2875 2099
4008 38
4889 816
5614 1580
6333 256
8488 207
8541 2234
8760 1782
8916 240
382 2395
604 135
1566 161
2124 2080
2270 672
2507 410
3220 153
3712 1861
5774 2221
6091 2138
7253 444
7945 740
38 1648
421 44
1291 664
1488 1912
2157 2241
4017 14
5801 2220
5934 2388
5966 2493
6108 2210
6258 608
8233 700
9023 1265
2051 548
2908 218
2911 858
3137 238
5757 2084
6180 457
6581 2414
7807 1712
291 1060
840 2210
869 2380
876 637
964 2489
2252 41
2661 2448
2905 767
3690 2198
7676 1893
7759 556
660 1776
1097 2008
1846 680
3732 2271
3921 14
3948 1028
5004 960
6207 1679
8356 1918
9146 1203
9266 2485
923 218
1956 509
2972 2152
3099 881
3617 2241
3901 63
4657 1414
5483 1504
6732 1022
7417 263
8587 43
594 1105
1094 2443
5747 2044
5778 1677
6580 1885
7964 1830
8090 2474
8555 2018
9368 1812
9397 1167
1123 300
1521 1476
1867 2490
6985 1178
7396 1543
7481 870
7856 580
479 2361
1721 651
1823 2174
3388 2335
3827 1105
3996 84
4088 1355
6712 606
7173 1009
7520 758
7625 1284
8914 2292
390 241
1252 838
2144 1086
2743 2394
2823 197
3028 415
3235 2351
3322 1698
3499 2335
3888 2170
3970 14
4807 857
5287 1113
8557 2127
8772 1042
407 717
1575 1291
2992 1018
4678 1751
8807 1336
9126 2353
172 461
470 1312
1142 395
1268 634
1908 1846
1923 2408
3647 1600
3804 1057
5905 1545
6837 2495
7563 1113
8745 910
8903 2177
708 1318
3211 2351
3817 2054
5359 1332
5836 1336
6058 1688
8048 1036
8379 1041
1702 608
1919 443
2053 2267
2954 1154
5146 2274
5180 1113
8343 410
942 472
1406 471
2682 2420
2730 2465
3160 1885
3886 2135
7064 932
9239 1479
471 943
1955 123
2848 1384
3882 84
4272 59
4760 1651
6439 2013
8532 979
8732 17
9245 463
9448 1073
2008 162
3308 2352
3475 775
3896 1105
4810 816
5353 235
8096 634
9356 1479
4 888
619 1050
2184 1406
2522 66
2788 494
3675 775
6650 2491
6795 465
6841 2415
7332 891
7582 1947
8785 341
39 1027
690 1725
1673 2298
3634 2352
3890 698
4755 1080
5884 1493
7454 1291
8247 1814
8960 190
891 1770
1102 1666
2015 892
3040 572
3244 2352
3247 1264
3801 2238
4394 2275
6085 2223
6170 308
8341 1303
9108 2419
9396 272
92 501
635 2198
3292 315
4114 121
5857 2382
5864 1211
1458 1135
3661 2276
3807 2162
5574 1531
6134 2491
6155 2376
7462 541
7519 311
8197 1479
8997 2231
9170 698
325 1904
2090 941
3699 775
3766 459
3941 14
3958 23
5480 58
6297 1786
8607 1163
1995 979
3786 169
3939 38
4897 555
6828 37
9407 1897
2968 1723
3376 1298
3444 2215
3512 2352
3726 2153
4052 6
7108 1448
7335 2431
7720 1869
8678 1187
1061 742
3114 367
3346 2487
4105 1355
7592 1793
8121 1406
426 1457
3153 2360
3620 1435
6716 1618
7459 1268
7771 870
8924 2431
441 289
3016 688
3147 1447
3686 463
3772 19
6278 454
740 754
1272 299
2778 127
3463 379
3761 522
3998 38
4027 2389
5430 1757
5741 1945
5885 1211
7678 2224
9057 1429
783 83
1209 1251
1547 2147
2844 1777
3412 322
3706 269
4131 2080
6192 651
7226 1849
8166 1734
8827 497
577 403
704 2379
1409 774
3602 775
3696 1935
5865 878
5986 79
582 384
1892 1226
3500 981
4775 1590
5473 1057
6342 2159
6803 551
8093 1885
8475 131
9374 267
48 1027
739 330
1053 547
1738 1622
3748 2212
6636 488
7249 1764
8855 336
9117 480
9220 1351
1153 1439
3538 2514
3588 2351
6367 1300
6850 1757
7129 139
9096 2337
268 2110
2112 2156
2153 2389
2239 1746
3172 1351
3177 2111
3460 2136
3652 830
3758 2218
3995 14
5164 1300
6064 2174
6126 2478
6256 178
7278 2199
7883 2455
8393 1580
8877 2407
1863 798
2356 319
3200 1299
5796 1781
6182 196
6767 2388
968 460
1092 580
1579 736
3331 2352
4031 884
5103 1300
6120 2223
6339 2009
6645 2344
6783 1876
9123 2362
176 104
580 369
1110 1552
1532 1165
1569 2127
3148 1338
3164 2151
3678 1407
6573 1811
7441 1714
7777 1444
8611 2141
8663 2443
1580 1426
1659 787
3297 2322
3608 2476
4385 2
4472 510
6107 2212
6673 2423
7395 1886
8842 459
9104 313
2569 101
3188 2081
3492 1784
4739 140
4790 2211
6163 1032
8506 1867
832 535
1781 71
3498 546
3535 880
4116 1516
5854 1211
9143 1751
671 349
2230 2231
2288 572
2901 1171
3443 2288
3814 2170
3825 2171
4004 1542
6277 1609
7433 1638
8680 1284
9099 2361
9145 686
87 38
610 393
930 1781
2034 1880
2617 754
5512 1043
6037 139
7612 1681
7662 407
9411 638
179 2187
873 957
2986 1140
3600 921
3670 775
7453 2094
7495 805
687 281
2687 423
2737 194
3510 2310
3551 2170
5892 624
7252 2257
8598 1172
94 2009
290 961
757 2289
1135 688
1887 735
2746 1876
3389 1264
3765 459
3771 2275
4795 2265
7977 489
8911 419
1028 2153
1930 924
4007 23
8029 2217
947 714
2895 2439
3816 2170
6248 768
7199 2009
8762 585
3579 2351
4051 14
6001 41
1036 790
2098 1245
2523 376
2940 424
3091 1384
3433 1937
4405 23
5429 2054
8521 507
8546 1178
9112 1013
636 1034
2414 1823
2613 2389
3131 283
3311 2352
3725 369
3935 6
4849 229
5849 1729
6122 1019
6407 1873
6443 1438
6690 1492
7572 2274
8627 114
8718 1234
9077 267
1602 1004
1732 2378
2527 1043
2837 1963
3556 2171
3605 1041
3863 1648
4776 238
4786 1483
5316 124
6292 1508
6818 1639
9210 642
920 2287
3514 1012
3892 2170
3982 38
4040 1783
5918 2465
5928 2403
6140 1977
8588 498
118 1424
125 66
831 599
1154 1639
1331 2381
1435 2022
2213 2128
3107 774
8556 210
9335 2152
43 1648
140 69
317 1528
676 1724
2341 1010
2767 376
2794 1971
3381 206
6266 818
6825 643
6996 1134
7652 2327
8945 1512
55 59
376 2086
448 607
2325 327
3295 1180
3409 2289
3646 2006
3959 14
4055 1648
7189 375
9125 700
9140 2498
9269 2403
9340 413
114 1648
480 309
2949 521
3625 2322
3643 1089
4766 1417
7313 873
7705 535
8773 1964
649 130
1111 933
1238 2099
3545 2330
3785 12
5805 2388
7167 66
7479 521
1250 2448
3085 1777
3651 917
4018 38
4754 1487
4956 900
5105 1714
6086 496
6550 184
7888 1670
8989 698
9065 1782
302 1473
2283 178
3441 1407
4743 1850
5554 2142
6911 2463
805 1577
1143 622
1357 404
1981 1415
3610 393
3701 775
3987 14
5470 2151
6255 1799
6300 2216
6430 146
6702 2060
7586 1181
7677 1445
8075 578
8622 733
695 413
3189 277
3253 1629
3396 1978
3511 2351
4910 2350
6368 609
7305 1592
7437 1755
8040 1204
8219 456
8720 1040
784 1280
1891 1456
2267 310
3207 2337
3506 1264
6631 509
7377 1891
7649 717
7990 2151
8755 2211
8841 1647
100 366
1830 1465
2698 766
2816 1308
2829 1485
3229 1060
3818 2150
4014 1190
4809 97
6306 768
6370 1399
6755 255
7521 940
7560 585
7735 2497
8502 2420
581 2186
983 1022
2749 2106
2861 444
2915 184
3067 1548
4020 6
6410 2132
8054 1640
603 354
737 2208
2003 1172
2503 1036
3476 2137
6141 1415
6365 796
6822 926
7334 191
7526 551
8484 482
8932 931
988 691
1125 2301
1294 1240
1775 110
2718 1527
3329 2487
3438 775
4770 72
5833 1729
5945 2437
6237 594
7021 958
7076 389
9211 1770
1214 730
2088 2044
5549 225
5557 2490
6671 2485
7096 1927
7430 2514
8224 460
8868 1600
9313 2252
1364 2344
1404 35
2021 700
6090 2138
7989 346
8579 902
70 1648
169 249
770 876
1213 2469
1911 419
2096 1050
2769 1680
3249 2417
3900 2198
6159 2064
6465 2105
6701 240
8347 1709
8867 166
9230 2241
1381 2357
2685 2130
3777 2275
5761 810
8955 1128
330 1278
575 640
597 2265
2551 2272
3222 2352
3450 2006
3936 38
5868 820
6221 877
7174 2423
7326 1989
7328 1645
8327 791
9024 207
1127 466
1354 1066
1900 920
2363 1688
2962 373
5925 1210
7461 1985
7901 905
8926 1395
9218 63
9338 1322
1078 2100
2180 1123
3340 627
3468 832
3752 2238
5047 2350
6276 757
7674 897
8569 1696
588 44
792 2472
3306 2351
3451 2215
3472 343
3558 2137
4384 1230
6657 994
7094 1180
8101 1674
8448 1105
72 38
1324 987
1697 1918
6136 2223
8802 1132
9150 2364
9341 1918
1586 836
1596 957
2109 597
2937 2295
3974 14
5393 1936
6577 714
7238 2165
9305 369
9351 1369
1340 1902
4896 857
4911 1300
5120 1076
7221 2173
7736 2457
8262 1671
747 1518
868 521
1277 153
4392 2275
7218 729
7242 60
71 461
1114 898
2510 446
6109 334
8445 1870
827 1217
1363 1952
1556 22
2929 1638
5933 2178
6072 1070
6619 311
6680 2198
7162 2282
8976 2410
8994 791
9423 739
973 1510
1411 1206
6555 192
7642 1606
8633 1125
9063 2413
626 2204
727 739
987 1935
2268 319
2723 3
2964 482
3764 2275
6977 2047
8501 1743
8862 655
9244 757
1515 2253
2549 1909
6313 472
6406 900
6747 1457
7286 942
8576 2462
941 2153
1120 1303
2158 1924
3312 2322
3532 444
3543 2339
3587 2322
5077 183
5929 1688
6088 873
7719 1734
7893 2299
8582 2168
9265 2278
1538 1248
2744 2362
3086 456
3397 2322
6213 545
6678 2238
6739 1885
7486 1203
7638 337
9331 1876
1100 1704
1285 675
1633 2442
5853 1211
6623 2306
9364 1521
180 2231
514 2138
849 1999
1417 1340
1875 1392
2127 1377
2208 2436
3090 207
8072 2467
9205 569
1798 977
2809 2344
3104 1308
3411 1407
3687 2086
5924 2437
7112 2280
8982 2193
9019 1913
183 91
563 90
2490 1971
3199 1254
4037 1057
4245 129
6670 912
6905 37
2166 1426
2900 240
3310 2351
3561 133
3638 2310
3721 257
3967 38
5935 2221
6197 2431
6344 495
6946 135
6964 383
7597 894
8126 521
8674 1292
2125 2426
3387 260
3669 2289
5536 899
733 2153
1280 1591
1803 2314
3528 917
3563 2137
3893 2217
4655 2165
5785 1830
6736 86
6838 2123
7887 169
9324 714
249 1478
995 489
1039 309
1677 2187
2154 342
2248 265
2451 1170
2887 420
3112 1288
3213 1837
3824 2170
3972 14
5811 1395
7006 2165
7061 1734
7911 324
8435 1673
2092 88
3769 2275
8666 875
1761 1381
2001 898
2258 785
3227 2431
3698 775
5613 1846
6053 1280
6688 2193
6806 160
7842 2254
8046 2333
8384 640
9370 1924
1139 1759
2348 1604
2386 433
3326 1264
3520 1803
3820 2150
4012 6
4759 347
6142 1903
6778 2280
6779 500
7004 1851
7620 1096
8373 1757
839 768
1665 862
2311 1287
3242 309
3246 1012
3261 2362
3268 1977
3674 984
3749 2238
4853 1136
6684 805
6912 2465
7307 238
7573 1278
7954 2386
8082 81
701 832
726 505
1557 543
1664 1043
1828 1247
2306 319
2501 2198
2502 1328
2720 386
3293 169
3829 2198
3894 1811
5646 2323
6022 887
6570 725
7337 2029
7352 1840
7640 640
7670 809
1505 257
1652 875
2305 2094
3209 2335
3335 2487
4729 616
6694 1769
9430 717
1306 177
2120 1260
3504 2351
3683 698
3957 6
5534 20
63 1280
101 1455
3382 2278
3470 2215
3513 2362
5472 941
6644 916
7128 1076
7312 1261
7792 1513
8524 1328
8589 1625
1 127
3228 731
3763 19
3993 23
4085 1355
5789 1887
5883 2046
7997 2
8866 1909
8972 2491
916 1858
4042 2238
5852 805
7000 655
8362 717
8430 589
9251 1897
36 2263
628 1265
1063 1192
1077 1712
1499 651
2589 506
2941 1463
3378 586
3459 913
3781 2271
5481 343
8592 1100
2532 2054
3113 2437
4030 2080
4099 1536
7024 495
9058 2393
2353 1173
2596 93
3407 775
6935 538
1976 385
2422 2188
3232 1985
5167 1141
6123 2223
7879 447
8193 1336
8623 669
526 555
852 643
958 1405
2349 1369
3581 2322
3887 830
4664 1452
5151 2389
6157 13
6605 599
6945 555
7422 639
7707 138
8184 740
8657 454
8781 105
8806 1265
9462 686
1021 1858
3119 1276
3314 1988
5824 535
9072 2239
9410 719
1555 1006
2530 257
3710 2150
4669 1454
6730 356
8686 988
3274 1880
3830 2238
5886 1341
6892 2302
7423 2198
7881 2312
8495 289
1924 2466
2446 1073
3533 921
4039 1057
5109 775
5890 820
6568 319
8935 465
491 766
802 1384
1769 881
2010 1691
3269 2352
1529 2082
1787 1159
3323 2362
3676 775
5875 249
5906 1803
7778 1849
7868 1277
9236 1301
591 1769
1017 1830
1041 2483
1554 2408
1750 914
1979 2358
2067 2214
2107 311
2269 572
2648 24
3026 1666
3867 2275
4814 2493
5400 757
6101 116
6884 2491
8342 2201
215 82
1016 743
1203 1906
1244 972
1854 616
2561 1091
2799 637
3075 103
3307 2336
3509 1264
3529 2514
6133 2223
6529 2377
6654 2268
7175 2423
177 240
187 382
999 1313
3204 2299
5681 1795
7164 391
7797 2153
5468 1626
8182 2181
9398 2230
786 461
1598 2168
1890 2443
3720 830
5063 718
5977 1769
6956 1329
7182 1373
7234 876
8856 194
8865 2139
8947 394
1660 2284
2691 1247
2759 111
6114 1043
6612 995
7773 502
7920 454
8069 2234
8073 648
8505 457
8673 1153
9257 773
2355 319
3305 2336
3467 2133
3583 2173
4667 1080
6460 1401
7254 208
7496 22
8741 1731
6301 2037
7007 2205
7727 1225
8199 873
8547 1411
8830 2432
8937 417
9162 534
1068 714
1131 88
1560 236
2057 1982
2293 1194
2893 2386
3596 775
7528 416
8307 1485
674 461
2052 1529
2704 1498
2902 698
3226 598
3421 832
4792 1163
6926 1718
8967 2292
1311 1106
2253 2415
3013 1486
3369 2240
3576 2352
4092 1536
4469 1181
5485 1043
8364 2137
9336 2006
295 634
612 1343
1124 2335
2374 191
2703 2382
3449 2006
3672 2388
5108 1076
7198 984
7585 1609
7882 398
8507 1619
8560 252
3700 2388
6138 1019
6545 1046
7115 387
7610 2046
8986 263
838 511
982 2016
2266 1103
2668 16
3410 917
3991 1648
6780 70
7333 2097
7428 847
9129 2346
1654 2078
1927 865
2658 536
2892 2391
3341 2337
4895 857
8978 1564
752 1060
2301 1043
2431 1912
3271 2362
5910 2480
7477 335
8274 536
9010 1472
9380 2245
49 2149
1004 804
3405 379
3776 1730
5409 1504
6640 1092
7236 943
8298 1384
9429 413
972 594
1034 1506
1325 562
1394 1605
1496 1276
1685 1916
2934 1556
3623 2352
7956 740
8044 2303
9253 58
1287 1098
6104 2212
7517 2394
408 497
1339 2020
1494 303
1777 476
2654 24
6164 526
6790 1043
7213 1768
7502 1734
8726 415
246 178
543 1952
799 1776
969 2376
3133 2376
6916 2498
7551 2005
7767 1173
8173 245
9110 2334
980 2092
1149 1143
2810 2464
2819 751
2939 2
3350 1574
3489 676
7012 806
7240 1254
7258 620
7467 433
7824 1731
8209 606
8286 2081
8943 1849
9141 1639
134 1424
826 474
1151 904
2147 1609
2149 279
2312 444
2659 877
2866 1248
3142 1615
7052 590
8743 2209
8786 611
1117 471
1725 2415
3216 2519
4124 566
5989 740
6206 1960
7659 822
7795 1261
9075 460
598 1778
1675 501
1963 1556
6081 1454
7401 2509
7748 1180
8573 1483
819 1818
1859 2171
2657 2443
3141 2137
4714 1297
6139 2223
7829 2115
8089 717
8268 349
8574 1368
8974 1224
9352 1407
789 33
2473 2338
3059 1371
3580 2352
4851 1276
5106 1457
6596 2094
8443 169
8754 1752
8796 539
116 2355
2920 337
2956 2182
7647 1747
8442 509
9088 2268
1073 509
1604 851
2236 501
2292 1163
2331 1835
2544 242
2987 2417
4706 340
6035 638
6205 1960
6953 896
7622 1563
8499 596
29 384
1157 2135
1744 1843
2588 6
2974 1733
3574 1698
5575 751
6023 1417
6222 2027
7327 1903
8156 986
8540 1504
688 379
1347 966
1774 1765
3554 1335
5834 1964
6600 2198
6703 1885
6952 482
7837 2173
8691 169
8801 1792
9189 1608
9372 739
31 2141
40 382
1257 2182
1704 853
2391 360
3179 1105
3185 2485
3251 2084
3365 2352
3525 775
4572 2477
5248 1141
6229 1441
7947 413
8236 1878
8613 1411
808 1444
1639 695
1640 628
2082 2480
2724 806
3628 2335
8514 2153
8983 867
9298 1031
913 1624
1918 1971
3878 19
4713 143
6851 2032
7427 1315
8988 2393
9204 1111
9289 365
9359 642
884 1288
2932 1203
3135 830
3815 830
5922 1688
6530 2376
7200 995
7287 421
7932 1408
905 17
1278 2499
2064 1224
2562 548
3277 2337
3345 981
7135 1007
2029 1721
2146 722
2516 310
3577 859
3586 2362
5863 1341
6505 217
8508 1007
8608 1759
8697 1746
9433 555
9458 522
106 2254
1096 181
1736 358
3069 595
3379 1674
3541 921
5765 587
6617 472
6796 1556
6891 919
7501 2499
7504 1966
7923 1297
8906 848
8934 2312
553 1352
3278 2352
5895 549
6451 1323
614 257
2399 818
6840 1734
7329 1384
7510 2494
9106 1749
1090 1768
1093 900
1370 180
2566 2230
3081 139
3402 372
3422 157
6065 1745
6156 2376
6751 509
8252 2437
8444 2407
9221 2423
239 571
2616 1632
3257 2353
3631 2335
5636 588
7116 337
7187 1902
7962 700
8649 2165
1731 1012
1992 487
2328 1271
3709 625
6535 1674
7114 588
7241 358
7269 648
9095 1302
821 764
992 883
2505 1563
3429 2509
5764 22
6598 1691
7931 2031
8775 35
9238 263
9366 990
356 1780
922 496
1240 1456
1390 2074
1951 1447
2242 875
3521 2215
3940 1517
5502 679
6394 1399
6896 743
7062 1927
8538 2328
111 1512
2955 278
3221 2225
3366 261
3648 921
6569 2094
6959 636
7379 444
8074 2177
1088 1640
1384 822
1737 262
1748 1775
1760 381
2176 322
4097 1190
7294 333
7465 2239
8299 1403
1109 2340
1126 571
1767 650
1782 2272
3296 1977
6954 459
7185 2374
7651 415
7658 807
8217 131
945 260
2319 1167
2469 1135
3359 1920
3677 775
6910 1600
8033 2439
8151 2443
8645 261
8653 641
8918 2252
9089 2153
409 1769
631 2197
707 903
1013 2138
1479 1928
1844 535
2371 2124
3012 2153
3017 870
3288 655
3338 2477
3399 2309
3423 1170
3523 2390
4758 1063
7903 673
8450 1765
8609 1309
8944 550
926 1260
1379 1306
1615 2241
2247 37
2465 1244
2950 2295
3280 1905
3299 1602
7150 1151
7348 1463
7762 562
1829 1076
2534 1807
3094 477
5923 550
7019 1076
7111 41
7353 1395
7660 184
8083 807
9226 2464
1162 310
1539 600
3128 775
3462 865
4026 1521
7205 208
8470 2142
272 978
1454 574
2276 1410
3408 2006
7552 2313
7769 2295
8115 532
8652 1712
703 141
1362 2228
2281 407
3339 2173
3671 2289
3722 2080
5742 94
6599 1885
7151 761
7808 444
8545 502
8687 1963
8875 588
9059 861
9248 2257
1273 1012
1772 1711
2020 488
2483 929
3050 1889
3363 1952
3595 775
5728 1431
6052 2227
6496 164
6544 196
6661 589
7271 2511
7935 873
9 888
545 285
1316 563
1816 399
1968 1301
2102 2153
2159 489
3708 2289
6583 1964
7846 1303
9413 285
749 245
2457 1095
3162 2135
3986 14
6907 567
6967 1192
8968 2473
9232 134
9400 465
5 1556
1229 885
1942 1097
2554 1058
3637 1379
7031 472
7104 350
7138 459
7303 49
7825 640
8439 11
2666 1163
3592 2289
7635 794
8017 648
8939 1556
9118 587
9447 1926
618 2049
730 918
2298 1997
7466 593
7503 1192
7565 2238
7732 2153
8282 341
8838 447
2395 367
5250 1300
6066 2067
6888 2299
7154 814
7418 1113
7435 1245
7644 242
7849 1741
7924 813
8138 129
9237 161
658 932
1862 1875
2287 2048
2322 681
3208 2352
4740 1337
7023 488
7690 1053
8626 1967
1549 1825
2721 1337
3294 1811
6413 638
6932 1596
6997 2029
7156 842
7400 1055
7872 642
8359 588
8896 2415
130 1485
1984 835
2032 77
2256 639
2828 261
3130 1369
3333 1264
3716 698
5846 133
6587 341
8869 1479
9041 1964
152 1028
807 2032
967 859
3157 194
5450 1656
6563 2061
6620 1774
7077 249
7263 1161
8053 450
8920 2498
1871 481
2245 2286
2519 336
5909 1688
6611 1172
8539 1825
8915 1832
9219 1203
9225 161
9369 2274
297 1033
894 1602
1115 305
1289 2439
2567 1162
3695 896
3719 698
7365 733
7604 595
7661 1214
8516 2257
8768 393
8985 2482
2384 1918
2610 2163
3195 516
6106 2209
6608 560
6826 339
6874 509
6958 959
7055 180
7145 2314
8677 1264
632 1080
1842 2407
2104 1785
2709 1884
3582 2322
4921 1439
6718 1084
6856 2484
8147 1284
8512 2270
85 181
1165 212
1509 495
1746 1609
2472 424
3304 2449
3711 1189
5880 361
6590 475
6691 484
6895 1752
8067 125
8386 169
8474 219
9274 1777
1973 1021
2369 2114
2760 502
2936 2090
3601 1283
5917 475
6125 468
6558 1172
6886 129
7037 1490
7511 2283
8793 2254
1140 773
1605 689
1623 303
1928 334
1982 378
2116 1989
3518 2288
5354 827
6218 2022
6404 469
7153 834
7157 22
7752 793
9322 2370
779 1557
1484 122
1952 1418
2366 1529
3266 2287
3356 1710
3502 2337
5721 896
6150 2280
6689 291
7950 2230
8099 2345
8898 1887
8990 1556
1681 1642
1793 1718
1960 2273
2423 801
2466 122
7969 1760
8192 1060
8332 2177
8777 459
860 437
2278 436
2393 153
2452 2335
3275 1264
3994 14
6087 2223
6697 2108
6744 35
7008 940
8432 2376
751 668
797 2270
1329 1428
2370 1395
5831 386
5889 1902
6881 537
8329 773
8715 1625
599 830
1492 1734
2555 2312
2597 2330
3273 1264
3357 2249
3937 38
7075 713
7147 836
7546 1402
7940 1856
9001 631
1284 1161
1305 194
1784 719
1820 667
3480 2462
3760 2152
6765 673
8696 2064
8922 1364
8942 1301
951 1517
1106 1222
1937 263
2259 730
2479 2338
2629 426
2755 2515
3260 1977
4249 2151
4677 1463
5861 1777
6621 1365
6816 2393
7497 2094
8196 2010
9350 607
2320 711
3642 775
6588 1673
6817 1885
7179 184
854 631
1700 789
1757 2101
5947 1544
7429 1889
8213 2175
8438 1134
8513 711
8740 782
9115 782
21 20
282 954
3054 449
3321 2336
3465 2289
3494 804
3718 1238
4779 2448
6137 2491
6593 233
6763 1977
7537 482
8244 334
8378 463
9394 739
875 314
1007 707
1292 1582
3212 1977
6991 1639
7340 369
7877 1907
7982 2397
9373 1591
1025 458
1172 1039
1466 967
1754 1976
2398 1861
5867 816
7580 1694
7753 6
8667 2497
8734 1556
8852 419
8858 1927
1792 1245
2152 562
2375 1276
2630 1885
5034 1735
6821 1172
7274 896
8211 217
9246 2094
9307 1964
1446 1563
1690 994
1833 1957
2643 2301
2884 830
7457 2361
8145 781
8207 1213
287 593
1905 715
2602 2480
3190 2093
3705 322
4902 655
6467 1715
6809 883
6950 1399
9160 1848
2385 88
2447 2148
3191 2151
3344 535
323 809
1293 433
1797 903
1931 2115
3448 2006
3464 593
3976 38
6711 2432
6889 607
8492 950
2215 1748
2973 452
3524 775
5317 878
6641 2128
7255 349
7272 294
7279 914
7421 992
7555 562
8191 139
8758 2458
9139 635
736 1206
814 2060
931 2053
2156 1545
3007 2054
3174 1875
3237 2
3265 1734
3454 775
5002 2458
6453 1735
6557 2199
6601 1977
8437 1003
8595 2302
976 697
3080 316
3276 1683
7181 820
8270 2379
1128 2033
2007 1823
2014 1427
2198 2307
2462 911
2693 2201
2923 2325
3169 2000
3270 1920
3281 2292
6759 336
8174 472
8489 1194
8515 563
8763 1261
9312 813
9321 2430
811 1447
3192 1264
3302 1264
3680 2170
6079 1144
7067 639
7907 789
8308 876
9241 2462
1274 676
1320 99
2275 1076
2789 986
4062 1142
6913 1924
8129 298
2260 1309
6371 1782
6965 2376
7970 1824
9102 1785
950 6
1395 741
2285 487
3390 1264
3883 1302
4573 775
6630 2086
7095 2423
8722 1360
8728 356
8810 1707
9415 2006
3241 627
3282 1428
4818 2085
5032 2022
6183 1721
6710 2359
7983 444
8422 484
9254 2395
294 1263
2261 778
3106 2357
7566 2376
8405 2393
8619 1545
8683 1855
9119 409
928 2287
1014 1934
1327 2004
1424 2270
2168 123
2290 1274
7826 588
8344 349
8783 2229
1980 152
2373 1336
2574 1828
5921 1407
7235 809
7835 640
9197 394
790 2245
1415 507
2174 241
2598 27
2711 984
3490 1847
6794 2073
7884 1767
9062 2262
755 1050
885 1126
2692 1441
2725 2094
3193 2335
5975 2296
6629 2309
7028 2437
7389 853
7419 2393
8614 755
1185 373
1334 603
1419 520
1682 2296
1711 1072
3343 2355
3658 2058
5061 391
7306 1759
7361 2442
7380 1270
7698 1180
7745 642
7746 1336
8169 349
8605 945
650 229
1263 1775
1839 406
3685 698
6929 2033
644 2120
1710 1393
1993 456
2101 191
2531 1026
2880 875
5511 2483
7568 503
8577 818
952 517
970 2377
1893 17
2338 776
2508 1383
2539 1257
2967 2153
3264 1264
3431 2289
5738 2047
5978 670
7484 1330
8047 670
8055 2453
133 1296
682 219
769 521
1121 755
1651 2428
2296 102
2302 1109
2440 832
3418 775
3479 210
7302 434
613 1170
800 1964
2753 1980
2834 2023
3223 2362
8349 684
8702 88
798 2292
1511 1919
2540 733
3004 2341
3118 1224
3507 1523
3591 907
6034 1846
6494 1349
7043 1533
7445 904
8434 1230
8604 684
3231 1971
3301 1734
4246 1211
7596 2056
7839 496
9227 2464
9383 840
2620 2498
3262 942
6153 2390
6219 292
7160 389
7398 1816
8684 527
2181 598
2410 1741
3536 775
3635 1532
6083 984
7163 1985
7370 1738
7628 1885
7737 1531
8542 1198
1122 981
2134 1043
2170 642
2327 2200
2486 1447
2647 1661
4711 209
5735 514
8350 2241
630 612
996 1776
1351 2163
2049 672
2493 1889
2568 1856
5911 1164
8563 261
1348 2257
1636 1135
1939 493
2571 12
3100 780
3681 1876
5451 169
6622 2322
6989 666
7143 1110
7233 32
7643 2078
8157 1956
8586 1391
3018 2285
5879 463
6290 778
6936 2423
7718 2235
2372 853
2529 2187
2713 1398
3300 2310
3971 2491
6188 292
6482 2345
7079 772
8301 2464
8679 539
998 707
2345 265
2619 339
3203 400
3289 1210
3573 1375
5776 241
6614 1477
7149 877
7609 597
7852 2112
8144 6
8172 403
8200 1345
617 1419
1312 1270
1338 769
2025 1043
2263 2175
5850 2464
6652 2423
6686 1135
7532 820
8170 331
9039 1728
652 1947
719 1638
1624 1585
1644 2084
1667 567
1814 1003
2342 1888
2922 266
2977 780
6852 933
8462 2163
8554 2403
8889 2163
1643 776
2059 539
2945 1364
3062 477
3392 2362
835 1240
1402 524
2412 254
2443 1902
2461 2216
3439 775
4571 775
6615 2423
7657 1123
7861 2127
194 1085
2514 2110
2697 182
2909 2200
3589 1978
6265 2327
7598 1918
7813 2324
8415 1828
9441 994
640 399
669 1861
1843 159
3354 1920
3420 775
3965 2269
5740 1759
5847 1364
6871 2061
7403 1357
7594 1666
7734 270
7853 209
8345 2189
4742 2150
4744 257
6082 1454
7985 395
8360 2254
1279 1234
1705 665
2103 1428
2359 159
2383 1971
2496 640
2897 2439
3154 1721
6559 673
7730 1565
8351 2
2164 2380
8970 1850
2282 2125
2500 628
4846 672
5007 1921
6823 563
8201 60
8234 2279
8278 129
8391 2447
8394 88
9302 2141
795 2430
918 2000
1046 741
1205 1129
1260 1834
1463 342
2450 2261
2489 1627
5627 1360
7951 877
2 1110
1645 88
2265 1728
4391 1597
5229 175
6662 1178
6972 1171
8397 2085
8403 1394
9093 2373
1367 1447
1551 796
2586 482
3553 2133
5153 2191
8833 161
9135 934
1011 1288
1130 1165
1794 1235
1922 2352
6574 221
7865 248
8646 1533
9271 1770
778 1064
1856 1086
3424 775
4922 829
7683 2339
8175 1490
1940 1950
3367 1353
4848 507
6224 1749
7500 2223
8733 1666
2078 1780
3503 467
3616 248
5184 2402
8243 1341
9318 9
718 820
2868 1876
4247 456
5240 2355
8449 672
8782 2101
879 535
910 2062
1445 2432
1821 1009
2330 2126
4823 2171
7646 1180
7841 2115
7933 1665
7973 2053
8901 1696
1101 2461
3406 444
3575 849
8097 1755
8624 2133
355 2026
2169 685
3123 2011
5452 1730
804 2153
2308 1176
2339 1749
2910 694
3555 1751
3702 2289
4129 1082
4736 147
6724 553
7009 1150
7460 1734
7702 66
8465 1853
871 2017
3453 775
8125 718
8599 248
2924 385
3598 775
6692 699
7579 2393
7876 2053
7929 818
8572 2094
1337 2436
1365 956
1528 2321
2201 101
2251 257
2405 267
2808 2355
2851 399
3325 418
3614 1747
6909 1583
7020 750
7339 1451
7523 484
1517 469
2142 1836
2186 776
2232 868
6594 625
7155 2053
7716 2298
147 1529
829 454
6539 1781
6853 18
7310 1270
7375 2376
8289 1948
27 2119
616 2203
4096 1536
5670 1518
7284 2393
7886 2094
8909 1588
2070 910
2547 989
6597 1673
7770 361
2175 372
2381 2126
2930 599
6940 2306
7223 66
8500 39
9208 595
961 2363
1838 1952
2129 46
2271 471
2357 637
5828 2341
7895 2419
8285 262
9358 1589
1219 989
3452 2135
5235 1036
7029 329
7540 1196
7583 2138
8111 66
9379 1167
1743 577
1996 403
2023 522
2607 945
3256 372
6664 1885
7378 2058
8426 2509
8452 2254
836 1585
997 661
1648 207
1938 199
5759 2468
6762 2389
8761 394
238 1759
624 2503
1471 332
2286 2112
2517 1648
5033 1322
6791 1276
7917 2380
8231 2115
9038 2344
2556 1129
3210 2370
6648 2498
6923 633
7101 2082
8423 884
1253 248
2437 743
2830 2376
3129 2379
3383 1880
5289 1141
6152 2201
6937 2114
7623 501
7754 2198
7999 2150
8070 992
8165 917
8331 2210
9310 248
1059 1759
2137 2338
2143 314
2193 640
2584 1329
2890 2187
3053 1759
6968 2455
8018 684
2361 1075
3447 1238
6355 2058
8346 542
9315 804
3320 2355
3358 2337
6939 2171
7318 1545
7468 151
2476 799
3342 2337
3474 2339
6908 958
7060 1214
7952 2303
8164 2376
8701 571
9000 699
1414 548
2295 2155
3362 2368
3603 775
7443 2153
1307 2149
1369 1098
5870 2
6332 1104
9076 27
1920 1395
2182 1006
2669 997
3202 137
3811 410
6527 20
8001 1723
2314 617
2487 372
2817 745
3624 313
8271 61
8956 961
9086 502
300 88
1343 1430
2326 2309
3566 2507
7010 369
7148 261
8334 169
8647 2023
8902 1340
1626 865
2678 1210
3656 2171
6749 339
6808 464
6829 487
7814 1226
7880 522
7900 1889
8310 2337
8429 487
8618 329
864 679
1806 577
4388 2328
7216 412
7595 864
8171 15
8857 640
959 1215
1070 2312
2618 1730
3519 2122
4884 1451
6758 1012
8058 1293
6121 2395
623 436
2274 1153
2944 2227
3006 900
5003 1910
8981 951
1425 1887
1476 393
1728 1459
1872 2040
1961 2114
3473 865
3542 832
3969 38
6628 1056
6720 818
7032 633
8919 1431
9399 2102
1186 994
3263 2294
8721 2270
9027 894
912 700
1204 241
1672 505
2091 1325
2389 74
2906 2125
6651 538
6846 2018
7809 1036
8493 1987
1259 881
1723 641
2297 1454
2782 655
3889 1757
6158 1104
6447 837
6848 982
7288 447
8208 1757
2106 2257
2639 2279
2653 1308
3654 2377
7564 2093
7898 1554
8630 2381
9361 1287
1396 970
2150 1323
2726 472
3170 775
4612 373
7919 877
8969 1741
1577 2200
2062 2178
2173 2194
3121 2010
8672 337
2695 2339
5806 389
6579 640
6880 349
6917 2094
7800 375
8413 1612
8727 1463
9004 2243
6372 1359
6938 883
7275 2347
7747 641
8987 780
9453 956
2183 1308
2681 1720
2756 535
7136 544
8634 61
2140 1322
2189 493
2752 1387
3313 2514
3597 2289
3826 1238
5060 2492
8473 978
8730 2185
8873 448
9365 1014
1138 127
1561 1238
1770 2067
2368 1095
2400 457
3604 2171
4125 1244
7036 565
7554 1491
7918 2094
8266 1903
8590 735
9120 1414
9303 272
2047 1952
2097 1050
3364 2337
3372 511
6676 2309
7118 1270
7405 403
7913 1910
7972 840
1392 1727
1470 1046
1653 1147
1749 2254
2464 334
2790 1993
7247 1545
8570 1765
8996 2325
9281 2106
1442 411
1543 1937
2421 488
3466 958
6149 2333
6878 2317
7070 357
2066 822
2621 2313
3003 2109
3522 444
3578 2172
4858 2516
6705 719
6861 818
7251 2047
7268 2301
7483 1827
7656 267
7755 2402
9285 2403
6178 1693
7603 1441
7717 505
7960 780
8034 800
592 2266
1247 1730
2273 1147
6050 1648
6105 2138
6220 292
7273 1263
7276 1352
2411 2178
7553 545
7955 571
8459 2388
1355 2002
2543 2138
2557 2249
3368 2487
3456 709
4000 126
7469 898
9175 2475
1800 1038
2424 1716
2428 1205
2705 1543
6887 1285
6957 204
8279 813
8312 655
1318 870
3419 832
6254 1727
6518 2056
6585 2209
6860 1656
7041 158
7366 433
195 2154
1661 164
1991 986
2291 459
3072 1651
3653 2518
3981 14
4793 1490
6314 1438
6740 1885
7053 1441
7704 2448
1440 869
1713 139
1524 2130
1881 1842
7072 535
7724 2144
8167 621
8287 1689
1147 2265
1618 1201
2333 1830
2404 1209
2918 527
2942 1043
3682 1861
6776 1238
7399 1727
8035 1678
771 1777
1352 1271
2192 127
2754 2307
3655 2058
3684 2170
8711 90
8863 447
1944 27
2262 2436
3455 1892
3644 775
3822 2170
6978 1978
7110 640
7141 1964
8536 1341
1067 1722
1585 782
1635 2217
2862 615
2961 1876
3550 984
7402 2183
7916 2448
8606 523
8650 1147
2436 577
2768 2462
7721 1712
7757 373
1380 1696
1504 2244
2027 934
2054 2335
2128 54
2485 2252
3101 725
3201 2439
3436 322
7384 1395
7394 882
7624 2186
734 641
1716 156
1857 1003
4470 1050
6613 789
6722 1952
7245 1668
7669 123
8372 717
8410 745
8526 399
1949 954
2244 814
2696 2045
2904 580
6449 1060
7416 1927
8013 1317
1137 2376
1865 989
2553 2203
5001 2449
7518 319
7739 1523
1835 719
1970 2167
2651 598
9073 2316
2002 1696
2061 707
2520 2338
5876 911
6181 472
7011 2115
7142 1341
7976 207
2036 146
2304 1880
3478 832
4243 373
5792 2129
6859 2448
7949 1448
1255 903
3180 979
4847 595
7188 840
7796 1037
7937 394
8440 1612
9007 2508
971 978
2043 2018
2402 2349
2946 690
6713 813
6973 1052
7804 813
8603 1035
9194 837
9275 290
1393 820
1591 619
2601 1848
2873 1648
6528 2182
6782 1464
7605 129
8052 1149
8871 484
1966 1089
8676 472
9367 2152
1913 996
2712 2288
6487 1738
6812 2498
7637 1284
8056 1752
8114 850
9256 2302
1003 567
3458 2288
5154 2283
5830 1729
6356 1037
6520 1771
7193 369
7424 341
8404 900
3446 2440
3645 2390
7105 1183
1050 563
1195 2211
1958 1432
2108 376
3665 1199
6793 2393
7587 1035
7744 1927
7896 1061
1766 236
1962 1825
2528 496
2871 1428
3884 1488
6743 1019
8288 1270
8874 588
1182 1023
3084 820
6667 2312
7914 1445
8504 818
1592 584
6144 1854
7161 384
7533 2321
8483 2094
1243 655
1374 1245
1802 2381
2420 799
3156 2006
6928 1683
6933 806
7444 1041
1230 2370
1641 1909
1776 396
2085 1383
2396 472
2435 2239
2869 2389
3622 764
7166 2355
7338 2394
8658 1147
960 992
1715 2422
2336 1315
2600 2503
7025 2183
8024 2376
8832 2450
9427 1026
2204 1235
2264 1114
2468 421
6032 1648
7325 1102
7425 1887
8411 2473
896 1657
2475 2507
8098 2388
1584 1026
1773 616
2079 2187
2456 862
3055 164
3978 14
6811 986
7387 1902
7722 1578
7848 640
8007 328
8120 1969
8124 62
1416 1728
2084 1171
2209 726
3252 563
6819 2394
7289 1420
857 1721
1477 2112
1537 223
1933 1383
2518 2152
8051 910
8261 986
8648 1918
9280 1964
9360 2153
1118 591
1629 160
2377 1578
2805 2112
6914 322
7308 641
7715 567
8371 460
1168 2078
1622 385
6675 1677
7780 595
8237 802
1695 1793
2388 403
2409 388
2448 2474
6633 595
7671 580
8477 369
8698 1924
2413 969
2585 2137
7078 986
7591 805
7984 1147
8309 1189
8414 793
1308 1122
1921 1162
2406 2468
2739 2365
6855 2081
7270 1314
7283 421
7793 1210
1422 2351
6746 2423
7756 653
9054 498
2533 1210
5280 1889
8142 1378
8387 110
8689 780
2214 1210
3666 2352
806 1963
2033 1912
2211 1515
2855 2043
3371 535
4570 2182
7040 2512
7349 2241
7374 419
8230 1145
1353 853
1468 1653
2229 1234
3417 322
5819 617
6412 2452
6854 2448
8011 1336
8311 86
8585 697
9291 2278
2506 1066
7098 743
7196 928
8251 1978
8322 1564
8756 200
2378 1178
2631 1885
8665 1189
2820 2301
3599 917
6927 565
7280 877
8664 474
1217 6
7648 2177
7733 2499
8216 1104
8864 2138
9376 890
2071 2319
3517 1836
7336 1848
7942 1491
8662 1072
8795 2153
830 2259
1799 1564
3607 1238
3613 1927
5988 2105
6162 2281
6171 472
7113 62
7367 1346
7703 904
663 1740
1895 749
3437 917
6161 55
7386 1596
8235 942
8998 38
2700 2406
3416 830
3477 2462
3821 1861
6548 342
6918 2028
7383 2133
9278 1892
1694 1057
2114 1420
7534 1387
8253 140
940 85
2313 865
3657 921
7034 2333
9393 1988
1408 308
1902 329
3005 2440
7080 1180
7239 2498
8409 2094
9424 2193
5829 682
7608 1276
8578 1892
8591 1531
8957 989
2852 1043
7002 1498
8214 1225
8412 577
8522 1302
2329 1873
2364 1393
3255 2322
3641 921
8143 775
8215 1781
1783 349
2081 194
2228 456
8095 2461
1756 594
2255 453
2492 2423
3361 236
6245 1312
6695 2186
7373 966
8487 197
6000 1868
8260 975
9319 1009
1474 1996
2471 2388
6742 386
7243 2432
1680 2104
2335 207
2537 2259
3618 2432
8232 40
8284 1134
1315 714
1553 603
2195 2153
2202 1076
2343 2359
6669 487
7372 700
7921 1193
8272 570
1218 290
6857 756
7197 2293
8015 1933
1075 920
2212 558
2931 760
5793 2093
7190 878
8245 1270
8876 2244
9353 472
1436 2468
1674 563
2482 1046
3073 2055
5036 967
7645 2290
851 553
2110 901
7281 613
7487 2104
2545 1691
3145 655
5803 2377
7282 642
8799 2002
9224 2485
9247 113
9375 123
1223 191
2470 2200
2842 533
6179 354
7035 314
6934 194
834 1243
2135 1264
2454 787
7309 2301
713 951
2056 2333
2190 66
2504 1163
7195 900
7731 505
7351 1381
889 2362
2227 204
7056 2214
7838 457
9240 2288
1717 90
2155 1996
2824 1009
6656 1506
7975 258
8030 2247
1005 2293
1815 363
7003 1903
7527 2417
8478 1518
2136 996
6723 1384
7186 2509
7815 771
1545 1755
2433 1162
3440 917
6769 1941
7550 896
8000 507
8699 1888
6357 1545
6609 1300
7354 143
7758 1880
7902 1993
7915 323
1323 1323
7277 2362
9328 109
986 2266
1691 2321
1714 1805
2321 636
6890 2506
7845 1046
850 1648
2323 901
3679 2388
7936 444
7966 241
8682 1180
8688 383
8811 1891
991 2058
1104 1043
2161 297
3287 744
8804 391
1309 457
1763 2166
2362 2516
2390 1308
3096 803
3537 2289
5882 820
9137 676
4676 138
6578 248
8123 2395
2040 403
3230 1013
5486 496
6674 1730
8533 2492
8794 607
7593 2505
8031 1951
8486 2090
8575 1477
1985 2257
2163 2333
2350 1086
3279 535
7217 796
7750 344
7768 801
1696 1108
2222 2169
2793 2018
7963 381
7967 139
8525 2462
1105 421
1671 443
3370 1920
5434 463
7192 207
2237 1971
2379 2152
7830 2058
7864 2410
621 236
2041 2321
2310 690
7300 1411
8148 372
2434 745
8831 186
7607 1899
8792 84
8965 1952
1897 1125
6643 1971
6961 1891
7355 682
9461 2205
1099 112
1616 2266
2858 886
6877 140
7680 1963
8071 2253
9314 2341
1788 1694
6951 898
7426 651
8544 895
3360 1017
7224 2169
1006 1308
1978 2300
2284 1696
8936 1651
1432 1749
1932 2422
3074 898
1271 571
1448 537
2087 1162
7103 633
7106 577
1015 2047
1855 1784
1901 514
1987 2148
2453 2274
2484 1046
3286 2439
6805 1051
6845 2397
7267 241
1848 1044
2294 1889
3445 2265
7675 780
7912 1978
9349 681
1864 422
7220 990
8661 1601
1148 513
2115 937
2246 2104
2665 1733
6976 2351
7827 384
2573 551
7097 1104
7538 2364
7684 373
2100 1098
7159 2393
1049 249
1758 1858
2521 577
7152 2128
2099 888
6824 619
6827 961
7751 1497
2315 1420
2590 579
7244 986
8883 1110
888 2085
2460 990
8631 517
9296 1175
1637 2355
6915 2003
7285 764
9438 1134
1612 2183
2430 1623
2481 1778
2605 458
7022 898
7636 139
8620 1179
8973 2439
8265 520
8899 665
9259 207
1994 2510
2872 695
2957 456
5037 234
6576 2178
6995 487
9163 2133
2065 1369
5453 297
8597 393
2231 61
2652 1848
7569 369
1947 2114
2179 1545
2219 1287
6844 1124
8330 216
9264 386
2233 2015
2367 673
2474 1058
6894 2085
7184 678
2332 1563
3428 781
6383 1399
7439 258
7581 660
1625 355
2045 386
2272 2351
7222 2291
7237 1903
7539 1180
1181 1776
1707 408
7847 2382
8780 1916
9348 462
1439 1858
1811 1902
7248 1734
7567 2166
1187 1162
6715 895
7611 684
8150 2333
9323 2177
1296 556
2397 1952
3384 362
8264 2475
692 1222
4923 37
7541 613
8659 1150
6080 1463
6873 856
7130 2069
8660 1964
2425 1476
2552 683
7219 2060
8003 219
3336 1920
9263 0
4901 411
6883 865
7158 851
8002 1714
8328 308
8878 2254
8923 1379
2013 2061
2046 2474
2352 1046
8396 261
2993 2443
7968 2483
8004 350
2162 2259
6750 1071
9168 2286
2690 210
3377 547
5775 2364
666 421
7314 455
7385 2282
8363 1636
6698 339
6993 1606
3430 637
7001 595
7250 1668
7863 146
9387 1824
1069 202
2560 2021
2807 1848
855 23
1236 1322
2429 2394
2943 378
3029 496
6984 2186
7117 2508
7854 1761
2401 1704
2881 642
9159 789
893 909
1729 959
2309 1383
3283 381
7131 139
1037 563
6849 2005
7482 640
2455 2093
6627 2205
3355 467
6879 1698
7388 1411
7897 637
2477 594
2886 950
6960 1225
2016 1270
6735 994
1232 772
6717 2257
7038 2485
8016 1387
1747 2055
6768 997
8717 2188
2497 971
7194 2028
8176 537
8460 1225
1175 1848
2299 1431
7246 2128
2199 116
7210 959
7965 2183
6807 1916
7005 2393
6198 1087
7878 519
1795 1147
2234 1383
6495 465
7621 1134
2478 2200
6666 538
2535 1543
3457 1892
7102 1957
7685 393
2806 443
4614 1777
8840 1403
9279 2483
2351 2236
7030 530
7948 913
8190 1105
822 2165
6696 208
7549 2376
8975 1499
6810 537
3567 2335
8826 2003
2498 1095
8820 109
633 2252
6994 2286
793 2440
3178 910
8930 2207
1002 909
2254 707
2324 2468
3048 2015
7146 1714
2354 670
2438 468
5760 1739
6653 2393
2609 2256
3155 457
8321 1031
1686 713
1437 2399
2513 996
7672 459
2197 2186
6847 684
8057 1264
1849 1179
6974 334
7109 652
7806 606
6781 1008
6904 1085
9422 883
7042 442
8625 1678
1894 358
8010 514
2495 1964
6788 1383
7783 379
8748 373
2241 2448
7039 306
7069 535
1876 818
6990 805
6992 567
7068 778
6196 2049
6681 2211
7107 1607
2419 249
2494 444
8476 1910
6876 996
6975 2027
7071 1927
8267 2213
2344 116
8408 1364
2628 38
6962 2415
2194 496
2387 864
1200 1834
1603 419
2358 2171
7176 1848
7971 1080
8014 1828
2512 2090
3120 22
2055 1988
2121 1971
2205 384
6885 2
7522 886
801 362
2012 1694
8685 837
7311 2009
2480 353
2779 2020
8655 1333
2836 2376
3049 2228
903 1952
2249 1993
2148 2149
2548 998
8050 1405
8210 1150
6893 967
1190 2406
3019 1747
3662 514
8136 2393
2365 66
6882 1716
1447 2222
3493 2127
2382 2430
6963 672
7862 2313
2733 1639
2536 1383
8719 525
9161 1345
2885 1071
7574 377
6468 1916
2039 1583
2216 2391
8112 2214
7801 1268
6774 898
8675 655
7794 434
7986 1741
9037 373
2177 2268
2546 1076
2243 129
1642 212
6971 1264
2499 1977
2340 493
2994 806
8700 2333
1506 2003
2028 2225
1542 1289
1957 1160
680 1829
2380 1325
2439 679
2445 995
2376 1171
689 1053
2449 992
1807 742
2467 1085
2303 1301
1080 1458
7144 2449
7899 1189
8812 2060
2608 764
2403 629
2426 1043
1739 433
3694 1909
5351 989
3621 797
8548 521
1989 393
1827 611
7183 1601
2644 1548
6411 986
3469 2377
7700 2127
2069 204
6930 2355
7714 164
6777 1010
2463 1694
6595 1567
7673 1013
8250 743
9242 1940
2444 113
1858 2333
8887 116
2196 707
1825 740
2004 535
1837 1246
2005 755
2191 1002
2491 992
