img07c1.jpg img12c2.jpg
2835 1611
4640 1884
5178 2117
4206 1663
2852 1611
2894 1611
3409 1134
4611 1870
5032 1663
2927 1611
3885 1575
4617 1870
5152 2099
2853 1611
3377 1154
5144 2099
3428 1134
3883 1877
5143 2099
4635 1861
4172 5
5153 2099
3450 1134
3339 1303
5625 1870
3268 1145
2368 787
4195 2065
3571 1293
3817 1876
3426 1134
3299 1134
3447 1134
3882 1520
5618 1861
5166 2117
3827 1861
3912 1568
3375 1134
2873 1611
2842 1611
5127 2118
5179 2117
184 51
3843 1877
83 16
5574 2239
3345 1145
3886 1547
2893 1611
3918 1568
5658 1839
2875 1611
3820 1907
2362 787
4278 1698
4470 2239
5449 1786
3799 1861
378 762
3424 1133
3327 1084
5142 2099
5026 2063
3116 1073
3809 1870
4335 2239
2854 1611
2876 1611
3927 1870
2503 787
4660 1870
5407 1932
2833 1611
2908 1611
3942 1899
3392 1145
2831 1611
3333 1134
3519 1688
2372 743
3569 1389
3854 776
4630 1876
2399 729
2892 839
2909 1611
5154 2124
3256 1858
3430 1134
3740 2246
5879 1634
6339 1153
2512 743
3071 1186
3925 1477
4269 1382
2505 743
3411 1285
5207 2099
2396 734
5519 2239
2855 983
3810 1568
3824 1568
2172 734
3785 1568
4690 1885
3326 1084
3790 1884
2673 1853
3593 1663
5198 1663
2508 734
2837 914
2830 1611
2872 1611
2874 1611
3855 1484
2378 730
3293 1084
3329 1237
5822 2008
4954 2246
5646 1876
3119 1186
3871 1547
3302 1145
2386 744
2383 730
3802 1861
4666 1899
2251 739
2502 729
3944 1547
4683 1895
6217 1661
5175 1661
5565 2239
2358 776
2907 1611
5159 2194
3065 1186
2889 839
3350 1145
4580 2239
6284 1661
129 662
2886 951
2895 1611
4641 1870
2375 734
3580 1372
2504 744
3298 1173
3332 1084
5426 2008
2156 776
2834 1611
2501 743
3550 1374
3541 1677
4627 2246
5799 2239
3072 1186
3451 1084
4691 1877
5462 1677
4246 1293
4233 1663
5659 1575
3484 1258
3840 1901
2499 743
5171 1663
3405 1285
3943 1547
4598 1754
2870 839
3425 1084
3438 1240
5241 2065
2832 965
380 662
3734 849
3881 1520
2511 734
3037 1186
3331 1237
313 1870
3381 1236
26 2113
39 1088
2269 733
2361 729
5905 2261
2850 879
3745 1884
5593 2222
833 719
2845 915
3383 1084
3876 515
4880 1659
2828 855
2844 877
5027 1663
3867 1581
5043 2073
2408 744
3699 353
2861 915
3407 1134
158 2227
2391 743
3217 1145
3554 2199
2925 840
3779 1839
2616 731
3325 1285
4614 288
4673 1876
5292 2008
2370 744
3408 1084
3866 1517
2849 915
2843 1611
2871 915
3845 1484
5202 2066
2847 951
3850 1547
3149 1186
2550 763
3296 1302
3378 1084
3613 2239
5164 2120
5897 2261
2363 743
3788 1857
5206 2116
3448 1303
2360 728
4007 1562
6445 665
2414 786
2848 966
5065 1795
3230 1145
4702 1877
5025 1785
3539 1661
3741 62
3227 1145
3520 1632
3844 803
362 150
3445 1084
642 537
2246 740
4026 1578
4558 1757
2836 853
4183 1663
5533 2222
2934 856
6364 1498
146 2239
317 1870
2714 636
3694 2070
32 2222
2351 765
2379 1901
3432 1285
3853 1581
2510 763
155 353
2856 824
3637 1757
5235 1632
25 2222
2538 731
2846 951
2419 735
3457 1220
99 2261
3221 1145
3735 849
3894 1547
5156 5
4758 1659
2461 733
2950 856
3784 1831
3852 1517
4524 2246
2384 871
2498 742
5147 2124
2387 774
2582 733
3150 1186
4213 1293
2880 967
2924 856
3303 1145
2430 733
2919 856
3069 1073
3868 1566
3941 1876
5408 2239
5665 2238
5789 1659
3891 1907
6376 5
3294 1303
2400 742
3316 1551
3389 1145
3549 2132
299 453
3247 1162
3321 1173
3818 1901
4336 1659
2500 734
3324 1285
4774 2227
2380 743
2890 1611
2583 733
174 1851
3323 1084
3832 1870
3936 1547
3825 1870
2397 787
2401 729
2421 735
3616 1088
3764 1851
5488 2239
6266 5
66 16
2441 733
3344 1145
460 463
2648 728
3895 1964
6216 1661
2371 728
3306 1858
3945 1547
3308 1145
5187 1661
809 1362
3387 1145
4618 1485
711 1683
1069 890
2865 951
3856 1498
4564 1659
2862 983
3361 1084
4207 1646
2507 763
3273 1858
344 419
3879 1581
4581 2239
197 453
306 201
5653 54
3074 990
187 1885
34 334
771 662
816 431
2377 743
2426 733
1078 686
3719 1932
3085 2070
3730 849
5391 38
5492 1646
5802 1482
2534 1546
3620 2239
5832 38
2367 787
2724 735
3225 1145
4203 1678
6051 2239
2542 744
6010 1826
2631 744
2689 733
2888 797
4208 1609
33 1659
5201 2194
5550 1607
5031 2065
2365 739
2608 1862
3045 934
3421 788
3524 1329
5538 2186
5740 2008
3006 896
3073 1186
3314 1858
2692 733
5817 2008
318 1575
5086 1731
6295 423
3722 2239
3889 1567
3264 1145
5520 1823
176 113
2364 728
2867 894
3305 1035
5749 2008
2520 59
2587 728
2743 928
2517 1566
2740 722
3118 1186
3433 1084
3831 1902
109 16
2376 744
5916 6
2292 733
2393 735
6156 776
307 199
2933 932
4028 2228
5125 1667
2535 1862
2611 1581
2642 728
4656 729
5690 423
3220 1145
5737 1137
6342 1389
6360 1661
149 2070
4613 1877
5406 1839
147 2246
2949 856
3347 1145
5213 1292
112 2245
3295 1084
3988 1948
4092 2227
710 771
2369 744
3500 1178
3877 1826
4619 1523
2381 751
2423 733
3841 1581
3627 353
4923 178
5189 2053
5222 2194
5348 2260
2685 728
3055 1185
3243 1086
3913 1509
4612 1505
5240 1679
5267 1679
2545 744
3819 1891
195 1907
3035 1090
3622 1661
2979 793
5570 1785
279 671
2394 774
350 158
2285 1514
2417 729
3320 1302
156 2232
4693 1498
446 205
3010 2239
4010 1858
4647 1872
3246 1094
3880 776
3036 1185
3410 1084
5476 2227
5664 1884
717 662
2684 729
2838 855
3711 1932
4692 1574
5841 1263
548 1763
3300 1194
3413 1065
5513 1607
47 5
161 1817
999 2257
2515 1862
3842 1581
4694 1547
2428 733
4870 1659
5029 2126
741 473
2460 733
2727 729
5818 1661
5898 1661
3291 1302
4532 2070
5223 1663
27 158
5006 2057
5679 1110
569 1838
3431 1568
5662 38
4717 1542
4721 1885
2863 967
5791 1482
5880 1634
2178 1516
3312 1858
3412 1302
3884 1538
6215 1661
2751 756
3233 1035
3469 1240
4330 2070
5438 1851
2288 722
2506 735
2519 1862
2522 1862
3542 2099
3893 1581
956 1665
4632 1865
2864 984
3164 1550
3229 1035
3362 1575
3731 849
5606 1505
6173 965
2390 802
2424 735
5295 2246
3176 1858
3061 1121
3667 1409
6395 831
2252 740
2541 1853
3337 1198
5319 1607
6270 2186
2179 1514
2395 744
3931 840
96 2222
427 363
3066 1121
3765 1440
4114 5
5457 1948
2248 740
4654 849
857 1692
2581 739
4739 1818
2270 733
2536 1862
5442 1668
573 1683
4254 1392
4626 1524
4714 1885
4932 1634
5559 1885
60 662
3358 1084
3364 1575
3565 1663
2388 730
2882 894
3363 1173
3406 1084
2883 114
3162 1858
3399 1575
3754 1757
706 199
3698 2227
3721 2227
4016 2070
5172 1347
2425 743
2514 59
4252 2239
4883 1805
5318 2008
5870 1440
2153 1514
2407 735
2528 1853
4415 1634
5770 1482
2736 733
2932 894
3429 1084
3878 135
5141 2099
5473 2239
2405 886
3046 896
3702 34
4038 380
844 427
2688 740
2762 735
3266 1145
2555 786
566 537
2657 722
3335 1198
3360 1575
3614 2194
5728 1482
2678 729
4648 1065
5174 8
2641 728
3744 2070
5199 2139
298 2008
2389 763
3485 1381
3892 135
3922 796
5113 2239
5322 1801
5415 1808
488 2243
783 521
2619 1853
2904 797
3285 1186
3787 1753
5656 1866
71 16
2887 856
3833 1567
4621 520
5480 1949
962 1680
2509 744
2533 1554
2773 756
3214 1550
5155 8
2816 950
3322 1302
5537 1803
6205 1360
2790 756
3231 1282
3682 2222
3834 1516
5707 1184
530 662
3379 1198
252 399
4216 1912
5669 2104
3173 1858
3185 1188
190 1198
2247 740
2353 747
2792 1574
5558 2227
5756 1801
152 2239
2518 1853
5635 2239
2184 739
2632 728
4313 1659
281 736
2180 740
2643 735
3156 2261
3869 1520
4002 1561
4250 2239
905 521
1087 1257
3309 1858
3372 870
5101 519
5395 1795
2255 1516
2260 740
2696 733
2817 824
2997 970
4631 1861
5633 1870
6245 1884
2159 1516
2576 733
4669 2222
916 1692
2728 735
2980 896
3147 1119
4657 54
5979 18
323 1895
3181 1858
3219 1145
5212 1646
2165 1516
2250 733
2420 743
2760 735
4277 1698
471 662
2164 1516
2366 751
3199 1186
3292 1302
4704 1498
5637 2246
5801 1754
2617 1853
2666 740
4866 1659
2443 733
3336 1084
4224 1679
5304 289
466 453
541 567
559 1932
647 1783
2747 633
2775 1781
4664 55
2157 733
2298 733
2683 730
2877 855
3056 1206
4802 501
542 263
2258 1516
2445 733
2539 1781
2756 763
3054 1119
3195 1119
3635 2070
5219 1663
2690 733
2881 894
3196 1186
3491 1353
2646 733
2738 733
2409 735
2656 733
2866 951
4194 1678
4782 1659
4905 501
2155 1518
2355 723
3535 1179
3703 353
3991 1263
5197 1632
2418 735
4667 1892
5028 2061
2300 740
64 512
334 349
6244 381
482 662
3527 833
4204 1293
6054 2062
2228 1575
2578 733
3393 1858
4193 1912
5333 2178
5512 1861
5528 2246
2162 733
2588 733
2630 735
3359 1134
5821 2239
2076 1514
3223 1145
4540 1203
163 1693
2262 760
2356 1516
2410 730
2458 722
2579 733
3236 1551
3849 2239
5224 2133
499 1838
519 662
2449 722
3494 1329
3496 2115
4835 2246
1012 1571
1155 2063
2060 61
2827 661
3216 1196
3969 1202
5204 1609
5261 1677
2158 733
2868 894
5601 8
20 2245
2273 733
2283 740
3516 1386
6109 2047
2161 733
2357 733
2382 743
2922 797
3567 1646
5054 1757
5167 2053
5194 2063
5621 6
5792 1482
6194 1371
2171 1516
2259 740
2575 733
2970 1158
3915 1477
3933 796
4371 2239
2294 728
4478 288
5109 380
6374 1786
623 127
2237 1861
2071 1515
2249 733
5007 2058
5138 2096
5485 210
5831 2213
2276 733
2677 763
5765 113
2551 728
2613 1862
3607 621
4653 1178
5243 1663
3763 1871
1029 484
2431 722
2609 1853
4584 1801
5049 1851
2645 733
3762 2245
5226 1293
5557 34
5657 1876
5673 805
2906 856
3370 788
4578 661
65 2245
2563 733
3088 1185
3923 1490
5186 2104
2544 735
3458 1084
3822 803
138 1830
2267 733
296 651
2529 1853
5195 2099
11 1067
3890 1520
4687 2246
2166 733
2921 797
5511 1941
5859 356
936 2121
2573 733
2640 744
2940 970
3342 1194
5269 2170
2920 856
4022 1552
5232 2195
5636 1870
6134 403
40 127
321 1581
3343 1253
3692 353
5008 2095
5645 1885
4267 1948
170 1806
297 1806
3621 353
5907 5
6158 584
3596 1407
5484 34
5702 1263
303 2264
2287 1518
2297 733
2580 733
3138 1093
3334 1084
3354 1551
3443 788
1354 1632
2402 743
3153 1732
3262 1194
4823 2070
5180 2096
727 237
2359 740
2439 1517
2607 1862
2651 733
3870 1498
4181 2138
4184 597
4430 1509
5631 2238
5921 1932
16 252
1080 714
3865 1853
5272 2239
10 1837
1089 1223
2169 733
2772 1418
3357 178
2584 733
4223 2124
5652 1876
5763 2181
115 1245
224 1644
2682 728
3098 1086
3278 1165
5677 262
2741 722
3726 1932
2263 741
2411 765
2658 722
2759 735
3191 1188
5246 2063
139 1244
832 427
3836 1753
330 201
547 2246
2521 1853
2680 730
2778 793
5298 706
6426 774
76 15
3398 1173
4290 1646
5602 6
6009 48
6283 5
2275 733
2429 733
2577 733
2638 763
4638 788
4652 1505
2398 786
3270 1551
4159 1669
4312 1686
4918 1415
44 2053
539 345
2560 728
3505 6
6186 384
107 1757
2761 743
3341 1253
4134 2119
4423 2070
5681 2125
13 1650
2274 733
2985 1159
5672 1574
5826 1668
6461 1767
135 1634
702 1924
2261 740
3504 1996
3902 1473
3939 1044
4182 5
5546 2246
5632 1166
5634 1831
6459 1340
162 1731
2265 742
2290 733
4634 1486
5161 1663
264 2211
2186 1514
2650 739
5732 1948
2712 830
2723 735
3449 1084
4160 1663
4270 1663
4497 2246
4197 1646
5306 1659
5416 604
5433 1954
2566 733
2869 856
5761 2213
5790 1646
74 2245
2464 733
3070 1122
3080 955
3241 1188
3606 2246
5871 6
2406 763
2610 1781
3427 1084
4917 1648
23 2245
305 521
1811 1575
2905 894
3038 1186
3212 1550
4450 69
6058 2264
6304 2252
472 398
2586 733
3079 1052
3660 2222
3917 1907
4499 288
5268 1659
6460 1316
339 158
2726 763
2897 895
5670 2238
310 736
2422 735
2857 855
3067 1185
4674 1634
6 2245
722 1321
2154 733
2437 1514
2615 731
2634 728
3720 1076
4214 1663
4230 1607
4997 2047
5137 2055
5715 501
2385 763
6160 839
2295 733
2427 723
2931 953
3525 2095
5441 2261
2447 733
2916 969
3492 1378
5945 1477
2660 733
3193 1186
3678 1409
5845 48
5932 1661
3592 1646
265 719
316 2234
731 662
3404 1173
3723 1890
4628 1852
5683 1574
6088 175
6392 830
21 2245
1051 890
1940 272
2722 1538
5909 5
204 419
2174 728
2531 1781
12 1659
2448 733
3207 1550
3462 1201
3929 1515
4672 809
5997 1546
2556 730
3495 2117
5370 1567
6351 1668
2045 1853
2296 728
2923 856
3858 1199
4273 2239
4642 1889
4645 55
4781 1263
5264 2261
5609 1688
3018 1052
3386 1234
3608 1321
3736 1781
5170 2190
757 296
5347 1669
2546 743
3113 1121
3139 1122
3920 1202
4538 272
5145 2094
239 85
2637 730
2930 1138
4891 1948
745 363
4850 2070
6168 1632
6332 1246
2286 740
3690 2048
4025 2044
4582 1646
964 696
2264 1516
2559 729
3481 1369
3956 800
5136 2070
5323 688
5435 1816
2074 1518
2525 1853
3821 1857
5718 220
1044 258
5487 682
5710 1876
6277 962
6450 873
2938 793
768 1794
791 1110
3319 1248
4027 135
4212 1607
4710 1877
5262 1321
650 866
2686 733
2858 6
3391 1035
3651 1844
4764 1685
42 1693
1783 2170
2526 59
2988 318
4602 2239
5820 423
4 609
630 2247
1548 1632
2537 731
3590 2239
5128 2104
5453 2178
5828 1634
658 423
2081 1515
2672 1566
5231 1377
2654 728
2731 735
3008 1008
3444 788
4572 1659
4579 2070
6201 462
619 1775
2691 740
5910 6
2757 744
421 1390
2516 1781
2552 728
2811 1257
2818 855
3522 1329
3738 1853
3900 1520
4637 1871
351 227
2412 765
2783 1409
5314 688
2284 1516
3148 1186
5039 1663
5126 2053
5936 975
2777 874
2639 730
2744 753
3558 1346
4473 1440
4650 1199
5020 501
5949 760
72 2222
164 353
2440 733
3005 793
3570 2097
4639 1154
4662 1903
4697 1553
5843 1659
6006 1607
1889 1153
2989 1140
6359 819
2185 1516
3028 956
3896 1558
4671 1904
2291 760
2413 849
2729 744
3172 1282
3419 1862
3714 1128
4677 1870
4819 520
5398 729
2374 739
3053 1206
3423 1173
6206 8
6344 1566
3142 1188
203 2008
814 1823
2078 61
3082 917
3215 1145
3252 1234
3254 1196
4132 5
784 720
2432 733
2644 744
3446 1173
4292 621
207 31
3001 312
5623 1866
257 1362
2075 1515
5529 2222
70 127
5357 2260
2457 733
3380 1084
3665 914
4299 267
4548 1509
4741 1816
5139 2096
5399 775
5748 1738
128 1823
2302 722
2993 318
3579 2125
3715 1076
3746 1275
719 187
1970 1547
2168 1516
2438 740
4148 2119
4396 423
286 671
1985 1548
2268 760
3442 765
3581 2267
3717 1128
5160 1495
5693 1885
2737 733
4150 2262
5285 1682
2160 740
3014 318
4372 1659
4471 520
4633 3
5205 2104
5216 2256
5697 2256
2289 741
2780 830
3602 1646
3653 2246
3888 256
3906 1520
5651 134
739 462
839 453
2299 722
3963 515
4232 1656
4398 374
4832 1949
2896 2155
3661 1785
3749 1908
4227 1359
4253 1636
2739 733
4036 1179
5993 1662
232 1822
3081 991
3385 1303
3506 178
3857 135
6453 640
31 1839
259 380
2612 871
2700 722
5082 750
6121 692
6225 15
750 2113
2717 756
2799 636
3371 765
3497 2098
3835 1516
4875 462
5157 1661
5181 292
5661 1632
58 2124
1871 1857
2614 1781
2735 763
3301 1194
3645 2171
4324 2244
4557 771
5754 1482
2543 1538
2671 910
3921 1492
5151 2053
5288 1216
2549 744
2878 1698
5444 212
980 2261
2256 1514
3022 970
320 62
1821 1575
3642 10
6444 654
1187 8
3928 1900
4331 353
5733 2181
1184 2010
1795 1894
2635 743
4879 661
2176 763
2860 1088
2957 1159
2978 1138
3330 1084
3403 1877
3652 519
182 1857
2624 735
2730 729
3353 1551
3634 345
6052 468
1440 2158
2392 743
2527 59
308 532
2561 733
3029 793
3340 1173
3646 2171
3766 1931
3846 1723
5165 1381
5922 1566
6367 186
271 419
3144 1248
4919 177
5443 272
213 31
1034 120
4053 1650
4135 68
4689 1485
677 1650
2975 1158
3017 1052
3063 1185
3724 2070
6165 736
6424 2257
2633 735
3557 1329
3626 15
4130 2235
5390 1892
54 220
304 419
1071 717
2574 733
3791 1515
3986 423
5332 31
1038 719
1722 1263
2436 760
2620 1862
3077 989
3374 765
5273 1682
84 18
2571 733
2621 1566
2733 728
5011 2055
5615 2186
494 347
664 345
960 364
2057 1517
2647 733
2884 895
3898 51
2266 1518
3441 788
3989 1044
6294 1974
498 391
3792 53
2451 733
2995 1161
3373 788
5158 1917
3021 1161
3753 872
4456 2246
5499 1430
6420 1893
674 272
2354 722
3597 1663
4315 1632
4378 356
6012 2269
6268 1482
2152 740
2564 733
4341 1541
262 1008
2450 763
2456 1516
3093 1086
3238 1248
4550 1607
5192 2146
202 291
528 344
696 423
2373 729
3757 753
5490 462
5725 1482
6282 298
261 1683
1039 894
3544 1827
5358 2178
6397 714
562 2206
6082 2263
6361 1418
24 247
183 1987
220 695
693 276
2293 722
2952 793
3905 886
5536 567
5721 944
939 9
2720 1853
2982 715
3002 971
4929 2066
5534 1429
502 267
2245 1514
2301 740
3517 1667
3887 1634
4001 130
5173 1608
5340 2239
5554 1860
5709 1870
505 435
3143 1094
2701 733
2182 740
2803 1648
3253 1196
3555 1347
6323 1666
2758 735
2981 793
3287 1552
5191 2258
5214 1329
5648 1894
5655 1184
5956 1912
551 1808
2181 1518
2585 733
3025 1158
3050 650
3062 1121
3547 2113
4297 15
1723 1686
2589 733
2955 970
2986 793
2990 1158
6089 1338
2173 733
2964 1823
2967 1845
3798 1513
4198 8
4217 659
5611 928
1828 2184
2003 1575
2279 1900
4421 184
5247 1939
100 1615
589 2261
985 408
1785 2184
2771 756
2926 1227
2976 792
4449 1701
2939 1138
5163 2104
5228 2267
5549 2256
644 38
5193 2150
981 503
4019 1857
4435 351
6254 2001
198 2072
2695 733
2742 733
2810 873
3284 1055
3488 633
3875 1520
4228 1663
4992 2260
14 2245
401 150
801 1437
2183 741
2622 743
3328 1173
5995 1652
246 448
2257 1518
4171 2104
4283 1686
5628 2257
180 298
3365 1173
3384 1303
4884 1816
6193 1773
6196 1884
868 519
1810 1894
2694 722
3105 1188
2244 61
2554 744
4542 732
4565 1634
5229 2085
463 219
2254 741
2618 1862
5012 2099
6164 1686
3275 1053
4196 1898
6015 567
46 2041
670 558
751 662
2636 728
2661 733
3366 765
4255 1698
5010 2053
287 205
2565 733
2984 2008
553 2247
2170 740
2748 745
3178 1858
3367 1575
5564 192
4716 1542
6279 1065
6333 1938
1815 728
3318 1248
4849 621
5225 1707
5731 1663
6340 801
501 1685
2272 776
2693 722
2802 900
4225 956
4397 1390
5297 380
5366 808
6260 2260
603 2215
1993 1153
3235 1551
3240 1248
622 1482
2530 1781
3204 1550
3315 1035
4274 1335
5925 5
6091 588
18 1204
2404 804
3057 1121
4034 503
5706 674
5829 2257
2187 1520
2188 869
2732 728
3623 520
4021 1913
4846 467
6289 657
2928 1533
3031 695
3575 1407
3697 1026
4756 2073
95 212
238 751
3048 1845
5986 1987
946 2150
565 2243
1097 656
2962 1817
4535 1796
119 1837
2177 760
2189 1907
3260 1194
3624 9
3935 801
534 1987
729 621
2532 1853
3487 1275
5432 1668
5589 2089
5750 866
1098 1346
3168 1108
3751 1908
4133 40
6182 54
1062 1550
1829 1058
2676 1853
2903 1203
3518 1381
3707 1423
3801 1485
2175 733
2197 1514
2523 1781
3261 1076
3545 1913
3654 1322
5730 1663
104 1837
975 56
2462 733
1869 694
2558 744
2628 728
5713 1722
6040 473
406 399
2435 1516
223 1615
245 2172
490 468
2570 733
2815 855
5270 839
6421 1659
9 1837
1814 728
2968 1845
3851 1853
4607 329
5474 696
6036 1325
186 201
2721 1853
6288 1310
6302 796
244 1336
617 2070
2253 733
2548 735
4202 2094
1976 1215
2820 1678
2977 1026
3222 1035
3600 1642
5291 1442
410 219
581 2239
3297 1508
3317 1551
3369 1173
4149 8
4429 1766
4921 943
2734 722
3101 1121
5129 2122
263 956
986 1669
1092 656
5121 1727
6178 881
788 353
2143 1517
2163 733
3716 1423
4158 1958
616 621
1820 1575
2167 733
2675 731
3376 1084
4185 2257
5600 1661
6114 1800
3 353
871 1480
3051 1206
3078 1142
3106 1121
6118 773
6433 653
69 220
2681 735
3368 788
5654 1877
37 219
3245 1164
4682 766
4868 918
5612 2239
6122 1384
77 421
108 353
524 557
632 866
4173 1663
1024 1546
1654 2070
3551 2199
3684 1418
4281 157
5400 2184
6161 1358
62 9
919 453
2243 1517
2540 59
3003 1932
5642 1826
2227 1575
4323 2239
5616 2230
80 341
273 960
636 100
1558 626
2649 733
2718 1400
4359 746
6343 1240
2444 722
2663 733
3948 833
4009 482
5211 212
6449 753
834 288
2598 1865
4180 1826
5682 1202
5819 2259
594 1649
1812 728
2590 733
3194 1121
3197 1186
3681 272
90 1224
1011 583
1847 1141
3104 1165
5354 1486
5545 792
6100 2152
6131 2252
6458 746
216 1649
763 56
2662 722
3064 1186
3288 1253
6080 2076
6301 459
6365 869
301 415
2625 729
3087 1206
3548 6
4105 168
6411 1839
140 2060
196 62
2764 874
3180 1551
3800 1860
633 2222
760 440
2966 1158
3095 1073
2238 320
3951 2071
4215 2061
574 469
1072 675
2910 1817
3121 1732
3234 1858
3823 1507
6418 1565
903 631
1159 10
3007 1008
5001 2051
5719 682
5950 1683
927 461
957 1715
2885 1528
3047 896
4851 520
2073 1520
2813 1418
3026 1940
3218 1253
5162 2104
352 1504
370 1853
1873 186
2664 1900
2911 1817
3049 724
3476 69
3924 1490
4121 1541
385 1469
686 1068
2951 1158
3115 380
311 160
509 434
2242 1517
2446 733
3477 1290
5102 265
5402 1546
255 247
288 2074
2465 1514
3000 955
3075 695
3169 1551
6347 2237
1666 1922
2463 740
2814 912
3959 1202
5553 1866
5580 478
5678 2008
6117 1853
6199 1678
400 431
913 67
3585 271
5330 464
5403 501
762 1508
3210 1550
5000 2037
6281 1645
2329 1892
2627 743
3250 1284
3478 1178
6087 1924
3076 1161
4008 31
4012 2239
4276 15
5824 335
648 413
2702 740
3668 1409
4609 1398
5245 288
122 36
954 1632
3899 1482
6356 746
597 587
5289 1204
6188 1385
6381 2034
295 330
2239 1517
2629 729
2710 789
3400 1220
4998 1223
5641 1826
81 2061
3338 1084
3351 1770
3732 62
6214 2203
2547 765
2674 1546
3466 1275
4974 701
5251 2239
5703 219
2524 59
2703 740
2767 873
3154 1722
3644 1721
4291 1632
5988 688
6070 2202
278 113
2241 1542
2416 827
3129 1086
3269 1169
3437 1354
5339 1556
5911 2094
125 519
2004 1575
2466 1514
2915 1533
2960 1533
6151 839
843 1710
3027 1845
6309 2256
3183 1053
4229 1322
4608 685
5503 1727
29 415
665 1578
2454 761
3677 1273
3733 1781
2954 1158
3043 897
3992 1563
4587 292
53 1818
2553 729
5248 2255
5397 747
5542 1709
6167 1578
6404 840
704 408
1095 669
2433 763
2623 730
2626 735
3224 1146
3514 1155
4757 672
5119 1669
453 1648
689 1655
2403 735
5597 1384
341 866
598 1790
3039 1052
3632 1785
5540 459
5726 2246
132 42
512 272
1796 1894
5592 2098
6305 1772
3282 1188
3289 1227
3591 2058
6202 201
4833 1341
6451 745
250 2205
921 480
2496 1861
2679 735
2999 1142
3705 1423
3743 805
3769 1930
5203 2137
5477 2114
5569 168
6106 391
6146 885
6338 1862
57 1087
145 1837
2513 1781
3114 2070
3538 2120
4651 1899
5596 855
6456 1954
746 283
3015 318
3382 1861
3688 928
4006 1244
4103 520
5568 1685
5573 2195
5624 1700
5742 269
2953 1940
4589 1723
179 1828
1870 1125
2562 733
3041 1297
3140 1165
3619 413
4665 1112
5135 1937
5200 2073
1308 172
2051 1853
3826 1846
6147 97
188 777
1484 1480
3422 1173
3747 673
4046 777
5048 1052
5252 1677
5320 2217
6454 641
1887 1885
2572 722
3490 1240
1720 2199
3141 1053
6155 778
6422 1723
1105 408
2653 1518
2725 1891
6028 1184
357 1725
3998 420
5687 1877
3092 1073
3155 559
4282 345
4676 621
5680 1913
5847 696
6319 890
390 1947
718 1816
2282 760
2948 1635
2974 1086
5857 1573
368 561
1079 64
2455 733
4205 2073
4243 2104
5708 36
5714 1547
2719 1400
3167 1282
3202 2213
4599 961
5234 1690
6439 246
105 1586
3201 2256
2278 1900
2452 722
3097 1121
3111 492
3251 1270
4279 364
6267 2260
17 267
1093 2008
3012 1763
3020 1161
3272 1227
5450 2178
5955 2143
1082 680
2001 2184
2442 733
2781 756
2943 1533
3737 59
4601 1366
4949 1408
5527 1275
169 1796
1549 2001
3177 1169
3286 1913
3767 1931
4152 1203
6440 246
67 1637
91 1562
1817 1894
2557 730
3310 1770
6148 459
6247 1378
6402 668
2806 1417
6072 1652
333 415
808 391
3004 1138
4059 433
5331 1816
5349 1723
5478 403
6330 1074
356 173
2049 1853
2687 751
3435 672
4151 1609
4410 364
5452 2190
93 375
1036 890
2047 1891
2655 722
2958 896
2961 1533
3145 1188
3864 1520
4801 1808
5176 2139
5608 97
192 2063
963 2208
1102 656
3117 335
3263 1194
3313 1770
3657 2245
4391 1462
4571 1646
5227 1379
5514 1948
6093 1675
1247 2022
2053 740
2307 1514
2971 1158
3108 1073
3725 1877
645 31
825 113
2705 817
2809 821
3024 991
3453 1290
3675 1512
5451 1278
5567 1663
6228 1385
6253 2100
6408 2066
945 1898
1022 1889
1353 1906
2280 631
3083 1940
4288 462
4713 2245
338 1466
1117 1528
3110 1248
3512 1203
241 129
3281 1248
5210 2256
111 1805
5517 473
826 1362
3676 1511
4968 1322
5053 165
6223 1378
6372 2137
2606 1220
3059 1702
6240 661
6322 2128
535 2241
1309 1924
1953 1853
3636 1816
3930 802
5727 1767
455 267
821 553
1276 2026
2659 722
2969 1158
1027 1941
2812 948
2973 970
3276 1053
3355 1855
3474 674
4780 2070
2821 48
3693 2048
5999 2239
6409 672
1049 894
2972 1050
3265 1169
4924 561
5948 1722
6132 2267
6133 2089
6403 1344
114 1794
1050 858
3239 1121
4556 219
4643 1861
5300 1140
5421 634
199 833
319 1219
716 90
1138 698
2929 1076
5535 2219
189 85
240 833
1333 2137
3742 731
4625 1726
131 643
1939 1826
2568 733
2707 1257
3044 991
4082 1044
5371 1894
6149 2259
6303 797
2199 61
2459 740
3952 1504
4235 2122
5112 8
5266 1206
5705 674
5964 909
587 1164
1872 2183
2277 722
2789 756
2798 821
3226 1108
3960 1067
5598 590
5899 1624
6097 598
6293 2225
671 199
1068 840
1084 1294
2917 1533
3669 1241
4629 1297
5560 52
5691 1780
5927 826
6144 1384
6419 1259
770 484
1660 2114
2233 1894
3475 1200
4245 2125
5644 1184
5816 265
6094 403
6123 17
177 1321
635 1047
838 2225
4759 913
5479 1245
6092 15
6232 1501
6362 1223
215 427
681 1732
769 1578
1945 1853
2749 820
3418 35
120 1719
489 415
802 1845
948 433
1321 570
2058 1517
2591 740
2901 1817
4946 1982
6358 1954
687 1710
3964 1988
1370 1879
1471 1480
2029 1894
2303 1514
2956 263
3152 1953
3258 715
3582 5
3628 899
3713 1128
6317 1105
206 719
4113 1943
4670 1909
4885 1646
6124 897
6334 1871
1910 2184
2109 1734
3480 1369
3560 627
3647 615
4931 1633
4955 1048
5607 2133
735 1830
1364 676
1794 1575
5630 1663
5712 617
6038 2089
777 412
1499 177
1950 1532
2142 1498
2899 1533
3670 1908
3701 376
6335 1619
3498 1257
3748 1223
3949 1202
4991 5
79 2224
600 413
1106 2267
1243 2026
2698 733
3188 2070
3718 1423
5140 1776
5396 2223
6353 6
1434 2019
3122 1732
3543 1609
5183 15
5249 628
6191 2125
3091 1086
3578 2128
4773 644
5578 1699
2082 1517
3170 1052
5722 1695
817 385
1932 1141
2352 1134
3257 1194
3388 1770
3664 2058
3679 2156
3777 1931
6105 970
6432 1421
2963 719
5933 1693
6115 2114
212 363
398 391
467 165
1186 2012
2023 1894
3267 1108
3420 765
4738 30
5182 1263
1462 708
1823 1894
2898 1533
3349 1101
6003 2251
1016 1931
2800 384
3467 1288
3937 840
6414 22
30 1845
59 3
2085 61
2652 722
3416 1885
3780 1520
3977 1928
4116 1676
4915 5
6416 1869
6457 601
1031 1941
1747 1141
1956 1853
2223 1894
2434 723
3655 1309
4447 1369
5969 2239
6325 1065
267 298
3756 993
3979 1721
5572 1699
5883 462
930 2118
1103 2230
6255 10
97 2060
266 90
766 472
1319 698
3190 1121
3531 921
6220 1504
3700 2192
5009 2058
5255 265
85 1125
527 1310
701 439
708 2235
2077 1514
2216 1892
4928 1377
5190 1052
5627 1865
6081 8
6103 400
743 1770
915 247
1591 1939
2056 61
2200 1514
4703 1498
4740 1925
322 776
408 1528
1224 2137
1809 1894
2900 1533
4047 777
52 1588
781 52
1512 1466
3279 1165
4115 2261
5315 335
5966 111
6184 2049
6438 697
714 1848
1006 137
1088 1346
1885 1532
3402 765
3552 545
3812 745
5445 276
6071 695
6095 2267
6180 1308
6328 1389
28 11
289 29
393 919
413 56
667 413
1819 1538
1947 61
2912 1817
2987 1161
4544 1934
2470 1514
4049 777
5236 1662
5254 997
5335 2174
6083 2247
1266 2102
2711 1887
3980 1263
4296 416
5548 368
5961 545
6013 1258
6321 1663
1458 1141
3346 1770
349 363
786 1068
1523 708
1973 1520
1986 1233
3566 2223
4377 362
5781 942
6016 353
1808 1894
2788 756
3086 1962
3187 1248
3987 720
5134 45
5365 1556
5369 1890
6068 1286
15 415
55 10
106 1837
217 74
595 913
707 1378
822 1953
1085 1695
3971 928
4280 2238
4488 2268
5046 28
1285 2046
2151 1515
2998 1940
3706 367
6436 55
2129 1894
2913 1817
3131 1055
3471 1587
4766 1377
5767 1719
6405 1982
118 101
2059 1515
3232 1169
3352 141
465 736
968 624
3521 1996
3932 2193
5521 353
6233 1654
6271 2171
1352 1996
1419 2026
1621 1879
4070 1745
38 879
1112 70
5230 1663
1946 1853
2066 1514
2716 1368
3897 1831
51 268
78 9
495 332
1402 2074
2914 1533
5622 1121
6011 911
6262 2267
6377 818
1563 678
2713 1275
2944 1533
3109 1248
3598 1995
3974 1031
4071 1649
6065 1954
571 1757
646 1823
764 679
1253 2026
5590 826
584 604
1157 1707
3248 987
3311 1227
5663 765
6209 669
110 307
1888 715
1921 1922
2567 722
6285 712
369 546
1177 2026
2592 1889
3283 1073
5337 1204
5753 1650
479 622
525 1652
532 347
1877 1894
3768 1931
5958 594
6104 2114
6447 1322
1380 1066
4024 928
45 2057
141 9
157 391
1791 1894
2569 722
4522 272
5283 1204
166 172
379 1147
970 531
2061 1517
2937 960
3052 265
5284 1444
6192 2098
6441 2014
335 962
785 490
2992 1161
5695 1565
5735 360
753 247
3255 1196
3540 1707
274 537
3013 991
6045 156
6190 397
6292 1683
6357 2186
6373 680
487 1519
3486 792
5316 459
529 337
668 425
3277 1074
5217 43
6063 1686
683 196
2194 1517
2791 753
2935 1071
6234 1648
2594 1514
2697 722
2851 1927
4803 1509
5960 1182
483 172
5274 464
1188 2260
2271 760
2336 1894
2801 855
3089 1121
315 424
799 98
1924 1866
2146 61
3465 819
3755 1398
4871 2239
376 1891
434 344
1104 2043
1567 2058
2983 856
3100 1444
3750 1908
4005 1203
5239 2161
5502 33
5917 2049
6163 1325
6386 676
6434 515
698 469
1115 1647
3752 1353
3786 519
4436 1440
2069 1517
3509 1223
3625 1578
6274 1357
293 1625
732 853
1019 1853
1020 1173
1726 652
2052 61
2797 1723
3770 1930
3908 761
5336 909
5579 2202
6394 1928
998 380
2149 1514
3638 1669
4681 63
5383 501
6177 925
1144 2032
2002 1575
2996 2264
3468 1240
5465 2239
5493 923
5541 796
6174 1325
1898 2184
4945 1666
5734 419
6200 98
734 291
1118 2150
2190 1514
2229 1064
4836 501
6298 6
87 15
193 57
578 330
621 2261
807 173
2134 1575
2193 1514
2766 808
6238 2203
774 682
3727 1575
6248 2061
2070 61
4606 961
4845 520
5582 2125
229 174
657 992
1657 1377
4853 1679
5131 2053
5588 2186
1457 676
2083 61
6056 1162
526 469
609 487
1113 2012
1827 1894
3955 1178
4242 1757
1474 708
2084 1520
3011 318
3950 1778
5148 2123
5196 2256
5823 1603
6311 646
121 16
4186 688
5987 364
5996 413
6393 1928
937 1971
1906 1892
3135 1097
3510 1319
4413 1694
4519 1685
1061 890
1287 717
5547 1076
276 938
715 1036
1860 1141
1878 1894
2946 719
3165 1108
3244 1055
3304 1169
4104 299
4469 1725
5417 777
459 184
906 1655
2226 1575
4226 1672
4755 2222
5667 308
86 341
234 469
929 1530
2044 1532
2120 639
3414 333
3499 1290
3556 864
4131 1661
5868 272
5928 1781
6187 1325
6329 1889
136 1469
143 1113
5575 745
6037 2159
6227 335
6229 1155
6300 867
1032 1181
2415 1537
5149 2058
5551 1846
6179 2253
723 1659
3271 1770
5087 1340
160 1692
2039 1853
4938 2168
5208 1663
1076 1611
1493 1561
3023 897
3396 272
5276 2143
181 2152
631 1948
1042 1571
1466 678
5456 1949
6047 1656
570 259
775 201
1818 1894
2080 740
558 1719
1991 1532
4937 2168
5985 207
5045 2073
5486 897
6059 1440
1018 639
1433 2026
1533 2140
1667 1556
1900 1883
3120 991
3237 1053
5380 2183
6069 1732
556 423
2072 1517
3307 1744
3489 1454
4700 1922
5431 347
6401 1517
7 272
254 401
1856 1325
1917 639
3290 1270
4944 682
6256 1221
6278 1954
428 412
789 1439
2991 897
3470 1309
3972 411
5299 2086
6116 1648
6387 445
1522 1879
4977 1328
5218 2159
699 462
2281 1518
3630 1316
4318 2260
5954 1142
6090 1072
6337 1900
275 968
3134 1169
4234 590
5626 1842
5992 1137
6018 888
75 1837
628 886
685 1827
931 929
1806 639
6048 285
6218 659
585 501
588 2092
1200 2032
1724 1939
5271 1988
6067 1879
454 1660
1094 718
1235 1311
1845 121
2699 733
3102 1165
5908 1661
450 1936
1390 2055
2486 146
3274 1161
3417 28
4588 645
5169 1668
5975 1823
113 514
1428 2026
4930 1377
5003 2070
5434 604
237 448
874 469
934 2099
1965 1853
3171 1270
3907 1515
5392 137
1077 1279
2041 1853
3574 690
4934 730
554 1866
1590 1960
3112 1695
3174 1052
5552 1756
1037 348
2745 817
3016 1297
3903 1193
5467 2070
209 1413
473 1757
481 2213
1804 639
2130 1894
5842 265
652 1769
1073 686
1728 186
4722 1205
5042 1719
5696 1344
5941 1505
6141 793
6314 1325
1765 2074
2752 806
5002 1595
5938 708
300 1838
361 1984
2079 1515
2769 1319
2829 1227
2902 715
2945 1533
3242 997
5124 2098
6029 2152
6236 1767
6242 1654
1074 1972
3151 990
3704 17
4701 1916
6210 2127
6320 2269
1861 1480
2011 1894
3390 1770
3605 1646
6125 391
676 1727
2344 1575
5587 263
374 419
1729 2066
1969 1532
4167 816
910 469
1391 2061
1816 728
3009 817
5501 644
5768 7
6150 1611
6446 1419
1788 186
3068 1765
4889 696
5751 747
6269 1884
568 2242
1362 680
1566 1480
1899 1894
2340 1894
5780 1928
6345 672
35 1428
765 2175
1091 648
2782 821
5984 2265
592 1204
790 141
2755 1409
6066 2035
383 1466
780 1362
1928 1480
4661 1910
4844 212
5604 942
6061 2017
1463 708
5116 899
5539 1540
6406 1472
941 2011
1721 771
2148 1520
3501 1331
4971 648
5275 1048
5401 1575
5531 1377
5915 2125
508 1685
564 173
1191 1311
1470 563
3523 265
6096 746
982 2105
1147 2036
1952 1853
2026 1894
3211 1108
3604 153
4256 276
3228 1108
4251 1962
4585 1829
61 1701
153 889
940 82
991 1773
4663 1153
5466 2239
5839 478
248 941
1257 6
2027 1894
2119 1894
2994 897
4533 364
154 129
371 1073
1236 2256
2050 1566
2055 1514
2231 1894
2333 1894
2709 1419
3415 139
5666 1532
6027 557
6159 1341
6273 630
1759 563
4616 1882
436 1767
2192 1514
3060 1188
5350 1203
5671 70
6310 236
577 420
856 1791
1327 2026
1909 1894
2195 1514
2330 1112
3537 826
4117 720
4731 1939
6243 582
1395 718
2311 1915
2453 159
2670 1514
3127 1121
4094 267
6119 2100
2141 1297
3186 1121
5313 1853
6111 781
659 2137
845 1819
1979 1853
2040 1532
5422 597
5584 484
5914 649
5935 803
98 55
2064 61
4075 1289
6101 385
1083 191
1592 1480
1990 1532
2795 837
3546 690
1043 586
4729 1964
5844 593
419 1886
433 285
1122 701
2348 1894
3515 572
5700 1649
1514 708
1714 2027
3564 1456
3612 1511
3966 1845
5244 1647
5381 186
6181 1371
253 1883
364 2219
392 2205
961 269
1789 2184
2753 830
3572 690
5782 1646
6341 1331
6390 1487
363 2045
1441 1384
2036 1922
3096 1188
3205 1108
5583 2119
976 385
1824 639
2144 1514
5619 2194
5890 2039
6324 1882
1046 825
1709 676
2131 1894
4498 2237
5764 899
5896 1179
6005 2143
504 243
1399 1879
1733 1960
4060 388
4459 852
4950 1392
200 1847
208 2228
2310 1515
3648 435
4023 31
4244 1663
5515 1428
1010 696
1911 1575
1982 1173
3536 1384
3663 1361
5972 1670
5977 1954
6425 1780
767 2118
1876 1894
3032 265
3160 1062
5363 1483
6231 272
43 488
1111 15
2936 942
5858 2105
260 761
283 644
604 1549
974 1521
1972 1853
2334 1894
2959 896
4065 1903
4510 1928
5586 2202
6130 1611
6299 113
1389 5
3576 1658
4017 1428
4906 168
1565 1141
3125 1668
5483 520
6176 1588
1339 2028
5848 1607
5939 1347
6143 2243
989 177
1002 137
1536 2028
1797 639
2808 767
1203 701
2046 1532
3184 1165
3198 1073
3601 1390
6169 900
550 2239
773 588
1281 2019
1943 1532
4698 203
205 621
233 1660
728 35
933 950
1964 1853
627 1659
1015 186
1392 1325
1658 1377
2965 1927
3873 1455
4678 1516
5629 2259
5814 689
5980 2208
1460 708
3455 1274
5168 8
5660 1894
6084 2265
626 209
950 1509
1642 2028
3587 718
5265 1204
922 2253
1340 2028
1437 2027
2098 1169
5974 68
2715 63
3502 1666
5963 1376
347 272
1944 1546
2807 789
4935 725
4951 1723
5668 406
403 2142
1682 1480
1879 639
2315 1915
251 695
258 821
640 1885
782 2213
1209 2194
2825 960
3280 1055
4778 468
6032 1430
6162 2139
6222 175
6287 1585
513 1088
1613 1879
2196 1555
3978 276
5238 1804
5647 1892
6004 2256
6213 1624
6239 2178
3459 1501
3807 601
4289 1650
5833 2257
5913 614
6046 1369
325 1291
971 433
1931 1141
3249 1227
5091 2252
6261 2262
415 1710
470 1504
1004 137
1388 1382
1602 1143
1881 1891
2010 1894
2111 1894
2947 1817
3559 766
4066 146
6410 2066
952 349
3962 1025
5052 886
5605 2210
6053 1437
6366 111
133 1682
895 1436
1081 702
2472 1486
4688 1828
5286 1683
5556 1344
103 45
1753 678
3511 1258
3673 2012
851 496
1500 1377
1901 742
2116 1894
2942 896
5617 1756
6313 1699
6442 560
126 91
1325 2028
1784 186
1983 1520
2487 1150
2 387
1279 2028
5498 1939
5884 896
1047 840
2117 1894
4083 1854
4231 2096
4590 621
4901 1931
5017 1634
6024 1662
214 803
294 256
935 1987
1003 1922
1521 148
1841 1922
4999 1275
1217 698
1880 1892
2015 1894
2704 1199
3573 1902
4363 440
92 2180
486 1326
601 376
1134 701
1711 1415
1936 1141
2665 1507
4056 2196
5081 801
3213 1770
5739 37
6380 182
272 253
943 2179
984 17
1296 1879
4834 17
1190 1311
1201 2036
1283 2026
1968 145
2132 1894
3094 1188
3639 1258
4209 501
4796 2260
5489 468
5952 1290
6075 889
1284 2023
5133 2099
5461 1953
4508 345
5585 668
5968 1590
6183 519
684 2067
959 1660
1891 2088
2012 639
3137 1097
4960 1663
5856 2150
6258 847
6378 680
928 1068
1560 708
1605 1480
2774 1400
3938 2074
6000 1759
6126 2140
397 385
1233 1603
1367 709
1385 702
1630 2033
3034 265
3090 1086
3643 835
3965 1417
1150 2021
1807 1894
1874 186
2706 872
3175 1266
3599 2139
6055 461
792 1313
881 721
1156 2194
1886 141
4882 2259
4952 1352
5772 2178
5888 2038
6448 2037
151 1932
778 41
3259 1194
4734 1289
5716 276
137 50
449 1987
576 772
1185 943
1761 1557
1800 1894
3708 1657
3789 1870
5834 2256
123 524
841 1816
1272 2026
1447 2051
1835 1922
3401 608
3783 186
442 582
572 1607
1120 2026
1798 639
1966 1173
4783 1114
4814 545
4981 1307
5067 168
6237 1334
867 1020
1123 698
1552 1183
2473 1514
3124 1121
4293 882
5079 1535
6368 749
5755 1609
5973 1756
1833 1922
6102 1297
6318 1288
614 695
3633 1642
3863 168
4300 423
5893 609
171 140
1790 2184
1902 639
2234 1894
3033 265
3434 16
1826 1894
1954 1984
6384 380
285 560
1240 2039
2135 639
3099 1122
3934 1096
4431 1817
5998 19
3163 1770
3674 2002
5524 709
1028 2120
1987 1215
2062 1515
5746 1853
5786 1506
431 123
800 1719
3584 1879
5825 226
990 1141
3189 1702
4458 1634
5769 381
102 2064
1216 698
1371 708
1384 654
1387 1608
3685 1936
5373 609
1659 687
1677 708
5250 1033
517 360
2819 852
5364 1210
5931 1939
6370 1441
794 462
1633 2028
1957 1234
3493 867
3776 1930
5599 40
5676 1297
5878 1052
1905 1575
2485 1984
3130 1650
3146 1055
5021 272
5118 1971
5809 801
6099 272
672 85
1021 1889
1762 1141
1770 1085
1834 1666
2491 1853
5813 1781
5976 1181
309 1440
1230 2021
1840 1922
2349 2184
2605 1559
2754 768
5078 1922
5523 963
1005 137
4765 41
5865 1794
437 1114
4947 1283
5384 1202
5902 2031
6078 1933
3136 1249
3166 1298
3729 1352
5066 1816
6382 2074
5393 2102
441 1729
2785 779
673 52
776 291
1158 7
1599 1141
2492 1734
5815 969
612 568
1577 1480
3132 1097
1676 663
3976 2261
4445 1462
5800 1863
5840 2213
5926 1532
354 2120
1196 2026
3208 1108
49 187
1813 1899
3182 1249
4199 693
4586 2091
4963 701
175 140
353 546
579 1693
869 1533
1417 2032
1543 1995
1865 2048
2009 1894
2217 2088
3534 2157
405 478
634 123
1009 1682
2240 1520
942 423
1045 514
2327 1734
3058 1121
4922 2168
4943 578
5437 415
1908 1894
4916 1535
1647 2036
1755 1141
2768 830
4080 1289
6129 1662
130 1369
386 796
926 1676
1432 1376
1475 708
2918 582
4679 1914
5454 468
629 991
737 559
1644 2028
1923 1922
1977 1532
2138 1922
3739 346
4711 968
4948 2073
82 417
194 438
477 150
1030 456
1232 1667
1496 708
3953 1420
6098 654
159 784
326 663
1170 2065
1413 2027
1568 1480
1897 1894
3482 1308
4287 1818
5685 1816
1497 2132
1587 1882
1896 2088
6297 1845
947 2219
1183 2006
2101 1734
2497 2261
6135 1429
1114 2002
2342 1894
4855 571
5895 1767
425 2149
1435 2027
468 765
1207 698
1494 1141
1516 677
1736 1922
1941 256
2019 639
4468 212
414 1941
736 1218
1792 1901
2941 990
4247 1823
5301 1140
5788 1125
709 1885
1614 1879
4301 1667
5891 2039
6230 889
382 1434
422 100
1250 2032
2145 1514
3813 714
4942 1377
5122 1816
5263 247
555 247
1498 1143
1555 2026
2198 1514
2489 145
3133 1208
6207 180
6211 614
6264 1334
608 1717
1000 1577
1636 2026
1738 1922
2191 1515
2235 1974
3640 1528
5083 761
721 456
1949 1083
3348 1770
5324 335
56 1438
1559 43
4326 272
4405 1112
6060 1807
228 708
1303 1879
1405 698
1571 1480
2596 1506
4644 184
4680 791
4822 101
225 1466
967 514
1060 1225
1261 182
1282 2026
2230 1894
3454 767
3968 2179
3970 400
440 1436
1110 1877
1529 677
1822 56
2337 1894
3508 789
3589 1670
3710 1657
4742 213
4967 2023
6019 1358
227 672
1578 1986
5694 64
1331 698
1519 1879
1650 1376
1855 479
4314 1759
5779 1242
5978 875
1718 2094
3473 2035
4437 684
5076 502
1696 676
1984 1520
2350 1894
5302 2250
5959 146
6170 582
6379 2119
1213 2028
4620 1840
5591 2098
6085 635
6120 137
6140 896
6203 1374
520 980
582 1470
749 960
1145 2036
1396 681
1892 639
1920 186
5188 633
328 1514
1359 2049
2478 1915
3103 1121
3904 480
6407 645
1189 887
2118 1894
4317 2104
4322 211
5056 557
5334 226
6316 209
3479 664
4489 1888
618 347
755 578
1998 1894
3513 2157
6034 1225
1744 1141
2048 1546
2225 1894
3019 837
4509 2070
4563 1482
142 1485
1086 267
1594 563
3042 991
3782 1492
5912 614
6062 2010
725 963
1121 2027
1517 709
1542 1309
1697 2177
2126 1894
2137 639
3650 1386
4536 805
4726 1315
4966 2023
63 1609
493 346
1052 1225
1254 2026
1513 708
2221 1891
4303 704
5355 2230
5650 582
6413 161
373 1469
1461 1480
1844 2066
1967 1173
3472 2255
5177 1989
221 75
1160 1626
1915 186
3179 1108
4444 805
256 270
343 2133
932 550
1181 1156
1793 1894
3440 1238
3691 466
4523 1295
5290 1294
6400 1578
218 2089
282 1871
1210 924
1530 1447
1583 1563
1749 2056
2150 1514
2475 1514
2784 1275
4927 186
6443 701
496 253
682 346
1172 2023
1215 2082
1550 2001
1627 2046
1912 1301
2746 753
2786 1290
2859 1259
4515 1608
5989 210
6017 1812
6112 68
89 1535
726 2265
1301 708
1864 2048
2840 837
3611 420
5253 2197
5946 69
420 344
923 642
1719 1376
2891 954
302 1109
615 29
2103 1734
2127 1894
3040 1161
6079 1308
6391 2245
1486 1480
2331 1901
2332 2088
5563 86
355 808
1126 2027
1168 2030
1997 1894
2035 2066
2793 2066
4615 1096
365 582
747 1524
1313 746
1478 708
1707 668
1846 1556
73 1958
679 639
1469 563
1890 56
1994 742
3659 2267
4913 421
5860 10
6185 1416
1013 1894
1023 690
2346 639
3397 139
3993 268
4020 1121
5287 462
5811 828
6312 938
692 173
1128 2026
3811 1910
6025 249
720 1334
1551 1376
1918 186
2114 1575
4248 688
1346 701
2006 2088
2022 1894
2097 727
4505 1025
4506 2091
4696 1679
4735 2091
6369 1256
1017 2015
1164 1362
1894 1894
2038 1998
5724 1673
210 137
688 1823
1334 1376
1756 1141
3394 1297
4370 413
5757 1936
6331 1720
6399 549
172 247
377 1734
759 898
1409 2266
3128 1650
5233 1595
5439 345
5475 201
5835 210
6219 495
6307 385
599 1259
2008 1894
6008 1411
6327 732
803 687
901 100
1366 708
1373 717
1805 1894
2599 1734
3503 1283
4941 2200
5951 609
1219 1606
1355 692
1875 186
1971 1233
2128 1894
2325 1734
5639 40
6139 1886
1125 698
1411 2036
3084 1294
407 1158
1412 701
1893 639
5099 317
5806 1220
5943 1296
6286 451
567 1497
697 207
995 565
1274 620
1716 570
2222 1894
5991 259
815 478
1056 655
2313 1915
4920 1377
536 19
889 1027
1202 2036
1502 1392
1907 1891
2232 2183
3126 1188
5411 997
6412 2001
586 2158
1854 180
4369 939
4980 88
2037 1938
2343 1894
4054 833
4404 1984
5378 2266
1238 2034
1328 2028
4975 655
5341 1440
5482 462
6430 2256
2479 1915
4993 2035
1425 435
1438 2014
1635 1603
1648 570
3774 1812
3874 2168
4646 137
4957 2210
5869 98
144 514
1223 701
1256 545
1414 2063
1459 1480
1750 1480
1904 639
2490 1734
1277 2027
1278 2028
1376 708
1545 1606
2602 1734
2787 1275
5965 111
6044 2261
6166 740
6389 80
1241 707
1320 2137
1787 1894
1830 639
3030 1933
3671 2027
4723 1559
5771 2260
6291 1675
969 211
1386 666
1988 766
2467 1915
3808 1275
4123 1267
842 2065
1508 1879
4794 579
5555 278
452 1823
920 1522
4668 2243
4902 1984
5532 1377
6435 1277
1064 599
1374 669
1637 1603
2063 1517
2218 1894
4815 711
1248 2026
2305 61
3436 427
4168 604
4754 1682
5070 246
5277 259
5836 1116
951 1794
1754 668
2338 1894
4504 946
1603 663
3483 408
3981 897
5866 1766
461 881
1176 2032
1955 1853
2096 1507
5937 1645
6259 1697
543 65
1139 2022
1244 2027
1662 1116
2033 1872
4328 1964
5610 2128
6272 15
1383 2051
1456 97
1643 2033
1781 2043
5787 1507
345 585
1316 369
2600 1532
3159 1097
3696 2096
3926 1422
430 1035
1040 604
1418 2032
1430 2028
1802 1894
1836 1938
2595 1915
5807 801
6001 453
191 188
902 132
3463 1332
3967 203
5944 69
6308 68
1055 690
1487 678
1488 2261
1695 1141
2067 1514
2125 1894
3529 2183
3689 708
3957 1260
1501 2053
1544 1603
1786 1941
3161 1097
4044 267
4797 41
5640 163
5827 478
660 412
1839 1925
1992 1153
2202 1734
2335 2184
3919 1782
1579 2066
1607 676
1735 1922
4320 1223
4403 816
4428 2006
48 2202
583 788
1518 709
1556 2027
2108 1532
4106 520
384 1501
1465 677
1703 1637
116 488
346 1294
966 1530
1710 178
1732 1925
3586 2102
4537 830
4898 247
5675 411
6172 1693
165 962
546 240
1843 2066
2054 61
2124 639
2214 1734
2471 577
4973 2031
5404 272
5643 31
1132 2036
1481 708
1651 1603
4733 2102
5111 1325
5237 560
5674 1615
5929 1526
475 545
1041 1041
1171 1376
1292 714
3192 1055
4364 288
6326 1852
6428 1198
678 1876
1495 177
2205 1734
2345 1575
4298 38
4888 383
5704 1534
5920 1184
1165 2032
1652 570
1683 1480
1851 1141
3452 66
4936 134
5376 707
5543 1953
5698 888
6022 67
912 652
1231 6
1375 361
1730 1938
1734 1922
2347 1894
3778 1501
4622 168
4775 455
4890 1533
6385 899
1341 2032
1569 1935
2086 1514
2495 1853
3975 1472
492 247
1748 708
2068 1514
5867 15
6107 280
404 1495
944 49
1129 2022
1351 2014
1453 678
1525 668
1715 2026
3530 1571
3796 690
5804 1619
331 1902
1527 2074
1554 1376
1646 352
2122 1891
2468 1915
2593 1514
3553 163
5571 1332
337 1572
1220 1307
1480 708
1700 1879
2224 2088
4351 204
4865 681
5701 356
277 1190
372 2076
796 1290
1520 2149
1584 1141
2220 1894
4266 1964
5420 1494
6057 1359
882 17
988 1141
1063 604
1572 2053
1581 1922
2750 872
3914 1590
4569 1530
4972 1255
5469 1678
6030 700
101 1899
359 176
411 221
837 1877
1768 2051
3795 191
4401 80
4446 408
5699 289
1059 1967
1825 639
5614 882
6136 1667
1067 698
1615 2046
2024 1894
5464 863
6235 1767
925 611
1263 2018
1764 180
4000 3
4118 330
5044 28
6241 2212
231 256
992 956
1174 2248
1330 698
1531 1466
3200 1789
3461 1363
3583 745
4153 520
4925 2066
5901 1370
6074 249
649 358
2043 1532
342 1556
1014 1967
1163 2023
2136 1894
211 456
1322 249
1799 1894
2147 1514
3829 1713
4730 1964
4979 1138
5595 963
5 1324
938 1360
1100 1061
1377 660
1439 1594
1961 1853
2306 61
4777 1341
5385 2218
5576 2063
5886 1384
4175 720
5428 317
150 2066
1107 1571
1669 1116
1740 1187
2018 639
2484 166
6371 167
1528 99
1663 1116
2140 1922
3460 817
4779 732
124 488
219 74
620 180
1229 2026
1868 676
2474 1514
4142 1853
4583 206
4810 1113
5072 421
6349 162
388 19
752 1531
1473 563
1509 2149
1612 1879
1655 2105
1664 1875
1942 28
2304 1517
2779 873
416 1156
724 482
1146 2021
1173 2033
1404 1307
3712 387
5873 82
1547 2100
1959 1532
292 262
1420 2026
1472 1141
2668 1514
4048 615
1075 698
1937 2053
4058 145
4732 1651
4958 182
5110 1626
591 2186
2013 2184
3157 1097
3999 1806
4055 1578
4464 991
6002 1679
243 2172
387 159
1280 1456
1803 639
3709 2141
4373 1533
5692 1910
5743 46
1490 513
3759 708
4899 2165
5423 406
1252 2028
1317 1401
1649 570
3568 1430
3758 615
1154 1383
1226 2033
4127 1876
4337 1041
5185 2140
6306 96
1314 1879
1553 2093
1634 2033
1895 639
2007 690
4368 186
5846 1308
5990 1346
695 1368
1239 1307
3916 111
1135 1307
1208 2063
1586 621
1752 687
3577 1298
3771 186
4360 2256
4982 2030
5342 2226
5837 1986
6127 590
6195 1791
6375 161
666 864
2000 1894
2469 1506
6142 416
1108 1528
1678 1141
1882 1153
2483 166
3687 1927
4004 1808
4987 1070
5059 395
5778 1738
6429 1353
1365 1428
1455 447
1532 2043
1995 191
2014 1894
4805 2063
5093 1952
5522 2257
1222 2033
1336 698
1626 2049
1674 563
3815 601
4332 1667
4994 1255
6257 310
987 178
2794 242
3961 1260
3995 213
5506 462
88 1227
269 2160
314 2178
1130 698
1688 1141
1692 1480
1916 1894
1980 145
5075 502
5747 1693
6352 1400
6452 970
1057 1944
1477 678
2091 1984
1357 1879
1452 681
1476 563
4033 425
4078 205
4268 1184
4718 2018
703 1867
1298 361
1575 563
2317 1915
2597 1513
3805 1566
4422 346
5090 95
6014 46
168 247
178 1535
394 901
651 1376
694 282
1206 2026
1913 1894
2765 1074
6336 2103
6383 1987
610 335
611 1017
813 173
1329 2032
1345 2031
1482 708
4068 478
5838 1986
996 963
1706 678
1975 111
3395 2100
4465 124
5368 2037
655 1719
1142 2021
1767 708
2796 443
4178 779
5055 1526
6007 154
1400 660
1406 698
4414 306
4605 257
5736 2211
522 1983
1467 708
1573 1480
1640 1349
1857 2053
2005 53
2017 639
3772 186
4295 1346
4976 1401
5953 818
1589 1187
1927 2243
4443 1506
4745 1337
4872 1242
5741 1950
226 402
1436 2137
2016 2088
5649 1378
993 402
1538 2028
1832 137
2088 145
4480 520
4961 478
5221 570
5259 2057
6276 818
6437 1016
637 1615
1166 2039
3683 528
6171 770
1066 684
1641 701
1958 1233
4965 1333
5446 2257
1182 2003
1398 660
1672 978
2208 1734
2316 1915
5064 2224
5689 1920
1116 2138
1300 708
1779 2048
5504 325
5505 408
6427 1184
1148 2248
1304 2043
1524 714
1951 1853
3439 1255
3686 1308
3958 1369
4329 2209
5776 1706
5887 1289
5923 639
1318 1307
1372 709
3794 1903
5561 1555
5638 462
1546 2030
2112 639
4079 1909
4136 1796
4427 1894
4786 134
4959 2013
511 1116
1451 2051
1670 1549
2236 639
2708 830
3533 2183
4249 614
6137 813
897 1368
1344 2032
1429 2021
4379 468
230 1427
443 1936
1403 1317
1601 298
3464 614
5388 438
6221 1143
1180 358
1930 1141
4220 1294
4411 453
5982 1530
222 943
1025 1715
1070 758
1149 2026
1450 2042
2065 1555
3901 672
4319 1667
5729 1755
367 349
4912 1967
236 2205
779 1823
885 532
972 1568
1137 2012
1161 2028
1585 1922
3940 371
5900 2031
290 1074
875 537
1026 1967
3804 601
1058 1834
1725 2066
1766 708
4867 708
914 1511
1140 2082
1225 570
1275 2017
1739 1922
1948 555
4163 1889
4743 196
5063 95
5566 2140
6021 1328
399 367
1831 2183
3946 1923
5785 1506
5850 1
5904 1308
268 249
1204 655
1616 2255
2339 2088
6315 1372
1858 2053
2034 1938
4724 1344
4854 1905
5805 689
36 522
3209 1934
4526 928
5738 896
5762 699
5942 111
6152 1277
6224 1917
545 2257
1035 2255
1291 361
1312 1066
4490 556
4655 639
4719 2039
754 1429
360 1255
979 1767
1109 1937
1746 1141
5375 2250
5723 1308
1152 1277
1326 2028
1541 2027
2481 1734
1510 678
2488 145
2604 145
3947 420
5919 1350
804 247
1485 2057
1622 1879
2326 1734
3982 420
5436 1453
5760 145
1205 191
1506 708
1610 676
4988 1203
5983 769
1127 2137
1356 667
1446 2049
1483 1480
2092 166
4111 278
444 325
1228 655
1537 2032
1775 676
4907 2063
5107 1977
5686 168
904 1651
1245 701
1922 1922
2094 1216
2211 1984
6023 906
1286 2031
1596 709
1618 2149
1801 1538
4686 212
5130 854
1427 2028
1431 2027
1468 1141
2494 1532
4831 587
1962 1532
2133 1575
2493 145
4162 393
798 2082
978 639
1143 2036
1454 2049
1623 676
4190 393
5353 2237
19 350
1350 2027
4877 1864
5362 1579
1782 519
2482 145
2667 1506
3666 1998
3838 992
6154 41
656 114
953 347
1251 2067
602 1797
892 1413
1294 676
2201 1734
2476 1559
4708 2198
5309 165
5796 1860
5962 789
167 372
879 1836
1262 2019
2213 145
5088 1468
5684 1912
5881 1453
1054 132
1124 2028
1136 2028
1929 2053
432 1338
1131 1652
1507 1879
2318 1559
3532 1842
3728 732
5047 2198
5117 1630
5798 2245
127 2080
1606 677
3761 1480
3954 1528
4035 897
4432 1889
4715 1828
5889 2035
457 963
549 2177
1242 182
1745 1141
1981 1853
772 82
958 1903
1422 1990
1424 1217
2025 1894
2309 1515
4439 761
4597 168
5346 1384
6145 2016
6296 1585
1192 2019
1671 1882
1863 176
4969 276
5041 711
94 1072
705 647
1214 2026
4964 192
5132 2210
6431 137
435 837
462 229
669 2
1628 677
1731 1922
3561 188
4067 146
5096 2018
5351 1181
22 1553
424 525
5481 212
336 608
1090 2031
1582 1807
1638 2027
1645 2028
1859 678
4040 1451
865 847
1260 2027
1288 2046
1562 687
3588 1761
5123 68
5328 761
6189 40
1415 1376
1978 1532
3793 1903
4903 579
5803 289
1258 2032
1408 1944
2030 1894
2032 1925
3797 138
3803 1409
4275 1686
201 1418
870 1931
2824 202
4384 1112
4390 726
4543 1438
6049 2133
6398 1935
887 2130
1691 1480
1698 676
1852 1480
1934 1377
3526 1767
4222 2028
497 1652
823 676
3158 1097
3760 2115
5077 1655
5918 687
1 2087
1001 1143
1307 709
4568 1538
4840 520
873 37
2099 1546
2823 1836
5040 683
5115 2202
5711 458
949 108
1218 2026
1421 2026
1935 1141
3123 486
3629 1964
3990 614
4137 1244
4908 1113
5120 478
5215 2136
6035 2256
641 364
713 1429
1369 717
1381 2043
1503 708
4097 413
4316 1284
4876 1923
1315 717
1903 2184
1926 1922
5367 47
1302 709
1680 708
4043 1733
835 2224
1504 2149
1919 639
4062 1477
924 688
1008 1214
2322 1853
3672 234
1445 717
1539 2027
4367 399
4491 146
1557 352
1685 563
2020 1894
4978 2082
5343 796
5957 1115
1960 1734
2319 1233
2822 781
4392 1482
4860 393
5752 747
5930 302
41 546
1751 2057
5793 2054
1101 1952
1580 1141
3861 596
4041 288
280 502
700 319
1175 2027
1570 963
2139 1922
4485 134
4600 98
4675 2097
1212 2026
3507 41
4064 1954
4736 98
5050 1241
5103 1572
50 484
485 303
1007 137
1194 2001
3107 1164
5374 1683
5717 2091
6175 2103
898 1846
1656 43
1773 2034
1963 145
4525 168
6208 616
247 2205
1349 2021
1442 45
2028 186
4219 1721
5427 1359
1310 1879
1448 668
1619 2047
1884 1040
3528 1225
3996 1598
4909 579
5094 137
327 390
456 209
654 596
2042 1566
2106 111
4088 1198
5307 168
5775 1125
312 149
531 2143
965 840
1141 2067
1305 2149
1632 2137
1760 1545
4013 2011
4285 1667
4425 499
185 363
606 1279
2104 555
2314 1431
4045 1876
4050 1834
4259 684
134 488
997 1865
3911 809
5894 1590
284 2130
643 399
900 778
2669 1517
4258 1294
521 1728
787 643
1133 2027
1974 111
4904 28
500 140
607 203
4042 935
4380 1706
5906 1459
580 1138
756 621
1363 666
6246 553
613 1294
661 626
1426 620
2477 1514
4120 23
5784 1892
1033 255
831 70
1933 1141
6073 1456
3206 1097
4383 1679
5256 1204
5530 479
5745 275
3562 250
3860 1297
4051 1446
4495 556
4534 468
5882 305
1867 678
4761 519
1119 2028
3775 186
4886 853
1938 1141
5361 1182
5720 2256
6020 88
1096 1952
1324 2033
1625 1879
1675 1141
1848 682
4521 1956
4785 1203
4824 168
1273 39
4806 2153
6064 1843
6250 2016
340 1941
1360 658
3781 186
4011 565
1492 1480
1515 2052
2839 1448
4294 2104
439 255
744 137
1489 1509
1576 1480
1774 676
5581 826
270 1969
1169 707
1597 162
4361 431
4933 798
5382 1922
5810 760
2206 1532
3983 1823
4549 1672
4893 526
5294 1881
1853 404
2841 836
3662 925
3994 1430
5038 1957
5440 2248
1511 1648
2107 2153
849 23
1449 717
2021 796
1837 1938
1849 513
2321 1984
2308 1216
4345 1964
4895 1961
1234 156
2320 1734
4566 1180
5308 520
1337 608
1673 1480
1842 1922
2031 1938
2095 1532
5338 1477
5862 352
6043 139
412 2160
1335 1740
1416 2026
1443 657
1561 708
3973 1025
4102 2148
4325 2146
4926 1348
5325 1990
235 1920
1423 698
3773 1812
4076 2171
395 678
474 1391
894 1067
1410 2029
2100 1215
2123 639
4143 1106
4841 1961
5577 2100
5688 1905
1151 655
1535 1955
1717 2027
2093 1106
4084 1453
5981 390
4552 501
4852 2158
5872 1668
514 1760
561 500
994 1500
1197 2026
1609 676
1763 1141
2115 1525
6263 1319
448 1719
891 1300
1611 708
1925 1881
4426 278
4474 1931
4996 2036
797 611
955 219
4858 690
3610 66
4376 726
1332 22
4984 372
5282 1219
5468 2127
680 859
1999 639
2204 1734
4031 19
4165 538
4263 1218
4911 1433
6031 1094
1653 2000
1712 2091
1741 708
5620 1996
5830 368
6157 1618
451 1195
1299 708
2113 2184
4039 726
5379 325
638 1845
1199 2028
1361 1378
4842 553
5005 2102
5812 648
557 1604
2087 2153
2324 1734
4154 1394
4108 2063
4712 1625
1249 654
4309 2063
4484 2130
4887 569
5317 1655
6033 1972
409 1820
503 525
491 707
1704 2051
1866 708
2215 1250
4995 897
5377 648
1338 2028
2323 1679
4072 168
480 1987
805 215
878 272
5257 501
6226 331
6363 42
518 420
1255 2027
2312 1216
2341 2088
4308 346
4419 1984
5018 247
5526 1275
5797 604
173 102
537 406
1702 2049
1989 1853
4176 300
4551 287
4789 726
846 811
1393 2052
1639 2028
1665 997
1838 1922
4575 2153
4838 2218
712 1719
1290 708
1323 866
2089 145
2105 287
3603 177
4793 1864
653 139
6396 1704
748 478
893 1674
4753 1660
5016 975
5447 2153
389 223
1690 708
1780 668
1914 726
4109 556
4239 2237
4861 1203
829 1262
877 325
1382 708
1394 2045
1689 506
1772 708
4362 702
4604 720
1211 2027
3615 255
3830 1720
4221 684
4265 1983
4440 2153
1259 2026
4087 1530
4603 396
1617 2047
2110 2088
5184 1906
6039 29
1564 2057
1757 1141
4074 869
6388 1369
544 1969
691 1527
3641 2130
1694 1935
1996 191
4093 10
4126 720
4553 1865
2603 1532
4970 1307
445 957
880 1531
1769 2047
2210 1215
4342 1632
1343 2031
3595 678
4695 2138
5470 315
329 532
429 854
2480 1734
4512 732
4869 920
332 402
918 1972
1162 2028
5080 1894
973 766
5258 836
5852 2188
6455 1497
1167 698
4129 255
4166 1146
4356 1042
6423 570
458 1806
478 785
1620 708
3828 1780
4451 1782
438 892
447 1308
4452 646
1293 1378
358 1205
510 1930
733 696
4503 119
4939 1670
348 1067
1378 455
5069 1811
5095 278
5311 1903
5744 52
402 1952
1179 1597
4402 1984
5303 275
5544 2143
5759 145
1227 1977
6050 29
4387 421
1444 677
4799 746
5278 42
5594 1438
5766 928
6197 718
4262 2013
4407 421
4859 1951
1153 698
1526 1002
1737 1882
4795 306
5051 684
6251 1786
1099 459
5359 89
5877 620
68 488
983 141
1479 708
2212 1734
4003 234
5100 2159
5903 1946
593 599
3985 2175
5030 2010
639 468
1505 1869
4271 1474
4874 957
5327 1498
818 1992
2770 1222
5013 2073
1776 138
3848 589
5114 2100
5356 2018
624 647
4516 1971
6212 938
2207 1109
5104 211
324 1946
515 1724
1777 708
4061 935
4837 168
5098 86
5892 1586
506 472
859 676
1246 1526
4272 1628
1464 1480
1771 1658
4237 2114
4529 2218
507 2052
552 2051
1271 1603
1661 1922
5854 1502
810 1115
1264 2002
1348 306
1668 1080
1686 331
4138 934
5849 40
5777 1751
1347 655
2121 1894
4821 687
5279 257
861 753
3649 1329
3806 1895
4187 1679
4201 1628
4856 579
858 309
2328 2177
4052 1401
5455 1247
5472 595
5497 449
5855 1428
396 303
523 2164
855 263
1368 668
4466 1773
6265 246
1693 1480
1705 2043
3680 2028
4218 1859
4395 549
4493 2238
872 2200
1397 2046
4085 1974
4457 753
1358 668
1681 1480
1742 708
1778 2049
2805 1853
4477 726
5150 2093
6076 1337
366 367
2090 145
6198 2196
3695 1465
5424 25
884 546
2601 145
4346 1961
4593 1827
4699 1116
5281 1931
1604 663
1679 2056
4086 1839
4157 1115
4416 134
4460 1734
5525 2091
5994 1679
1713 1297
4573 2220
4864 1762
5024 2153
5405 551
1289 2149
4527 1203
1708 677
4174 2108
464 650
590 1572
3563 209
3837 795
3872 978
662 1293
1178 215
4482 1889
5876 620
3658 1331
4169 1574
4389 1268
4610 1931
5463 342
5293 2112
1540 2033
6138 137
1600 474
3618 525
4089 2218
5105 20
1198 1660
5851 213
6350 1290
6354 152
540 1867
850 1855
4307 2059
5097 707
6113 306
418 2077
1297 708
1862 676
2804 152
4420 111
4760 1335
5495 1983
4098 1931
4177 301
4539 213
4776 461
4800 103
5071 1713
148 93
3816 646
4352 667
5413 462
4438 1628
5312 146
423 311
1195 629
1574 2053
6417 382
854 478
4746 732
5310 393
4826 1451
1491 708
2209 145
2776 1728
5106 295
6252 216
4141 1233
516 2109
3356 460
4424 795
1883 166
4518 393
1221 1526
1850 1377
5459 2130
117 339
533 1530
5084 1782
6249 111
2219 1891
4057 519
4481 2180
4811 2165
917 1447
3456 1506
911 1221
4310 1157
4956 1670
6355 1260
4878 1834
5035 1862
1407 2082
4014 73
4147 1605
4467 261
848 501
4983 2031
5967 287
663 2200
4306 1141
4409 2165
1687 1141
3847 2015
4321 2030
4737 487
4311 672
4749 1819
4863 684
5783 331
690 1972
6128 189
862 732
4095 1260
4340 590
4353 1979
4748 1947
5209 2104
605 2068
675 963
1065 608
4032 2063
5062 526
4122 424
4649 2102
5074 1042
6110 1962
1727 186
3862 177
4191 1811
4211 259
4725 2001
4900 1042
5037 1741
977 1461
1588 2145
4807 458
4825 388
852 1964
4394 1730
4820 2261
375 59
4284 2041
5874 1436
3997 340
4399 168
0 1975
909 1495
1608 708
4018 1042
4110 1265
4357 672
4400 168
4486 1833
4990 556
5460 1628
5496 556
4354 1042
4365 1394
4442 80
5004 1713
5296 2156
6415 1214
847 1681
4827 501
3594 63
4161 1782
4100 1260
4784 2170
5808 2082
1295 1879
1379 1325
4727 2153
6280 1042
426 611
4096 625
4940 1647
5305 1016
812 1683
890 1421
4953 1839
2826 2262
5940 1613
6153 1374
4241 1696
4327 1374
6275 654
4528 732
291 579
4030 726
4873 708
1593 1141
4101 216
5034 421
4417 1192
563 479
806 1937
1193 2026
5794 1130
3814 1787
4344 1961
4767 1042
4530 168
4594 553
4828 1544
738 227
5019 399
4081 1457
4179 722
5418 1603
4144 1734
4771 1042
4124 74
4788 2158
8 1682
883 1905
5073 343
2763 520
6077 1746
5774 20
4418 1782
4139 1107
4189 2165
4772 234
5613 331
4636 611
4857 152
5861 268
793 142
888 606
5970 1792
2203 145
4366 795
5414 466
5060 2153
5562 245
5971 2220
4705 1544
5345 964
1237 1474
1684 687
4374 458
5023 396
3984 404
761 1755
4170 1894
4545 137
4091 2220
4261 278
4453 421
4463 1506
4985 421
1048 1527
5947 194
6086 307
4492 1255
899 245
4962 684
5758 1684
5773 1125
886 1453
4817 247
5372 648
758 2173
4073 80
4240 2212
4750 553
4770 1922
5260 2041
742 167
907 1181
1534 2026
1699 172
4454 421
4462 1268
4763 106
5220 2020
5092 393
828 494
4339 1335
4483 609
249 1307
4128 549
3203 2201
4090 1864
4408 1984
4476 191
5409 1632
1631 2032
1743 1956
5885 1612
795 331
1342 2013
4752 1729
5360 805
4238 2218
417 965
3909 245
4896 1628
6462 87
860 620
4830 1551
1598 563
4448 530
5394 246
5430 569
391 1964
863 1814
3910 1456
4305 2020
4343 1964
4496 1889
4684 2066
6463 393
1701 708
4338 1679
5491 322
5863 268
6041 1797
740 655
830 1854
3617 1364
5085 1613
242 2205
4487 300
4531 1189
4798 1727
4412 1057
1758 563
4077 912
4555 1681
5500 1318
5853 862
4433 1433
4706 325
6026 2031
908 671
4125 458
4501 2153
4881 1072
5022 1041
5089 551
4762 1983
6346 1506
4541 213
4914 726
5518 45
5058 47
4385 726
6204 2210
3631 2016
4595 553
5425 52
4350 1113
5516 1800
476 286
4145 146
4355 28
596 1874
4063 706
4257 276
5494 1042
6108 1638
1268 39
4348 1545
1629 660
4816 73
625 652
4386 56
4517 168
4029 1170
4561 134
4547 168
6290 316
3656 1742
4986 20
4382 1301
4574 393
4260 2130
4709 1073
2879 103
4302 1593
5510 2164
1053 1923
4119 1963
4381 726
4479 205
5412 1042
5068 1197
840 57
381 1799
819 182
4511 2077
4567 1780
4685 213
5387 1734
4744 462
484 1782
4375 1888
4812 336
1306 404
866 2240
4015 74
4813 1762
4334 643
1265 2164
4554 2218
5458 880
560 322
4818 1399
5509 684
4839 556
4388 1106
6042 116
4210 278
5321 2079
4155 1535
4591 1572
5329 1903
1270 2027
4507 1381
4514 93
4829 2063
5033 135
4790 519
1595 563
4577 1822
4658 1628
4747 855
4494 554
4989 278
4304 458
824 1986
4500 808
5242 200
469 266
1401 111
4843 1881
5419 625
4910 421
4768 2130
5507 684
4659 1855
5875 620
5924 604
5934 1019
4112 1205
4791 2153
4347 516
1624 708
4393 683
4592 1811
4720 1497
5386 1947
5410 281
864 47
5429 1931
5795 1035
4434 2039
4164 1628
4286 526
4037 566
4809 95
5108 2237
4570 1964
5508 452
4333 1859
4264 1464
5864 2014
4475 1301
4576 458
4728 1354
4349 421
4808 2171
4192 1446
5061 553
575 182
4156 789
4520 944
730 1514
1311 2046
4200 192
5389 66
6348 1473
4804 168
853 1613
3859 2189
5036 1942
4562 732
5280 1964
4894 1728
4455 1902
5326 1064
3609 684
4513 1957
4596 2041
4897 1889
1269 2162
5352 168
836 255
4236 1042
4140 1301
4146 1042
1267 1868
4406 1889
4751 1864
3839 1628
4787 1984
5471 1572
4624 1639
4862 684
5146 152
4099 152
820 684
5344 2130
5057 1628
2102 138
538 510
5603 1262
4560 421
4107 2243
827 641
4559 124
4792 601
4707 1286
4472 1990
4892 1687
876 1295
4441 1107
4546 1530
5015 1461
896 1799
4069 2218
5014 213
4461 80
4358 2077
811 1232
5448 2220
4623 2077
4848 211
4188 458
4769 204
4847 102
4502 684
