img04c1.jpg img09c1.jpg
6033 8533
4042 5692
5635 389
3447 5277
397 484
3206 5447
4067 5105
6081 8191
2786 4927
3810 5599
3907 5692
5180 9307
4257 5804
2852 4938
6209 393
3981 5696
6199 496
6000 8485
205 262
3950 268
500 400
4538 4947
6256 9213
4061 9307
2825 4955
572 644
4892 393
2856 4955
3693 5589
4312 5847
2857 4951
5923 8533
2227 4490
3370 5252
4031 6828
368 461
2433 4749
347 444
3196 5304
5282 7321
5305 501
3254 5447
5170 9307
6060 7857
358 660
2301 4490
2820 4928
3483 5294
3124 5294
5894 8533
3248 5327
5310 9354
5989 8533
6015 8522
3160 5304
348 446
2311 4490
3244 5327
4779 6348
3641 5570
6059 8191
3534 5294
5190 9462
5246 5791
6088 8623
3295 5327
5302 5795
3282 5105
381 8225
476 559
6239 9153
1591 378
4049 203
5129 8880
5482 3116
580 660
3200 5304
3396 5304
5253 7374
3158 5304
4190 5788
5050 9643
3122 5304
1747 400
5168 7880
6077 8713
601 676
3368 5294
5069 6876
3394 5305
4026 259
5336 7337
430 7857
4697 8524
241 294
2172 4490
3241 5252
5999 8533
5133 8690
6132 5678
5861 6461
2316 9338
3284 5117
2225 4490
3788 8594
3857 5692
4135 5847
4811 6396
331 411
5542 9422
3128 5287
4751 6546
2475 4781
707 9442
6217 556
2829 5474
2975 4932
545 624
530 576
1301 579
2233 4490
539 620
2235 4490
5064 7103
2307 4490
4241 7321
3087 5304
3333 5294
4971 8212
103 73
158 231
5502 8512
6254 9172
4715 6428
5439 501
323 8623
5179 5623
5551 496
2864 4845
199 253
4171 5799
5242 5778
495 155
2302 4466
2559 4845
230 279
5419 8212
283 327
4273 5787
3168 5378
3674 5544
472 554
3259 5352
2312 4490
2728 4787
3690 5528
5207 5105
3090 5304
4227 9307
5226 5787
5364 7405
246 400
2537 4465
3260 5394
5316 7857
4750 6510
5304 958
6153 8853
4255 8847
3306 5352
4153 5877
5323 7394
5450 7512
2782 4933
4767 6295
4796 5692
2822 4980
3264 5431
5215 155
5048 7394
3125 5269
3191 5327
3345 5461
2952 4992
4274 5793
483 567
2168 4570
3554 5447
2226 4490
5588 8853
285 398
493 9387
2310 4490
5067 9643
2306 4490
3256 5383
5892 484
2660 9338
3299 5327
2539 4465
4980 467
5884 307
171 210
5309 583
6128 8846
651 410
4357 7393
5327 6615
5716 8906
3514 5447
5381 389
2236 4490
4916 6538
3401 5407
3120 5304
5077 6886
418 496
2877 4941
4172 5816
192 230
306 538
489 529
3164 5269
353 451
5996 3457
339 430
2305 4490
2878 4966
3107 5198
3209 5449
4256 864
3310 5418
4093 5847
5931 615
3583 5540
5478 7431
5686 8972
497 9176
3578 660
2234 4490
3878 6828
3339 5443
4713 8707
5126 6615
3127 5304
2710 9660
3088 5264
3511 5294
6113 5672
6227 9136
581 644
4356 587
5178 5080
2540 4732
5874 471
1698 3267
6052 589
3312 5449
3322 5072
4065 478
5851 259
1674 5630
3309 5352
4546 7261
4966 7715
5987 8484
5519 5141
6016 8576
218 285
4293 5837
517 529
3423 5255
4292 5792
4829 10262
502 9387
3551 5401
4112 5695
5362 243
1625 7737
3555 5447
5209 5791
5997 8484
2824 4936
4369 5834
5090 591
2309 4490
4906 6556
2387 4596
2880 4969
5195 5787
193 580
3933 477
3249 5323
4174 5834
6144 8957
274 2125
2847 4917
3617 5556
5051 660
222 5105
2229 4692
556 934
2766 10659
4078 3221
4092 307
4768 6526
5265 6798
405 8212
2854 4966
3180 5072
4358 5890
4769 7462
2240 4819
2322 9338
2380 4692
3227 5108
387 490
2179 4650
2287 8851
2323 4656
3245 5320
5575 7176
5027 9608
2250 4643
2308 4490
3163 5304
3556 660
375 403
382 204
2774 4845
4242 5786
2230 4490
3376 5459
5243 5837
2372 4490
2883 4950
6025 8707
6082 8709
740 8512
2492 4819
4830 10262
4972 7248
176 242
190 8243
2252 4596
2979 4940
3161 5269
5119 6829
2430 4787
3456 5294
3193 5304
4392 5852
5261 9834
1190 1773
3226 5117
3543 8576
5115 9091
5228 5791
2496 4845
3007 5057
5146 680
3258 5448
5415 7457
310 5105
1637 3200
3144 5072
4834 6387
5404 7880
4598 9079
5017 9823
2313 4490
2391 4594
6185 5599
6218 9172
2894 4940
5267 7457
284 361
2374 4787
315 587
2865 4754
3706 5570
4385 5786
5099 8364
2444 9664
2381 4490
3252 5287
3508 5324
5376 5788
5766 5604
3399 5447
4735 6415
164 188
197 395
210 267
3311 5459
5068 6886
2879 4941
3023 4966
4963 9132
470 555
3208 5407
4384 7394
2603 4465
5998 8486
1061 1465
5750 5018
3337 5385
223 285
769 861
5468 8623
2480 4784
5629 264
3458 5255
6219 9629
2177 4787
2436 4564
3150 5198
169 210
3336 5357
5967 7051
5988 8474
105 210
2398 4592
305 9228
494 3115
5561 7248
6182 8894
18 17
1972 3431
4322 7321
5802 5645
4992 8576
5505 639
5163 212
568 7561
2174 4482
2331 4656
4131 541
4784 5599
6017 8485
529 478
2658 4589
3658 5573
5704 716
4962 608
2484 9660
4676 8642
4976 615
6236 9022
2608 4581
6073 191
273 8339
2839 4759
520 598
208 258
211 5645
1332 2177
3335 5381
4696 8508
3429 5392
2442 4643
5740 9188
341 435
2853 4980
5043 9188
2329 4592
2479 4490
146 231
2833 4564
3876 9203
2176 4490
2303 4787
2982 5039
4911 422
5279 531
5656 8271
2785 4964
3341 5419
503 531
573 7374
2478 4490
3205 5392
3457 5269
3459 5269
5252 5364
479 9834
1398 2301
2379 4490
3304 5394
3486 5447
3538 5459
4815 1701
6068 8641
2336 9368
5097 5814
4240 8685
5917 8511
5208 864
5471 7512
4744 530
5398 5834
156 190
459 9387
2231 4787
4745 5512
5164 8785
5587 8623
243 538
363 3310
1658 259
312 9428
2396 4597
3477 400
6145 9227
6208 400
88 190
2384 4656
2491 4663
2768 4588
563 6798
2470 5791
3201 5287
2801 4472
3197 5269
550 635
606 685
281 369
2253 4592
2373 4787
304 408
1136 1571
1289 2018
2617 4834
2915 4940
3428 5388
5156 7134
5311 5787
570 655
6048 191
295 386
487 8972
2167 4490
2834 4589
3484 5323
2810 4845
3233 5180
4191 5310
168 197
2243 10659
2332 4597
2704 10659
3115 5287
4517 5529
6107 8510
3308 5447
468 7954
4835 9116
5420 5701
5606 6874
5939 9136
546 603
1716 3352
2175 4787
3549 5287
516 8880
775 8545
5001 9065
475 9348
2247 4695
251 556
507 220
2228 4490
2246 4643
2609 4793
2760 4490
2916 4980
4324 5287
1725 3459
2612 10659
3672 5520
4258 5786
4831 9039
5868 9212
370 9357
3118 5287
3465 5459
3789 6546
4717 8685
5186 5239
5395 9644
374 5640
3099 5014
3738 8641
5610 5678
2596 4490
3557 5459
4893 9387
257 8339
2237 4593
2481 4570
161 186
1707 8732
2837 10659
3073 4992
3262 5394
2382 4692
2967 5036
4299 5287
4335 5287
450 224
2256 4820
2494 9660
3055 5075
3166 5257
4955 6644
6119 9983
2703 4589
2737 9643
2823 4966
2882 4969
3024 4966
5781 2018
6205 8941
2077 4611
2497 4845
2762 4490
3371 5323
4670 8783
86 194
597 2814
2328 4592
2770 4780
4617 530
3913 9356
4152 551
4628 5006
2333 4845
2386 4592
2978 4940
4192 5786
5070 6862
2707 10659
3340 5357
4881 6510
2429 4787
2655 4581
4272 5287
6072 8755
2661 4759
3603 5544
3932 9852
727 234
809 3177
2251 4592
1681 3372
2171 4473
4115 5773
5560 7857
5920 544
85 188
2955 4940
4932 1486
5779 8505
6087 6766
2399 4656
6139 8864
2241 4597
2378 4482
1314 2146
2173 4490
2371 201
2507 5599
3898 10599
4189 5678
1119 1575
2873 4917
3385 3135
732 8538
2232 4482
2325 4593
3435 1217
272 8853
2611 10659
3673 10247
5245 6875
5771 8150
6138 8885
2324 10659
2545 4787
2561 4823
506 244
2257 4592
2702 4490
3263 5449
6148 5696
359 660
1585 9276
5877 220
2334 9660
3895 9356
6014 5502
3123 5269
3358 9276
5284 7407
1133 1611
3223 3190
3426 5443
3509 5323
712 805
4879 212
6257 531
1012 8906
1254 3267
4674 8191
342 9462
760 203
2476 4732
2739 4581
5052 6841
5797 8713
1004 9127
2169 4692
4692 587
3721 8558
5407 7298
296 401
434 520
452 532
1095 1529
2838 10659
5283 9644
454 7431
1140 589
2375 4479
2709 4755
2881 5023
3513 5392
873 1075
1694 8969
2773 9660
741 9430
2394 4656
87 73
761 870
2314 4592
2746 4963
2769 4589
2804 4589
5365 7406
2393 4656
4169 5773
4621 8576
5108 5721
2178 10659
2390 4564
2729 4692
2933 4929
2304 4482
2446 7776
2553 4819
3207 5377
3334 5323
3037 5133
708 7340
2370 4482
2599 4490
2736 10659
3424 5323
379 315
2488 4643
2595 4490
3667 5498
4622 7677
4859 8642
2395 4594
4301 5287
5121 10015
5159 371
582 7096
3512 5323
5361 212
40 138
2441 4643
3202 5287
5627 237
2541 4482
2835 9660
2863 4708
3051 5049
4780 6349
4790 8719
2330 4819
5443 8680
5983 6353
6027 8485
20 8023
2662 4763
2913 4978
5118 5645
2467 4626
2798 6860
5149 268
5430 7422
6021 531
6076 9100
4501 10440
2354 4205
3039 5198
142 157
2735 4793
2795 4787
2896 4941
3049 4992
4311 4692
5473 7262
3535 5342
4986 8487
253 9281
2388 4819
2653 4589
2802 10659
4733 8205
2008 2032
2431 4784
2555 4773
2649 4787
3307 6842
1692 3265
2615 4845
4048 9172
5123 7383
261 366
1101 9828
2170 4787
2706 4589
2732 4490
4228 5459
4291 5799
5891 8713
3896 2989
4734 6428
742 9179
3300 5269
4655 259
6083 8862
428 512
2965 5036
3679 4941
3958 7713
5312 7512
6050 567
1702 3422
2529 4679
2597 4787
4855 8542
4904 393
6005 220
390 467
4136 6860
135 120
302 371
3633 5478
5535 595
6108 5589
311 5454
4383 5846
6118 10172
373 315
2816 4946
3048 4932
477 7972
2445 4759
2872 4946
4158 9954
4782 10589
5166 8929
6180 8881
207 258
2543 4474
3255 5352
3874 10599
19 17
464 10126
2562 9368
5089 3159
6094 6510
1191 7031
2557 4845
3242 5269
5157 5847
345 5787
1001 1331
2708 9660
6009 9059
264 398
941 5105
2500 7776
2920 5067
5165 3754
724 403
1797 8642
4695 9780
2652 4784
3576 5355
5628 254
5768 264
2397 4820
2699 4483
3485 5355
4627 10440
5144 9294
5455 6415
2941 5062
3091 5287
3553 5392
3577 5447
5465 612
5481 7547
2734 4589
2763 4468
3257 5352
3957 6956
4651 8023
5008 6753
5241 7297
5681 8596
2259 613
2546 4466
2803 10659
5355 7829
3143 5120
3147 5133
3585 5502
1661 9486
2385 4656
2392 4656
2556 4845
2606 9660
6264 6428
2542 4490
2705 4643
5935 8484
328 432
505 9275
2482 4570
3552 5287
4709 6293
5081 5845
3427 5392
4344 9342
4794 7970
5066 6880
5247 5824
6220 8322
787 916
1147 2040
3374 6842
4766 5521
2408 9105
2614 9368
2696 4787
2775 4869
2898 4951
4170 6875
5227 9366
154 190
2554 4662
2690 4626
2900 4969
3461 5352
5266 5780
5437 6885
6106 6510
332 418
455 285
1139 1618
2248 4656
2976 4946
5498 5721
5780 2018
60 5784
181 6312
376 9338
1888 665
2434 4589
3342 5394
3586 8522
733 9270
2862 4472
3184 5180
3536 5392
3602 5541
4748 533
5085 4783
2335 4804
2685 4626
3002 4969
3612 9202
3692 8576
4777 3265
4813 8012
953 7577
4201 7769
5568 5645
1077 1585
1744 3423
3615 5520
4902 9100
5634 254
2421 4726
2438 10659
2551 10659
3575 5352
5023 8521
931 7949
3464 5466
3640 5105
578 5799
4116 6783
5973 5531
6193 254
221 288
226 9509
1770 203
2600 4490
3343 5466
229 278
238 8339
426 10558
1967 4203
3675 7462
5225 5795
279 6470
1127 8476
2320 4592
2377 147
3137 8450
3372 5447
235 5657
6234 5727
183 219
3327 5133
4318 8929
5666 8661
1769 3381
3109 5213
3388 5103
4880 6470
5532 7710
5934 8467
120 172
2321 4656
2936 4955
3152 5287
1113 1577
3591 3758
3709 5595
2224 4490
2258 4656
2805 9661
2956 4955
3222 8929
4672 9015
5975 8594
977 6249
1035 1408
2368 5459
2389 4643
2654 4589
2656 4589
2731 4483
3883 4791
4485 8849
4746 8544
856 1031
3460 5394
3825 8640
4316 5645
5063 10604
155 190
431 502
2285 4602
3000 4926
89 190
316 405
1015 1344
2812 4854
3397 5323
4066 7972
5480 9112
6171 5727
75 175
2899 4969
4596 8536
294 376
2767 4793
2806 10659
5479 604
6067 8618
250 298
393 1894
2659 4588
2789 10164
3016 5099
3462 5447
3897 9356
4271 5287
4533 734
4731 8170
3171 9131
4434 493
5805 6419
165 194
201 236
2242 9633
2440 4749
2605 4797
2809 4759
3022 10474
4247 5269
4334 5780
34 96
2249 4819
3893 4759
1028 9834
1178 5018
1985 8011
2650 8896
2657 4819
4704 1854
6228 9015
22 4626
1270 3267
3026 4969
4177 9954
4595 5544
512 6894
2570 4889
2807 4819
5256 5817
5820 7727
1397 7214
1665 514
2238 4592
2651 4490
3563 5566
6172 7538
1710 3412
4710 7051
5232 6372
900 1158
2315 10598
2544 4640
592 670
762 4816
5091 213
610 678
2495 5839
2951 4916
2598 4482
2811 4853
4997 9264
5079 5806
50 0
2317 4592
2772 10659
3463 5392
1598 155
2255 4579
3100 5075
3537 5357
4319 3010
1146 8849
1201 1828
3346 5451
5661 7981
6105 247
492 565
1169 1723
2318 4656
2428 4490
3009 5075
5546 579
5922 8467
92 93
270 6249
2601 4490
4173 9664
4243 5818
2830 5433
3496 5510
101 212
219 274
344 9576
3844 9059
3879 477
3949 8933
5132 9090
6034 8170
361 524
474 2018
567 2729
4812 8639
355 450
2466 4626
2613 4807
2686 4626
1622 7971
2905 862
2493 4656
2985 5081
3324 5086
4700 8640
214 9428
1641 10206
1105 6208
2376 4787
2602 8896
2730 201
2867 7776
3230 5727
5944 5697
2988 5117
4918 9669
5668 8015
5772 8152
202 240
357 660
384 5779
604 678
4146 7770
11 8508
51 138
333 595
467 551
2836 4581
3095 5017
3101 6698
185 9022
2327 4656
2738 10659
5396 1765
458 3346
3521 5520
3841 5607
1934 6311
2435 4581
3236 5287
4950 9654
3720 8558
338 5778
448 442
2549 6879
2604 4564
2765 4787
2963 5043
5760 8149
1394 1195
2180 10659
2648 4787
2860 5532
3106 5179
4182 9954
138 176
2383 4593
2548 9660
2800 9660
2855 4955
5203 7727
5533 7686
689 765
1973 3446
3392 5287
2443 4564
2486 6879
3071 4929
3132 5759
4127 7770
4398 5418
4781 8524
916 483
2897 4937
2961 5081
3050 5010
4650 8595
5677 9358
6126 8753
932 259
2239 4597
2607 9663
2986 5059
3025 4969
3103 5072
5550 9958
2427 4483
2902 3173
2930 10164
3167 5330
4090 9954
5759 8144
29 85
334 5778
2771 4581
3030 5081
3194 5269
3671 5509
6157 5573
170 194
356 457
1676 9197
2750 6294
3305 5352
3488 3076
3908 873
4050 3453
5933 8466
6201 8885
435 442
768 6250
2415 4305
3027 5049
5834 3010
6214 9253
6259 9635
1029 591
2799 4787
3318 9916
4820 231
4987 7075
5794 5513
369 466
2680 8895
2747 4963
3361 5144
3472 4886
73 120
3105 5133
3503 400
4506 3200
4591 9270
4673 7462
6202 3200
2326 4797
3504 6511
4345 5287
5024 8643
5240 5239
5569 5604
648 911
2987 5059
48 17
2498 4845
2968 5064
2991 1649
3888 5757
3917 9356
6023 8521
380 480
5016 6788
5544 6781
6213 8959
425 487
2953 4930
3912 4714
4210 9342
4519 4946
5088 9136
551 514
1722 3450
3179 5014
4362 7394
5013 9100
71 4626
2319 4704
2432 4819
2490 4819
2764 4787
2892 4916
3708 8597
4325 9342
5010 393
6181 8893
643 729
2759 201
3182 5055
3375 5414
3570 10186
3607 534
2679 9877
3316 9090
5524 9407
6036 6312
282 259
3694 6380
4488 10262
4931 9486
4979 6829
4996 576
5990 8639
432 503
2663 4852
2693 4726
4027 9218
5913 1377
1298 2075
2695 8896
5086 456
6057 9136
367 9534
1241 2238
2533 146
2776 4890
4682 7261
5775 2804
1958 3588
2938 4969
2748 4916
3098 4969
5375 6750
194 9028
1148 1659
1635 9370
2701 3053
2921 5042
2947 4913
3546 10589
3856 4754
5662 8012
752 9063
959 9295
1156 5956
2783 4927
3057 5133
3292 5287
5185 212
6075 3761
1383 2287
2808 4706
3400 6842
4494 8432
5040 2668
5567 7757
6143 8972
180 208
2580 9877
2698 4490
3321 5043
4290 9494
346 460
446 533
2282 9877
4252 9574
36 10588
1129 231
4604 2163
309 5726
1306 7166
1517 1800
2506 3671
926 1205
993 581
469 10058
2643 4540
3213 482
3261 6842
3416 5133
4126 7770
399 422
797 7134
2000 4610
2796 4482
3036 5199
5475 1742
212 477
2181 6625
2940 5062
461 551
1386 487
1746 411
3417 5180
3618 6648
3638 8524
3881 4791
4557 4936
5893 6348
1359 6250
4747 10373
303 7381
1118 1558
3561 5556
534 3446
774 9250
2547 4797
2923 3173
3028 5014
5945 8544
6044 9073
569 7374
2487 4472
3320 5117
4364 7394
4795 8707
5948 5645
824 7015
1143 1647
2400 9368
6242 8732
2558 4758
3919 10599
6197 9435
53 67
167 18
1171 6581
1654 3328
2640 660
4212 5852
252 8316
2610 4656
2689 4626
3515 5414
3916 4824
4714 6351
102 117
525 9063
765 9665
919 6093
1226 8450
2078 4205
3487 6842
3598 9346
4414 489
5956 9096
2636 4626
3476 5164
4284 5287
5110 5266
560 5764
3286 8316
4091 8805
5770 8142
44 109
410 8474
2934 5010
3155 5287
1036 5626
2201 4205
2527 146
3059 5133
3141 4969
4652 6447
5448 5745
5460 7864
478 8934
4597 6294
408 490
703 7576
3389 5133
3648 9455
5782 5274
366 657
1351 6250
2474 146
4671 9944
411 9301
1276 3132
4211 5412
5925 1380
293 1715
482 371
3719 214
4929 1375
5105 6847
5116 539
2050 4541
2135 4495
2437 5784
2647 6860
2942 5064
3111 5320
3613 9346
4755 9006
6026 5529
104 75
2134 4607
4226 643
4534 448
4915 6537
6047 1915
189 9918
1033 1410
298 5623
547 636
3894 2989
4180 9954
4711 6449
5007 828
5413 8853
5904 7014
131 190
1970 4200
5500 9159
6249 5523
2637 4626
2818 4964
3899 4824
4698 6511
4828 9987
1290 487
1445 7930
1852 828
3280 683
3338 9644
3495 771
424 5737
1231 8862
1576 9063
2523 4626
3229 5076
3287 5133
3604 8012
4297 598
4559 10440
5531 10566
1131 1345
1629 6373
2357 5792
3625 10196
4887 6298
2453 9877
2761 8896
3102 5014
3448 608
4422 381
4898 6426
1670 3382
1680 3387
2489 4656
2784 6370
2962 9107
3186 5136
3597 5381
5653 10034
2254 4704
2733 9660
3351 5134
4370 7374
5125 9167
6204 572
317 5706
1048 3671
3061 5192
3084 5192
3407 5467
5979 9779
2281 9105
2914 4925
5762 8147
451 8759
558 858
1045 9083
2284 9347
3053 5081
4280 9574
6029 8645
6248 8492
2245 4581
2697 4733
3217 8770
3449 5180
4253 6581
134 175
924 8160
3074 4969
3868 9360
5943 8170
3017 5133
4095 1301
4515 6892
5838 378
951 1186
1656 8846
3078 5067
3584 5522
4349 8929
5106 5320
1142 1765
3278 9916
4703 1618
6240 556
39 17
38 660
449 9918
3430 5414
3705 8622
4891 3588
5888 8542
6233 9065
2700 201
3408 9457
566 650
1551 620
3231 5133
3558 10325
4620 9022
523 620
2550 4472
2969 5057
4864 8686
5447 9212
6179 2358
76 53
987 2156
2369 5905
2473 5791
3490 134
4449 493
5682 9370
1647 9235
4270 486
4732 5531
5472 5057
77 96
1062 243
2401 5839
2422 190
3704 9255
528 9656
1057 1424
1971 4337
2403 325
4144 7770
4175 3464
5427 5626
444 536
1141 9295
2757 146
3390 5180
3852 2018
160 178
248 320
421 350
429 487
3360 591
5787 9453
72 190
256 318
1208 1770
1984 5568
2059 4312
2574 9379
4237 10655
1305 9063
1711 3412
2594 73
2999 4946
3861 2018
3910 875
4998 6545
1240 1054
2126 3792
2458 8917
2582 3050
217 10395
2797 8896
2984 5057
3670 4857
4326 5287
137 7298
1350 5955
1490 6660
2029 4607
2419 4626
2447 7776
3003 5023
3033 6660
5287 8829
412 497
2964 5059
3325 5180
3413 3173
4104 9954
4186 5004
4220 5287
5649 8491
5673 3464
2532 5905
2917 5010
3880 4791
191 1529
360 7196
559 579
749 5814
1999 4296
2817 4978
1809 564
4343 7322
4874 10339
5078 6910
5184 495
5957 8511
6037 5514
3574 5437
3956 7259
4094 5657
5723 3545
6086 8758
620 698
3542 5528
4718 1854
2552 4656
3637 3426
4935 6711
5773 8892
31 883
1672 3387
1969 9105
3008 5059
3052 5014
4413 9910
5664 8661
1179 10388
1320 2143
2535 73
5624 234
404 427
994 8719
2083 5788
2874 4917
3296 5320
3403 5414
3882 4791
5442 563
6018 8621
2630 9877
4941 6680
5397 5764
1606 613
2691 73
3265 5414
3942 1379
5559 504
6096 8711
1268 1186
2483 10659
2573 10627
3859 2018
4132 5773
4712 9022
564 1968
3359 8545
4846 3381
163 187
406 3280
933 8892
1184 479
1600 3106
2832 4467
3149 5131
3818 7771
4159 4973
6109 8755
6167 8894
6223 10100
960 414
1739 10489
1796 8190
2131 4434
2361 4356
676 767
1056 1054
1735 3412
1937 9693
2033 4624
2350 9105
3925 9419
4478 7134
5041 10632
5866 10650
3914 2989
5154 3243
262 852
336 9160
699 442
1312 5273
4302 7353
4320 5786
5714 1251
6045 2116
204 238
2223 4386
2753 210
4443 5645
5860 8783
6055 8620
24 17
30 102
242 3381
1008 1371
1177 243
2711 4860
2866 10672
4873 8684
5301 6595
2 9311
61 9840
245 6793
2353 9877
2485 5310
3489 5460
3616 5565
4677 9517
6053 8596
6225 9253
59 4624
2893 4946
4251 598
4351 5179
5366 60
2477 4471
2885 1773
3077 5036
3303 10646
3499 3434
3518 7379
4125 7770
4376 4921
4510 4917
5717 639
1402 3947
897 8355
1283 7561
1838 6371
2534 146
3148 5706
3172 9131
5286 455
203 1023
5663 9060
521 6140
2411 4750
3989 10619
4184 6351
1503 2115
2530 210
3032 5116
3035 5133
3104 5133
4983 6742
23 17
314 166
456 540
1213 5277
1380 2386
1414 2394
3414 9359
5059 8896
5169 9258
5194 7049
5811 6400
682 6379
1806 4427
3011 5166
4330 7321
422 9997
2918 5023
3404 3076
3850 2018
3860 2018
5410 6697
5757 7837
5761 8145
6024 8707
2410 4611
3079 5162
3834 2018
5585 1854
172 190
3156 2018
6124 10162
6151 644
147 7920
911 6291
1401 2381
3076 5081
3678 5548
4375 644
67 96
2130 4210
3420 5287
3734 3115
4699 5513
151 180
409 9936
641 710
1951 6374
2414 4305
2755 5791
6101 5828
801 938
2009 8175
2919 5023
3920 873
5961 10650
1384 2815
4193 4973
5019 8883
6260 9135
276 331
1018 479
2792 5510
3108 5136
3183 5133
3382 9916
4707 3280
5087 10015
299 315
751 7546
1377 427
1564 5890
2591 5785
3634 5479
3653 10058
3739 8640
5960 237
37 4626
292 367
1065 6250
1207 2021
1392 838
2060 3464
1689 1498
2351 4337
3809 5514
200 428
490 574
609 1336
1288 5390
1648 2290
1743 3422
2560 4845
2827 6325
4386 9768
5605 9967
5924 8594
590 667
1159 9910
1795 5589
2931 4916
3497 539
5216 7819
5503 8916
2528 4679
2907 3115
3444 9916
3918 873
5573 373
5823 10031
5974 8205
1464 9694
2683 4381
2889 4829
3871 9347
4305 5787
5844 9258
337 9102
1489 1613
2631 9877
4858 8558
4977 10388
1336 9103
4179 9954
4708 5528
4806 9151
5042 5531
5071 9661
5239 5769
433 8191
710 10410
2682 4626
2826 5531
3632 5465
4352 7284
4380 8734
5020 310
5769 8145
266 348
738 4362
1052 1407
1940 3737
2198 4209
5449 6879
132 148
249 6680
1693 1804
2646 2463
5804 6157
6141 369
6231 1185
224 271
577 648
661 1328
1726 8853
2262 3759
2426 4783
3075 5042
4974 243
5011 10015
6002 3200
1357 9453
3836 2018
5217 3373
231 7197
1304 2164
2349 4670
2502 5481
3440 3189
6078 624
6159 8865
417 487
2024 4200
2635 4626
5255 5310
5555 5647
139 7920
209 9407
686 911
5233 10586
5748 8154
5833 471
66 152
213 9506
818 8661
1408 1915
2203 5416
3289 8689
3594 6293
4738 5644
6241 5531
501 9164
2244 1081
3531 5221
4183 341
195 1529
439 540
3696 8143
4511 2090
4618 3280
275 350
2586 4626
2644 5785
2780 4879
3010 5083
4114 1779
4391 5851
5829 1639
54 175
565 5239
1727 3247
3377 10656
3596 5761
4926 9294
498 578
938 3236
1968 4285
2028 4670
4298 6426
4737 7134
5845 4886
1890 8476
3992 8647
4181 9490
16 4332
3619 513
81 4312
2076 4670
5619 9923
5879 3267
2884 3134
2926 4840
6235 8492
313 9700
1474 2729
2138 4750
2222 4679
2692 9662
3029 5266
3853 2018
3935 9356
640 9311
1496 6723
1657 3227
2079 9105
3013 6660
3145 5059
3639 8503
5254 653
1063 1588
2459 6822
2526 8895
3587 6328
4816 6528
1247 515
1620 6511
2519 9642
2726 5785
2945 9059
4080 5782
4219 5276
4238 4907
4778 263
5462 5599
2531 5785
3034 5133
3344 5466
3470 4857
5425 7443
6194 325
83 103
616 691
1024 1576
1991 9105
2288 5382
2583 9632
3803 4897
4259 488
5543 9008
123 32
836 17
1855 3458
2202 4224
2815 10121
2932 6191
3081 5132
4109 6351
5617 1854
188 3457
196 8364
607 688
1253 10568
2115 8534
3722 5595
52 175
1594 10672
2505 4829
2724 3050
3038 5197
3058 5127
3247 5251
5955 10484
6097 6291
6161 8883
47 4624
186 9532
420 5642
1044 522
2338 3674
3698 3446
6043 6449
122 135
460 262
890 1129
1228 3280
2587 8917
3362 5180
543 9630
777 4601
950 1112
3097 4969
3331 5287
187 225
1471 4362
1604 231
1889 663
3018 5162
3142 9340
3646 5540
4868 5603
350 458
354 5642
3915 9356
5907 5528
6013 8883
162 193
1115 487
1375 6225
1649 9910
1660 3327
2162 4679
3580 4837
2366 4444
2642 119
2676 9342
2846 9850
5795 7051
675 559
2136 4296
2566 4862
2592 73
3697 1112
5096 1324
5244 6861
759 9063
1636 1575
3520 5835
4077 7770
4905 6325
5620 7864
679 6072
1393 8720
5143 259
5525 540
362 9958
2670 4836
4300 4106
4827 6387
697 115
1027 9795
1067 1413
1996 4595
2365 4540
2463 4444
2619 4834
2754 4387
3285 5120
6136 2034
611 698
1186 2153
2217 73
2723 8917
3237 3288
3279 1640
3643 9283
4789 6298
3060 5133
5150 5837
6149 5380
2062 9036
3691 5529
4075 1879
5015 5795
318 315
538 6511
810 4903
2025 4296
2030 4301
2289 4444
2362 4357
2425 5310
6080 9421
1338 7479
1417 6591
2111 7731
2966 5056
3522 6643
4382 1097
4999 3280
5032 7819
141 147
823 725
1210 361
2337 6140
2937 5023
6170 655
1225 5954
2406 9877
2634 4214
3181 5120
3398 35
5145 2018
301 1075
750 847
1206 8028
1230 7235
1994 4337
2154 4540
5648 8661
233 5706
335 7710
743 5357
817 2114
1356 212
1734 3404
2071 3736
2538 5781
3366 5153
3909 4804
4720 9149
6095 5399
33 152
69 61
2213 6798
2840 4871
2980 4969
3516 9755
3974 456
269 5845
587 455
1563 10596
2664 4853
3855 4609
903 1085
2525 6822
4160 9202
4783 6448
1030 1806
1054 548
1644 3315
1773 3420
3854 4592
4244 4885
4759 2022
5360 7283
178 205
438 8191
1922 3470
2061 1057
2645 199
3550 5123
4102 9954
6191 636
829 1000
2299 4679
2925 7771
4719 1854
1550 1411
2472 4679
2886 5846
3173 1260
91 175
130 48
4287 4673
5321 1959
851 1072
1235 3280
1858 969
2439 6879
2471 5890
3288 5242
5517 608
319 10657
1316 3279
4555 8958
5171 8641
64 175
2565 4829
3080 5162
3755 9217
4807 10131
1122 1112
2990 5067
3606 487
4569 442
4716 8557
1050 6913
1975 6859
2084 4670
2751 10449
5353 8308
480 570
1167 7358
1233 1927
1337 6894
2283 9105
4313 9574
5562 10240
5978 6914
1310 6139
2639 660
3559 4852
4332 5791
1476 6788
2468 4623
2578 9877
2742 4862
3600 5510
882 6250
2681 4214
2971 5132
3645 3437
288 10151
628 705
1193 1838
2132 9877
3274 9916
3491 5451
3519 5470
3839 7096
4368 5505
504 575
1376 566
371 5890
770 3318
1362 5666
1627 8543
1923 5549
3314 9084
4373 5759
5340 3320
6177 8822
35 142
756 6544
979 212
1993 4296
2424 10661
2536 4459
2627 8885
3014 5059
3373 5392
90 135
970 7003
1749 1449
3136 5100
3900 4711
4106 9954
5807 5594
352 443
1182 10612
4107 6351
5660 493
1322 2179
1642 54
1938 6426
2756 5791
82 4288
3251 10646
4266 5269
391 277
561 1855
1593 1099
1605 5564
1892 8595
2137 9877
2585 4623
3601 6449
3873 4609
4832 9781
5574 4973
6011 5706
17 4821
394 715
658 331
1277 1668
1427 4011
2166 4679
2417 4351
2618 4862
3133 9131
3290 5158
440 7738
1014 2784
2297 4679
3757 5565
4321 5791
1168 1706
1805 254
2568 4829
4176 9954
4279 9149
1580 8712
2358 4305
2841 7776
2922 10182
4328 654
5431 7437
755 5354
2590 5785
4248 8164
5111 10146
152 173
1616 10053
2100 4541
2593 5791
2714 10065
2997 2751
3140 4941
3737 585
6098 9574
2814 10148
3468 4890
4491 3267
526 10614
557 10549
1031 3302
1579 5420
1721 3404
2957 4969
812 6226
1687 3387
1948 3310
4894 871
634 725
1042 493
1529 8854
2161 4679
4657 9343
79 85
513 8575
1699 5117
2196 4281
2293 3050
2300 4679
2514 4670
4229 10656
6004 10566
623 693
1366 2309
1715 5757
1995 4284
4295 9283
4878 6791
4925 271
5104 9271
5509 5944
5839 5540
427 9781
591 4871
649 3267
1157 270
1269 5137
1651 9370
2673 5059
2687 8917
3415 608
5049 9642
1110 5754
4309 5775
5202 4539
5764 8152
6244 10354
2510 9877
3676 6293
3823 4592
4157 7770
4542 10440
4675 8995
4871 6742
5172 7560
5746 8151
153 114
1081 4252
2524 2056
2758 4679
5466 3947
5526 5578
6066 10217
260 349
1021 6419
1272 6298
3402 469
3889 933
4378 5465
5915 3280
825 8488
1066 1411
1323 46
1932 3588
3151 5162
3517 5481
3655 5451
4222 2461
1172 4363
1411 6250
2831 4775
4185 2143
2355 4626
2409 9877
3313 3328
3620 10123
4895 4320
5072 5310
1933 3537
2725 4623
2744 4879
4912 6528
182 215
445 5056
518 586
1219 1186
5798 9219
220 275
453 5767
1236 2040
1433 2436
3275 3144
3541 4852
3875 10669
4656 9560
1741 4602
2423 201
3187 10433
68 10588
128 3420
2043 9297
3866 4864
5520 5669
287 8933
647 442
1211 8560
2508 9367
2633 4369
5039 6415
174 350
1745 3438
2464 4624
4560 6325
49 212
149 170
991 5454
1997 4337
4168 5879
4847 9477
84 3281
549 627
2023 4595
2081 9877
3012 5059
3842 7462
3999 8209
4103 3311
871 1054
1243 9494
1292 8552
1477 2606
2026 4670
3211 9084
3710 10149
4730 5514
5655 8562
5710 3583
5921 6404
2513 4200
3146 5059
3298 5292
3723 9534
4145 9490
5508 6694
5609 496
227 270
413 6140
602 681
2041 4306
2621 4862
3774 2303
4659 1154
4862 9151
4888 7003
1653 4277
6189 5905
116 4319
1087 6699
1546 7513
2049 4313
3353 9013
3614 10044
4649 8487
5665 8661
684 3813
1403 10196
1659 6325
2214 10653
2515 9877
2935 2143
3571 3812
437 6859
524 611
660 2156
1079 1442
2108 4448
3524 10506
3529 3188
4308 7261
1669 139
2278 9877
3218 9916
4396 10619
663 10196
1988 9877
2641 4623
2939 6660
3636 170
4249 6742
4964 1823
866 9021
3439 9468
3756 5564
5098 263
5981 9590
240 6191
1910 3792
2584 4208
2973 5645
3238 5183
4433 216
93 4406
511 9839
2001 4540
2581 4357
3068 10334
3528 10025
3635 128
4162 465
6137 3676
27 10588
65 96
1663 860
2943 758
3432 5451
4214 7677
4235 6742
5982 8410
1295 665
2129 4434
2503 10662
4500 481
1998 4670
2632 9877
2959 5049
4089 9954
4338 5307
5249 10565
113 4314
1586 5390
1748 5573
2156 4356
3302 5292
3425 5292
4105 3311
4409 5860
5000 5213
711 493
758 5161
898 5185
1360 5684
3391 5192
4660 1706
6111 10028
673 3480
793 9941
1220 6159
1703 3412
1992 9367
3891 9606
3968 4732
4317 1749
5991 8544
6069 8643
6252 231
544 9832
1340 8114
1946 3897
3291 5183
4678 481
0 362
624 699
1823 3527
2727 146
2813 100
4196 10614
4516 2164
5763 9825
21 9868
691 783
1935 6311
3590 3360
4600 1618
4903 1655
5198 7825
5747 8153
6122 5554
58 4319
819 10604
2040 4304
1313 540
121 35
586 6573
1345 6225
3199 10646
3890 8492
4285 1591
4616 8448
443 8677
704 7352
2037 4312
2053 4312
3545 10163
401 7633
694 7854
796 921
1285 7122
1309 580
2133 4611
2623 3037
4701 5548
5231 8205
6120 10670
1185 7166
2163 146
2616 4890
3378 1966
3821 4897
3924 7457
1203 6139
2511 7356
2989 5166
3220 4626
3973 643
1587 3049
1609 8732
1646 3326
1908 8205
4260 6501
962 1231
971 6754
4371 8929
5916 8474
159 167
236 277
794 209
944 10420
1096 6572
2294 888
3736 5527
3943 7405
4167 5726
4360 7353
4739 1618
5616 8097
228 3635
286 1398
377 495
1966 4670
2842 4850
3031 5085
3443 9320
4081 9364
4207 2143
4572 10076
28 44
63 4620
179 10132
1630 9631
3775 5214
5224 1686
5367 2969
753 866
923 7739
988 10208
1444 537
2047 4541
2215 4444
2694 4721
3273 9821
3806 9193
5187 2018
6121 7351
106 190
259 337
723 8645
1151 1126
1329 2143
1511 5075
1876 4060
4310 9624
5614 10253
5809 5653
5992 540
291 9459
1696 9121
2055 4347
2199 9105
2347 4597
2456 9877
2522 4623
3044 3812
3063 5287
3154 5154
3297 5262
4161 6351
41 175
55 33
140 185
879 1085
1106 9248
2457 9877
3005 5099
705 3334
1280 1216
2367 4626
2901 10443
2909 10368
3323 5120
3383 6501
5786 1596
108 92
3547 277
3659 8640
5496 484
117 565
542 10005
1798 5533
2844 4852
3381 6698
3733 8493
4188 5720
5193 7097
5597 9328
2521 4626
2791 3144
2904 9897
3165 10646
671 9350
3352 6727
3573 5310
3851 681
4365 10074
5113 1332
6032 8660
627 2982
1023 8955
1491 1655
3110 5158
3272 6550
3677 8191
4679 10440
5758 9756
6123 5029
6250 8576
1019 1384
1599 3088
3355 4194
3699 2714
5995 212
1154 1892
1714 10425
3054 5033
3203 10646
3277 8929
4877 608
125 9820
340 447
2279 4367
3067 3173
3452 5182
3994 9454
4958 6646
5612 7852
5749 5753
1189 9073
1234 6699
2200 4296
2450 9877
2688 3050
5489 3058
5895 10137
600 669
1372 9001
1463 2667
1516 9529
3253 35
5326 9805
5536 7771
97 96
1422 2237
2717 4914
4142 5693
4359 6428
95 9820
1083 5657
3129 134
3365 9246
4002 7259
5727 3620
811 963
2520 8917
3623 3188
4224 8141
5903 1033
173 4711
2110 4726
3294 5288
5972 8664
1256 1389
1772 3458
2098 4541
2790 10200
3936 667
3940 714
4304 5295
5009 6595
5018 6791
5774 730
6168 9258
26 9861
254 6680
290 1854
709 4804
2669 7796
5053 2471
5600 7383
1921 559
2972 5132
5765 8145
6229 1057
496 9063
906 1501
1153 9350
2271 10327
2684 4539
2828 10313
3329 5192
3980 9311
804 9063
957 1618
1371 8641
2778 4909
3188 5748
3525 7771
6054 10206
978 8883
1250 2164
2449 9877
3387 4070
5918 8870
94 175
4934 487
5477 10665
5618 5213
515 8484
2509 9877
2577 9877
3820 7255
3858 1639
5189 7467
5832 5647
5941 10468
1059 5732
2218 74
3669 5481
4265 5657
5721 3550
402 2370
1581 10607
2112 6750
3062 5192
3807 10464
3872 4599
4736 8343
3892 4592
4074 686
4205 2143
4346 1591
5580 9577
124 641
1413 689
1751 3512
2517 4540
2954 5043
3357 5728
1911 4060
1941 3736
2928 7782
3921 9884
5335 3267
396 294
553 2814
1807 1492
2752 5785
3006 5098
129 170
255 405
943 7123
3934 947
4215 5647
5652 1332
6042 9784
1070 6830
1567 9964
2219 4677
3867 4808
6001 5574
574 5946
1682 3390
3283 5051
5621 7771
6192 959
1709 3404
1943 3737
2749 3588
2859 9013
3043 480
3662 207
4395 5786
5810 8194
6012 959
6222 8967
693 768
2274 983
2452 9367
3175 4626
3906 8916
4004 8209
5604 6606
244 6481
632 1764
3475 8633
6251 2751
110 120
3567 1783
5563 5277
5603 3381
144 9820
618 9389
683 774
1613 10375
1691 5607
2092 4624
3572 657
3805 3369
4264 1907
5257 4173
400 1686
883 788
1942 9767
2359 9633
2888 5500
3822 4897
423 468
608 9478
1128 10219
2569 154
2576 10151
4079 3390
4573 1618
57 9914
378 5766
1321 6681
3838 4608
3986 921
324 842
3004 9044
3741 6538
4402 736
5658 9621
827 4174
1161 1408
3835 2018
4143 7770
5109 5132
588 658
1098 635
2460 4622
3228 5120
3493 5487
595 515
766 4350
2722 4357
5434 8492
5744 8131
2044 4444
2211 4305
3544 5483
3777 10016
5006 9481
5872 6399
6215 6415
10 5180
778 139
3221 9363
4336 452
619 7182
852 4589
888 1085
1124 427
1847 3661
2667 4832
2845 4877
3660 9578
5873 10560
457 7144
780 9271
1361 1195
4307 5151
5101 10000
5499 3280
6150 8885
471 8525
989 1962
1950 8580
2280 9367
2740 4854
2960 5098
3085 1711
4936 3219
5102 6862
5965 308
46 96
531 491
861 1103
1363 7732
3560 680
4333 6656
612 687
862 1109
982 826
1152 477
1164 928
1868 3552
2292 4626
3347 216
5103 9660
5351 1497
5793 540
5953 387
6164 6754
1965 4670
3967 4571
5435 10154
5713 7434
1114 1854
1331 2176
3082 5192
3532 5284
6211 5509
145 1290
1352 8756
3530 3256
4842 6395
107 147
626 7739
1335 1082
1688 3371
3234 5157
3354 3173
3379 3200
4164 6501
5647 8023
136 4469
289 3370
527 7811
1639 80
2032 4540
3204 35
576 7468
877 7837
2143 4447
3582 5481
3991 5792
4347 412
4377 7848
4408 5817
5539 9661
1618 1174
1799 7678
1936 5545
4535 6117
5030 3219
5592 1854
3113 5192
3418 5287
3922 5789
4217 219
1039 7033
2910 4853
3328 5287
3682 208
4156 686
111 5861
702 9220
1093 7879
2363 8917
2629 9877
3642 327
5148 9853
386 7249
757 5350
1719 10576
1874 3665
792 4158
1347 10553
1697 1564
1729 4361
2165 4679
3419 5157
3785 2018
3884 4804
4860 6298
4865 6419
5642 380
2195 3891
2469 73
2743 10489
3293 1178
4130 5693
5308 1389
372 474
1160 291
2090 4312
5155 2194
5608 10123
5825 6292
42 142
763 1897
771 5258
1251 1981
1281 1731
3446 5103
6190 4757
114 4543
1583 7838
2298 73
2412 9632
4387 5378
748 202
1891 3426
3139 10474
3758 4886
4749 6528
98 10588
115 4316
510 582
2589 7384
3478 1178
3527 3189
99 9861
395 277
5582 2163
622 37
1013 802
2220 4679
2454 9367
4123 3011
744 855
2675 10561
3787 3726
4303 1807
4948 366
937 2107
966 1306
1524 6814
1623 10350
2206 4448
5930 10206
268 361
2405 9877
2579 4436
3046 1410
3826 5807
3927 5706
5446 7452
972 1663
1284 5254
1456 4353
2027 4284
5607 5425
70 10588
688 3817
1479 7492
1634 6388
2499 4803
4787 9935
5292 6140
5549 5460
166 185
3479 5153
5994 3298
859 1089
1410 7463
1614 7837
1617 6260
2080 4436
2402 5826
3176 3356
3502 1577
3688 5472
4286 2022
175 310
1100 1488
3608 487
3840 8683
5719 7960
184 495
388 491
2290 8894
2712 4873
3121 6823
3726 8152
2128 17
3683 3657
4919 387
5828 9956
1443 537
1990 4669
3505 5282
4366 4308
4805 6159
5128 5944
842 10603
3232 5320
3562 9814
5459 7311
5848 9805
1296 9647
4076 686
885 9271
1675 409
2106 4312
4393 5465
5196 10638
5639 1571
5849 8850
5865 4964
635 9867
786 10225
1560 8897
1570 5926
1762 5545
3624 4935
6110 1217
1497 89
1568 3134
2212 52
5426 5164
5707 10130
1227 6159
1774 3884
3250 6823
4097 371
5736 4813
45 85
364 4736
4001 6719
5909 8308
6258 9865
2890 10634
2927 216
3911 4759
4594 3200
4648 10220
5523 9258
519 10463
605 684
1952 5282
3923 10578
4861 6159
696 2814
1341 300
3185 5157
5392 9386
6079 8536
1022 310
1740 8641
2296 8895
2869 4836
3363 8394
5556 9111
6129 2358
1373 10227
2051 4624
2148 4311
2451 4520
2875 9501
4814 8661
1278 318
1705 7684
3661 9196
4113 10016
4973 6294
5363 7416
5451 1316
6112 10635
6245 9129
499 362
795 920
1264 10502
1267 7785
2119 754
5212 5446
2164 2463
5818 900
32 164
1116 1542
1138 1606
1612 2268
1964 4214
3492 8119
5461 8659
6008 8808
650 9144
1619 1040
1901 3279
2348 9367
2622 430
3701 9137
3767 8864
4100 736
5726 3598
716 2814
1364 8553
2407 4436
3474 260
4276 9916
4447 6140
5029 7756
5120 5692
5276 5659
5630 8851
772 901
2352 9877
3243 6823
3663 9455
3948 7731
952 5479
1196 1854
2207 4447
2983 5055
3119 5270
385 540
934 6296
2571 1124
2906 9399
3192 2896
5676 7452
1181 1331
1223 1880
1303 1368
1573 1153
1611 3119
2140 4540
3797 10584
3843 8838
3959 3011
5076 9445
5237 7710
6028 1050
466 6071
1388 832
2021 9877
2056 4624
2107 4312
5054 1638
541 5754
554 7195
936 6470
1163 5925
2075 3794
3993 9900
4138 736
5657 1345
631 707
869 1108
1643 4155
1877 4068
2339 762
2858 9015
5314 260
5452 9281
5456 7475
594 7416
2345 8708
2946 9028
3526 3434
3684 9455
3862 644
4133 10541
5130 1003
5182 8700
1378 10038
1678 9877
2721 857
2793 9368
3364 5287
3628 9455
7 5219
1880 3729
2360 4348
3869 6572
5513 5692
6030 387
307 3351
731 5731
2418 3052
4981 3458
963 1232
1006 6400
1344 1571
1771 10576
1912 3737
3116 5153
3569 6648
4047 1411
4141 9991
4233 3436
4632 3144
5022 9451
5141 6763
5183 9908
5504 5919
1924 5072
2671 9130
3405 5498
3453 10255
3782 7952
669 10548
1299 8990
2038 4304
642 7701
1701 10626
1733 9026
2194 3552
4340 3178
5409 8437
5493 5644
5577 7753
6 7711
127 9914
1731 7403
2665 4909
4101 1822
6160 8866
813 8555
1005 8250
1945 3902
2045 1120
2895 9210
3792 7055
4029 667
4199 5000
5703 9651
967 4882
1706 3468
1851 3376
2848 10373
3605 10182
621 5808
1595 3045
1959 8528
2048 4541
3593 1611
119 171
805 2814
1404 6071
2010 3877
4198 2143
4354 3446
4826 2097
5843 8278
14 10523
974 1153
2094 4448
2908 4872
3451 6915
3944 44
4117 7629
4178 4864
4239 8284
258 1343
1354 574
1584 1897
1589 3109
2087 4313
3979 7448
4985 2182
5720 3878
1553 9222
2567 5481
15 8528
535 5098
1989 860
2005 4625
2741 4828
3442 3173
3864 7356
4988 393
5722 3583
540 10255
865 8706
5813 816
672 5540
1173 6661
1571 4726
2184 1332
4724 2177
5467 9486
5675 190
630 712
664 737
1899 8208
2413 3050
2416 4306
3064 3341
4851 9618
802 9606
1767 6397
1768 8510
2465 4445
3190 5193
5271 8308
5821 699
6125 1389
1370 5565
1730 5772
2139 4444
3135 7669
4234 9921
678 2906
695 8400
698 8022
849 5596
2096 4313
2197 4148
3946 7776
5400 9850
5926 5737
867 1098
973 5642
3687 5684
3743 8145
4374 5066
4975 3311
5422 3623
5842 4960
1836 10642
3406 5467
4011 8209
4150 465
4613 9937
4833 7297
5767 9894
728 10231
1684 3325
1728 8384
2420 6822
4281 3252
4920 6537
177 10120
2031 4313
5188 419
5380 6697
1017 8220
2850 8459
3763 7412
4854 502
6084 717
872 10463
2948 4873
3015 5043
3410 10654
3837 9584
5012 3219
5386 7351
5545 1389
1 362
509 9780
1783 5568
3083 1687
4484 10079
5589 5490
5743 8116
5852 9629
2261 8511
3386 10591
4342 2451
4863 903
5737 2532
5966 8464
300 451
1679 8823
2221 4679
5458 9944
1221 1864
1919 578
3066 3164
4017 2620
4122 2164
4772 5781
6246 9626
234 5359
902 6557
1577 1991
2022 93
2572 212
3579 5462
4323 8381
4798 1708
6173 1241
6261 2366
1794 7462
1813 9794
1867 8205
5325 5642
5565 6140
441 1585
1391 10274
1608 9681
1947 3729
2638 3050
3020 3173
555 6686
875 10663
3271 6480
3966 9406
4108 10351
6039 826
1472 9867
3523 3372
3592 3256
3727 3451
5490 879
6010 8598
1194 1842
4088 686
5440 7896
5515 855
80 4350
2006 8706
2887 5500
4010 3522
4225 9388
4355 6842
5331 8190
100 2182
615 1656
739 833
2035 4624
4850 8925
5836 10646
43 58
764 872
1078 2115
4165 6528
5698 4533
806 6262
968 578
1020 4
2270 5543
2996 6742
3431 10645
4163 2143
4537 481
5124 8013
5470 9296
562 1696
1348 3352
1448 3328
3225 4996
3652 6791
4853 639
5685 3676
5735 10260
6200 9857
484 4882
680 1352
896 10101
914 212
1835 10327
4216 2143
4952 1638
5414 10206
843 9311
996 1273
1447 10666
1559 5078
2356 5800
2911 9405
3117 8825
3703 4829
3885 4357
4341 2076
4845 9935
4967 9577
5204 10582
514 9216
832 3932
1718 16
2992 5059
4261 7004
4825 1881
2210 4381
3153 5192
3369 5270
850 4303
894 7721
1441 9375
2588 4305
4399 882
5976 9471
5 76
826 986
3952 9367
5114 4320
5507 6893
5855 8113
685 9792
1944 5872
2819 10564
3332 1178
3657 15
5151 331
2052 8917
2295 4381
96 152
886 6071
1645 7975
3326 5147
3863 4609
4541 2163
5454 1911
5882 959
2981 1272
3041 8016
6216 8943
677 3144
781 891
821 971
1549 522
3718 418
3 1386
2903 3474
3089 5270
4139 7055
4841 1609
5785 5035
2159 4313
4315 10395
5697 7309
3473 6325
4200 301
5711 3599
5783 8094
351 459
789 1642
2518 8644
4306 2315
4849 2583
1187 2985
1857 3516
1860 6491
2042 4355
2209 4624
4471 9111
5715 10595
745 9271
839 1045
1886 5367
2020 3713
2117 9794
2512 4615
5213 3755
5984 9821
925 1167
5211 2323
5667 8017
398 540
1123 673
1245 1941
2273 3729
2871 5265
4685 2916
5349 6265
548 10005
3533 5270
3581 5451
3700 9816
3753 5213
4246 9358
4946 282
846 7328
940 2446
965 2088
1326 313
2116 3882
2781 1930
3796 7412
3824 9215
4124 5470
4406 10146
1724 4170
2713 3434
3112 8825
4407 164
5886 954
915 380
1957 3511
2158 4447
5601 482
746 4318
837 274
4250 5065
5062 5574
5840 5311
5946 10071
5476 9990
5670 3473
5940 10460
3065 5192
3865 2754
1596 5791
2563 7776
3056 5166
3832 5217
3926 9
5352 9341
585 5917
1420 1084
1873 4060
3945 4056
5131 3989
613 7721
1508 506
2970 9139
4149 10614
4791 4874
5826 2143
1090 1532
1407 9250
1811 3882
3114 5193
5646 8013
5733 8116
1175 259
4753 1251
5082 6325
56 9869
834 1336
1506 281
1575 9070
1700 2848
1859 8034
1916 4054
5384 7356
1085 5537
1949 9286
2843 4833
3467 4874
3469 5481
4020 3792
4134 119
4294 9149
330 4988
1025 553
3589 4971
4140 736
5644 1184
5671 8506
783 9098
1842 4898
2099 4540
3239 6736
4236 10581
4282 1790
4457 9542
4570 9479
1246 359
1566 3056
3776 5581
4991 3219
25 2334
598 5765
633 9494
1075 7002
1875 3666
3845 979
4203 301
5223 7305
5250 6410
6140 8866
3707 8158
4231 5499
4267 5065
909 7743
1049 10228
1987 4277
2501 9702
2870 10121
3599 5390
4275 3037
403 5614
1150 1028
1986 3711
2876 5004
4262 2547
1590 8959
2788 6787
3438 3189
3500 6553
4965 415
5516 6502
2269 3552
3170 5114
3905 7542
5850 6274
109 9883
532 10649
831 974
1074 10248
1754 5568
3482 5288
3647 3287
3804 5287
798 1807
1750 9028
1931 5568
3367 2455
3644 8516
4245 3143
5590 10590
614 689
1423 10481
2628 9877
3174 10094
3568 9013
3588 10293
5278 3838
5306 7707
5530 8451
5977 6722
1826 3631
2745 397
3507 5291
5369 2173
5822 3567
6051 7418
721 8300
1723 3438
2082 4337
2101 4625
3270 714
3384 3173
3539 5487
5332 5583
5927 10599
148 168
277 6325
912 507
1432 1112
1742 1063
4044 463
5687 386
6065 3460
206 119
889 856
1199 1790
1419 541
1652 8823
4844 2096
5140 8934
6046 8952
666 10219
2150 4357
2668 10088
1130 561
1601 253
3126 2896
3134 5195
3189 2115
3689 10187
4505 2097
5669 8019
6056 8645
961 1149
1569 4685
1918 9756
2146 2970
2191 8119
3315 353
3540 4829
5645 9059
12 5538
198 6191
508 1953
990 1411
1399 2318
1914 3902
3795 2114
4654 10441
4869 9368
5738 4529
5742 9757
6165 2216
6212 9672
726 8456
845 1897
1640 1038
3471 4909
3712 3503
4900 2031
4886 7338
6058 7794
874 9592
1764 9809
1788 230
1862 3523
1893 10391
3750 7231
1108 2174
2097 4624
2185 2175
3246 8689
5368 5945
6203 3586
657 741
844 1897
1662 9370
1915 4060
3455 2455
74 9660
239 10630
1683 10038
4137 7987
4822 7384
5236 9157
776 575
1202 541
2216 4310
2364 4626
2620 4862
4057 5479
5268 7174
5706 3164
1592 255
1802 5546
3157 5270
4453 3043
4514 969
5248 5579
5919 8870
880 6753
1041 559
1379 10286
4147 10320
4388 5806
5518 10407
491 623
1134 4905
1248 956
1785 6397
3501 5526
3656 5489
5547 6305
5954 10397
6035 10260
625 7278
687 10523
2929 9968
3982 921
297 1842
788 7899
1365 680
2286 4623
3330 5147
4008 8209
4151 10523
5230 8205
5385 9096
5745 8129
5808 5866
858 8563
1369 9022
2575 4277
4195 3445
4331 3446
6232 1346
636 5805
2109 4312
2263 9167
3929 162
4804 5643
326 9546
1094 6881
1198 1528
1449 2602
1626 10111
1828 3779
1872 3533
3609 5584
4277 9917
4372 9918
5511 3089
1834 3527
2147 4306
3001 4996
3040 581
3702 3438
3938 3828
4576 7771
5320 6606
6092 2587
830 9192
1578 3123
3214 5209
4087 736
5436 2658
5488 5538
321 7620
945 9230
1214 5315
1262 493
2666 9702
4363 10152
5080 6891
714 7668
2086 4540
4028 2276
4486 3324
5329 3145
860 480
2461 4347
365 10387
1976 3886
2142 4347
3198 2455
4296 3252
4978 9096
713 10013
828 998
1624 9787
2004 4625
2105 4312
1695 801
2924 9923
3235 5147
3928 4106
4206 301
4839 10015
2268 6375
4009 16
4035 717
4556 8308
4788 3433
5672 3479
6091 6498
803 932
1274 10557
1286 6010
2564 4901
2625 9137
4524 4158
4760 2558
5300 9807
5571 10094
9 5907
1685 7092
2204 2970
2861 3149
3086 5270
4056 1977
1837 7440
3793 1731
6147 9374
6230 10060
3019 3164
3441 3189
4030 9398
4959 1161
5399 82
5541 6140
5949 10230
4025 207
891 8506
1300 2056
1425 2242
3131 8506
4803 3131
5463 3173
785 10152
2272 5044
3724 3503
3816 5210
5457 426
5718 1649
5859 6296
267 4560
1088 3123
1926 10283
2462 4624
4495 696
5596 5019
6071 8088
1162 271
1667 3312
3047 495
3301 6823
5887 6375
13 10432
143 159
584 5799
1757 3527
4037 717
5038 4089
5901 540
603 10410
2015 3588
3169 3154
4940 399
6049 7970
465 9964
737 1864
1803 5543
2103 4624
3240 6915
3812 17
3831 9594
4499 6116
4928 8308
3070 9092
3178 6345
5200 3210
5684 3479
78 8278
674 764
981 5136
1216 9501
2069 3877
2276 10134
2787 8769
4278 4070
1183 7581
1349 10403
1974 941
656 8654
2149 4444
1863 3631
2118 1773
2157 4347
5346 1354
150 179
2113 323
3962 10578
4046 5868
4314 7111
447 6542
596 694
1016 1129
1287 9295
3356 4281
4003 9277
4465 3297
5251 3217
5298 7121
5776 3295
575 3446
1368 1717
3319 7580
4397 7188
4509 1618
5299 9603
5330 6923
5964 881
126 893
583 1630
1539 1879
4221 9921
4329 7401
4917 10034
734 6120
908 2402
1753 5002
3666 10403
3972 4539
1406 616
1810 3419
1896 8206
1983 887
2121 3877
2678 9367
3811 9024
3937 5879
5626 3232
5777 7780
5815 5681
5986 10071
225 618
1465 2685
1913 8708
4417 2598
5889 8624
1717 4020
964 6715
2095 4448
4593 10364
6265 10183
814 6338
1574 9767
1621 8611
3210 5099
3348 9440
4721 6522
6156 961
935 322
2974 8278
2993 1165
3437 10387
4353 1599
62 2648
1755 9962
2120 3877
3094 10157
4111 5700
4856 2783
5593 836
112 9867
767 8380
895 3314
1132 10375
1537 2358
1668 8628
1713 3421
2057 4624
3130 5099
3770 10570
4128 7166
5483 1959
6188 5255
133 135
1271 7283
2034 4541
3808 9216
4438 2952
4497 10531
1180 2233
1953 5569
4741 3876
5285 9871
407 8982
784 9375
984 9937
5432 5029
5625 8588
1076 8068
2155 4381
2455 9877
3219 9719
3729 8149
6070 9545
1170 8749
1450 2511
1552 6925
3664 3606
4907 1638
5734 9788
1158 1629
1861 5576
5728 3599
5816 8923
3159 6823
3224 9574
4531 5832
905 8576
1442 1844
3798 5544
4204 10614
5342 205
863 5925
939 5004
1817 1079
3749 7412
4350 1146
4418 6009
5206 468
5423 9900
5632 5681
652 728
921 7559
1532 8624
1778 3877
3422 5270
3686 8563
3773 10570
3887 10645
4498 7579
4653 4262
232 8645
907 8645
3965 3973
4415 4923
5417 863
5599 683
481 1426
1038 2474
1978 10133
2153 4312
5708 3880
718 4807
1315 8457
1562 1503
1846 9119
1854 3404
4209 5068
5160 3066
5238 8983
5297 1897
1026 6811
4069 6435
835 6789
1451 331
1540 1627
3955 908
5205 886
5418 10010
1046 9432
1084 1153
1135 5538
3740 5806
3848 1797
5712 2518
5756 6514
414 9402
2039 4304
3548 1379
5428 9539
975 9299
1037 9438
1259 2535
1708 1236
2516 4342
4289 9511
4840 8831
1328 2153
1429 9165
2036 8917
2072 8290
3963 10578
3964 10578
4197 10227
4496 953
4848 10138
5262 3401
5659 8683
1334 226
1927 3580
3276 4342
3409 4671
3412 4444
730 1117
1244 3893
1412 2894
3195 2896
3802 6120
4086 536
4957 9340
271 10021
1263 290
1343 7196
5732 771
463 6071
958 7575
1055 10045
1333 10353
1430 889
3977 2591
4400 2076
5696 3596
6206 9699
3833 5210
3953 10599
5412 2240
157 3173
1930 3877
2715 1891
4686 8532
5354 8924
5402 2771
5529 7845
2777 10088
3744 7367
5799 8216
6019 6046
917 9718
1217 2164
4064 9339
4361 8259
5100 1842
5902 10123
800 1129
1273 271
2344 5545
3781 17
3985 8180
4154 9916
4439 2181
5074 881
5289 4001
5579 3397
722 9249
3162 2455
3411 4208
3630 3513
3768 7864
3847 1797
3984 921
5497 1443
5554 1442
5700 9945
5725 9775
5199 2575
6178 2291
876 979
901 1170
3817 10570
4327 2021
4723 8671
5373 8120
349 313
1252 70
1325 6160
3621 9897
4269 10243
5235 9644
1149 7992
1387 5833
1790 1094
1815 575
2141 4540
5613 1736
308 9143
2088 4448
4213 8769
4464 5019
5883 8924
5962 7771
118 9614
1092 10612
2003 4381
3649 3673
3997 3522
5598 6606
5814 2231
668 9185
799 789
1720 365
4599 2822
5433 741
6022 8121
3212 4175
4337 1807
4425 5611
5583 9595
6103 9877
1844 10221
3350 3316
4268 9921
5095 2988
6226 1458
2624 2446
3393 9924
5348 3323
1547 437
1557 3144
2144 4540
2275 3708
4394 2200
4420 2832
1091 5850
1853 10504
3886 6875
3996 3522
4437 7219
4467 3226
4567 2772
4756 5681
5827 9026
4 9933
536 623
1011 7648
2504 10075
3566 8484
4521 3131
1459 9700
1760 5755
3765 1549
4431 902
5021 2772
6130 9278
537 2814
639 9626
1821 3656
1839 3701
4947 3930
5908 8235
2160 4313
4450 8279
5709 3533
2205 4624
4436 2931
4625 3268
5281 3057
5789 8088
5993 9959
1763 8433
1776 9988
3995 8885
4608 2584
1060 1289
1897 1114
2151 4312
3904 6
4725 2931
5313 9665
327 6713
1686 8373
870 4917
1260 8987
4148 10320
4684 189
4883 7251
1954 7678
4823 8842
5876 9769
1302 2081
1804 9988
2944 10484
4071 3596
5210 3787
329 7620
1610 3220
2342 9180
5075 10416
6031 8250
533 6719
2189 1039
4635 6499
5806 7500
1040 3527
1736 7711
2145 4448
3748 5138
4208 9921
4921 2800
5537 6405
5692 10373
389 1818
690 8036
956 6812
1390 10638
2089 4313
2720 10549
2998 115
3267 10392
4014 8116
4283 10155
5370 7479
5474 3226
1330 8787
1666 3300
1883 3737
2074 3794
2091 4540
4119 5746
4610 2185
5191 730
5963 8397
1126 9979
1400 2361
1523 8070
1738 3483
1784 3552
1903 3614
2949 8990
3680 9196
4771 3287
5345 9315
5683 9812
486 6684
899 8820
1232 5134
1279 8873
1812 835
2019 4060
4561 2853
5928 7522
1229 3993
1367 9858
1664 3213
1677 6386
3668 4828
3846 5210
3951 7368
6117 1429
552 1804
2851 8459
4121 8943
4609 2850
5611 7273
6207 238
662 4254
910 7322
920 5077
1103 9764
3751 1016
4000 8210
4633 553
1535 2955
1830 3877
5147 4808
5379 9385
6176 2725
593 2120
1109 8205
2266 3512
2779 2629
1009 1152
2912 4877
4401 10587
5633 2785
855 1092
1712 3436
4693 10531
5406 10491
3681 9237
4059 6206
5729 8120
579 5622
1080 2079
1849 6371
2264 3879
2950 41
3510 5253
1032 3393
1467 6273
2958 10640
4545 3131
4949 8707
986 1336
992 6179
1470 10485
3629 2330
3960 7532
5702 4097
247 2592
998 5250
2054 4540
2058 1119
3266 1188
5522 9674
1866 3877
2016 7576
3072 9413
3849 5210
1382 3062
1396 2298
3466 5472
6104 10176
571 6347
1099 10030
2265 3881
3947 3431
5173 10471
462 10421
948 6742
1374 5925
2012 3527
4232 10208
5234 1684
5971 10021
6003 907
1327 4004
1602 3585
1885 5682
2208 4541
5135 10036
5695 10130
1308 8996
2849 5032
4843 5739
1793 9941
2267 3882
3021 7748
3971 3522
4706 7068
4758 2288
4810 8594
1238 806
1909 10224
2063 10010
3395 5270
3494 6686
3730 352
4643 2195
4726 6640
4945 5694
5835 5436
1275 223
5142 9077
5158 10215
5751 7779
1527 6394
1671 6923
2102 8917
4665 2887
5871 5208
6196 8997
1358 9763
1825 3782
3772 10570
3954 5829
4761 263
6262 7463
442 2985
790 1897
4339 1807
4808 2097
4939 9223
5028 4172
6115 8891
681 7415
881 1158
3752 721
3961 10578
5139 3411
5581 8794
1043 8321
1902 3560
2994 353
3930 9336
4038 9816
5197 7089
3281 327
4410 736
4875 7338
1961 4060
3716 122
4691 2886
4729 1735
5741 8563
6146 8869
473 6356
4502 1125
5755 434
822 1003
1513 817
1673 7636
1816 10624
2046 4444
4194 8459
4348 1749
5201 1161
5391 296
5691 1211
1176 10419
3433 4886
3695 5543
3784 5280
4458 7112
4503 5579
5058 3130
5615 9418
4636 985
4680 3641
5491 7566
3762 5933
4522 2856
4944 3210
928 1045
3268 1514
3778 10521
4024 1815
5047 10029
2123 3631
3421 1711
3791 4830
4801 2985
927 7942
1628 3527
1925 843
5046 2346
5322 7351
5350 7676
6263 2646
1107 7497
1495 9418
1534 5334
1544 1953
1650 3937
3564 1882
6187 3946
1548 6120
1556 8772
4254 8529
5153 5465
5318 7208
1879 10221
3978 1060
4525 10629
1631 10256
1887 4070
4367 8711
4836 10195
5594 3226
1222 1731
3728 8148
5495 4855
5641 9012
5651 4772
5803 5681
6224 249
1097 2710
1824 2465
1907 5568
4424 2173
5259 2772
6085 7559
8 10230
4619 10064
5122 6516
5258 10056
5674 6613
5862 6111
415 1932
3093 8849
3349 4193
4592 10523
5127 5309
5540 8235
5905 7280
1453 4304
5387 7600
5416 9328
5875 6746
2716 9990
4885 1125
4982 2918
5800 6246
5812 8569
1137 1589
1204 5483
1224 2295
1418 7964
2066 10094
4469 3217
4507 5491
4852 9076
5464 3427
1904 8209
2277 3738
4218 1554
4626 2289
5693 506
2346 5927
4005 8208
6195 7276
1928 3631
4752 701
5929 2752
6064 2555
949 9592
1832 8210
3215 8797
5222 698
5548 1220
1405 1045
1787 8526
1800 5051
2104 4313
4058 1163
4520 2831
5295 238
5444 5497
5754 1343
5837 1588
6152 7311
4155 2635
5275 4214
853 1071
3764 10333
4015 717
4223 1974
4776 39
5055 7280
5303 8924
5890 6032
719 7479
838 8946
1200 10084
1808 9757
3754 63
4023 7279
4063 7051
5441 2760
4577 7089
4702 8924
4876 2583
1381 7647
4530 2772
6090 3427
265 9327
815 8433
1615 1207
1732 2984
1765 9975
1781 5545
2404 8444
2677 10407
3481 7830
4072 7714
6007 3756
884 8050
1218 5479
1385 771
1761 5568
1963 3664
2070 3877
3870 1671
5181 5579
5724 3694
6063 4951
1528 9070
3650 3886
4062 10108
4644 2772
5296 6390
5969 6589
4451 1753
5344 2076
5484 6792
3747 352
4084 10108
4432 5677
5260 3376
5315 2002
1258 5076
1881 3729
2260 9285
3931 4015
5319 3024
779 3917
3380 7197
3434 3528
4529 1860
6166 8939
436 4777
1461 7896
1869 1550
2068 1019
6210 1549
1458 2164
4423 9446
4540 1179
5264 4485
5328 7846
5869 7690
5897 7667
6221 318
216 293
1955 10109
2995 1836
416 5616
980 1271
983 4946
1324 825
1655 3339
1786 5209
1840 3670
1960 9057
3830 8034
3901 655
5970 8308
6142 842
6247 9676
3815 1190
4809 2768
5739 6705
736 9
3595 10415
3622 3256
3760 8148
4638 2396
5274 4530
665 6345
4640 8738
6038 8784
841 7888
1117 6260
1488 5880
2017 7680
4463 2410
5341 1346
6163 1197
6243 10505
969 5322
2011 3649
3819 811
4662 1731
4818 2886
4951 8250
5631 6438
667 10334
1215 9099
3735 9139
4884 2957
5056 9467
1434 5004
1704 949
1917 5872
4007 8209
5347 6568
5753 8004
488 1722
1239 6664
1466 4776
3627 7121
3814 1797
4085 8620
5162 3459
5214 10658
5293 7748
5906 7885
5968 1400
6006 8248
1389 2977
4018 3731
4571 491
4923 7278
5167 954
5640 6620
280 8114
1257 999
1543 10113
1900 1285
3827 857
4403 2712
4927 7089
5445 1324
6100 1075
1561 3127
4646 1585
522 8879
599 7825
655 10155
1898 2931
4645 9614
5152 1899
1607 167
1777 3631
3317 7905
4389 6972
5801 7428
2125 8273
3769 7855
4012 7029
4202 5612
5602 3192
1034 3843
1144 7091
1766 988
1789 6850
3786 8495
5863 2771
1500 3183
1638 5634
4016 741
5584 6045
6174 6032
1205 1753
2718 2141
4032 3142
5094 4115
5358 8472
5694 8838
5959 1603
1977 7247
2672 8108
3969 8208
4445 9667
4539 8308
5538 5894
5699 1781
5784 8829
654 9698
701 768
997 1003
2085 2970
4817 3035
5469 5949
5622 3114
820 1188
1318 4332
2067 3877
2794 4811
3975 908
4489 5932
5847 9827
6062 2598
715 7918
1051 7437
1690 9020
3216 965
4040 207
4762 6803
5527 3401
5790 1361
5912 2575
320 2180
343 7491
840 9511
985 3103
1104 7257
3731 7093
4897 2018
729 1169
833 1022
999 4188
1457 3945
2626 5059
3800 1271
4379 3291
5898 10265
5938 3106
754 3793
1870 8034
3498 2530
4419 8875
5060 2877
1353 2021
1856 3524
2190 7692
3092 7297
6114 2312
1814 3539
4819 9070
5552 6735
2013 10109
2291 8917
2868 10417
3454 5292
4763 330
325 1045
1197 9990
1756 1751
2014 3874
3902 4026
4914 6991
5856 7089
6198 9967
4405 3393
5272 6045
5401 6589
1894 10010
2448 10119
4582 8240
1307 5482
1737 363
2007 10198
5689 4362
6061 5169
1482 10635
2343 3779
4612 3287
5092 3337
3045 2671
3941 714
1510 10312
3450 6736
4493 9542
4663 2133
4954 9404
946 1715
1424 8763
1982 5568
3983 7652
4052 2529
4053 207
4523 5963
4552 6033
5492 7997
6158 8784
215 276
3610 282
3970 8204
4995 9309
5857 8838
5985 4063
1779 2506
2183 3567
3626 4127
955 2129
1848 949
4381 2869
4639 2772
5424 689
3665 9637
3685 3503
3801 8270
3987 714
4824 2919
717 9873
1166 6118
4553 1236
5307 1719
782 3853
4481 8308
4606 6192
4683 1998
6131 458
2064 3532
3988 714
4583 6589
929 1117
1504 6410
4554 6978
4661 2886
5486 2708
1462 3666
1603 495
5688 9208
1906 5051
2073 4159
3042 10030
4472 1078
5073 10206
1072 1815
2018 5549
2821 10084
4602 8842
5796 7089
1192 6406
1242 61
1395 1336
1558 8439
1818 4053
4033 3978
4118 7618
4460 5911
1775 3527
5288 4173
706 197
1920 8375
4404 3131
4611 2215
5654 2747
5824 10567
1249 10215
1878 5872
3799 3021
4073 5631
4544 2489
5637 6687
6020 8218
1121 1678
1758 1411
4603 3377
638 8270
1438 1121
1541 9914
4512 1487
4647 1489
4773 3069
5357 2607
1895 8114
2152 4541
4036 207
4110 8923
4802 3057
4579 6125
5572 5938
5138 7548
868 8793
5388 5536
5932 5931
816 3414
3903 3984
4623 10056
4764 2725
6133 3095
1297 6645
1409 2762
4006 3522
4548 1683
4800 1391
4933 4919
4953 9753
5705 3713
5958 6410
322 1561
1282 1232
1525 1772
4098 6056
4590 2822
5033 1312
4562 2649
237 7654
1833 3624
1845 9119
3790 2424
5389 5884
5510 2763
5576 6746
6186 229
1455 10627
4055 6505
4230 6509
5636 10557
5730 3620
5586 9937
5623 7312
1073 7045
1752 10463
3506 5292
4129 2252
5880 954
4083 6213
5083 7584
5947 7584
1884 10591
2719 3078
4082 9436
4427 2273
4466 257
4969 8089
5864 10642
1047 9221
1089 1518
913 7135
1759 9988
1843 3723
4492 10632
4786 6973
692 10011
1086 1468
5034 5158
5044 3155
383 4006
4581 2771
5514 10285
1509 8569
2114 6692
4508 701
4575 2952
5899 6164
1827 3945
5177 7423
6041 2101
485 6509
629 5250
1980 8471
3654 1727
3711 7238
3713 3333
3779 10333
3783 10570
4526 2853
5405 2535
5411 5004
5900 2472
1426 9284
5390 10125
5841 7303
5952 3940
3177 8990
4070 6435
4722 6665
5372 7328
1841 983
4634 2313
1588 160
2122 3877
4584 3217
4872 2598
5174 5933
1188 4963
1473 2751
1850 3661
6074 2800
1082 9120
3565 10031
4642 3033
4924 2438
1905 3533
3745 3565
4574 5984
5359 9196
392 1110
893 9185
2182 783
2977 10463
4487 2158
4504 954
4775 4532
1437 4873
1956 5044
1979 8471
4416 6216
5558 6514
5591 8003
1311 2121
4480 3131
4793 3323
5280 881
5438 4879
3717 8425
3732 10333
4435 2233
4479 7394
4601 3032
1864 3523
4068 6254
5819 4110
1155 7761
3998 8209
4694 6139
5269 2780
5377 10424
5792 10127
5885 6248
4558 2952
847 8618
1499 7540
4641 2288
5093 1003
5371 7359
4490 6835
4518 9230
4705 4070
1554 5608
2193 3550
3794 8019
1416 5519
1000 7151
1542 7543
3780 10333
4896 2966
1865 3877
4166 1904
5951 1880
1555 8648
5134 1552
5291 9333
6162 2216
1515 7716
4837 9262
4937 1019
5731 112
278 2837
1069 6341
1265 9117
1791 4988
5910 9817
976 8540
1209 8814
1293 7693
1484 2677
4120 3425
4429 1653
4288 2876
4421 2678
4459 6443
4468 2966
848 1027
2002 4540
3829 5210
4412 754
4605 702
3771 8296
4564 4056
6127 9211
1355 4841
1501 5605
4528 1305
5137 2186
5914 8331
1882 3471
3939 3851
5229 10056
5277 3424
5487 7219
6237 10320
1460 9247
3714 10028
4536 3217
4799 9682
5263 7137
5846 3208
1102 1808
1195 1853
4968 2712
5937 6499
1505 6024
1522 1878
646 9768
947 1649
4043 7942
5324 2128
1486 7102
1492 5734
1633 7005
5521 3214
5881 6031
644 9487
4041 10606
4580 2712
4687 2748
5065 10530
6253 8947
700 8046
1831 4435
3761 8376
4452 2936
4550 7667
5061 2976
5394 516
720 1229
5528 1869
6099 6589
4527 6222
4532 2397
5494 7672
5570 8923
3269 5313
3813 8270
4909 3756
1514 2495
4426 2168
3828 857
4765 2300
1428 2500
4984 2822
5270 6045
1266 2065
1792 10111
4034 6922
4930 3152
5408 3202
4263 10070
5393 9164
5980 8875
1319 6654
2186 8105
4890 7810
5026 2725
5643 7907
1780 3515
4021 8179
4586 1890
4821 9199
4943 2062
4742 2856
645 104
864 5097
2192 4053
4045 10108
4588 9423
4757 6589
2127 3735
5317 8357
5339 2276
5578 1468
5678 8017
419 4905
3138 10330
4774 4534
4889 1184
6255 7366
1003 533
1822 2292
3766 8016
1071 3946
5004 2067
4461 3040
5035 1601
5220 1807
5382 8548
1294 2197
1819 3655
3096 405
4099 5333
4483 7209
5037 7522
5112 10666
4568 3145
4922 8296
5429 9217
808 9855
1064 6955
6102 9959
1981 5044
1058 1543
6238 9088
3069 9454
4792 5056
5867 6584
1212 9470
2187 3550
4455 6409
5084 10317
5117 2441
1475 2699
3715 1473
3746 352
4051 7944
4585 2755
4668 10125
5221 6926
5680 978
5853 7210
904 680
1939 3664
5290 7728
5752 5598
5791 8908
1125 2073
1487 9497
4549 10094
1536 6219
5294 9723
1538 3852
4428 2397
4629 5211
4728 6491
1572 4461
1871 1039
4060 8914
878 4839
1565 1641
3976 6838
4624 2969
4870 6498
5950 5344
4475 1494
2891 4902
5136 6099
4899 1899
5690 2439
5942 577
5896 2421
1820 2170
4838 2409
5337 6236
5534 6838
659 3073
4187 6090
4637 3158
1493 1171
6040 4107
1339 710
1582 1951
2065 3522
1480 2530
3742 1277
4882 2673
5031 5650
1174 4910
1507 9111
4473 1284
5650 892
637 7436
4797 2799
5161 9885
892 9795
1291 9603
1962 3792
5014 6017
5878 5192
1111 7148
5485 9871
5501 2390
2124 10109
4669 2765
5005 6515
1007 2885
1435 6675
3611 3425
4989 5765
5219 5865
5817 5397
1002 7525
4441 1203
5036 7392
5333 1986
5378 2953
5911 6516
1520 9889
6089 2954
725 3936
854 5920
1469 5655
5679 464
4547 2772
930 15
5338 7268
2340 6540
5383 4327
995 1787
263 2372
4454 1774
791 5262
2093 2743
5334 8963
5778 6310
4019 10624
4960 6029
5566 6084
954 5746
1782 5051
1494 130
4667 1250
4866 9208
6175 2772
1929 3523
4474 6647
4587 1692
1483 7997
1512 390
5273 6589
6155 8763
3631 7572
4990 7089
5002 2404
5788 916
3436 194
3651 8121
5003 8123
1010 8744
1526 7449
1545 2954
4054 6213
3480 1753
4908 6227
4913 9459
918 345
1829 5546
6184 689
1481 7624
1533 8315
1597 3078
4681 1874
653 7584
4513 2127
5421 1078
4727 2936
4013 8273
4770 2273
5557 2865
1261 3777
1478 2218
4039 1869
4096 5634
5936 1967
3877 585
4614 2024
4664 10529
5701 2231
6135 10078
4462 5580
4615 10224
4689 1802
617 10510
1145 1804
4022 3065
1519 2071
5175 1658
1530 792
5403 2940
1346 7490
5553 6143
1468 7053
4411 3838
4994 10140
1801 5568
5506 2612
3725 3782
4566 2062
6154 3088
3990 4758
670 8814
1439 2209
1521 51
2341 6424
5025 3082
5512 5434
4630 9995
773 3086
4444 7704
5595 7271
3445 9775
4740 7004
5176 238
5638 2612
5356 892
5045 9071
5858 9858
4446 9752
4482 6033
5854 8432
887 8921
6169 9822
1531 2487
1237 8781
4477 5755
857 1042
4440 1029
1454 8211
1485 9084
4754 7229
1112 7735
735 1998
1502 5421
4993 8281
4688 2563
4970 7722
1440 5213
4563 7999
4785 9835
5374 6195
4390 8897
4551 8349
4589 3646
5831 3323
1452 5042
4448 1743
1068 7045
1053 8167
1165 9456
2188 3532
4666 2710
4857 6082
5218 1935
4910 6729
5564 7147
6116 8128
1436 5877
4607 2977
5453 9895
1120 6791
4690 3112
6093 5924
4901 1356
922 6181
4961 5308
6183 6729
5830 6070
1431 1853
4938 2957
1255 7667
3759 8740
4658 7325
1498 4
5870 6681
4442 2930
1446 1589
4942 3871
807 7765
4456 2065
5057 2822
1632 10358
5192 2255
4743 2611
4631 2942
1317 2440
6134 1279
1415 2856
5107 7591
1421 8724
4430 2976
4476 8939
1518 7798
5343 2190
2674 42
589 7339
4470 1228
4867 10344
4565 6108
4578 7264
1342 8327
747 1311
4956 2944
942 5874
4543 5984
