img04c1.jpg img26c3.jpg
5443 1635
5253 1289
5282 1668
4241 1289
4697 1094
4293 1123
2440 733
4258 1329
1301 192
429 756
4733 1567
4093 1267
2967 748
4893 840
5067 759
2730 645
493 192
6217 202
5170 1267
6016 1094
5226 1278
5923 1551
379 81
6033 1551
361 756
5243 1123
3981 202
425 756
3543 1094
5048 1668
573 1289
3306 805
517 202
2897 723
6204 1295
4992 1091
5999 1521
6081 1094
5050 759
500 202
5240 1272
3309 805
5894 1551
6208 192
3259 765
3693 1483
6209 202
101 118
5917 1369
2240 733
5997 1521
6025 1094
4713 1064
2492 733
2956 857
3429 955
4916 1581
3128 1306
3227 968
273 202
3541 875
4301 788
4048 196
2965 748
2795 645
5077 1100
4312 1267
2824 622
3205 955
6185 202
4326 788
4050 1320
310 202
2833 759
5302 1668
5998 1623
3602 1201
5996 202
4210 1285
5242 1278
2249 733
6055 1559
181 1152
5252 196
3284 968
4696 1483
2759 645
459 192
4320 1269
448 756
1747 202
6000 1516
5587 1116
2916 723
4256 1257
2853 723
373 81
5957 1631
2649 645
5551 196
5987 1521
1591 192
2855 857
4598 806
5336 1257
3570 1528
2325 733
2802 703
2856 600
4257 1327
3024 239
306 1058
2863 31
4299 788
368 1389
4078 200
6094 876
5146 196
428 1360
4135 1267
4272 788
2961 724
5989 1551
475 1176
5395 1329
4902 1221
5575 1389
2423 645
3166 1118
3709 336
5935 1521
299 857
5415 1289
3252 1118
5190 1389
3127 910
5904 1541
5918 0
5922 1541
323 1389
2825 600
5090 1716
243 202
2237 733
4273 1278
2879 723
185 1012
3255 805
4698 1342
2936 857
3257 805
487 196
5375 1320
2330 733
6157 1157
4067 202
5323 1668
3023 239
3638 1142
3950 202
5087 162
6257 1116
3810 202
2696 645
5974 1581
6227 194
5001 1091
2823 747
4049 1578
4621 1201
4322 1668
5455 1644
5482 1389
3038 692
4892 202
5018 1598
5473 145
2898 723
3461 805
495 1578
3028 724
2601 645
2881 655
6239 202
246 202
4783 1621
375 1389
502 192
3447 1176
369 179
6199 1258
3427 805
4185 857
5180 1329
334 210
1727 731
1958 1336
3163 910
3673 1491
5225 1273
5168 1389
3250 708
3558 1032
4335 800
489 202
417 756
4695 409
451 1116
563 1123
2433 733
4980 1714
5017 192
4384 1668
1888 1465
2322 703
2541 645
4855 182
3088 1306
4868 1109
1674 196
1289 829
2552 733
3463 805
3536 805
3164 1118
3242 1277
474 829
4795 371
6254 196
2553 733
2599 645
4271 788
4878 1594
2316 550
2822 723
4173 759
2652 703
4781 1201
5892 1116
2043 1122
2921 1018
2978 723
4344 1289
2766 703
4494 1338
2703 746
3897 702
4362 1668
4132 1126
4745 1539
3513 955
5145 788
2877 723
3226 968
5404 1389
2814 494
5088 191
2560 213
3053 724
3692 1201
4334 777
5261 1627
6015 1012
2832 703
3140 723
5215 1578
5805 1165
2883 655
6241 1000
3161 1118
4171 1668
3579 766
4986 1623
5304 1389
479 1608
3201 1306
5874 1428
856 1102
2775 217
4324 1306
651 1716
3193 910
4364 1668
5535 1168
5960 1636
3192 740
6264 1157
4356 202
5327 196
5041 1220
5981 295
740 1389
3073 723
4242 1329
5126 1627
5982 1178
2 1473
6095 1575
2436 759
3841 238
2648 645
275 1594
2765 645
2934 800
3542 1011
6026 100
2175 645
2333 759
2424 645
3859 848
4711 1162
3027 1159
3933 336
1077 343
4972 194
5606 1296
3050 857
6233 1250
3126 708
3197 1277
4332 1321
2896 723
3878 202
4115 1266
4190 1327
6088 1116
732 356
2314 733
2660 550
2704 759
4538 676
1136 1119
2985 748
331 1116
2796 645
3115 1306
3585 409
3586 1012
6059 1094
3125 1118
3305 805
5195 1278
1323 7
2728 1131
2733 702
4284 1382
3198 728
4414 1428
4710 1183
6128 1428
6236 1012
3171 628
5714 304
367 152
2697 530
4031 202
2702 604
4247 1170
5635 1705
3658 1179
2659 733
3202 1118
3282 202
4731 1091
6044 1211
6069 1559
6144 1731
3029 241
3575 805
5011 153
281 1295
2807 663
3118 1306
3706 1369
762 759
2489 733
5750 1389
2880 600
2955 239
4829 1545
4891 1607
5063 1491
2798 604
3123 1277
3371 1118
5068 759
5279 305
5309 202
434 1479
557 1289
5447 1714
2491 759
5070 49
1744 546
2963 724
3335 246
5149 1251
4712 1012
733 240
2837 759
2917 747
3583 1517
5013 1230
1773 503
3336 805
3637 997
2545 645
2854 747
3248 910
3788 1094
4935 1544
5546 240
2604 759
4370 165
4835 333
586 60
2371 645
2805 702
4735 1199
454 1384
2246 759
3553 955
3156 1294
3459 1118
4131 192
4671 1642
4782 1176
5115 202
5265 1267
5519 197
6242 1528
2173 645
2857 607
5316 145
235 1353
2543 645
3373 955
4136 662
5920 1428
1305 990
2378 645
2598 645
2873 1723
2920 748
3102 1303
3477 202
1290 990
3457 1118
5561 1258
5861 202
222 202
2429 645
3549 1306
364 178
2735 733
3090 910
3187 895
1984 1607
2380 645
2507 202
4235 1170
5716 1389
393 1176
1491 755
2878 747
3244 910
5311 1668
2761 530
2980 723
3295 910
5794 1474
2820 676
2597 645
941 1296
2303 645
2609 759
5780 1586
6132 1578
2610 733
4963 1389
5089 100
2487 661
2982 762
4779 1360
1014 198
2700 645
1641 1109
3074 857
3087 910
2760 604
2799 645
3144 968
4172 759
4707 659
5967 1208
4676 1199
3789 192
4834 409
2737 703
3563 1183
3825 117
4192 1329
4962 1176
6077 150
376 703
468 305
2962 1005
3002 1573
4546 430
6027 1552
768 990
2797 530
3165 861
5207 202
3321 1018
4656 1376
4672 593
4985 81
6234 731
241 192
354 139
580 759
2484 702
2915 239
5748 1532
5956 1623
6017 1552
1156 1601
3322 968
4311 1131
2475 1131
3253 861
3879 336
2490 733
2550 661
2706 746
2862 550
3143 155
3679 607
5157 1320
5361 1129
547 304
3251 861
4652 1512
2425 645
2835 702
3030 748
3052 748
4730 484
6145 240
315 1251
2647 645
3249 1118
4700 1150
5208 1123
2852 676
4274 1100
251 1229
1253 1706
2177 645
2478 645
3641 1483
4198 857
5043 1389
5449 702
424 1353
3049 1646
3203 861
2762 645
6232 969
212 336
2701 68
2938 857
3181 155
3616 409
5069 49
6057 194
1795 1139
2318 733
2595 604
3261 741
4169 1289
5019 1219
505 202
988 452
1141 333
2918 723
2987 678
3615 8
4912 1297
5228 1128
2385 733
2555 734
2935 857
3121 753
5442 99
5992 1677
6021 1116
6108 1553
4227 1329
5542 197
190 1448
2383 733
5079 1321
5144 1168
5420 200
371 550
3907 202
4874 440
677 584
2258 733
2986 678
3018 716
5661 1211
348 1176
421 1648
5479 1716
1065 990
1359 990
2317 733
2771 550
2940 762
3537 805
1471 201
3582 947
304 202
318 162
2899 600
3672 8
5027 1122
5064 197
6143 1116
387 336
3338 955
5150 1123
5779 187
2372 645
3141 1170
3484 1118
4491 1667
4704 1376
530 196
2304 645
2370 645
2432 733
3660 317
5893 1540
199 1592
1320 982
2834 663
2991 1204
3199 861
3204 861
3974 1100
4376 945
2313 645
5110 1135
223 1448
2540 1131
5913 191
366 1648
509 1490
2539 1131
3120 910
5284 1668
2864 49
3172 800
3180 968
397 1116
2327 733
2445 56
2623 155
3075 1303
311 145
2321 733
2801 1100
2952 747
3394 910
3864 896
4345 788
201 1617
3374 817
5397 1657
15 64
516 202
3032 1204
5108 202
5934 1521
169 662
4946 123
5059 746
5232 1149
2247 759
3026 857
4983 1383
5266 919
193 202
564 125
3340 805
4042 1353
5116 1642
194 336
458 1058
6083 1296
295 1258
3060 716
2179 733
2900 857
3655 946
4650 387
197 202
727 1428
1661 1284
3145 155
3162 753
3236 895
4026 202
4180 1246
4714 1148
1707 1439
2174 645
422 182
2447 598
2554 733
3580 875
296 1428
336 1278
483 1578
658 228
1147 343
1351 990
2232 645
2839 56
1012 1389
1268 304
2244 590
3077 678
3400 741
4092 1428
4222 937
582 1381
2650 645
4182 1246
4971 1716
305 202
2979 723
3299 910
3393 728
6005 1116
797 541
2612 759
2791 398
4292 759
154 103
3584 1011
5973 1183
164 108
261 281
384 261
4932 1601
5246 1128
2488 733
4828 1152
342 305
4177 1246
257 1378
2168 1131
2658 663
2729 645
3034 716
3738 262
4153 550
5185 172
5764 1443
5983 876
6036 1011
6107 1221
1386 990
1743 503
2446 598
2496 49
2570 570
3554 1327
5704 196
5781 1586
6052 202
357 687
5023 1516
2115 1517
2763 645
3399 910
4750 876
4167 140
4766 1338
6179 1176
2396 550
2427 645
3286 231
3514 1327
4794 182
5305 1389
2178 733
2803 703
2804 663
3509 1118
4709 1533
581 1699
3233 166
5163 990
5267 1662
6153 1210
218 1439
2394 733
3307 817
5990 1148
506 1578
1295 1059
2547 663
3330 692
3504 333
4831 1532
6023 1623
6060 1116
2646 1031
3025 857
3200 910
4732 442
207 1058
3081 716
3195 753
3368 910
4328 1482
4409 94
4485 1428
5505 1258
2767 703
3152 1306
5165 1116
5762 1443
5770 1443
3160 910
3425 861
4163 715
5975 1094
2865 68
3243 708
3408 1300
3671 409
3895 702
559 1176
2382 645
2573 1251
2611 703
3343 783
5502 1716
703 1149
3581 874
4183 877
4597 1334
139 1295
1254 1017
3155 788
3191 910
5186 1126
6180 638
358 759
418 1258
2890 1522
6066 1641
1190 1547
2809 56
3688 863
4170 29
3334 1118
4146 1246
987 541
2257 733
3361 231
3576 899
3739 1150
3858 1288
4199 1589
507 200
1698 1017
2239 733
3485 955
3555 910
472 197
1140 202
2953 239
5121 170
5600 788
23 13
1745 474
2381 604
2503 605
2937 723
5588 145
319 1742
498 134
2479 604
3416 125
2389 703
2608 759
2656 772
3091 727
4618 659
5979 1700
1337 990
2709 213
2764 530
2826 442
3097 857
3207 955
3325 961
4739 172
5024 1635
2607 702
3607 1471
4226 1505
4751 192
5903 1539
2596 645
3603 1223
4061 1267
4220 123
2009 1707
2287 1122
5866 239
6037 499
2377 645
2705 703
4859 1338
4898 1102
312 202
1934 565
3003 723
4746 1572
5381 1116
5877 1381
145 46
3486 910
3640 202
4979 731
5247 1128
5559 1244
2615 31
2731 645
3103 968
3912 54
6034 287
2171 604
2493 733
3071 856
3158 910
3196 910
5066 1314
6202 1614
6256 202
195 125
2661 56
4159 600
1972 347
2442 550
2500 598
3245 1277
3370 910
4881 262
5834 1116
6001 1178
230 1706
4734 1179
405 1116
2248 733
2605 663
146 1129
1376 287
2243 783
2335 68
2395 759
2755 1100
2768 733
3300 727
5256 1137
200 81
381 1716
1298 1295
2470 1128
3262 783
3529 1738
6248 262
1110 1538
2308 1131
2885 684
3546 1528
5129 1448
344 227
2176 645
3260 910
3369 740
4385 1128
5471 1668
6009 8
438 1208
523 1370
4865 1358
420 152
1687 508
2695 645
2882 857
3035 716
467 1116
482 1221
2542 604
2736 703
3448 125
3512 1118
5829 317
6197 1223
444 839
525 135
2502 1074
2229 1131
2393 733
3574 1296
4449 992
147 1295
345 1278
352 174
1578 476
1932 1369
3755 652
4955 137
1057 1428
2707 759
2808 49
3559 997
5419 1389
6191 204
48 39
4104 1246
5051 759
5955 588
3142 143
3287 166
3396 910
3525 723
4595 1523
4738 1748
6068 262
2008 1299
2421 1100
3104 716
3455 728
3606 1648
4511 430
6047 915
274 1116
2250 550
3101 1158
4207 1383
5757 1238
6112 900
238 335
1178 1381
1375 695
2471 790
2923 857
3697 990
3705 1208
5868 336
2388 772
2602 530
2699 645
4911 202
5052 1100
5468 1116
6223 304
6235 1604
2441 733
3491 416
3756 1491
2732 645
2774 213
3017 879
4950 154
5860 240
456 172
2305 604
2772 746
3014 762
3107 166
3122 910
1127 196
2255 759
3757 453
5086 1100
5475 807
6050 196
2546 703
5740 196
6113 1116
2390 759
2829 1578
242 840
3908 213
4572 1152
5617 125
5895 1518
3694 1444
4144 1246
4366 1329
503 1389
1024 1016
2749 1607
3402 945
3690 1198
5106 1118
172 103
2373 645
4126 1246
2443 733
2544 645
3834 829
3932 202
5310 1699
5580 1548
6053 1109
2111 795
2369 1123
2919 1573
3390 164
3535 1306
3598 783
11 1369
819 449
3099 724
3424 1118
4325 1278
4358 48
4682 430
1139 1538
1637 1617
2664 704
3235 692
3423 910
3098 1170
4784 192
5015 1662
5072 702
5772 1451
5802 1353
2549 1269
2751 463
4113 1486
4298 344
340 1329
994 286
4157 1246
4488 1338
5884 1428
6137 1586
1171 191
2784 806
2964 1018
3228 155
5655 1096
5797 1389
5851 202
382 1389
1310 1463
2574 1246
3538 734
4674 1201
769 137
2566 583
3263 783
3942 343
4065 197
4790 318
430 145
2957 723
3578 1327
3896 56
5187 1313
22 1100
1241 1214
2476 1131
4290 154
333 1719
3889 1374
4806 204
570 1699
4815 196
2756 662
3147 164
205 202
2401 70
2717 307
3392 1306
3487 741
5227 709
2866 494
3124 910
3653 350
4189 1116
4193 600
4291 1668
171 108
497 351
526 155
640 139
2392 733
2971 1628
3184 164
3857 202
4228 1668
5610 316
5888 1360
711 584
1159 169
2310 1131
3774 848
4767 112
5099 194
5681 421
6218 197
359 1100
2996 1600
3154 692
3194 1277
3552 1306
4692 1378
469 1627
1489 436
2551 550
4830 1545
5585 1376
2245 712
2750 1551
3150 164
4158 1246
5460 1149
777 47
1146 1428
4998 240
5396 1107
2226 1131
2494 702
3222 915
231 120
254 1114
538 1153
569 1289
2238 733
2537 1131
2984 941
3406 93
3594 1517
4375 249
450 187
1133 336
1270 1017
2379 604
2773 217
3469 1032
5498 202
5961 239
2498 217
5430 1091
5798 204
104 662
177 97
3080 879
3280 1685
3572 1648
3836 825
4191 662
6118 1735
292 1101
2617 821
3012 748
4253 1204
1625 1578
2426 645
2698 604
3105 879
3821 673
6161 121
6193 1699
568 247
1937 1221
2384 733
2530 964
2785 869
3057 1653
3432 851
3591 1528
363 945
812 162
1770 1578
2663 810
3106 894
3324 231
5098 769
5407 1255
142 663
1496 154
2170 645
2800 702
2928 98
3129 861
3327 961
3359 1716
3444 261
4266 1170
4846 262
5020 231
6201 159
93 18
2654 759
2734 663
2786 676
3372 246
4205 970
4931 125
6076 1230
337 152
546 335
1029 1393
2486 1321
2653 663
2858 504
4533 1642
4675 1014
4997 1731
76 30
521 1538
660 118
3159 753
3853 825
4105 1223
5930 1513
88 103
755 246
4305 1278
214 336
499 1715
1948 708
2391 759
3398 861
3785 804
5555 1668
6126 1213
1411 990
3022 1646
3861 859
1577 970
3470 875
3862 1313
4114 1374
4316 1251
4319 1381
338 1662
2430 645
2438 783
3010 678
3037 1653
3241 910
3292 1306
5769 96
2603 30
2894 676
3013 450
3577 910
3719 1671
2529 22
2657 663
4780 1623
5097 202
105 108
2399 733
2810 49
3316 1707
4976 316
5156 118
61 39
866 1063
4248 206
5439 1389
730 466
2532 964
3496 1545
3860 764
664 434
2236 645
3209 734
4321 1137
5178 202
5891 1716
5972 1708
270 1296
490 1448
4380 199
156 32
192 187
210 202
2497 217
2838 687
3378 340
3818 640
4090 1246
4812 1157
17 702
2324 550
2477 645
3301 753
4125 1246
3258 910
3397 1124
3675 99
4894 1749
63 30
556 1699
801 1058
1256 412
1682 137
2941 748
4717 1448
5466 417
39 1575
276 1130
842 1575
1056 1538
1101 573
3462 1327
4617 1642
5109 1511
2315 759
2651 645
3285 155
4816 1303
5686 1116
3039 961
3683 1397
5924 1504
512 990
2309 645
2613 56
2621 605
2913 1744
3556 1327
3890 1211
3917 702
5123 156
5283 1318
5437 1262
916 1428
1397 196
2374 645
2583 1100
2689 52
3736 1093
3787 193
4066 1630
4080 1243
1191 1176
1329 1366
1735 503
3503 202
4748 333
5531 1246
85 965
804 1115
2884 461
3033 1204
4871 1621
1004 343
1716 1680
3231 961
3674 262
4715 1336
5766 1353
3111 1277
4127 1246
4211 759
4620 1216
4648 1339
5921 1444
953 384
2992 891
4596 1201
158 118
3723 1292
3874 702
5939 196
160 1085
1689 1537
3304 246
5450 165
5931 197
2320 733
2655 772
3547 1648
3587 189
3648 558
4357 1100
4904 202
5133 1116
5478 1210
5627 1258
264 286
818 1377
2169 1131
2468 212
2738 590
2806 703
3009 1025
3108 692
3360 199
3850 825
5008 1671
1490 389
1985 421
2506 196
2593 1268
2827 1111
3835 764
4708 1478
5239 1320
5524 1448
673 782
1357 1706
3417 166
4811 1705
5376 734
5943 1201
227 1383
2301 1131
2434 663
2933 856
3916 56
4168 1329
4252 127
4906 192
5254 1719
5804 1492
496 1115
2134 1327
2234 1131
2746 1723
3004 342
3179 1303
4116 734
5592 125
339 136
1278 155
2480 703
2662 663
3079 716
3230 430
3726 1443
5363 865
572 1329
3852 859
4622 1193
5940 1200
6048 351
211 1296
2224 604
3456 910
4996 316
712 240
2265 1417
3472 1114
5119 731
6072 1569
1235 1560
2167 1131
2361 1122
3698 880
3888 1299
4917 1484
5179 348
707 1389
742 1176
2225 1131
3352 340
3600 565
406 1614
3521 401
4302 1714
183 50
1809 300
4280 127
4309 240
5312 1668
5425 1314
761 215
1517 1707
1658 202
3186 894
4091 202
4744 1642
5919 934
6014 99
476 1570
1230 840
2302 1131
2792 1545
2914 654
3973 1100
4145 1223
4929 196
6249 1012
293 266
1228 1560
4422 281
24 13
3873 910
4534 1017
4559 1348
4981 546
5833 937
5907 409
1622 492
2231 1131
4106 1246
285 202
539 200
1028 200
2557 217
2592 964
2600 645
4109 877
4720 127
6106 1369
3449 166
3568 857
4174 70
5007 150
5365 1305
811 158
3058 716
3358 323
4670 240
4769 192
5560 316
208 1428
2332 550
2710 663
3418 895
5209 1314
5771 1443
14 1339
560 1657
3006 870
3183 716
4249 1695
6141 1381
900 1293
1179 1229
1769 1687
3308 1327
4718 1628
5811 1581
1393 1546
2230 645
2589 1268
3876 1381
4313 937
4768 967
6105 112
578 1482
2776 997
4008 24
951 204
1868 1336
2485 703
2739 772
3275 927
3326 692
3560 948
1629 553
2495 70
2867 986
4832 1623
5639 829
1015 840
2375 1131
2556 1108
3639 377
4184 877
5525 1754
5574 622
6148 202
16 13
529 197
1048 1716
1292 1058
2288 1044
2634 830
4240 1714
817 373
1576 990
2910 635
3059 716
3206 910
5082 1677
5517 154
5773 360
176 1257
663 434
2270 1407
4864 1258
5608 1000
5991 1173
137 1131
601 459
2523 1100
3803 804
4396 1269
4813 1737
5945 1173
122 49
1157 990
1776 1408
2259 1578
2637 1100
3119 728
3734 1384
5839 1290
903 1525
2254 733
2714 647
3066 581
3493 779
3515 783
3114 692
3703 97
933 286
1345 695
2180 759
2614 217
4413 1284
353 1329
1852 1099
3362 166
3855 910
6032 1539
426 1250
897 196
1306 1731
3100 968
3492 932
4186 678
5706 1430
5759 1452
298 1174
1659 1621
3468 875
752 135
1585 200
2223 22
2233 645
2606 702
2727 1268
3005 1204
4820 1194
4918 1176
5717 305
51 30
2235 645
3051 1159
3618 827
4737 1538
3804 1549
3854 910
3892 896
4359 1157
5194 1697
5245 48
5465 1428
166 96
494 1116
1247 1754
3223 1389
3328 788
3426 1327
3921 216
4107 877
4175 1678
388 1337
3401 246
3519 98
3614 1724
398 1754
1050 343
2770 47
3604 1404
5988 1187
1797 1357
2263 1550
3389 166
3413 1225
4162 246
4250 1704
5125 1338
5532 1129
5807 1014
155 69
269 1692
577 215
1334 228
2172 1131
2311 645
3721 421
4673 1211
5499 1597
6045 1381
882 1614
2403 1681
2473 1128
3000 239
4310 1124
4999 1017
5091 316
6228 593
993 1731
2241 1327
2307 645
2326 733
2439 702
2558 56
3333 910
4827 409
5255 1269
632 1189
1670 628
2256 759
2376 1131
2591 964
2757 964
2769 783
4657 143
1033 298
2336 49
2481 1131
203 336
427 1623
3213 351
4434 769
5656 145
196 194
550 1705
756 1289
3884 733
4330 1662
5184 1621
49 1059
174 1270
341 1630
566 130
759 135
2841 986
2968 941
4150 246
4703 201
6213 1697
2643 10
2691 964
2790 987
4133 757
6010 680
173 70
931 240
1599 437
2083 1327
3623 518
2531 964
3341 1262
3646 574
4352 1668
5503 1099
5620 1149
2872 1723
3342 783
5132 1123
1361 300
2061 589
2561 56
2568 570
3078 155
741 305
5355 150
6043 191
621 782
2213 1122
2692 1268
2740 105
2902 857
4369 687
282 1428
1115 990
3311 734
3466 922
5428 127
2581 964
3733 1256
3822 909
4555 140
5398 687
6087 194
515 1541
2758 17
2836 733
3076 1628
3318 336
3613 783
3823 910
4879 1194
977 1229
1740 262
2708 56
2752 101
3958 1258
4443 1678
5539 214
360 33
1207 307
1231 840
1973 838
2548 783
3351 826
3364 1028
5287 1223
2813 635
4787 1678
5672 1406
6250 1250
413 1488
699 695
738 990
1042 990
1336 281
2357 1327
2811 704
3678 1524
3868 1349
4318 1210
5105 196
5673 1353
1131 1578
3460 910
3557 1327
4161 600
5366 626
6222 1586
217 136
399 202
1742 581
2428 645
2782 622
3016 749
4660 186
4807 1462
5675 32
6109 1303
6136 1716
613 221
3458 910
3992 435
455 1176
959 343
3264 1262
3597 910
4152 1116
4238 1284
5879 1017
2444 49
3428 910
3894 56
5233 0
2563 620
2847 1723
3190 692
3601 112
3670 875
3913 1108
4478 990
5513 1296
5768 196
6002 1547
1759 1417
2945 1377
4925 121
2559 759
4027 1389
191 171
3323 155
3367 708
5049 662
5760 1443
464 117
760 1578
1374 460
1676 731
2181 1578
2228 645
2748 1723
3019 698
3465 734
4895 1668
131 550
1129 1707
3490 861
3844 1377
5085 759
1889 844
3708 1541
4004 24
5663 8
2830 915
2922 1511
5118 1353
221 1174
824 467
1023 204
1445 196
1598 938
2524 1100
2635 662
2966 941
3089 1375
4245 1589
5010 202
932 1428
1681 628
2422 964
3063 1306
3375 783
4796 1353
5217 204
103 662
549 1464
749 1449
1061 1707
2344 1419
2533 964
3548 1040
3880 783
4677 1165
6151 215
2435 733
2527 964
3296 1658
3704 1405
4805 1473
4887 541
80 25
775 1389
1414 1253
1656 202
1723 474
4777 202
2271 1408
3710 1397
5953 1598
594 810
1021 1165
2323 733
2368 1262
2954 678
3430 783
3550 1150
4216 153
5793 1488
1020 392
1546 1685
3612 1171
4699 1101
5039 1544
6101 1630
6172 1113
705 1345
3008 678
3320 968
4343 168
5321 1590
5509 1677
743 1329
1417 145
2312 645
2681 52
2688 830
3545 463
3608 263
4201 240
4759 201
395 1754
1768 701
2227 1131
2474 964
3133 628
3246 720
3421 728
3497 336
3806 1222
4395 1128
5915 1598
543 1733
1283 1707
1922 529
3476 1685
3851 909
4858 99
5948 1058
6240 1296
478 1642
3420 1306
4651 1575
5569 1448
5618 143
5843 1715
5933 1012
2753 964
3914 56
6119 1349
6190 772
6260 335
810 100
1644 648
2337 781
3146 155
3872 910
4259 1116
4382 401
5140 1293
6189 101
6244 99
1142 1257
2306 604
2860 1478
2972 750
3345 1100
3898 773
5128 1513
5139 183
461 194
501 1538
3522 1293
3792 755
3839 343
0 178
170 1100
697 965
3619 1334
5573 1157
302 1384
1313 990
1604 1194
2518 873
2959 1159
3208 246
5071 1100
1474 125
2983 847
3593 429
3893 213
19 3
400 1331
938 266
1185 1681
2640 1327
4225 1065
4260 937
4965 1667
5995 172
6030 1270
911 336
1384 1713
1949 390
3182 1005
3882 733
4234 651
5081 202
5362 196
6024 193
89 964
1830 1417
2535 662
3453 895
87 662
1022 368
1213 839
1724 515
2334 56
2516 5
5682 1184
5735 1339
6079 1624
3011 678
3167 964
3540 900
4262 937
4861 1511
4957 1380
109 254
226 1729
737 142
1477 1321
1608 1039
1702 503
1751 1396
2831 1128
4360 1714
5544 210
5624 1428
287 139
1186 277
2242 734
3659 1588
4719 1637
6225 253
38 964
65 29
165 1100
1422 1538
1710 503
2572 118
6073 1578
239 594
309 297
1148 1168
2078 910
4255 261
5062 1165
161 1262
2431 530
793 1478
2519 212
2562 217
3518 546
4336 1714
5171 262
5231 1169
5593 828
3826 245
4967 1471
5040 348
5413 638
431 1168
558 1252
666 495
825 377
4850 1159
78 1715
228 7
1394 310
2686 52
3628 1397
3918 773
4181 1246
5480 202
2253 733
2329 733
2888 1074
3254 910
5607 1749
5629 1210
120 1009
163 74
978 1642
1564 212
1739 1680
249 1114
1938 188
3256 910
3819 891
1052 1154
2400 217
2907 1116
3289 1388
3464 783
4094 1714
4102 1223
4143 1223
4510 1723
92 30
2671 770
2690 52
5364 1304
5431 1632
5747 1441
6211 1520
189 1428
229 305
435 949
3217 915
4716 1211
4966 1538
5224 125
1143 1374
2268 1419
2584 790
2828 618
5164 261
809 1627
1105 351
2844 1522
2942 971
2969 971
4398 734
5032 1230
607 179
2951 423
3303 964
3617 441
5568 1353
1398 1719
2293 212
4029 884
4160 1649
5096 308
6123 895
1240 118
2694 74
3331 788
5202 48
5609 828
2680 1100
2713 636
3310 783
252 1393
313 1333
449 262
460 192
4506 1160
5241 1281
5763 1437
5978 1600
6229 1082
1402 1528
1752 1417
2467 52
4009 24
4973 182
5203 1627
71 1100
2219 790
2783 654
3337 246
3495 900
4149 1511
5787 1439
279 805
2331 733
5030 132
5845 206
597 258
1116 1076
1161 350
2251 759
3720 99
4749 1303
168 98
3899 214
5621 677
377 1337
492 780
1272 541
3135 285
4517 1478
4655 1428
5078 217
470 441
2590 48
3499 613
3625 463
3805 825
4936 132
213 1574
604 1559
682 1480
1106 1378
1593 7
2042 700
2525 1327
3347 50
4267 1704
4270 1058
4591 1706
5500 1719
308 1595
528 1114
2319 733
3385 196
3856 68
3993 1246
5838 1284
5873 588
82 40
2365 40
2482 783
2594 964
4408 217
5901 1017
1035 1213
1062 294
3031 891
5111 1338
6013 1711
290 125
408 1193
583 741
1017 228
1728 137
2409 910
2960 870
3055 731
3265 783
3407 766
4679 1376
6251 554
520 202
1119 240
2077 1327
2534 964
2999 423
3910 213
5216 1716
5677 1353
5976 828
567 1331
765 1268
1594 1592
1653 991
1753 1418
3677 1208
5172 528
5448 1168
6220 206
1027 240
3229 155
5196 1329
5775 137
1764 1418
2386 733
2538 687
2779 760
2874 1338
3530 162
5159 720
1264 1349
2041 42
2217 964
248 638
1805 1389
1855 589
2616 1664
2726 964
2901 1256
4351 826
5820 780
272 638
1036 1353
2417 790
2536 662
3534 910
3662 1397
3863 896
5660 743
401 1748
1528 1402
1750 6
3273 655
3923 1315
4560 1744
5292 296
144 88
286 1526
1371 262
3302 861
3676 421
3415 335
4269 1708
409 1353
437 240
1838 344
2869 635
3339 1327
4355 1128
5166 1707
84 299
3148 1174
3294 1375
3403 783
5314 296
1643 991
2284 1131
3353 1260
4117 832
2397 733
3047 1702
3278 1749
3346 742
3516 598
5628 1707
6231 1538
245 281
2859 1600
3517 866
4077 1246
5451 1529
6121 1681
10 166
256 155
402 139
404 937
545 1107
2644 964
2645 1100
3483 910
4164 1589
4747 1538
914 949
1152 336
3567 1288
477 1116
587 249
1634 1150
1692 281
1798 323
4307 778
4862 204
446 1162
650 227
1193 1538
1636 1138
2887 1074
117 1137
262 1293
1220 166
2483 783
3569 1550
3949 1130
4300 1714
5143 202
5244 104
6097 1349
6219 50
723 291
867 711
1356 541
2062 1450
2472 964
3354 970
3809 1360
6170 1122
266 247
1284 140
1796 1211
2338 1128
3404 783
3592 1648
3722 1378
4659 781
6150 9
27 1268
1675 1449
2402 70
2711 1727
2893 421
3271 153
3312 734
3376 734
3740 1108
4214 246
661 938
1054 1216
6182 964
610 1559
3085 728
3136 1194
3837 215
4873 253
1001 1384
4649 1623
5649 1362
72 392
724 1389
852 215
1187 1637
2636 52
2724 1505
4594 1667
5461 486
5462 876
5616 1058
2685 52
3946 885
4788 1332
5000 1637
5386 1253
5664 492
2988 968
3082 680
3943 639
4285 1482
591 878
956 346
1366 1621
1701 575
1857 1211
3944 1315
5392 281
5697 1408
6245 1112
44 904
374 33
410 1338
1550 342
1617 1333
2294 212
4007 24
4934 1366
5230 683
748 1574
889 1379
1277 838
1609 1467
1700 285
1729 1137
4755 286
4778 1597
4915 1114
5634 1267
1950 499
2582 1100
3573 174
3920 213
4789 541
5120 1678
576 1262
657 710
675 948
2815 1752
3065 1365
3621 1238
5155 261
303 1650
2511 910
871 1079
2939 1040
3157 728
3395 753
4295 127
5103 733
5385 193
5765 1443
411 146
837 3
872 1640
2466 52
678 1458
982 1671
1444 720
6098 840
167 1532
433 1094
667 1441
1627 306
2622 164
6011 1633
642 101
672 1334
1030 1705
1894 1419
2266 1418
2398 590
4236 1655
4515 1168
4557 622
258 340
1647 1578
3620 1518
3633 1668
317 1692
2203 245
2355 662
2812 821
3488 245
4501 1348
5666 1377
2222 22
3442 1270
1008 910
1767 1161
2970 534
3443 1511
3561 456
3657 933
3919 54
4244 734
5562 533
709 90
845 375
919 204
957 990
314 1279
1312 331
2298 965
2843 704
4977 347
5826 153
6067 1378
1296 172
3095 1707
3137 1210
3562 462
5042 1538
704 120
926 169
1746 1116
1749 575
4081 211
5211 1571
548 314
647 990
702 158
751 1668
1891 529
3885 549
5520 137
649 584
806 588
2676 165
2818 1723
3036 692
3237 836
3824 1532
4002 335
4519 786
6200 1583
544 1697
3094 486
4524 1541
60 1327
1070 1509
1788 1519
1935 409
2060 1688
2639 1327
3696 1082
3883 783
5966 1187
102 215
772 161
2044 740
2363 964
2585 10
2722 101
3132 836
4941 1284
5340 314
1392 335
1405 1333
3297 1375
4373 1113
4701 1116
6181 28
6216 808
396 1706
1665 1428
4317 1061
1019 107
1967 1327
2460 52
3643 1439
4217 1300
4386 1714
115 11
1005 1058
2218 1268
2356 1327
3934 1219
5626 1342
6171 1389
452 1014
1377 347
2459 1327
3435 1684
4219 1439
5668 0
6058 508
355 175
1304 164
1975 1542
2742 933
3511 910
5206 1206
5614 1369
385 1016
439 1560
2140 10
2754 22
2892 423
3479 1365
3945 885
3986 4
5916 1623
6192 1453
6252 1384
225 120
540 1689
2272 1335
5665 421
5883 640
1391 125
1890 1258
2931 1550
3272 314
3980 139
5054 132
5662 182
5785 1083
1250 373
2926 980
3139 295
5104 1729
5767 1227
94 18
1169 86
1748 1364
2990 678
4011 24
4176 1246
4279 1176
5141 1307
1623 485
1699 1039
4134 1126
4338 1633
4406 1334
5301 335
5865 239
1606 1578
2743 1083
3871 783
4233 7
188 1174
1095 240
1194 1225
3239 1286
3820 1549
5749 245
6075 558
186 1548
386 1413
708 1389
1113 304
2000 1327
2221 977
3510 728
3729 1443
4853 1214
5012 132
234 58
1201 115
1286 1590
2252 550
3220 24
3523 993
3935 213
2412 662
2777 570
3315 1105
3571 491
950 447
1511 294
2526 662
2528 1268
3277 7
3377 102
4964 360
6096 1116
798 911
843 1241
1370 819
879 1350
960 1428
2063 1417
2261 1523
2437 783
2673 1018
3968 645
4839 1021
625 1323
2029 1327
2328 1327
2618 704
3669 1081
3922 180
4095 211
5369 255
5944 255
1219 1394
1568 431
1711 474
2362 1050
3151 1174
1447 93
2164 790
2452 1323
2816 684
2840 688
3043 1483
3117 893
3131 1105
4392 1316
4903 290
416 144
3288 1135
3605 1580
4278 987
5286 49
6124 1667
150 93
1153 307
1182 98
1605 1470
3718 1542
4905 1600
5984 1591
1378 1364
1476 125
4100 363
5354 970
5427 1251
6054 1737
37 1100
2512 1131
3381 989
3599 1108
3652 659
3663 581
4179 1246
50 830
370 1100
1299 1163
3875 669
4308 351
106 89
175 1039
1703 474
3502 385
3909 85
5458 165
6139 20
1580 1263
1618 1177
2580 1323
2925 676
3168 1743
3630 1414
4251 360
5298 1586
5417 1678
307 154
865 1206
1122 283
1715 1299
3173 261
3482 753
3642 934
3668 766
3915 702
5941 1680
6004 1581
972 755
1164 1523
1372 237
2788 1380
3911 54
6080 1530
74 60
937 231
1551 1630
1772 589
1921 1258
5481 247
5605 1353
134 1086
1581 1321
3015 891
253 121
1096 435
1789 1417
2118 1160
2184 245
2567 1403
3007 941
3176 24
3891 1668
3972 52
5746 1339
4974 1384
5652 23
91 1086
335 1252
1858 499
3867 214
4108 1649
4304 1289
4978 1667
5536 239
157 1048
1243 171
1408 372
1553 1131
1933 1631
3634 243
4215 246
4306 1204
643 223
1276 318
3382 1749
3900 70
4847 126
5193 117
5326 1399
551 1671
1173 118
1348 1528
1951 1502
4303 1061
4570 374
6129 1671
787 1680
3924 1278
4897 1294
5335 1017
6071 366
471 1172
623 1078
3313 1693
2420 212
3279 320
3500 1734
4860 536
907 291
924 1681
2359 1100
3744 1452
5925 828
532 1683
1350 388
2185 1557
2278 910
4064 1057
5380 314
5400 1174
5619 1256
6167 954
232 701
1208 1671
1271 1018
1959 1139
2905 1665
3274 340
5496 1381
5795 1474
453 297
2411 30
2747 902
3054 847
5671 1183
184 340
1081 1705
2641 1100
3086 1375
3452 1365
3743 1075
4281 987
5589 760
294 1085
541 1538
676 770
3441 1260
3629 13
3866 1295
5076 1678
77 29
378 1645
595 584
1199 525
2414 1327
3695 616
3838 733
6258 1628
151 85
1432 7
2162 22
3383 261
3999 1155
4926 937
4991 132
4877 1168
4987 308
148 228
1114 373
1660 877
2510 910
6221 1052
1128 1331
2345 1014
2974 1376
3777 1222
4329 826
83 1379
794 910
3379 1160
3741 1493
3979 24
5414 1513
5435 410
346 1378
1529 1370
1657 321
1663 1131
2817 239
2871 1743
6082 1524
533 373
1465 346
3737 525
4346 1482
4654 1541
5009 1374
5719 1374
356 151
1570 1314
5642 1693
259 704
457 1275
639 375
2069 1419
2354 896
4616 152
4721 828
5676 1061
6012 99
125 212
162 215
1592 387
2946 1279
2976 1723
5189 1553
554 1376
1154 1349
3489 783
4212 1131
4229 76
6215 1513
233 140
788 151
1316 326
2693 215
2932 359
3624 275
4079 1601
5813 1103
327 167
894 1129
1118 1183
2903 492
3048 423
5809 1578
390 1448
1441 1711
1479 733
1613 1738
2638 24
3391 1365
5782 1601
132 392
2410 1327
5657 1381
1 1710
209 1234
1168 1295
1648 1138
2133 910
2904 1706
3590 172
4840 1298
829 362
1467 691
1620 1342
2723 964
2889 635
3531 1323
3596 1210
4886 1318
5477 416
5571 1026
20 39
519 1700
970 199
1031 351
1575 1402
2290 861
2569 570
5342 1604
5872 588
774 336
1867 1374
2285 1314
2620 635
3682 1543
3840 1539
4277 1265
4988 1448
6205 1137
1198 1351
1360 197
1686 557
4952 132
86 662
95 212
159 97
753 575
979 172
513 1608
1018 1613
1523 257
2675 467
3188 339
5456 1230
531 1642
1078 938
3524 1511
3656 742
59 42
565 1243
1614 518
2642 1507
3344 783
3387 193
4275 1036
4535 1117
5818 1353
26 29
635 1458
1969 1327
2948 900
3807 1424
4919 992
5647 39
5836 1715
152 55
236 203
1181 283
1442 365
1816 1080
2975 1677
5565 1488
5692 479
5758 1436
6078 1113
324 150
1616 1040
2451 1248
2744 770
6214 1112
67 53
138 691
301 1729
1892 1357
4265 1353
6035 1708
53 45
1063 1210
1694 1548
2279 1077
665 234
1226 1210
2092 52
4001 146
542 971
1799 187
3684 558
4498 224
4514 507
4569 1614
5410 314
5825 1334
5902 1488
561 154
606 447
971 250
2267 1419
3632 1662
3768 1571
5154 188
5653 1383
5685 1465
5994 1548
28 1305
1380 335
2161 17
2297 212
4203 1628
4907 132
5543 1381
5590 1559
297 144
2220 1050
2300 22
4394 870
4736 1636
73 30
508 1337
5810 1284
877 641
1443 148
1590 416
2148 853
3700 1565
5016 573
5687 325
40 30
648 250
1338 1562
1611 1198
2586 662
5100 1121
3544 1439
5073 1206
6194 145
689 835
1410 1728
1672 628
3691 449
4349 701
5360 1585
1315 7
1369 433
1403 397
1649 152
5563 240
5597 919
5977 367
284 211
524 158
671 1275
3956 335
4196 1429
5745 1082
136 88
277 1702
1144 365
1172 1296
1177 1389
1332 290
1349 366
3793 1348
3847 1005
149 92
1233 1557
2262 605
2741 784
3178 1744
4516 373
1211 1376
2947 1177
4296 123
4499 1606
4542 125
1503 1578
2016 1530
3232 1135
5249 1575
5523 1732
534 145
2499 1305
2508 1248
3645 518
5446 298
5508 1653
5962 1325
68 1309
130 702
1364 1336
21 48
182 93
1464 1711
1821 1155
1822 2
2850 707
2930 951
3422 753
5736 38
602 1549
766 1263
878 1217
912 368
2163 964
1045 1448
1630 1711
1893 1700
3589 1270
4165 1297
5388 255
1262 769
2156 5
2202 245
18 1575
873 1428
2154 52
3551 1482
5703 254
6259 227
2413 830
3701 1089
347 1267
2682 530
3936 403
1184 1176
3329 1113
3802 1508
934 1737
2112 1586
2280 1248
2352 1323
4576 239
4842 1588
562 1114
1189 1157
3869 1539
4323 1058
4876 1117
1288 1690
2282 1323
2464 40
2632 910
4678 279
5645 618
5774 1592
283 1685
5351 436
100 625
1363 250
1829 1419
2670 611
3475 179
4450 1394
2387 550
2846 1089
4147 1429
5832 261
255 352
440 187
1365 1393
1782 1419
2787 136
3635 1295
3784 1691
4221 1303
240 1634
694 1149
3609 1737
757 838
973 139
1601 1427
3189 1365
41 88
1098 1210
2013 1408
2343 1418
2848 856
4089 1184
64 1086
1331 269
1383 1672
1664 308
2027 910
3210 486
4287 938
940 1292
1404 375
2138 1327
2406 1323
3750 576
3881 733
4200 136
4246 1353
4401 1305
4646 379
141 215
288 1256
575 352
4948 839
6255 1655
129 63
2366 873
4138 809
4825 314
4103 1246
4331 211
5507 1374
636 818
1246 1391
1923 1474
2780 1742
4342 912
5986 1194
224 771
263 282
1603 466
1755 1165
2166 1123
5169 1219
365 179
1347 1539
1736 1498
3474 731
3507 893
4350 1482
5102 733
54 18
745 245
1388 1428
5426 1685
5472 971
5633 445
5708 1417
116 58
734 460
1225 155
1977 1408
3290 836
3433 820
4374 891
6110 1671
679 232
1804 1418
4333 839
5582 1488
504 643
876 125
1680 628
3116 1365
3439 1576
4387 1243
5744 1436
859 858
936 929
963 867
1097 1175
1401 204
2745 443
3298 861
3796 1301
4122 373
5006 1126
1567 466
1726 1107
3153 1113
5197 698
5399 1586
5882 1187
75 18
391 1754
1267 121
1688 479
4361 789
108 392
403 838
2469 29
4798 1749
5158 1691
5670 1184
6028 1093
1151 1510
1318 557
2683 52
2789 1222
3636 612
630 807
858 858
3626 1620
718 730
763 1402
943 1116
1167 1731
1269 1025
1806 755
2045 873
2684 1022
2793 48
4383 1321
4402 1634
5786 322
2205 24
3109 943
4348 694
4959 1668
609 250
633 146
805 1226
1321 1043
1927 922
3218 1229
3467 443
4197 250
4243 213
4368 471
4497 388
4632 993
4653 618
5151 152
204 1614
909 1389
6120 1586
590 1144
906 287
2030 1327
2821 1020
2842 105
3957 1706
4075 1634
5325 152
5603 840
688 1443
1303 1159
3112 708
5849 1331
187 443
2117 1631
3419 1210
3998 24
4756 828
4949 1667
12 1207
121 1268
488 148
615 1671
896 278
968 385
1463 173
2522 212
2909 1660
3450 1594
3758 50
4814 1224
6159 175
52 1668
443 245
834 1226
1163 396
1741 61
3062 880
3829 891
4010 1155
758 303
886 365
1091 1478
4604 1488
5191 846
5276 549
135 30
1322 1645
1513 617
2299 977
2943 1737
3149 880
3828 1298
4059 879
4869 663
5308 352
124 759
1083 202
1396 1554
2296 42
2458 52
2587 10
3068 486
3702 1620
4297 347
25 864
206 12
1990 1248
3110 680
5148 1327
5497 144
1088 398
1234 731
1340 121
2408 910
3865 915
4237 1159
5718 1204
6029 729
96 1715
600 1323
1579 1578
1908 1374
2949 1580
3735 1550
4073 809
30 16
462 1580
1794 238
2457 1323
3211 1382
4314 166
4627 143
5275 1243
415 1279
685 1470
991 145
1472 1352
2679 1323
3667 90
5346 239
536 142
771 1098
1236 343
1691 1340
3751 1571
4155 1595
5644 1589
98 11
1651 1244
1842 1224
3473 1600
1571 16
2505 933
2669 583
3627 1324
1419 262
4315 1706
4347 1482
4880 1116
6111 796
6263 147
123 30
1713 1737
1791 1430
4130 363
5182 1471
5516 1176
6149 955
128 771
1123 131
1785 1502
1835 1287
2128 1323
2997 1142
179 1364
710 250
1650 1684
1941 1195
1966 1131
3084 680
4507 1665
268 302
362 1382
1652 991
2033 52
2973 285
3997 1155
4619 373
1013 1116
1210 838
2631 910
3846 891
5474 1165
6160 1657
778 991
1549 1284
4128 1287
2010 1155
2342 1419
3808 275
4593 1042
5022 1581
6168 1374
1341 135
1354 1448
1781 1419
1924 187
2419 52
2517 21
3113 880
5476 95
5545 880
944 1189
2214 17
2283 910
3906 1233
6090 288
465 1702
1587 1100
2781 306
2886 938
4087 809
4286 1707
5408 1497
300 1318
1227 166
2001 10
2292 41
2349 1323
2514 1323
5776 1122
133 56
1124 347
2449 1323
4195 246
423 1235
962 310
1039 372
1497 672
1560 1053
2109 483
2137 1323
2189 203
2504 796
5823 1227
5926 1353
6056 1347
656 1563
844 1402
1025 1713
1093 1102
1251 314
2281 1327
4791 443
389 1577
684 547
964 484
1103 1722
1624 1331
3293 768
4848 669
5844 270
813 1552
1619 523
4142 1395
5601 1384
5695 1079
5734 1079
6173 1072
5 178
57 12
114 53
537 1373
614 11
1586 1747
1803 1509
2906 1143
3926 1174
33 904
47 42
1368 119
3501 443
4947 1306
929 365
1221 265
1952 1146
1979 1417
2015 1369
2687 52
5285 1710
1344 447
1559 229
1693 1428
4151 1511
5434 1364
5491 1352
1087 118
2353 1327
3093 1748
4371 789
4920 132
332 171
1009 154
1784 1530
2725 52
2958 845
4282 1708
6138 557
1684 121
1965 910
2006 1133
3654 339
608 533
626 296
986 365
1862 1417
3234 1365
3749 1256
34 29
180 86
1942 683
3566 1521
4484 1478
29 878
832 1178
1066 1754
1309 840
1481 1206
1763 1418
1883 1475
2076 1131
4600 1488
5350 1376
5612 239
5815 1237
1544 466
1563 530
1722 771
2264 1550
2993 558
3061 680
5822 254
330 272
1044 839
1407 1482
5467 1671
4 1394
553 250
721 255
1248 1343
1543 421
2668 605
2998 101
5611 1683
6122 711
1458 1241
1697 991
2081 1323
1584 1684
1765 1419
3083 1365
291 1729
750 766
1732 1690
1836 125
3564 1232
3610 1324
5329 64
412 336
592 610
1085 1331
2052 42
4213 157
4433 277
432 340
1285 140
1859 1221
2619 736
5596 471
6031 1493
839 1666
850 217
3185 1113
4496 1501
5440 1116
5946 1488
4761 659
6176 524
864 1641
1631 110
2099 10
780 261
2211 246
3842 262
5669 9
250 203
2501 986
3498 1605
4005 1155
4391 322
5886 1095
555 1174
1640 1146
5698 1678
2135 1131
2144 10
4112 382
5684 686
90 49
321 1225
681 1133
2360 757
3437 1740
5756 795
731 164
1373 1448
1573 1041
3763 618
3798 1571
4509 222
5646 1190
5848 1414
5964 1750
2165 212
3319 1295
3849 891
3929 1586
4340 1113
5526 443
5732 1535
1094 418
3363 1365
5696 1534
622 1256
888 283
1936 401
2050 42
2130 1327
3355 1327
4097 872
4231 821
4833 593
4945 1060
571 309
898 964
1963 568
2778 1300
3730 470
4194 1718
5347 1530
3 125
70 1309
997 584
1330 259
1994 1323
2091 10
2628 1323
3041 1153
3072 834
3520 106
5683 1398
56 1715
110 30
952 941
1055 780
2201 896
2416 1131
2819 1718
3528 443
5452 335
5658 1165
1170 1536
3967 229
5651 246
5707 1550
948 927
2119 1418
3384 1270
4141 1381
4367 1381
1047 1052
2405 1323
3446 1286
4425 1229
4802 1060
5345 1530
674 92
835 142
1849 1441
2418 25
2712 635
3699 145
4388 1305
6039 1332
790 365
2143 10
111 77
351 1008
2194 1369
2269 1336
2950 665
5550 1184
5875 1610
289 622
981 1323
3174 971
220 971
1040 354
5412 281
445 838
1662 1695
1992 1248
2139 5
3707 1444
3927 1205
3991 52
4851 141
5463 1231
5789 1110
6188 1303
698 51
1287 343
1981 1417
2721 1253
2981 1686
3386 193
3948 69
5726 1417
965 357
1771 698
2578 910
3130 486
4531 1591
5142 685
5457 1719
394 258
1092 307
2407 1323
2579 1323
3056 1228
3776 1397
5909 1642
219 801
247 168
686 1038
1006 1231
3771 891
4124 290
4492 233
5113 61
1595 1078
1954 305
2071 1492
3414 450
2286 42
3870 1273
4276 1678
5556 222
6226 284
2515 1248
2911 1577
3219 266
441 838
1274 388
1919 1425
2005 1122
2358 70
4399 1717
4809 1339
6084 1688
618 229
849 568
2215 1122
3843 1334
5445 1337
5871 346
588 1438
2002 10
3661 1346
3712 1415
4209 1182
4339 694
5540 1217
2927 820
3357 1046
3728 1452
668 893
966 1276
2564 90
328 151
1731 32
2158 10
3169 480
3224 259
4206 1472
4337 211
4435 1678
4628 622
1677 1469
3366 1388
3412 729
5213 991
6070 366
480 463
599 8
786 1415
1259 7
1678 991
2132 1248
3438 897
3539 863
3795 146
5058 1530
1879 1452
1943 1014
2055 10
4030 1660
4772 1749
5630 358
975 1215
1719 895
2924 1631
5842 1693
815 1399
874 1012
1382 492
1911 674
2520 1327
4741 1374
4843 1202
5490 1728
267 645
1886 198
2014 1431
4841 1352
4849 1117
5632 828
696 23
836 1575
1076 81
1353 780
1569 1131
3291 692
3533 893
3588 438
3775 938
3963 784
3996 1155
5198 1177
107 215
890 159
1280 1348
1537 281
2110 212
2627 1323
3170 802
3959 134
4397 320
4680 1030
5384 910
1516 259
1860 269
3238 692
5985 1393
42 1305
1721 544
1762 100
1847 420
2094 853
5722 1431
891 1644
1362 780
2146 861
3886 42
4047 872
4863 741
326 139
1335 261
1655 584
1730 1323
2289 873
3940 13
5236 163
5423 1325
3434 168
713 1089
1041 450
1150 349
3724 1418
4410 1634
5432 1559
5949 770
1067 1568
2097 5
3964 784
5278 547
5353 1530
5547 1443
1080 192
3769 618
4647 852
4810 1410
5538 1611
511 839
802 142
1612 1665
2037 853
3887 735
5529 1184
6262 1199
36 58
1807 1707
1866 1419
2348 1248
2351 1327
2851 1698
3040 1731
4178 107
5541 500
5727 1431
140 96
510 1711
669 1548
1263 1628
1903 1587
2026 1323
2121 1417
3767 1256
3995 1323
5777 1026
996 1221
1196 125
1333 1724
1406 1607
1413 447
2012 1079
5968 1141
974 1671
1704 684
3365 231
3814 1005
5212 1035
627 258
1705 1685
2056 10
2067 1417
2199 910
2633 30
2995 1209
4354 211
4458 221
744 1749
1379 1553
1646 6
2017 64
2275 1555
3686 865
3760 1443
1217 365
1754 1418
2861 1720
3247 861
1109 123
3067 293
1904 1155
1955 1408
2341 1418
3848 1195
4000 1155
5373 1408
81 41
484 1510
1734 544
1802 1419
2908 570
5188 1176
5869 1524
126 15
1300 975
1583 896
1960 1414
2274 1423
2415 1262
2463 17
5313 49
5332 1551
97 212
1399 398
1930 1419
3356 1587
4140 233
4753 325
1390 1107
1738 291
2845 1731
3431 230
5470 1154
66 760
1456 52
4377 663
43 665
4800 1469
5183 1314
5784 1165
2876 1701
3046 1579
4693 388
5238 1418
2521 1327
3970 1155
4014 85
4471 1703
4608 453
5853 1290
1038 1653
1596 48
1813 1416
1983 1374
2131 1327
2200 1323
3451 1221
770 247
881 340
2295 52
4086 1138
4888 1039
113 11
481 186
869 1230
1160 281
2129 1323
3410 964
4121 504
5295 1385
5911 898
6046 1288
1610 334
4541 1488
5533 393
1071 1535
2040 853
2206 42
3478 1221
4844 1216
814 1386
827 1523
1901 1381
3681 1343
3715 1443
4989 418
5438 1701
584 165
1075 397
1183 1745
1989 30
2051 42
2454 1323
6086 327
884 1105
1059 1378
1810 534
2509 1323
3817 891
3952 1248
5530 39
1343 33
1654 1749
1837 1540
1940 1351
3831 1195
4046 397
726 277
1176 1203
1215 1194
2210 11
4028 437
716 250
1016 19
1206 393
5222 836
5954 1343
2576 159
5075 941
5352 127
6207 235
784 210
984 1611
1566 1549
4294 1333
5812 1169
6008 1335
55 1218
920 1682
2059 853
4363 694
593 97
828 601
2079 212
3685 1397
3797 388
6247 1268
1696 991
2187 1419
3833 891
5322 729
5693 1485
5942 1477
514 1334
1257 471
3020 162
5761 1452
5796 643
990 1644
2513 590
3966 167
3989 1108
2120 1417
4561 1113
5033 1524
795 895
2047 42
2197 1318
4156 290
5859 593
5908 4
1395 365
1986 1475
2209 52
2216 483
4088 1585
4466 1710
5554 144
153 438
2895 660
624 992
1832 1530
1998 30
2155 10
2944 1346
3175 40
3411 5
3965 665
3971 1155
5029 1687
1381 1667
1552 896
3064 1365
4447 500
4836 535
4928 1530
329 722
4139 755
5599 1685
7 1628
967 198
1132 1532
2035 830
5053 1642
5965 1176
6164 1688
62 768
1046 422
1293 838
1709 1078
2667 218
4505 470
4975 1469
863 460
1245 136
1974 1456
821 1398
1685 148
1993 30
3350 1318
3388 1030
4254 1669
776 843
1628 643
1828 967
1997 30
3221 247
3405 77
5281 1061
1547 1262
1757 1079
1995 2
3815 364
913 337
2022 1131
5739 985
875 666
1314 418
3727 900
5093 265
5124 1178
5268 539
5850 1187
620 247
1708 920
1758 323
2465 10
3314 1306
5495 1565
244 1389
683 80
1574 1276
5147 217
1714 1451
2032 5
4540 1254
1761 1431
2630 1323
3070 336
5379 270
915 32
2989 762
3770 1691
4044 179
861 1744
1049 302
1931 1631
5713 488
5993 1426
1326 69
3276 21
4283 1303
5306 1381
925 6
1452 762
1844 858
2849 1580
3440 1121
1508 1495
1808 92
3042 726
4021 1563
5801 285
2058 10
2113 1400
2367 52
4819 1337
5827 183
6115 880
693 548
4845 1678
4933 717
6065 680
921 1647
976 1085
1451 373
1589 1256
2929 1580
5814 1615
1448 17
1775 1079
1902 1431
2339 569
2716 70
6177 544
260 1174
739 1380
1851 164
2141 42
2145 10
3177 1651
3752 861
4854 1168
1252 958
1635 1184
2150 873
3816 891
4592 379
5678 801
5864 1735
598 414
1964 544
3782 1523
4545 1165
4940 192
5742 766
6142 1085
785 893
902 279
935 316
2453 910
4353 49
1638 1695
1733 718
4056 1474
5331 1336
6063 1581
6212 1160
782 25
955 275
1510 1319
2147 853
2462 10
2577 910
2870 1083
5518 224
851 104
945 1604
2048 483
2875 120
4003 1224
4264 1587
4372 1439
4582 1525
4822 663
6042 1378
1202 192
2023 47
5641 1589
928 422
1621 819
1978 1080
2347 1327
3801 891
1355 1727
1766 1139
3044 255
4072 1474
4074 290
5737 991
5950 911
838 477
855 261
5754 1223
5852 286
5493 1729
823 595
905 1094
1385 1447
1679 991
3962 784
4327 1204
4636 680
5200 1060
5210 916
5320 576
717 596
2090 10
4500 222
1273 1612
1957 1336
2024 1327
2086 5
2448 1337
2571 352
2625 651
4071 1513
5433 719
634 1402
923 1384
1669 1124
1861 1079
1988 1323
2066 1079
4875 124
5250 246
5715 1071
6224 1690
1783 1607
1869 64
3937 790
5248 1369
616 222
1324 1284
1793 1478
1925 329
5214 165
1203 1191
2025 1327
2665 1300
4579 1470
5130 461
5389 1340
5667 499
2720 1243
3622 162
4365 1751
4826 322
5095 47
5488 1501
783 1711
1084 1331
1100 192
1639 1749
1673 162
1706 1284
1971 1327
2672 1745
4119 171
2190 1417
4958 308
5257 1671
32 657
2191 1602
3778 1145
983 423
1777 1417
1906 1417
4379 1261
1197 242
2456 910
3471 705
5237 1318
5613 1750
6022 884
574 1215
1102 1218
1645 1105
2450 896
2629 1323
5459 308
99 1315
1918 1339
3527 1260
3832 891
3925 98
3987 1323
4012 1155
4218 1159
4852 162
5114 1374
6102 302
1162 840
1792 1418
3664 698
3953 1587
1130 1113
1920 578
5492 1701
5927 850
1712 410
3508 910
4020 978
9 880
611 229
1282 891
3994 698
641 169
4232 1701
5223 139
35 29
1166 134
3001 1233
3240 1221
3783 891
5583 265
6092 976
8 1731
127 1242
527 1279
1420 339
2080 1323
2192 1419
4058 1202
4223 109
4724 938
6261 435
1500 941
1999 394
939 1485
1582 488
2038 10
2104 10
2212 1686
2364 10
2575 1323
4053 558
4529 1530
5368 1651
6 1228
112 611
3216 1323
3985 557
4076 1585
4111 1343
4390 168
4438 1030
1099 1555
1548 1402
2087 853
4525 134
380 270
1000 1191
1032 1353
3281 1180
3713 1238
3941 1323
3954 24
4341 1587
4773 221
1433 1379
1899 1530
2565 1563
5654 624
687 1592
1037 1143
1926 1476
2868 784
4037 1147
4953 1386
5277 1215
5293 260
6100 614
58 58
695 1689
2065 1155
3332 768
3380 21
3969 5
4137 1161
4239 780
5138 272
5699 1155
3526 437
4643 1386
5294 127
5391 1655
596 474
5689 221
5928 221
868 1535
1138 161
1466 43
1864 1431
3754 645
3928 1323
5152 1524
5199 221
5436 563
6230 498
265 1296
1607 1620
1873 547
1944 1475
4019 63
4230 1587
4537 222
5135 782
840 936
5044 563
1667 1323
1848 1224
2019 674
2064 1431
4204 1429
4728 1213
728 544
910 1033
1814 1407
2136 1314
2196 1131
3799 125
4503 461
5464 235
2152 10
5367 341
6206 136
2100 10
2715 33
2719 820
3494 910
5522 245
5537 1689
5688 1004
5887 1435
6146 1281
680 835
1780 1419
1800 1419
3689 1403
4900 152
5036 1196
5648 1541
79 1315
202 372
1258 946
2103 52
2149 10
4017 978
4424 1241
5729 1408
2142 10
2193 1419
5315 127
6156 471
6018 692
6162 341
854 443
1175 202
1946 547
3409 1327
5296 1217
5847 1361
143 438
278 1522
722 1289
4590 1163
5900 1557
2049 853
2053 853
2124 1408
3811 34
4069 381
5570 90
3268 411
4776 393
6038 113
3481 745
3725 1431
3766 1342
3960 957
5855 471
349 780
1232 1022
1818 1419
1876 678
1910 1475
3772 388
4625 1530
5235 1318
5324 1385
5912 1497
31 213
1815 1407
4101 447
4457 1169
4606 1634
5047 1436
5504 551
1418 1321
1554 360
2160 10
2340 205
3714 1443
3982 1325
1427 1684
1557 1003
4571 1076
6178 1323
1328 223
3983 1323
4451 373
4502 1438
4633 1713
5260 1693
5405 1084
442 896
1222 388
1976 990
13 93
178 1364
1875 1475
2102 10
3647 1626
3951 665
4921 698
4944 920
5297 258
5416 1586
1302 55
4412 1418
5604 711
799 1566
989 202
1011 350
2034 483
2105 873
325 367
764 259
1535 618
1811 1472
4013 10
4123 1381
119 773
605 1559
1307 791
2207 42
3779 1348
4040 558
5291 1054
6019 129
6104 1501
316 1731
350 557
518 1198
1826 1419
4585 1497
118 90
447 1710
820 258
908 447
1200 615
1720 285
3748 109
5318 661
5454 1378
5806 17
237 726
579 142
638 864
3988 1323
5330 1355
535 1282
969 488
1367 1708
1907 1369
1956 656
1980 1072
2346 547
4035 1746
5264 78
5602 284
5971 642
372 1057
700 226
1223 181
3454 1595
3711 697
4063 1534
4465 1238
5712 1678
885 1223
1244 1319
2007 1391
2088 853
2157 10
4486 1606
5289 1125
5341 637
5387 221
5856 1488
895 811
901 1165
3753 1625
4381 557
860 121
3904 760
4883 1026
585 324
1562 308
2108 853
5280 880
6114 1122
414 380
4006 1155
5429 1026
5579 1549
1003 652
1275 434
2350 1314
3680 1529
1600 438
1839 1475
1947 96
4801 30
4808 839
1970 1327
1991 47
2624 842
4060 435
4445 1010
4889 6
1188 1432
1239 1373
3269 219
3978 56
4792 1026
5131 139
5819 1090
1779 1419
4263 1182
6163 71
1424 221
1506 1446
2588 52
4821 1426
5074 10
652 1443
2028 1248
2096 10
4055 1368
800 558
1117 1736
1668 734
1825 1417
1996 1327
4062 256
4129 207
6003 753
880 146
1718 1323
4148 1511
4154 146
4954 165
5094 574
5221 1559
271 205
4025 1364
746 15
2004 729
3845 146
4208 1282
5723 1431
5788 557
5173 1368
5828 1506
1339 1317
3812 1336
4609 1426
1602 1734
1683 1216
3348 1575
3790 260
216 1287
1695 1323
1834 1155
3666 1322
4085 827
4573 222
5549 1678
3270 679
3764 109
5515 1749
887 456
2031 58
5418 698
1874 292
6140 1131
1107 1337
1195 1410
6147 1684
3611 1346
3947 812
3984 1323
4473 1026
4683 355
4824 1060
5803 110
5880 440
2098 40
2186 1419
5577 915
5709 1416
1060 177
2082 910
3283 1602
3961 1002
1007 524
1064 1706
2455 1323
1214 1561
3092 893
46 42
870 1444
892 1449
1281 1226
1865 1417
1898 1581
2461 10
3267 1624
3930 1281
4726 920
5952 255
383 1103
5527 966
6064 1246
1495 1355
1912 1475
3977 213
4016 1671
5055 970
1453 41
1541 823
1778 1335
2677 835
4403 1570
4481 1349
4943 1385
5045 221
5084 1754
5344 259
5274 52
6175 1341
1204 1143
1626 256
5037 1010
5511 1572
1358 1319
5898 1134
6130 1281
628 175
2107 41
3021 435
1845 1555
1895 1430
2057 10
6007 1018
6125 113
1319 1117
1831 2
3762 615
4453 217
4479 1688
4771 618
5370 164
830 334
1642 1086
1896 1419
5328 717
949 1326
4797 1678
6091 221
1224 1402
5824 1095
985 149
1090 1510
1437 780
1438 1301
3506 1595
3901 1320
4082 1211
5598 640
927 666
1961 547
2208 873
4554 317
5153 173
1297 285
4057 1509
6041 976
69 42
1416 1721
1615 478
2116 1418
4268 656
4635 81
4818 645
3781 1256
5038 1058
5567 308
6253 205
1540 1283
1953 329
706 155
5444 1498
5959 1610
6187 887
692 1140
1786 236
2003 41
2046 10
5377 177
5411 1701
6074 1155
612 1333
1311 388
2198 778
2626 1670
4464 208
4729 1463
5358 1616
5857 1451
1434 1006
1987 1323
5731 1194
3687 1116
4467 1493
6093 301
899 7
1216 785
1929 1431
4603 1678
4763 365
5127 1678
5889 1122
917 423
998 199
779 1719
1905 21
3505 1113
3747 819
6127 1297
463 787
4018 779
5303 1155
6051 1078
1812 1113
2084 1248
6049 1487
1470 969
1877 674
4110 269
4760 48
5406 1207
5581 1114
5643 913
1524 727
1539 30
198 1537
322 744
3931 1244
5636 1319
5951 1688
631 1583
4493 1238
6062 910
436 179
958 194
1112 130
2085 861
2125 1417
5487 2
714 1317
1880 547
4623 1386
4694 1410
392 359
841 663
4070 877
419 1242
792 1346
1913 1583
4568 1155
6243 1491
1149 1493
1260 1485
1352 222
466 166
1026 146
1482 570
3975 254
4202 148
5650 1595
5743 779
1512 998
5101 1196
5552 1587
5817 1615
5730 766
3780 109
4417 1165
5205 697
5808 887
767 599
2106 853
2122 1435
4764 1685
5272 887
5733 1535
407 1682
719 335
2036 1103
4512 1497
6117 1085
1455 253
2101 483
4577 1530
1238 1714
1671 993
2021 1323
4544 1010
5034 349
5122 976
1737 1322
4518 1346
4725 254
1853 1080
3765 1631
4884 1402
893 1033
1666 1382
5548 1222
5659 1184
1459 1706
1801 1431
848 72
1423 656
2260 475
5409 478
5528 998
5591 160
5710 696
662 1410
1527 1415
1534 795
5162 380
646 181
2095 530
5234 519
5371 1655
1429 245
4023 1268
4762 698
5469 1049
5721 1215
2127 1013
2159 853
3786 190
5204 1501
629 314
1125 1410
1507 659
2075 1475
3955 850
4436 1574
5259 1732
4036 1364
4823 663
1111 951
1915 674
4261 631
5300 465
6040 367
619 992
1079 819
1787 1408
2020 1176
2291 52
4662 1380
5056 1335
5929 1072
552 1157
2195 1452
4752 239
715 1203
847 1378
1180 1711
3565 1401
4423 1065
4432 1567
6103 991
485 30
1249 411
1846 1432
2039 10
5251 508
5932 341
1872 1431
3938 760
4045 558
803 111
3651 1335
4437 1155
6210 264
1387 1103
2054 10
3317 1117
3595 1372
3773 388
3990 5
5270 471
6265 579
522 414
645 878
1325 1292
4407 760
5181 640
2666 670
5702 1685
5725 1535
2912 1745
5299 912
5349 1515
5378 480
655 770
946 731
4727 1638
4775 27
1135 92
1308 422
3631 1106
4452 139
5288 642
5422 341
6165 685
1121 685
1532 148
1856 1587
1843 1442
2123 1417
2404 1528
3800 1508
5800 1325
343 51
1494 490
1521 610
1870 1388
1900 990
3794 1348
5738 1155
1823 203
4723 1022
603 250
690 1501
995 1615
1412 1400
1473 287
3732 255
4982 611
5862 508
4454 473
6198 259
6246 355
1588 921
1440 166
4418 471
4685 991
5724 1535
2678 680
5401 1493
5876 624
1072 220
1863 1431
2183 151
4487 1108
6152 308
491 1326
1229 1375
1909 1475
4553 539
5083 221
5262 1569
5711 1407
5854 1397
918 1175
5640 1065
5791 1215
1431 355
2674 691
6116 1335
1760 205
4419 1355
5615 1639
961 1000
3813 1585
1409 1133
1454 1427
1968 78
4431 2
5576 1103
1134 483
1817 92
2994 1707
644 151
5394 617
5778 1625
5816 384
1484 33
3214 1629
4289 129
4664 110
816 1740
826 1364
1914 547
2068 1431
4605 1570
5510 991
1218 980
1499 343
4961 1695
1192 367
1522 515
4439 544
5021 1165
5372 235
1774 1418
4400 1412
1885 678
4378 700
5691 250
5963 1325
2093 853
4043 900
4068 1564
1158 921
1265 1607
4096 1105
4187 935
4490 931
4774 1381
5566 1497
5700 741
5835 804
1558 979
2204 861
4393 41
4459 1447
5402 1026
5938 62
4083 1335
4785 22
5792 762
6089 1331
1051 726
1426 270
2794 1410
4477 1083
4856 360
5117 557
5914 670
6166 443
4924 1219
5830 147
1266 276
2089 853
4120 1451
1415 1440
1840 1585
754 473
992 1351
3532 496
3069 557
5489 1576
5521 398
5705 429
1082 1555
4602 1010
4642 489
5512 425
5557 332
1928 1431
4536 1026
4549 64
4909 1036
701 771
4420 935
4910 1392
1327 1599
1542 1280
4626 1319
637 546
5728 172
3138 1238
5060 1385
5112 93
1824 1079
3717 173
4550 239
729 199
1145 400
5092 290
5390 1490
1010 329
4630 1075
4885 272
999 1244
1533 1323
1633 1415
3480 658
4882 1498
1155 453
4415 30
846 991
883 0
1108 1415
4032 1262
5553 466
6006 49
617 602
3877 463
5680 744
654 216
1519 1601
3215 1323
3644 1736
4804 251
5720 1550
954 362
4224 396
3650 1411
4118 1725
6131 1567
3731 1348
5348 1187
1126 1682
1212 234
3266 1283
4564 853
4684 1108
4786 56
853 1242
5799 1678
1104 1615
1501 138
2151 861
2188 1435
45 657
857 1335
4288 332
904 525
4429 1497
4532 1732
6186 1259
1043 1593
4495 1397
4551 221
5003 1081
5031 1605
6158 120
1514 571
1525 1348
1916 547
280 1576
473 997
1053 1303
1488 455
4411 812
1294 1302
3716 109
4539 1546
1058 63
1174 1570
1461 291
1504 163
2182 193
5269 1462
5382 1196
5637 1589
5863 1095
5337 1678
691 1454
5201 563
5969 1385
4556 471
4927 1678
4968 1061
720 1332
822 508
4666 762
4908 1691
5271 288
808 22
1854 1688
1897 1417
5564 718
1850 1441
1887 193
1945 1455
1982 1374
2114 716
4993 1188
5623 1385
791 858
4024 1147
4681 1700
5837 151
1790 363
2070 1155
4389 629
1462 599
1487 1348
1871 1431
5755 1052
947 1509
4667 1340
2074 1371
4575 1098
5486 1165
5741 947
1505 597
4702 890
5936 1326
1502 1162
4446 1593
6099 1155
789 755
1430 385
1690 562
1827 1431
1717 1619
4995 1625
5319 32
1089 686
4896 1060
4939 340
5534 471
5790 1693
1074 1157
3212 618
3649 1397
3791 1664
4472 1606
5263 1308
4474 1652
4866 851
5374 1497
1342 220
4416 705
4548 272
3830 1298
4599 557
4099 363
5867 1658
5783 1160
5290 1231
4098 1368
5483 1673
1450 1506
1572 75
4817 1030
5167 1479
5339 1678
2073 369
4521 1530
5694 1386
1034 1052
5080 274
5594 254
1841 1377
4837 916
5878 1030
1460 917
5821 222
5906 1451
3134 1070
4586 1678
5065 680
5905 147
980 896
4838 1497
5057 1616
5484 1701
1725 515
6203 697
1435 80
1400 43
4638 1204
3665 1397
4552 1497
1069 357
2153 483
4166 399
4405 443
5014 973
1279 991
3045 450
5501 1741
320 1058
3436 773
4483 1026
5002 1461
5035 1679
5219 1587
833 1557
2891 855
4799 1469
3761 109
5025 1470
5220 929
5858 1328
1002 562
3746 819
5622 1662
4913 1125
4567 1155
1882 410
4041 1238
6154 696
659 137
930 831
1526 1593
3096 737
4441 1468
4793 490
1120 361
3745 141
4504 1222
1428 1628
1457 416
4687 1342
3349 1323
6196 581
5174 1324
862 1402
5970 335
2126 988
4937 54
6020 508
5160 483
6195 1325
4641 410
6174 581
781 584
1520 922
1819 1419
2011 581
3225 269
4584 508
5273 272
1073 575
5910 1385
1480 1228
4528 1188
4686 1678
4742 1706
4404 251
5751 272
4039 1565
4668 1238
736 1710
4661 1041
4754 388
1137 1368
1439 1400
4421 981
4588 234
4722 119
4612 275
747 1385
2072 1434
4914 991
5134 461
1492 41
2276 1475
4475 1195
5441 1710
6155 643
4469 1003
4034 1741
4052 1566
215 1113
1878 96
4038 1565
5506 11
4770 793
1486 597
3742 1328
4607 618
1475 1593
2018 2
5356 1347
5393 1039
4857 55
6238 278
4084 1515
4054 998
4587 511
5359 1328
5840 1689
1425 130
1485 1559
4583 1587
4757 1725
4923 788
3902 1625
6133 1204
831 1469
5572 1132
5896 51
4022 488
4645 90
6085 458
6184 25
4558 379
4691 645
4930 315
1209 1241
1291 1319
4629 1526
5584 471
1556 1501
4743 1112
4960 208
5343 793
6134 274
6237 205
4601 78
5176 341
5831 1462
5674 895
5947 221
4461 1696
773 1694
4690 786
1515 1599
4637 1343
4706 1340
1531 571
4526 1447
4566 1530
5631 1464
5885 601
1536 680
1538 745
4468 174
1068 542
4951 1497
5175 1095
1242 483
4669 640
5595 1625
5881 1334
1881 853
1261 338
1436 32
1884 1371
4984 1576
4508 1026
5578 511
1820 1530
5753 881
5841 147
1555 24
4522 1386
4705 1146
807 1403
5307 327
1493 1402
4640 181
5333 19
5338 431
1597 10
4489 1003
4644 1026
6061 1076
4527 1458
796 1246
5980 1559
4614 1175
4563 1096
725 943
1565 119
1917 1371
3827 1731
3905 867
5005 1732
5317 755
4530 1546
3759 1443
4051 23
3903 1316
4562 1472
4580 1004
4611 1131
653 592
735 896
486 435
4547 1093
5586 236
2977 1132
5107 1586
942 1449
1833 1155
2273 96
4462 722
4631 1497
4899 1087
4922 411
922 896
4033 66
5890 1391
4448 71
4565 319
4969 168
5514 246
5846 1132
5958 1155
4463 1437
5177 455
5357 698
4639 802
4581 579
5061 1426
4015 1746
4624 341
5137 259
5004 272
1389 1346
1446 185
4615 524
4803 251
1165 557
1939 547
4689 1555
5403 1369
4482 203
5690 293
5258 839
4460 853
670 685
4758 1581
4870 1061
3445 542
1086 504
4520 1678
5229 1606
4455 1593
2277 1611
3939 276
4430 745
1530 1042
4740 1683
5424 979
1237 1717
4476 1010
5625 208
4613 916
4901 1159
4994 762
4890 762
5192 54
589 679
4440 1191
5870 1485
4470 234
4990 1155
4658 1365
5136 43
5937 936
6169 62
4428 1530
6135 767
1756 489
1205 638
4426 301
4938 264
4970 557
1545 1568
1483 1569
4523 1264
4589 1259
2718 1426
5494 1169
4513 1342
3976 1722
4480 1678
4610 301
4663 322
4442 1402
5026 471
5679 991
4872 991
1632 149
5897 119
5752 274
5161 230
4765 1443
1317 284
1469 1159
1468 725
1478 345
4188 410
6183 1259
1498 141
4634 697
4688 270
5421 865
4444 1238
1509 1244
4578 402
4956 1213
5899 330
5334 1559
1346 1391
1561 205
4665 1131
4574 1052
5383 894
5028 475
4942 264
5046 195
4456 360
4427 1237
4867 264
5558 680
5701 511
5485 1266
5638 585
1518 428
5218 691
5453 1288
1449 863
1962 547
1421 6
1255 209
4543 151
