img08c1.jpg img10c2.jpg
5126 538
8369 975
4906 2041
6473 1730
5769 1033
7049 1318
8026 1834
6432 1730
4817 318
4843 657
2826 39
6376 1675
9252 2003
4815 318
5385 1755
9216 604
50 1741
9386 2056
7346 1645
7411 1308
5607 1033
5748 1033
6215 1603
342 1709
4680 405
4808 399
4834 657
4811 326
4800 399
6287 975
520 997
4805 657
4838 443
5492 462
8135 1228
8102 1328
5445 334
8134 1228
6476 578
335 1677
5283 316
4802 657
4929 1655
4839 318
8085 1795
4982 678
4829 318
5264 701
5495 1755
5262 701
5589 931
6786 1033
3182 1675
4826 326
8656 1603
4840 278
559 1271
4841 1827
7799 316
4980 678
7709 1834
5522 405
6727 2192
5424 245
4828 318
5169 389
5128 639
5299 724
5571 1755
4854 2041
7047 2004
8206 1855
9008 1603
5132 597
6434 991
8038 998
5123 639
5645 472
5307 881
6400 1159
9378 1061
4697 401
5251 398
4905 326
4368 281
6745 1315
8242 1855
503 1603
4857 2041
4514 402
5547 1755
4887 326
4126 1770
6195 975
8023 1667
3168 900
420 1603
7844 1614
528 997
8800 1603
2706 405
7410 1766
3176 155
4806 431
4813 657
4855 2041
5364 792
5463 245
310 1580
9468 2089
5641 2251
423 1603
5367 701
7473 1668
7974 1911
366 334
372 334
4976 877
767 2215
9235 1603
5275 699
8063 1006
6565 931
8239 1793
4750 1331
5019 541
5130 639
5246 346
6801 1570
4827 2041
4978 795
4801 431
4804 2041
5165 639
4816 431
5306 881
4719 1317
5380 555
5897 1198
5213 792
1709 887
5260 792
5210 792
363 1916
5361 398
6485 1027
6754 1655
4837 278
9040 2211
9435 1001
5379 931
8305 1029
288 2192
565 281
1206 1485
5387 197
5389 245
5693 1642
6522 1228
6947 1160
4694 1017
4961 399
1368 51
6542 811
7014 1731
5254 637
8039 1331
3087 67
681 2121
4748 2249
7885 1580
8324 604
4928 318
6435 975
5936 1342
8401 2223
8520 1671
5618 1017
7225 2217
401 997
5199 637
5172 597
5175 637
5314 406
5330 792
7798 2192
8390 1855
5662 861
6177 1274
5241 441
5384 1755
5497 501
5594 1061
5642 1217
9416 1611
2917 53
5655 2262
7260 1782
7939 1677
9327 1611
3143 70
5419 931
8022 1755
4679 245
7092 1574
5298 701
6249 975
9262 1735
7726 2192
8092 1722
3042 553
8021 1317
9009 1603
9030 334
167 316
564 1158
5258 792
761 1158
4833 1827
6486 578
521 334
6315 2192
4831 1827
8005 281
9082 1225
9272 1735
5177 637
5566 1707
6340 687
5570 1755
8077 1228
4446 405
5016 521
6498 934
7843 1634
8116 1926
4564 991
3847 1137
6459 1730
6289 1131
8530 2192
883 1603
7391 2123
378 1331
6477 578
8221 950
8716 2142
4873 391
5423 405
6897 2192
5386 714
5097 710
5202 792
7782 1569
419 1580
8389 1603
5348 461
5376 931
4888 1827
5193 639
5301 723
5217 792
5226 939
5268 792
4682 183
398 1603
4221 1170
5197 389
5377 566
5223 699
8496 939
9344 1603
4934 163
5025 712
5196 457
6097 1342
6397 1730
4618 403
5078 316
5375 555
5521 461
6500 2208
8818 1318
3315 2099
5176 637
6309 2099
6416 1028
8241 1321
5156 441
5797 1766
250 1008
4893 356
1193 1812
8037 309
2649 406
5291 389
6442 1531
8370 1198
2853 2135
4626 1169
2889 53
5311 2215
5373 555
6531 1137
6771 1157
9295 1029
7434 1198
8291 1916
8769 1632
4960 2044
4347 1137
8020 1913
5174 637
5325 388
5551 953
6270 1028
5170 418
8062 1028
8534 1603
4870 443
9434 2134
434 2070
4864 336
4874 1827
7873 2065
4768 201
396 1839
579 1354
2888 1041
4558 1350
5270 699
6203 1198
6209 1468
6350 1042
6359 1699
7491 2121
5510 334
8529 334
6541 944
2947 1834
4891 443
5417 1295
773 245
4771 2308
5544 881
6798 62
240 1321
8108 1069
6174 1306
7547 1574
9122 2292
9420 1668
346 1580
1245 2192
3125 1354
4317 1137
4346 1137
6427 1531
508 1383
4703 475
6378 509
9337 1160
5324 457
6503 1531
6814 1320
4434 239
4519 2249
507 1224
4492 232
402 1839
4457 239
4698 635
5116 419
5293 428
515 1057
5350 931
5711 1157
8060 404
8256 1721
6389 1198
8259 1321
9188 1677
1387 1646
9003 1225
5121 346
5619 1755
4487 351
5677 2268
6231 1342
486 1603
4865 356
5630 1029
4953 541
6304 881
7058 1710
7631 2217
4984 678
7697 1675
7851 997
8104 1338
5382 998
1647 1603
4948 780
5366 792
8765 1564
9467 2221
2879 52
4302 232
4868 443
5288 639
6456 845
7927 1306
9465 997
1048 1354
2996 1916
5313 626
6566 748
7524 2032
8277 975
4442 239
8565 1321
385 1306
538 1544
1060 1342
5073 419
5127 669
5772 657
6395 68
6864 787
7930 1549
397 1677
513 1916
4521 231
5022 539
5698 787
6146 1306
4859 278
5412 1707
5523 405
6360 526
534 1770
544 2214
4867 443
5420 245
3113 352
4599 1681
4871 443
5101 597
6308 2142
6320 1321
5253 597
8179 233
5345 566
5374 461
4503 300
6533 1137
7449 2063
4206 342
4863 356
4907 443
5204 637
6773 1827
501 1603
4501 1681
8188 2130
4090 2130
496 1603
3139 562
6130 1198
8109 950
4549 223
4861 443
4188 621
6409 471
7941 887
8338 2215
8791 1368
4448 231
5602 1295
6318 1738
9389 2094
484 316
4428 822
5044 541
5331 792
5518 1137
4186 342
4306 239
4387 116
5141 710
8984 1603
5499 635
8248 2123
500 1306
4685 262
4691 262
5543 1707
405 1603
5369 555
5426 447
6068 1366
4876 443
5220 939
6010 1198
3132 125
3848 1137
4371 1137
5233 539
5332 1707
6423 1490
7639 2065
4717 1681
5326 637
5768 1061
5941 1198
6115 1603
6802 787
4504 341
7766 2065
8828 1669
4594 806
5441 316
6924 1646
9288 2057
527 1603
4223 1170
4642 233
7665 1692
4531 366
5188 441
5357 398
6193 1557
7820 1574
989 1584
5122 669
5173 637
5624 2070
5782 2056
4436 341
7121 2251
8162 1171
8872 1034
4285 434
4435 1681
1730 900
4305 239
5215 792
5827 2049
8398 1604
8637 1168
4352 244
4592 1171
4604 402
5731 2004
5781 1821
6015 2250
8100 2004
8187 931
5410 1707
320 1675
489 997
4565 2249
5139 597
5494 462
5565 386
5588 1137
5700 2114
6471 1738
4523 931
7450 1033
8776 1756
4349 239
4447 198
66 1741
69 662
1497 1071
5459 998
5550 991
5962 856
3619 1782
4438 244
4510 239
4511 232
4620 191
4856 1827
4908 443
5267 939
5688 540
5813 787
3064 553
7290 2217
7633 1914
4512 1681
4866 558
5272 887
9354 1816
4452 262
4494 1169
5222 792
5404 346
5484 389
4318 198
4894 443
6408 1531
4316 1681
5290 457
5525 351
5752 1709
7315 787
8366 1603
6898 759
9450 1415
716 1590
4321 223
4432 435
4627 585
4720 991
4892 443
8940 1319
387 1834
417 1603
7682 147
4461 1137
4502 299
5012 780
9079 2111
4304 1681
5874 2122
6484 1171
8006 1834
440 316
516 2180
6540 1331
7390 1916
8361 900
8454 1274
4602 1338
4875 356
9260 147
3109 2293
4235 192
4337 239
4339 239
4749 1329
4950 795
5464 245
506 1603
517 997
6345 2192
7710 1485
8103 1338
9333 1645
4413 621
4465 341
4563 1350
5212 792
5498 501
6800 1315
8316 887
9459 2065
498 1708
5327 455
5648 1677
9092 2004
9181 1020
314 2169
4591 223
1304 1603
4353 239
4455 223
4543 1171
5449 457
6761 1856
7525 2121
9179 2001
9287 2102
413 1342
892 1812
4490 424
5071 747
315 997
5561 1102
6514 1855
6867 1308
7120 1157
7409 2134
182 648
3834 1137
4550 262
4862 443
5336 1284
5639 438
6452 1463
4553 1171
6303 1747
7316 1821
9182 2069
450 1068
4367 405
4623 232
5506 390
5695 1385
7259 1061
8249 2038
8471 1198
9231 2217
4160 2130
4507 262
4722 1339
5717 1610
6267 1198
7089 147
4342 223
5342 1730
5460 566
5580 1354
247 997
744 316
4164 1017
4965 814
5452 590
6450 2239
11 1338
4636 1317
4941 278
5408 398
6785 1157
4640 1338
4665 620
5198 1707
5622 2251
6362 1376
4308 239
5096 710
7871 1608
5413 701
4172 1170
4289 806
5644 103
5842 386
962 434
5715 147
7508 1157
7634 1574
7904 1796
9294 2056
542 1271
5099 710
5349 555
6399 1283
6480 1340
8203 2192
8511 1654
2655 1340
4466 328
4596 300
4724 1338
8133 1170
9173 2217
375 2155
5203 1707
6346 1834
668 1763
4165 1171
4417 1171
4445 322
365 1608
1764 1557
3870 1295
4196 1170
4437 239
7044 1366
7432 1766
2796 1068
4416 1170
4439 934
4609 1338
4727 378
6175 1198
102 1741
184 402
4301 1171
4348 262
5164 519
5422 931
5981 1342
7048 1043
224 1017
4635 621
5046 541
5937 1198
9454 2221
2857 2065
4560 2249
4869 356
5344 461
6322 1113
6338 759
6388 1306
483 1654
803 1198
1668 2217
2604 322
4586 1169
5961 887
6626 1198
4699 121
5303 939
7347 373
115 1328
1518 1024
5716 2251
6006 2065
6217 684
6349 1171
6719 1232
750 52
753 1580
4344 1137
4603 1350
5712 2262
518 316
4508 1137
5124 639
6552 593
8518 446
1519 2069
5399 1267
7489 2251
6288 1171
8485 1603
8905 1521
9395 1224
9466 1709
1270 1732
4431 262
4522 2249
5859 1198
7170 2133
4280 526
4634 1681
5094 372
5638 426
7050 564
7206 2128
9080 1385
4303 232
9157 61
4310 239
4499 239
5020 610
5249 398
6268 637
6415 263
6417 1839
554 1839
5110 1474
5462 998
5997 402
8497 835
4554 262
4909 356
5194 418
5783 2056
8708 2155
9443 2090
5347 555
3071 2168
4152 2130
5372 461
1058 1934
5568 1137
5606 2268
6813 65
4410 509
4628 1170
4629 1169
4746 1761
4747 1339
7689 1022
573 1603
4151 944
9390 2056
142 969
1321 2217
4556 1131
4970 629
5396 1304
8724 1708
141 1603
427 2123
4551 300
4718 341
5841 1342
7686 1796
8061 991
8824 1738
505 2192
4338 1137
5104 710
5266 792
5274 939
8790 2239
1527 1218
2970 1246
4307 239
4562 1386
4605 991
5273 939
7712 1710
7781 1916
844 2056
3327 2099
4179 552
4336 1137
263 997
4364 223
5790 1709
267 2217
3888 181
4460 1137
5013 741
5185 1342
5343 461
8317 1681
9087 1198
1812 815
1907 1771
2561 247
2688 1556
4150 1699
5189 390
5713 1932
5732 640
5787 2057
6562 1763
4600 542
4631 262
5136 710
5339 555
7090 1529
7668 1771
2839 316
4288 1169
5309 1839
9158 1603
9206 1521
537 334
4123 1197
5416 566
6479 1271
8467 1185
91 402
3044 343
4071 2130
4547 1171
4632 621
5942 615
572 737
715 50
4456 244
4728 620
5457 1911
6011 1694
7265 2093
7601 1574
7602 639
229 53
522 316
529 997
551 1034
1459 957
5714 1821
6369 1694
502 1074
4345 281
4328 239
5487 455
5822 633
6870 1766
4309 239
5629 1157
7803 1365
4183 1170
4323 244
4693 1339
5133 710
5295 637
7227 2262
8117 1658
8882 1160
8953 1366
259 997
4313 223
4524 1331
5052 617
6515 2208
7126 1748
7296 1368
9202 43
337 48
4585 1169
5068 441
5242 316
7711 1915
3181 1905
4295 192
4322 239
8446 1751
2132 786
6283 1770
7664 845
8008 1894
8738 1856
4686 1681
7490 2104
8128 476
8377 950
379 1044
1373 1557
4496 232
4509 245
5038 336
6038 1709
7261 162
9419 1236
474 665
1487 1812
2558 51
4426 1171
4951 795
6098 1342
4590 1171
4696 1338
6393 1198
9357 633
274 1603
371 197
1248 2004
4878 163
5114 442
7122 1782
7874 1022
416 1580
4852 2192
5960 1726
6247 1770
2699 2193
5072 541
5308 940
5573 824
6233 1198
6708 64
7084 1927
7764 2013
209 893
4068 811
4343 1137
4407 509
4716 1169
7363 1022
7474 1709
8428 2180
4593 1681
7209 1198
7626 1102
9167 1834
437 316
4633 262
5938 1709
6094 476
6285 2223
8086 1711
8638 2205
766 1738
2895 1265
4178 192
4180 192
4361 239
4534 777
5448 596
6039 1469
8468 316
4643 1350
5318 2246
6546 633
8510 474
462 2065
1220 2065
4541 1535
6056 1342
6521 2205
6872 1915
7362 2069
7412 2013
7516 2069
7743 1771
8668 1366
8766 1856
8928 1716
4193 203
4451 239
4464 341
4947 780
4959 1796
5658 2143
7577 95
9134 2065
546 1811
4168 192
4284 435
4330 223
5371 555
8601 1793
9006 103
4587 1169
4624 1171
5200 637
683 2217
2226 525
4185 585
4333 239
4498 1170
4561 2249
4630 585
7498 1342
843 1869
1035 2160
4296 806
5972 918
6513 1729
7018 1385
2980 88
5856 1580
6424 1432
9347 1415
4513 934
4566 379
5546 1137
9011 1705
2663 8
4637 1295
4702 474
5102 518
5620 1766
7392 951
8912 2107
824 1580
2643 32
4493 1170
5087 520
5491 1675
5994 1694
6386 1432
7446 1590
8163 1802
8376 2239
211 1170
4617 1170
7819 1091
9464 787
3568 1535
4601 233
4641 2249
4935 62
6251 1159
6659 1816
7494 2240
4159 526
4377 1170
6259 225
90 1603
202 2227
350 1044
4444 239
4962 356
5252 388
5300 1707
5599 1528
8884 1392
8921 1608
585 2303
4738 844
6604 2190
8160 1732
763 1603
3318 2123
4559 2249
6184 316
7499 1574
485 1654
2975 57
4332 276
5844 1469
5898 615
6472 934
74 265
344 670
3869 1137
4324 281
4484 509
4505 300
5737 407
7654 1626
487 479
567 998
979 426
4704 524
4860 443
7627 2112
8424 1342
2773 1001
6380 796
164 1170
429 95
4429 1171
5009 459
5018 795
5701 347
8297 1874
8770 1624
574 1654
1443 1342
2716 1580
4376 1170
6261 225
8189 2130
1510 1071
2978 2180
5425 825
5691 1821
6639 1342
8425 2217
9046 295
411 1603
2864 1604
4598 771
4707 2308
5118 419
6040 615
7870 1933
278 1654
568 1675
746 2204
817 1677
4515 1338
4721 1338
5454 455
6606 1027
7559 2071
191 1738
4137 1137
5471 278
7493 1062
9385 2033
5654 1157
7869 763
8320 1198
781 1328
1882 1584
4433 300
4595 223
5084 1119
1335 1916
235 762
3349 1385
4161 2130
6532 944
8480 1926
8712 95
9436 1615
2870 49
4687 1169
8669 2229
4990 877
4993 784
6321 1228
6982 1867
7046 2104
7464 65
8737 1365
9174 2180
9470 2065
4489 1170
4497 1169
4938 988
6433 2205
241 969
1398 1614
4557 1339
5519 1911
5963 1803
7295 1275
7606 2193
7650 52
777 476
3047 1603
4175 192
4222 1170
4772 378
7545 2143
7805 2069
4688 322
5786 2121
5967 960
8375 43
1742 1677
3917 1017
4430 262
4454 239
4684 424
5092 1451
5409 485
6523 1198
7749 1224
2581 1706
4277 2130
4453 239
5310 917
7127 521
7858 1564
7988 1218
298 1856
6868 859
8079 1331
253 2204
1513 1041
2625 2302
3077 1682
4234 585
4298 585
4331 1137
5405 388
6431 1342
9290 1603
4365 239
5567 566
5990 1816
8354 1198
8822 801
8895 2107
9155 2034
345 997
2160 1485
4201 1170
4283 192
8891 1392
511 1654
3358 1956
5493 566
6835 2121
156 1603
2822 316
3197 1544
3857 1295
4312 300
4621 342
6815 1451
8181 233
9233 2018
2832 2090
3714 74
4506 542
4607 1350
4936 1000
5530 1028
5552 809
809 1770
3034 172
5088 520
6839 1594
7099 49
9421 1604
1020 1722
4700 2291
5187 316
5999 1761
7017 1713
7492 1991
8257 2220
2792 2003
3875 1137
4207 192
5225 792
5563 1580
126 241
4411 1171
4971 678
5527 501
9457 1275
525 1218
974 1340
4141 1131
4638 1386
6024 476
7998 1820
299 334
395 1819
454 1654
2995 1916
5028 834
5956 1604
6324 225
6625 43
7229 1500
7357 1281
8580 1342
8823 845
1450 1676
2859 43
4229 192
4414 1170
5533 635
5770 1610
6981 1632
7207 143
9166 2065
5402 57
5705 1521
261 1677
4488 435
7472 2058
7821 840
8829 1392
9412 604
2770 431
4351 223
4656 620
4695 991
5322 388
8296 1106
3033 581
4230 511
4232 772
4424 1171
5370 462
5446 346
5825 1770
6030 2309
6143 316
327 2135
469 2180
1113 366
1421 1156
4212 585
5595 214
6274 2142
284 1572
6753 2287
8809 2239
289 316
530 2217
4292 552
4639 2154
5513 455
5647 1242
214 633
245 1192
340 1521
1030 1557
2825 2158
4579 509
4606 1386
5027 531
5465 1699
5762 1485
968 2254
3876 1137
4419 435
5269 792
5440 628
5581 1863
6375 801
7909 1763
571 1791
4281 1169
5292 518
5656 604
5754 1342
262 1770
393 1916
2783 2292
5086 505
5432 278
7957 1796
237 1530
4622 1169
5069 629
5150 1156
5893 1342
7994 1590
662 1354
4293 247
7578 2143
260 155
4794 524
5992 57
6008 1770
8161 2215
9081 1320
1588 1912
4681 1526
6241 225
7125 1867
9195 1603
9217 1603
717 1751
5517 956
7123 2121
431 1713
4357 1131
5010 356
5368 835
8690 742
343 1044
1275 1556
2188 1340
2623 438
4425 1171
4616 192
4943 1827
5509 1006
5730 1226
9426 1603
348 1580
473 1109
1079 48
4274 2130
4375 1170
5958 1709
6296 148
8815 1603
4242 1834
4421 192
4917 214
4942 1827
5163 505
5305 908
6057 1694
6070 615
6100 615
7291 2178
7345 2039
7463 1735
286 1741
1483 1022
2811 78
3114 562
4233 192
6131 615
154 218
4300 1171
5739 225
7438 1881
8186 1137
9002 1926
2048 1595
2985 1738
3497 137
4441 1681
5149 419
5995 1137
6589 165
7556 2010
127 228
721 1770
4930 443
5969 1820
6948 1564
8290 1781
8835 1659
4154 2130
5115 520
6358 526
6377 2220
6637 2268
370 594
3796 1137
6900 1045
7045 787
7082 2178
174 1375
460 544
787 1699
4589 192
5112 1141
5954 1603
6489 1905
524 1034
566 2155
780 1345
2990 1556
4170 1170
5952 1737
8419 1521
3148 241
3792 1137
6687 1856
7708 2169
7905 1603
8886 1654
9154 1994
471 1863
1430 2065
4753 620
5337 908
8853 2107
1197 477
4190 585
4374 1170
4690 1159
4945 1694
5219 792
5548 667
5689 1264
6077 1709
6488 1905
8888 1671
168 824
1722 1654
1752 1321
5358 388
5532 634
6009 845
6438 74
6493 1197
8845 1295
255 1282
4967 609
5146 519
5439 1675
103 1878
436 1203
1755 1739
4287 585
4449 555
4919 1492
5066 458
5436 1304
5915 1544
6797 2009
7433 1914
218 1761
4314 239
5024 2069
5676 2303
7201 1590
8641 199
351 1342
1530 1035
5276 419
8212 363
285 1306
476 1383
1786 531
4291 406
4764 570
4940 260
5535 103
5609 171
5812 532
6316 50
1791 1886
3098 2107
3167 2160
3835 1137
4076 2130
4163 1321
4171 203
4359 239
5074 617
8472 1881
9300 68
367 1964
1544 1569
3046 2292
4350 239
5279 531
6176 1469
6295 225
6499 2223
7765 1710
4954 2099
5971 2132
8400 2093
8681 1131
1423 2166
3841 1137
3845 1137
3849 1457
5117 1820
6638 2123
858 2245
1523 2093
2407 1023
3495 1803
4373 203
4552 300
5724 1174
6113 316
7292 2251
7359 2057
7679 962
4372 1170
4420 435
5095 710
5257 589
5699 1160
6646 1001
6729 1315
8352 2208
9342 1109
219 1603
244 1008
1663 1197
3916 931
4485 509
4546 281
4763 1834
5617 998
7406 2022
2935 1590
6341 1102
6398 1271
1382 900
3864 1509
4320 1681
4335 239
4443 1681
4998 1046
8517 1071
9243 1654
1573 2160
2187 676
2776 316
2913 2155
5807 1820
7687 1198
8798 346
44 1801
684 316
3183 81
5755 1991
412 85
444 1603
2849 1603
4112 2130
4167 192
4583 192
4608 1386
4625 1169
6419 815
6832 987
9316 1722
5286 420
5391 1460
5766 1603
9320 633
384 851
404 1306
2550 777
4495 585
4952 795
7360 1160
7922 2204
8602 1218
230 53
540 2155
1136 1071
4231 446
4362 239
5166 418
8091 2143
8368 1604
9403 1611
312 1584
1678 1071
4995 39
6263 1539
7760 1603
8814 1595
8950 51
9356 331
2113 1090
4526 991
5162 1451
6129 1781
7509 1033
8558 2140
65 1741
2580 394
3111 352
5743 1709
8204 1614
341 1770
5340 940
5604 788
6683 1504
6700 1916
7081 1770
7908 2069
8616 1218
34 1447
81 679
837 51
1977 1213
4282 1699
4527 1350
7133 1710
7959 81
8860 1789
188 2129
4169 1170
4325 239
4370 1681
5195 901
5401 179
5418 566
19 2113
89 1741
1163 1557
2728 2268
2856 1259
4144 777
4383 1535
5488 455
5612 1224
6721 2046
9121 366
451 2113
1033 1224
1552 2071
2802 1940
4174 192
4986 505
5259 606
5341 461
5597 1173
5968 103
7262 1593
8078 1028
8276 2212
9165 1160
210 1137
842 1500
933 596
4104 2130
4241 975
4569 1855
4597 341
5586 940
9191 2000
782 934
1194 1584
1455 1631
1868 1282
4584 1170
4914 65
5227 792
6286 1839
2878 48
2938 2193
3914 1137
4517 300
5720 20
6262 1926
7431 1080
422 1342
1428 1756
3736 1137
4427 197
4692 341
7987 2239
9401 1714
252 1580
3124 1748
4354 1131
4520 1350
4673 274
4932 795
4994 964
5157 505
5338 908
7513 1610
7655 861
364 1905
2903 1796
4236 192
4463 239
4518 402
5248 590
7816 1610
8019 2009
8263 2038
9034 846
1214 2177
5134 372
8388 1811
1371 77
3744 1137
4949 370
4955 62
5148 419
5479 711
5559 1874
5596 1677
80 969
155 218
207 403
386 1737
1290 1156
4327 1137
5271 792
5692 1766
7548 2004
8302 2114
198 735
1242 1911
4619 1170
5238 173
5601 956
6067 1342
6187 1933
7016 1486
7561 431
7738 1895
9015 1916
361 1855
432 1865
4080 2130
4182 342
4393 1137
4723 233
5053 608
5168 628
6182 468
8993 2193
1246 383
3732 1137
5843 1392
6036 1933
6564 1821
6582 1603
8293 1926
8971 1779
556 818
5467 1027
5974 1260
6250 1671
6752 75
7961 633
104 1834
729 1224
2887 47
5201 699
5991 1160
7344 2123
8357 951
9362 2030
509 1691
4380 342
4467 1521
4555 1681
5476 1267
6310 505
9223 2237
552 1034
4751 1338
6319 1131
7589 1306
7776 1631
8528 1709
9284 2049
243 1580
1180 2221
1434 1569
3837 2215
4257 1137
4752 321
4784 392
4836 1793
5631 1603
6124 316
6865 1385
316 1611
453 1930
5085 494
5111 1177
6073 2273
6326 318
6330 1102
9232 2229
600 2192
2094 1137
2804 1521
3880 1137
4189 1171
4276 2130
5650 207
6069 531
9381 1881
3235 1972
4192 1170
4491 1170
7584 1114
225 931
904 2254
5191 419
6524 1834
6919 2190
160 460
332 1926
383 934
1500 2160
3035 268
4213 192
5015 1129
5697 2044
6551 1913
8498 1888
5029 874
5051 711
5504 786
5817 1751
7632 1043
7906 2160
95 1791
279 1476
856 1342
1116 1796
1328 1726
3022 1912
4065 509
4181 342
4390 1610
4920 1603
5945 591
7866 1796
9311 1580
443 426
745 346
1164 265
3691 183
4044 1510
4540 1170
4671 2301
5100 372
5131 418
5155 1683
5985 301
8358 1544
256 147
2912 2193
4173 621
4581 509
8583 1556
227 2093
468 1521
510 997
810 1044
3831 1137
5659 1871
5984 342
7341 1726
7515 732
911 224
1388 1034
4366 322
4803 1539
5490 835
24 1431
112 792
1010 1366
1909 87
4973 370
5005 874
5431 800
7663 1604
7706 1907
415 1169
1965 1709
4155 2130
5056 1485
6348 1131
6979 1716
7786 2229
7857 1342
7978 398
9286 1093
1522 1926
2683 209
4341 281
4670 2308
6305 1137
456 1383
1853 2149
2565 811
52 893
424 787
560 1839
2542 791
4415 342
5050 2014
5444 2180
6414 1121
6469 1788
7168 773
35 255
1394 967
1465 1156
3076 2143
3117 1869
4382 585
4386 1143
5346 931
7397 1091
9100 1654
9186 450
9377 2217
677 1869
691 1912
731 1708
1283 1603
2318 316
4066 1699
4267 1699
4334 281
7462 1124
145 601
4270 2130
4358 1137
4418 585
5528 501
5582 147
9449 1280
1349 524
2418 1751
2803 1145
2818 2071
5456 940
5569 723
5939 1771
5998 2250
8931 1714
9384 1709
2914 1120
4299 1170
4462 1137
5158 1820
5592 2301
7512 2129
18 1791
138 881
425 1603
6402 1126
7169 1932
9138 1453
914 786
2761 487
4058 1699
4269 509
4683 944
8081 934
8750 1770
475 1556
642 1704
3727 2137
4379 342
4545 1169
8954 2155
1189 1557
3745 1137
5621 1766
5914 1803
8195 1547
232 2262
3250 1866
4979 60
5749 1575
5930 1803
7536 174
8340 209
9049 1722
204 1068
601 1603
973 823
1377 426
4120 509
4987 521
5107 375
5167 519
5584 1911
6382 1440
7172 419
8105 1028
8130 1816
1649 1786
4047 1137
4933 741
5512 485
5560 1536
5745 207
6983 1222
6988 316
8552 179
8759 2190
9147 968
1056 1856
1620 1591
2960 313
4542 192
5690 551
6075 1603
6955 1529
7488 787
8644 1881
9064 1756
479 1962
532 1716
697 266
4329 239
4783 619
4992 539
6429 49
7590 732
8042 540
8961 1011
3756 1137
4074 2130
4913 64
5540 944
7475 1785
9428 2062
129 402
173 1556
586 1304
1613 95
2671 1485
4166 1340
5633 145
6772 2134
6943 2262
7088 55
8043 77
9026 1879
67 1171
570 2192
576 1338
589 2221
732 1774
1176 1546
4228 192
4475 2249
5245 1631
7575 1342
7831 1895
96 2247
136 276
463 1071
1832 2158
3173 622
5321 531
5888 1656
6173 1789
6444 1271
8065 768
8892 2241
2843 346
3741 1137
4079 509
4903 324
5285 420
6347 1674
8337 962
394 1737
1089 1608
1346 786
1824 1771
2006 95
4197 1170
4356 239
5119 520
5625 448
6016 1260
6506 1271
281 639
318 1610
1621 1022
2736 316
5244 505
9301 1834
62 679
3846 1137
4156 1699
4582 192
5623 2152
6298 505
9339 2133
303 1044
1634 633
4363 276
4877 1712
5304 908
5953 1170
6343 1793
7317 2058
8703 742
9044 426
322 2221
6405 1716
7343 43
8456 2314
9266 465
5443 6
5486 368
5684 313
336 1071
391 1521
937 277
2225 201
3928 1158
4202 192
5949 1803
6635 838
9098 451
2637 1681
5508 52
6041 1515
7818 366
9404 633
679 1677
2052 1103
4258 1137
3277 1973
4210 1170
4568 1834
6510 1706
8553 2295
490 1590
932 333
3832 1137
4294 1699
4326 239
4969 609
7139 1679
7688 861
8551 2250
109 1286
1632 1731
3915 825
5057 711
8861 1197
157 1654
866 1714
2874 1373
5320 1926
5950 1775
6747 1594
6831 1430
4224 192
4369 328
5026 877
5578 1160
5590 501
5707 437
5903 194
7588 1770
8466 1120
9178 865
206 2249
2031 1544
3488 701
5113 1557
5143 590
8694 2220
9133 1603
110 636
353 1358
587 173
2636 1131
6185 1109
6361 1525
512 2293
1683 49
1906 1614
2664 239
2969 2122
4176 192
5319 2246
124 1509
948 87
2815 2127
4067 900
5083 1683
5753 531
6949 1536
45 894
321 1756
675 1084
1385 2231
1878 1415
3015 438
3803 1137
4459 223
4525 233
4649 401
5186 541
5895 2207
6167 1569
6172 2193
7619 431
8159 420
8205 934
236 1017
248 1305
786 1791
4138 1137
4199 585
7027 1707
7087 1124
8854 2093
338 1392
1438 346
1967 1475
3697 2134
4290 203
4610 2301
5381 402
6042 1626
6044 447
8725 1197
9228 603
51 2204
1044 1781
2927 975
2928 1035
2952 1811
3485 1603
4081 1376
4219 192
4964 2052
4977 610
5485 368
7266 1392
15 309
120 203
639 977
1485 1783
6252 1110
6804 1633
6902 1604
8566 1376
8671 1218
8927 474
4360 341
8693 633
8979 1756
1022 2227
1224 1304
2751 1091
4286 1169
4997 2292
5634 1079
477 1811
865 234
1013 1734
1546 334
2738 1061
3009 1401
4082 2130
5583 835
6502 1747
6863 1315
467 1451
1188 165
1790 1868
2050 316
3058 1385
4136 1137
5669 1834
5671 881
8258 477
9276 633
39 1448
166 1723
2998 270
4315 239
4398 777
5541 1784
7544 1654
8482 474
8885 1034
307 1536
347 645
1469 334
1582 1109
1841 1886
2926 1603
4915 208
5635 183
6025 2250
4666 338
6370 2182
8131 2229
8304 786
8843 255
99 1525
558 1747
561 1603
909 976
929 1674
3023 1481
4001 1509
4401 1017
5049 711
5798 633
6760 1100
7448 316
2740 178
3548 386
4882 543
6017 561
8767 1982
1303 1668
4075 192
4881 1512
6728 1504
8367 147
8825 375
3530 37
3882 98
4218 192
5333 427
5946 842
1008 1071
4005 881
4184 192
4211 192
4588 552
4931 1694
6271 2018
1038 624
1184 1080
4153 1376
6458 991
8925 2009
185 361
497 1714
3010 1042
3746 1137
6509 1737
7171 2143
233 2124
1276 246
1606 1732
4083 1535
4500 281
5545 555
5553 298
5591 2308
435 1460
954 1614
1656 1763
3874 1137
3905 1137
5477 1580
5815 1932
6490 1834
6491 447
8255 1615
8706 2223
794 2190
2780 2099
3107 352
4158 1321
5000 1850
5261 606
5383 1137
6103 1831
8318 1847
620 600
1595 1584
4203 1170
4297 1170
4898 1124
5539 1102
6003 1228
6741 1603
311 1756
4177 192
4972 741
5054 795
5360 596
5392 419
6232 1557
7615 819
1600 841
1851 587
4127 1826
4227 435
4810 1558
4886 641
5062 1907
5160 520
6464 2214
6784 1856
7026 563
8417 2239
153 1509
165 1287
268 1798
796 49
846 1521
1452 1783
3364 1972
4032 1474
4157 1028
4198 203
4205 203
5171 590
8222 2221
1313 2166
1516 1803
2074 2215
2797 2012
4340 322
6334 1071
7297 643
9244 1739
465 2155
1399 1034
2627 1331
4162 192
5147 793
8447 761
9222 52
143 1006
270 1071
549 1770
2024 1218
2827 936
5388 777
7790 1710
7890 786
9142 1603
1012 399
5363 589
5709 635
7356 62
1071 1469
1840 347
5277 1649
5718 2293
5894 1385
7485 588
2622 43
2742 315
3186 45
4412 1170
4657 2308
7093 147
7226 841
7618 1500
9018 19
61 191
369 2205
2991 1721
3740 1137
4689 301
4786 733
5872 1385
5932 1737
8325 1521
8550 1834
179 1309
205 505
1358 997
1593 1633
2235 1910
2417 1557
2899 1071
3036 268
4101 2130
4788 1812
6830 51
8107 1058
8714 2220
9417 1197
1256 1654
1587 2217
4548 542
4996 2268
8238 2193
1261 1022
1700 1780
3990 1509
4091 2130
5632 1794
5649 448
5665 459
5873 2180
6014 1765
8747 2126
1889 523
2058 1118
3572 52
4845 1197
5579 2247
5708 770
57 1792
349 1085
374 1737
414 1580
1360 1069
3020 87
3707 1039
4215 192
4225 192
4737 821
5788 520
6099 346
7228 604
7774 1584
8568 563
593 2246
994 1816
1658 1716
2591 1044
2662 1776
3078 172
5365 589
5626 861
6048 1277
7415 1926
8834 431
1670 1306
2718 734
5687 130
5723 1139
6466 201
8140 962
8949 1079
20 1671
878 251
1202 1304
1288 1304
2963 1745
3755 1137
4799 553
4819 139
6230 2215
6258 1130
6455 1821
8383 774
180 1447
221 878
1514 1070
1934 353
2845 1291
3332 2013
4278 1699
5397 581
8066 1911
8639 359
60 525
493 1783
908 1615
1689 1282
1925 1611
4652 620
4705 1315
6474 1432
7926 763
4422 1170
4482 509
4645 2312
5192 519
5507 1771
5858 1469
7013 1023
8225 1903
1638 43
4754 339
6998 2036
9065 2229
2089 1319
3609 2285
3873 1137
4220 1170
4259 777
4655 2304
4731 551
5722 498
6446 520
7891 1914
874 2245
1870 1608
4381 435
5287 596
7086 1821
2876 1649
2898 1197
3144 1580
4217 1170
4378 342
5466 1331
5685 861
7208 334
8787 1629
8813 1021
8880 1366
9016 2229
75 1738
137 1149
373 1339
1540 1319
2538 1580
6385 2107
6709 1354
1679 1556
3030 2127
3236 33
3797 1137
3836 1137
4423 1170
6061 2310
6820 67
7212 1156
7471 2268
9332 1116
1431 851
1733 1071
4842 1558
4896 1558
5043 780
8600 2186
1676 1610
3839 1131
4872 1915
4944 2052
4963 2052
845 1198
1462 1173
1943 162
2624 1811
2679 585
2997 1738
3001 1071
3747 894
4200 192
5474 740
5899 531
6208 1022
7867 2221
82 1228
449 2113
661 1493
2060 1608
3262 135
3840 1131
4226 192
7531 1593
9029 48
133 1801
258 1564
283 445
590 183
7694 2062
9017 932
472 2013
881 37
1662 1796
2017 346
9207 1654
77 1810
466 87
651 183
1262 438
4895 1558
5075 1599
5179 878
6323 2099
6701 1315
6920 2039
8327 1523
54 662
357 303
1192 1615
1299 2158
1322 2065
4121 676
4187 192
4481 191
5014 616
5555 701
5780 1145
9212 2147
53 806
333 2018
646 1061
655 1097
1718 1500
5744 365
6354 1198
6367 1440
7083 1050
8240 969
8910 1193
399 1547
2011 633
2207 342
4195 203
4516 1386
6280 587
6457 1229
7178 1126
266 1719
4355 300
4745 1732
5800 1945
6921 2070
7140 1756
8049 668
308 1273
981 1795
1258 1515
1583 1485
1845 2104
1904 2204
5080 1694
5451 485
5912 1803
7616 1590
8229 183
584 194
3484 628
7051 1385
7420 1224
7613 1342
8185 2093
9444 318
4389 1198
4404 509
5503 1911
6021 1469
6501 2186
7211 1748
9051 800
334 1671
446 2069
464 1850
3128 125
4046 1137
4094 2130
5378 723
6421 2254
7065 1731
8127 1286
548 2154
1401 1584
2717 474
5125 590
5657 2077
5667 1526
5679 1782
5973 1137
9346 997
975 361
1319 420
1734 1557
2185 1259
2757 2056
4128 1632
4650 378
5048 386
9451 1556
1065 2231
1325 1575
4714 475
5281 173
5922 591
7958 1070
9273 1570
135 922
862 1626
1051 1137
1852 687
3348 2268
6026 447
6443 1881
9056 2049
478 2299
841 1831
1574 1537
1948 1485
2667 1402
4084 2130
4937 1308
5355 1384
6260 2099
7530 117
7832 49
705 1000
4408 509
5469 1421
9392 1830
4812 897
5278 521
5414 414
5789 610
5951 1803
6002 1761
6116 2186
6985 821
7617 2210
8705 206
9431 1654
1177 2063
2095 555
2999 156
4208 192
4668 320
5640 468
7791 1156
8581 413
265 1789
550 1173
1174 2004
1535 2171
1655 2217
1751 1384
3161 648
4957 2006
6071 1528
6738 1661
7546 1548
8433 1521
9239 2113
9445 1751
220 2063
877 993
1087 641
2882 2065
5076 6
6062 2312
6307 2142
9145 2229
329 701
956 1454
1418 1586
2907 1405
3612 183
4273 2130
5021 60
5987 1022
6013 968
9132 1709
9331 1459
208 1727
309 1273
1429 1604
1916 1835
2151 1376
5030 1609
5294 388
6403 1694
6660 1315
8621 775
853 1062
2118 2121
2801 288
4725 2303
6240 1130
8900 1521
9192 1994
9213 1794
41 1741
151 656
1988 1071
4191 1170
4209 192
5747 482
882 1912
943 2180
2111 737
2762 97
3904 2137
5964 918
6731 1856
98 1745
147 1309
1332 1011
1376 2169
4214 192
4885 816
4988 539
5282 763
5328 492
5820 2033
6264 505
7204 1574
8764 2003
9060 482
723 1677
5637 426
8739 1415
9031 2070
324 2093
439 2039
1548 1709
5017 1153
5496 810
6497 1781
8453 334
358 316
1954 1763
4114 2130
6869 1269
8463 346
9203 2006
251 1682
499 1590
581 1824
708 1681
2131 1077
3373 1651
4544 192
4611 2193
5605 977
8995 1964
68 1667
2784 218
4785 1712
4974 616
9144 2217
38 1817
169 329
1779 1933
3385 339
4056 1017
4064 1017
4194 342
4820 74
4985 629
5103 793
5207 589
5232 1793
5475 2228
5538 1771
6462 1432
280 388
447 1811
1706 1383
3089 1671
3357 1976
3735 1137
3951 627
5390 1915
6012 1765
7203 444
9408 1712
3623 1957
3779 1137
3926 931
5996 1170
7833 2065
8469 2314
8917 1869
9055 1603
306 874
539 2184
1023 2018
1152 309
3931 777
4134 1741
4394 1137
5289 590
6337 146
8353 940
9067 188
16 52
1072 51
3095 1204
5719 1320
5927 591
6045 2314
6364 146
8567 1474
9409 1722
670 127
1475 1526
1607 2169
4779 2296
5058 326
5247 418
6344 696
6511 1218
7470 1385
7571 851
9071 1576
107 1361
139 601
2781 302
4204 192
4966 780
5230 686
724 2091
2044 2074
6108 1831
6224 1445
360 1868
1159 2111
1785 1820
2710 528
2984 1745
3415 2019
5159 1043
6028 1260
6605 2229
459 1759
839 873
1221 2065
2692 1296
5576 610
6194 2136
0 1818
657 805
2063 1851
3352 167
4674 633
4904 426
5482 334
5784 2143
5816 2143
6060 2261
1110 765
1768 841
3278 1975
5263 606
6901 2099
9329 1125
249 1538
1719 1646
2276 1119
2966 2161
4757 2280
5216 589
5556 1198
5757 1944
6147 686
6212 2093
2894 1503
2986 229
3317 331
4536 2130
5356 1871
7478 1372
8980 1160
812 1766
4458 244
5663 1139
5957 763
6862 2061
6 920
31 1792
863 1159
978 2215
1158 155
2280 1384
3198 1603
3737 1681
4311 239
5055 889
6074 1449
6799 316
8929 858
1160 1781
6275 1756
8336 1926
8713 1071
49 1818
481 1403
711 1656
2075 819
2632 1556
3218 1821
4057 2130
5611 193
5616 413
6102 1281
7231 1812
8054 1072
8735 1891
56 824
290 1823
1533 1692
2908 1133
3842 1137
4139 309
4899 116
5334 2208
5335 723
6093 1741
9152 554
886 1781
2488 1198
3021 70
7124 1308
7358 941
8674 344
938 2039
1047 1526
3011 2132
3549 890
4086 1535
4975 2159
5031 1603
5407 596
5907 1200
6282 38
6426 1198
7676 949
8137 2099
8749 1633
392 1547
1488 2070
2721 20
2965 270
3692 1869
5840 1365
5929 591
6238 1395
78 824
171 656
257 482
765 1781
1461 1615
1822 1833
3380 934
3808 347
4040 1137
4450 1042
5608 1465
5979 2221
9187 2190
293 1222
1269 426
3491 2215
3795 1137
4248 2137
4897 1558
4999 751
5435 1741
9171 990
9282 2229
2427 1815
4237 2130
8402 2220
25 1717
87 1509
111 217
833 113
5041 541
5359 774
5884 194
6055 1224
6401 193
8084 1071
8399 2229
944 2184
1249 2065
1534 1021
2579 777
2612 444
4835 2294
6475 1342
9109 1926
1064 2190
1976 1192
3032 932
3805 1137
4133 1741
5082 1701
5255 606
7091 2143
7134 2217
8227 1818
73 1855
1333 1812
2633 201
3140 554
3244 1958
5221 606
5814 1937
5909 591
6168 1160
6789 189
7785 1781
8315 57
9234 138
42 1717
870 1202
2392 1198
2682 600
3330 1977
5702 1808
5940 1432
8009 1756
9363 953
4644 379
6730 2035
6942 1731
8907 1444
9045 1225
9425 51
1953 45
2729 1735
3091 131
5042 849
63 1674
331 1876
622 2096
965 1320
3219 2123
6239 1395
9469 2092
1215 819
2646 156
4319 484
4946 2080
6266 632
859 1907
2795 2268
3067 329
3126 667
3206 1651
4567 1116
4939 85
5681 545
6117 1658
6186 1711
9164 865
1029 1076
1874 1768
2221 1522
2865 2053
3268 1972
3923 1228
4576 509
7452 1429
8778 1709
8830 42
128 838
301 606
3514 285
4216 192
7342 70
7480 1035
29 1286
410 749
1170 569
2509 531
3359 1958
8178 1800
8503 1171
8959 520
455 2155
635 1482
5190 1820
5628 1843
5668 1035
6204 2062
6445 638
9025 1502
254 437
352 1547
1457 1744
3806 2193
4440 424
4615 628
4916 2004
100 742
536 1747
2847 1615
5063 259
5406 418
6379 1160
6536 231
8427 2011
9033 1722
377 1339
631 2265
706 1916
1212 1080
1295 426
3068 316
3635 1957
4254 1137
4880 156
4912 849
5931 414
6007 1609
7256 2190
754 633
1567 1614
1900 1163
2223 1719
2270 982
2511 1535
3496 1160
6437 1142
7519 774
7693 1125
7894 1526
629 2299
1703 1834
3370 1958
3660 1863
3833 2161
4095 1535
4142 1457
5920 1275
6931 963
7015 1735
7202 2231
7301 1537
5224 589
5478 1512
1741 1172
3093 131
5067 442
7073 1995
23 1741
197 1302
1173 758
1341 93
1753 1675
3865 627
4767 1008
8617 1804
8789 1304
955 1709
1234 819
1235 38
1397 1756
1482 1900
5751 2155
7413 1275
7772 1604
8582 1387
9083 194
9293 2134
742 2256
1926 1044
2746 2102
3284 1781
3767 1137
4260 1131
4983 520
5135 901
5181 391
5323 596
6058 442
6508 2208
388 1794
2638 2253
2838 1291
5777 2099
5982 2069
6228 1130
6234 1751
6244 1197
6658 1781
7064 1213
9177 535
9180 2097
3730 1681
5394 1451
5572 854
5664 207
5862 94
6903 2036
8612 637
897 44
1179 361
1808 2169
2038 413
3270 135
5729 1020
7191 1068
70 1817
3362 1975
3689 2161
3758 1457
5047 610
428 1782
482 1962
634 468
953 1912
4063 811
4132 1741
8531 2241
3116 1185
4924 2145
5045 629
5228 24
5256 792
5564 1028
5653 2239
6922 1811
7614 1342
2172 2286
2670 482
3838 676
5129 758
5239 2242
5913 1775
9277 2155
4395 1457
8295 1804
8596 179
9258 114
977 2018
5779 1273
6047 1799
6925 1156
7787 1116
8502 2272
8654 1646
71 1447
4053 931
4701 476
4825 1776
5694 1498
8365 616
820 1198
902 1365
921 1495
1490 87
2745 2267
4140 1131
4807 1558
5447 388
5725 137
6072 496
6165 1537
8076 2105
2715 1710
5520 1072
6381 437
7630 1316
8348 1440
92 1989
1990 1058
3844 1137
5796 533
6311 1556
9455 1244
59 2168
119 969
442 2013
898 234
2854 755
2867 1556
3103 111
3766 1137
5008 870
6607 2212
7436 85
8283 1071
9077 2212
3105 352
3163 1983
3715 1459
5006 114
6328 1558
7335 1815
8139 1912
83 1170
170 2212
1155 1876
1451 1382
3239 1417
3757 1295
3952 627
4730 337
4918 1157
5585 1072
7177 1304
7180 1557
7264 57
158 320
3783 1137
4402 265
6166 845
6201 1395
7600 2190
8382 1197
9196 1071
406 683
4115 1168
4261 2249
6748 1365
7860 1850
8168 1318
8306 2013
8455 608
1350 2159
1420 993
2595 1353
2750 315
3110 2227
3934 1509
5536 1593
5756 1117
5799 1931
5804 2000
6336 505
6441 1702
7322 1781
8080 944
8913 2241
1233 2004
1478 1675
2277 1034
2564 654
2674 1146
3165 1869
3734 1137
5866 194
6410 438
6866 1139
8420 1521
8549 1692
97 1738
264 997
712 2046
930 188
1326 1634
3141 133
3531 1527
3770 1137
3988 2249
4034 932
6834 1821
5098 901
6118 103
6492 2208
7299 729
7529 2038
9340 2059
667 643
1109 266
3060 426
3086 255
5265 1608
5312 940
6223 1022
6366 1415
6588 172
8132 1653
1899 1713
2897 1405
3175 1949
3628 1957
4037 1741
6418 1160
6592 2212
362 551
775 341
1400 51
2458 1926
3912 1137
6677 1197
7414 652
305 1745
380 2295
4580 2130
5500 1021
5864 194
6436 1529
6516 1982
9305 1877
1297 1671
1826 1869
2090 50
3907 1137
5362 439
5593 52
6256 1395
8180 1706
8275 693
203 851
1252 670
2171 1912
5672 1526
5703 2094
6211 2193
6517 638
924 1156
9326 1717
1241 1526
2257 1893
3540 1083
6783 1476
8198 65
8294 103
14 1800
615 1128
3039 172
4782 1715
5682 1610
6243 587
9036 114
9309 1926
201 982
1498 43
2765 1812
3094 664
4147 777
5835 1304
5896 1304
9270 2099
226 792
1166 1384
1183 48
1406 993
3127 391
3386 88
3927 462
4039 1741
6136 2015
6969 1533
7763 1914
8281 2061
196 1320
368 1183
3375 1812
4773 2301
5470 1741
5902 1412
6090 2273
6519 1185
457 2229
1135 1556
1493 1779
1749 1288
2210 1756
2541 628
2731 214
3807 2155
4400 2249
5774 199
6027 1765
8183 203
8859 270
64 611
123 1309
1129 1611
1481 1143
1576 1654
2200 722
4539 509
4911 703
5011 1694
5524 1330
8851 2036
788 15
1196 1386
3772 1137
5993 845
6312 2009
6425 610
6655 589
6704 2279
8416 1731
9176 766
1001 71
2741 481
3298 1611
5610 796
5919 1366
6291 1856
7855 1177
7928 936
8158 670
9153 1966
297 2236
2676 2274
2774 487
4024 627
9397 438
461 1603
1225 724
2989 370
4844 1558
5918 286
7729 1926
7822 2013
699 95
1456 38
2764 481
2841 2142
2883 615
3351 1068
3872 881
4103 2130
5138 901
7307 157
7725 1273
605 1547
1026 1779
1222 1770
4925 1102
5065 1440
5643 2042
5838 52
580 1474
1562 1926
3336 1956
5214 589
5948 591
6284 1076
46 1170
3337 1972
4149 2253
4406 2256
4968 228
7230 1751
880 385
1198 1342
5140 590
5773 302
9032 932
9172 2103
867 1735
1239 87
3329 1958
3983 1509
4093 1535
4249 1741
4268 2130
4396 777
4926 1385
6089 651
6391 732
8329 116
8407 363
9131 2026
13 1791
433 1916
2112 702
4025 1274
7324 1090
8392 616
8686 1369
212 981
242 829
426 383
1831 2217
3214 2072
3354 1972
4646 2303
5706 774
6051 1076
6422 346
7319 56
8445 2161
488 1082
637 1457
686 1039
2759 1703
3289 2091
5458 723
6537 1340
7920 1798
1536 1590
2093 1126
3027 2069
3061 229
3742 1137
4770 280
4821 2289
7661 496
8326 1580
8457 2291
8870 524
9105 2178
868 1949
925 942
2576 49
4733 1574
4822 2056
5905 591
6299 1756
6481 183
8519 1252
8952 2009
72 1800
578 6
939 1791
1042 56
1599 346
1879 147
2570 1474
4578 1027
5093 731
5587 956
7802 987
8615 1469
9313 956
519 1077
1467 45
1935 1022
2346 2149
2654 1496
2763 1826
3136 1579
7557 2242
319 1714
985 2064
2788 332
3220 2089
3910 1510
4070 2130
4078 1738
7205 1914
7859 2013
9355 1365
452 2262
852 1482
1413 1306
1771 1604
2119 1682
3810 2011
5296 606
6843 1011
6911 1936
934 1156
2578 1855
3565 426
4890 1539
4927 569
5064 1694
6586 1741
7946 1116
8746 1383
9251 2229
276 635
3765 1137
6059 2313
8941 665
8946 1155
9130 499
748 614
1427 119
1727 2180
3590 1866
5329 589
5666 540
5678 1451
6770 1685
7455 1747
9215 882
1095 1886
1282 680
3024 2017
3160 100
6054 2212
6236 1022
3816 2285
4791 594
5209 589
5531 954
7369 62
8218 216
8303 1401
84 1745
672 1821
1801 1716
2080 628
2691 26
3151 1580
4122 811
4271 509
5297 439
6561 2229
8012 1022
8082 775
8254 2190
8816 1400
9268 1366
9418 705
9446 1190
1145 2155
1157 2207
1646 668
1885 2146
3222 1972
5039 1694
6787 2059
7996 880
9090 137
381 2239
891 123
2559 944
3108 1969
3387 1948
3581 131
4130 932
4766 182
5142 372
7507 2094
8027 1712
9267 1365
758 950
2211 1031
2660 54
3442 2019
3911 1137
5302 699
5315 2127
5415 2212
5871 1023
3196 1157
3316 392
3631 1957
3793 1137
4774 126
5771 398
6210 1395
7695 541
8632 537
901 2192
1997 736
2650 4
2747 1302
2772 796
3070 1385
3166 1521
3725 2132
3784 1137
4077 777
5921 2199
6792 49
7313 464
9283 1126
9440 1604
223 224
1054 1091
1131 886
1178 665
1515 1655
2705 17
2777 1763
3866 627
4403 509
4409 509
5205 628
5516 951
6504 174
9052 2018
9091 1926
146 1448
418 2111
438 137
816 1469
876 101
4735 505
4981 608
6207 1057
7377 1414
1301 1109
1630 1812
1701 1116
3899 1137
4651 193
4715 438
6461 563
6478 1881
6642 1660
7395 1833
2030 85
2594 1855
3356 1960
28 1817
825 1834
1055 2067
1078 1851
1503 525
2213 742
2722 241
4106 907
8571 1526
9366 1137
108 2212
1356 2071
3908 1137
5734 524
8736 2003
8938 1432
9069 2073
148 2212
1019 1711
1975 1354
2279 1760
3376 1421
5211 589
5427 932
6029 2314
6390 1851
6549 1580
6755 2114
8096 305
200 1344
470 1834
5243 505
6440 1342
6707 1684
1365 1207
3887 181
4041 1510
4397 1017
5453 590
6775 1693
8122 1667
118 283
1264 2096
2685 41
4253 2137
4480 1017
5983 1578
6229 1768
7995 2088
659 1351
1379 724
2441 1816
4989 629
5965 771
6127 87
6134 2017
8110 1191
8458 1801
9448 1365
645 1833
1631 1590
2239 1855
3122 60
4033 123
4073 1535
5040 2080
5250 901
6384 430
873 19
1094 159
1143 344
1521 1011
1745 63
2415 1905
2735 97
3929 627
4010 2249
5090 1268
5686 1070
213 1716
869 2188
1133 2160
3013 223
3607 2285
3678 37
5144 2069
5526 433
8643 277
193 1801
1896 1020
2068 2096
2656 437
3858 969
4991 629
6160 1886
6935 1611
7447 880
330 1072
653 2303
1564 774
2220 482
3879 1137
5206 589
5403 519
7304 1044
8709 57
9013 1218
445 1155
1191 185
3786 1137
3900 1496
4061 1667
5091 625
5480 1137
6941 1676
8628 907
9382 2073
55 1525
1999 1091
2252 1792
2877 316
3723 1967
4262 380
4279 1017
5794 1527
6714 1516
7788 2093
8976 1832
1254 52
1619 1756
1796 743
1983 2169
5059 1066
5603 193
6278 1522
7728 932
9156 2125
1021 1249
1057 1306
3310 1957
3611 1603
3712 205
3862 777
5537 1427
5763 316
6999 1217
7748 2015
8059 1401
8847 670
93 2212
828 1521
1491 2295
1617 1926
1890 1838
2117 2142
2800 114
2950 2202
3052 1796
3819 2285
3828 2273
3946 777
5542 492
5876 1240
702 160
720 37
1230 184
2325 1799
2863 1008
3134 363
3481 841
4036 1741
4648 788
5438 1496
5514 492
8381 2181
58 1351
900 1420
4535 509
4769 401
6297 1539
6836 1932
1568 1751
1846 78
1986 773
3700 1983
3830 1831
5736 1735
7993 1670
1765 990
2051 1260
5846 1983
7817 89
1134 1544
1407 2107
3382 1388
3610 1705
4574 1340
7934 1584
325 944
1211 868
1227 1022
2686 41
2833 1291
5615 587
6858 2262
7638 836
79 1761
887 1126
1666 2093
3142 2247
3341 1970
4756 343
5081 1694
5696 864
7108 650
7159 1602
8779 2059
292 1603
1964 1077
5231 420
5710 547
6591 201
7451 1476
7992 564
8088 1106
8774 1815
9047 1225
821 2093
3258 1583
3754 2137
5450 388
6363 1915
6732 1365
6899 1676
7404 2251
9405 306
9407 2229
190 240
1266 324
2360 1461
2971 1544
4661 474
5353 1436
6189 1043
6986 355
7981 1777
8532 347
9193 863
9411 1365
1571 381
1684 2065
2672 1714
2812 1649
2814 2036
3240 2121
4135 1137
6654 241
8962 1569
163 866
757 1613
776 1089
2022 1682
2206 1692
3639 1970
4669 274
5137 519
8723 1781
8958 628
161 433
582 742
648 571
2983 895
3172 125
3608 1333
3877 1137
4468 1035
4778 2301
6092 2273
6448 1260
6538 622
7353 1989
113 1817
114 1791
159 515
1226 851
1601 2013
1665 1864
2165 934
2981 1258
4069 1228
4528 1654
4538 509
5023 1153
6525 1755
7741 1320
8609 2295
8731 2102
9456 2089
175 1731
545 165
1581 1451
1972 2206
2635 1137
5810 1835
5826 1198
7057 1102
7293 1596
8948 588
894 195
1237 1708
3323 1974
3897 2161
4889 1119
5652 2249
7028 992
8670 1684
9364 384
759 1839
915 54
1336 201
3063 1794
3158 95
4660 734
6571 1718
6736 1340
8797 1819
9143 603
949 1113
2153 1722
5554 222
6109 1831
8837 1522
458 1774
2821 2036
8894 2212
8963 2161
8974 546
359 930
722 2158
3871 1137
4483 509
5924 1222
6043 1706
6512 1855
7612 1614
9317 1659
354 1660
1565 1125
3152 1732
3342 1970
7506 1382
8695 4
9335 1209
122 1525
2831 803
2920 1186
2987 42
3299 153
6112 1584
6257 1130
6272 1395
6353 795
7542 2221
8414 1054
192 224
194 1801
698 1756
1210 70
1314 1603
1608 992
1839 217
1974 668
3868 1137
4250 1457
5035 268
5683 1119
8516 1523
772 347
2915 1683
3627 1947
3823 1459
3843 1137
4031 1722
7629 670
8292 864
32 917
654 2247
2126 524
3215 1290
4107 2130
4399 1509
6214 886
8339 956
9183 1964
304 211
972 1768
3092 487
3809 1454
3895 1722
5352 306
7810 1714
7945 1772
9074 1066
2145 47
2416 43
2568 489
2701 371
3326 135
3913 1137
5661 448
5868 780
6091 2273
9005 2186
805 784
969 1985
4143 1137
7558 1708
8075 2055
1383 1881
2563 192
2589 960
4119 192
5765 2112
6317 470
7330 860
7834 1184
619 2256
2224 1155
2976 774
3776 1137
5887 2146
8273 1160
823 2262
899 787
1298 1998
1508 1599
1804 472
2053 1185
3664 1764
3945 1509
8707 1025
403 944
603 1768
1123 49
1489 678
1767 1259
2076 667
2727 1766
3138 1538
4148 263
6374 1556
8881 1071
277 2260
1869 441
1971 1786
2730 2094
5845 686
8509 1128
8564 845
30 1818
1354 1940
2130 1691
2317 564
2524 1102
2786 1866
3200 1886
3232 2176
3856 1137
3950 825
5910 1572
5980 147
6352 1673
9042 1190
295 786
339 603
408 692
625 251
1390 911
2139 1705
2489 81
2749 1126
3324 1958
3413 2251
3501 911
4006 777
8481 2256
8491 1351
8836 423
8978 170
409 147
1132 1756
1819 1114
2307 944
2442 43
2967 1980
3434 1527
3470 2019
3630 1960
3906 1137
3919 98
4038 1741
4054 701
6107 1831
8025 2241
9250 1838
1141 462
1473 2161
1995 414
2122 949
3243 1977
6084 131
6148 2249
9230 1989
735 1481
966 1385
1366 1412
2562 2131
3012 1484
3422 2048
3638 1977
3850 940
3943 1228
5549 1418
6200 1719
6281 249
6292 1768
6518 1277
8184 1626
1810 1781
2866 1656
3546 1572
3802 1137
5577 1500
5802 2114
6335 1608
6470 2205
7642 1071
8461 1208
8924 834
9432 2155
1572 1021
3547 37
3799 1137
4109 2130
4113 2132
8418 354
9221 1870
9255 1941
162 1706
494 1308
1941 482
2634 1386
2922 1186
3225 1957
3716 1459
5746 475
7408 773
8220 1069
895 353
1778 2048
4004 1509
5489 1850
8757 2058
9023 708
555 1794
1863 287
1930 810
3690 1449
4015 1509
5421 1536
6598 1443
7889 2190
8846 849
660 413
907 1604
919 666
935 1515
2615 881
2771 1651
2823 1427
3031 268
3920 723
4088 1535
526 804
768 1721
905 2254
1156 45
1901 933
2846 343
3210 285
3827 1722
6584 439
7320 2205
7980 539
9391 1604
9414 754
535 1138
1083 1537
2019 2192
2711 528
2940 183
2979 1665
3045 347
3057 1610
3580 135
3853 1137
4035 2273
4240 2130
5070 505
5675 977
5966 592
6031 742
2394 921
3825 2285
3921 1509
8350 1399
8890 1924
1673 1714
2677 770
3216 1960
6020 809
1238 1879
1823 2179
2267 2295
4055 931
4479 380
7441 372
8154 2130
9201 1436
594 194
2133 1527
5916 1224
6128 2161
6600 2156
9299 201
172 1277
1207 1795
3008 1055
6663 2017
8152 310
269 201
1942 274
3292 975
3613 1644
5077 2126
5704 1871
5767 532
6063 1469
6293 844
8743 1830
222 272
3187 1153
5735 664
6049 557
6159 379
6387 1198
7943 346
178 1817
913 2007
2507 2011
2785 371
2848 1706
3256 1972
3425 2019
7723 1595
7925 2187
8562 179
8844 2190
1032 1967
4264 2249
8272 784
1146 587
1433 1768
5818 1998
5904 194
6980 398
217 989
407 2166
1142 1097
1693 475
2860 2155
3334 766
3346 1955
8916 2254
3043 42
5562 1155
8347 79
8592 172
1512 1417
1866 1610
3194 1957
3726 1745
3762 203
6163 95
6221 1719
531 932
609 1479
1559 65
2374 2010
5284 306
5886 2146
389 1654
2577 1556
4255 109
4726 599
4734 551
4910 1641
5891 1737
7742 2193
7 1500
980 42
2073 677
2355 1522
2840 1130
2929 1578
3221 1257
3498 1948
5182 2102
6756 1526
9292 1529
400 701
1085 103
1759 438
1884 63
2937 251
3343 1974
3629 1960
7910 2180
8323 1383
861 1480
1507 1700
1929 401
2680 737
2988 195
3104 131
3212 135
3717 2285
6634 2027
8395 337
8904 2190
9103 1855
696 717
2896 1190
3025 1109
3634 1959
7128 877
7582 2202
7938 2116
8768 2144
9330 2127
1460 1604
1898 1383
2000 507
2347 1639
3312 118
9261 1470
9402 1751
9442 1848
275 1333
1809 997
4256 1510
4796 474
6235 41
7562 316
7836 1798
8475 1131
181 977
1405 1391
2868 1560
3441 1269
4026 428
6881 152
7318 1269
7331 1486
8040 1159
8720 1453
8807 1838
607 1798
638 586
1412 1716
1628 1655
2544 1738
3892 181
4761 742
6225 117
7456 1857
8246 1829
8751 1155
47 2161
1036 1201
1627 2190
2506 1327
3632 135
5145 793
7856 1754
8197 1302
9198 1798
9371 1365
228 834
562 949
1150 520
2363 541
2526 824
3115 1710
3269 1972
3935 1509
5944 1173
6325 1608
726 209
1000 719
1453 1385
3502 1970
3510 1970
3947 1791
5558 1295
5878 925
7085 2016
7137 402
7458 316
8319 935
8781 1621
9463 1785
231 1476
1903 1604
2283 1586
2723 36
3626 2145
3708 2120
7066 1675
7678 232
8028 2224
8546 181
9107 2107
9304 759
9334 1109
480 1675
936 563
1386 1191
1547 1587
1762 1386
2599 1137
3538 2048
3812 2162
4050 1874
4739 63
6342 2182
6483 1916
6695 2047
6737 426
6825 783
5161 731
8760 2229
9271 2110
33 742
588 1292
1281 1306
1310 551
1740 2181
2694 1237
8587 2091
8732 2247
131 1547
3233 1960
5208 926
7681 1154
7761 2158
8045 1378
8147 2246
8153 1028
8744 332
709 1484
896 517
1575 1630
1780 116
1912 2244
2582 203
2693 1310
3014 1745
3272 1972
3293 2174
3395 1929
3918 1509
4473 263
4712 1876
4780 214
5395 305
5598 769
8540 758
1494 1125
1589 1812
2709 568
3190 1959
3335 1960
3909 1137
6294 1768
6670 398
7440 1679
7737 1154
8041 1069
8118 364
8274 1192
8535 1446
1093 2278
2107 638
3080 1204
3150 1651
5033 2021
5890 960
6273 1768
6580 1835
7138 2060
8101 2208
492 2190
2289 1706
2583 351
3486 633
7979 929
9308 936
602 2126
1850 2186
3081 878
3290 1500
3374 1091
3615 155
4275 2256
6222 1820
9185 399
1854 1079
2555 1495
2775 392
2948 74
6946 2256
7119 1550
7645 330
9343 1590
152 1555
1027 1771
2292 1075
2732 1008
3322 773
3345 1944
3561 1083
3583 773
3818 1459
6046 176
6327 1608
7535 1198
7784 668
8055 1396
9368 918
1449 1231
1818 1768
2320 1395
3686 1967
3791 1137
3851 427
4045 1137
8430 1240
1344 234
1886 1891
2611 2142
3184 2268
5959 1914
9035 846
575 387
1609 587
1820 1644
2166 1848
2253 85
2301 229
3062 382
3099 1860
3274 2176
3285 1826
4478 777
6033 1190
6216 937
7381 1998
8269 831
8827 270
9169 2026
9285 2072
599 181
1112 133
2183 1362
2769 20
3507 1957
3771 1137
7382 162
504 845
598 1901
714 1041
2708 2081
3410 2048
3721 1095
4108 777
4252 1137
6420 2107
6428 1497
7326 1819
8607 1739
9338 1801
583 1128
710 2143
1650 565
2218 1044
7660 2182
9370 2229
88 1792
1789 763
2029 465
4089 1727
4883 846
5502 964
7944 2160
8072 1638
9460 50
117 1152
656 1105
1578 2255
6329 146
7543 1020
8484 1832
9019 2038
789 984
1062 1521
3706 1615
3854 1137
4002 777
5741 2192
6875 1604
6970 1291
8262 665
8960 2190
1936 1774
2215 354
3930 777
4777 2309
5750 936
6665 2312
86 725
149 902
738 1529
1363 2159
1550 1329
2083 1826
2653 1908
3129 2114
3898 109
4263 2249
4575 1017
4740 821
5881 414
6567 2264
7334 2010
8194 1912
8202 1432
9066 932
983 1646
3313 135
3948 931
7257 316
815 2152
982 695
1520 2078
2586 1602
3188 1949
3259 1973
8495 2229
3658 1459
5943 629
6365 1129
9325 2180
9345 895
8 801
234 1820
733 109
1347 109
1501 1103
1735 1034
2737 1900
3881 1681
3896 1474
5152 194
5917 1786
6064 1824
685 1866
2016 1332
3191 1958
3798 1137
3886 1997
4732 1281
693 1113
784 1495
1932 1003
3260 1974
3989 777
4850 1747
5218 1517
5428 74
6242 1926
6673 2015
7510 2053
9214 961
9312 963
649 1817
2661 214
2702 1004
2712 2300
4092 2130
6078 617
9462 2229
1311 327
2549 1077
3037 734
3404 2077
3902 1137
4781 101
6703 2015
7132 270
7165 495
7659 1013
8333 372
1486 1488
1883 1726
1927 2225
4577 509
5865 1578
6454 417
7598 1879
8146 2241
8629 2003
9113 1976
3079 465
4653 2291
8752 2010
9088 873
105 1353
1499 1482
2288 1879
3460 1527
3817 1459
4392 1510
5178 1517
5481 1841
6610 1756
6944 1214
7371 1751
8584 1143
8753 2136
964 1732
4659 643
4830 132
5501 1185
7720 366
1318 260
2104 1105
2474 1031
2530 1941
3056 1272
5505 1808
5651 66
8431 669
8541 526
8636 1811
8726 1672
8897 170
918 532
2086 347
3560 2285
6018 2313
6226 1267
8537 1982
9388 1603
9452 141
920 217
1043 587
3508 1866
6392 1683
6751 1881
7576 2229
7868 74
8745 728
2271 105
3137 1630
3426 849
3728 1131
3925 998
4028 251
4060 2249
4675 616
5758 302
6277 1512
6631 31
9430 1191
840 1831
1031 538
1657 81
2341 1814
2469 285
2968 1498
3146 648
3149 1139
3254 1975
4647 261
7683 377
8177 554
628 512
813 2151
1103 1759
3625 1866
3665 1387
5120 731
7465 1624
7481 816
7823 567
8308 156
8951 1128
728 1788
832 2268
1472 1709
2316 1490
3794 1137
3903 1137
5883 1209
6279 2203
7019 1141
7812 1001
8219 2112
8561 1830
8729 116
8808 1536
1009 1339
1403 1788
1444 1432
2459 1556
3499 135
4059 1525
5660 1988
7641 1050
313 1910
1702 993
2034 2090
2572 2102
3328 83
3353 479
4087 2130
4814 1558
5837 1520
6104 2273
6833 1844
9447 1233
189 1264
2964 1819
3171 1774
3636 1960
4052 1509
4760 432
5237 1713
6202 1022
6987 540
7649 1436
8335 563
8406 61
8574 1823
9429 2059
9439 1120
611 628
799 2286
1091 2292
1280 520
2203 1855
2238 944
2673 575
2921 1058
4792 1470
6088 513
6678 1989
9108 2241
328 1315
673 2296
700 1146
990 335
1817 163
1945 1693
2319 1044
2521 17
3402 1079
5885 194
6019 1799
6156 340
9211 1482
12 2024
608 677
950 1543
3432 1941
3557 1983
3591 1970
3860 1791
4471 1352
5472 1624
5728 2233
5933 967
6145 1781
6407 610
7666 1103
8034 1879
8068 1383
8228 2169
8623 2073
8704 1916
8740 1477
9112 1680
9190 2026
36 883
541 1874
3890 528
5970 610
6560 2174
22 1818
216 976
382 229
665 1855
687 1134
827 1967
890 435
1699 147
3417 1984
3633 1110
3743 1137
5433 2013
6151 2006
7232 2093
7505 248
1267 2065
1378 507
3040 984
3303 1975
3949 265
4532 2069
6206 1949
6671 1815
7892 1857
791 192
1034 432
2992 1295
4385 1362
6945 1141
8588 1855
8652 718
9184 1611
836 1481
1342 1748
3237 118
3379 1728
3979 1509
5236 1713
5726 1577
6757 1982
7054 2015
7393 1660
8223 2195
8441 128
1688 1876
1720 1528
2787 1603
3369 1940
3922 1791
4043 1137
6052 1964
6838 2185
7964 1712
8089 1823
273 396
1025 906
1495 1879
1712 611
2675 599
3159 307
3764 1137
4809 1203
5235 1334
5557 1989
2042 1867
7427 761
7476 1406
9128 667
730 105
1580 2312
2141 2182
3169 1134
3656 2285
3739 1137
3924 1509
4787 1550
4956 477
5316 2161
5627 1512
6649 1727
9014 990
9269 2049
1300 2039
2689 2097
3394 1977
6534 935
9437 1274
2088 1154
2575 60
2850 2078
3340 999
3552 24
3620 688
3939 1509
3977 1509
5680 1556
5853 194
6618 1556
7407 1701
8742 909
8964 2190
1169 426
1924 1201
6693 564
7294 1078
8955 1611
760 637
1167 587
2810 1937
2829 2131
3483 846
3589 135
6001 1522
6255 1367
6725 684
7514 2072
8945 125
596 2238
2026 174
2614 2132
2758 2180
2982 190
3164 1949
3185 2145
3693 1110
3960 627
4251 1137
5738 68
7215 1941
8479 1716
740 1181
1088 942
2626 1462
3575 1973
4029 123
6394 610
9063 1342
597 1659
778 574
1502 1881
3731 1457
4118 1817
4474 1261
6794 1246
6828 2254
7074 1952
1122 465
2813 1757
3041 1436
4238 2130
4537 509
6526 476
7573 684
8490 2061
8539 2273
1067 1853
1144 2149
1774 1773
3443 1155
3941 2249
4117 1535
6313 666
6619 774
8850 242
9021 628
1265 2231
1813 1637
2348 1143
3594 2162
4775 684
5721 1152
6623 168
8119 1557
8343 1148
1369 644
1951 2120
2008 1778
3147 1984
3787 1457
3953 777
8451 1425
134 8
1107 1854
1389 1671
1998 1714
2125 2011
3097 574
3133 1099
3365 1970
5834 1623
701 2162
1119 1858
1231 1883
1327 1248
2018 2214
3569 1849
5393 1459
6842 1757
6977 1148
8848 968
296 153
1068 1780
1570 270
3213 2010
4245 1477
4664 378
6644 2279
6718 1049
2102 1990
3585 1957
4100 1535
4244 109
6573 1967
6694 1113
8967 1796
9199 402
4009 2249
7116 1989
8595 1234
8821 1143
8879 2186
186 1674
1240 1445
1669 1770
2020 1798
2240 424
3867 1137
3961 627
4102 1535
5870 118
6135 928
6253 603
6766 1988
7238 1473
7270 1399
1877 1486
2477 1056
3759 1131
4530 1316
6139 294
6734 85
6959 2036
664 101
2169 1141
3500 268
6076 2208
6331 1224
6339 543
7236 921
7303 1818
8527 304
9072 1033
533 1702
626 2263
957 1907
1464 1070
1847 201
1917 2142
2503 1413
4710 1943
5809 103
6300 2158
6453 1499
6679 1823
6764 2149
7249 2093
7421 2274
8543 427
106 1626
614 898
3637 719
6126 110
6248 1130
6672 2157
6762 1722
8594 180
8985 1879
595 1774
988 196
2606 723
2851 1538
4832 1519
6602 1865
6603 6
7442 380
7674 1315
1100 1582
1682 259
1761 1618
1915 185
2035 1041
2613 1078
2767 528
2798 1470
6106 1449
7094 2036
7240 1100
7775 1294
9114 1198
4 1500
1066 1160
3347 1821
3814 2285
3852 1137
4476 2249
8943 129
495 551
770 963
923 565
2844 2179
3238 1865
3751 1137
4146 1667
4384 6
5461 542
7956 1772
8915 2136
647 1072
1074 1011
1140 2246
1653 1602
4007 1509
4824 1921
4900 975
5483 596
5795 2142
5900 1429
7198 286
8138 759
9054 1388
9226 2102
563 2276
831 1304
1268 2018
1563 45
1772 48
2412 2055
3768 1137
3901 1510
5089 440
6494 426
6780 2060
7937 1879
8226 1597
9400 1072
2593 2154
3355 1957
3753 1159
3789 1137
6640 742
6837 2059
7024 1230
7167 1621
7214 1721
9471 1415
144 2137
676 2081
762 1964
1888 165
2659 412
3350 1713
4116 1535
6205 1949
6841 1072
7954 149
8755 1472
8805 450
1108 1632
1959 1271
2015 2010
2250 2169
3314 135
3640 386
6081 1322
6641 1801
7762 1273
8986 909
9200 1610
543 1974
2808 1079
3368 1958
3399 1960
5867 1572
6621 2310
7699 1656
9068 1502
9073 1872
1731 1415
3038 984
3065 2227
3229 1521
3563 24
7597 847
804 1823
3302 1957
3360 2176
4672 349
4818 1140
5108 877
5879 1241
6662 181
927 2006
1950 1007
3824 1459
4013 2249
5854 194
6396 2093
6460 539
8166 1512
8839 1401
1910 1154
2684 342
3409 703
3513 217
3859 1481
4003 777
4019 777
5511 368
7417 796
8556 251
569 29
3688 1474
6632 157
8663 1838
9219 1315
215 976
800 592
1063 1120
1171 2221
2618 389
3489 1552
3604 2285
3605 74
3790 1137
3954 1509
7376 1716
8994 371
1052 831
1724 689
3051 851
4008 2249
6543 1580
6575 1551
8113 1611
8697 222
9365 2072
3576 158
3710 2285
6269 517
8201 728
8999 838
132 1324
1395 2066
3228 1970
3411 2158
3467 1985
4477 2249
5229 1489
5855 1078
7635 2185
652 149
725 2293
1201 38
3414 1225
6082 742
9208 1496
40 1277
101 1818
1480 1154
2953 2088
3801 1481
3968 2249
5151 1967
5926 1065
8015 1336
9209 1522
1305 1636
1614 2177
2414 87
3267 1970
3471 2088
3675 528
3729 485
4072 1208
6005 560
7142 128
8432 865
8687 1233
9205 1306
739 1675
798 1917
1209 1175
2064 363
4062 1158
6507 1863
7332 1415
8121 1267
8521 1815
8858 72
1082 116
1594 1877
3492 107
6101 1294
7850 1781
8788 1419
8877 2210
9125 1080
246 1619
1229 2305
1861 1432
1963 2009
3455 2048
3661 2060
4111 192
4405 265
6527 2060
8555 1366
641 1909
1081 2170
1558 1819
1981 2309
2432 1118
3885 2285
4105 1535
6430 906
6585 1722
6958 1681
993 1717
1980 1825
2645 2309
3487 774
5429 1570
7521 70
7807 665
7907 1772
8141 475
1409 851
1775 1230
2408 2299
3539 1490
3663 2217
4110 1535
5614 1091
5976 1779
6906 1710
8494 2192
8914 1964
9050 1827
43 1525
719 66
2532 478
3246 285
3339 773
3617 118
3974 777
5923 2199
5935 1865
7555 1154
7647 1419
441 2193
694 2051
984 723
1077 2007
1120 63
1361 633
1855 411
1893 329
2032 1403
2617 1016
3248 1957
3648 2300
3782 1137
7746 157
8741 1090
76 807
140 1817
448 2239
1867 2111
2123 424
2744 1962
3245 1957
4755 968
5180 436
6624 1705
6871 2109
7592 1022
8073 677
8443 1388
8933 957
1944 1462
3088 611
3606 74
4776 229
6237 1130
7286 1796
8341 1838
8893 1198
3135 464
3378 1234
3593 280
3718 1995
3775 2273
4097 1535
8106 1699
8436 2018
8691 426
8817 1378
355 1653
704 623
743 1737
2014 2169
2642 31
2703 478
2900 434
3273 135
3381 2264
3944 777
5109 680
5727 1895
6141 766
6190 1621
6886 1629
6912 1061
7520 1460
7804 2195
8193 270
9115 2025
2247 172
3131 1538
3297 135
4239 1208
6302 1680
6465 1072
6530 1985
8094 462
8559 1022
9057 2071
2942 1527
2962 1980
4099 2253
6706 1295
7361 1197
8064 2229
8199 1709
1551 1613
1697 2221
2592 2249
2714 1905
3066 36
3582 131
3684 2285
7566 129
7933 718
390 164
1098 494
1384 1145
1659 1383
2155 1111
2398 40
3102 2162
3504 1957
3855 1510
3992 1509
4085 2130
5742 1106
6083 1322
6191 2149
7221 1658
7321 520
7459 2182
8351 118
8710 1762
37 1902
906 101
967 1398
2910 563
3733 1137
3980 777
5468 304
7173 1989
9149 1361
1028 784
1591 1348
3570 1276
4016 2249
4853 1044
5851 2270
8499 1275
9245 1722
847 1245
1414 111
3085 1921
3679 2285
7033 2018
7705 2268
7718 944
610 2275
998 138
1302 1677
2109 385
3456 2048
7691 1910
7846 2185
9020 103
3192 1960
3472 2120
5863 2146
6022 1258
6989 1475
8442 2191
8718 2092
9265 1334
176 770
643 1820
1203 489
1320 1012
2009 1857
3558 1997
3788 1137
4049 1509
4849 2140
5473 2273
9257 1081
9406 1693
1738 1274
2072 413
7940 2238
8385 1739
1969 2160
5430 243
6085 1678
8909 1810
644 441
917 420
1154 1712
2124 2147
2227 586
3308 1972
3667 572
3719 2000
3970 1509
6150 1260
7732 465
2021 2284
2830 166
3518 386
3698 1985
4789 183
5808 1604
6086 2133
6617 706
6895 874
7396 422
8299 1706
9075 2186
9129 1680
2461 741
2875 558
3468 890
3774 1137
4662 1286
4709 125
6712 1627
8236 1855
8722 335
9137 1648
430 1128
1556 2061
2687 1757
2956 341
3891 528
8554 2029
963 51
2791 482
3392 131
3431 1558
3722 1967
3778 1137
5821 214
6553 1851
7696 1744
7740 1453
8200 2011
690 988
1381 1144
2933 1512
3672 2000
4729 551
5791 318
7667 1130
7989 2065
8434 2185
9148 184
1213 1781
1372 1179
2704 2263
3224 1972
3280 1960
3616 1641
3829 1449
4011 777
8182 1362
8224 2186
8301 2033
8579 1899
1114 941
2105 2225
3769 1137
6004 488
6544 821
8734 1212
8801 1534
9336 800
688 2005
2333 1983
2384 2199
3189 1134
3711 947
3738 1510
3963 777
3966 1509
4027 1967
5803 1983
6953 1143
7251 1337
8029 181
8680 183
356 2083
2585 175
3028 231
3473 890
5906 2077
7454 2295
7811 1907
9220 653
785 1277
3018 8
3984 627
7365 1362
7991 987
8593 2112
9175 1160
1811 979
2154 1079
2902 160
6306 1768
6357 695
6733 2067
7496 1436
8560 1301
8990 2009
323 478
1331 523
1458 1176
3162 623
3659 1783
4795 222
5007 259
7486 46
7495 2061
8611 1277
2548 2230
6227 1537
7193 1397
7419 2195
7692 1148
8032 441
1946 1730
2629 1149
3000 2198
5673 1626
5839 280
7068 441
8322 1743
2725 1815
3750 1137
3800 435
4797 968
8024 1621
8598 229
8898 2273
8983 61
1442 2131
2082 1781
2605 2253
2932 2015
3199 1556
3424 1941
3587 118
3687 1905
5823 1044
7502 1870
7701 441
7888 1575
8448 1655
2010 1694
2178 1459
2923 1165
3673 110
3955 627
5880 1623
7923 553
1277 633
1348 1797
1737 1617
1875 1886
2138 201
2356 922
2707 1500
3231 1960
3363 1977
3695 1213
4145 1509
6220 1437
6246 1177
6550 52
6680 813
7300 2015
7403 1774
8090 1876
8313 1160
8474 153
8640 944
8771 1713
317 1525
326 591
2799 1245
3287 1541
3512 1960
4272 829
4472 105
6188 99
7865 2061
9380 181
1287 1828
1352 1418
2485 1031
2820 1773
2835 878
4663 872
5442 2214
6053 1172
1505 1594
1966 363
2385 1053
3429 1983
6111 2133
8538 747
774 1863
1149 1122
2037 395
2146 1712
7779 288
8899 1815
272 906
872 932
1092 125
2748 185
3804 342
4572 1540
6373 792
7364 1811
7423 2031
2281 2161
2423 1812
2668 969
2778 1499
4030 1967
5455 174
7572 777
7924 845
8097 1553
8300 909
8903 1499
9001 2116
1097 2193
1419 385
2754 1214
3026 1393
3101 401
3195 1945
3403 1947
3527 953
3781 894
3893 1892
7060 255
121 807
1045 633
1710 670
4759 118
7305 2019
8483 675
8501 775
8991 2060
9058 1627
591 42
741 445
1641 2031
2431 1635
3083 1562
5574 765
5869 977
7947 1576
7953 2271
8524 489
8647 201
1216 1151
1291 1125
1805 554
2587 723
3826 181
6957 2096
7067 1632
8284 2035
8937 2001
1960 1315
2528 0
3933 2249
5831 34
8896 838
9048 1241
9151 681
971 617
1024 2131
2338 1130
2837 1964
3309 83
3878 1681
5761 819
5811 1192
6140 2017
8386 172
958 1030
1053 147
3529 2048
5911 886
7690 130
7756 1512
7878 974
8393 426
1681 1926
2393 1881
2766 2261
3106 1105
3459 1292
3577 1508
7070 963
7328 785
7352 937
7586 1839
8309 47
8803 1924
9000 2202
238 1458
1526 2217
2522 830
5801 1660
6095 2249
6569 2271
612 176
636 82
1016 1799
2518 601
4678 1713
6087 928
6630 2271
7713 507
8992 2214
9059 1743
48 1448
947 2221
1446 1560
3578 159
4823 1941
5778 365
5850 214
6690 1340
7197 2259
8785 805
9236 1188
871 1955
1496 426
1611 1500
1744 61
3226 109
3291 409
3433 2019
3671 2300
5836 1108
6682 2018
7200 1743
8777 701
8819 183
1208 1838
1531 2255
1725 838
1821 1339
2092 261
2651 970
2809 172
3553 1558
3932 1509
5674 2254
7278 100
7622 886
7966 429
8627 183
946 1083
2120 155
2298 1909
3002 1438
3773 1137
6651 2036
6853 173
6936 1694
7887 1990
7911 1376
8099 157
9297 1871
1039 2013
1161 841
2525 1744
4879 201
6196 2176
6726 488
6817 2195
7323 2065
7656 438
1579 2051
1698 2146
2296 88
5889 1222
7268 1482
8164 2006
8379 74
9372 1285
1624 42
2411 150
2603 1626
2789 871
2973 1929
3249 135
3300 1977
3724 173
5986 1353
6180 2011
7797 1694
8331 157
8932 1454
2395 2300
2547 1533
3075 1387
3421 1984
3444 1527
3534 1249
4765 1125
5740 1947
7112 231
8373 2188
8657 1072
8728 116
2097 525
2158 532
3683 181
3696 147
3936 1017
4021 1509
5079 2101
5759 225
6910 682
8435 2289
9111 292
523 1867
792 1299
2084 27
2096 424
2149 2193
4736 2181
5806 1541
6616 2031
6850 480
7753 176
7875 183
1232 1207
1792 42
4677 2225
6123 1678
6406 432
8332 784
8673 674
808 501
2311 1249
2534 7
3264 1495
3372 302
3400 131
3822 181
7032 623
7999 1705
8247 2072
8942 1234
9022 1461
818 2197
2337 2036
3072 1791
4022 627
7258 1685
1121 1056
1860 925
2678 2031
2793 2148
3217 1958
3720 251
3958 777
3975 1509
4096 1535
4533 380
4573 2197
6199 1195
9027 847
239 684
996 2047
1644 19
2344 2269
3100 222
4762 364
8115 985
8761 1879
8868 2301
8878 1990
8922 1697
8947 2126
9043 1843
130 1402
1436 2176
2681 905
3304 1970
4042 1510
4741 1683
5529 1386
6581 31
7528 2007
8165 205
8356 1913
9229 86
854 2259
3294 1948
3942 1791
6192 91
6368 432
9070 2267
177 1349
2208 1979
2566 435
2647 567
6529 2033
6819 2010
7216 2054
8678 1304
606 1747
3748 1510
5004 2093
6699 45
7135 642
7563 859
7585 1739
9102 331
1732 2150
2103 1841
2127 774
2269 1838
2326 1290
5934 2251
8087 1833
8362 2199
8966 2029
922 985
1228 2177
1411 266
1415 268
1524 329
2184 702
5184 2163
6154 644
491 1626
630 1686
1260 765
1664 1158
2571 785
2954 1304
3179 1737
3255 1960
5106 1048
6822 1148
7021 181
8149 990
9302 105
1834 241
2245 319
3223 285
3465 1558
3525 2162
3654 2000
3704 2158
4131 2271
8036 1151
9097 1143
875 330
1543 1234
3017 2187
3535 110
3962 777
5060 332
5575 1353
5776 610
6852 1505
7118 485
7148 1141
7199 1819
8557 1041
9441 2229
125 2006
1642 1813
2666 1015
4388 2061
6572 1782
6905 1470
7029 2114
8359 1090
8545 101
756 353
2925 1803
3393 131
6650 2133
6691 1673
6916 2157
8619 842
1040 2015
1908 2190
3207 1973
3242 1975
3554 1916
7767 329
8577 1052
1339 877
1351 590
1560 111
2451 1429
3461 2019
3624 1959
3681 2285
6333 2065
6439 2107
7599 1921
8016 1268
9162 863
884 1630
1172 2193
2275 1479
3082 2227
3321 1962
3657 2068
3894 1385
3999 777
7111 1817
7154 154
8773 383
9160 1313
282 523
2501 1483
3282 398
3451 175
3482 65
3562 1093
6559 957
6723 156
7243 1780
7553 1184
8444 1438
8972 1646
838 873
2610 1336
5861 1623
6555 1295
7218 1213
7773 1154
9061 2084
1585 2170
2805 1640
4667 2306
5805 1994
5848 925
7883 775
7982 1118
8842 1331
9298 124
150 362
1364 2157
1928 1031
6351 505
8573 610
727 1607
807 1851
3227 1865
4391 1529
6383 2182
7501 1037
7603 1109
8802 553
2147 1512
2557 1268
3234 1651
3475 1941
5852 925
6169 1838
6554 950
6579 1437
7179 1683
7233 1107
8586 1103
9010 684
940 1260
1466 1080
1640 704
2383 970
3777 1457
3780 1510
6301 814
6711 485
8624 1994
9127 810
1128 2131
1294 402
2462 1078
3642 1983
3813 160
4744 2216
7055 940
7077 706
8286 932
8394 1148
1139 426
1911 696
2819 1837
6878 1046
6896 87
7327 438
7428 37
7640 1378
8069 1989
8156 320
970 1431
5955 1689
7160 130
7302 2288
8569 2015
8699 1188
8867 495
1115 1418
1402 957
1687 447
1914 1417
2720 34
2817 1901
3331 33
3685 1459
7931 2093
8252 2279
8968 1879
1636 1387
3251 1007
8977 920
3 1788
1017 841
1259 503
1645 2116
2472 638
3050 958
3447 1558
3505 1977
5437 1496
6065 927
6702 1142
7389 2061
9150 1680
9351 675
848 1136
1604 1491
1667 1097
2156 695
2919 1589
2977 1560
3230 1929
3536 2162
7872 61
9038 2163
421 2242
1059 1559
1182 293
2263 922
2293 1086
2302 567
3319 2149
3649 160
3863 777
3996 1727
5398 1624
5646 2125
7610 1222
7727 1385
8591 1135
8715 476
9289 551
1417 2227
1541 1035
1880 206
2002 1522
2959 851
3153 860
3157 1079
3646 1039
3680 1996
4613 1546
5600 1921
5670 664
7174 2157
7348 712
7368 1205
9254 2025
9398 2253
376 139
1272 1835
2435 55
2755 1268
3307 131
3366 1957
3463 2088
6685 700
6806 1710
7771 1112
8307 2136
8364 846
8997 526
1 1886
1247 389
1263 1860
1285 1780
1392 2163
2242 1293
3713 1455
5833 688
6539 1074
6628 1170
7350 516
8784 2132
1623 1880
2152 2281
2290 972
2476 206
2551 2161
3118 1624
3276 1972
5534 1755
6120 928
6153 1613
6779 866
6851 587
6889 0
6926 24
7707 2097
8044 2268
8067 1535
8083 1135
1217 982
1721 1138
2955 1137
3007 2225
3545 846
3820 2285
5849 1181
8167 1425
8405 1627
8452 1644
755 1982
1754 2235
2258 166
6556 1035
8196 302
291 1855
618 1013
987 294
1014 1907
1324 680
2607 1623
3556 2285
3559 1000
7279 1243
7842 1989
8396 1135
658 92
999 686
1151 2125
1296 2051
2514 961
3595 1548
4124 319
6110 1470
6276 1615
7100 2093
7269 1912
7609 999
7849 961
195 1277
995 1813
1086 1432
1345 1590
2448 2259
2515 2171
2906 1772
5411 174
1859 864
2108 279
2892 1198
2951 1527
3412 1782
3542 1984
3677 1222
5636 1120
5892 2233
7537 1778
8849 131
8865 1590
10 836
771 2132
1137 2071
2523 2158
2719 44
3522 2162
5400 370
5908 680
7076 464
7143 915
8869 2014
9238 708
678 98
1049 156
1338 1780
1367 1005
1602 1040
1625 1010
3204 1949
6496 836
6765 583
7224 2257
7340 1436
7594 2115
8507 520
116 2301
2067 2306
2510 1527
7095 2015
7379 181
7624 91
9387 697
1856 274
1973 1234
2428 20
2529 656
6716 1393
6790 1644
8585 298
3390 285
4051 1509
9352 763
1692 1517
3523 2162
3861 294
6888 2227
7917 1246
8058 1683
1708 1342
2003 567
2157 462
2696 1276
2726 28
3574 773
4014 1208
4486 829
6122 2110
7435 350
7560 1085
9136 592
2066 1031
2436 1040
4129 1460
4529 1285
7620 464
7625 439
1334 1448
1410 1126
1844 976
2308 195
6636 183
7052 1979
8464 2230
8544 1932
1528 2147
2500 532
3016 1804
5857 2293
6096 1791
6121 2017
6563 1621
7102 1678
7466 162
8934 1697
1312 1891
1396 1362
2285 1734
2300 2145
2371 1608
2911 2014
3889 1459
3995 627
4243 112
4758 432
8048 702
8211 959
8213 938
8403 1989
9189 2241
547 1154
1726 2300
2101 1905
2391 616
3241 1195
3253 49
3601 110
4798 1128
7298 1461
8506 507
94 1455
1125 1263
1743 1513
2422 2202
3205 159
3515 1866
6035 1521
8421 1881
8911 1719
9170 1234
1375 8
5234 12
7079 670
8011 1644
8642 2300
8998 588
9249 1093
613 2048
5034 1624
5925 2199
5975 355
6684 1815
7129 2170
8157 292
8314 1125
8478 118
8727 1440
695 2237
2697 1480
4012 777
5733 420
7551 2152
8758 185
941 1815
976 718
1782 1522
2159 2134
6164 2176
6372 70
8635 821
26 1817
814 1080
1626 1144
1891 110
2361 2264
2513 1461
3448 2197
7702 2019
8282 1313
8372 1695
9012 1693
9118 2090
9379 1574
627 1814
1715 9
2091 2241
3119 1484
3397 135
4098 2132
6558 570
6938 89
7306 426
7769 2202
8702 809
9104 482
9210 1623
961 766
1707 1210
2007 1660
2658 1772
2855 810
4706 488
4790 1482
6778 938
7990 2010
736 921
1343 1934
3506 1960
3682 181
3940 777
5901 925
6404 2258
8374 1782
703 152
1432 1468
1477 28
1504 2230
2517 1352
3090 1708
3956 627
6105 2273
7061 1304
9117 2004
9274 2137
1250 1460
2389 2248
2569 2130
3701 2162
3811 1860
3997 627
4266 627
6119 928
7950 2156
8721 2198
8833 60
1872 1086
1984 1735
2260 2147
2274 674
3130 520
3884 718
8711 131
849 2055
1746 1644
2782 74
3320 1957
4743 482
7735 1164
7752 172
1199 1461
2134 1248
3993 2249
8342 2230
8672 596
8901 156
783 589
2598 2248
3440 1998
3520 2162
6807 1602
7012 1484
7652 1043
7777 1114
7827 1665
8493 1453
2140 422
2150 373
2217 136
2230 930
3564 1000
3987 777
7157 2060
7398 1027
945 1222
1130 2028
1836 201
1979 2034
2057 1853
2241 1004
2543 708
3006 1688
7136 1378
8346 1919
8666 1485
5 1958
17 1525
1592 809
1803 476
2334 222
3586 285
5515 1527
7235 478
7932 2157
8217 1339
8523 1260
8692 893
8810 491
9197 1845
3466 2048
4713 207
6744 1859
6913 936
7114 675
7523 292
7864 1728
9146 1765
926 2093
1750 1116
2893 1066
6133 928
7175 2133
8935 1044
9194 2284
514 1458
797 2031
1445 451
3177 1591
3193 1958
5989 1587
6652 1798
7075 1010
7312 47
7552 438
1873 983
3937 1509
3998 1509
4020 2249
6645 1060
7096 1414
7829 1545
8439 537
8470 583
8918 1676
9415 2229
1329 1860
1672 283
2322 1999
3069 172
7789 438
7912 1752
8209 298
8440 1241
749 1125
1084 2006
2880 1732
2909 1186
7337 285
8298 847
8423 372
2170 1837
2328 1125
2794 1003
3311 285
6447 1522
6997 1586
7025 319
8384 1879
9256 2091
779 2176
1468 614
1509 128
3271 1973
6451 373
8344 1838
834 873
1892 634
2295 1106
2420 206
3566 1078
7698 2195
8355 129
9024 2017
942 199
1797 1557
1923 1611
2264 435
3398 1947
6829 2105
7400 1747
640 2264
1257 104
1525 2112
2641 27
2941 590
2957 1250
3815 947
5928 2199
8563 1958
271 1648
835 1447
1251 1034
2349 1013
2905 1610
3301 81
3592 1984
4846 2277
5317 529
7182 230
7271 1217
7437 1218
8173 1586
8939 1327
632 642
1919 1965
1956 940
3296 1611
6739 2271
6956 1492
7329 834
7457 2010
7662 1391
7901 1825
8074 1798
1330 1735
2077 1929
2256 2213
2375 1075
2597 1635
3703 1613
3972 627
5240 551
6468 1602
6692 304
8512 98
8969 750
3785 1137
5003 1243
7605 2015
7882 789
8111 365
8334 429
9078 1743
9350 2142
9358 539
3408 1983
4023 1699
6782 2264
7587 2059
7595 656
7903 1621
8489 1872
9126 968
885 876
1090 1625
2167 2181
3396 285
4265 2249
6615 2015
7700 610
2339 2233
3306 1928
6722 1680
6848 1930
7272 2081
8685 1822
9413 1626
1931 118
2916 720
2949 139
3474 1558
3709 22
7653 1085
7724 156
9094 112
9101 468
951 105
3427 1621
6818 2195
7181 886
7951 669
9041 2185
9383 1889
1162 1905
2930 999
3464 1983
7187 1406
7684 1752
7792 1848
7886 940
8786 1255
1476 904
3478 1558
6213 1718
6796 1327
187 1509
1539 1521
1787 667
1902 1031
2186 2149
2366 201
2695 1190
3391 131
3458 1665
7503 1230
8279 1806
8460 1458
9028 1327
1651 2009
3388 1929
3618 135
7532 181
7967 1165
1905 1999
6992 886
7658 987
8649 1622
8944 1018
9085 1961
2760 1589
3281 1677
3551 1234
5785 2194
6197 226
7670 1025
7685 2197
7828 1509
802 157
2128 1929
2450 1619
2961 2289
3257 1976
3749 1137
5105 19
6356 567
7109 2028
888 1601
1635 41
2182 609
3938 105
7444 1942
7876 331
8266 238
8492 306
9253 1484
294 2189
1253 1635
1598 2258
2519 270
3668 1613
3967 777
4470 2253
1101 1128
1286 799
1292 2020
1317 1432
3419 1985
3544 2197
3957 2249
7430 1401
8653 1817
8908 1626
1004 1626
1289 1772
1340 1856
1652 549
2373 153
4654 770
5354 409
6000 2052
6114 1484
6520 984
6892 2153
8473 140
806 1819
931 1104
1003 1636
1696 140
1962 1913
2265 105
2447 50
2904 1119
3247 199
4742 1214
6132 2015
7023 909
7468 633
7835 916
8415 1860
1605 1816
1694 1378
2297 1322
3344 2056
6079 1432
7758 2036
2 2210
1165 1713
1175 1990
1554 2029
1937 1512
2078 2034
2456 1010
4571 1508
6593 1351
6973 880
7916 59
7935 119
8982 1237
1018 346
1308 1818
1838 1987
3752 1137
6669 251
6991 2202
7401 294
7806 503
8047 1921
669 22
1391 1192
2403 958
4018 1509
5434 1483
5832 821
7969 628
8578 915
8874 1889
27 1455
1769 1550
2232 1829
3154 2146
3584 1972
6535 1324
6137 2133
6487 1881
6601 135
7497 847
8287 1073
8775 112
1435 342
1566 478
2137 2026
3261 1974
3643 2162
6314 675
6759 1500
7355 1370
7461 2274
8155 689
8169 1665
8310 75
1939 1567
2070 2106
2255 120
2327 91
2446 775
2567 1481
2861 1055
4246 2253
7716 1835
8093 2010
8633 266
8855 462
2321 2257
2516 2212
2527 1529
2974 1137
3973 1791
5183 1115
6795 1304
6821 878
7000 1016
1205 1777
2335 7
3389 35
3588 2176
5153 11
5764 1879
7152 1801
7569 2132
9 1500
2249 1566
3647 1613
6254 1820
6265 2013
6791 1629
9369 884
9373 864
1424 1473
1918 1947
1961 1184
3265 1512
3521 2019
6050 1804
7038 172
7422 1164
7483 935
7973 110
9204 657
9348 5
2466 1387
2628 1602
2828 1919
6627 72
6940 1234
7533 305
2273 514
2924 1133
3543 2030
7736 1736
8806 1838
1061 50
2602 990
2836 1621
3209 285
6576 1344
7977 1417
8547 194
8733 2036
1408 236
1798 1609
1996 2207
2497 1254
2834 550
7030 2002
7234 963
8413 1832
8505 2198
1076 860
1555 1665
2752 1548
3418 890
4708 1833
7460 131
8235 2255
8604 420
1713 4
1887 2217
1992 2265
2163 465
2259 1789
3669 1613
3964 294
4851 2031
6463 1307
6482 2209
7755 1739
7895 2193
8852 862
851 1209
1895 486
2180 20
3054 2137
6578 1688
7253 279
7574 2263
7795 1625
8500 1856
6218 475
1041 1147
1788 1031
2001 118
6891 2075
8232 142
8762 1135
860 715
910 1947
2291 1411
6557 1798
6688 2295
7580 651
8363 2185
663 1164
1006 1402
1426 2016
2369 1007
3423 1222
3446 979
3526 1985
6746 1237
7277 2036
7623 2031
8233 2274
1814 1440
1842 1536
2330 1586
6449 1138
6884 918
7636 2195
7983 528
1806 1127
2574 2199
3305 131
3405 2162
3650 953
5002 1285
5792 1945
1099 2085
1569 1941
2175 1589
2413 1527
6158 1322
6568 1328
7280 2227
7745 2036
8191 1769
8542 156
8862 91
9359 565
1111 1562
1117 50
1538 488
1830 937
8866 2003
1590 2221
1695 1845
1758 259
2620 25
2936 1618
3401 1972
3571 752
7252 1877
7565 109
7596 2133
8017 1103
9141 467
300 1148
819 2090
1674 412
3479 2171
3555 478
4469 1874
7144 2284
8902 1477
9296 1410
1781 1833
1955 194
2282 742
3524 2162
5793 1949
6740 1105
7984 951
7986 1824
8129 1715
8603 1485
9399 2036
287 1739
1102 139
2304 2145
3763 1137
8142 1988
1597 447
1773 357
2025 1654
2176 2114
2342 54
5830 34
6545 817
6661 1856
6810 1596
6917 2195
7854 186
8763 1514
2268 1522
3059 2015
8244 2271
8514 156
8987 1534
557 1801
1185 1563
2234 1566
2483 1992
5947 703
6587 1918
7918 2271
7997 362
8645 2014
8873 1879
85 913
1284 1535
2490 213
2700 2126
6155 1152
8610 15
9423 87
2468 696
2596 88
7213 1963
7311 1715
7339 1241
7921 1641
9106 851
9322 1752
9393 225
9396 2236
9453 590
183 968
992 2116
2535 13
2554 68
2648 1150
3477 1984
5829 1188
6219 1961
6647 1205
7333 45
9321 366
829 1003
2381 2060
3055 225
3528 1986
3579 836
6840 786
7163 2015
7273 385
7952 47
9341 1275
1186 1371
1274 196
1511 206
1610 440
1691 168
1835 1258
2110 2005
2236 1922
2552 1380
3438 1941
7053 973
8330 1105
8799 2027
9410 1739
2657 112
3201 2027
3371 863
3436 1984
3519 2019
3760 485
6611 172
7349 1876
8409 1815
8856 357
857 1587
1484 1151
1728 230
2192 1010
4901 2287
6758 96
8589 1547
9007 2027
9374 242
2399 1075
2891 363
3112 1579
3180 1226
7004 1819
7115 1110
7195 47
8126 523
8243 172
8676 199
9099 1838
9376 1345
621 172
751 423
1316 1019
1993 1135
2323 747
5875 1857
6845 693
9259 2201
624 2003
2173 1789
2424 229
2505 1689
2862 2166
3761 485
3969 1509
6142 1665
6954 2276
7263 237
7325 1527
7898 1640
8051 928
9062 2085
553 2263
650 690
1153 288
2098 2060
2600 2214
3325 2176
3367 1821
3602 1269
3666 1957
6767 1986
6908 1937
8120 1079
8150 2029
9116 1213
674 1791
682 131
1273 1875
3338 1826
6705 476
7384 1947
7837 773
7893 1051
8052 1325
8634 515
8889 1348
1307 357
2455 2191
6413 366
7657 629
8650 592
9084 2071
9360 1443
1374 330
2698 1835
6666 9
8070 2036
8613 491
893 1601
2012 1142
3454 2048
3971 1509
6152 1509
718 505
1005 928
1763 2247
6138 2133
8450 517
2404 1672
6371 1498
6633 2036
7644 1908
8172 1938
1015 219
1643 1537
3145 118
3986 777
7008 2063
7287 286
8253 630
8404 2274
8883 1078
9324 1368
2471 1635
5882 1513
7151 1512
7637 1598
8864 1824
1293 1137
1829 2233
2033 1201
3985 567
6952 2133
7011 2036
7164 1833
7479 2029
7814 1599
8031 1337
8730 2185
2430 2026
3383 1741
3462 1613
6909 1804
7375 2096
7704 2061
8098 2035
1517 610
1816 1912
1897 1302
2806 814
6597 640
8754 188
2315 1387
3073 553
3511 1947
3670 2162
6577 2271
7511 520
7517 2157
7962 1072
7970 1528
8570 149
9291 1348
3123 874
6788 2195
7703 766
7877 625
8526 133
1615 2136
1876 1637
6162 1035
7222 181
7948 1553
8145 960
8783 774
9004 2254
9135 1929
1440 1752
2386 2028
2388 1146
2437 1601
2479 1621
7900 63
8449 204
8682 2195
1104 1003
1124 17
1952 1125
2231 892
2537 2028
3982 1509
4658 872
7185 1326
7282 1278
7607 2229
8013 1911
8459 1148
1439 1960
1633 1976
1864 1111
2690 1049
6125 105
7005 2015
8270 1983
577 271
1075 973
2278 495
8411 1935
8926 1160
1654 274
1949 2243
2553 2035
3156 864
6855 1459
7147 1184
8614 1154
9093 1268
960 135
1190 1473
3702 2294
4017 1509
6803 40
6844 229
7190 1086
7540 2300
7604 1718
916 1009
1073 1684
1704 1788
2400 1828
3279 1957
5860 688
7418 596
8001 1627
8311 1534
8782 1807
8906 1054
3203 2299
7245 2096
7719 1803
8477 783
9306 1216
1223 2133
1748 1856
1947 1470
2181 1
2201 296
2390 1181
3435 1984
6928 1147
8151 2214
8608 1090
1794 995
2934 1381
5877 925
6743 904
6932 1075
7915 2289
8875 32
9119 117
1278 279
6594 2181
6657 2241
7149 1534
9076 1114
9275 2195
826 1798
997 375
1529 1746
1920 1975
2168 1003
2331 1146
2454 1056
3439 1998
6609 279
7237 973
8651 1513
9120 2213
9248 2185
1306 48
1463 1242
7101 2097
7643 1296
7968 142
7985 1490
8620 2235
1677 591
3600 936
6620 1805
7677 1352
7778 544
9319 1792
604 1855
2353 2177
2743 1808
5828 1016
6887 841
6967 1616
7579 1477
7839 1230
2079 274
2378 682
2508 1369
7453 1505
9279 1482
199 105
2251 1917
6668 1094
7538 1361
8207 1815
8360 1772
9353 2131
1037 921
1244 2281
1404 667
1680 1609
2443 1624
3480 1332
6037 1611
6824 1552
7220 1425
8125 1419
8144 402
8792 774
991 1529
3452 890
6927 1739
7351 1540
8371 1772
752 81
1799 22
2946 109
6034 2199
6689 1621
6763 1094
7153 649
7308 697
7378 2125
7394 1943
7840 1720
7848 2109
7881 1598
1195 1482
1279 1686
1862 1077
2329 1198
2573 1063
8251 2274
9095 854
592 1161
2229 2187
4884 607
4958 742
6675 1765
6890 1751
8035 1439
9089 1990
769 2140
2350 1431
5613 1967
7955 1425
8804 2160
8988 1627
9307 2152
9433 742
1362 257
1757 285
2546 1332
2756 34
3211 836
3437 1984
5061 147
7141 592
7669 677
8250 1929
8677 1947
8965 2170
617 1833
1561 532
6467 598
6823 2116
8391 286
8631 226
9424 1114
1309 650
1825 1566
3252 1038
3644 1984
3978 1509
5988 1718
7425 2273
9224 147
1106 2203
1985 1844
2631 1075
4921 637
6080 1322
7034 294
7976 2225
1756 983
2121 2199
2457 1391
3821 528
6972 1313
7059 31
7880 2049
8018 153
8278 796
1837 46
2313 1296
2540 706
3096 1313
747 382
1471 2217
1648 2110
2040 2033
2869 2271
3490 284
4858 2016
6198 2176
6290 79
7078 1506
7949 2257
8772 2201
1584 995
1871 824
4125 1666
6809 1166
6923 1075
9367 972
903 1601
2372 100
7504 650
9227 180
737 561
1549 1913
2958 1448
3155 1201
3295 1972
3517 864
3655 1459
5819 2015
7150 2277
21 1727
1553 293
2533 2171
7156 1815
7747 1880
2205 1363
6749 696
7241 701
7288 32
8380 1505
8572 2189
9315 465
623 977
3208 1583
3453 1984
6574 231
7113 142
7824 684
8683 1934
8717 1395
793 1286
1577 1813
2174 164
2195 1207
8280 816
8646 711
1739 438
1843 430
2062 40
6883 2109
7040 2230
7424 1376
9086 2283
1147 572
1357 2099
2222 925
2972 1929
7035 1607
7254 1793
7541 1439
8648 1259
9140 1797
2520 2026
3202 47
6599 1075
1148 1941
2233 809
2310 1312
2886 678
4000 777
8590 1205
8659 664
1933 1602
2054 1407
3449 2197
3641 2162
6622 1634
8234 2015
9163 656
9225 632
9375 1602
3174 1004
3476 2197
3991 105
1138 1529
6964 856
7416 2029
7730 2307
7972 372
850 1309
1639 1445
6846 2268
8504 1767
8661 46
1766 1005
1994 180
2197 1241
2440 1268
2630 2195
3532 2162
6181 465
7104 1521
8214 44
8838 2195
9124 166
9247 1499
1492 420
1982 670
1987 1545
6697 2029
6816 2195
6877 1586
7310 1887
7372 256
7913 2251
8487 1038
1204 1980
1596 1579
2790 1513
6505 1126
8462 632
9039 1376
959 1909
1447 1078
2734 501
3121 1769
7809 74
1359 2017
2465 1106
2475 1545
3430 1984
4922 2230
5037 958
6856 2098
7608 929
7651 1822
9218 91
9240 1344
3516 1227
6144 1820
7500 836
8599 1198
692 5
2237 1947
3361 2176
6608 1895
6648 294
6933 1713
7380 2225
1437 754
3603 680
5154 441
6854 408
7554 306
7863 1879
1783 2140
2244 726
3178 2195
6612 703
7373 972
7825 1474
1612 400
1717 1387
1958 2151
2202 1479
2305 1962
2842 438
3450 2203
4711 1719
6859 1627
8210 2195
8796 1781
928 2125
1777 422
1828 2230
2087 1902
2294 1830
4676 1678
7242 409
7813 1158
7919 1135
9037 1877
912 1910
6768 1184
7010 93
7110 1139
7374 1928
7808 680
1776 2131
2266 112
2336 1522
2724 1135
2852 153
3705 1941
633 1850
2039 696
2055 1975
3674 1984
6713 2036
7800 928
1802 1327
1968 1234
3283 1439
6776 615
7539 2272
7570 2116
8429 1949
8508 890
713 2003
764 1316
1793 1114
2116 747
2272 1990
6629 2195
7009 1879
7914 1310
8488 1080
1337 1919
2807 1601
6613 2230
7975 140
8981 560
9139 1077
2312 2277
3384 986
3406 1984
6495 1975
7370 1091
8046 2029
8171 1310
8312 664
8756 914
9280 1498
2261 906
2306 1522
3275 1947
3416 1941
6827 2049
7386 53
7402 319
7731 1106
8014 1602
3645 2019
6720 2109
7929 1861
8114 1109
8123 172
1200 2150
2284 2127
3494 1421
7161 967
7838 2198
8071 1647
8426 1153
2049 2109
2376 995
2531 120
5847 1240
7754 103
8057 1135
8536 2235
680 972
1474 1039
2652 30
5977 1077
5978 1875
6171 1743
6857 1220
7248 1495
8956 375
2214 2238
2460 1471
3614 25
4923 1373
6157 1613
7484 1376
7673 2195
8857 683
1219 2191
2397 837
6717 901
8264 1665
8626 1129
1921 2020
2100 967
2164 384
6528 153
7020 2289
7469 1885
7826 129
2405 265
2669 1335
6245 1218
6355 2088
7106 1929
9303 632
9422 1695
2640 29
5824 2150
8576 632
8973 1661
822 1459
1236 424
2179 1461
6149 1678
8989 1551
1355 623
2370 2035
5280 1040
689 1666
1168 1636
2588 777
3266 1976
3652 1998
4793 25
7284 2035
7309 1975
8192 1665
9281 17
3263 1601
7247 592
7443 157
7467 1738
2056 1439
2429 1845
4570 1520
7739 13
7768 1460
7960 1207
8465 1066
9237 19
1690 2120
1760 1382
7770 491
1865 1407
6805 1348
9246 816
1353 1315
1441 1626
1557 1943
1736 389
2129 899
3976 777
1970 1549
2560 2235
2872 1054
7646 1288
7801 2195
9361 808
1795 1003
2246 1773
6874 1331
7526 2016
7628 1025
2816 109
3598 1548
6968 573
3550 2225
3622 1930
9427 142
1685 609
2445 1621
2884 176
7003 1534
7367 1982
8174 135
8397 1234
879 2128
2287 1050
2939 2025
6914 1257
7146 129
7338 111
7896 553
8010 500
1393 266
1586 206
1637 2207
3676 1548
7564 2195
8410 1165
1118 1364
2046 1806
6808 1396
7388 294
7759 157
9278 550
1616 159
2189 1589
3537 1678
6032 1187
6793 2033
7250 1179
8486 910
2993 1838
3533 936
6183 226
6595 798
2071 140
2143 1548
2354 2186
2367 966
2639 1644
2739 1382
3084 284
7963 2036
8662 1876
8793 1199
1218 1198
1370 426
1714 1031
2890 2047
3288 91
3573 2291
986 480
1675 96
3883 1374
8618 1300
1422 1693
7744 1477
2045 1055
2453 1380
6966 1102
7815 1392
3003 1964
6667 2027
8148 339
1705 195
2616 1504
6411 186
8285 2011
9241 1942
889 1957
1532 41
1711 2229
1940 990
2409 986
2494 130
2621 1637
3120 1513
3981 777
7750 1448
8245 644
1416 259
2228 1747
2309 1439
2470 1905
2473 1545
4902 2275
6826 758
7131 2195
7477 105
8923 1769
2464 179
2496 2031
7671 1754
8268 1665
8622 2287
7841 111
9458 1687
811 1994
6880 1627
7675 610
1671 2255
2419 156
5001 689
6849 2102
7354 608
8688 1822
8719 2120
8794 1801
1271 590
2779 1804
7902 1884
8003 1919
9242 1684
6860 726
7155 2002
7722 1224
3596 1277
6724 1415
7445 1086
8412 1135
8698 2197
1126 292
1784 2312
2115 1789
2498 1624
6674 253
6978 2051
6990 1205
7336 1653
6412 968
6893 13
7714 1072
8170 413
1127 828
2345 992
6962 32
7192 696
7549 2015
8660 523
734 1413
1881 1332
4848 118
5760 1947
6777 1680
7275 693
8175 530
8438 180
1011 683
1070 2041
7056 2230
7550 1243
7899 2232
8996 1792
8095 110
9328 357
9394 87
6178 1237
1105 2068
1545 1571
2340 2131
3567 916
3699 572
6161 7
7062 913
7162 1465
7184 1602
666 517
2753 680
4048 1228
8658 1856
2243 1903
3004 46
6876 2141
7063 2131
7518 1522
8230 1817
8260 2278
8513 992
2918 1040
3407 2162
3420 680
3994 414
6023 46
8957 1845
302 567
616 696
1096 1344
8349 1889
1800 1592
2209 1281
4847 2036
8000 2046
8378 1918
1425 610
2368 1548
3333 1977
3541 1984
7527 2004
7734 592
2487 977
2858 1035
6811 575
7591 279
9314 1534
1007 1138
2463 5
2504 9
6971 1920
7387 1196
7223 20
1629 2219
2467 1397
2768 1866
6847 2007
7188 1820
830 1566
2387 2207
7267 109
2041 2124
2219 2047
2945 1819
3965 105
8237 1192
8689 1752
8936 1673
707 599
952 1822
2901 179
6170 2186
7862 251
2262 610
3457 16
6590 2064
6769 46
6965 1998
6994 1749
7069 1957
1315 1905
2027 2264
2193 1741
2556 408
3694 2235
7103 2126
7219 2015
1938 136
2421 1436
5036 784
6066 424
7429 315
8606 153
1922 1387
2362 1440
3286 1647
3503 1947
6179 1908
1448 1948
1618 118
2135 995
6812 1297
8387 2304
1537 1106
2885 1769
3653 1548
6614 40
6894 2086
6907 1135
8124 962
8216 622
8345 2195
8701 1661
8811 1693
8863 2191
8919 2046
2013 1439
2492 72
6915 1695
6993 85
7611 2269
8630 304
8820 2273
2081 1478
6686 666
7189 1250
8053 360
9310 100
9349 32
2299 1420
2601 1016
7186 1144
1723 1267
1833 1760
2410 1798
4247 1049
4614 1450
6984 1918
9053 111
2148 1519
2248 41
3029 1172
6664 96
6696 927
1255 2260
1622 843
2028 1884
2043 1337
6547 1713
795 1405
3597 1678
8321 2185
2364 1461
2994 2274
8190 2289
2085 2190
2191 18
7037 948
7217 1094
8271 992
3959 785
7006 909
4612 1772
6975 1971
7567 1740
8231 2201
1243 91
2379 35
2495 1054
7281 563
7399 2238
7593 617
8267 2243
8684 1192
2198 1472
2212 4
2357 877
6681 32
7097 528
7246 857
8176 1852
8675 1589
3428 1461
6750 120
6996 13
8920 2026
2199 1234
8056 1094
864 302
3049 1845
8655 1197
2069 429
2324 1815
7239 1498
8007 275
1848 1589
2161 899
8679 1377
8887 34
2036 551
3074 2028
3509 1929
6939 1872
1857 696
6653 2015
9323 1693
1770 203
2359 1073
3053 50
6879 1153
7717 1389
6873 427
6995 1790
7366 607
7793 1297
3005 777
6656 1448
7072 1104
7487 1610
7796 841
1542 817
2216 2062
5351 2198
8030 319
790 2009
6937 2225
8033 101
8437 329
8841 944
2486 1691
7031 451
7255 2036
7715 1922
1380 1080
2406 1010
3445 1613
7071 1534
7098 319
7105 339
8625 1854
1470 1349
2619 1904
2944 1767
7794 1534
7884 774
8525 16
5775 2176
7405 1820
8831 2221
8871 1573
7426 1742
8289 2114
2871 319
7757 156
8288 1623
1454 185
2286 28
7439 1183
8476 632
1050 2035
1686 928
2106 0
7007 2036
7043 642
1603 2207
1991 88
2144 1812
7648 467
2396 545
6570 913
7852 1640
8548 1897
8832 1817
9263 1524
6934 598
6676 1960
6961 1436
8748 1879
6643 465
9159 1523
2873 2060
6885 1239
6742 2049
6918 2061
7117 1534
7314 1301
7568 1602
2059 1326
2254 1567
8215 498
8667 46
2590 1054
2402 1567
2478 770
7845 1229
7897 115
2433 2199
6861 478
8261 1861
9438 1153
2065 2149
2438 1031
7274 2082
7289 1513
1181 453
3662 54
6774 368
2824 2274
7383 979
8522 145
2713 2257
855 139
1660 582
2539 2155
6950 927
7036 1556
1479 1049
8780 696
9264 1872
8515 2257
8605 2270
7721 479
2484 1535
2491 1471
7936 1790
8208 1523
8795 211
2047 986
9096 81
2425 1427
8696 72
2190 280
1661 1361
7522 335
7583 2269
1849 1407
8265 2007
1506 1054
2449 96
7879 2195
8664 1601
9123 836
2502 1374
7001 1808
6882 172
2365 691
7971 2006
8575 1498
2196 1922
2545 229
3493 1666
6548 242
7621 2047
8930 2199
801 272
1894 1545
2343 1508
2099 422
3469 1994
1913 204
2023 172
5032 1184
7196 100
8970 47
7080 2195
7210 1237
7166 1986
2481 944
7130 1402
2314 1446
2434 2028
7176 319
9168 1268
2194 1255
7285 1031
7780 172
9318 1376
2881 1807
6332 2162
7733 181
7680 1908
8112 47
7276 142
8840 2274
7107 1583
7244 2257
2401 1809
6596 1919
6976 1510
7861 1790
2377 651
3048 1601
2499 2036
3621 1582
1002 1744
2608 1922
2665 702
2452 256
2332 1601
3170 1548
1858 664
6735 1746
8408 6
7158 2126
2943 2300
7783 2162
2380 1948
1069 1841
7183 520
3599 1998
6583 172
8422 1720
8533 2028
2177 28
1747 1543
2352 1363
6781 1666
7002 1852
7847 2061
8050 1664
6974 26
2303 2162
2644 1509
7830 1203
8004 2257
7385 1929
1729 793
8975 5
1716 1343
2931 668
2114 583
8812 294
671 1661
1815 1138
7145 2209
8143 2028
2204 1922
2536 1078
3377 90
2482 614
7853 1661
8597 450
2609 2131
2358 1845
7482 1618
2382 958
6904 1818
2136 2193
6963 1620
9461 2017
2444 368
9110 540
1989 1407
6951 2243
7283 1629
2142 691
3651 1941
7039 2241
7942 1395
7022 1455
6929 1860
7672 2107
1046 138
2005 1947
6698 1705
8328 105
1187 2131
7042 314
8002 372
1978 1095
8876 120
2439 355
1323 804
7534 2229
2162 1062
7751 1629
7965 1941
9161 712
1807 905
2480 1482
2512 677
6960 1545
6710 1617
7194 1554
2351 1360
8826 1410
2426 1026
2733 754
8665 1838
1957 2085
2493 1356
2061 2125
6715 1807
8136 2033
7581 1879
7041 1568
1827 294
1080 1553
3019 1897
2584 1189
6930 377
8700 79
2004 2201
