img02c1.jpg img19c2.jpg
7328 1847
7072 1835
250 538
7769 1852
4366 853
5169 1469
925 2183
6404 802
7268 1751
5654 1917
5489 1469
5568 1917
5559 1847
4651 1876
4899 802
6471 2078
7992 18
7283 1917
3927 448
5490 1917
4836 802
7459 2313
8083 1643
7297 1917
312 7
4898 1683
5501 1847
7075 1935
7402 2296
5772 1512
4399 853
4830 1404
4514 1404
5591 1847
7386 1847
4401 853
4806 1876
5475 1296
4940 1852
7404 1917
4997 773
6238 2096
3899 1957
4881 1876
5136 1932
4405 853
4041 499
7059 677
5662 1333
7371 1847
8123 1859
2847 1404
970 1852
5450 538
5476 1893
4281 1766
3016 256
6439 1643
6288 802
4358 1876
4443 853
4661 1310
5424 1917
4477 853
4479 853
5581 1175
327 1322
3720 583
4400 1876
4685 1876
4138 1512
889 2114
4379 1776
6487 325
7448 1917
5256 414
7613 1853
5623 2333
7978 1469
4445 853
4725 1404
4387 2255
4482 1404
7073 1155
6950 305
5061 773
4402 1876
4958 1673
4360 1876
740 968
391 1859
8121 1297
7369 1917
4474 853
6589 1683
7406 1847
5539 1917
5760 1794
4323 2255
4876 739
3886 448
5542 1106
4850 1404
6797 2156
7074 1835
2220 1727
4581 853
7709 1643
6921 1828
19 2333
7026 1917
7353 1853
6647 279
3985 2096
5044 263
5527 1155
5667 414
5710 1847
6440 927
382 1917
4867 1404
4004 448
7403 1835
4973 1921
5051 1788
7123 1156
4166 2096
5016 1402
633 1378
5215 1511
3937 1957
7559 1853
4407 853
4440 853
4495 2255
3799 1071
5624 1419
4104 1766
4019 2096
5643 1977
7265 1593
717 895
2846 1403
3755 448
4783 1876
4106 2096
5323 1828
4054 2099
4408 853
396 2296
2946 538
4726 1003
7939 1920
2764 278
4105 2096
3396 1071
3721 618
5543 1106
4050 1766
4067 454
5544 2335
7431 1853
4042 1957
5017 1295
6584 2109
5434 1917
5589 1719
5677 1795
6406 2127
4139 1957
5569 1155
4864 1876
788 226
4284 2096
4546 853
4585 1404
901 2183
4367 853
4232 2096
4831 1852
5843 2018
1942 2199
4043 499
4046 507
4928 828
7212 2126
8126 538
4088 619
8074 2132
4049 2127
4117 1957
4781 1876
7708 2336
4912 1404
4854 739
5191 1510
2806 251
4010 455
4840 2336
3951 1868
4505 853
5713 2333
1155 1230
4503 1876
3795 454
4363 1876
4572 2255
5190 424
5607 1156
5714 1347
4724 853
3753 721
4380 2154
3984 2096
3986 2099
4787 1852
4925 1852
6662 1895
3757 454
3764 619
5592 1156
6405 1450
7176 1859
5171 1859
4846 1854
4656 1876
5541 439
8144 1794
12 2399
5754 1835
8025 1111
1276 1378
1899 97
4960 1516
7436 1833
4322 2255
4424 2255
4011 1957
5363 2018
6648 1470
8100 223
3228 1071
4009 454
5039 683
5537 1859
6649 1910
149 1779
3947 2127
5042 802
6996 1917
6591 1769
7325 2336
2338 1034
4037 455
4557 1404
4893 1404
8067 2018
4286 494
6403 2122
4620 1404
5773 1175
7537 96
3807 1957
654 18
4784 1404
4873 802
5689 1846
7327 2330
4458 2255
7352 538
7589 1483
4359 853
6964 1910
356 1297
1144 1828
4020 2096
4483 1310
7110 424
1453 1891
7136 1510
7805 413
4507 853
7224 108
3723 618
3900 566
4555 1404
4613 1876
472 739
4590 1404
4799 2336
5324 538
5782 1853
7029 1034
3897 1795
4001 448
4381 1752
4553 1404
6623 2001
591 1136
655 538
3756 454
3932 454
4517 1404
5282 1794
7481 2019
4002 448
4548 853
4755 1003
5731 1835
7041 1917
838 2227
4294 2255
5137 1719
5237 665
5807 2018
4591 1310
5433 1026
5898 2257
3379 1475
4285 494
4914 324
5233 538
5281 2261
335 7
416 1071
4592 1404
5491 1780
514 1998
817 1992
1240 1706
4484 678
4746 1876
6979 1026
3619 2538
3942 2529
4437 1876
5622 1893
7804 1794
331 561
716 1852
3817 2127
4023 336
6762 2387
670 538
3237 1795
4101 499
4259 1776
154 1021
4103 423
5002 1026
5452 1297
3432 1403
4145 2096
930 1469
1675 1053
4176 576
4909 1404
5784 602
6583 2338
667 2212
4079 2096
4447 18
4882 1003
4070 1512
5084 2336
6536 1719
904 1469
3521 2574
4165 2096
4344 2255
7326 2261
4894 1404
5236 564
6338 2232
6469 350
415 1847
7091 1956
4913 1238
7058 1994
3594 448
3724 1156
5932 2336
886 89
4753 1003
6468 1788
6554 2109
266 1859
4240 527
4945 1642
3463 1475
4260 494
4388 2255
4435 1876
4754 1404
6976 1415
294 1416
5626 405
5742 865
2050 1308
4147 494
4346 551
4465 646
5761 767
6489 802
611 2336
620 1308
649 538
4775 2255
8150 1731
3898 1107
4414 1800
5672 2336
6002 538
7079 1731
7772 2336
4686 853
4471 1876
4941 895
257 538
4092 454
4468 646
7093 455
2312 1483
3722 499
3861 1512
4077 495
4217 494
4233 494
4491 1886
4849 1003
6763 1958
719 556
7907 309
4076 2096
137 921
4052 2096
4102 1510
6593 1859
1101 276
2380 228
3911 338
1827 82
2090 28
4829 1003
5397 1297
6590 802
7039 1774
7355 1347
7533 2310
320 538
3701 1175
4033 721
4078 2096
7092 1155
4035 448
5515 1189
6287 1134
6978 1034
905 513
3386 1475
3526 721
6910 2170
8155 2125
3810 499
4100 499
4528 538
5512 2336
5796 1853
739 1835
4586 1003
4688 853
5054 2156
7301 1731
2182 801
3312 532
4774 2255
5642 390
323 1676
2399 1322
3890 448
4632 1855
5605 1847
6437 2018
4293 2255
5296 1297
495 1881
2264 262
4167 494
363 739
2202 1419
4038 454
4276 965
4622 1404
4959 2159
5132 2289
5194 564
7201 414
476 1136
944 1731
6893 109
4250 2255
5549 1934
29 2539
936 513
4018 2127
4061 632
4597 1855
5652 1774
7783 2436
1459 538
2500 241
3654 448
4315 2154
4350 2255
5488 2125
5700 170
3949 2096
4452 1752
4543 853
4906 561
4999 263
196 602
963 1994
3605 2539
3973 1512
4143 1766
4554 1310
5464 1917
3808 582
4113 218
7145 1731
3669 1156
4320 527
4431 646
5706 1793
4069 454
4757 424
5063 2493
5460 2212
3302 1795
5186 223
6994 1828
501 2338
2120 1034
7279 2261
7742 538
4336 495
4811 1003
461 1719
1364 2336
3705 448
3706 721
3846 448
3948 2096
3399 499
4292 551
5487 1136
5593 1175
7175 2018
518 2214
4090 454
4118 1512
4337 494
5212 1837
3380 1475
4186 494
4588 1404
6636 1297
290 2018
1854 513
4099 1511
4666 531
4690 1404
140 921
5520 2554
4727 1404
6374 2301
7438 2550
7766 1404
432 2577
2014 251
4892 1003
5606 566
4271 2192
819 2072
3293 1475
3715 454
3893 455
4691 1322
3388 1071
4148 494
5516 880
6574 1864
691 1034
506 1251
510 1887
1501 1909
2224 513
4034 448
4957 1238
5198 1297
5193 396
6514 2018
442 1917
2013 1159
3976 1107
7082 2125
376 1794
690 1917
7798 980
1369 1977
3856 1795
3885 448
4093 566
4563 592
4944 2298
6486 1788
1428 2336
3536 1475
3667 1107
5120 2336
339 34
4164 2127
6490 1859
3928 448
4457 1427
3541 1071
3658 618
3796 448
4314 614
4345 612
4825 1876
4852 1852
7631 1469
1290 1855
3154 1064
4091 454
4911 1404
7389 1833
8095 2018
4943 1336
7203 251
4234 494
5008 1917
5832 2341
117 952
232 7
4851 583
6470 2174
6785 2227
3859 2529
4036 557
6260 1336
7257 245
7544 961
478 739
3854 424
4863 1876
692 538
1466 2199
3613 2539
5078 578
5451 1116
6257 2170
4985 1683
8073 1913
4624 532
5360 1514
8078 2075
387 739
1892 1310
2203 2562
2709 1917
3227 1475
3891 448
3909 96
4218 494
5364 1136
3966 448
4096 455
5200 618
5795 703
269 1859
449 1887
3239 1795
6377 1998
3970 454
4095 455
4573 2255
119 952
752 2261
862 251
4316 592
3668 665
4598 1162
4872 2570
8092 1297
4248 2255
4750 853
5164 1475
419 584
351 1823
1230 2018
3612 406
4126 2154
277 1469
3749 721
5526 1347
173 2333
2468 334
4026 1853
4146 494
4619 1805
4663 1310
5085 414
6781 1778
6974 1416
3460 912
4915 2351
7748 1496
7922 433
3372 1475
3840 1835
4473 853
4785 1322
5674 109
7534 619
8041 2066
2818 2387
5163 1475
5174 1475
7483 414
374 96
4188 494
4539 1876
4551 1003
5836 556
6123 238
6340 1297
220 1936
4005 1071
4763 1090
6516 1487
6599 2183
3232 1795
4341 1804
866 1950
3215 1475
7387 1809
260 2126
646 1308
1081 108
3964 448
4097 499
4415 1752
4541 1876
4605 2255
4897 324
6235 2126
7370 2336
2195 663
3369 721
3657 678
3848 721
3980 631
4695 2517
5030 1660
6407 2120
6751 2336
6786 1297
3479 499
3800 1071
5022 669
5241 2449
6729 2280
4121 2499
454 34
1337 1855
3596 721
5732 1601
568 2336
3726 1957
3763 677
4120 2535
4430 805
4976 1295
5463 1731
5471 1855
7164 2018
463 739
4044 1147
5502 1601
5575 1847
7820 561
1897 717
3887 448
3971 454
4626 1071
7497 1816
7501 2296
972 556
2277 262
3308 1071
4021 494
4051 2096
4518 1310
7372 733
412 714
693 2212
4516 1322
5507 338
6517 2188
7111 1347
7128 2098
8149 2280
3758 455
4063 448
370 1794
883 232
3548 563
3936 455
4098 564
4185 2154
7249 2018
8132 2336
554 232
2376 743
4024 1153
4667 2631
5531 1934
5540 677
6473 237
7460 2296
7680 1853
3595 449
4062 449
4499 1876
5130 2289
5525 1512
447 2214
2660 533
4579 853
4615 853
89 880
2231 1909
3968 454
3991 1917
4662 619
5101 2172
2947 126
3400 2529
4081 494
5214 564
4749 853
6346 1469
971 2539
4107 2096
4556 1003
4927 2338
4929 1921
6520 2228
174 2529
4056 494
7500 961
3507 1403
3608 2539
4066 632
7016 1427
7407 1957
7480 1935
148 251
397 1795
3152 2336
3939 1107
440 251
3851 448
3858 582
3987 1868
4014 564
4261 2116
5073 2196
6848 788
7790 96
8084 1555
3211 1475
3714 454
4013 1512
4492 2261
5500 531
6588 1516
24 926
452 1719
484 2199
885 2280
1815 0
3661 454
4558 678
4593 2574
5175 1475
200 1119
358 1932
512 2214
2467 585
3461 1475
3464 448
3522 2201
3805 454
5602 1779
844 612
3930 448
5597 581
6865 1859
570 61
597 2336
974 1156
1112 1800
3431 1071
3761 895
7734 1794
215 414
364 87
511 2290
610 2212
3793 448
4884 282
270 1589
362 1297
861 1
3376 1475
3933 424
7938 2165
39 1898
3233 1403
3719 583
3803 594
5425 1297
6441 917
6515 2170
7331 1297
4470 1876
3707 721
4040 1071
4144 1733
5533 338
3138 1475
3470 1071
3935 455
4871 2176
5366 414
5736 1809
6737 20
7458 2278
5794 1853
7901 1416
8040 1336
3857 424
5192 618
471 1026
720 1310
949 1946
3850 448
4535 1855
1210 30
2325 339
3849 448
6968 1660
378 1859
3751 721
4032 721
5152 2289
5846 1115
7324 538
681 1917
1332 109
2462 2212
5576 2285
5649 1333
426 2151
775 305
3962 721
4015 423
5396 1215
7234 413
164 880
637 1026
738 2335
1641 2183
2552 585
3142 1475
3925 2201
4589 1310
4910 2326
5176 499
698 1847
1060 2214
3889 531
3941 1957
4256 414
4637 1778
6999 2085
913 2183
3901 1957
4708 1799
5758 1854
7031 1731
3241 2539
3382 1475
5119 865
228 1872
3226 1071
3616 2445
5462 87
5550 1868
5688 1956
4460 2255
4617 1876
5779 1482
5787 324
3809 2529
4273 2192
4513 1003
5107 865
4132 709
4382 2261
5775 1778
3975 2529
4216 2154
5144 2289
7498 532
235 1469
578 561
1704 30
2346 2336
4413 1081
5837 2341
7037 1388
293 1378
3430 1403
4156 576
4883 1106
5003 2066
256 32
668 2534
3213 1475
4000 1601
4707 388
6564 1794
3297 1475
3394 1795
3752 1071
3760 1403
4756 1852
6534 2188
7269 1297
7388 651
1048 1917
3940 499
4029 2201
4282 1733
4570 457
4948 2075
5123 1837
5275 751
6337 2075
7515 1416
515 1920
580 1917
850 1708
4124 486
4515 1500
4655 853
4866 1003
5513 1847
5102 407
5641 2335
6518 1753
2464 2236
5757 1778
6558 1591
3545 1795
4109 494
4215 1766
5151 865
5359 2053
5545 1956
6864 2336
1547 20
6485 2085
3860 1107
4681 2255
6553 324
6896 1828
7385 1335
156 764
915 1812
940 513
2077 85
2153 190
3602 721
3656 531
3943 2431
6543 17
6758 438
427 1106
573 2214
3391 1071
4237 2116
4533 2255
4861 1854
214 1516
3538 454
3704 448
4475 1876
4641 289
360 2305
3961 449
3977 1512
4908 1322
287 34
3888 448
4512 1003
4627 1347
5725 1809
7048 1427
2395 2183
3343 1404
3754 448
4659 1322
5000 1269
5957 1297
6911 1297
185 952
505 1731
1682 87
3393 454
4264 527
6339 2260
7545 1003
8052 2299
6 1637
225 2125
354 1837
805 1334
1642 15
3229 454
3731 2445
3855 455
395 1917
2256 276
2310 1401
4709 2261
4728 583
5131 865
8034 1111
8152 1794
114 1634
326 1941
492 389
1807 1966
3140 1475
3469 1475
3999 2201
4031 721
5028 669
5347 407
6592 1251
7047 278
7094 1310
20 1639
1631 1731
3533 1475
3618 981
3896 1071
7154 1582
7538 96
709 1917
5699 1859
7463 1858
543 2145
3786 449
5173 1071
6402 2109
7368 296
314 96
3466 1071
4318 527
5155 1837
5560 2604
6954 1428
7204 2125
22 1639
3610 1795
7090 148
927 1136
1880 2255
2353 2403
2948 2168
3296 454
3702 448
5195 131
5508 338
519 116
3606 1795
4007 1795
4665 1845
4773 1413
6708 224
5765 1917
874 2107
2121 560
3934 1795
414 1859
718 439
3674 533
5861 278
6269 1207
7408 940
669 1828
3468 1071
3542 1795
3648 2201
3801 1403
3910 338
4519 2574
4639 1855
4991 1589
5220 582
5766 1853
7781 414
210 1966
3236 1071
4127 494
4283 1486
3387 1071
3818 1209
4900 2260
5738 96
3990 494
8054 2278
704 1648
2078 289
6767 607
467 1917
1122 2255
3588 1601
3798 1475
3997 1835
4064 564
5231 1828
5474 2126
6846 1828
261 1859
3429 1403
410 1026
1361 1992
1520 238
3295 1475
3475 454
4222 1222
6438 1971
7180 1731
7677 1706
178 764
1865 1719
4441 1876
4453 527
8077 1230
8 1699
30 921
713 1291
1302 1149
1474 289
1701 2183
3892 1795
5183 1855
5833 2582
5913 476
6801 1026
407 1285
1575 228
1661 1322
3084 1855
3221 1475
3974 499
0 1637
301 133
1564 2313
1986 1812
3246 1917
3266 1842
3523 1175
3649 449
5202 1510
5783 1958
6644 1230
569 2336
3486 2403
4208 625
5259 2343
5509 1643
5855 2341
1959 2255
2032 2367
4068 454
5389 1091
7076 1322
7512 1347
544 1566
1536 2277
3315 2539
3615 2383
3644 1175
3895 1795
3929 721
4786 678
6267 1868
7461 2296
187 1107
470 1026
3378 1475
4462 1168
4713 2255
5097 1357
5789 1956
6542 2183
7227 2159
7813 578
1141 1378
1714 1494
3607 454
3965 448
4339 1719
5145 2289
5159 1812
5690 551
6581 2108
6750 538
8139 850
839 1210
1638 28
1992 1909
3960 2201
4030 556
5157 2207
5273 2347
5276 334
6783 2336
7410 1347
177 1347
604 1895
1277 1450
1764 2289
2234 2212
3804 2539
3983 1766
4439 853
5014 2351
5555 1670
5969 1971
8032 2062
857 527
2255 2230
3609 455
3712 721
4740 1716
5069 2172
5365 131
7846 1643
15 1639
299 1026
2807 1468
4203 2337
5035 2503
6838 1027
7960 2371
371 1823
4131 1804
4175 576
4587 1310
6953 1887
291 1793
1469 2183
1648 1677
3044 1403
4647 646
6680 748
6728 788
7225 2269
1406 0
3216 1475
3397 1071
3506 1403
4094 909
4383 527
4501 1876
4694 532
6897 85
268 32
540 1887
2610 2355
4221 527
4600 190
6519 1555
8027 2418
482 1297
4417 2116
4621 1322
5138 1837
6310 2386
236 1793
848 2227
3018 1917
3998 2201
4253 1645
6582 464
522 1673
640 538
5280 1926
5744 1847
1216 100
4003 556
5346 407
5551 2554
8125 1297
216 133
3794 448
4017 1998
6565 1719
278 1706
502 1998
3212 1475
3457 1475
3655 721
3791 721
4303 844
3384 1475
3710 440
4338 2116
4859 1853
5580 608
722 1182
814 449
1113 2147
1525 1345
3537 1475
4183 222
4235 494
5486 86
5694 747
186 721
660 1634
4071 618
4269 1428
4767 1837
7635 2244
7776 279
321 272
4187 494
5698 573
1541 1058
7673 2169
181 880
593 28
1054 750
3139 1475
3759 602
3938 2529
4116 394
4772 226
5864 1858
5086 2387
5345 1261
6466 464
8039 1905
217 2182
2012 1909
3390 1071
3842 1601
5013 1134
5708 1858
6646 625
246 538
3455 1475
5354 2255
5835 584
6444 2159
3852 2626
3996 449
4349 820
4689 1322
5548 2172
21 1639
183 2246
455 289
758 126
1284 278
2759 656
3718 1403
3875 2333
4089 382
5465 2605
5585 2342
7496 1131
5197 1034
7025 2310
2333 592
2717 2487
3709 440
4080 494
4970 2122
349 2186
730 1136
736 1512
4057 494
4326 820
4343 1427
5675 575
6935 1933
7416 2554
292 1132
305 1469
448 90
734 1034
4768 2180
1325 2082
3474 1403
3540 1071
3880 1429
5020 1855
5477 414
5842 1812
6261 1487
8076 2202
1362 1855
3214 1475
3223 1475
3806 1795
4623 1322
4625 531
5625 1081
1472 2313
1608 1663
2418 14
3708 531
4628 971
4938 2315
5269 2299
7163 1885
7595 1794
26 2333
179 912
2270 1663
2315 1950
3364 2201
3462 1475
3653 448
4810 1852
5079 1149
5719 1333
3313 1071
3882 2201
3894 454
8145 1450
1744 220
2288 1450
5053 1516
5814 619
439 34
1540 217
3300 1475
3603 1475
1650 1778
1684 2255
3730 2383
5697 561
7078 2126
7751 2283
8096 290
180 2333
377 1825
798 2183
990 1053
1699 167
1850 2367
2141 39
2385 279
3599 556
4266 2074
4610 575
4980 314
5862 532
7409 1347
3883 721
5792 1472
6679 2382
6924 442
8012 532
8104 2017
344 2125
562 1219
1021 801
3021 400
3788 2201
5756 414
6907 2315
7435 2201
124 733
405 373
422 1856
524 2236
2064 1908
4287 2116
4324 820
4420 1672
4812 1956
4853 1851
6255 1469
6892 2393
7756 1378
161 1002
473 1136
708 1828
746 2632
958 73
2186 185
3235 1071
4386 1860
4790 82
6884 2280
7101 1731
771 1917
1795 108
4809 1958
5034 2507
7728 86
138 931
302 538
474 2183
764 2193
869 28
3509 733
4559 583
6467 1683
7141 2315
300 220
1253 1416
1397 226
2876 1694
4178 309
386 1297
1228 39
4162 1091
4693 532
8035 2059
163 1835
513 850
710 1087
3666 2539
3926 721
4022 494
4028 2201
4719 1876
4982 1417
5110 2127
8075 1346
1792 82
3659 1846
4199 626
4733 1517
5340 1639
7122 1512
7354 1283
8154 1089
421 1347
2497 1322
4291 241
4692 619
5033 2053
5521 1930
6375 2355
462 1058
1625 32
1777 62
3298 1475
5004 2007
6552 949
6562 2037
8086 2184
1882 131
3144 1475
3547 2489
4196 1222
4310 1930
4975 2067
5213 1415
5257 1837
5553 1930
6998 561
7109 148
7446 1935
7580 640
1053 2338
1376 2199
3646 2201
4660 619
4930 2355
5352 2443
6535 2134
1710 1920
4433 844
4538 787
5430 2605
7126 2336
638 100
4839 1034
4955 1589
238 1582
565 2280
906 1147
1700 1185
1879 692
5720 1027
5852 2341
7288 641
7536 2285
558 34
574 2125
2092 2126
2713 2340
3193 2562
3665 454
4511 1310
6800 1794
1387 1738
1441 1467
1566 1333
2446 2041
3713 632
4362 853
4649 1829
4916 1516
5204 1529
7835 414
8029 1111
1130 2183
2427 1917
3652 912
4701 1517
4967 529
4986 2188
6967 1819
548 2126
579 1855
658 1893
678 1828
1102 1900
1876 89
3179 2377
4907 1848
5196 2382
5216 665
6674 2336
120 1482
466 2211
1492 859
1595 1784
7499 1003
7588 1673
263 1793
731 589
973 1136
1203 1469
1812 232
3453 448
3989 494
4198 576
4602 289
4888 739
5686 1859
7733 2299
8026 2470
1232 100
1394 1917
3879 931
4427 1322
4537 646
4631 1564
6523 2227
493 801
1227 1671
1335 2277
3407 366
3454 448
3830 2377
4423 2255
5156 767
6496 288
488 1136
766 2125
5676 2606
202 1773
898 2257
2242 205
3732 515
4680 653
1034 1917
4549 657
1416 224
2093 2212
2327 2336
5189 1819
705 226
3748 2201
195 1476
304 568
1420 1581
3711 448
4108 494
6491 2146
28 1408
3078 448
3299 448
3452 721
4220 619
5108 1855
5755 2382
7924 1008
4039 1795
4152 1804
6635 2018
7217 1731
7535 2471
2426 1486
2776 2355
2961 2387
3242 1795
3787 721
5222 582
5249 601
288 1887
751 1529
1752 592
1796 1158
4936 2402
5158 853
150 1858
330 288
3614 2529
4643 574
7254 1415
456 1895
785 1996
961 39
1995 1932
4697 1297
6311 537
7323 1295
3301 1475
4764 1476
4947 239
5224 2456
7806 1859
491 1954
1884 2199
3148 1855
4340 2116
4524 1553
4609 844
5657 1819
1985 1264
3725 1107
585 373
2659 2382
5048 241
6853 2336
221 218
586 2403
1600 1992
2357 1506
4251 636
4520 732
5076 407
13 388
306 692
2119 1909
2266 1855
3591 454
3651 448
3703 721
6308 1469
7716 1440
8143 11
559 1731
2605 200
3385 1475
4236 1752
4244 1860
5246 2449
55 1821
400 2289
413 2336
2061 382
3611 543
3663 2539
4012 1957
6561 2298
194 1021
2582 2407
3691 1452
4567 1545
5637 109
1477 2199
3868 2212
4267 1860
6727 1469
7665 1866
1476 1676
3307 1795
4140 631
5685 538
5715 84
7779 1885
770 2212
1295 28
1886 625
4956 348
6442 2119
7121 1106
7860 228
8042 2058
8156 1736
139 678
567 232
858 1251
1767 59
3303 2539
3802 1845
4065 2539
4300 820
133 971
836 992
1590 0
2201 2529
2780 2232
3727 992
3884 721
4454 2261
4977 222
4992 958
5217 425
6122 413
6963 2170
840 1776
1857 1260
2355 636
2360 1910
3230 454
5188 2123
7765 880
7976 1159
3440 2574
4391 775
5790 584
115 722
1095 1357
1231 25
2161 921
3141 1475
3600 721
4289 289
2606 2435
4115 621
4410 1053
4741 1855
5721 413
5857 992
6344 288
340 739
606 1308
876 2183
4832 2517
5262 1021
141 912
334 2038
1197 1932
4055 2131
7897 1884
2432 18
4419 576
5271 2455
5567 2214
5745 363
460 7
583 1589
675 2316
1264 279
1656 1257
2276 2176
3269 1403
3993 363
4084 1222
4134 2098
5201 1510
5644 543
7913 636
67 1616
218 1655
504 551
3210 721
3480 564
3664 1071
6313 2258
1456 1794
1481 1026
1872 1958
3472 1795
3797 448
3958 2574
4205 2336
4268 1860
4606 2017
122 974
336 1271
2805 1416
3267 1322
5524 632
6124 278
7873 2105
3238 1795
3811 780
5162 1475
5514 1071
1348 1261
2811 2340
4270 591
4942 423
7061 1866
424 1517
931 2214
2973 2107
3790 2201
4082 494
4290 1089
5341 1638
5666 1819
7915 2358
191 992
1262 1308
2821 2034
4207 629
4297 775
5247 994
5671 1333
465 1784
903 1346
1171 1485
2268 250
2458 2041
3310 1795
7100 2154
7188 2098
3292 1475
4575 625
4920 1670
35 1888
322 1215
347 1469
707 1826
968 550
1626 1058
1846 2393
4242 850
4669 282
4791 1148
5611 640
5748 1842
281 64
3534 531
3544 1795
3647 2201
4797 387
7810 2453
184 1197
243 1719
1829 1661
1896 296
3306 1071
4159 74
4904 1202
5274 751
6821 2382
1089 912
1196 772
1363 1322
4265 1027
4903 640
5001 2151
5712 851
5788 237
7083 239
7216 146
7633 531
1692 1699
2298 2335
3473 1071
3527 448
4128 494
4878 1107
5493 2493
7040 531
496 2154
899 2255
1157 2183
2132 1950
3525 721
4369 1141
5040 683
5734 414
7246 86
7942 2173
315 1295
509 1719
1344 2255
1709 223
1776 2230
4008 455
4950 177
5505 829
5630 389
5678 958
6585 1251
105 1482
155 971
453 1
1075 2600
1114 1123
1349 289
1613 1191
1817 1516
2654 1858
2730 1080
3716 455
4048 1732
4629 1670
4795 1819
258 373
1015 2214
1521 96
2108 738
3375 1475
3978 601
6256 1859
6555 1508
429 34
1133 1793
1431 0
3067 2427
3471 2539
3923 2201
4231 798
4571 2260
5242 2449
6752 103
68 1628
4200 591
4966 608
6612 1958
8087 2086
884 265
2878 2301
3532 531
4174 576
5077 2387
6598 1416
6834 1853
7681 2285
319 1886
1313 2367
1467 1415
3020 1378
4342 539
6482 359
437 853
921 2082
2421 2048
2436 1687
2877 1133
6707 1448
7688 2018
864 30
3510 1322
3815 527
5412 1346
6528 774
7433 2019
8151 1663
929 604
1307 728
2715 533
3181 1403
3291 1475
4059 1829
4194 1804
4922 862
4971 917
207 747
338 1026
984 1175
1814 318
3311 1795
4288 2255
4596 1368
7896 338
341 1643
572 2221
696 1785
1046 905
2370 2336
3478 1795
3581 2377
5863 1815
5911 82
165 2562
521 1566
1760 2199
3601 721
3650 1601
4676 2367
4704 2315
5228 2531
867 949
1579 24
2031 1812
3465 1475
3841 2201
5121 2351
5578 364
450 2257
590 1855
2364 392
3187 1403
3529 531
3635 2377
3744 2201
3963 531
4640 1910
6314 2122
6806 265
7892 1321
3209 531
3290 721
3769 423
4313 2085
4820 2395
7405 1977
2880 2355
4058 2205
4529 2116
5811 1935
69 1022
619 1961
1285 1855
1597 2315
7507 1834
530 2143
1751 36
2283 262
2291 1284
4209 7
5739 1778
64 1898
176 1347
1516 28
3136 448
3952 1294
5381 2417
5696 2017
834 1920
431 1637
1077 1795
1663 39
2400 1981
2932 1403
4180 1976
4974 1998
7562 96
7690 96
8053 2079
62 1112
911 228
1212 1812
1463 2086
3304 1795
3441 1601
4792 224
6916 1342
6975 1782
551 87
634 1389
3662 2539
3904 2371
4086 218
4664 2574
5681 1034
6210 82
7010 2170
279 87
1660 1
2262 683
4710 131
5532 2172
6172 1026
7852 2513
946 1308
1604 2183
1610 1894
2200 1727
2777 2355
3528 448
3543 1071
4262 1653
4720 691
5272 1021
7961 338
914 1322
3426 2377
4169 1580
5786 1734
5817 618
7513 2537
1759 1965
1894 1891
3265 1403
4296 382
4869 498
6716 2277
3374 448
3677 2386
7531 1413
324 1645
411 2285
644 414
2004 527
2309 237
2879 2338
3145 1475
3776 1524
4189 1582
4224 2063
4532 2080
6293 1920
7950 1604
1775 1958
3865 1213
4378 2098
4674 1264
5118 865
561 1731
659 1471
2060 1855
7962 2137
23 388
1549 2170
1875 1926
3785 2333
4213 1238
5546 1264
6614 1532
8065 1481
2655 241
2803 1842
3645 1175
3967 390
5311 1639
84 1500
786 190
4493 2260
5116 716
5825 1517
7209 2170
7245 1879
342 1469
402 1721
1323 187
1507 2230
2265 1494
2281 1123
3917 1107
4335 2078
367 1264
388 430
1537 1779
1993 21
3395 1403
6531 1250
17 388
231 1221
1311 1589
3383 1475
3427 2377
5724 1778
5808 449
7472 1529
385 1064
2366 1208
5100 2172
5519 59
5653 2550
7797 2075
50 1888
826 1090
1158 296
4834 969
4891 1796
6054 2165
6521 1913
7888 2203
7 1699
1191 2183
1357 1900
1372 1842
3048 1022
3587 1601
3742 2201
4807 691
5711 851
6032 1933
6681 34
7009 87
7392 2196
8147 2124
538 1527
617 1136
822 2183
1672 2277
1910 1685
2329 1190
2343 339
3513 2333
3535 1071
3982 587
4112 1580
4565 1052
4658 1805
4670 969
127 1821
143 974
765 2183
1651 2251
3424 1795
5478 1813
425 2214
924 1322
1234 465
1485 1859
1957 1604
2405 2183
2673 1673
3329 335
3747 2201
4154 576
6335 421
348 279
2289 1830
3597 721
5284 757
5818 2341
7609 2087
683 1828
865 2001
1584 2336
1773 199
2211 177
2917 1403
3108 1403
3640 1403
3750 531
3956 861
5816 583
6497 2268
146 1030
541 1895
1241 1819
3089 1080
4249 2125
4317 2116
4990 1958
5235 1499
5834 1408
101 1616
384 1413
2491 2298
4798 2018
244 2211
1265 1837
1868 338
1975 512
3433 1587
3476 454
3843 721
4151 1492
5075 2172
5229 2558
4 2006
152 666
4150 1580
4547 861
5074 2125
7282 1440
7833 460
404 1369
782 2173
987 1834
3398 1795
4135 394
4243 550
4705 1517
4987 2115
5230 1021
273 2277
2261 748
3389 1071
3789 2201
3819 382
3969 455
4969 1578
5707 2574
553 34
837 1104
1768 15
3844 1835
6312 1440
6333 232
8110 97
1086 2542
2443 2048
4301 844
295 1416
584 1297
825 1834
2354 329
2393 1900
2699 1497
3451 2201
3598 1175
3847 449
4793 2458
5640 1954
8146 133
688 2534
2598 520
3217 1475
3853 455
3872 2377
4696 1090
5801 1858
5888 2509
6849 2595
52 1360
630 1308
653 109
1024 237
1389 2315
1581 1855
3231 454
3551 2206
3681 2407
4416 2116
4534 688
4972 1304
5227 2456
5771 2375
7477 244
136 1084
700 2285
3264 1403
3456 1475
6391 1977
6560 1842
193 2065
1258 2214
1405 1760
1932 1310
2778 2355
5307 1639
5574 1357
7479 2324
1128 551
1267 1369
3309 1071
3392 1071
3519 609
3592 2201
4225 527
5270 751
1189 2126
3079 721
3792 721
4157 1544
4428 382
4711 2080
4968 2613
229 1886
1322 1731
1407 1346
3549 2214
3878 1298
4739 2080
5293 1381
5851 2341
289 2302
343 2382
671 1917
2210 348
2459 2049
4429 1566
863 2431
1831 1809
3234 1071
3459 1475
3955 96
4418 2261
4953 389
5167 19
5693 538
6336 1988
8038 1271
81 1384
3504 1403
3508 1071
4368 1809
4815 533
5953 11
6347 634
6488 1544
6573 1822
7447 2087
7773 1642
1047 0
2158 1308
2251 2101
2566 1080
3240 454
3698 603
5810 339
603 1794
2369 1378
2793 1403
4384 85
5718 1378
624 1517
1331 289
1360 228
2178 2367
3477 1795
3642 1512
3733 2212
3767 2580
4530 550
1445 1837
1573 323
3467 1475
3660 1795
4574 728
5506 1855
5687 2125
5741 1794
5826 1856
6936 74
7137 1528
1056 2570
2881 916
3222 531
4177 591
4434 844
4877 1498
5153 2237
5221 425
5633 1026
7552 1626
7998 1084
436 1159
1511 97
1725 103
2662 802
3439 1404
982 289
1557 2278
2548 1136
4130 1662
6934 2170
7193 2397
219 1297
3220 448
4633 1720
5701 1879
6376 1418
1867 274
3153 1994
3294 721
3423 1403
4184 1090
4352 688
4426 1307
5238 2531
5317 1639
5584 872
3514 1155
3604 454
3972 2539
4161 683
4201 577
7434 1180
8030 751
469 1308
695 1675
995 1977
1693 1677
2438 1993
2940 2427
3634 2377
3735 2377
408 1256
632 1961
2160 2367
5226 994
204 2228
318 89
1572 87
1703 102
170 604
350 538
661 656
2351 339
3176 2377
4456 2080
4487 1263
7729 1676
51 1616
1460 313
1976 103
3305 594
4963 205
5207 1902
1617 1859
1925 1688
2935 1842
3314 2539
4486 984
7393 1562
7413 47
545 1965
3492 2041
4298 2192
5860 1119
7428 1026
381 1159
1278 2075
1424 1706
3924 449
4129 1580
5722 767
7124 1890
7303 1666
7611 338
175 1482
628 1867
1514 84
2349 2335
3219 721
3263 2377
3835 1616
3944 563
4083 1580
4455 131
4855 239
5306 1855
5308 1553
5780 786
6915 228
3008 1956
4247 2174
6613 538
8023 1801
157 1419
233 2304
635 223
953 2416
2296 392
2874 2551
3045 1403
3224 448
3571 1497
3746 1175
3876 1107
4223 527
392 2183
1415 46
1526 82
1994 21
2042 2230
2217 583
4190 2116
4858 322
5052 750
6807 1222
7452 1175
65 1360
111 1821
1447 2277
1612 2260
2247 1722
3438 853
5949 2203
1057 433
1606 1345
3225 1475
3530 721
4494 550
4569 2261
4648 1876
4870 2393
5799 686
6779 1427
61 1888
108 557
197 0
389 2336
536 772
552 1828
2567 335
3146 1475
3180 1403
3437 1429
3672 1148
4630 1507
5322 1026
6241 1785
6796 2277
7190 2595
267 389
296 992
1519 2380
2416 2403
3512 2626
4978 418
5791 1516
978 970
2254 1308
2408 2215
2903 2377
4525 1562
7750 1893
7920 1923
166 2207
248 1517
546 34
2851 1403
3147 556
3192 1403
4498 844
4531 2260
7739 360
1074 1031
1885 513
4073 720
5225 2343
5646 389
7140 1026
7266 2562
286 24
952 1308
1640 1732
3346 2377
3351 1403
3931 1795
4951 2127
1131 1588
1147 1204
2358 339
2412 341
2490 2298
2933 1403
4372 978
5209 2470
6307 223
699 1347
1495 2173
1571 1129
1916 552
3670 601
4204 349
4896 710
5504 1855
7482 1853
5467 2354
145 1045
1059 309
1920 2214
2319 954
2853 1403
6661 1908
6803 1701
91 1821
368 1826
4111 1580
4192 1928
4390 1566
5943 1779
6127 1536
6854 1828
7330 1116
208 1379
587 45
3102 976
3768 563
3812 1073
4074 507
4814 2468
5165 1904
5865 2501
6343 360
2943 2427
3401 940
3531 721
5261 314
7632 677
1475 1794
3516 2574
7294 124
7761 1634
18 1830
575 2330
2290 307
4540 1427
5026 2493
5319 2515
5609 1815
592 2147
1513 1295
1800 1210
2320 257
2705 1485
2791 1560
3626 2490
230 1026
868 701
962 1670
2516 2031
2551 2082
4149 34
4182 1170
5199 2295
860 2183
1539 573
1636 1264
2729 335
3348 2377
3546 1071
4197 576
7077 79
308 2212
535 1837
642 2327
712 734
1409 1505
1417 1895
1845 1149
2373 569
3824 2377
3826 2377
4759 282
4841 1879
5335 1639
5619 619
383 2398
1528 2315
2245 2073
3371 721
3373 448
4469 1829
1544 0
2258 1646
2367 2214
2389 314
2444 2049
3491 2049
5239 2449
5618 389
5638 2371
346 86
549 1756
641 1938
871 382
1670 1308
2194 958
2850 1403
3034 1791
3762 2539
4333 569
7763 1794
685 1213
934 1308
5362 1879
7329 1917
7819 551
1602 1829
2209 245
5310 1639
38 1888
313 360
3903 498
5660 1828
7184 1284
7192 1297
643 1468
682 2057
1078 2377
1100 80
1577 1779
4226 526
5160 80
5586 1815
7648 1945
276 574
2216 2367
2307 404
3717 454
5018 1638
6981 1872
483 1686
2515 335
2589 2158
3135 721
4760 214
5024 684
7560 528
123 764
589 1159
1393 2080
1783 1920
2322 1781
3539 1071
3574 1403
3777 2377
5208 2394
5303 1638
6445 1297
1333 2212
1697 364
2645 1507
3590 910
4110 1580
4411 756
780 2208
1090 584
3922 2332
5219 618
5336 1639
6121 1026
8070 1324
1780 313
2758 1215
5522 62
8153 268
222 607
1328 2550
1508 360
1593 1794
2553 2069
2817 2075
3143 721
3505 1403
4744 1829
5552 62
5595 608
5615 1815
5691 84
5802 968
6594 238
843 2001
1202 1837
1891 715
2299 85
2696 1497
3363 2577
4119 498
5218 2529
1159 2382
1718 15
2240 525
2285 1040
2564 335
3881 721
4504 691
4717 611
6324 241
7796 2075
297 2214
517 1719
523 916
2221 2582
2326 624
2718 464
2860 1403
5112 654
5372 2439
5558 671
5740 1836
7674 1788
8031 2068
1135 1044
2362 2367
3623 2420
3700 2201
3845 449
5244 2531
5351 2494
7146 290
8079 1731
169 2471
1071 2184
3575 2377
6037 34
6345 0
1 1637
206 829
1275 691
1464 1322
1523 1909
1649 2038
2006 2562
2196 499
2848 89
3277 1616
4229 2354
5612 822
7946 2303
8028 2500
755 530
810 61
3458 1475
790 2173
894 1616
1281 1177
1552 1818
1758 0
2137 179
2473 503
4552 910
4712 2080
4921 725
5109 1740
5661 1954
7870 2397
7931 2353
881 2267
1737 592
3869 1388
4497 2212
6373 2127
7941 2356
1342 290
4526 2212
5561 2172
298 911
1429 1357
1443 83
1509 1335
3125 2201
4027 1175
6675 39
7650 1509
110 557
420 1935
737 2017
2403 762
2457 2047
2801 1403
3831 1403
5060 2226
6706 1008
651 1938
4536 159
5143 2204
5485 829
6478 641
7724 2409
2390 1757
2761 1850
3258 139
49 1898
1570 700
2235 798
2392 772
5268 2125
103 1169
126 1475
3511 2326
5305 1638
5398 1670
1168 71
1370 1310
1732 2209
1948 1627
3151 1128
3688 1541
5709 583
6048 1945
7096 2171
1596 39
1901 1731
4801 1933
5021 2455
5096 250
5260 2558
5338 1638
5499 1855
1297 2315
1987 2214
4072 423
5117 2204
5370 2417
7553 284
7577 1777
673 1416
1305 361
2794 1403
6709 263
192 1275
957 87
981 2257
1017 2633
1622 1938
2927 1403
41 1826
833 829
1386 96
3355 383
3582 1452
3914 2377
4751 1796
5294 1639
5764 1852
5884 2604
7842 2627
328 794
666 1046
910 1833
1291 2585
1315 73
1450 2315
1712 235
2472 2049
3834 1616
4993 1296
7803 1026
750 1024
1192 82
3729 1529
4682 1307
5056 2059
6019 1510
7666 1999
1149 1562
1803 2367
4679 1910
5445 2511
6152 1264
7853 2493
97 2333
375 841
547 1159
855 960
2279 1496
2401 2356
2512 1080
2671 1221
3633 1542
4981 2099
5371 2340
7422 2628
7644 1026
16 1562
4173 950
5265 864
72 1940
116 721
125 1404
729 2011
2259 1287
4614 857
5006 503
5148 0
5298 1639
5309 1639
5805 340
5958 1549
6254 1
107 1795
1679 232
3096 139
4467 688
7747 1
8101 1542
199 2074
1044 2570
2873 1413
3823 1488
4397 646
4425 2018
4818 984
5058 2172
5982 1619
365 1731
1124 833
1398 1634
1578 1965
2003 216
5005 1336
5566 1589
7557 1921
74 1460
672 89
2177 304
2829 359
4195 862
8137 237
40 1889
3155 772
4699 2151
5178 2381
5577 440
7874 1830
800 656
1505 1872
2335 2212
2719 2117
2820 2049
4731 318
5803 1948
284 1026
564 1676
1038 1773
1527 2269
2620 2387
3105 1867
4302 382
4332 1026
5406 2370
5518 1855
7432 1524
63 1888
118 2560
526 2023
599 2394
656 1943
908 1138
2974 2084
3838 1323
5348 1638
5437 2336
6010 1891
6237 2149
1268 28
2616 335
4272 1328
4449 1316
4604 2260
5285 2426
5750 1323
1091 343
1097 656
1173 2300
3686 2377
4451 739
4736 634
7218 1872
7652 2375
1006 1865
1294 87
2190 1333
2411 2626
4279 636
5277 757
6563 2196
8063 1381
1161 1418
1818 683
2646 2409
2997 1403
3617 515
102 2634
621 2562
3137 721
3207 2201
3994 2427
5245 980
6384 2183
7003 1305
7162 64
7430 1322
7514 2285
7862 801
820 1764
896 2126
1126 90
1213 382
2504 2029
4924 625
2388 890
3425 1560
3995 383
4642 2260
4988 1951
5105 716
5115 2204
5634 640
5737 96
6174 155
359 2382
830 1219
1207 2284
2192 2209
3370 1475
6952 34
44 1514
1487 656
1533 1090
1556 1971
2720 2147
3275 1983
3836 921
5798 34
6078 1669
7591 785
8022 2152
1856 2202
3630 2407
4354 382
4489 1686
7099 1930
7928 340
485 1699
598 1731
605 701
1093 2228
1243 30
1263 34
2323 177
3620 1138
4153 591
4263 526
4394 2017
4561 2271
7267 1087
2981 2377
3017 1994
3636 1452
5129 2204
7138 2316
7927 340
1852 2209
2257 443
2849 89
3837 2333
4385 1494
5669 1297
5806 2277
7417 1524
213 1230
479 1634
1635 2327
2314 1482
5848 2617
5588 2212
7261 551
7872 599
762 2577
1107 442
2586 2407
2934 1476
4348 382
5636 1090
190 1202
211 2305
1452 87
3745 2201
4463 382
1345 1138
1673 289
3586 1107
3870 73
4485 2377
7097 1448
8069 1002
1058 586
2269 1732
4404 853
5080 939
900 2277
1731 1866
2334 600
3448 2201
4075 447
4327 1855
4847 691
5838 329
130 1460
303 2340
1145 625
1738 56
1888 0
3188 2377
3381 1475
3740 2562
5106 998
7335 1766
979 2000
1201 1297
3073 2201
4607 1307
5639 0
6046 2357
6472 1252
542 2336
937 2626
1639 976
1943 122
2352 224
3120 1888
3772 400
3874 1476
4006 454
5314 1638
5344 1935
7292 1814
7334 2298
90 1821
529 2011
1225 123
1427 2224
2056 0
2775 1913
2875 1221
4125 692
4578 2315
5187 142
7399 2236
87 912
168 666
1396 1828
3047 1476
3637 1563
5326 2550
5985 2011
6818 624
7367 1
8072 692
539 1948
596 2020
3081 798
3908 561
4521 2263
5655 1819
5770 364
7532 484
1468 103
1488 32
1741 83
1801 2371
2155 1983
2321 2203
2796 1795
2941 1888
3690 2377
4053 709
4412 2594
5658 1592
5753 958
7737 1828
131 1475
252 1442
406 87
1023 1639
1244 1784
1338 39
2822 2040
3110 1087
3583 1452
4351 1566
4995 282
6932 1390
251 89
618 1793
662 868
2117 382
2858 1795
4211 1090
4965 805
6040 194
6977 96
7821 2338
8033 2497
234 490
259 199
1781 683
2149 2241
2595 1497
4730 2617
5015 302
6537 1837
8090 2314
945 1846
1917 228
2348 778
2665 335
3001 2427
3002 2427
3671 2470
5325 1639
6049 859
6931 1824
7486 127
8005 994
8013 2017
1582 1976
5134 269
5735 1859
6926 1217
7396 1344
7489 281
7628 2323
7746 1885
8138 1989
451 613
555 443
1123 2
1170 2382
2371 2333
2422 2048
5064 2410
6076 2146
7587 2011
394 1954
918 30
1099 22
1255 992
2733 2031
3489 2047
4179 2181
4762 994
6688 357
849 1669
6200 1211
6202 2354
7445 1938
1903 1794
1921 2417
4702 589
4946 1009
4989 503
5682 256
5809 515
5815 620
224 1517
352 1167
1088 656
1226 228
1438 157
1750 89
3365 2201
4212 2371
5066 2069
5343 1855
198 1182
282 1723
714 1119
935 30
1839 224
2293 2139
4392 382
6266 288
7955 2090
477 1732
748 1902
1823 504
3862 719
4395 877
5142 998
5495 2418
7731 1926
27 1890
53 721
648 1753
897 1908
1470 79
1576 1803
1746 170
3322 1170
6038 1571
6065 1307
7822 1238
727 759
1502 992
1820 2123
2465 288
5870 617
6597 64
8036 1111
609 561
975 808
1312 1855
2127 0
3515 1888
3638 2377
3741 1107
3775 2550
4737 1723
5358 2418
5557 1859
5705 1398
1594 1803
2337 1973
3687 1638
5011 2531
5150 998
5376 2417
7840 1119
7906 2196
189 2562
254 608
532 1005
1174 607
1260 2199
1728 965
1740 2176
2103 1984
3959 2201
6753 1
6891 264
652 1357
1148 1230
2272 2367
3046 1403
4461 612
6606 2145
7817 1859
8024 2062
1497 223
2398 360
2926 1403
5090 1328
5723 2156
7859 2595
112 951
271 1270
1010 1311
3245 1966
5535 289
1138 886
2232 2281
2386 1509
5149 1202
5361 1731
5776 219
240 1035
401 2211
1256 1939
4321 1089
6357 663
7594 629
8046 1830
560 1271
916 2592
1208 2403
2931 1482
3449 2201
3629 2407
4780 853
4796 2221
5583 419
5679 2123
6003 155
6866 1656
7502 1240
132 405
533 30
1320 2126
1510 1966
3316 1731
4939 1819
5009 2450
5203 1196
5442 2357
7621 1317
7788 2342
576 70
1799 1719
2454 2049
3248 1152
4562 1144
4826 976
5205 994
6638 253
6961 2234
7042 351
129 2378
1121 2186
1269 776
3482 2315
3485 1724
3694 2332
3833 1476
4047 1213
4155 1495
4608 688
5050 386
5327 2550
6530 1342
6836 1828
162 375
310 1634
791 551
1039 2044
1440 237
1866 133
2306 1505
2619 335
3012 2427
4172 1222
4210 1833
5648 2063
6075 647
7211 303
1151 905
3182 1774
5089 1583
1169 1347
3027 1080
3697 449
3779 1476
6942 613
7929 1625
2102 1738
2193 1263
2356 1561
3988 1688
4934 774
5668 2336
6922 85
104 818
333 1719
418 1601
1791 2234
4239 2255
4329 382
4789 2566
4879 790
5455 1813
1683 1799
2823 1227
2857 1403
3218 721
3330 1913
3352 2562
3496 2047
4389 2192
6704 667
6756 1929
7113 1965
7127 2170
7778 1034
4466 382
4580 691
5234 1945
5579 1670
612 70
1669 1043
2434 1482
2448 1054
3347 1403
3621 1989
4880 853
8119 881
711 1853
5498 1159
5529 2415
7046 360
7910 1922
3 1877
1035 1238
1665 1950
4347 2038
4722 691
4729 348
5329 2550
5673 1026
6457 1731
158 1511
274 1388
761 1798
1292 1297
2461 1891
2813 392
3095 2516
3318 2192
3821 520
4652 691
4743 805
5206 1405
5414 1716
7153 413
760 720
4919 2466
5258 1196
5334 407
60 757
361 2199
1607 70
1698 1310
2065 1234
3442 1616
5797 1136
7738 625
355 1389
2431 922
3918 2333
4206 1664
4545 1693
4671 1634
6443 2331
7262 82
845 2534
1019 2554
1160 2208
1974 868
2983 1403
4331 931
5482 2587
2669 335
2670 335
2703 73
3734 2377
5659 1369
6875 692
7829 2010
1011 194
1120 1398
1996 728
2294 1501
2628 2420
4421 526
4926 2468
7397 1578
8018 2160
1915 1853
2313 1952
2739 1244
3350 1452
4635 1517
7786 1829
1561 228
1629 2020
2746 139
4603 2080
5031 503
5492 121
5554 2396
5599 2272
458 360
831 2255
6845 2123
7007 182
7579 2336
3873 2377
4577 728
4735 1791
5127 2204
5248 2531
679 1177
781 390
1388 165
1599 237
2246 1629
2990 2377
3186 1403
3699 939
5255 1756
6011 1322
778 80
1482 958
2797 2377
2861 1403
5614 1073
6060 81
6858 1262
265 1601
827 1762
1444 314
4299 382
4819 1802
4868 2397
7908 236
8082 1943
8142 190
1027 1909
1644 85
2041 1866
2545 2410
2984 1403
3150 999
3957 1601
5181 1616
6766 1968
7244 1261
7285 177
121 1511
366 305
489 1051
1018 1562
1705 2195
2227 201
1205 1279
1293 1709
1530 2118
3585 195
3778 1452
3780 1107
4319 131
398 1637
879 2067
882 1740
1491 296
2225 1637
2755 1831
5617 2015
6228 1701
6529 1228
7672 814
285 1671
1031 2100
1506 1855
2123 1958
2839 2158
3273 195
3502 2407
3728 621
3781 2562
3827 2377
6705 2382
7649 2083
1834 763
3693 2207
6103 2318
6259 1440
7296 1469
9 1223
1805 684
2653 1497
3338 2420
3578 1563
4862 691
5299 1639
6209 60
8140 430
531 1671
3495 2235
4356 844
5449 460
5670 1794
58 1903
464 142
677 1775
966 1866
1164 2403
2852 1403
3337 2552
3828 1403
7095 96
7905 309
8015 2416
82 1392
694 28
2241 2558
3501 2552
3524 1835
3692 1403
4277 504
4334 738
4698 1787
4716 688
5168 96
6479 789
390 1284
1340 39
1939 2613
2574 1004
3065 2427
14 1054
441 2011
998 1076
1042 80
1367 1719
1623 2199
3014 2333
3098 2516
3643 1888
4158 2063
5997 1597
8099 2342
1318 2317
1339 64
3434 159
5059 1276
5291 1986
6132 2397
7293 1117
7627 2029
8014 2123
754 2210
1432 96
2603 209
3069 2427
3074 1175
4025 1904
4241 527
7732 372
947 2609
2995 1403
5645 2596
7233 1261
1033 985
1245 262
5083 2039
5295 398
5867 2544
6125 2092
6723 1149
7834 2175
8004 1028
159 1084
525 1837
1082 1860
2781 2038
3907 1665
4328 775
5357 2032
7015 2537
7799 1653
46 1888
128 678
870 1222
2445 2049
2800 1403
3443 2201
3568 139
4994 616
5243 994
5480 308
7429 435
1236 2236
2484 463
4778 53
5390 2588
5528 59
6342 121
7226 244
7736 851
1542 2400
2648 2067
4357 844
5853 2566
684 55
2101 1648
2442 2047
3481 1791
4171 1222
4595 1542
5012 2547
5250 864
6820 1653
7830 1722
8112 1974
188 1463
623 1866
1249 859
1601 2022
1674 13
1900 1090
3871 1561
4616 951
4895 2517
5337 1639
5647 1333
5716 2282
5844 1826
7165 1663
892 2230
3916 1601
4085 1154
4305 756
4464 1168
4816 994
4935 2236
6914 358
73 1381
1134 813
1733 1295
1790 249
4476 691
5436 504
5942 1284
77 1514
203 2220
1085 2418
1390 910
2206 1429
2836 122
6318 2139
1051 263
2342 2335
3428 2377
3573 692
4133 527
4375 628
5290 2550
852 1192
1068 2184
1092 2549
1494 1839
3010 1670
5093 1694
66 603
70 557
443 1920
1729 1933
2271 588
2629 2493
2666 1080
2908 1795
3289 448
4902 301
106 1002
784 70
804 561
1096 1392
1437 1534
2502 623
3341 1684
3639 2377
3863 563
5692 2305
6721 2222
7847 673
237 636
1498 1818
2070 249
3053 1403
3556 2056
3829 1560
4933 732
5279 1780
7364 573
7555 2316
373 2251
1615 30
2499 2036
2658 1026
7179 561
7525 1612
7726 1624
37 981
801 2017
2896 2411
3247 1122
3421 139
3444 2201
3773 810
4438 1829
4890 2222
5603 1935
5729 1726
2282 340
2363 886
2455 2041
3736 1638
3864 453
4275 2185
4931 2491
5530 59
6776 394
7529 1477
172 2560
2470 2034
3101 1951
5283 2468
5563 678
5774 219
8059 1093
629 290
2895 1487
3557 2041
5072 1008
6822 995
98 1888
745 2580
1907 1853
3103 2060
3565 510
4409 921
4611 1263
6286 2124
7240 340
7959 1885
8057 1397
3766 2547
1479 2466
2588 1366
3007 2427
5328 2550
7308 1664
912 1124
2377 1757
2830 596
3333 2557
3447 2201
3979 2582
3981 2284
4170 1222
4502 1263
5458 1118
6732 1587
8016 840
8133 1867
939 1812
3190 1795
3255 1967
3349 2377
4122 305
4280 1063
438 1334
759 1934
965 2492
986 1902
1008 394
3082 578
3673 2346
3921 195
4979 683
5266 864
6193 262
7028 1198
7578 418
7904 460
59 1212
409 1051
582 1671
768 581
2280 200
2466 1833
2834 1244
3191 1403
6738 1911
7815 1561
8080 1852
1237 2154
2387 1482
2485 464
3738 1563
4330 931
5457 2199
7307 1575
8102 407
689 1592
1184 165
1554 791
2792 384
85 1460
520 1160
1905 1136
3696 2332
4560 1507
5411 1606
1283 229
1591 289
2305 1781
3342 1560
3494 2041
5320 1362
5385 2484
5570 1224
7730 2279
550 2086
3175 652
5523 1168
6839 2324
47 1514
1049 2121
1621 1469
2030 1908
2397 2623
2433 1506
4742 625
4766 2544
5278 757
5587 1752
5620 652
5881 1026
5983 1951
1351 90
1766 461
2223 228
5041 1768
5330 407
5468 2533
5762 363
7062 422
7377 259
7784 1132
1214 2086
1748 1020
1825 1694
2779 1788
2988 1403
5933 1959
6143 1204
6808 1166
7704 2169
8011 415
79 1978
902 1258
1550 2371
2340 1524
2909 2377
3950 2282
7152 1182
787 359
2043 2092
2184 1637
2324 1572
2998 1403
4393 159
4510 861
6236 475
1094 1238
1385 2338
2350 2642
3049 733
4448 965
4823 1427
5312 407
6837 573
7284 821
212 1471
815 343
4274 688
1079 2279
1802 62
2372 1126
2621 2298
2774 2075
5019 2040
499 2336
816 1908
2918 1403
4325 1566
4715 877
6995 865
7291 636
7359 186
7741 2017
7890 412
507 1629
4794 2375
4838 1358
5177 2529
5627 1817
7125 2316
7574 2017
71 1940
537 1966
792 2208
954 1908
2020 2440
2737 2490
2898 359
3335 139
3405 1853
3422 1639
3737 1563
4618 861
4654 1786
5892 1828
6299 861
7735 1794
1004 2078
1209 822
1299 2260
1343 1965
3028 1080
3499 1244
6792 2374
7038 295
7065 2615
2 1073
756 2369
1426 2214
2906 2377
3009 1888
4645 382
5383 2544
7035 388
7102 1415
7286 2369
7930 2267
8091 2363
1761 2327
3945 794
4714 1566
4996 799
6809 1784
457 1815
1235 2367
2925 2377
4523 1542
4923 1598
6182 1346
6701 1860
380 2268
1411 1851
2518 1588
2915 1403
2964 1418
3832 1403
4202 708
5849 359
6053 1123
7391 2420
7933 1552
2384 1861
2409 2323
3319 2125
3360 2333
3695 383
3902 794
4137 394
4403 691
5036 1087
5141 998
6883 1085
80 1888
309 2320
1037 2330
1084 2342
1261 1865
2252 1317
2708 1485
2824 1144
3353 1616
4718 187
5628 1282
6393 1610
7208 1026
8097 569
88 1821
1005 1851
1076 362
1172 1565
2904 2377
3039 139
3054 1403
3377 1475
5664 1938
7457 172
1934 1605
1938 665
3685 2107
5045 2503
887 1712
1009 2159
1109 1879
1127 174
1177 1908
2683 2497
3622 441
4761 899
5140 1939
5582 1119
5651 1859
5879 1637
6549 2037
7494 412
480 2126
1247 0
1465 26
2513 1080
3183 2326
4353 844
4721 1786
5318 1482
7235 244
508 2279
1072 2255
1634 1772
3358 195
5828 244
5979 2259
7243 2078
7470 1556
7698 2066
227 1794
417 1004
657 801
967 785
2171 197
2199 1242
2890 1244
3178 1403
3194 942
3317 235
3490 2047
4141 2518
4227 591
4544 1263
5321 2552
625 1533
1548 696
1991 102
2539 2516
4700 1347
5128 2204
7366 387
7740 1345
7921 588
7923 723
813 1902
2263 1050
2424 1701
3184 2323
4444 691
7210 2471
7977 1929
1844 99
1956 2284
2563 605
2910 1403
2914 1403
2937 195
3116 1403
3624 2410
4506 691
4542 1263
6962 2284
7150 57
7451 675
7503 1006
878 2557
1140 1230
1446 1971
1529 2126
1772 1578
1821 385
2029 1581
2596 2067
2634 1244
4472 691
6154 813
7462 1241
7624 2036
7682 137
7787 1237
7851 1012
48 1620
1194 1090
1266 123
1271 1284
2183 1750
2592 2407
3906 1693
5068 2172
6047 293
6258 182
701 513
1012 987
2000 1637
2894 1336
3367 2201
3408 1544
3577 1452
4311 1525
5304 1638
5331 407
5656 1297
5880 2392
7517 1000
205 2176
893 1779
1014 1814
1270 1042
3919 195
4219 453
4777 688
223 2256
747 244
993 1865
1778 68
2344 1946
6448 360
1016 2642
2439 2041
2891 2340
4136 1966
6782 2136
6843 1240
7358 345
7919 74
943 934
1251 1546
2460 2049
4432 1926
4683 159
4687 861
4952 1027
5680 40
5990 1347
7008 1230
182 2562
1352 532
1664 2317
1904 2393
2034 2068
2391 245
3450 2201
3580 1452
4255 2208
7172 1501
7622 64
8134 1776
253 948
1013 2058
1178 382
1273 461
1458 1515
1978 1161
2423 503
2897 2263
5301 2550
5453 308
5728 1044
1199 828
1486 73
2509 335
2710 1958
3077 2201
4776 2212
6028 2263
6739 2631
7605 422
7625 412
7670 464
7828 58
134 395
1490 1778
2226 1773
2996 1403
3011 1347
3270 2377
4374 260
4738 984
4844 691
6645 338
853 1141
1103 255
1308 882
1955 2396
2188 2606
3059 1403
7258 1327
10 1168
753 526
1762 146
2273 2049
2297 2618
2919 1022
2928 1403
4254 636
7437 2525
7752 1906
7877 1522
444 1068
2365 307
2638 2557
3063 1888
6064 2515
201 899
809 1932
1787 96
7903 1787
1603 1471
2923 1561
3579 1403
5573 2272
5850 1815
6572 338
7606 829
744 1990
1087 1362
1630 2260
1836 1873
1863 477
7832 2199
7993 1467
1848 1938
1873 2326
2339 1050
2936 2427
4459 877
4782 2562
5091 995
7491 1615
1115 261
1448 303
3106 1638
3517 603
3566 2407
4673 756
6832 2125
7155 1234
7900 651
8103 1778
99 1528
1067 102
1111 24
3589 910
4937 314
5289 468
5511 2237
6772 1322
528 1964
581 1152
1936 1328
1958 1702
3013 2332
4576 805
4583 861
5172 1982
5454 2354
5904 468
7753 1026
8094 2151
1221 1306
3244 1949
3561 2410
5556 1589
5747 86
6802 1309
255 1926
774 953
796 1930
1025 2085
1680 86
2238 453
2572 304
2689 139
3029 1080
3129 163
3632 692
3770 2348
4406 2280
7971 1943
245 73
1257 82
1906 796
2096 155
2250 1666
2295 1759
2382 948
2492 1544
2583 2263
3276 1253
5166 2268
7493 384
8093 790
76 1902
960 824
1167 1850
3057 1403
3158 335
4252 2019
7310 2189
1250 2315
2413 1251
3058 1403
3200 2427
3435 1888
4500 1829
5466 2352
7381 1506
78 1888
777 70
1534 42
3123 1888
3131 2201
5781 818
5886 309
6042 869
6784 2022
6873 1623
7914 2196
1743 1535
1849 2252
2527 335
5388 468
6602 357
7875 285
1624 1119
1713 19
3189 1403
4827 853
5046 1767
5767 1175
5960 1026
6027 1026
6398 887
6559 1743
7566 1108
307 2080
636 1647
1289 1144
2474 243
2602 1829
2678 139
2731 1588
3356 2427
7471 1936
7782 1477
1847 1656
2741 2551
2887 1992
3177 1638
3282 1175
3283 2201
4355 844
5536 2211
6198 1190
6672 925
86 974
938 1020
3446 1175
4481 1826
7000 1764
1061 2008
1356 226
2538 510
3368 2201
4060 104
6425 2399
7195 561
7506 1621
25 1620
135 1964
686 1483
2162 1562
4312 1935
4638 1223
4843 611
5702 2315
5968 351
6306 1719
459 63
847 2261
996 2554
1314 212
2902 2377
3336 2475
3503 2377
3567 681
6207 1252
6239 2420
247 1563
1496 1081
1546 2085
2175 1062
2425 1515
2968 2557
5355 2032
5565 1653
6631 1589
7263 1477
7415 217
151 2022
1499 222
1730 71
2179 166
2535 2407
2920 1795
3576 1452
4181 9
4800 688
5538 1797
6461 1946
7770 2300
1206 1435
1399 1476
1410 71
1574 1343
1619 1890
2704 1412
2993 1403
4644 688
4822 611
5023 929
7139 582
7543 536
808 2245
1204 495
1808 1438
2212 1941
2510 2041
2591 2493
3344 404
4304 1144
7663 1669
7911 482
36 1888
1655 2192
3042 1638
5111 2449
5769 1922
7002 2188
1851 80
3195 1361
5350 2031
5894 2193
7112 1861
7490 1436
7994 1936
3085 335
5210 364
6097 2085
7272 2011
7651 1397
1105 1791
2668 2031
2690 139
2862 1403
2982 384
6089 74
6317 1694
8009 2014
8051 351
167 1082
446 1068
732 2535
1183 2268
1382 307
4258 731
4446 1786
4747 1829
5146 2280
5402 477
7469 2284
859 2166
923 1954
1824 1893
3584 1795
6733 2326
6847 219
7236 171
8071 1931
272 1139
941 993
2374 842
5353 2236
6088 412
1627 1536
1689 43
1754 849
1902 682
2783 2204
2795 1403
2843 2067
3114 2377
3992 1918
4396 775
1853 2312
1887 599
2541 2407
5184 50
6774 1855
7662 249
8037 2385
5909 2486
6074 1949
6329 477
6740 931
7995 2517
1137 802
1425 1732
1562 647
2814 2031
4634 1670
5986 256
6460 992
7861 185
1180 1676
2482 724
2594 1497
3072 185
4371 1720
5264 2426
5407 2472
353 34
1125 349
2435 30
3004 2427
4365 861
4675 2331
4962 2141
7228 2286
7563 1433
7695 96
8089 2030
144 803
486 2247
735 1454
1319 2192
2475 1638
3196 2427
3278 1616
4193 527
5895 1653
7912 680
7964 756
854 2301
2870 468
4509 1786
4706 2091
4954 1588
5395 1588
6055 1676
6909 2382
241 2555
242 1204
498 1172
1408 2268
3062 1888
3091 2041
4657 951
5263 562
5610 2383
6243 177
6955 2159
8148 127
2688 139
5113 2387
435 64
1233 2439
1569 6
2562 2031
2679 2420
2916 1403
2939 1616
4257 1167
5429 2058
5596 2142
3403 277
3562 2409
3905 1706
4295 1168
4842 187
5286 514
5517 829
5635 1090
6133 743
6378 1125
7030 1812
7675 333
43 2427
2547 1814
2828 2490
3174 139
5876 1592
5946 1877
6579 2149
7315 2408
7610 163
2723 1044
2808 2435
2809 295
2970 1472
3006 1888
3022 2047
3109 1986
3436 2427
7541 1968
880 2409
1433 608
1667 1110
2530 1142
3262 1542
5473 2274
5935 1794
6018 868
6412 1327
1614 2371
3920 2333
4016 1390
5104 2139
209 1887
674 2124
1036 2144
1098 2628
1605 134
1653 1446
1889 131
2152 776
2585 0
5856 994
7194 194
7719 1498
7856 801
8019 868
1198 2315
2786 2552
5103 777
5461 375
7789 466
8111 1756
1324 59
2736 2420
2892 1244
6860 126
7792 1244
1274 785
2233 1791
3038 139
3043 2377
3113 2377
3409 2049
3631 2410
3774 906
4984 128
5484 698
7777 121
8113 388
2716 178
2724 2039
2838 2158
2854 1403
2960 1517
3334 2418
3825 2550
3877 195
4442 363
726 1853
2007 1433
3015 2201
3056 2377
3087 335
5300 1639
6780 2393
1280 27
1551 229
2757 926
3124 2201
4422 2370
7014 666
7548 385
772 750
3784 2427
5752 155
7780 0
3000 195
3160 2031
3167 2416
5444 2271
7273 2562
11 290
1690 1605
2525 1080
2542 2407
2802 1601
6819 2117
6852 289
6877 1799
7144 76
226 1994
433 1646
2451 2047
2743 2087
3498 2490
3783 2562
4436 691
5088 1799
5384 2053
6446 763
7425 2217
807 1244
811 2543
1215 1147
1350 1387
2508 1084
2972 537
3025 2031
3168 2551
4646 159
7657 351
1001 2554
1062 2102
1489 2393
2495 2155
2900 680
3497 2552
7668 1319
3149 1917
5027 96
5170 2315
7546 2498
607 272
1383 1320
1771 1364
2626 2475
2738 2490
2812 1716
2867 1403
3555 2039
3680 2552
4803 611
5124 1799
5601 906
7374 667
7958 1004
8108 1552
1055 2238
2712 2036
3162 335
4480 861
5182 1090
5534 62
6309 1629
7005 2142
7071 1636
872 2557
3197 1983
3418 2493
3676 1443
4771 301
7620 2413
428 2119
909 993
1717 2082
2143 844
3100 73
5447 2230
5824 2617
8003 260
1026 2327
1500 1669
1646 205
2430 2379
2899 1412
3641 195
4734 944
5456 472
5994 2206
6012 119
6247 425
6929 992
7348 2040
1317 296
2825 1544
2866 1795
3739 2333
4123 2119
7831 1286
2537 2491
3813 957
5823 2022
6321 1008
7134 33
7248 1640
8047 1297
2114 180
2420 2139
2661 503
2979 1019
3041 186
3445 2201
4550 861
5403 938
5650 41
7996 2029
1763 201
2859 1795
3410 1282
6431 2142
7341 81
42 1212
1069 2555
1480 2126
1911 244
2287 2040
2641 303
2701 2379
3052 1403
4594 464
5936 407
6106 814
7707 1139
2375 314
2810 2376
7465 2262
7689 1873
743 290
1080 1152
2303 2230
2985 1403
4045 794
4599 1753
4653 948
5038 1787
5313 1638
5459 1659
6331 2497
7981 335
75 1460
1248 2211
1835 1082
2489 1440
3064 2427
3075 185
5139 1157
5421 2550
5778 40
7527 1159
803 700
2640 2490
2772 335
2882 2079
5356 1890
7510 1628
794 1855
2144 158
2833 2475
2954 2148
5420 1128
5984 2156
7989 1235
369 635
821 1258
1643 96
1723 26
1929 1093
2150 1757
5339 1638
5820 529
5868 2639
6842 2608
7105 2218
7320 211
280 1002
332 1195
703 1703
1163 291
2067 2258
3026 1221
3954 1177
4668 951
5332 1553
5858 2080
6923 295
283 1795
2159 1086
2284 1600
3285 185
5185 2151
6051 1438
6401 1954
7108 842
7569 1320
7710 2602
7849 2405
763 1219
875 26
1119 623
2267 528
2657 2031
3097 2516
4833 2440
6566 96
6611 1970
6687 125
7365 1507
7774 1793
54 1902
1770 1202
3040 2318
3172 139
4168 613
4703 1087
5873 2342
7186 276
7339 656
627 538
1961 3
2893 2015
2966 139
3771 302
4522 925
5029 244
5043 2062
6844 393
1045 176
1116 229
1310 249
2698 1497
6813 797
6841 177
616 1533
1587 420
2980 1542
3071 1408
3678 2407
6912 2550
7542 2075
7945 1144
928 776
5240 2582
6205 1709
676 2211
741 1435
959 2449
976 200
1515 1932
1707 1866
2429 1657
2907 1403
3199 1888
7755 105
7879 2499
715 1504
769 1334
5967 2491
7332 2140
1861 2336
2058 143
2330 155
5071 1650
5387 468
6394 2143
6678 94
6851 1865
7107 1859
7952 1129
8081 412
799 340
3126 2201
5726 1027
6702 1789
6777 415
7979 1881
7991 105
3050 1403
2642 139
2744 2420
2837 2557
6632 2550
7850 1086
7909 1643
8105 2203
613 1501
951 1865
2639 2286
2767 1084
2769 335
3684 2058
4478 861
5413 2192
6059 76
6102 1877
6430 2390
6493 327
6683 1523
725 1815
776 2352
2076 2192
4564 369
4745 187
5730 34
5899 1041
7886 2016
1187 1772
2546 303
2649 2060
2672 2139
2832 2420
5901 1466
7347 1867
92 951
490 1000
1298 729
2590 2407
3161 304
3362 2201
5503 1509
5866 1234
7771 1165
329 2531
702 1308
1129 1545
1139 1807
1143 340
2695 1605
2886 2137
3272 2377
3593 2574
3689 1452
6711 1893
6970 2582
1391 1237
1735 1912
1816 2583
2311 1027
2633 2318
2734 139
2969 303
3156 2036
5098 1033
5223 2449
5405 2521
7120 2398
7380 1221
7691 198
7943 9
7948 1898
8088 392
1719 90
2047 2603
2094 1901
2694 1767
3366 2201
4230 123
6548 1322
7177 2201
8118 1963
337 167
980 2280
1708 73
2131 2008
2341 1669
5562 2396
6289 2342
7554 1553
7685 1951
8021 2572
1022 2550
1073 1067
3111 1795
3185 1563
3560 2047
3915 2427
4307 2617
6432 2029
7161 282
1912 2544
2359 2036
2568 1080
6114 2395
6620 1553
57 1615
997 2123
1186 656
1384 1737
2519 2314
2959 1938
2987 1403
3419 2410
3946 2598
5126 217
7800 1434
171 1473
1913 1148
2098 137
2410 2323
2986 2377
3061 2427
3867 2256
4364 691
5423 1556
5964 1561
6872 1610
1336 1027
1354 1101
1681 357
2624 101
2942 2427
3339 783
5481 2418
6770 1392
7080 1119
7237 123
7808 2009
503 863
1106 530
1400 2140
2514 1080
3070 1983
3782 861
5497 1681
6164 1208
7671 2047
1633 461
2189 881
3326 2031
3558 1922
3563 2490
4245 1290
4306 1495
4769 2545
109 1155
948 679
1083 335
1373 617
1567 1350
1937 1941
1949 1020
2929 1403
4672 2225
5819 2601
7020 2083
500 68
1296 1911
2181 1643
2855 1795
3839 195
5793 926
7004 916
7400 1824
7865 211
481 1726
1020 23
2604 890
3417 2490
4398 861
5496 311
5929 361
6085 1653
7187 2169
2543 2062
2771 295
2971 245
3268 617
3345 1087
7944 1763
1455 92
2911 1403
4246 1623
5831 608
6332 164
563 2254
3119 2427
3127 2201
3134 1482
3357 1888
5049 1254
5087 83
7442 205
7604 636
7868 1327
829 1529
1711 2568
1981 182
2841 2061
4817 1181
6904 34
7312 1054
1188 921
1804 2525
2116 2015
2163 186
2732 656
3488 1080
3569 186
4813 1265
6071 291
6380 1051
6381 1288
6957 636
7590 2136
1779 2023
2071 783
2597 2060
2756 1485
3035 1025
3115 1403
3415 2233
3500 1243
5494 698
5594 1116
7382 190
7550 2217
7576 2379
7926 2270
100 496
664 1855
697 1446
1908 2031
2532 1192
5854 1540
6379 2149
6416 1945
6586 1627
7863 2076
8129 1843
430 461
2844 1485
5663 640
7357 2259
1842 1794
2219 1781
2440 2041
2684 1243
5316 1638
5768 1563
5928 798
5996 194
1694 1802
2901 384
3159 2031
5871 929
6417 264
6966 1866
7198 2632
594 1244
1379 1743
2663 335
3420 139
5315 1553
5598 1556
5800 127
6170 412
6765 543
2544 1427
2784 139
5717 216
6746 2349
7384 1026
3257 2420
5613 2097
6965 2393
317 815
824 1888
2992 1795
3121 1888
5470 1681
5980 1223
6615 256
6986 636
7276 772
8107 194
2243 2408
2248 1757
2652 1497
3564 2520
4949 640
5122 227
6908 1795
7520 1026
7678 1641
7857 622
1414 725
1688 1174
1919 613
2089 2203
2118 1195
2308 2517
2798 1795
3354 1393
7345 1867
7558 1577
7725 952
7956 104
663 1779
779 2267
1259 596
4804 646
4805 125
6327 547
6653 2550
7017 1893
7264 2029
160 2439
2214 395
2580 2410
2618 1080
3093 2047
4732 1482
5010 1904
5889 2482
6265 1317
7166 1867
7561 74
7760 2380
922 1865
3173 139
3814 1832
5349 617
5446 1149
5665 222
6351 2142
6456 1413
7052 1053
7584 1354
7601 1522
7630 1345
7638 214
721 356
733 2255
1041 1277
1706 1098
5404 929
6660 1888
7615 1719
7694 1838
8130 924
468 843
1040 2641
2953 2002
3259 2410
3682 2070
5441 976
5859 1882
7509 2060
919 1471
1782 683
3107 2377
262 412
2742 1331
2831 2420
4650 239
4684 646
5133 763
5547 829
6036 1622
7363 1720
7838 1053
767 596
783 2556
846 1473
926 1736
3324 2148
4370 2230
5382 2492
1286 1772
2331 1507
2627 2410
2711 712
2924 1563
3068 195
3099 303
6811 1189
6817 372
7837 1986
1616 2384
5025 2304
5288 864
5297 1553
7086 1564
7299 208
8050 1594
2452 2047
2529 2407
4752 1786
5431 399
6550 2028
8017 2531
1326 2317
1769 1568
5683 313
5961 171
6113 1056
7053 428
8127 1279
403 1132
2317 2387
5827 900
7346 381
345 1572
1658 1563
2394 1676
2636 2420
3274 603
5333 407
96 1888
2549 1136
3553 2584
7980 375
94 1903
497 30
2046 2486
2068 1949
2826 1967
4527 442
5379 853
6596 1004
7999 1531
742 2032
3023 2049
4964 2317
687 2088
1378 2113
1620 519
2229 2078
2989 1403
3205 2201
4887 782
5368 1627
6526 1138
6650 343
6684 357
7302 2175
7653 2429
7703 2151
992 2217
1598 2313
1909 2269
7142 524
7311 2016
7686 1791
1989 263
2815 2365
2952 2047
3406 1881
4765 861
5254 868
6458 415
7316 1931
1461 844
2799 1403
4582 2241
5253 1746
6925 1893
1368 214
2477 1700
2687 2420
6030 2379
7314 2187
7449 1493
7575 1826
7722 548
797 340
1580 152
2122 100
2676 295
2706 1019
2883 1458
3252 335
5733 561
5993 1905
6015 1352
6044 1488
7317 2378
7485 121
1724 91
2622 2309
2691 186
3250 2047
3625 510
6095 2083
6604 382
7214 2582
7744 1564
379 2380
851 827
891 101
1930 75
2707 1526
2905 1403
3279 1888
4779 187
4983 2246
5369 2420
6226 67
6353 1553
6541 2277
7202 908
7337 1681
7827 1434
856 691
2402 2029
3627 2551
5971 1912
812 2266
942 352
1359 1684
1558 1409
2187 1461
2773 257
3133 185
3323 2047
4636 965
5032 2044
6459 2363
7619 2527
372 1260
2677 2416
2978 1605
3076 185
3203 2201
6291 1613
8002 2599
895 2156
2770 2036
3251 335
5950 2326
793 1931
2505 366
4758 1201
6111 529
6605 1235
7654 256
1190 1422
2486 2048
2938 2562
3090 384
7056 428
7749 1173
1327 2511
1535 1102
2555 1080
2725 304
2921 1403
4901 1989
5727 870
7305 1757
7344 549
7693 1943
7987 1084
1657 1334
3165 2031
3493 2049
3743 2201
4361 1829
5094 1487
6718 140
7564 1002
7687 1989
2685 1245
3281 939
5944 432
6352 357
8000 2517
1064 412
2215 1242
2991 1403
3271 1403
5062 2410
6510 335
608 493
1222 2220
2753 1767
2869 1743
4309 2172
5564 2266
6361 1428
7151 282
7667 1239
32 1888
316 1944
1797 195
1950 1168
2570 2478
2682 2557
2819 2049
3030 335
5448 1151
6682 1886
311 2317
773 2193
1935 1389
2526 2031
3340 2409
5302 1638
7854 862
8064 1665
83 394
933 2189
1132 402
1923 2608
2228 2623
2957 2031
3117 1560
3331 1222
5472 35
6300 572
7066 2019
7256 2271
1211 586
1734 2261
2483 2047
2587 81
2615 341
2816 335
6504 2203
6654 1643
7343 926
7858 77
7882 2016
1050 1976
1063 532
1238 1182
1316 1352
2368 1929
2630 2407
2650 925
3208 2373
6465 2193
1918 131
3112 2377
6082 1587
7495 808
2140 586
2361 625
2415 300
2469 1434
6320 1434
6525 371
6993 277
7899 1627
3201 2427
3321 636
5065 1398
5375 2492
6035 239
6298 1525
6825 1888
7085 2550
2205 2335
7484 2119
7925 2164
985 2336
1583 801
1611 1873
2540 2490
2975 1508
4496 2212
7585 1266
7612 1959
142 1511
153 282
2165 1882
2581 1244
6334 1556
6608 1613
7278 698
1439 2236
1788 145
1871 2016
5057 1503
5342 2515
6505 2313
7997 2515
1065 1516
1118 2146
1282 1339
2450 2047
2700 2061
3520 1616
5392 1342
6435 450
2347 2409
5287 864
6722 1940
7098 1709
7968 335
1914 2324
2100 279
5785 2207
6009 2184
6824 454
6918 2169
7001 743
7191 1498
7270 1028
147 1460
3066 2333
3327 2605
5435 748
5600 1297
31 226
1484 1398
1654 362
1809 465
6041 2451
6607 1571
7361 1366
2579 315
5378 1903
5380 1392
5695 2550
6856 2029
7658 2262
1412 1716
2569 2341
2884 1080
5629 1693
6268 1207
8136 1643
626 1803
2471 2047
2872 94
6080 1852
6501 608
1722 1745
2501 1833
2560 444
6214 59
832 432
1588 60
2142 2323
2534 2490
2554 1365
2962 2126
7089 2204
8043 1416
1753 923
2332 158
4828 2014
5847 2025
6671 203
7027 264
4087 1300
5749 1941
7259 27
7669 418
7983 1084
841 2286
1007 1383
2965 229
3320 1929
3912 625
5571 1585
5572 2601
7051 1446
7767 2501
7917 60
249 1727
566 1224
1676 397
1838 2017
2520 1080
6744 2319
7488 2189
7530 1507
2051 826
4885 745
5147 1321
6595 2015
7764 898
1922 1372
2727 1080
2827 139
3206 2201
4860 125
5399 2544
6148 1930
6788 1039
6810 249
1810 29
1878 1004
4905 1320
7616 1521
399 1498
1272 104
1341 1103
2447 2041
2608 116
2760 760
7450 1740
7468 0
977 1279
1666 1929
2049 721
2479 2003
2664 2031
2766 1441
4889 3
6050 2569
7321 1359
5483 2039
6168 277
6388 93
6880 58
7055 1167
7664 1392
45 2530
665 375
1218 102
1940 2550
6217 747
6556 2380
7333 1912
7551 493
7965 2331
34 1212
527 1908
2522 2103
4214 1185
6992 1758
7626 1086
7802 307
1154 2302
1881 1148
1998 9
2292 1352
3570 180
5373 2417
5743 1027
7275 2602
7478 1498
2236 1464
2407 1640
3130 2373
3518 865
7602 1286
7887 1839
1288 2291
2136 1244
3051 89
5632 1026
6084 181
3060 1795
3287 2201
5443 472
6408 2503
6567 652
7006 2113
7869 2030
888 226
2557 2628
2623 2430
5763 1669
6244 1743
6545 1572
7812 244
393 269
1219 1306
1687 12
1756 2390
4845 1786
6165 307
6703 1562
6789 118
7441 792
1000 2365
2074 1578
3005 1888
3128 1175
3361 2562
6973 1998
7570 1353
7720 1674
645 1485
1043 1066
2036 2557
2494 2047
2963 2407
2999 2031
5125 2279
5367 1888
5417 2346
5952 2203
1813 691
2681 1239
8006 2568
56 453
264 910
1300 119
2913 2031
3104 2083
3286 1175
7057 494
7207 2313
932 611
1668 964
2396 1074
2437 2403
2762 1119
5422 667
6415 2049
6533 2524
6730 1866
7883 1989
1402 2151
2912 1403
3260 2410
3359 1983
5292 2207
5374 2417
5972 2016
6326 357
6409 2413
6449 2435
7131 1613
4821 590
6413 713
7516 2298
964 818
1401 1070
1826 2151
2782 617
3086 2047
7970 2333
2478 2049
3550 1883
3866 2369
6094 2259
806 495
1893 557
2577 1723
2637 1142
3683 2410
5869 1898
6392 2026
6940 357
7063 1966
7340 1414
600 70
1329 1135
2318 2200
5590 1461
5631 2557
6105 156
445 1279
994 1457
1108 2591
1136 2078
3559 2049
4191 2641
5479 2627
6389 1550
6477 2318
1156 57
2237 654
5891 422
6061 728
7547 378
8085 2086
1223 80
1538 1194
1589 2006
2008 2207
2680 2420
3332 1967
7336 1243
7969 226
93 508
601 52
2381 1850
2428 1903
2511 200
2533 2490
5845 1270
5883 2213
6134 2622
7290 1921
7424 2029
7679 1177
989 1964
2524 2041
2976 2121
3003 2427
5893 40
5927 2228
6275 419
7418 327
7467 106
7727 2203
1819 2032
1860 2078
1952 1107
2787 2158
2955 2276
3402 143
6290 1327
6855 723
2300 2319
2601 1438
2868 1795
3628 2475
4677 2263
6360 1979
7843 2603
8120 1645
1366 850
2845 2379
5829 994
6500 1475
6570 1709
6600 2009
6628 950
7143 1192
7839 1168
1003 1262
1830 420
2091 1951
2198 1722
3254 2204
3765 1945
6749 1924
757 801
1182 165
1793 1900
1895 1938
5408 2440
6158 11
6262 2078
7084 2416
7871 1563
8044 461
8106 2024
577 17
615 2635
1330 1901
7185 312
7241 200
873 596
1585 27
2790 2550
639 105
2487 2034
2674 1402
6020 454
1355 2373
2788 1661
2863 1403
6116 1254
6128 1943
6951 2089
7583 1849
7608 96
789 1153
6426 2248
6429 2028
7745 1684
1862 128
2104 277
2154 2606
3163 372
5922 1026
6126 1732
920 2009
2536 2410
5154 2246
7223 80
1117 2117
2949 1992
6115 1373
6759 529
6835 357
7596 1743
680 1124
1586 2246
1618 2297
1715 1775
1864 1423
1971 1132
2045 2419
2130 1507
2139 1509
2222 2194
2754 1497
3411 335
5616 1843
6157 172
6316 2356
7439 2599
1512 2183
1686 1139
2115 642
2208 680
2747 1605
3088 341
3132 185
7421 2619
7758 2247
3256 2551
5161 977
1381 1079
1822 1599
2166 637
2480 2036
2994 1403
5135 935
5981 2301
7232 256
7775 261
1358 363
3024 2047
6068 139
7754 1807
7881 868
2106 2011
3083 1748
3416 282
5409 1166
5924 2097
5956 2023
6511 1401
6905 1716
6956 591
7129 899
7298 200
7521 1363
7528 2227
3572 2409
5211 2297
6221 1595
6710 152
325 640
494 674
991 1901
1483 633
2441 1321
2449 2384
3280 185
6768 2585
6778 1073
7845 1028
2531 1203
6447 548
7189 1354
1419 116
2207 0
3122 2427
5970 1423
571 457
1749 1156
2404 2409
2651 189
3171 2551
5092 321
5939 2161
6100 482
6358 781
7599 1522
7623 2025
1179 1103
2128 2129
2167 1498
2686 1245
3198 1983
4508 89
6119 127
2726 1080
3204 2201
5400 147
6741 1143
7937 1745
113 1242
1841 1273
2631 139
6224 2388
7660 1636
7986 297
724 1812
1559 249
1720 1862
2584 303
3055 2031
5180 1767
5840 1065
6177 156
6698 912
7757 688
1321 812
1395 2144
4788 2399
5926 1125
6173 1458
6191 359
6508 81
7116 1309
2856 1079
6208 1238
6297 1109
6664 2359
6757 2036
6941 2029
7699 1595
7824 2068
8010 375
2157 204
3679 2552
5919 1931
5995 124
1185 1389
2406 867
2644 2493
1404 662
4857 674
5604 1765
7247 2019
7342 1726
802 1791
1220 255
1794 1017
1983 2511
2576 2244
2611 2047
5419 688
5608 2578
5822 961
556 1756
877 1398
2614 2036
4824 125
4865 2014
6424 1213
7841 1982
1691 236
1774 1297
2174 2136
2550 1990
6180 273
6248 22
6348 343
7081 205
7159 2379
950 229
1840 213
2748 1603
4584 1693
6091 1931
6629 1888
7271 2381
7414 1540
8045 295
1104 2493
2842 2066
5934 1828
7018 1353
7592 1920
7985 1743
614 249
3253 2099
6204 1949
6436 636
2345 2271
3328 335
6603 2083
6641 1239
6651 90
7378 2265
7984 725
1473 55
5821 1613
7659 2034
7700 1681
8020 2464
1380 2359
1430 1086
1659 1181
1765 2602
2278 189
3249 1080
5432 1936
5872 1498
5966 1322
5992 1323
6281 1223
6693 2626
7390 2410
7785 1377
8109 688
423 1388
1279 1882
1435 2593
2656 2000
6328 80
6689 1561
6943 1166
7147 1279
1224 2255
2135 26
3261 1485
5082 2111
6278 728
6969 2582
7571 1920
1217 1837
1418 249
2632 2420
4160 1905
6242 1905
6677 1996
6755 129
8001 666
2010 1095
2019 2445
2496 2031
4918 745
5416 138
6139 1152
7795 2028
1374 2457
1784 2284
2125 1852
2417 1792
2463 219
2503 200
3118 1638
1165 1648
2164 65
2950 2148
4163 1566
5703 1506
7898 2193
1392 2580
1543 1302
2274 1666
2578 139
4278 384
5955 1699
6356 1448
7019 1501
7199 1953
7289 1305
2173 637
2702 551
5114 2151
6280 1838
7884 1716
1193 282
1449 844
2565 2030
3092 1438
6815 1053
6861 2612
8131 1044
6069 1342
6129 919
7916 147
8141 2242
1954 12
2304 200
4770 622
5914 237
6218 1495
6769 805
956 2515
1150 772
1252 2622
2027 1843
5081 1775
6026 2019
6315 1317
6868 2103
5988 951
6250 1498
7229 1982
7379 364
7526 1522
7618 1414
7866 430
2419 260
2456 1176
2667 2047
2697 2061
4612 625
6230 69
6624 1595
7196 862
7309 308
7894 1351
557 2287
1030 2100
1462 1621
2052 1911
2099 2525
2930 2377
5903 2589
6000 236
6211 2241
6913 1946
7277 399
7412 2472
7642 2100
7702 2172
1254 168
6141 1635
6539 1245
7426 1348
7743 614
8058 818
588 1352
1553 2013
2740 303
2967 139
4568 329
6418 178
7600 515
8062 2550
275 2088
534 2023
1806 265
2021 1257
6396 691
7684 1613
1029 2206
1365 444
823 1248
2865 1403
6101 1336
6580 403
1457 1945
3288 185
4114 1829
5510 2100
5684 1726
6901 1465
969 2593
1647 1288
2871 132
4748 948
6506 2427
6619 1000
7836 1488
3033 2236
5908 902
6013 1238
6195 1531
7104 1750
818 32
1242 6
1727 2288
2573 346
4835 364
5839 790
5887 1424
5916 2206
6775 1802
8117 978
622 511
1933 1310
2556 392
2722 2050
6499 1953
6888 2203
6945 401
7169 300
7173 1628
7848 985
8122 22
6070 1912
6410 2621
6509 117
7556 1953
1898 848
2038 2635
2493 2364
5912 1458
6609 177
7119 512
2316 1905
4238 2369
5906 1524
5963 2568
6263 171
7383 2019
3202 2373
4802 307
6296 1365
6937 2608
723 1804
1421 2405
1662 1576
1671 133
1990 646
2170 1902
5426 2361
6829 1195
7867 491
8049 1994
1066 508
1555 2568
1869 1000
5391 1646
5977 190
7114 1960
7768 667
2521 745
2613 2384
7295 1286
7360 2407
7826 950
7895 2259
1110 238
1229 2608
1422 1595
2749 1621
7149 2515
6387 505
6812 1521
7318 453
7427 1033
239 1103
1287 652
2033 609
2785 1743
6748 351
7281 2008
7356 2245
516 2124
1517 1855
1685 490
4917 511
6480 2289
6833 1503
6997 1441
1403 2169
1503 179
3032 2036
5940 2401
6717 1258
6764 125
7250 1726
1811 184
1982 1616
5877 292
6285 2420
2066 1238
2607 2352
3284 185
6184 392
7118 609
7893 1174
95 1212
1304 1407
6004 1534
6524 1498
7168 1915
999 508
5621 229
6284 2245
6355 545
6382 2589
7522 1409
2147 217
3019 2362
6330 2557
6742 2026
5897 1594
5987 781
6229 1574
6304 1747
6365 2589
8007 2115
907 1658
1609 1388
2956 511
3816 1168
5830 1073
6617 194
6919 1430
7011 125
7170 688
2593 1497
2922 1795
5975 1805
6949 2259
7032 2097
7423 282
8068 1433
3822 2408
7156 1745
5 1389
357 1459
2625 200
4308 2324
6130 1953
7692 692
1002 757
2218 447
5037 1469
6685 2601
1745 574
3414 1938
6454 546
6463 706
7013 135
434 2112
2728 2031
4856 1700
6319 1051
7643 2134
828 415
6625 1906
6869 2142
7070 2153
7814 2554
4723 831
6271 696
6676 2016
6876 1784
7636 1466
7656 814
2109 89
2453 2044
2488 605
2752 186
6159 2076
983 138
1146 1248
1926 2130
2977 2066
6397 2158
1870 1485
2301 2190
5179 2543
5875 1388
6167 2143
6225 1168
1947 985
4837 2233
6219 1177
6745 1299
7603 1964
7717 1613
7855 1761
1353 2464
2017 1114
2864 1403
5931 999
6618 1901
1301 1509
3080 375
6131 1964
6419 458
7222 1503
8098 1992
1532 249
2002 351
3031 2072
5882 602
6186 2033
6395 725
7253 1997
2765 335
2768 1080
6176 1493
2260 1542
6274 1978
7614 1320
7647 67
7794 1726
1200 1018
2063 963
4490 1026
5947 2023
6546 1614
7280 1523
1832 2588
6081 437
6368 1103
6959 1555
6985 2515
7940 2635
8115 1551
1375 125
2016 2636
2079 2073
2789 938
4808 1826
6216 1024
6747 2440
6887 125
7394 361
7791 1636
1967 2197
2506 472
2561 297
6175 493
6798 1575
7045 1703
7456 1134
5415 1716
5917 1466
6464 2304
6492 1556
2328 1758
6557 2529
7524 1639
1843 1999
2134 1390
2643 1304
3166 2036
6370 2550
6495 2169
6637 228
7049 1501
7641 143
7974 1659
1946 897
2735 122
6725 1252
6983 696
7060 89
7115 562
7135 925
7540 26
2081 2399
2559 1438
2612 335
3037 510
6359 899
7050 1881
8055 1498
8114 503
2055 1482
2197 152
2523 335
2835 139
6073 2238
6787 1968
6938 869
7844 1941
1176 679
1454 1950
2148 1459
3484 286
5251 652
6234 2389
6666 332
7197 2026
595 1532
1677 2390
2481 2049
7949 2201
1162 165
5841 1688
7148 1711
7723 1172
890 189
3094 2557
6183 2136
6385 1414
7239 1422
1493 1786
1645 2130
2249 1798
2336 1253
2498 1382
4373 329
6462 85
6634 1158
6982 1678
7106 1757
7287 273
2001 1218
2617 1104
4848 1826
4961 1418
7466 1182
2072 1436
4998 814
6153 2400
6215 128
6696 1042
8048 1046
1721 2008
1736 616
2054 2110
2176 286
2692 2066
6001 1665
6107 1711
6667 1088
7024 2028
7504 1889
7990 286
1142 1709
1786 2266
5930 35
6850 1189
7440 2279
7539 174
7568 2413
7935 1026
1028 1007
3913 1563
6990 688
7044 1000
7252 1584
1837 1195
1984 1657
2005 2078
2244 915
2253 247
5267 89
6390 2591
6455 2094
650 1079
2025 1161
5007 384
6079 2619
6090 191
6161 1086
6547 75
8128 1840
602 52
1371 553
6363 277
7064 380
7712 200
7721 1379
1504 2189
5812 372
6527 1276
6700 177
6726 2019
6735 1482
6823 405
1855 1277
6917 1929
2600 63
2751 186
6058 1177
6203 1480
6414 76
6799 1728
6886 941
2763 1758
3487 2056
5813 2210
5948 2552
6830 1264
7230 688
1153 1745
6826 1521
7464 93
2571 335
6264 1207
1346 1792
6522 1288
7572 561
1306 1093
2885 2148
6213 1715
6958 137
1962 2627
6245 205
7982 375
1890 2569
1963 604
2112 2158
6450 1953
6814 1635
6890 2569
7174 1103
7759 2515
988 1764
2889 2607
5921 1034
6400 1709
6731 602
7473 1112
7715 80
728 1574
1928 683
2095 139
2647 189
6277 1497
6642 352
6743 797
2048 795
6007 2515
7167 1497
7581 1949
1436 2511
6301 1633
6633 127
7313 1994
2069 622
6386 319
6399 137
6616 1928
6988 2306
7117 1222
7565 490
3170 2410
7215 2428
7454 114
7639 2575
7818 1237
8061 1726
1560 1618
2097 35
2675 286
6178 327
2945 1273
5394 1898
7021 2093
7957 2567
3157 335
5377 351
5804 2355
5885 1466
6804 1004
7634 129
7864 2113
2714 1777
3412 295
5070 343
6052 292
6137 1715
6720 1371
7453 1239
2888 1222
3325 2640
6014 1851
6223 137
6761 662
6906 1498
33 1916
475 2393
1451 2305
1972 1498
2113 1459
5925 2451
5974 23
6276 1183
7617 1026
2037 2131
2057 1841
2172 180
6878 156
7549 951
5252 2557
6016 327
6279 688
7718 392
1785 104
2958 335
5055 330
5954 1273
7376 2582
7807 1960
1696 926
2476 200
6188 2184
7411 93
7967 307
6691 627
6871 2192
6881 797
647 1726
1652 2142
1678 669
2168 1054
2609 1542
4566 917
7697 1896
7793 231
1413 2570
6655 688
6863 2268
7655 345
3404 482
5973 2361
6166 1711
6192 1388
6791 931
2286 2269
6551 2029
6972 915
7306 2044
5095 2153
6690 209
7640 1522
2558 37
5047 1434
6240 1912
6639 2050
7523 23
1052 482
6494 2119
6794 26
7713 1480
7809 2293
2383 2515
4601 999
6212 1164
7934 26
487 2502
917 2280
3036 510
5751 342
5878 9
6476 1877
8135 2164
2528 1105
5905 65
6145 1989
6859 177
6874 1749
2080 130
2156 2405
6295 1509
6610 404
6867 2451
7646 1635
1478 1194
1592 1738
2575 139
6658 2618
1924 2032
1973 2169
2124 150
3552 1861
6142 2356
7304 204
6984 1531
7661 2279
7963 1204
2044 2584
2239 869
6793 1473
1522 1498
4932 1216
7274 282
7891 359
631 262
6948 128
7443 1183
6146 2515
6686 2242
7373 2621
1968 606
5918 90
1828 2151
1980 129
2302 1960
6092 145
6894 1519
3953 2427
5704 1572
5951 2515
6117 2356
6885 2100
1695 1422
1966 993
6066 101
6724 1882
6991 461
7706 41
7988 2608
2075 2575
2275 2172
6252 1758
6669 180
2507 2036
6099 2557
1637 2293
2059 2101
2105 1320
2721 2148
2804 2363
3169 510
1239 2004
1632 1161
6072 1376
6364 829
7132 1948
7242 1691
5874 915
1518 1682
1977 420
6096 1373
6302 2203
6898 248
7811 1057
4678 1839
706 1498
1471 2093
2944 1191
4376 1498
6063 2514
1303 286
6151 117
6362 404
6626 1166
6930 1456
7505 37
7586 1295
2213 1057
4874 2451
6023 1726
8066 1
1965 801
2026 2273
5410 667
5978 1503
6341 1010
6790 2601
795 2076
2517 347
6029 678
6156 255
6171 458
2951 94
4142 2372
4488 2026
5976 428
6513 2246
7349 1991
7645 93
7947 118
3164 119
6323 1026
6980 951
7375 200
1070 2379
1726 655
2111 1127
2133 359
5938 2161
6220 22
6371 2189
6451 2247
7043 277
7918 83
2840 2557
6349 1985
6366 2012
6902 652
7322 1716
7401 2089
6947 2026
6944 1700
7362 1363
955 1572
1979 1612
6181 2119
6483 1282
842 2003
7130 2387
8124 1852
6039 76
6828 1327
7260 1949
1032 2530
1524 1439
2129 1929
6673 1980
1531 488
6005 1424
6108 1229
6189 1732
6231 1110
6540 1716
6670 1865
3413 304
7936 25
7054 2009
7966 2545
2035 214
2087 2276
5067 1597
5438 292
5777 1864
7878 2609
7953 915
2022 1803
7711 1054
6544 1452
7593 2189
6719 1561
2015 976
7103 139
7255 1389
5890 2284
6249 1126
7068 2619
7160 2083
7676 1681
7880 1051
6179 814
7637 1305
7823 56
1951 2533
2009 1221
2146 790
5941 2290
6118 2189
6149 1352
6372 74
7398 659
5759 1938
6659 132
7251 667
8060 308
5900 164
6939 797
6367 154
6640 578
7012 2014
6110 823
6135 2028
6434 1764
6587 1560
6857 125
7420 1234
6109 2089
6736 1888
1166 11
6713 2009
6305 1964
6383 2034
6754 244
1334 55
5959 1931
1152 2246
5910 270
7022 1896
7036 315
7157 208
1716 1953
6773 270
6933 1176
749 1892
6104 979
1945 2364
2086 2524
7597 2634
2151 603
6292 2025
6532 3
6665 1888
1565 1697
1927 2192
6889 1056
7319 2612
1739 2384
2635 139
6421 44
6571 1217
6663 114
7762 33
1988 26
2185 1445
6427 145
7518 2354
7683 713
7816 2244
5439 1449
6077 1881
6199 155
6233 104
6354 1045
6630 122
6712 1423
6862 1650
6971 105
7183 194
1702 160
2028 2119
5999 2016
2011 1042
3243 2164
6643 6
7885 1237
1545 586
6187 159
7205 948
7573 1434
7876 2009
7932 1172
7973 2083
6882 1272
7206 860
7350 372
1931 1498
6112 1246
5469 2497
7825 781
8008 2589
2169 1262
5923 541
6350 1729
7178 1703
7508 1373
1874 2378
6512 1330
6816 1935
7476 2393
1997 1979
1181 1877
5386 2492
6369 1703
7087 2616
7213 2083
5945 1841
7487 327
1964 1289
6222 937
6695 2562
4377 1728
5907 688
6098 1069
6034 231
7701 409
2082 1445
3554 2396
7889 372
5418 2370
7069 948
5440 237
6325 741
6692 1930
6760 699
7492 351
2083 776
6140 725
6805 656
2191 2085
6960 2083
6086 493
6303 915
6433 490
7455 35
2018 351
2414 1395
6144 2083
6578 1434
7033 1994
7629 2246
2126 1356
6715 1143
6831 1719
7067 1730
7200 293
7714 1207
7705 1170
2180 1561
5937 1635
7419 2235
1309 290
1858 375
6900 180
6169 1221
6714 1482
6879 777
6196 745
6899 125
7219 948
5915 155
6895 2377
7582 1174
6697 1805
4886 2147
7598 1636
1246 1157
5998 1949
6017 745
6283 1561
6827 1719
5401 2543
5965 428
6045 360
6498 419
7300 1306
6227 1557
6423 1732
2023 1421
6201 1896
7133 2511
1941 674
1969 327
2378 92
5428 2363
6657 2427
7182 2113
1953 1715
6033 1002
6067 2091
7088 1953
6928 137
7511 2309
1175 1775
2088 1976
6903 2014
6987 1390
2693 1901
5896 1194
5920 1761
835 2026
6989 1306
6155 2026
2062 2139
6270 1595
1347 346
2138 1407
2040 2088
2745 2425
6197 606
7444 2092
6031 1127
6150 1952
6538 380
7902 1007
7395 1627
6087 1829
6652 1667
5232 573
1960 2279
1859 346
4875 2622
5393 1609
6411 2284
6503 1905
6062 580
6453 1161
6656 2097
6668 178
2039 173
6246 2097
6474 2083
7567 1890
1755 744
2750 1497
7158 1166
7474 1465
1789 2192
6093 1901
6162 1086
6771 2010
6043 1986
7696 1968
8056 450
6006 931
6927 1953
5099 1443
6083 357
6577 209
6484 1611
6507 2627
6870 709
6622 2271
1434 66
2085 1711
2230 2575
6694 357
6420 1681
5746 1556
6147 2457
6136 178
6475 2634
6163 1757
6194 57
7607 1937
7954 114
1568 53
6502 2427
6481 2206
1377 1906
6568 1648
7220 1498
6022 1945
1747 249
6273 1065
6294 1913
5902 1424
6120 1636
1877 2366
6138 2169
6272 1838
7975 189
1195 607
6056 147
1798 2496
1970 1976
6601 491
6428 1613
6232 1745
6575 2083
1442 114
5989 2459
6422 1904
7231 67
6190 104
1833 2082
2024 1901
6253 1327
6734 2326
1742 896
5427 1413
4228 2370
6621 487
7221 2361
3675 254
6160 111
6452 759
1563 2282
2053 422
6021 1465
6699 1007
7801 1480
5962 352
6920 409
2107 501
6251 1618
7951 221
2204 911
6576 854
6024 2550
6946 915
1423 1459
6627 2613
6025 1245
2599 1040
2110 1449
6185 1929
2073 1943
6206 422
7519 2049
8116 234
1883 1243
4450 276
7972 1667
7034 2189
3820 1465
7023 2026
6840 1124
1944 2635
1757 1786
7338 1575
7351 2242
3483 2093
2084 496
5991 982
7238 1166
6282 1732
2145 2377
1999 573
7475 2259
2379 1558
6008 1239
1628 1899
6057 2161
6569 352
7171 308
6795 1811
7181 211
6322 2608
