img04c1.jpg img28c3.jpg
5170 696
4135 696
4697 717
6033 1094
5923 1094
5894 1094
5310 141
3578 702
3981 889
4595 284
4093 696
1658 1520
190 1564
5180 696
5989 1094
3543 96
5999 1094
4241 875
4291 140
3255 417
5163 1592
5253 875
3556 916
4257 916
6016 717
20 1670
3950 1564
3602 717
176 1070
6000 1094
1641 97
5987 1094
11 1211
4312 696
3257 417
4356 137
3693 1198
1674 1073
158 1070
6025 717
1301 103
5395 829
5149 1253
6081 680
373 809
752 1423
5165 687
3427 417
4893 879
5252 1073
379 809
5265 696
4320 1479
4061 829
5129 1564
5156 1038
5443 199
3152 138
3857 1539
2422 1453
3509 701
3168 803
5917 1887
3463 417
4992 680
4494 94
941 811
4026 1520
493 103
4227 141
4598 517
5323 140
3236 1280
3305 417
5239 662
568 141
651 1073
6257 687
4256 869
4384 140
5017 103
6057 101
3429 389
1190 759
4067 1564
5001 717
573 1489
768 1592
4190 916
1747 718
5179 903
451 687
5157 662
4345 1001
5336 869
6126 170
1744 398
3416 914
5243 696
5997 1094
6037 262
358 916
502 784
3166 701
5266 701
3371 701
4703 1423
6059 722
5090 920
5973 680
375 846
4153 944
4271 701
2790 686
459 103
3205 389
4766 1575
5166 141
3709 174
4272 701
4971 1073
5559 601
6208 103
348 1385
3309 417
3641 1198
3306 407
4733 1132
3457 701
5974 1132
677 390
4240 1564
331 687
759 1423
4966 1218
1351 1024
4220 138
6234 169
367 72
381 1073
5587 687
270 887
1591 784
3088 701
3202 701
3459 701
4029 1638
4078 920
582 884
3788 722
4916 1051
4284 1053
5052 1435
6199 920
5851 1520
4781 717
246 784
5048 140
1305 1024
3128 1053
241 784
3706 998
5794 680
6219 137
1359 1038
3259 407
3323 1174
5088 105
5519 920
1888 1329
3461 433
3557 916
4242 142
4293 896
5228 1452
5450 140
489 784
3341 1924
3536 433
4820 1592
5532 1906
5892 846
4048 105
4131 103
4834 1308
3367 1426
5998 1093
3252 701
4325 860
3538 714
5240 109
483 902
3448 914
4169 875
4745 1098
5381 846
1604 1592
4326 1329
5542 920
953 1222
5375 923
5449 487
4334 404
4868 97
5146 105
210 784
353 829
3217 1375
4779 94
5805 1127
5981 1007
1320 386
2246 944
4335 1720
5207 1564
6227 101
4235 138
4767 983
4892 1564
5145 404
5361 532
797 1024
2470 28
2664 384
2956 134
5478 141
410 1339
563 896
3484 701
5050 1435
3639 279
5027 829
1386 1282
4299 1280
5957 1119
309 1472
1958 1409
580 916
1371 1685
2825 33
374 764
4301 1280
4324 1720
5874 811
4712 1996
5868 1564
3334 701
5089 275
6254 920
2287 141
3282 1539
2863 32
3721 746
4621 717
4696 1887
5551 105
5311 1489
6083 811
2856 33
2865 32
4092 1520
4812 235
3249 701
2854 33
2503 427
2486 1479
3513 389
418 920
2391 714
456 1282
1159 84
3408 1480
500 103
2878 33
3563 96
312 811
387 174
3115 1280
3640 811
23 1397
1707 778
2810 1440
4065 1073
4167 60
2784 96
5246 1487
5473 59
487 902
2733 278
5123 1249
6128 1564
5992 759
4159 561
5126 1073
2833 714
3049 134
5327 1073
146 1070
3643 1448
2755 1751
4878 138
22 1435
1350 207
2955 134
3164 701
3310 803
2255 714
2395 714
5171 1685
5766 764
1644 561
2439 487
3118 1280
3555 916
3933 765
475 103
3577 1555
315 1564
1289 1329
2241 916
2604 714
3658 1131
5079 1479
18 1396
299 134
3161 701
5420 920
2935 10
3285 1174
4258 77
5961 1015
2750 1379
4192 1479
5209 376
205 1520
218 814
4986 1093
5386 1534
3338 417
5419 1073
5807 725
6248 843
5070 376
1077 166
3052 642
3073 134
4362 1254
5132 896
2436 944
3583 1372
5011 958
6249 1996
200 941
276 1251
3125 701
3957 137
3206 793
4174 895
4980 1564
5575 846
2775 376
4622 903
2822 33
3024 33
4049 902
4731 1952
3156 958
3558 500
4193 561
516 887
4050 923
4357 895
5415 875
4102 601
5502 1073
5913 726
6021 687
6048 902
3907 1564
4255 137
5302 1489
6095 1134
6209 1564
5884 1520
512 1024
3554 916
2859 686
4655 1520
5935 1094
6015 1098
428 1093
3514 916
3549 1280
5301 887
3223 1375
3230 725
3424 701
6179 914
6239 1520
2915 134
3201 1280
3254 803
3264 803
251 811
273 889
1048 1073
3517 1994
4962 1568
5190 754
5208 703
3831 1135
5133 687
5922 1094
3553 389
4125 873
5015 1376
5396 1249
6118 778
4212 1457
222 1564
2979 33
3692 717
4343 77
4369 895
5077 721
5398 895
564 1636
3512 1053
5087 134
3757 243
4344 875
4737 1423
306 811
727 889
2896 134
3376 702
5255 143
2897 1720
3023 134
3638 717
371 22
1935 820
2873 961
2965 348
3738 799
3878 811
4674 717
4835 170
6087 101
4651 773
4710 717
4902 101
4066 687
4132 836
6005 771
6043 922
3336 417
4332 1479
4717 1564
6076 160
742 889
2978 134
1241 179
4917 1133
6088 687
275 508
2550 31
6009 761
243 811
2826 1103
2855 134
393 1385
1290 1024
1576 1592
4794 1277
333 889
5629 902
2549 487
3490 1453
6034 1952
6185 889
517 103
2475 713
2476 367
3821 1720
4157 873
5362 902
310 889
2491 944
2554 944
3836 1720
3913 1440
4972 105
2737 1435
5068 721
2847 708
3575 433
4042 1539
60 702
2766 367
4488 1372
5232 874
5282 1254
2247 944
3546 1112
3697 149
5227 1704
6106 830
1133 174
2611 367
3172 561
3486 1555
5018 1007
6256 1564
3853 1720
4172 1435
5024 717
749 1060
3292 138
5465 1520
2801 1432
4746 624
5226 875
5376 916
5861 1564
264 1539
397 846
2706 32
4273 140
4700 725
5013 101
5067 1432
2621 384
3673 1094
194 174
3585 1372
3825 717
6157 736
2315 944
3111 138
3209 702
3879 174
4713 680
5215 771
1934 94
5051 916
1141 179
2739 376
296 784
5479 1073
361 1125
2961 348
5244 1518
6217 103
474 1329
2877 1722
3197 701
4319 846
4831 1094
3720 746
4780 798
5125 1117
2256 714
3339 1555
5247 1452
1004 190
2934 10
369 1447
2409 1729
2800 487
4201 1520
382 1222
3576 389
4107 561
4292 1435
6017 1094
1136 923
6113 687
4163 10
4672 983
3671 1998
3810 811
2111 407
2251 714
2791 1762
3311 702
5039 104
5245 1487
5843 1195
5920 889
197 784
3399 1555
769 1073
3670 1652
4191 142
5600 405
3464 702
5561 687
2 72
420 72
3345 702
3850 1720
4266 1016
5943 1952
193 1520
2168 713
4247 1016
4358 27
4748 105
5184 1007
6072 1499
2928 384
3316 1249
3392 138
6023 1115
3789 103
1660 1784
2538 793
2967 348
3690 1439
5834 846
2250 944
2774 1440
3460 1555
4150 1253
5150 896
5482 902
405 920
578 1254
856 105
1140 103
2316 714
3537 417
5903 1098
5877 884
5931 165
164 1435
2556 1440
2591 1435
3603 876
323 1375
479 988
3091 701
3535 701
5481 141
879 308
1105 176
2333 32
3397 1053
4950 84
6144 170
3028 642
3260 916
5256 26
5261 988
242 879
3296 112
3432 1699
5304 846
238 1086
368 846
903 737
2369 1751
4244 1462
4997 179
2743 1645
2953 134
3242 701
4652 983
2838 367
3587 101
3607 810
4385 1461
4750 998
5967 1062
3340 433
4671 175
5838 888
6053 104
2857 33
285 764
3675 1308
4185 10
4979 719
2537 1567
2581 1435
3321 1174
223 103
344 1251
505 889
2242 1924
2410 1729
2756 1751
2922 616
4228 140
4985 508
5891 1073
6109 1528
24 1397
2487 31
2607 487
2703 1432
3022 1007
337 58
2536 1453
2573 1066
3672 182
3683 317
6218 165
1313 1024
3552 701
6264 133
2827 686
3261 417
4205 386
4846 843
4932 59
5279 687
5366 324
6236 1996
1654 1555
2767 32
5086 721
5309 103
2823 33
4864 786
6094 998
1629 965
17 1751
191 888
710 734
957 1423
1973 141
2338 1979
3013 280
4179 873
4198 10
5531 874
336 1489
2660 944
5757 1231
5829 747
5866 1884
812 1125
1489 1024
1795 1220
1972 1252
2615 32
3304 1555
101 1282
3655 485
16 1634
303 50
882 1282
1178 884
2830 141
2986 642
4127 601
5287 1039
2473 1751
3462 916
3860 697
5099 760
5535 889
824 230
2866 2034
3123 701
3591 1985
4572 476
6077 1073
342 1222
525 1024
4303 1907
5468 846
169 1432
1142 1249
2557 1440
3278 1226
3400 417
3580 1652
3932 1520
4708 823
5763 971
5983 1220
302 1218
1116 1151
5471 140
341 141
2936 33
5168 846
2180 115
2466 1435
3129 577
4226 28
5704 1073
5933 1098
181 1040
740 754
2701 32
2802 1435
3017 953
3614 1976
4596 717
2500 1819
5305 687
274 902
2547 32
3874 1272
4321 1485
165 895
279 691
495 1073
891 1852
1253 1498
3231 914
1373 766
3897 487
4657 60
6235 830
931 137
3774 697
4597 820
5064 920
5781 699
3029 1016
3286 101
4311 367
2390 944
2798 367
4891 1061
6052 137
2532 1461
4158 874
4309 914
4695 1026
6242 1985
3002 1007
3485 389
3253 853
3704 1308
4714 601
5340 180
3258 916
5462 998
1030 1443
3674 876
4249 138
4682 822
4735 708
5996 889
6233 717
71 1435
559 1385
2324 115
2807 32
3324 101
3346 1752
4116 714
577 120
2704 82
5043 687
5775 884
334 875
2485 487
2962 1900
3859 405
4210 860
4211 1970
2562 1272
2749 1061
2837 32
5414 104
359 702
1337 1423
2335 32
2433 32
3734 902
3949 926
5097 137
5283 696
3246 1426
3251 853
3401 1555
3894 1271
4370 1253
19 1397
170 895
171 1435
4782 1112
6205 1711
2616 2034
2916 1015
3074 1007
3472 888
4677 1127
5115 889
6050 902
2515 1563
4305 1764
6026 1094
2879 1722
4171 140
4253 280
5550 1482
5606 1887
6143 754
230 1498
2438 367
2608 376
2752 853
3708 761
2375 1567
2531 1751
2824 33
3420 138
3516 1819
3600 94
5007 64
429 1125
2864 32
2898 33
3382 1226
4859 1450
192 726
347 829
2853 33
3426 702
3896 1271
38 1435
3331 138
3542 989
4109 561
422 1380
786 1102
3250 1426
4478 1592
5635 846
5893 1040
6119 1520
1809 49
2980 1015
3835 1720
4318 141
354 72
2467 1435
2511 1729
2692 1453
4755 1539
2952 134
4298 726
3262 916
4699 680
5939 160
207 889
411 926
1115 1423
2653 278
2734 487
3165 853
3623 1231
4795 983
4830 1372
544 1157
2396 714
2498 1435
2862 23
4161 561
105 1435
318 508
1299 1499
2496 1440
3312 803
3570 1985
4865 1211
5119 1239
2525 1435
4449 486
2322 115
2805 487
4413 888
5185 1592
6036 94
6193 1070
186 1985
1052 811
2417 1751
2644 1435
2917 10
3207 389
5108 889
5316 59
5934 1094
498 49
2900 33
3203 853
3222 141
3937 1523
4274 32
5480 137
6223 693
2690 1435
2768 32
421 508
467 163
1637 759
2709 1769
5956 1035
716 146
2507 879
2698 1751
3105 953
3663 257
4656 1297
4739 149
5121 958
5505 1222
4730 250
185 1998
3579 485
4317 1907
1727 865
2336 1272
2771 944
3143 1174
3372 803
3449 914
3875 2034
4364 140
4983 653
5042 1062
5076 886
5442 843
6060 687
2386 916
2510 1729
3053 642
4709 94
587 142
1625 902
3541 1358
3688 485
4175 1253
494 771
557 875
1471 1423
2991 825
4790 1175
5397 875
282 1520
1743 238
2646 637
2726 1751
3026 1007
3477 851
5071 116
6145 135
477 687
529 190
1397 921
4207 134
5081 58
5460 1681
5988 1042
760 902
959 2013
2442 367
3428 916
4751 103
1254 419
3199 853
3417 914
570 696
1948 141
2694 1751
2710 721
4784 718
5225 1254
5404 1073
497 902
2471 407
2559 1272
2590 1435
2736 367
3018 953
5085 1567
5649 1103
305 1520
1028 1406
1698 1282
2835 487
183 1970
470 1935
2499 1260
4829 1209
4964 764
932 811
2589 1751
3772 1135
4095 110
4126 601
4874 215
4931 50
5627 723
6139 1860
293 101
1517 1368
1769 843
2612 1432
3300 701
5023 1115
6027 1094
3104 953
3126 1426
3308 916
3360 51
5194 992
734 153
2389 115
2434 487
2839 1271
3213 141
5062 1071
845 153
1015 879
3032 825
3617 1996
4027 1070
4184 561
5605 1039
919 107
2482 1924
3227 754
3739 725
5904 761
1012 1222
1329 134
2680 1401
2773 487
4183 561
4732 263
4815 169
4828 275
4925 1795
5972 1835
357 793
427 1040
1585 902
2328 916
2817 1722
3245 701
3803 430
3851 1720
4146 601
4855 1094
5186 910
5312 140
6197 811
3425 853
4926 135
5759 1668
547 107
3228 1174
3256 916
4911 811
5448 1539
2661 1271
3343 702
3613 916
4090 874
4904 1564
5059 142
3297 1426
3586 1308
4434 486
526 75
1852 162
3373 389
4701 955
4720 1795
214 811
2890 1144
1922 1652
3581 485
4199 745
5178 137
5455 1133
212 174
450 954
1323 149
2249 278
2695 28
3284 754
3487 417
3722 998
3891 928
3895 487
5517 1378
39 1134
120 1272
438 132
452 1952
469 1258
2468 1435
2841 310
3598 916
4676 708
5979 1683
530 105
1024 149
2244 487
2490 278
2806 367
3025 1007
4879 1282
6032 1098
6073 902
6220 888
201 1282
2592 1453
2921 348
3050 134
3503 1385
5439 687
5716 687
5945 624
1110 1454
1564 1461
2555 1924
4517 94
4898 788
5930 97
818 761
4189 687
5072 115
5242 1254
5569 1539
5802 903
1230 901
2446 296
2858 184
572 1724
1129 1070
1701 1561
3289 817
3604 279
3834 701
3974 367
4692 887
6132 687
3171 561
3618 759
5524 1539
801 811
951 107
1401 167
5574 561
6004 1216
569 907
2445 1271
2551 32
2963 1934
5924 611
6202 134
962 162
1984 1061
2872 1114
3142 1251
4485 718
5284 140
298 1539
731 1687
2652 14
3139 134
3155 1280
4168 1437
4796 1564
1889 1007
2443 944
4173 721
4678 1423
5407 871
5620 1887
0 90
252 725
262 174
1306 179
2178 115
2523 1435
2880 33
3204 853
3447 784
3550 1054
5164 137
640 72
1268 1449
2447 296
2632 1729
3146 1352
4080 673
5206 104
5888 1209
507 190
732 1239
2605 714
2957 42
4711 1017
5921 1043
5975 717
1056 1070
2662 1769
3523 1622
3637 1877
4252 1242
3243 497
3648 257
3822 430
4310 942
4963 1234
147 668
196 101
1270 419
3099 75
3181 642
4031 811
503 1222
709 1983
1890 1048
2483 1924
3606 1125
4744 172
4880 846
6204 884
413 1423
1661 770
1723 303
4279 1850
4881 736
5811 891
5820 924
6148 889
1692 734
2481 713
4355 1705
4396 487
5020 101
6108 1150
1042 945
3063 138
3277 1368
3418 1280
3809 1027
4895 1348
6014 94
1411 1024
2867 310
3594 1041
6240 811
295 1239
2425 142
2477 1751
3582 491
4170 142
6189 31
1147 1073
2383 714
2763 367
2795 367
2803 721
3476 1852
3525 414
5797 902
531 1142
1614 476
2484 487
2645 1453
4316 1564
425 1125
635 1531
2769 367
3389 914
3470 1358
5656 902
5787 778
6120 1510
304 800
2027 1729
2757 1453
2829 924
2992 1352
3890 769
5655 1835
560 1176
1198 1006
2421 28
2597 367
2883 847
3307 1479
3519 1818
4386 1909
235 903
448 826
775 920
988 779
2181 902
2920 642
261 137
292 680
366 134
2513 1464
2796 1532
2814 234
5661 682
6171 1234
281 1711
430 687
2526 1435
2735 32
987 1038
1709 1561
2022 1729
2685 1435
3712 317
4091 1385
4136 376
5523 1137
730 168
1932 177
1988 1729
2530 1435
2613 1272
2647 28
2707 115
2770 28
3956 1084
506 902
1029 1073
3359 1741
3935 1440
5224 914
5589 1912
5747 971
231 38
460 103
1131 169
1739 1378
3140 1015
4144 601
5410 180
6075 1102
798 528
2811 384
3852 697
3898 1271
5984 1669
3275 429
4177 874
89 577
1773 238
2663 1877
3358 902
4906 843
5717 846
1563 803
1694 814
3620 1936
3909 1584
4360 875
1716 1112
2568 1299
2985 348
3077 642
3090 1459
4145 873
4511 822
5069 32
1857 1309
2772 376
2982 30
3726 1581
5063 1372
5682 1111
117 37
386 1262
913 158
1127 1073
1177 902
1605 1683
2603 1567
2836 487
3060 953
3097 1007
3918 1440
4164 1389
1157 1592
2437 1924
2546 14
2987 642
3465 916
3573 1751
4302 1254
4912 1499
5580 1985
363 1375
509 971
2614 1440
3374 417
5686 1073
607 1499
1622 1093
2400 1440
2728 713
4143 873
6241 1068
266 64
496 1024
2758 28
3642 1905
4894 1290
5750 1375
1057 879
1065 1423
1156 190
1606 902
2079 1772
2686 1435
2938 1007
3101 190
3232 138
3615 182
3616 250
257 747
431 843
556 141
1609 1998
2988 670
3034 953
3888 869
4180 874
4715 133
5249 1860
159 2000
258 842
703 1825
1264 1084
2609 1432
2809 1271
2828 997
3328 138
3529 1484
4181 873
5546 1520
2008 896
2472 1751
2654 376
3390 914
3841 133
5430 1952
549 1311
977 978
1023 107
1676 169
2636 1435
2754 28
3107 953
3145 75
4618 759
5779 1006
2693 28
2727 1461
3468 1914
5740 105
48 1634
1402 794
2776 1628
3475 1560
3653 1154
3679 1205
3876 64
61 1670
122 1704
894 977
2489 278
472 167
2561 32
2937 10
3016 725
3590 1801
4182 874
4365 1602
103 1435
391 1423
2545 367
3000 134
5823 1417
5948 811
2519 1435
2542 23
4929 105
5748 275
2243 367
2942 541
3858 735
3920 1440
139 1818
356 696
434 1431
1081 141
2325 714
2705 367
2948 501
3147 953
3497 174
3818 1205
4089 873
5990 1101
1226 1368
2539 713
2913 708
4328 1254
376 14
712 103
1936 1018
2259 771
2658 115
3187 1280
3829 1135
1021 1127
1061 1070
1278 75
2115 1093
2527 1453
2623 75
3773 1135
3916 1271
104 2
538 99
650 1462
1363 734
658 1499
1139 964
2368 793
2535 1453
2765 367
2804 32
3144 865
3861 697
4094 1564
4546 1073
4718 1207
4816 1455
916 879
1295 452
2134 1754
2649 367
3003 1015
3039 953
4371 141
5105 865
5286 142
96 1195
2435 487
2637 1435
2792 1093
3037 953
3182 1391
3659 725
3805 701
5008 901
5662 1905
85 1870
209 1539
601 1976
3120 1459
3908 1271
3942 190
4388 1289
338 875
541 1121
1937 722
3678 1100
4245 588
4322 140
5666 761
5960 1092
249 926
1036 137
3078 75
3597 916
4769 103
154 498
1113 1449
1581 1711
2237 714
2751 1571
3645 1231
3740 1711
4813 188
476 1047
490 103
761 142
3033 760
3098 1007
3361 865
3571 1231
4152 687
4234 315
1185 190
2377 115
2630 1729
4777 734
4811 902
360 764
3926 1469
3992 1176
4414 1520
4673 1098
2697 115
3141 1007
3342 916
4313 888
819 279
1208 879
1345 1423
1693 734
2278 1729
3660 842
5019 1304
5565 1423
545 691
738 149
823 146
1014 165
1179 978
1734 1561
2764 1751
5639 647
399 811
663 1104
2397 714
2650 28
2738 115
3628 317
2656 32
2816 708
3057 953
3094 280
4376 417
4519 1114
4632 429
5513 1066
6068 1685
199 1835
741 1222
2284 702
2440 944
3491 1559
5110 701
5621 561
370 1188
1465 975
1659 104
2894 1205
3335 1924
4998 914
5749 1465
6141 884
6260 811
461 101
539 1073
1577 562
2488 944
5078 376
5780 699
6244 94
319 355
762 721
1122 1368
1393 1887
2583 1435
2659 278
4871 1007
5982 1211
6250 1547
211 1564
1748 8
2252 714
2334 721
2459 1435
3031 1352
3132 902
4104 601
5106 701
5768 902
2419 1435
4955 107
5267 1254
5364 2035
6151 487
364 90
384 1039
3496 182
3608 1282
59 777
195 50
1148 1564
1770 902
3386 1361
4196 1415
5100 139
5588 59
6066 725
455 1894
1616 350
2317 944
2691 1453
2815 1165
3287 914
3544 1247
3911 1271
4359 736
92 14
346 887
546 103
1594 2034
1675 879
2578 1753
2696 367
2884 686
2939 719
2993 233
3005 280
3194 701
3943 364
756 1078
1647 902
2885 1632
3385 771
3910 1440
4197 632
4648 1346
5475 1258
468 1222
960 1123
974 345
1296 1368
2497 777
2888 2034
3504 179
4077 873
4559 60
5833 811
863 207
1233 1085
1380 1084
2245 487
2384 367
2631 1753
2641 895
2708 1769
2753 1751
3619 1936
3893 1271
4176 873
4616 1359
5573 879
804 1423
1858 230
3453 138
3574 1564
3889 1539
4534 1000
982 779
1184 901
2083 916
2405 1772
2533 578
5544 698
44 563
340 662
2401 1465
2966 749
4149 1415
5032 165
5040 175
213 1071
245 137
1191 1520
2133 1729
2387 714
3354 1074
5325 58
5795 1062
1646 1365
2574 873
3102 642
3973 367
5500 811
5782 902
810 820
1670 1622
1938 788
2494 115
2964 1352
3263 1924
3584 681
1119 1112
2240 32
2506 822
4822 1401
3180 865
3198 406
3208 916
5652 1924
666 1046
1283 771
2132 1563
2224 1751
3095 1592
4443 1253
6153 846
33 1195
993 846
1247 1423
1422 149
2492 32
3030 642
3327 914
3518 491
3667 1942
3710 767
5380 180
5618 123
785 825
2385 721
2834 115
6191 1818
647 1423
2232 116
2528 1751
2593 1751
2595 116
2808 1272
2907 846
3915 1768
5944 1795
2731 1751
3006 514
3035 953
3364 1280
3521 182
3545 1878
1617 823
2175 367
2524 1169
3179 75
3211 1001
3849 1135
5610 687
6024 96
189 889
1432 149
1656 889
3844 188
4716 103
5022 139
50 1704
426 1006
454 687
464 611
2218 27
2679 1729
3071 134
4276 1524
4285 1254
208 1564
2676 1489
2919 10
3087 1459
3393 1903
5159 1218
956 975
1193 1024
2785 1722
3150 953
3406 512
4620 1098
4734 1131
4807 1046
1627 280
2622 953
3917 1440
4768 830
5955 790
311 59
449 851
774 887
1649 770
1767 740
2610 278
2968 716
3737 988
4670 58
5447 1564
155 577
550 846
1950 230
2179 944
4162 1253
5066 1435
697 585
1408 771
1458 975
2724 1704
4115 875
4858 746
5665 1410
5769 631
6211 1996
1445 105
2318 278
2408 1729
2441 944
4113 249
4338 1460
5049 87
5918 1111
6136 822
733 1516
2077 1729
3184 953
4114 735
5082 97
5617 1207
2918 10
2951 97
3919 1440
4280 1795
4698 1855
1099 1963
2043 849
2226 1755
2777 1627
5461 350
5844 766
6044 1131
6045 846
444 914
606 977
686 146
1742 374
2416 713
2474 1453
2552 278
2702 1755
5298 1002
3398 853
3785 1720
4398 1924
5111 961
6112 502
2169 367
2258 278
2376 367
3079 953
3226 865
3980 72
4510 746
6138 1860
6229 456
1746 687
2606 487
3058 953
3691 1308
4422 888
4946 1007
5187 405
660 1038
1474 1236
2429 367
2529 1
3605 286
3684 317
675 1895
1523 168
2534 1453
2640 916
2933 134
3696 1582
4935 134
889 1746
1106 1175
1211 999
1620 179
2270 1117
2714 1238
2940 30
352 87
513 1154
532 1416
581 1724
724 1375
3237 388
3540 1914
5427 811
540 134
1001 165
2430 1755
2600 1751
2642 1
2881 10
4219 1790
4704 1149
777 714
2323 115
2580 1729
2601 367
3318 588
3510 1259
3694 1035
3705 517
4783 1007
5128 104
6055 717
6137 923
283 773
433 840
3435 549
6107 956
156 527
400 1075
417 612
440 956
825 279
2431 793
2747 372
2760 1755
5010 1564
6214 765
362 1001
1101 1112
2832 22
2874 1114
3396 1459
3864 527
4395 1756
2253 714
3958 169
5536 1884
5714 107
5798 107
396 1340
627 148
2598 116
2850 425
2960 514
3081 953
3775 64
5916 1372
1231 811
3413 429
3507 1259
1687 342
2173 367
2553 278
711 390
2357 483
3387 1361
5098 486
87 1432
345 1489
390 1539
1221 1137
2184 1226
2223 1751
2229 713
4106 873
4297 1564
5041 1359
5144 741
221 764
1613 1357
1689 214
2327 278
2851 845
4160 2000
5647 1805
6190 1705
1630 1394
2453 1729
3547 1282
671 1449
994 811
1316 1258
3808 631
4941 50
203 171
694 1784
943 754
4368 306
157 1542
482 1218
1985 241
2730 115
2923 508
3008 677
5412 1242
2288 629
3362 914
6110 345
272 688
1396 356
2045 853
2062 810
2381 1755
2558 1271
3103 954
3561 1308
3601 1120
3807 1013
4628 1684
6047 161
2359 702
288 874
707 1073
1590 1528
2380 1755
2567 1734
2575 866
2843 365
4300 1564
4350 1252
5196 691
226 1564
2426 28
4349 141
446 166
1166 1940
2298 578
2332 714
2502 491
2570 384
3127 1459
5102 1440
5118 811
1477 1479
2414 1453
2594 1453
2627 1729
3019 219
4382 1996
4887 1282
404 1539
900 802
2263 1117
2634 1435
4259 687
4466 968
5109 1352
6182 483
888 1454
2331 367
3912 1440
6046 171
1284 60
1967 916
2786 1722
3015 1352
3216 1772
4336 1254
5091 1818
5466 794
5555 1253
6124 96
591 600
806 1372
1182 248
1189 769
1199 93
1933 1215
2480 793
5195 907
130 1272
1235 423
1392 103
2061 238
2225 1755
2349 1464
2688 967
2899 10
5875 126
355 1039
1098 64
2699 1751
3528 200
37 1435
248 1427
684 1838
2233 1755
2388 1432
2748 372
3010 75
3100 754
3446 1853
4250 676
4270 1242
4296 138
5664 1292
339 1378
4269 642
4976 920
5663 1830
49 521
3241 1459
3303 1453
3499 1874
3743 1583
3914 1271
4265 888
6002 759
1063 687
2450 1729
2628 866
3325 914
3945 117
5151 770
5539 1188
5839 1094
106 1447
424 1465
528 1165
2931 1117
2976 746
3668 1699
4375 868
4533 172
2174 1755
2301 1755
2700 3
4260 776
4827 250
4877 50
5772 667
6172 1375
1054 843
2234 1755
2420 1435
3493 1699
4557 33
5976 51
609 144
2235 1755
2307 1755
2548 714
2582 1435
2689 1435
2947 206
3868 1520
4100 1139
6001 1119
6213 189
15 396
88 1453
543 1564
914 1024
1045 1564
1681 328
1797 818
2098 853
2566 1744
2789 1379
3370 1459
4037 1600
4217 1480
5845 888
6215 104
6232 946
2282 1729
2293 1435
3148 1520
3192 371
4142 1139
6097 1348
335 1767
2314 714
2788 1424
4134 910
5000 1499
5865 666
648 144
2365 1870
2617 1861
2925 1908
2990 1352
3076 1391
3375 702
3378 1887
4650 263
5237 1782
590 1440
911 171
1228 423
1404 193
1721 1561
2366 1435
2457 1753
2722 1751
2759 28
2996 1153
4560 1349
5508 58
5568 137
163 2
1292 889
1587 1867
1855 303
2478 1751
2541 1751
2882 33
3415 784
3562 1308
4151 1415
4307 417
4839 647
5054 893
520 1112
1476 1207
4122 1429
4409 82
5628 771
885 1975
936 490
1375 1024
1580 1705
3012 1352
4373 1602
5850 1113
6216 1037
1503 902
2302 1567
2514 1464
3315 1249
3867 857
4806 107
1027 914
1394 789
1464 171
2311 1755
2479 1755
3811 1328
4759 1592
4832 774
5498 851
1989 1729
2329 714
3625 678
4392 1457
4516 1207
5096 748
5231 1127
1017 1731
1095 135
1546 1134
1636 851
2746 1114
2831 1979
2852 33
3066 562
3379 1205
704 788
2304 116
3313 1178
3824 1828
4679 1251
4903 434
5804 784
2345 280
2378 116
2910 1818
4380 51
685 1330
945 284
1444 1080
1788 850
2257 944
2742 384
3703 631
6079 184
6167 916
256 75
307 1516
682 1059
794 422
1060 1275
1749 1584
2308 713
2403 884
2902 386
4659 712
5116 175
1663 527
2449 1729
2599 1755
3632 488
3802 1135
5941 914
6069 1410
1143 175
1374 207
2372 116
2463 853
2725 1435
4649 1361
4805 1636
4934 1282
5217 1832
1551 687
2171 1437
2275 1522
2673 1174
2778 1876
3817 1135
4024 1600
4506 419
107 1389
787 1568
1901 884
2150 853
2394 278
2740 1877
2926 184
4825 503
5029 993
2078 1754
2444 32
3885 1268
4361 1907
4594 1450
5203 51
5520 201
5738 1941
437 1112
2540 713
2544 1755
3163 1459
3233 953
3966 1729
3995 1663
4675 725
4981 238
5189 1887
6101 988
284 110
1062 902
2248 278
2354 702
2711 1652
2780 1859
3492 1787
4229 1487
4617 879
6035 93
6096 1375
6161 766
239 2035
406 1282
842 891
1298 179
1710 442
2427 23
3075 1900
3200 1459
4366 696
4814 1905
4918 888
1578 294
2215 853
2493 278
2648 367
3369 1534
3777 820
4974 902
5491 1350
83 639
378 1848
478 174
542 180
1201 64
1924 1221
2860 1292
3302 853
3900 895
3921 117
84 754
508 168
603 734
840 706
1031 1375
1417 190
2131 1729
3160 1459
5503 51
287 58
1764 1025
1975 778
2505 384
2584 499
2969 825
4130 1207
5560 846
844 168
1304 1429
2196 1729
2231 942
3193 1459
3443 987
3856 32
3872 570
5365 364
5860 135
1171 1154
2501 1300
1593 149
1665 1490
1794 133
1891 1731
2981 488
3014 642
3196 1459
3394 1459
3646 243
5608 1454
5765 631
6201 1860
14 1346
435 423
2172 1755
3993 1176
217 1263
1496 1570
2306 1755
2362 499
2657 121
4408 28
6030 460
871 1070
1443 1724
1463 776
1729 924
3229 677
3288 138
3847 444
4402 477
27 1590
853 1182
3158 1459
3816 1135
5562 779
6105 840
290 50
1648 1112
2321 278
2579 1772
4987 1539
5130 1137
5786 1467
453 764
548 180
672 1345
1573 970
1969 916
2458 1435
2797 1751
3814 1135
4555 1075
6231 1070
102 803
458 135
602 1398
1568 294
2161 1435
2201 1729
2402 1462
1336 879
1608 826
1927 1946
3756 1858
4105 873
4165 1430
5392 1242
6058 1999
897 105
1730 1729
2651 1751
2930 708
4186 616
4330 1254
4604 1423
2569 384
2971 349
6200 676
313 1516
499 1422
1050 166
2046 853
2655 32
3239 1280
5995 1592
565 910
766 142
1181 1423
1219 1395
1772 290
2970 486
5472 670
5761 631
187 540
579 915
1033 902
2665 1876
3009 719
3723 1075
3862 942
4081 141
5197 219
5597 1692
567 1444
1376 101
1599 1569
1836 1636
2000 916
3948 1437
4103 873
5504 20
5713 871
206 1533
1240 149
1838 1054
4237 888
6123 1853
409 926
664 790
2203 1535
2495 1924
2972 413
3515 1465
4028 1584
4064 1139
291 1137
1624 34
2167 1755
2217 578
2681 1435
3377 376
3560 1832
3699 1222
3922 544
161 1271
600 1853
2285 916
2370 116
2782 1722
3047 109
3133 561
3873 527
5653 1121
1511 170
1682 51
5141 1216
5254 889
5785 1105
536 70
1372 62
3162 1426
3682 257
78 1195
229 2013
1354 887
1490 1073
4348 1907
408 174
661 163
2162 1751
3657 1323
4216 134
4952 893
1044 914
2602 367
3609 1043
3936 1442
4996 1414
5685 923
679 1024
1309 889
1388 811
2130 1396
2219 407
2905 1165
5143 718
5616 811
594 86
978 765
1796 812
3322 754
4231 465
5675 123
6160 1446
12 1582
809 190
2848 396
3043 1071
3122 1459
3741 1051
4591 1490
5545 554
1842 1714
2639 702
167 1483
1161 1258
1559 323
2200 1772
2227 1755
2238 278
3059 953
3271 1592
3407 1609
3676 354
4290 1378
4501 1424
4848 1895
866 8
926 1340
2432 944
3433 493
3633 1254
5607 875
5978 1153
2222 28
3718 1731
4833 1956
68 862
1598 141
2041 702
2723 1401
3677 840
4707 97
5435 180
5915 1125
1745 502
2081 1729
2635 1435
4306 1054
5172 1134
5746 321
2844 1578
5670 773
3080 953
3569 1117
5634 1070
5872 798
1170 743
1362 1152
2407 1772
3011 75
3855 527
5451 716
5762 1345
7 1390
160 668
743 142
1868 1409
2029 916
2310 713
2398 714
2543 14
3183 953
5836 15
98 905
439 1423
527 1383
763 153
1008 939
1285 60
1640 1056
1923 1005
2213 696
2392 278
3383 1524
3787 774
4352 1184
5400 888
5873 1878
1949 682
2294 1435
2563 1513
3106 480
3806 1686
5907 1094
6098 718
6149 691
3572 1125
3820 430
5592 50
6251 594
51 1535
1152 174
1169 746
1236 190
2412 1704
2895 320
3402 1602
3719 1824
3854 527
3940 1753
4383 1523
188 888
2668 324
3612 789
1252 1364
1618 291
2118 935
3220 702
3455 1903
4282 2014
5758 1170
327 1172
623 1555
765 904
873 172
1361 162
2300 28
2586 1704
3299 1459
4238 888
2100 853
3848 1135
501 1024
748 137
1186 1078
1448 1555
2424 115
3599 1778
5012 893
5525 826
388 1377
592 1389
1403 96
2762 1755
3055 474
3758 1480
5919 874
47 777
2906 720
2297 1751
4999 97
6080 1137
6150 1753
1410 295
1892 1632
2393 278
2596 713
3344 702
5966 1372
6054 818
121 1374
289 561
1377 1539
2521 1435
3124 1459
5425 714
6252 902
793 408
2411 714
2509 1729
4222 888
5582 211
5657 884
521 101
2239 278
2893 746
5543 884
633 926
986 1138
1260 1963
1357 1580
1805 1070
3634 1780
3952 866
5590 11
5681 1309
2305 1755
3444 764
3568 508
4009 848
4747 737
6090 42
53 1535
1370 408
1728 51
1740 8
2236 1755
3240 186
6180 1427
177 1994
1153 75
1398 1230
1579 902
2465 1435
2943 541
3368 1459
3559 1628
3624 138
4011 848
5773 903
184 738
1567 852
2684 1425
2818 1722
2998 1501
3467 472
3991 1435
10 953
817 1236
1005 811
1243 1075
2230 1755
2761 1751
3234 687
3265 702
3280 1134
4215 1226
5760 667
1163 173
1699 190
2009 1070
2813 334
2901 747
5326 1022
5646 1902
5764 667
2254 1538
2741 1678
3414 201
4853 1551
5849 1611
5962 346
1088 666
1146 62
1338 784
2016 1071
2363 1461
5842 1348
6198 918
1080 718
2197 1773
2261 1211
2415 1555
3295 1459
3488 1465
3797 1328
4214 1253
4905 708
4973 1830
5363 501
5660 1125
137 803
2330 278
2522 1435
2954 75
551 174
1441 140
2729 1532
3823 527
4206 1430
4538 930
74 644
124 911
234 1427
673 865
3121 388
4646 1364
4873 889
5154 760
5895 1103
131 944
2941 2016
3999 848
4397 40
4749 1455
5009 1137
5276 1272
5603 203
269 58
1619 1687
2309 713
2326 487
3272 956
1669 1773
2129 1772
2350 1772
2820 1722
3522 735
3596 691
3755 316
4195 1252
4861 1636
5211 1119
5626 965
6011 1253
178 1663
423 345
2138 916
2271 1667
2289 853
2717 1643
3320 808
2452 866
3173 1476
3381 884
3456 1459
4342 529
5619 1887
5624 889
224 1748
1107 1138
1702 238
2228 713
2299 1751
3410 577
3701 1448
4337 825
5585 50
1100 779
1144 168
1491 163
2110 28
2374 713
3501 1826
3833 1135
3906 51
4323 1066
4340 749
5437 1432
28 1922
622 1846
649 390
1575 153
2373 713
4281 138
4515 887
4592 1393
1076 809
1312 826
1741 1924
4147 1130
4915 770
5353 559
558 923
1277 190
1722 124
3036 520
3167 1453
3495 1914
5440 846
172 483
561 1075
1384 822
1726 902
3188 1903
3191 1459
3363 846
3439 646
4002 1084
4847 1225
5541 935
180 1114
584 1733
643 123
1921 1208
2379 23
5155 1256
5496 846
1168 163
1272 129
1959 1215
3700 1726
3892 527
1210 1443
2281 1458
3839 2013
555 1296
604 12
608 1123
1762 1034
2199 1464
2353 1464
2456 1729
2508 1729
3662 317
3866 64
4919 1007
5825 827
394 148
698 1670
1227 1732
1347 779
1711 981
2026 1464
3290 388
3635 37
4738 1539
5826 429
971 174
1994 1772
3923 1511
4860 503
5103 1768
5268 1127
6067 133
1093 825
2060 1253
2105 853
2312 1755
2356 483
2929 1149
3442 663
6177 1618
689 59
851 1401
1251 130
1479 1983
1851 1262
2112 380
2783 1722
3248 1459
3636 1569
3819 1135
3989 1442
168 189
737 39
1308 1599
2983 514
3837 367
140 631
950 1454
1990 1563
2050 853
2469 28
2576 1753
5446 161
1405 1244
1821 624
3064 64
3899 1271
5104 1175
933 171
1570 1457
1634 1120
562 50
2560 1435
2892 1114
3423 1459
3469 1787
3842 1098
4363 1907
5671 1103
5771 1357
402 62
1356 149
1447 383
2671 1157
2732 1437
2945 761
3441 582
3489 916
4085 132
5476 1295
6159 1860
1612 1917
2799 1567
3730 679
3988 1771
5241 280
80 1590
669 1105
1019 1808
1220 616
1550 129
2164 578
2355 1704
2382 713
2669 1744
3695 1634
3784 553
4225 690
4447 1506
523 822
915 1453
1066 1730
2352 1729
2587 1435
2997 1410
5732 1946
179 1102
515 1094
811 1623
1187 968
1696 703
3881 1600
4842 717
5006 910
2137 1729
2638 1401
3698 515
4331 110
81 777
723 691
2682 1435
3804 1001
4200 1455
4377 1226
5456 163
5770 1581
228 864
1035 825
1128 744
1735 358
1877 1740
3273 1762
3337 916
3419 846
3944 1548
4008 848
5458 624
116 2001
858 1275
1225 75
1583 1555
2176 713
2266 257
2337 155
3072 468
3589 663
4204 1415
5354 565
1433 1777
3046 1282
3244 1459
3502 1258
5233 874
1334 1203
3403 702
3934 1253
5341 732
5718 825
70 862
1562 735
1919 1833
2904 1430
3843 1342
4277 1874
4514 206
6013 875
166 1621
5497 65
6082 994
708 846
2303 713
2413 1401
2423 1432
3048 1713
3840 1064
4213 1352
4582 129
5148 1555
6192 1356
2279 703
2371 28
2451 1772
2618 384
5426 1886
5547 1345
6111 1583
6188 1147
595 639
597 144
1366 275
1715 1070
2973 137
5432 1005
36 906
443 16
1038 981
2781 1643
5953 486
1684 784
1736 1352
1750 144
1966 1729
2313 1755
2347 1464
2406 1563
2518 1709
3195 1534
3733 1061
4736 824
5684 1612
30 1922
40 1535
1553 1446
2221 1751
2361 864
4569 97
6259 1462
790 168
973 1568
1322 1480
1993 1772
2208 853
2675 1042
2903 1498
4327 825
5216 1017
142 1188
621 865
745 1975
850 1270
896 1797
1160 1472
1274 975
3404 702
3752 1135
4719 1359
713 1088
1391 813
2367 853
2418 1
2428 1751
3068 1104
3298 1845
4075 1139
5477 1874
1951 1037
3771 553
5285 90
5385 774
852 1487
872 1092
2399 278
2927 1970
3109 1885
5813 848
145 4
1018 62
1167 64
2148 1545
2713 86
3218 174
3946 303
5676 445
141 895
385 1423
1271 642
2030 916
2177 367
2296 853
2577 1729
2871 939
3689 1913
174 658
233 914
377 852
699 1423
770 49
1899 1071
3357 1630
3798 876
5526 600
457 1919
1175 766
2202 1535
2821 1966
3351 480
3826 1465
4798 1533
4928 1071
5668 1613
6122 1517
108 9
1276 174
2320 367
3347 1480
3846 1135
204 941
1908 1409
2290 853
2845 1110
3004 149
3669 6
6168 766
100 1532
586 1487
1332 163
1584 168
1810 281
5264 1557
5457 1066
5474 1071
5950 528
751 1924
1013 771
1589 1728
1680 429
3301 388
3652 129
4001 926
4267 1736
4304 1254
91 942
639 193
929 173
2163 1453
2520 1453
2812 1652
3294 1426
3925 1523
3987 1771
5669 1634
2319 916
3534 1296
3727 1659
5467 914
5614 1409
6078 846
836 1814
979 1125
1207 1229
1315 1151
2840 1882
3051 1295
3159 1534
3458 1459
3880 367
4387 803
5667 1714
5879 1282
5 90
227 419
1096 8
1269 832
3170 1054
4275 86
5188 1385
5355 920
5673 1465
6246 74
63 1755
5745 1170
254 50
1784 1071
3151 888
3794 1328
5314 503
5633 398
990 1080
1078 190
2128 1729
3717 1328
3799 1135
5642 1178
182 1833
1022 1414
1383 843
1991 1772
4108 2000
4133 387
4236 1077
758 546
1513 253
3395 1534
3421 1259
4262 632
5609 920
76 14
308 546
1785 396
5016 1444
5342 254
5925 49
630 512
1250 1429
2512 1754
2932 1683
4295 1112
5994 778
123 1535
972 434
1173 1070
1378 1101
1911 1740
2269 1023
3283 1171
3979 624
4787 1253
2076 1729
3175 1271
3430 1465
5692 737
6173 1096
1642 1773
3792 668
4030 1374
4406 1379
5733 1170
150 1919
1835 1054
5230 1132
5689 528
260 1471
314 174
351 490
1130 110
1806 902
5193 1006
267 465
1500 729
2999 746
4458 977
5793 826
5859 1547
471 1568
504 374
632 1251
1348 1165
2117 1215
2975 295
3332 186
6181 973
86 803
1799 101
2080 1772
5611 1158
1368 148
3548 350
3883 702
4573 1423
66 426
317 1564
1364 1131
2629 1729
4753 1514
5743 1946
135 1535
1970 1772
2004 853
2348 1773
3405 1769
4509 977
5140 1304
5428 1242
73 1567
297 915
876 914
1678 1729
3352 1061
5452 1237
99 777
3001 125
4038 1619
6262 240
21 905
757 1730
1154 137
253 1253
554 1352
1940 1781
4863 1464
5677 1480
144 942
432 174
553 146
1763 1022
2620 1384
2793 1272
3471 600
5683 1612
814 1935
1114 50
1798 176
3530 1629
4600 1423
938 1239
1399 727
2984 716
2875 93
4117 1540
4627 60
1256 170
1672 1622
2220 578
2585 341
3664 317
3711 1634
5369 914
1986 1719
5360 75
5563 1106
934 96
1006 897
3567 174
5182 1225
1118 96
4967 972
5160 1932
52 928
642 36
1049 1493
1172 1564
3085 1259
3186 480
3776 1682
4286 1070
4407 1531
4570 2013
75 721
328 1746
952 1080
1079 1625
3422 1259
3869 1064
4959 1216
54 721
1344 977
3511 1296
3588 632
3832 1135
29 857
599 1807
753 1566
937 782
970 51
1218 1792
1592 1103
1816 1986
2666 1321
3083 64
3157 1426
3274 174
5882 1034
244 771
837 1880
909 1239
1628 219
3062 480
6129 1838
6228 350
4 75
3479 846
4680 1816
6230 1587
843 1444
849 332
1571 1432
2170 1844
3801 1135
149 395
944 764
1287 1403
1671 525
3564 194
3702 473
4778 486
5431 304
6028 867
1202 879
3137 1375
3333 1296
4004 1396
874 261
875 1252
877 1097
1537 879
2339 1774
4761 1261
5152 1100
5351 180
1340 175
1813 374
5169 1137
94 3
815 1612
2194 1409
2343 1023
3153 388
3500 200
4138 1531
4203 60
4500 1423
5630 662
5696 1884
326 1244
696 144
2516 1169
3268 844
4141 846
4243 1768
4351 407
4491 929
4497 60
175 1234
268 1443
398 653
1085 718
1733 530
3041 1054
3466 1633
3983 1663
1828 1023
1946 1740
2214 853
2911 1149
3007 670
4545 1071
802 633
1703 989
1873 1740
1995 916
2165 27
2454 1772
867 679
1059 978
1262 740
1379 1362
1811 317
3169 1919
4542 1297
4862 107
6170 696
2946 776
4347 875
64 942
465 852
485 1557
4933 42
1419 1242
1552 1537
1705 1134
1893 1647
2019 1740
2889 1468
3770 1135
6063 1051
1657 826
2619 411
618 1780
1697 1669
4907 893
4957 999
688 2024
1862 1898
2185 985
2191 1559
3431 1925
3592 151
4333 1253
4576 42
5260 1189
5687 1017
82 624
826 1776
963 420
1070 1527
1482 1914
1724 1740
3070 1674
4791 1859
321 658
534 846
4660 166
4977 144
5329 1074
619 1853
967 902
1343 806
1407 1311
3551 1539
4949 759
5736 32
389 1229
792 2023
1213 784
1596 36
3884 470
6012 1225
510 1376
1222 1328
1245 1075
1303 1374
2460 1435
5809 1048
480 1276
3112 515
3348 633
3731 1328
3994 1771
5871 1236
380 175
610 923
721 1850
795 1446
800 1771
1880 1740
3434 1477
5223 1636
5604 1386
42 1194
301 1137
2005 1427
3656 1699
5571 670
5648 1714
1259 1080
2052 1401
2712 1300
2744 1859
2779 459
3086 1054
4209 1298
4571 638
5556 127
41 22
1162 1085
1586 470
1751 317
1860 884
2887 427
2924 1215
4507 1247
5509 653
162 1756
805 158
881 842
940 1735
1643 1846
3293 186
665 941
1481 210
1623 279
1885 834
2211 1555
2464 777
3959 1595
4741 1127
5292 503
5423 633
1281 144
1505 1058
1849 1714
3365 186
3968 942
4433 418
4875 647
2721 1221
2787 1885
3886 1922
3941 1663
3978 1271
4308 1073
5299 1447
5313 32
1310 1151
1731 1392
2572 1730
3110 388
3526 806
4374 553
6022 1559
72 483
524 1203
3350 1542
5926 1930
6084 1348
6226 104
693 489
3314 1001
4278 138
4936 893
4988 103
5275 73
5612 773
5706 1762
772 39
1286 1295
2044 1425
2136 1464
2342 1626
3483 1459
3963 856
4897 1125
5744 622
134 721
702 1206
3630 340
3967 942
5335 1423
5774 1833
35 1194
136 1432
1943 1781
3796 1550
4251 1112
4329 110
5499 1125
236 1090
718 655
828 447
1205 1402
1925 884
2974 1251
3044 1945
3520 1427
4112 616
5250 1712
219 1846
445 824
705 145
771 1749
1217 207
1600 1639
1688 618
1954 824
2207 853
2212 894
2283 1729
3154 520
4450 1395
6194 884
115 1590
1300 1589
1413 1696
2262 334
3291 520
4800 1493
6031 1150
128 1652
552 1123
3116 388
3736 1620
4264 488
5645 1495
5756 407
93 1562
965 970
4233 149
5352 1964
5533 1348
636 895
839 1225
1837 1338
1846 1054
3947 1745
5030 893
5346 11
5413 1523
5991 745
6071 65
31 777
3871 942
4289 1171
5554 1445
300 829
655 1798
1997 1464
2006 262
3356 1365
5688 670
6263 195
583 655
2264 1117
2886 1395
3593 345
4079 49
4087 1428
1768 63
1920 344
3474 474
3960 1530
4653 679
5183 702
6222 1329
899 1822
1918 1892
4119 1691
5322 1534
5767 2011
784 1745
1151 1723
2292 2
6255 1685
69 777
576 916
1529 1017
4346 1176
4726 967
365 1831
1653 1846
1915 1740
1999 1724
2021 1729
5409 241
6164 1348
132 1178
2216 853
2351 916
3329 687
3882 278
3929 1329
5672 1614
225 38
395 915
1150 434
1497 668
2166 1751
2670 1627
3210 267
3437 1500
3450 138
3962 856
5796 219
114 857
3131 1249
3409 1184
3 1149
1913 1522
3863 527
5488 2000
151 1569
1843 1636
1867 998
2358 1924
3279 771
3961 856
4841 1835
4995 1695
5308 528
240 102
981 1210
1246 1415
1987 1729
2119 1612
2183 1823
2633 1772
3838 1271
4287 865
4401 1181
5331 682
637 877
1349 469
2959 2012
3238 520
2819 1683
4789 1282
5202 1870
5422 2010
5977 1580
6130 1586
491 908
2280 942
2842 1861
4283 845
6039 741
948 42
2870 1165
3366 817
6010 1852
1771 1438
3531 1446
3951 856
1196 1469
1719 942
2667 16
3136 1070
3174 155
4124 163
5281 480
5529 1904
519 1325
2455 1753
2849 642
4014 1946
4339 749
5280 537
5901 1884
6070 658
1360 161
1544 168
3451 186
3707 1308
4484 1439
5248 842
5640 61
441 166
1961 1740
3117 1903
4978 1450
5135 955
5489 806
5537 683
822 2010
1234 1234
1535 1185
4354 110
5238 854
5812 891
656 49
827 736
4128 922
4246 540
4654 989
683 1862
1714 708
5889 61
329 138
1041 1403
3482 1259
3783 553
5191 676
5810 1089
5964 1692
220 964
1091 823
3815 1145
4435 1348
13 1991
1197 999
1365 166
1963 1691
1998 1772
3267 267
4531 1361
5596 823
65 22
829 192
898 498
1016 1134
1124 1664
1651 1111
1964 1773
2914 1722
3219 1974
1164 265
1848 1714
1965 1754
2071 1740
4851 1848
5321 1295
5848 1022
5940 1031
294 107
1321 1248
2047 853
3135 926
3189 687
4810 594
442 1295
865 1593
3067 139
3924 940
3938 856
514 1031
668 759
924 884
935 201
1907 1409
4221 242
5073 1160
5114 925
5120 1564
271 1408
401 1400
5212 388
5300 346
6224 1187
125 1
173 1401
5391 1928
687 1744
1708 530
1732 1395
2003 853
3247 1845
3724 317
5047 1332
5965 1039
6121 1403
133 1566
2149 853
2846 1262
3388 13
5719 735
5886 1022
110 1567
330 1000
964 188
1257 223
484 434
1621 679
1957 1409
2683 1435
2909 590
3768 1677
4036 1663
4428 2042
4465 321
109 659
259 162
1263 1520
1427 1510
1549 1580
4608 256
834 144
907 1698
983 1811
2205 341
3887 1509
4788 836
9 578
46 2
372 1861
652 1893
846 598
1302 871
1754 1215
2950 420
3750 1371
4058 815
4940 181
5902 1117
728 1756
3986 1805
4965 97
247 120
1083 1039
1288 470
2687 577
2944 844
3729 1582
5347 1071
5739 453
778 703
4248 1089
4541 1423
910 685
1331 344
2023 1772
4503 842
5408 666
5434 879
6127 164
1318 300
1326 1756
2908 1652
3093 1404
5345 1127
250 1992
634 1123
821 1615
869 101
1662 1880
3527 1629
4410 877
4772 1459
412 174
920 495
1194 692
1232 546
1700 1409
4425 1472
5659 1371
332 1378
535 1645
3524 1455
3666 1689
322 574
890 1852
1664 842
1752 1658
1803 1151
2643 849
3355 916
518 1839
593 1473
1650 883
2861 1826
3054 54
4721 1982
5949 1699
1282 596
1834 1813
2565 1300
4194 425
4499 646
5113 1226
6062 591
1557 1792
2977 1536
3221 141
3621 1894
4958 1137
416 70
755 1462
3411 1724
5236 470
5516 103
5852 1348
1456 777
1793 1034
2190 1648
2210 853
2504 1734
4947 1001
5368 1735
6100 1894
419 1963
678 162
3998 848
5658 343
5198 1807
5490 982
5507 1204
1631 1736
3384 582
6042 1106
6115 1525
56 1229
113 1922
492 61
1123 784
1718 1396
1971 1396
2017 881
2272 2021
3176 967
4034 607
26 1452
1020 570
1610 658
2268 374
1912 1781
5909 742
95 115
3281 1883
3353 1074
4802 469
5214 891
789 1781
2028 1464
4232 1894
4593 592
4854 1811
5058 1071
5278 375
511 1568
1087 1038
3119 480
3865 161
4140 1428
4535 208
832 1880
902 101
1275 456
1528 153
1960 266
4921 2042
5928 528
58 904
403 771
975 795
3749 873
5332 1361
6206 74
6207 460
1595 655
2156 341
3108 480
4315 1252
4694 106
97 1590
1847 1495
5715 1792
79 904
127 2001
414 1496
1176 1422
1941 1135
2360 322
3027 1252
3506 1421
5205 2010
5570 1942
641 979
813 1042
1369 772
3473 708
5897 1274
198 844
1635 1482
4000 1803
5349 1543
5444 394
6154 122
788 967
1434 1549
1442 1138
2025 916
2109 853
3020 1629
997 795
1206 1773
1516 885
3065 480
4948 1472
681 970
2273 1740
3778 1111
4268 1237
5181 1999
5883 12
1472 1229
1524 963
3927 1469
5484 1928
447 1925
676 1912
1333 86
1695 1558
3319 179
3349 1771
3763 874
4776 1460
5056 1009
955 561
1832 1071
4821 1501
1 939
996 63
1311 2015
1755 1071
2868 1347
3533 1259
4367 1395
4883 762
5530 1860
5818 1930
138 1456
1978 884
2160 458
4059 1391
5377 208
1861 956
3686 623
4156 163
5384 1754
1776 850
1942 447
1977 165
2095 2
3113 480
4809 1497
5601 687
5742 1946
662 1044
3508 1296
3735 1114
4223 30
4399 1139
6056 577
62 394
1952 1005
2135 1729
4098 457
5220 648
5429 762
5927 1289
6008 1046
2014 1946
2716 1116
3494 1295
4057 956
1025 51
6086 209
32 1306
1414 1017
4633 201
5317 1481
5828 1743
111 942
4003 1944
726 1640
1462 1595
1900 1080
2276 1719
5433 1484
5469 233
1451 999
1753 1658
3056 1352
4007 848
5777 1706
1097 1671
1293 560
3225 1417
4945 606
5318 1705
5800 2010
1039 902
1229 1224
1280 60
2186 1341
2876 781
3964 856
5167 1022
5293 171
5832 1348
5887 1308
6221 75
1132 835
2048 853
2151 853
4643 1343
4850 784
5632 2014
5698 1394
5784 1127
1149 1762
2274 1685
2745 807
3438 405
3454 1421
3566 1094
3972 702
4208 273
5213 1464
6003 1692
1037 1477
3130 1104
4088 1129
4391 1066
4840 179
5463 322
486 1383
893 833
1931 1215
2042 803
3767 873
4886 703
5527 1627
5581 1177
112 359
462 286
1009 1580
2092 2
3481 1421
5370 1262
148 1738
780 80
905 517
1780 1626
4394 1254
4845 1348
67 22
1000 661
1203 941
1352 532
1817 1170
1976 1813
1980 1946
4561 190
5388 1456
750 651
1691 1204
2007 1130
2024 942
4261 1389
4372 1088
25 162
571 532
1409 119
4920 1957
1601 1246
1916 1740
6196 1640
4844 842
4975 1772
5367 692
34 1194
129 1468
2051 1435
3766 1037
3985 1663
55 327
925 624
4502 956
5567 1168
6018 594
43 856
690 1763
1713 728
2033 777
3654 648
5200 528
5470 1263
5942 1065
6103 1464
6152 1797
350 1537
1611 1009
1667 1619
2672 315
3977 777
5598 1076
5819 1186
613 977
835 39
2625 315
3178 1016
3629 1805
928 1165
1992 1773
2091 341
2286 1401
2588 803
3038 520
4121 815
4486 1512
3498 334
5306 956
5454 1564
5540 244
5697 670
714 1925
744 1555
776 356
1569 1557
1983 1127
2104 458
3276 1679
1996 916
2344 374
3185 64
4619 1135
838 1044
2364 967
3391 1248
4681 972
5952 2022
537 135
939 363
1706 103
4537 1423
1055 107
1655 848
2715 713
5147 1188
5599 783
6029 853
6258 1499
45 477
383 1572
906 1423
2040 894
3779 1328
5053 800
5348 972
575 2013
859 1659
5142 650
5344 1929
6212 448
216 1325
1335 1175
2295 1751
3224 885
3845 981
4047 129
152 1289
1639 1773
2032 1922
4472 1512
4524 243
5158 1385
5373 1648
5857 972
3965 856
4498 959
5776 687
958 1749
4702 1076
1108 1783
1645 457
3149 61
4495 1853
5173 1250
5492 1404
5593 1982
533 1429
701 1004
3748 999
4076 1129
4684 560
1783 1215
1792 340
3539 296
4072 1068
5876 790
984 1002
1075 1547
1766 1215
3061 480
4869 32
5399 564
5417 1071
5808 773
5946 1117
6 1164
615 1089
1814 165
2626 1758
3687 1048
4954 140
912 760
1043 1537
1673 1591
1720 1365
4230 1430
4991 893
5837 219
6142 1778
1395 193
3984 1663
5880 215
6261 811
1508 132
2103 2
2198 1705
3716 1328
4035 1584
4457 1132
5038 68
2113 190
3440 1629
4056 1062
4097 545
4826 1330
1040 1002
1046 951
1072 1627
1258 676
1328 1555
1358 1384
3928 698
4693 495
4724 1845
4808 1889
5438 298
2036 853
2949 1149
3270 1459
3795 999
4647 941
5055 429
5411 53
1540 1304
2086 341
3680 983
4074 163
4529 1071
4729 690
5320 1482
5695 541
574 390
1267 1137
1543 1905
1737 1458
2057 458
5735 1012
2995 241
4018 1659
5464 762
6210 1805
1459 2014
1183 1157
1195 1506
1200 363
1914 1740
3089 110
278 1809
1094 1280
2031 1922
3478 169
4086 718
4467 1071
4824 1216
4012 269
4055 244
5993 1269
1367 676
3190 520
3760 631
5139 390
1216 195
1560 1589
2144 1554
4155 1885
4852 1477
5003 1327
5445 738
5515 1223
1244 1122
3904 856
4202 1423
1574 1745
3953 269
6225 174
816 1389
3452 687
6245 779
1626 275
2015 1409
2139 1922
6051 1438
968 1229
1111 336
1603 743
3793 999
4046 96
4888 130
5691 1256
1808 1946
2869 1637
4294 1385
4568 560
6092 1792
6166 1797
884 782
1092 162
2066 609
3713 309
5330 575
1547 87
1804 1022
4378 588
5350 54
5932 80
2049 853
5131 1745
5291 432
5495 600
77 22
1876 1740
1974 206
4424 1242
4554 139
5262 1599
5814 883
5968 658
5986 1024
265 811
638 75
886 1207
2155 341
3266 137
5295 156
5493 1539
232 323
277 909
921 1831
1067 1181
2564 1942
5822 692
6049 1613
324 64
1341 149
2152 853
4073 933
4451 975
2082 1396
5727 1946
2102 853
5970 1137
566 1203
691 1043
1717 1572
1822 1813
2624 1645
3040 480
4123 1730
6146 1586
1886 95
5257 243
5730 213
6178 1210
1874 1749
3644 1237
4762 269
4836 1726
5898 848
1534 1705
5954 739
481 361
799 1663
1738 1808
1883 693
5124 736
5678 1958
5985 1140
8 1364
820 1136
1053 1798
1353 1229
1385 1914
1406 876
1685 1446
2206 341
2291 2
4010 1132
4924 1394
5416 963
5644 745
5840 1585
6140 1446
2108 853
2209 2
3769 876
3828 480
3969 624
4801 527
5578 1941
1420 1218
2277 1740
855 633
3084 480
3631 963
3954 1271
5912 941
6114 1961
1026 1951
5707 935
90 32
202 1351
4901 890
5459 1137
2404 1636
2958 164
4314 1455
980 753
4101 165
4756 1973
5971 256
4082 682
4464 833
5021 666
5680 53
1869 11
1607 1994
2719 917
4017 1265
5379 1045
5908 679
767 1595
883 1805
3138 1894
4417 2010
6117 584
6162 1600
706 86
4727 1219
5900 751
118 1303
1904 1080
2039 458
4849 2013
5060 762
5778 1885
848 1774
1853 2013
722 875
4412 1612
5613 1398
1866 1898
2267 374
3930 1534
5034 1730
316 1502
1307 491
1566 467
1945 321
4668 972
5095 28
854 1584
985 71
998 1781
1214 1391
1981 1367
2055 341
3082 480
739 50
3939 1544
5636 1949
57 877
466 1966
3781 1885
3905 2022
5577 668
5712 1304
5703 598
614 510
764 200
2020 1636
2084 1458
2087 341
2154 777
4023 1195
5856 1117
1845 280
4752 1071
5583 809
625 698
1712 708
3744 631
5251 269
5622 1376
598 256
976 1157
1109 158
1839 93
2461 341
1155 1482
1668 911
2517 1822
4505 1013
781 390
1086 18
1452 348
1765 1326
2010 881
3714 1581
5153 1735
617 201
1470 518
1812 61
3728 1054
4218 273
5296 772
1084 168
1145 876
1786 1005
1968 1772
2068 990
6156 1642
153 803
596 375
1499 1449
2059 894
2989 1352
5025 893
5389 666
5734 754
1863 1946
4416 1843
5518 594
5651 1942
612 1997
1418 1705
1539 892
3317 503
349 973
1126 1885
1789 1417
2035 1426
3096 125
4626 157
5572 962
624 233
674 1170
1249 1393
2013 176
2085 1922
4381 300
5210 348
5549 1584
644 967
807 1287
1248 971
5951 175
631 2011
657 1925
1390 864
2140 341
3626 1583
4477 859
847 1290
1032 1359
1859 165
2064 1873
3565 1872
5522 1584
1180 1254
1510 933
2462 341
3975 1271
5080 1618
5401 941
5548 178
255 186
620 163
830 706
1314 1031
1615 372
1956 1898
3800 1135
4063 1632
4390 77
6064 874
6165 1561
6186 639
6265 337
860 1348
1074 705
1389 985
4053 1309
991 59
1121 560
3412 853
3955 1865
5289 1137
488 1823
588 1933
4148 1366
5390 972
1506 1790
1638 1001
1781 1022
3901 1488
4137 1133
4539 941
5274 624
5862 1132
6007 1050
1135 1315
1215 1423
1273 1237
1494 1477
1818 1898
2794 949
4129 1899
4263 1478
4463 972
5824 215
6091 1679
415 1383
1807 691
1875 1548
2011 374
3764 54
754 477
923 1723
1910 1718
2677 1551
3215 1772
3661 1933
4044 1616
5701 1274
3751 1111
3812 876
4379 64
4908 1745
5307 2017
280 1639
695 1282
783 698
908 977
4178 846
4445 1639
4487 1289
605 1057
1102 1859
2053 1590
3782 753
4764 12
4823 546
407 495
436 1197
2146 483
1666 1482
1903 1559
4625 1071
4723 482
5720 1228
2089 853
2571 1730
4876 503
616 1592
667 971
2994 1375
626 165
4944 445
2125 1648
2143 341
4005 269
4577 1999
5436 578
700 79
1457 990
1541 877
1864 1986
4239 846
1775 1679
3134 1551
4939 1941
3990 1270
4389 264
680 110
1082 1522
4353 32
4819 551
5044 1689
5406 330
343 821
1774 317
5074 1816
5418 374
5869 1100
1854 1446
3685 340
4725 666
4953 215
5272 42
5755 1672
585 390
861 136
947 754
1327 1248
2195 867
3021 1543
4666 1737
1898 1150
2012 1679
4490 547
4636 1847
692 1023
717 1856
4420 1057
5806 1425
995 1853
1467 439
2034 853
5855 972
6104 995
2265 1022
4019 1659
6184 1274
895 1605
969 1235
1790 1350
1844 1497
1953 1080
3505 815
4556 1576
5315 1242
5789 1493
719 886
1504 1712
1944 1522
1412 1375
3982 1805
4900 72
1879 1875
3627 1992
946 1384
1633 768
4154 1217
878 997
1238 1564
1686 1880
1758 165
4071 1632
5594 1600
1435 67
3235 520
5138 139
5235 691
1224 1444
1979 1667
2189 670
5222 469
5737 1563
1800 1353
3681 1154
4016 1990
4856 764
5093 763
5801 54
5858 955
392 948
1485 1259
1679 1537
5799 1071
954 1244
1011 167
1239 50
1833 1674
4062 1663
5328 42
1387 694
3996 1803
4492 24
6085 1930
2193 1626
4393 1545
4685 494
1381 491
4837 1048
6147 89
2340 1408
3753 1242
5803 1208
5959 183
1597 1271
1652 1846
3092 1054
5511 1401
927 174
930 1300
4774 1808
5694 1326
5835 624
2448 917
3380 61
4040 154
5827 1216
6061 1907
1437 1286
4797 1930
4982 1973
5483 973
5722 374
463 1918
1704 1117
1777 1946
3330 520
3765 1885
4099 1429
4843 789
5033 1276
5853 1682
5815 201
6131 1150
1955 1667
4479 140
1324 1252
4885 850
6074 1127
1112 1351
1760 1145
5534 1091
628 2002
1548 168
2067 1559
4025 275
5702 1572
870 1450
3042 1325
4069 275
5324 460
5579 233
1339 477
3480 1421
4070 682
1425 1351
2107 853
3177 1149
5878 1780
522 1839
1034 1310
1355 1321
1894 996
3870 1533
5741 491
6065 1775
1520 20
1850 280
4139 1818
4763 1207
5259 1576
5641 745
989 1939
1158 52
1495 561
1826 1946
6163 608
1870 1891
4553 1656
5219 1907
5394 253
5816 1565
2074 1522
3610 46
3780 604
4423 1950
4471 977
1125 935
4989 941
1486 1548
1532 61
1824 161
2720 1254
6006 1579
1461 731
1759 1025
2097 849
3786 1018
4453 692
5075 1706
5867 1510
782 1829
1382 1547
4419 1132
5263 1589
857 1322
1525 1328
5705 1242
5754 1177
4525 167
6247 1197
6019 252
473 1124
1533 1725
4623 972
5693 1872
4438 1692
4585 1074
4960 1595
5271 666
6038 1594
1064 1404
1438 1196
3212 1763
4013 624
5035 1811
5337 1137
1212 720
1430 1949
1455 1311
5122 453
5221 1517
263 259
746 1781
1330 1242
1982 1653
2054 2
2260 240
5045 1274
320 68
1725 1583
1825 1946
4403 1832
4579 1118
6253 111
901 1669
1487 1953
3732 604
3790 540
4068 1341
4558 208
5510 864
1071 1797
5127 928
5929 1595
1787 1080
5094 100
5199 156
5303 11
5393 291
6176 773
5014 239
5615 2010
904 1058
2075 1522
1051 2011
1058 6
1522 1721
5084 1666
645 1262
796 1815
831 1561
5631 1083
5791 1653
5864 321
6041 453
6243 798
1002 1199
6195 897
2188 1034
2341 2042
4532 1811
4635 809
4889 1235
5557 1810
2072 1521
2124 176
3931 1745
5821 1992
3827 462
5699 1884
119 232
2099 2
3997 848
5938 1009
1791 1114
1887 1361
2002 341
1454 1512
4586 692
5297 46
1905 1679
2141 2
2912 1678
4051 1742
4615 560
5294 1360
6203 317
1831 881
1926 1946
4521 1071
5792 1951
1134 1140
1429 264
5387 1579
654 1232
2001 341
5863 1667
5885 1274
5817 225
779 889
1069 135
864 1140
999 1255
1453 1
4021 1190
4110 190
4667 1106
126 426
1871 1946
4452 1636
4662 1562
5277 390
5637 1501
5947 1260
1484 886
4020 1659
4540 1309
4804 2042
5269 972
1473 1259
4043 1196
611 731
729 51
2346 1740
5358 1429
1103 1353
1502 267
1815 340
5783 935
653 1323
966 1383
5037 1337
5405 127
5729 660
2101 853
2204 1617
4493 1106
4590 185
4605 364
5162 856
6116 1885
143 1639
629 760
841 721
1416 1235
3754 1460
3877 473
5026 972
5846 102
1266 136
286 1491
4254 1098
5753 430
868 1871
1291 1557
3622 1801
4288 1048
2142 341
2678 1772
4060 2019
5229 1012
5521 878
1554 135
3791 1861
4032 1181
5690 1045
1683 284
4683 638
4799 118
922 1492
1515 1149
2153 967
4041 1691
4045 317
4771 1009
880 970
1840 616
4473 762
1475 1242
1690 1206
2126 1548
992 67
5584 2023
1929 1946
4602 1270
4773 712
5092 163
1426 133
1488 1988
3445 315
5831 972
3045 1219
3436 1518
4526 1787
4757 1816
4765 1691
6174 269
892 76
1223 534
1588 1922
2145 458
3647 1947
4224 865
4562 1246
4686 1126
5117 1394
1466 1756
1480 1859
3970 1865
4462 1793
3611 1673
4728 1421
4923 1398
5911 528
1138 71
1436 78
2147 1555
4930 1616
5002 316
2096 853
3762 217
4927 1811
1265 682
1677 735
5723 990
5288 1149
5591 947
5650 1845
3747 2022
5359 1408
1896 1151
2116 1682
5319 1392
1174 1513
1779 1409
1909 1152
4166 2027
4951 1137
5273 941
5724 990
1007 560
1104 821
2157 341
5854 1613
1440 1889
1761 1215
3595 989
4341 1543
6155 269
1120 852
1325 193
1947 1740
1449 1742
2090 341
4496 798
4544 1559
5031 44
735 1742
1884 76
4601 1742
4785 477
5725 1946
5905 689
4770 1911
4914 1556
3971 1679
5564 670
1090 210
4429 1816
5654 972
6020 269
3532 1263
5576 695
5963 1908
3326 520
5552 1145
5382 683
6187 1779
1209 492
4432 1775
4786 1271
5339 1584
5847 1700
918 1671
3214 1551
4481 1539
5402 1025
5403 1653
1188 1275
1823 1865
1939 1235
4658 198
4689 1107
2058 2
2065 1813
4415 1616
4583 546
5204 1292
1757 1038
4436 1071
4474 1619
4475 1424
4083 1682
4476 1597
4792 208
5538 259
5558 1585
5890 1130
791 13
1089 457
1827 374
2088 341
4437 1999
5290 624
1068 1515
2891 1165
3976 1810
1423 1623
3715 1666
887 198
2192 1898
4611 1544
2122 1559
4096 132
736 1195
5487 1792
803 399
1003 1250
3269 1551
4968 2013
5710 1599
5980 219
917 708
1424 1245
1895 1873
3665 1852
5234 872
4052 551
5101 1733
5700 1563
961 954
2038 458
1117 1827
1204 310
1527 989
4015 806
5201 156
4552 559
4687 1050
3759 1582
5602 104
1856 1885
2018 1151
2093 853
1582 278
4612 361
4630 290
5137 919
2106 904
4641 941
1602 200
4760 803
4400 887
5790 1348
6125 528
2114 1328
2158 853
4640 466
2063 1214
2187 1626
4639 972
5192 2035
1492 1705
4742 1164
4775 426
6158 1822
1460 495
4006 1679
5371 164
5586 594
670 356
1512 1095
4426 1544
4483 670
3650 1282
4518 830
5378 409
2182 1031
4943 1083
5910 653
6102 1983
1928 1946
4661 1966
4913 1216
1519 822
5643 651
1801 1025
1897 560
4411 1469
4969 1559
325 1576
3742 1666
5333 1700
5708 1872
1400 543
4460 1586
4482 1946
4527 1949
5726 1888
4584 1071
1468 514
4431 1365
3651 859
4644 88
4691 1459
1865 1648
1902 1603
4033 426
4504 2042
237 1421
949 261
4111 280
5357 356
5494 2023
5174 1168
6135 1356
215 1943
5441 1788
1906 1647
5709 219
659 1322
1279 1772
5958 1653
3649 1674
4866 522
6175 1587
1261 1384
4624 1653
6089 358
2123 317
5528 1333
5595 1617
808 1589
1917 409
1930 374
4567 666
3114 520
4421 378
4512 1109
4587 972
1565 1763
4549 1168
4890 1430
4993 167
5731 1750
2159 458
4645 1353
5112 756
5258 972
1962 1740
4522 854
4629 1187
4642 233
1421 1268
1521 1799
1819 1873
5788 300
5486 1071
646 1550
1841 409
4606 477
1778 1898
4454 1659
1450 1798
2073 1054
3725 893
5065 1572
1536 1817
6093 549
4530 1071
4536 1071
4638 251
5134 1625
1514 1382
5674 897
5270 1022
6238 1849
2070 1559
3761 54
4690 2012
4722 1772
5896 1665
6237 1130
4187 240
5751 2008
2056 2
4882 81
3813 227
5512 1507
5728 149
5881 1274
5036 1679
5969 1477
589 1563
4418 972
4599 1728
4838 1974
4489 1585
5937 1274
1431 1649
1802 1025
5721 1610
6040 204
715 1126
720 258
2674 1469
4603 144
4669 1168
4884 1261
4937 6
4910 790
5421 984
5514 915
1297 615
5028 1960
4550 809
5914 1532
1507 1121
1872 1873
1415 1339
4817 1071
4439 1721
4520 233
3069 1240
4120 1720
6099 897
4575 555
1526 1742
4909 48
4607 1642
5083 129
2718 1501
4664 162
4706 1204
5623 2007
1820 1873
2094 341
4970 1185
4427 1982
5372 658
862 1075
1192 1576
4634 81
4441 544
4637 610
4754 468
4896 584
4405 1071
4548 1224
3745 1805
1558 2015
4631 941
1428 1500
5057 1672
5553 1554
1829 1891
3902 1534
4440 20
6133 1054
4961 1544
1830 1679
4609 1501
4663 130
4867 1706
1319 1798
4455 1383
1881 1719
4758 1792
4922 74
5711 1353
1446 1241
4588 784
4551 560
5177 197
1509 1661
3746 1613
4610 1557
4563 548
4818 1459
6169 427
4803 460
4528 1370
1632 1664
2037 322
4461 1552
1561 1683
1756 314
2127 1522
1073 1506
4872 1657
4899 1100
4404 1470
4990 1076
1237 757
5338 1494
1242 1577
4523 965
4870 584
5374 1865
1165 1175
4705 756
4743 1967
4459 494
1542 1001
833 1815
4469 1907
1469 2001
4613 1536
1572 1535
5334 1816
1882 409
4188 1515
4740 1971
5906 1356
1556 271
1483 1929
2120 1873
4442 123
5383 2008
4564 390
1137 1547
2069 1626
4793 597
725 645
4857 1752
5501 1664
1501 1939
5161 1653
6183 617
1531 1549
5136 1545
3830 560
3903 838
5107 1076
5638 1283
5830 233
1555 882
5566 666
4446 1896
5485 420
4614 1611
5175 2020
1010 1895
1439 771
5870 314
1294 632
4566 624
4118 209
4580 503
5752 1898
4508 2017
4444 1688
1782 1396
773 289
4470 154
4589 1125
1498 1367
5424 1534
4022 1195
4565 2004
747 447
5506 555
1493 117
4468 87
5899 1402
1255 647
1530 168
5936 1951
4054 1662
5841 1091
4547 808
5005 1168
1518 239
2121 1873
4942 106
5679 1464
1047 461
4430 1853
4581 1525
5004 2017
4039 1674
4688 1684
4448 138
942 1179
1545 1152
5046 706
5343 1831
5176 915
4665 866
5356 1168
5218 1688
6134 1265
4578 1326
4994 1405
1538 1398
1346 1896
4984 194
1317 7
1342 1934
4513 1587
4574 1145
4084 1667
4480 1071
4456 893
1878 1522
4938 1114
5453 1616
5061 424
4543 1326
1478 1939
5625 1740
4956 1361
