img02c1.jpg img03c1.jpg
4590 6386
4514 6273
7404 8402
4872 6439
7297 12053
4553 6386
4625 6400
4558 6380
4482 6273
5256 6714
5281 11444
4389 6315
4588 6323
4836 6474
4666 6400
5434 11721
5605 6792
4461 6315
5397 6714
4298 6315
6593 8055
4517 6395
5451 6763
5516 6833
4620 6273
506 10838
7079 11161
5643 9205
7326 11861
5396 282
1453 1443
6404 6474
512 282
4624 6380
5568 59
4022 6106
3951 6062
5002 6636
709 46
3989 6106
5654 6777
7369 59
3910 5777
4786 6380
7301 11694
476 282
716 9881
4570 7777
7026 12021
6536 11590
505 11219
7074 8426
5754 8426
4484 6304
382 12276
4139 75
6979 11275
4519 6380
5364 365
4727 6395
6490 8055
4873 6474
5463 11132
6339 11403
4592 6386
5282 4622
4585 6395
5540 13622
4157 6123
718 12087
7048 601
4557 6395
5772 13620
3973 5946
3724 5955
5487 12021
5526 6797
4042 75
5296 6714
3990 6106
4593 6380
7325 6328
5136 2100
4799 6328
455 11444
7460 6792
4693 6305
4914 7758
5592 8426
3400 11808
8144 6583
6785 9841
7059 12085
514 8968
5490 6777
6564 7421
611 6358
4242 6175
6893 11122
5366 6583
3269 5651
5515 13680
6589 7759
5171 19
7072 8426
518 11571
5233 19
6729 11659
7073 8425
473 464
4622 6386
2796 5717
6649 9841
488 341
1485 1564
7482 9369
7514 11821
4041 13690
4812 6380
8149 11659
4528 6342
6338 11391
7448 6766
7500 9220
4081 6106
5085 19
7734 6583
5537 4622
5706 24
6864 261
7082 11835
7283 6766
3432 5718
4830 6273
6489 6454
7331 6714
7501 6798
4661 11747
2855 5269
7804 6226
6534 8970
5714 6806
8150 7090
6583 12527
7123 13611
3669 5955
442 11571
4203 6125
4271 6192
6964 11846
3987 6062
8121 10984
4056 6106
4518 6346
7461 9310
4883 6357
5713 13611
4694 6305
6440 9016
6561 7980
4555 6273
5541 13622
691 6742
6821 7948
5424 8402
5607 74
3058 5717
8139 208
395 282
5198 6714
3941 11808
4350 6229
7352 6172
7176 6583
320 6668
8143 303
973 282
5450 8055
3726 11808
4011 5792
4036 13622
4894 6400
370 6583
2464 4704
7978 2100
4425 6315
8123 19
2858 5717
4273 6229
7355 6797
362 6714
2857 5327
4899 6454
266 4622
3018 46
471 6583
4554 8402
3986 6022
4021 6106
4591 8402
4725 6395
5137 10984
5464 11734
6535 10789
4897 11350
1313 12842
5189 8114
2861 5327
2928 5717
5433 6590
7145 8303
7480 8402
3430 5327
3721 13663
3807 75
6803 7948
7385 133
4929 6497
4728 5941
6708 7947
412 8402
654 10336
3181 5327
4491 6172
7820 12284
3505 5327
140 13677
250 6668
655 12220
4664 6380
637 13374
930 12220
4507 6247
3901 11807
4058 5984
6996 12276
269 6668
5527 6793
2853 5472
4483 8402
5732 11767
7633 9403
6581 12527
7386 58
4709 7173
5624 75
7403 8425
4015 5736
4900 2313
6935 9492
3044 5327
8155 8076
1675 10335
4088 5941
8152 10326
5542 13619
2800 5269
3508 5219
3612 670
1459 6172
8132 1972
5193 5792
5489 2100
5731 5871
6406 10855
4680 7777
4556 6346
5477 6714
2854 5472
3900 5944
3909 264
7016 601
3396 6788
6588 7778
6635 8430
5502 6797
3937 11808
4082 6106
6563 7948
7136 8503
1443 12842
2862 5717
2932 5327
4489 6132
4665 5941
4548 6247
5525 13622
5559 6792
6340 11
4915 6439
6562 1794
6647 11963
7101 11161
7402 6798
4138 5914
4660 6323
2801 5327
4912 6408
2851 5651
3861 64
4057 5957
4662 6293
5501 9275
3899 5871
5475 9205
5773 81
7091 12085
1995 12299
2795 5472
3054 5472
4840 6328
5324 19
5957 10984
2915 5717
4692 6323
6487 11372
467 482
7371 58
396 6792
4957 6402
5017 10903
5790 6799
4565 6171
5560 13609
6680 10938
7031 22
7806 11167
293 10812
2799 5269
5425 391
7227 13093
6260 6516
4054 6022
4289 6165
7110 8426
7992 10335
376 8796
2312 1794
8067 11916
3431 5718
4240 7777
4267 610
5770 6881
6403 7584
649 12220
2310 4403
3984 6094
4043 13690
6520 9225
4291 6190
7268 2034
7372 6337
2360 11716
2860 5213
2867 5213
3756 13676
2908 5327
5488 8076
6287 6474
1019 449
3232 6788
3423 5472
3760 6788
407 9657
4626 6400
5008 46
4632 8555
4724 6247
5237 76
5642 12088
633 6342
3977 5871
8090 11072
331 12284
7406 9275
218 11190
4850 6273
6521 6497
312 12220
638 11251
3939 13688
4243 5498
8092 6714
2266 10424
4867 6408
3942 75
4268 610
5591 6792
7389 9295
4663 12089
5623 8425
5672 6328
3976 5893
7041 6766
3228 6829
6968 601
7225 425
1394 12276
3735 5691
5474 12411
4637 6668
3387 6828
4893 6395
6554 9049
7805 24
263 4579
2921 5269
4543 6247
7533 4953
8126 13725
4080 6106
4460 6229
301 6342
4013 12098
5500 13619
2847 6395
4107 5957
3154 51
7328 58
569 6328
3610 6828
4117 75
4130 6085
4244 6213
4688 6247
2929 5213
4038 13676
5589 4474
6592 10789
7537 11275
4226 6125
6786 10984
1700 7063
3728 6464
454 7551
3856 13622
4985 6473
5677 5843
415 6792
270 25
2794 5213
3830 5691
6636 6590
885 9620
3180 5717
4515 6337
5787 6402
6374 10806
6553 6402
7680 9357
8095 12220
3574 5327
4067 13676
3187 5269
3723 370
3911 5777
5539 9205
5688 13620
5932 6172
4040 13622
4208 11089
543 9358
914 11089
358 10783
899 255
2500 1284
3581 13651
7092 69
339 11021
3801 6788
6486 7651
299 6631
4155 6123
5460 2579
5689 9295
6644 9293
7733 11791
927 464
4100 13690
4322 6229
7141 8153
1466 755
5061 6506
5606 5702
5452 391
5512 7708
4750 6258
4754 6395
6838 7852
7393 6394
422 12021
660 12041
2090 10200
2946 12220
3216 5786
5003 11604
5843 12220
257 12220
3949 5982
4170 6136
4936 10981
7204 8171
7446 9657
7860 10783
3468 6828
4909 6395
820 10295
3974 13641
6783 24
501 12610
6514 7708
6911 11122
7234 24
7459 4953
4222 6136
7075 59
3795 12088
590 328
692 6172
4095 13622
4763 5990
5640 13513
6907 195
4076 6094
7790 264
2865 5269
3302 6788
5190 13663
901 4596
421 53
3053 5717
4097 370
5001 6497
6442 10710
7772 11758
3763 5893
1048 12276
3504 5746
3858 5871
4898 6473
5739 6383
8125 11507
3388 6788
3391 6828
3604 11798
3606 5791
5842 6651
364 9700
4083 6003
4600 104
4691 70
4973 6486
5898 4596
6763 12021
7180 8171
3507 5327
5809 6826
6517 8968
7387 6778
3934 13622
259 5711
2926 5717
4091 13619
6375 13156
746 80
3426 5691
4159 13327
4656 6778
4986 9014
5543 8446
6172 12394
6346 2100
356 6714
739 13681
3541 6829
4093 13622
4090 13676
5039 6489
5581 2233
7498 6304
7093 13681
2370 1972
4196 6136
7279 11219
4913 6402
5192 13663
6235 10639
667 537
1240 1784
4346 8991
5593 13680
620 10032
681 11089
3515 5330
3640 5327
3898 5675
4092 12087
4906 6383
5567 341
6976 11435
7544 9220
4615 6361
4784 6395
4445 6288
8054 8702
225 9030
3823 5745
4186 5977
6437 6172
6488 8008
4202 1002
374 2100
4098 75
4113 1794
4589 6292
5236 75
736 5946
3264 5327
3637 5472
4293 6229
6288 6454
2997 5717
3879 6793
4109 6106
149 10327
4110 6003
4749 6361
4970 9014
378 13034
3389 6828
4118 5871
4388 6229
5347 4705
5544 6811
8040 12589
461 6609
4288 13650
4447 10334
4579 6247
6552 12589
2092 258
4012 75
5108 416
6751 6358
6801 24
290 12220
3379 11966
3393 5626
5042 6454
4623 4605
7212 12411
1764 1443
2913 5269
4099 13641
6648 10841
524 10981
559 11132
2868 5269
2918 5380
3463 11966
5363 12220
6002 6358
7368 9074
2234 12904
4991 10424
7269 6714
3717 11798
4479 6247
4524 5210
5051 8966
690 6766
3214 5812
3897 5913
4344 6229
4606 11277
5738 6383
6261 12513
1094 639
2548 6427
3859 75
3983 5970
5602 10327
4070 75
4128 5957
8073 10837
287 2209
4587 2936
5110 10878
335 12220
3239 6828
3394 6788
3578 5213
4146 6106
5048 425
6267 6062
12 13322
466 8902
3889 13622
4189 4640
5212 12336
6781 11020
7708 11791
1389 11161
2346 11791
2927 5472
4976 12189
6470 1750
6584 9012
97 5660
3506 5327
4533 6229
7249 1972
3429 5327
3808 13042
3810 13690
5346 4705
7201 1972
7431 6763
368 28
3757 13676
4339 6590
5760 11590
6884 11479
397 12071
944 11994
4586 6346
4641 11219
6565 1462
1101 4403
4089 12285
4497 4710
4930 6456
6613 2002
294 9
903 9146
1216 6076
4024 12687
4443 6247
5846 13628
3753 6860
4487 259
5788 11676
305 12220
1060 282
3635 5691
3860 5893
4441 6778
5744 6393
261 19
436 404
1519 2183
3008 5330
3143 5669
3940 11808
4037 13622
4195 6150
278 10046
419 76
589 404
3296 5786
4102 5944
117 5946
181 13621
3542 6828
5576 9403
6707 11962
8154 9492
3896 5626
4655 6361
7742 6172
2220 1601
4751 6334
4809 6292
6466 6411
472 6999
3060 5717
3308 3139
3598 5669
4290 610
6590 11372
610 12842
3466 12070
4535 186
4707 6236
4791 9883
668 18
982 10668
1095 659
7217 12146
424 404
675 11723
1729 1281
3718 6788
4066 6833
5073 6429
7499 6346
348 6328
646 10032
3427 5691
4477 6247
6797 12522
38 13594
326 11721
463 7776
3797 61
4005 5540
5000 10676
5183 10424
244 13353
3186 5213
3399 11808
3470 3139
3477 3139
3800 61
4383 7777
4797 98
410 10984
3535 4036
4265 6166
4386 610
817 4596
3265 5217
4551 12053
4552 6271
3665 12087
4602 11480
4690 6273
5132 4856
4621 2183
448 11908
2327 7108
3148 8555
3213 5812
3933 8426
3948 6062
4266 6190
4394 6315
5257 404
5667 10984
6516 7744
6598 4489
125 12073
344 4455
597 6358
1541 4403
4295 6215
7254 13188
7716 7979
2709 6766
4112 5994
4256 12411
4418 10255
4494 6238
4713 6243
4948 11371
5718 6342
5741 6393
6974 5777
7688 1619
185 5635
617 11132
3638 5691
4127 6106
5575 6383
7094 8402
7515 9
3799 6829
3819 282
4995 6366
7126 24
3346 13651
4071 75
1509 2633
4283 9016
5569 8425
766 11695
1302 6467
3230 11798
4658 6245
5578 6881
6468 8966
659 6950
2050 10200
4676 195
5595 11768
5690 8991
3722 13690
4101 13690
4530 6267
4999 10676
5701 1377
178 13620
277 12220
1034 4944
3806 13622
3890 6860
4685 13721
6467 13156
7588 10785
2793 5327
3740 5723
4020 5982
866 464
3712 5882
4540 6573
5145 13721
5619 6736
5721 8865
7595 13735
2412 4757
3145 5812
3237 13667
3453 3928
3480 5792
416 6829
173 5945
833 11820
971 12087
1511 2127
1994 9715
3209 4036
5792 6559
6897 891
8100 32
1331 11846
3152 261
4004 6860
844 13713
4944 10786
6942 13650
7534 6293
1428 6328
2468 9240
2990 5746
3233 6788
3595 9273
3831 13651
4221 6136
4440 6247
4864 6778
5138 404
1942 4596
3229 5626
3975 75
4492 11480
5084 12220
3316 10647
3803 12099
4017 9012
6762 12729
7463 11795
578 11101
3147 11798
3235 8373
3971 13622
4851 5941
1196 10424
3614 11808
3886 3928
3980 5793
4911 6395
7410 6806
3303 11798
3651 3928
4474 6247
5784 5941
1015 12842
4205 12625
5169 6060
624 404
1725 11568
2994 5269
3662 11798
3805 13619
4408 6247
391 19
3079 5669
3534 5812
4069 12088
4310 10303
6241 1142
447 482
3263 5691
3878 5750
4343 621
4627 374
5471 10424
782 98
3667 13690
5365 957
5545 6789
6407 6494
6921 13513
972 356
3529 5812
4572 8228
5344 4292
7061 261
3828 5327
4345 6229
4512 5165
4829 6321
5107 13721
6978 6742
36 12135
3382 5866
3510 9220
327 8403
4051 6094
5120 4745
5652 8426
925 4555
3343 5575
3347 5327
5164 5487
5194 75
7025 346
1447 7626
3530 5669
6238 5977
6312 7942
6582 6388
7536 9403
220 3009
4009 13676
4204 6176
4755 5080
5249 13583
7090 6804
603 6583
924 9220
1197 10877
2473 5048
3715 5626
4407 6247
4756 5941
6646 11089
7559 6792
8065 6547
3397 6788
4941 6408
4997 6429
6950 13487
7766 6320
3914 13651
4187 6106
4882 6346
5163 5487
6122 11601
367 10812
573 12276
2914 5327
3192 5327
4959 5636
7008 1574
7589 10855
470 9491
545 13589
1351 13716
4689 6292
5549 12522
8151 7073
254 7832
2806 10335
2930 5378
3219 5669
3240 11798
3294 5669
6377 10805
7282 8878
7553 10809
7769 9881
215 7979
860 5711
1362 1455
3220 5669
3840 8446
4094 370
4910 12089
6599 4596
696 5498
2655 4597
4659 2183
5710 5777
3636 5213
7458 11708
7613 9369
302 6060
570 10032
2925 5327
3428 5327
3532 4036
3620 274
5343 6530
5388 5011
5666 5990
6800 11308
6975 2194
3188 5691
3538 12070
5678 6806
6998 7775
452 6609
3607 6828
3657 6363
4220 6437
4753 8402
5836 60
6832 2081
322 290
2910 5717
3473 6828
3777 5518
4285 13721
5213 9493
5486 6328
146 13618
1141 727
2014 10336
2922 5382
5524 13680
6523 11161
688 4320
3351 5746
5079 12021
5155 404
1854 11997
3227 61
3439 6395
4050 12746
4505 6247
5756 727
174 5945
3381 5812
4269 6125
4866 5165
670 6060
1349 11480
2013 8606
4953 6413
867 10718
3292 4036
3348 5691
4147 5957
4232 5977
7029 10199
321 7947
963 13727
1232 4114
3236 5626
3297 13668
4559 6400
5779 9881
6530 10704
7083 8303
1228 2858
4467 6178
6834 11476
386 9782
429 9782
734 946
3526 5882
4150 6003
5508 12522
583 464
1364 1972
2276 11337
3045 5327
3872 13651
5507 12522
640 6342
2416 10981
3991 6766
6308 11944
404 11406
788 259
3226 4036
3758 74
4516 5165
5175 5487
5513 9609
7111 6799
580 6766
591 464
1920 1389
2338 6815
2876 10837
3072 5862
3291 5489
3725 5893
4294 8228
4908 6292
7728 12411
2403 4680
2798 5690
3516 5330
4958 12581
7329 5037
228 11190
1579 7626
3548 9731
3659 9274
4052 5977
4457 5636
5765 11443
6675 7900
7245 6547
7353 12084
555 12527
3225 5812
3639 5378
3794 13628
5641 6375
1339 2946
1357 215
2856 5274
3602 5882
3862 5820
4367 6288
6402 10839
7370 8991
2917 5327
3540 6788
3927 6860
4061 13609
4435 2117
4581 6345
5644 11895
6737 10327
8052 11495
3661 12070
3936 74
4111 6003
4297 6215
1406 12411
931 340
2864 5269
3854 13663
4010 13622
4956 5820
6444 7818
7058 58
8124 8015
502 7798
1475 1462
2257 13512
2659 7948
3372 5866
3374 5669
3467 5812
3474 5218
4881 2117
19 5944
2120 13513
3056 5717
3802 12087
4007 13680
5533 12522
5686 11167
240 5434
4014 5955
4960 4766
222 9358
565 4320
974 52
1684 7626
3894 13622
3938 13690
4410 6778
5214 13663
5797 6790
6314 10805
6954 7852
6981 11190
7040 6779
7407 13677
232 12220
3476 11798
3707 5886
3956 5474
4039 13622
4382 455
5197 8991
5698 6778
558 11159
599 13698
693 6039
3472 6788
3985 4678
4167 6106
5323 1619
5504 9843
7875 6667
1337 7691
3469 13668
5835 12098
93 67
427 76
478 6999
2758 12041
4030 13619
4055 5984
4143 12746
4158 6075
4577 4710
6123 6668
7950 2719
187 5945
281 8755
719 356
3311 11798
3719 6788
6585 10789
6779 9492
7388 7108
15 5689
437 6304
482 13353
2093 4944
3634 5691
5123 8902
517 6590
2852 5327
2859 5327
4033 356
4871 6388
5795 8322
323 1683
574 1389
678 6742
2210 13465
4284 5977
5458 11593
119 5871
584 781
1648 1531
3222 5812
5626 6304
5780 9220
7765 8355
492 6583
3475 12070
3591 5808
4235 5957
4405 6247
4712 6238
5173 354
156 13620
3014 5475
3738 5654
5662 12319
6865 6590
196 74
906 2246
2909 5691
3144 5866
3191 5327
3459 5812
3892 5791
4640 6189
4943 8966
315 11673
2846 5734
3153 7885
3925 8446
4129 6003
4569 455
7545 9221
1155 6477
1253 4
3224 5669
4262 8227
4387 7063
4462 6255
5148 13703
217 8965
268 12220
1529 1752
3917 8401
4019 6094
4546 9271
4741 10986
6405 13101
6441 10762
1278 11673
2761 1697
3543 11798
3733 340
4031 9273
4178 9014
4323 6229
4787 6811
6445 10984
210 5497
3642 8401
4513 2936
5771 11236
7164 6172
871 10295
3376 13668
3522 6797
3539 5718
5757 6201
5775 6393
6542 9074
7216 2227
243 6631
717 6811
1361 4596
3137 4075
3424 5425
3713 3177
3809 11808
4831 5941
2389 4768
3580 5269
4573 8228
5118 13721
3582 5213
3804 5544
3873 13651
4470 6778
4643 6243
4764 5675
5271 13583
1507 13243
1608 7073
2995 5717
5725 5030
64 373
413 10260
671 12276
1054 541
3456 5816
3741 5750
5216 76
6594 7172
1528 4246
2805 11009
4574 10986
4598 4783
4696 9940
6255 7708
874 12456
1520 32
1670 1099
2907 5717
4250 13506
5130 13721
773 90
1107 139
2202 8567
3293 13668
3521 4987
3969 13621
4035 3928
4849 6272
8104 6596
710 13105
1438 2518
3349 5691
3692 5717
3955 12010
4319 2903
4455 10033
5682 2227
221 1973
3140 5816
3798 8426
4495 8228
5174 5626
5476 45
3632 2321
4775 12983
5322 5832
7244 237
904 12220
1126 11908
1203 8430
1415 1742
2315 186
3223 5816
5742 5971
5753 6879
7137 8466
148 10336
720 53
905 7121
2337 6951
3146 5816
3350 5717
4315 13308
8077 11967
291 12220
3116 5327
3664 6828
4820 98
5611 7850
157 5945
209 11889
1767 1189
2904 5691
3666 11798
3945 5981
4183 12461
4458 6229
4704 10880
5215 13683
5807 1030
5861 6951
561 11994
1290 9843
3690 13651
529 6648
536 1810
1145 9619
3114 5717
4301 6193
4320 9134
5040 6490
7781 6226
513 9016
908 5967
1049 519
1682 13563
3754 13680
4597 186
7175 8189
260 1972
740 6766
1053 540
2353 4690
3108 5327
3221 5816
4854 2117
4939 4884
5200 370
1102 10791
2357 4546
3016 8083
3947 5970
4064 12087
4811 6272
5761 10336
6854 12101
16 12851
968 4597
1057 8358
1385 11231
4327 1229
4475 6778
5528 1290
7631 2100
3290 5669
3378 5816
3893 74
4182 9426
5074 12054
7813 6613
67 5475
510 7776
970 11006
2916 5717
3512 6833
4249 8
4785 6355
365 11219
978 373
2706 2321
3059 5327
3217 5489
3968 12099
4002 13633
8015 668
314 11275
351 6999
661 5967
1230 19
1262 10032
3179 5216
3437 5330
3764 5943
5231 13513
606 6543
1692 7063
2989 5717
3395 6828
3608 11798
4424 7063
5280 7691
5783 11747
7822 9763
731 9030
915 1619
1276 1017
2399 8357
2906 5746
3215 11966
3875 5635
4990 1496
5462 12166
300 5801
1472 4953
2850 5651
4896 6366
5176 5675
6469 7781
8022 11591
1171 797
2992 5717
3385 5866
3609 5764
4199 11022
4892 6272
230 364
2863 5269
3309 3139
3352 4638
5272 13583
5491 356
5782 13727
3135 5669
3701 13680
3962 8446
4164 5970
4839 10199
7150 8584
1577 2097
3731 9731
4452 5976
4806 2117
5518 1290
8018 5499
246 12220
889 241
3371 5669
3706 12088
4617 6245
4774 6243
5162 6779
22 5689
1699 9440
1892 1834
2998 5213
3211 5814
3282 5862
3386 13668
3525 4036
3708 61
3827 5691
4151 11508
3390 6788
4878 13656
4710 11444
5509 12522
256 12411
1638 4596
3478 6788
4292 8228
4511 2936
5808 13681
35 13593
546 6631
4428 4710
5097 6496
777 10165
1741 2425
3583 5654
4079 5957
4380 2034
4648 11108
1581 956
3749 9273
4096 5791
1265 24
4419 7777
4493 6238
4888 4555
5806 7669
7154 2417
7729 13178
439 6000
1348 264
3017 8227
3238 6788
4281 10721
4420 621
4628 11779
4757 13663
5566 4933
5673 4885
6681 6583
6752 1926
432 60
1886 9619
2811 9240
4104 10721
4783 6778
4823 6573
6313 7689
6518 13606
214 10785
936 7121
1363 5906
2333 4746
2654 11795
3306 12070
3370 5812
3817 5970
3832 5472
4605 8991
360 19
2281 7673
2984 5327
3479 5675
3514 6793
4701 12729
5144 13721
5693 6370
5860 7988
6335 12309
6623 11252
6674 2777
7122 5946
7436 6806
2375 4890
2923 562
4137 5967
4846 6352
5015 8995
5722 5976
5801 11779
6311 7808
425 482
786 104
940 7121
2718 12223
4427 1497
5855 8534
5862 9940
8031 12588
1617 13716
2606 4708
2903 5691
3190 5746
3702 9273
4078 4678
4876 2117
7218 11190
26 8445
3270 5327
3658 12099
3752 61
3855 5791
4352 6215
4740 8228
5196 19
6337 1078
6750 19
363 4555
383 327
2427 6766
3932 12070
5709 6348
6037 7832
7330 6218
7690 1781
2231 5801
3545 6829
4034 9273
5201 5792
6999 1794
7892 5745
2497 12285
2981 5691
3857 12088
623 704
2078 9702
2362 12842
3755 6860
3852 12099
3930 8426
4003 9273
4708 6498
5167 1574
5535 2387
6662 9074
401 11961
1333 12883
2261 12770
2373 4746
3241 671
3242 6788
3315 5544
3392 6788
3511 9220
4135 12842
5580 7850
195 370
722 8606
1370 4245
3307 3139
3998 13680
4296 2467
7846 9867
7921 12498
705 610
3373 5669
3380 11966
3465 5866
3888 9273
5014 6473
7738 1426
2777 12231
3523 81
3781 5750
3787 2279
4454 6189
5531 4705
6915 11720
7960 1853
1372 5906
1812 5774
2912 5269
4927 9014
5622 9609
8096 10688
186 356
292 4578
3461 13668
3613 671
3836 6322
4313 5970
5493 11593
6256 6668
7756 31
579 1886
1131 1692
1537 8697
1827 1339
3584 5327
3739 5750
354 12059
548 12411
1369 12021
1957 8487
3084 10327
4125 12498
1332 827
2324 4724
2880 10806
3929 9273
790 98
1888 12858
2123 9619
2780 11391
3141 5812
3751 13652
3759 13621
4106 5982
4336 2034
4342 6189
1610 2845
4154 6099
4612 1345
4810 6324
5102 9867
5362 1652
6843 2741
7046 9683
7438 4705
440 10336
2224 10096
3596 9273
4105 6094
5220 13683
5586 5990
6439 12522
336 3107
1707 2297
1744 9477
1823 2654
3457 4036
3537 5486
3970 13676
5583 6161
5588 2387
5637 827
6853 11647
165 5761
1846 48
2294 801
3471 3139
4149 1436
4603 6238
4651 13721
5681 9710
7039 5627
155 4715
568 13589
4453 7777
5697 10942
7512 12462
511 12692
515 13243
537 7948
698 8354
2393 1473
2821 12223
3645 3964
3660 5544
5069 1383
5159 6941
1285 12021
3652 9273
3869 11984
4681 8228
1959 7063
3829 5654
4534 6215
5158 6375
5748 9842
30 5746
984 390
1489 1548
3355 5474
4108 5957
4303 6193
4337 10336
1322 1122
2291 4437
3050 5327
3234 11798
2866 5717
3142 5866
5735 8865
6010 1460
237 8358
771 11089
1023 13647
1445 293
2182 4596
3210 4036
4124 6021
4466 2387
4629 12553
553 2990
752 6212
1114 9440
1552 1646
1590 10639
4192 6140
5078 3480
7471 9308
8084 7844
509 13112
1320 261
1400 2700
1591 10295
2807 8076
3579 5327
4463 4710
4982 12558
5013 10827
5445 5357
738 6798
1501 4555
4977 12661
6373 7505
8083 8769
990 6613
1058 570
2879 10838
3383 5812
3544 13667
3834 5719
775 93
1584 13589
1709 11020
2983 5327
3853 13640
3958 4987
4032 5882
6963 6951
2660 12563
2986 5717
3275 5330
4145 5977
6124 6951
7047 6999
145 5633
484 1485
1477 4596
4115 5953
4532 8472
1143 752
2255 13178
3057 5327
3078 5669
3301 13668
3398 5890
3643 5330
4726 6272
5943 1455
7483 7942
8078 11371
838 133
1386 3215
3918 5474
5044 10676
5734 6201
6152 11476
6661 3009
6967 5990
387 11314
479 4246
519 4766
522 7711
921 9708
1899 8811
5625 10808
5636 7625
7140 11601
504 8991
4236 5994
4940 11006
389 11647
1158 1280
1325 8372
1612 8756
1701 4555
3597 9273
3963 13619
4194 13508
4384 11177
5119 13721
5719 6342
1431 11963
3663 11798
653 2100
791 6017
1424 1784
1513 30
1639 11638
2203 5943
2658 11009
2881 10789
3009 2980
3136 5816
3245 2137
4165 4678
4471 6778
4938 12883
6767 5498
381 781
1397 10033
1456 1531
3375 5812
3440 4987
4059 25
4354 1229
7779 4578
267 6631
342 12220
3618 9755
65 5475
334 7449
547 12832
1173 11507
1311 8212
2931 5327
2999 5269
3895 5544
4008 5544
4247 11521
4653 1345
4861 13721
5203 6446
5548 13587
5715 7947
5796 11195
1100 1730
1566 1341
2418 10336
3454 11798
3536 61
4916 7805
5053 10905
5674 6661
6891 2486
341 4606
669 6328
1521 13016
1880 771
2305 5756
2388 6062
3791 5786
4264 6136
4613 13721
4746 4567
5685 6370
7007 1796
8074 11996
105 6273
2710 5125
3384 11966
4332 1537
4679 12066
5881 863
7677 1220
248 1309
347 10981
630 9074
1187 9342
3710 5882
4393 6215
4610 6778
4790 314
101 13594
961 10032
1573 683
2216 5967
2552 5054
3310 6788
4119 9730
4767 8606
4781 4567
5268 314
6543 11577
7010 6951
7288 12021
7481 3174
7938 9074
826 12621
1876 2109
3299 11798
3734 5691
4049 12885
4971 1389
7109 5946
762 85
1758 12984
1872 6292
3189 5327
4391 6204
4955 10379
420 329
544 12842
770 9844
1267 11577
3527 5669
3818 7745
3868 6431
4148 5983
4974 7798
7334 12456
7609 11143
2874 4757
3656 61
3793 9273
4223 6110
4318 6136
5679 10008
6591 11403
115 6797
730 62
1641 4596
4062 13640
4234 6106
5186 24
6796 12058
175 13621
310 1810
2380 12220
3129 5862
3452 390
3698 8446
3720 49
4028 2279
4842 6330
5146 790
7747 1683
236 19
3112 5327
3231 11798
3737 5746
4348 4710
3049 9220
4686 6247
5090 482
5720 11422
211 1078
1468 11679
1796 7799
3353 5383
4224 6075
8145 6496
216 7947
308 6675
340 7776
1800 7063
2385 1972
3513 6793
3926 9273
4263 12730
5153 1350
5168 2103
7246 5990
51 5723
2924 5690
3848 9273
3883 8446
7920 12498
8156 12527
284 8755
1296 7992
1492 3
1558 1763
2061 2109
2940 5384
3442 6279
3576 5269
4671 6344
5066 9182
7763 11577
2961 11371
3139 5584
3295 11798
3460 4036
3705 11798
4870 12732
5687 1142
5832 3001
206 1619
554 4596
1463 4756
1636 1309
4360 2117
4414 13308
5708 6841
7650 98
8079 341
137 9339
2467 9240
3546 3139
3835 5719
4531 12756
5532 2024
6471 12522
6758 13640
7543 5147
7750 8354
405 4153
2251 8914
3531 4075
5983 2548
7959 2791
858 13155
869 10032
913 4555
1376 9843
2905 5717
3458 5812
3714 13662
4174 12903
4215 5970
5584 6173
5692 11536
5789 9940
6924 13382
295 920
338 6917
840 4555
1192 839
1759 13444
3298 11798
4430 9221
4920 5987
164 8355
431 9975
980 1548
1544 13468
3633 13647
3882 4188
3996 9273
4375 11314
6892 11881
7128 11578
551 11765
819 4596
1536 6925
2277 695
3300 5786
3305 11798
3575 5583
3655 5669
3931 5763
4171 6136
4549 6999
4853 6473
5799 6045
7748 10979
84 6379
861 7626
1799 13734
3654 11798
4086 11276
5517 13043
7709 8769
7840 2913
346 8372
949 11410
2245 11661
5052 6495
5195 11251
5269 11737
184 13694
604 4555
2323 4640
3812 5736
5736 6778
7265 10334
224 7775
1467 4156
1495 12687
3304 5763
3425 5272
3785 3176
4639 1535
5794 13553
7078 12411
7739 1807
107 5537
1031 13154
2031 1619
3149 1345
3653 5840
5020 186
5646 1035
286 7650
1597 930
2262 6489
2392 9844
3966 4075
4197 12903
7944 12718
685 5967
1476 7073
1829 4320
2270 13430
3000 5473
3268 5690
3668 11807
3833 5381
3842 3964
3880 4038
5131 13721
5202 75
6491 9225
7796 12522
20 5689
42 12135
1120 1332
1340 6667
2395 4596
3266 11443
4000 6806
4116 12285
4400 6778
4798 4578
4933 13322
95 5809
2351 6094
3843 2279
4795 5990
4852 5941
5031 11399
7409 6797
1409 353
2973 5558
3849 13676
4668 6364
24 4343
774 91
2178 6432
2845 2321
2996 5327
4001 9273
4029 13680
605 9718
1625 7708
4210 13733
4260 4856
8076 13342
1144 9700
1393 2153
1916 864
2432 10335
2873 11962
2987 5717
3789 3964
4925 4142
318 11089
644 6280
2936 5720
4185 2034
4188 5957
4259 515
4841 11194
5156 10336
5707 13402
8025 5357
18 5689
138 13642
1604 11920
2759 12041
4619 10336
7327 11937
1074 9220
3176 5518
3377 5669
3750 4036
6457 11931
7408 9924
8075 7960
2877 10837
3486 10981
3773 9203
4863 13721
5514 6829
5838 1839
780 101
2160 2425
2350 6524
3462 11966
3528 5669
3972 5422
7293 6043
621 979
810 5711
815 13167
1225 255
1243 8167
1665 12244
3784 5523
4772 12999
5345 266
6612 5972
1752 1485
2808 4807
3533 11798
4068 13676
4245 6166
5219 13688
6910 6951
7179 6683
166 10972
758 2127
1342 9462
2707 2321
3455 5812
3594 356
4152 6086
4426 10986
5230 13583
7751 12701
7896 11371
373 13389
483 7671
935 2161
3603 11798
3851 61
4063 356
4705 781
5649 12319
5699 6668
7146 2561
8053 9492
1210 1601
2993 5327
3887 6860
4379 13308
4935 10981
5634 2209
7799 1107
46 13593
90 12154
1093 222
1263 11260
1344 11917
5100 11371
7531 13513
7591 2189
7761 6259
7821 9763
521 4586
523 12744
1578 11457
1993 11390
4667 356
5291 11772
5550 4705
618 11554
785 10221
1904 2249
2288 13157
2848 9220
4286 5976
4402 6778
5805 6144
7914 589
1315 7947
3573 2321
3600 9273
5694 11177
7203 4596
7681 6811
480 9683
3961 9273
4481 13673
5630 5915
5811 12021
8012 9110
242 10064
682 11729
1082 1393
1295 4596
2979 2321
3055 5271
3115 5327
3748 2279
4218 5957
4537 6243
8013 1489
89 6833
6922 11444
229 19
1388 2518
1580 1801
1631 17
2938 5330
3464 6860
5506 1839
238 4856
3746 3964
3790 2279
4423 6229
4633 11314
6952 3085
541 13308
1474 1865
1661 12285
5585 391
304 93
560 1294
1213 328
1656 12984
3884 9273
4169 5994
4562 11290
5152 4856
6049 1443
7447 4321
700 58
2325 5597
3401 9924
3519 6322
4697 11139
567 13308
804 4798
3182 5213
6846 6950
7257 2034
394 20
1910 878
2003 1913
2200 11568
2238 11895
2298 9656
2933 5328
3847 4075
5758 6352
5825 8329
937 285
1992 4596
3027 5298
3138 11798
3599 5886
4026 6373
4975 10676
5157 5218
7100 1794
1649 11380
2296 4504
3360 5475
4166 6503
7428 6699
114 796
1416 8606
1593 264
4198 6099
4538 13721
5381 11593
5724 11365
6307 582
6537 1462
6558 7776
179 13677
1760 1726
1985 8625
4503 2117
7354 12053
21 6843
126 5889
1050 543
1256 2949
2911 5325
3997 8446
4251 12558
4299 4710
5615 11895
7303 7711
7961 8176
82 5475
1496 1593
1710 13243
2290 13647
3178 5327
5499 1290
5561 13587
7833 9809
99 5475
552 9355
634 10097
3611 6788
3650 4075
3920 5474
4718 6330
5275 13583
7416 4659
1897 6503
2372 4746
2803 5036
2947 12492
4316 5976
6 9975
1112 4596
1122 7389
1481 8770
2878 12549
3105 8129
3704 13676
3792 9273
4324 6215
4890 6361
123 4086
235 13034
349 11072
1069 586
1865 11487
2314 5715
2974 11414
2985 5327
4209 12319
4444 9813
4733 536
7405 11760
279 11565
609 6664
1096 5721
3967 13628
3982 9462
4161 6328
4314 2341
5191 5792
5245 13699
5329 10420
5495 11593
7435 81
7560 88
141 9822
1731 11374
2289 5156
3786 9273
4120 4085
4229 13721
7939 11839
4201 6175
6121 13734
8069 3138
28 373
1077 4987
2355 9839
2436 4117
3312 670
3928 5882
5140 13345
5712 12061
3693 13651
3964 6860
4773 12954
4945 7781
7266 3194
7527 9835
7835 6609
8147 11911
1882 957
3003 5720
3212 11966
3246 6766
4682 6573
7430 8403
297 11123
1188 5469
2776 12236
3185 5327
4176 13488
5096 12498
5361 1645
7121 5914
120 6395
892 7389
1450 12842
1575 7424
4217 13721
4542 10859
4567 270
4922 5774
7834 7692
139 5987
180 4037
414 11720
572 13308
708 6624
1547 755
1775 9659
3313 5892
3744 390
4363 2117
5248 13699
5312 10420
7507 11831
355 1122
1051 544
1128 8991
3063 5473
3935 13640
5054 12522
5648 6075
5671 13703
352 6031
619 11880
742 10201
1768 1810
4954 6292
4966 11
5160 6550
5276 13583
5298 10420
6324 6431
7611 11923
8033 8914
699 51
2369 858
2713 175
4330 6206
5774 2943
5815 6356
7413 11593
276 6664
2820 12231
3128 5862
4216 4610
4825 10313
4947 11522
5075 11371
6531 10676
6560 1208
25 13594
353 12404
729 8991
803 124
2195 4183
3601 5669
3846 6860
4207 9836
4341 6108
6065 10986
499 6648
5691 5310
7477 12403
154 12856
2077 2259
2616 5047
3076 5477
4126 13308
4434 6193
4969 6376
5669 986
5913 2034
7737 13342
2070 9978
2717 4890
3184 5654
4276 11314
4411 4153
4723 1345
5004 8293
6896 13143
133 5701
460 12220
946 10032
979 381
1235 944
1441 5036
5204 13690
5747 811
1470 10887
2671 11873
3113 5691
3699 6363
3865 11479
5060 13324
6478 2606
7776 12875
7874 9293
231 10303
2564 5052
2844 2321
4254 9839
4437 6778
7208 8694
7797 13587
182 5761
2254 5801
3703 9273
4859 327
4992 6777
5290 12047
5520 9826
7853 11593
850 7449
1089 4043
1161 10856
5151 10336
5740 6383
5814 5941
5953 2579
6182 8721
6994 6742
7922 184
8028 4964
13 5689
43 12135
586 109
1199 786
1714 11547
3155 6790
3289 5528
6496 2153
7071 2557
449 6999
593 10032
884 10295
2340 13605
2988 5691
3776 13647
5019 11481
5068 10419
5199 6798
5492 7713
5791 11701
6038 11476
538 1750
1021 5774
1133 13575
1212 13243
1817 7778
2132 10012
3687 13647
4575 482
5302 10810
6705 6497
7324 11275
7906 589
8034 5452
1024 2430
1081 10855
2141 10032
2265 13298
3674 13107
4047 12517
6054 7422
1599 13244
2941 2980
3197 5330
3345 5779
3716 6788
3891 6860
4006 5626
5016 566
5676 8375
1097 669
1231 9778
1398 13693
1773 10200
4891 13661
5244 6366
5696 6059
6011 4821
6555 10856
7261 8344
7644 548
496 4596
1780 6877
2991 5327
4541 6778
4571 6190
4649 6244
5412 6646
7929 12606
52 13596
204 518
1241 261
3271 5472
4084 6136
4177 13601
4526 11443
5536 7775
5675 291
7153 12023
7472 11779
8 7063
29 13663
198 1171
658 6010
751 13683
3034 10879
3043 5691
4486 13694
4607 1229
712 40
1130 4596
1884 9074
2056 13434
2705 11753
4349 6215
4674 12729
5523 1497
5852 4183
6529 13059
7513 13583
1011 6339
3120 5330
4745 10724
5519 1189
5521 9826
7192 11830
61 13594
2285 12634
2364 4546
2764 1973
3193 5475
4647 6194
5273 13583
5546 13716
5638 12685
7323 6609
8107 9391
80 12135
307 195
839 13086
886 3987
1660 11159
4233 6022
5348 4705
7113 927
7165 6648
7579 7945
361 755
848 7757
1514 1903
3779 6793
4065 670
5437 12220
5553 10303
371 6999
759 11534
1642 10305
1663 4953
2434 6793
2817 5242
7907 6403
11 11309
106 11808
643 11331
1426 1548
1703 10985
2293 11371
2329 11679
3952 10740
4631 11996
5307 5267
5660 11142
5737 11367
7159 4002
7673 11327
112 8355
564 8406
862 10336
1491 1964
1600 4596
1809 2681
2240 13118
2377 653
4200 13601
330 659
426 7844
628 4622
1201 10512
4502 6441
5430 6542
5579 13728
7923 6876
163 5946
952 5711
1781 13432
3922 4072
6728 7063
7296 10326
737 6784
1078 5471
1113 13246
1718 9567
2960 5242
3052 5327
3995 5955
4993 4933
5034 5244
7496 346
306 11967
385 10989
1526 1325
2279 5113
2462 482
2610 12516
3839 5750
4175 13488
5594 11768
6266 13711
6526 705
7517 785
7686 4408
8023 8219
255 10762
343 6172
456 13308
598 11861
1629 1355
2201 13690
4520 13322
6018 9087
6772 2963
265 6385
1976 106
3433 5656
3605 11798
4595 4503
5766 6798
1189 11737
3736 13647
5723 8871
6807 7777
6932 2435
7452 12063
465 13713
1360 8606
3089 5242
3111 5690
3649 9273
4023 5970
4248 3201
5101 9808
5473 4562
17 5689
177 8466
1148 739
1525 11908
1572 11565
1673 10295
3885 356
4456 12218
5551 4705
6344 13169
7076 8403
194 12447
3074 5862
4399 13342
6357 3596
7243 1579
7976 9177
37 13594
104 8373
1013 4544
3195 5721
3436 5720
3788 3964
4060 776
4321 12190
4501 3033
69 5864
542 258
642 4474
679 9987
945 3226
1644 5037
1689 1146
1728 2412
1815 13276
2420 6440
4731 4159
4760 6365
223 12539
1460 13461
3267 13230
4366 6345
5429 12888
7652 9684
23 12851
1046 474
1533 1782
1626 11920
2190 219
2719 10855
3363 5808
4544 3711
4824 6330
5556 6758
6806 2045
7770 1327
645 8640
2335 12904
2513 5047
3747 8446
3921 5750
5994 5588
7783 13583
1 2600
4381 3480
4768 4403
4895 6365
7190 8676
7434 8503
8038 6373
333 12220
809 8175
1564 10327
2589 10879
3730 9731
4326 6215
4743 6215
4877 6811
5597 12384
134 12992
408 487
1084 5793
1659 12058
2326 2466
3046 5380
3110 6379
6254 8406
91 8374
406 13075
1821 1442
2217 139
2405 13169
3924 7394
4258 12923
816 10165
1174 9492
2371 5656
4401 13342
4498 6193
4942 6428
5076 11371
5315 10420
6848 13342
7578 4319
535 1350
1338 956
4018 10855
5786 4756
350 12332
587 1414
1027 5711
1047 2777
1261 4064
2004 6952
3051 5717
4792 1468
5574 657
828 12325
872 213
7580 7988
7798 13599
1005 12526
1818 2703
4134 11314
150 13426
3357 5720
3876 5750
4077 13524
4536 6215
4714 4710
6345 8108
7102 6338
212 7708
672 11734
1277 9513
1640 1926
2209 10112
3796 13633
5306 9619
5552 1877
666 12089
2259 10951
4459 6215
4525 12007
5294 11772
288 7776
735 5919
4287 2465
4500 10641
4699 12910
5857 11023
6961 9715
7628 6379
345 409
539 1443
801 2768
1270 12033
1602 341
3077 5862
3123 5721
3824 13647
5209 13583
5522 1877
6574 1853
7962 2117
8093 11619
40 8445
837 11249
1746 1161
1961 2223
3109 5651
3369 5882
3405 11476
3957 6793
4604 8018
7497 11377
8030 4923
176 9273
319 12220
863 203
1557 10639
1561 11944
2042 7073
2553 7923
3364 81
4928 12207
8133 11013
756 93
947 5157
957 9700
1805 11315
1866 9292
2012 10032
2319 11380
2743 11392
2898 4973
3549 11688
3761 11798
3874 6793
4225 6075
4521 11650
4563 2117
6753 9271
96 12135
189 5944
2730 5048
4302 2387
5633 12284
5653 11867
4576 6331
4608 6215
5803 11591
6347 6122
50 5858
474 1726
520 2609
2272 6385
4819 1762
5505 11820
6438 4403
8094 2430
435 5286
911 270
1378 1270
1516 10327
1603 11989
1857 12189
2365 3209
2438 1283
3248 10721
3509 5719
4739 1377
8032 4905
8070 8355
689 11944
695 13287
1135 8112
3850 13676
3871 5654
4085 1730
5259 82
7224 1794
707 6427
1986 13184
2400 11753
3844 2279
4596 11996
4736 12782
5064 664
5121 205
5700 1377
469 10032
613 8768
1518 13480
3274 5426
3368 5862
3677 13144
3709 8446
5618 1035
6808 12945
1250 4245
1704 1601
4950 4153
5328 10420
5658 10216
5817 370
5986 3104
6143 8954
7908 589
635 6497
1885 722
2620 4393
3644 81
5112 13691
197 9488
1271 11924
1650 1526
2161 13633
3330 11371
3403 12050
4855 1887
5086 8170
6676 2701
8035 12588
201 11048
641 6507
4464 6178
6679 109
7086 2770
7163 582
7919 13605
8024 5356
111 8504
296 12831
1487 6432
1490 11667
3648 6797
3711 356
4272 6272
5071 10525
5826 8811
6533 11096
8110 12089
1071 12698
1149 10218
1527 7978
2307 4545
2398 708
3694 4724
3811 13477
6597 2876
208 10900
1845 4982
2939 5474
4609 1683
8014 13265
8112 13726
491 13075
1003 421
1119 6028
3085 5132
3768 9731
3769 5736
5251 5025
5833 122
122 9890
1548 6382
2153 98
2401 12049
3341 2321
3482 6113
3485 12471
3688 5422
4438 10859
4744 10641
4904 11889
5847 11796
673 1294
1088 12535
1308 10217
2299 215
5005 10804
743 9885
1068 9256
1124 1810
2489 9225
4275 12951
4880 6361
4980 5453
4983 6445
4988 7424
45 5809
1469 4596
1903 12336
4213 4348
4368 2117
4742 10986
4934 4891
4963 11962
493 1726
1061 8460
1264 13438
2354 1280
3919 5750
3999 3964
4776 537
4903 4806
4924 482
5612 6187
5960 6572
6672 11988
6842 4684
53 5908
213 12079
384 6981
1205 5351
2367 1975
2566 4898
3686 13651
4702 10856
4801 8109
4981 6062
7320 3078
7630 6561
7817 10790
131 5487
202 12229
651 8782
1850 6467
4144 4678
4356 6193
5609 11895
6602 4825
7577 101
7632 5893
7 1768
1335 6925
1697 1033
1733 2967
3134 5432
3587 5475
3826 4840
4946 1155
4972 6474
5818 6387
55 13618
219 404
1498 9995
1932 12089
3218 5433
4451 4555
4984 12517
6059 2411
7666 7761
8027 12390
183 10972
845 165
1214 10304
1215 13527
2410 7606
2696 7608
2948 11326
3590 5276
3908 13353
7392 10940
7625 4015
7905 12526
72 5864
411 6805
792 114
1792 328
1901 11871
2348 2052
2942 5473
3520 5720
4173 6136
5776 5434
1035 7651
1184 9754
1440 9695
2870 3338
3177 5688
3683 11240
4675 864
4779 6330
5449 12587
5969 1794
6426 3229
7479 18
161 4684
369 625
3183 5691
3691 5691
3845 3964
4358 2117
8071 4012
193 7745
1123 13709
1317 1116
1420 2034
2158 2153
3006 5384
4335 12910
6242 3466
77 379
143 10759
958 1468
1595 4350
1893 12344
2271 7857
2797 5688
3943 9731
4683 6215
5711 12061
713 11512
1305 3053
1312 2127
2673 222
3551 8483
4329 1229
5318 4602
5764 13667
6505 4032
7276 3936
7417 11384
7788 391
3 13430
4 8702
273 6426
656 12058
3344 6303
3965 5816
4473 12480
4670 8004
5668 10950
5911 103
6485 1794
6614 9271
6977 11527
704 13287
1505 1959
2239 4958
2423 5242
6237 11641
6336 13125
7746 14
56 5620
683 11601
1038 11147
1255 1356
1396 8228
1907 11811
2598 12253
3317 27
5511 8694
7941 13632
227 11
1109 9493
1157 1726
1224 8451
1776 7073
2060 2127
2567 4899
2608 11232
2900 2321
4219 6386
5077 9867
5745 2918
5867 13595
5987 4106
6310 10695
7258 12445
825 159
3062 5330
6875 8112
7557 7948
9 290
2309 11990
2787 1510
5659 11275
1284 7709
3742 8446
3870 5742
5065 12209
5217 60
5326 10420
7849 8884
379 13480
2258 12006
3547 9730
7310 9817
7665 6742
462 10418
994 385
1570 10221
2159 4288
834 13243
1260 1443
1407 11568
4964 3755
5149 801
5996 2664
6085 4595
6291 4329
7998 4960
540 6999
2139 11664
2779 6417
3670 11820
4237 2465
4333 12845
6298 3736
6472 761
6515 7709
136 8718
1283 7992
1891 5709
1936 7886
2247 13713
3012 5720
4133 6108
5319 9761
5851 8534
5884 159
8082 12091
763 9176
1249 2097
1383 9203
2893 4556
3007 5474
3314 670
4397 6193
4782 6258
5223 11819
1324 243
4261 2465
5665 6298
6042 3138
6293 13178
6847 3448
7433 7885
7819 1316
1698 2182
2358 4678
5670 6461
6479 2743
6606 10274
8102 11053
657 6543
998 7656
1006 4064
1510 12220
1734 10295
1937 8729
2943 5720
3767 12398
4300 6215
7753 4189
8127 10525
464 9720
2802 8373
3021 13519
4413 13733
4902 14
5221 8534
5295 11793
5603 12021
662 9087
857 6952
1795 1730
2321 11045
3435 5750
3438 5330
3588 5275
3783 4724
3988 12891
4429 2467
6207 3070
6735 3968
7097 2675
127 634
781 102
1004 13025
1669 8048
2920 5424
4359 13342
4415 5957
5848 10373
7991 12273
797 90
1838 11099
2433 2507
4156 10267
4845 10724
5188 7842
6528 8179
7066 3912
7574 2329
7901 2806
1059 853
2284 4624
5124 12554
6228 13205
6677 3804
1072 1573
1664 2122
1674 2122
2366 12590
2435 880
2569 12093
2895 13212
3524 5860
4140 9878
6076 7168
1856 11992
3904 13322
4355 6193
5033 5244
5229 9240
6448 4913
7432 13651
629 11309
1178 6879
1643 1739
2268 12498
2896 12653
4858 9368
5109 11350
1169 779
2032 13733
2256 12885
3071 5475
4805 6330
5261 9240
5664 600
5864 159
6572 11662
6727 7929
1258 2867
2356 449
2390 512
3502 11692
3616 13599
3672 12925
5072 12642
7194 2411
7550 6180
627 7884
1294 11745
1839 9778
1996 1071
2602 3638
4987 761
5392 9763
6473 11555
7275 3208
7529 11715
7726 10128
7913 531
63 12118
92 8355
4190 5984
5563 5803
5572 12978
5705 5608
7169 2994
918 2201
1879 8112
2490 6515
2615 5046
2935 6379
3841 9273
4231 5970
4539 13721
4907 6778
5030 4548
5309 5267
5601 3678
6611 1093
7787 9696
7904 12402
191 9095
876 4596
1672 7626
2818 9728
3838 3176
3960 13680
4305 11314
5022 12404
5080 12878
5763 9287
6410 12379
1008 8721
1121 10125
1740 11605
2349 11794
2674 11246
3993 1422
6210 10985
6608 1924
7138 13687
7852 5303
87 560
1319 13085
2442 9045
3647 2279
4179 12769
7202 4582
1787 1163
3571 11240
5657 5990
5895 11013
6784 916
7193 13014
7317 9503
152 9240
2849 9220
3671 5820
5683 4744
7871 1945
784 10165
1037 13570
1713 13725
2824 10555
3030 9045
5255 528
5283 13599
5655 12157
7538 2906
7828 5970
32 5387
280 13238
836 5085
1343 1305
1571 10418
1896 1280
2192 615
4711 6238
5260 9240
5530 1290
7311 8901
121 9827
525 8218
1162 800
1862 2778
3586 5473
3881 8446
4131 7777
4931 9183
5270 82
6040 673
7292 3669
7741 255
953 4807
1523 6543
1919 5162
2376 10737
2882 11246
2890 5194
4771 13490
4968 11978
5369 4965
7722 11900
8103 11308
44 12563
789 108
2343 4678
3700 6881
3905 5847
5134 5291
5338 10178
6316 4993
6709 573
7555 10211
8011 1783
70 3929
392 10032
677 4596
1464 8179
2065 2486
2649 4544
3422 13647
3979 5954
4431 6194
4469 116
5498 11627
6877 10376
7502 4706
328 13698
1506 1886
2778 218
5177 200
5210 5755
5577 5987
7347 785
324 11314
995 387
1194 9940
1834 109
4635 404
6165 3629
6916 12808
7037 10846
3247 475
3696 5750
4241 7777
5125 12438
7125 6826
7623 4231
100 5782
233 4596
909 253
1562 2732
4919 10949
5728 13088
5982 13243
6706 13017
7233 1924
7791 6721
129 8374
1717 2186
1905 70
3362 5620
4270 9134
5279 4036
5293 11966
6270 2526
8036 11326
108 5537
402 11512
1807 5497
2663 5047
3048 3138
3441 59
4650 9164
6115 3792
7909 12606
8063 6218
831 13085
2193 2387
2755 9610
3117 5269
5301 11384
6723 5897
7575 808
8072 5962
68 9382
132 5584
1292 2014
1318 11723
1356 2452
1630 13206
2006 5914
2415 13563
2605 11872
2711 3184
3029 9045
3913 5779
4560 797
5371 12711
6187 3153
34 5387
530 7756
1452 12661
1556 11249
2698 9061
2899 11498
3272 5271
3481 1377
3762 5270
4103 6428
4153 13508
6091 5799
7009 9700
532 402
808 140
1099 5774
1515 831
1868 264
2962 4402
3118 5717
4979 13336
5333 10810
5435 2593
5554 13138
6183 7297
7132 3472
7172 8521
7859 4188
2119 4555
2583 11650
4496 10986
5274 13583
5327 10420
5414 4979
6430 99
6519 5984
7445 6702
171 12506
868 206
910 11143
1138 10792
1908 1056
4353 6193
4646 1015
6913 13644
7933 2508
632 203
1615 12192
1863 2294
1894 8322
2775 489
4312 10365
4879 1502
5876 6083
5958 13353
6780 7992
7107 4485
7294 1463
7868 13054
0 102
500 1082
1488 2675
1737 2397
2772 7817
3685 11498
3902 13251
3950 12891
5207 81
5997 13309
6878 3686
878 227
1915 2231
3815 7777
4372 7776
7056 3657
282 9208
939 6815
1080 10848
1111 13178
1167 970
1281 8709
1408 1126
1820 1316
2409 5630
3837 6793
5308 5267
7077 3869
7284 12005
207 1142
855 4336
873 4494
2223 8606
3131 5784
3251 11942
4669 6365
5172 11811
5262 13583
5872 4230
27 5332
778 13607
1044 10528
1803 2387
2117 10033
2313 1093
4794 12492
5011 13699
5208 11832
5398 11476
7810 9730
8153 271
1009 6900
1075 1740
1367 831
1974 12166
2219 3041
2454 475
2669 5132
4193 6066
4485 5789
5336 10420
7377 4551
7594 6503
7912 4343
39 13594
1016 1234
1782 2590
2295 9255
2426 11262
3342 5688
5235 6446
5354 6243
5557 6668
7587 11882
550 11129
764 5349
812 11982
1975 9860
3121 5474
4328 6215
74 5943
130 3929
585 10336
864 12447
1425 1414
2516 4900
2657 11609
3327 11298
5337 10420
7345 785
274 5711
445 2484
1134 13211
1679 4596
2869 4823
5234 481
5481 11593
6989 3700
2790 2321
3199 5475
4611 3711
5297 10420
5570 11495
5635 9048
5914 12018
6391 51
7535 13583
7952 8777
2894 2703
3100 9647
4815 12563
7035 13632
258 10336
1091 10622
1589 1634
2352 4719
2613 5046
2650 5605
3356 8445
4395 13231
4468 6194
5358 4965
1207 13565
1274 4446
1387 10165
1693 9683
1921 5967
2708 11753
3322 7784
3334 11593
4465 6194
5331 12046
7599 3646
205 489
3451 3068
3697 13681
5582 5803
6195 2317
6394 7533
7124 13688
7223 12514
7886 2397
66 12553
409 8262
2149 12026
2221 8482
2592 12321
2729 5132
3069 5523
3361 5474
4392 2387
4732 2188
5360 379
6652 1267
7019 2167
7339 3638
847 11833
933 13215
1090 5268
1168 12725
2411 5656
2455 12231
3646 4075
88 8374
109 5963
814 13633
1204 9329
1624 8014
1634 1991
2215 10111
2248 9150
2512 5237
4046 9731
4778 13178
5246 13583
5767 4468
6443 6496
6872 3343
6966 7625
7211 11791
7732 1969
31 6942
192 11326
922 8175
1163 12859
1683 12189
2175 4058
2668 5132
3035 2688
3087 5132
3915 5525
4396 6215
4766 2189
4802 1879
5573 11782
7674 12868
7838 5185
8087 6379
652 1177
2431 12634
2515 5132
2651 5371
3160 5047
3561 6254
4385 12623
5800 12433
6342 9708
7267 4016
7399 4704
7606 12091
7969 5301
71 5963
375 9002
596 6243
1105 5095
2317 12729
2361 1975
2572 5052
3015 5784
3075 5751
4449 12772
190 4153
332 7889
417 6263
1712 10269
2269 13717
2342 10543
4072 5820
5029 10990
6257 6951
124 6379
2363 8917
2408 12462
2836 11209
3283 5862
5103 6421
5485 11820
5778 8578
6048 3285
821 8013
1851 6224
2437 12493
3175 4137
3623 5397
4211 6464
7755 11882
7861 5918
798 4596
2646 6139
2838 6217
2972 591
3495 6886
3978 13583
4652 9813
5816 6293
6317 7504
6343 7709
7845 13389
2177 11921
3434 5656
3780 5474
5226 170
7273 4547
7900 8360
592 5434
799 7082
1014 12526
2791 5688
4053 12903
4634 4724
4719 13721
4978 12463
5018 4840
5538 8842
5942 4058
135 4715
390 12701
767 5453
2662 11372
2733 5052
3689 5269
4406 3711
4564 9255
6818 4068
7286 12944
403 13558
664 9640
1909 13251
3593 5784
3778 6379
5093 8295
5310 5267
5325 10420
116 8446
377 9154
1085 11244
2179 3962
2246 6243
3278 5719
5222 13683
5305 11384
6259 11691
6525 7646
81 13594
453 7626
1307 482
2562 5132
2934 2957
3010 4724
3200 5383
5866 2510
6227 2526
6845 609
7364 13605
881 7391
2744 6286
4644 7899
5639 6611
7698 12545
7832 1208
7977 4886
162 13683
2484 12552
2703 293
3286 9909
5170 9685
5258 6464
5389 4862
5402 5250
7248 2149
7484 4702
8016 164
252 4074
929 13311
996 394
1705 424
2386 7606
4807 11380
7627 9337
7829 7857
1164 3869
1761 858
3695 5525
3923 6806
5314 11384
5837 374
7299 4790
900 6925
1607 1961
2503 4662
2757 2321
2965 382
4168 3201
4325 2711
5238 13251
5311 5267
5320 6891
5534 1877
2588 12263
3916 594
4282 12749
4304 8648
4371 1421
5049 4344
6802 8048
7003 12986
7558 250
7937 9111
8131 13025
8138 1430
400 13721
441 6648
1762 3070
2413 8970
4433 1683
4717 10192
5147 6570
5496 12829
6053 2784
7485 11600
962 9352
1020 12033
2491 11482
2781 6529
3201 5720
3589 5723
5446 2183
6362 3092
6579 2039
6849 5393
6867 7873
7057 5824
7262 2995
8136 4503
73 5726
4311 10883
4735 5833
6133 13265
7510 3384
7576 11157
128 13629
807 130
4504 11380
4989 12910
5006 12641
6774 3535
7857 9921
1754 2475
2622 4865
3004 5384
6047 4146
6060 100
6548 4155
6607 2876
6957 10934
7195 10973
7569 6946
8105 449
98 12135
226 6513
2394 771
2509 5047
5021 12373
5555 13728
6962 13575
919 10625
920 5679
2194 10100
4630 291
5253 6545
5340 13647
5949 4104
7188 8626
7467 7248
7786 9001
7856 6072
7888 8209
7942 9303
7964 2417
8000 11298
8091 7988
8117 8824
271 28
3127 5429
4212 9744
4522 13510
5218 5635
5616 1309
6482 10401
7105 3904
7415 9931
7552 1750
7924 8382
41 10808
859 11003
2297 463
4737 7272
5342 6933
5453 11379
5529 13186
5598 12600
5743 2943
6412 6967
6459 2185
7778 10199
7983 4896
1202 11889
1266 3297
2397 12634
4403 3711
4720 11380
5111 170
7946 2713
8041 11320
893 1742
1680 1720
1831 6223
2334 1429
6019 3285
6360 3311
7378 4558
8058 2987
234 9567
1925 13431
3585 11016
3821 964
3912 6394
6738 11619
6941 4100
7600 6453
1297 12594
3449 9273
3772 13299
4578 10859
6290 1039
6436 3056
7028 11677
7847 12004
1106 4414
1159 739
1170 7778
1410 955
2311 9995
2445 7211
4253 11314
4409 13633
4561 11753
4703 5779
5661 4690
6029 4530
7095 1574
8099 391
200 12759
999 411
2127 2777
2188 6806
3825 5267
5457 13169
6733 2189
7287 7841
7520 2198
158 11804
289 9610
1176 8693
2196 11779
3775 5583
3906 11364
4436 10859
5384 13595
2250 12496
2966 4456
4378 1794
4884 6366
5503 3156
5810 3480
5936 10302
7803 11569
102 373
896 9695
1437 10291
1444 1466
3501 3806
4347 9843
5187 9708
5651 264
6638 13017
7119 2740
7332 3070
7532 13296
7704 11947
7795 9725
118 6070
1299 445
1657 12605
3091 5183
5332 5267
6318 378
6557 4600
7915 11372
1801 13322
2648 7766
5056 12248
5063 12697
902 9675
1555 11893
2098 700
2211 3133
2518 4842
3333 5101
3335 9241
4421 1167
4439 12480
5181 5856
6032 133
1259 5006
1606 1000
1847 9542
3020 10785
3026 5047
4642 6238
5143 6194
6035 12842
6334 12040
6716 7580
7780 6981
7872 11022
7897 3480
78 11369
1433 4961
1777 2153
4172 6136
4351 1201
7139 84
967 7924
1952 3195
2897 10938
5313 11384
5350 9000
5888 11881
6198 957
6765 10289
6936 1924
7316 5117
7917 119
8109 12612
636 13218
1209 12920
1494 11971
1914 878
2731 10687
3279 5721
3946 9436
4184 6851
4365 808
4869 9730
7490 12208
793 6278
883 11984
2460 9045
3073 13669
3158 4894
3615 6428
3619 203
6501 4161
6790 7633
7994 12835
8140 7196
727 13688
880 12788
1286 2201
2732 2817
4738 9382
4834 12517
5330 11384
5798 5079
1508 9084
5178 129
5321 2972
6541 6482
6934 6951
7877 11181
1273 4349
1864 2337
2264 2700
3276 4724
4638 648
4951 6494
5083 12223
5374 13595
5645 7934
5865 11909
6718 13430
7038 4308
934 10221
2485 13387
3013 5474
4045 6453
1300 1048
1448 10184
1532 7457
4121 9731
5617 12179
7055 4413
733 12461
1826 8531
1900 6851
5620 4502
5873 6445
6740 13677
6766 12059
8001 5129
48 80
1147 3
2344 958
5420 3725
5562 13138
6586 12442
6777 3227
1257 10985
2514 9045
4583 12877
4698 6339
5447 7386
5484 9843
5802 11779
7602 10143
1247 4578
2071 1671
3005 5721
3727 2370
3782 5474
6003 7073
7147 9680
7866 9595
1190 11228
1191 10221
2347 514
2976 5567
4506 11380
4677 8884
5082 8850
5089 13718
5466 7205
6081 3646
694 4596
1180 10412
2421 12231
2526 4999
2594 12545
3448 6940
4472 11380
5036 1505
5228 82
6055 9166
7462 1957
7657 12702
298 9109
1417 10112
2186 2279
3068 11016
5284 13600
5317 5713
6376 11072
1601 11739
3285 5811
3450 5862
3617 12893
3959 2279
4404 12480
5335 398
6413 5294
7827 10218
8086 12630
76 12135
199 10982
882 12914
1291 459
1748 2360
2728 5182
2812 5308
4027 13680
4921 8887
7494 13651
7622 6092
7648 5393
172 6070
1150 767
1479 10447
2233 2714
2504 7687
4239 13645
4547 808
6125 839
6953 6999
283 6617
726 9881
747 1562
1743 1755
1889 12582
2170 3999
3047 8185
3070 5426
3090 4296
5041 13552
7426 635
7943 5548
372 13716
765 12004
1010 418
1065 5370
3277 6663
3421 7132
3492 10736
5026 12277
5032 9333
6931 6650
8068 5209
272 7625
948 11766
1127 5846
3173 4456
4390 2467
6333 4555
7162 10923
7749 6755
2 13078
168 11820
443 13243
1540 1671
2064 8016
2205 4405
2332 5756
4180 114
4803 6331
5395 6632
5656 391
6431 5984
6497 13024
723 6164
875 11917
1268 13413
1429 9395
1779 1672
2330 7309
2439 10736
3503 5583
4499 11108
6088 4122
253 6330
648 5563
1064 553
2475 9197
2573 11298
2715 12563
2735 6207
2919 5691
3167 5190
5224 13583
5334 10420
5465 6542
6039 3332
6782 6951
7374 3349
7987 4960
8137 2444
450 10336
3119 5474
4967 13477
5205 13583
5225 13583
6481 2669
7226 708
7450 5202
7979 6061
8089 4344
1103 1225
1234 12532
1911 6299
2466 5392
2640 8701
4529 4856
5587 5984
6012 3720
6127 1361
7189 2680
7890 13661
714 6114
1499 2424
2184 12827
3039 12364
3864 13691
4308 7123
5894 7815
7235 10172
7869 4699
7989 9103
1500 12542
2226 4176
2495 5301
2597 5647
4759 6365
5886 3894
6061 799
6073 6180
3491 4219
4364 8147
7155 1428
7830 12625
8080 7785
8081 8568
110 8587
203 695
2700 7464
7997 11298
247 9347
1137 13200
1611 1926
1848 5497
2444 12223
2568 5377
3204 5429
4122 12398
4416 5994
6243 12938
6371 5206
6817 6362
7270 2866
285 6951
776 1631
4523 6394
5356 4602
6269 6240
7045 2667
1056 9801
1395 1351
2440 7817
2970 5744
2971 2524
3064 5474
4800 6282
5870 372
6332 7944
7541 4568
7610 9337
7930 12334
1172 8537
1621 7501
2341 13726
2585 12374
2785 7472
3365 5862
3981 13559
4722 6382
5441 7875
7237 9442
7366 92
7980 3008
8119 1591
1835 12572
1881 2231
2374 635
2453 9325
2902 5583
4317 2465
4813 13229
5059 13570
5726 2820
6645 2548
7441 9895
7984 4787
430 291
943 13049
2774 6571
2875 795
4228 13462
5104 12174
5478 164
5819 5331
6239 3835
7615 4262
7710 459
1083 9102
1208 13438
1345 9885
1432 11233
1592 13558
2235 4158
3288 5429
3406 273
4510 808
5012 13699
5027 7830
6493 12641
6820 10363
7018 10599
1667 2720
1690 13704
2519 6189
3037 194
3101 12173
4509 808
6071 2135
6103 12741
6379 13607
7672 7202
8101 6143
313 4992
639 4013
813 145
894 5856
1614 9618
2773 695
3250 11298
3280 5429
3907 12097
6904 2419
6909 109
7127 4913
7312 10347
7442 2789
7715 7620
7851 3138
7858 3214
1482 11831
2507 5299
2816 7817
3281 5620
6331 3547
6632 4619
7593 2442
7837 11671
7873 7699
796 112
1323 7122
1719 6625
2303 2137
2788 12776
3208 5477
5892 1619
6209 4373
6348 2767
6684 4684
8113 752
1939 3324
2422 12234
2664 5132
2964 194
3065 5474
4136 13520
4277 4746
4645 1201
4827 11436
5139 9643
5823 6501
6384 11984
6650 11430
7397 6376
7735 264
8146 1695
768 142
956 6104
2456 9045
2551 9708
3066 5474
3103 7464
3125 3964
3338 4965
4793 4160
5024 13335
5025 564
5299 10420
5558 7089
5919 8871
5984 3813
6858 8641
7002 9051
7470 11288
7707 4064
359 11020
2267 4333
2407 9418
2627 6181
3358 5720
3743 5811
4075 5736
4868 1206
5010 11795
7357 3920
10 1810
1293 2885
1616 11381
3033 1304
4442 11380
6988 3606
7384 6091
795 11868
2636 1877
3011 11778
4255 9067
745 13477
1227 4833
1587 13271
1730 13497
1956 229
2020 12893
6566 3343
6694 1086
7207 6770
113 5782
697 804
923 5064
1379 13379
1390 1269
2457 9045
2887 5301
3366 5660
3417 4519
3446 5696
4584 13673
5768 4344
6041 3888
7464 600
8129 4031
1087 10152
1836 2686
2665 5132
3031 6449
4618 808
5610 11364
6128 12832
6353 12324
6836 2486
7651 843
7662 2866
8029 5357
103 968
1116 4677
1574 88
1935 2711
2822 12223
2829 7042
3577 5654
4568 2184
4796 11920
5359 12732
5613 12731
7335 9905
8141 3857
485 1683
1622 2547
2695 645
2839 1005
3411 9587
4730 5847
6118 3664
7322 10008
7612 8015
701 839
849 7122
1183 1351
1304 1783
1354 2555
1802 602
1844 40
2322 4638
2571 11942
2720 13562
3318 1145
4747 10859
5206 6320
6046 12558
7185 10043
7911 489
142 9109
1042 12514
3166 11298
3319 682
3641 5750
4816 6428
5966 4558
6813 9847
744 9064
800 12517
1086 80
1917 8606
2381 3339
5300 11384
5647 12319
6474 6184
1852 4555
2100 7768
2207 2318
2229 4437
2544 7808
4074 5999
2007 5664
2391 5905
3102 5833
4362 1685
5444 8292
6352 6091
6559 12292
6778 3188
1073 8785
1092 1579
1411 2927
2027 2431
2723 1597
4357 6193
4789 11962
7291 818
7743 7248
966 6201
1549 2341
1875 10440
2041 946
2103 2560
2156 3984
4814 12144
6746 2953
6937 2689
7693 8175
7775 1577
748 9321
1853 11074
3081 323
5349 4602
5785 8578
6814 4796
7503 11096
7760 4096
151 78
650 6808
755 12517
1206 12921
1336 2764
1480 4112
1738 2514
1913 11181
2252 6144
2306 11714
2419 6758
3328 7817
4580 11380
4758 6981
5650 11668
5906 10026
7152 9987
702 5711
711 45
898 4596
986 13687
2716 9339
2872 894
7209 7422
7689 2483
8115 1173
1550 7503
1751 2485
3023 5299
3067 5523
3162 5052
5680 9847
5733 10972
6748 6180
7253 6595
7344 2349
8097 12211
1588 15
2273 7744
5038 5489
7670 12527
7870 2662
7955 6904
818 142
2163 434
2263 13503
2565 5052
2937 5275
3624 10387
3732 18
5387 5194
5468 12458
5565 4799
6232 2484
6616 2180
6683 5287
7358 407
1950 4032
4527 1671
5058 9965
5702 4320
5985 13217
6214 101
6547 7630
6863 11102
7349 11671
309 5337
787 3292
1125 11722
1596 4891
2345 9335
2587 4249
2714 11643
2842 5101
3354 5331
4132 6066
4672 10809
4729 6853
5142 11144
5599 13022
5935 13022
6158 2127
6162 2543
6204 13458
6995 13553
8098 9103
1017 5963
1539 1850
2577 6269
3088 11942
3284 5429
4706 11331
6170 7071
6692 3210
6860 3536
7773 1485
8026 175
8148 8516
317 12373
1282 9988
3151 6962
4860 6330
5727 5709
6299 8911
7361 7766
251 9830
489 12201
576 10165
824 6386
1778 2207
2074 10031
2225 7632
2634 9241
2769 5299
3517 440
3621 1430
4716 6215
5454 8462
5930 7327
6381 8592
6769 3565
7703 4740
7808 7716
75 11966
993 7626
1104 7824
1275 2050
1486 1565
2359 6526
2586 4568
2614 12686
2748 5009
2762 8015
3329 5052
3560 6466
4432 10929
6141 3686
6986 3576
7801 9733
418 12517
822 10313
2520 5237
4361 10859
5461 13251
6027 820
6993 2650
7815 12630
1007 8935
1987 11052
2136 11685
5405 11355
5755 11276
7030 2486
1022 7698
1289 8955
5182 129
5292 11966
5355 6933
6099 3724
7714 9905
8044 12597
79 6925
1810 2278
2492 6212
2734 6256
3133 5751
4025 3218
4448 7776
4614 191
5098 7876
6173 1926
7052 3092
7096 6951
7719 13176
715 3510
1001 12828
1352 6320
1732 1146
2331 10009
5749 3448
7486 12901
960 6341
1018 9297
1039 7673
2619 3258
2628 13493
2738 2904
6074 4826
6131 2757
6757 10190
6851 39
7516 9832
7626 4763
8046 781
153 6104
1110 712
1551 11965
1958 1394
2104 13177
2122 3711
2157 7005
2736 10879
3273 8304
4016 11986
5050 13705
5858 1877
5962 3347
7789 9426
388 4623
490 5044
951 11503
2823 12230
3132 5810
4765 13660
6236 9122
6417 2806
6859 2496
7380 9728
8019 8782
86 12154
2641 3806
3814 6472
4278 1597
7069 4498
7730 9521
8005 13508
169 6645
1542 13562
3061 5720
5455 12754
7601 10631
1497 5041
1720 7803
2101 11015
2672 12693
3095 5356
3407 6062
3994 6322
4044 12689
4162 6366
4334 12845
4822 6331
5480 2654
6641 4519
8042 651
83 5907
526 6598
1605 8463
1902 11912
2425 11049
2621 4790
2814 5295
2841 4544
5043 10787
5184 13415
7199 2317
7478 3627
62 13692
1026 3297
2166 7318
3001 5383
4752 808
4887 10996
6512 3231
7104 9464
7469 12318
7667 8875
7956 13206
433 11731
1623 8489
2493 12509
5316 11384
7144 11601
147 12153
1218 8982
1269 12480
2049 11080
2292 12457
2476 11301
2618 5132
3339 9241
4476 11380
5045 10306
6615 7326
7197 7288
8059 12046
577 8121
1129 13345
1816 5001
2832 5140
4673 12910
6292 2115
7491 6069
843 7122
1245 7980
2387 635
2402 12444
2843 4544
3409 12880
3766 9496
5379 1685
6051 12791
6309 3738
7239 8790
846 1176
2499 10642
3499 5451
4748 1345
5977 3597
6075 9529
7785 8961
1991 10200
2884 5300
4832 11958
4923 1574
5241 8685
5411 1502
5921 1599
6372 2545
6712 4140
6873 1871
7044 7646
7506 13594
7660 10700
7903 2508
895 3285
977 11576
1067 9095
1248 1807
1401 1307
1943 1915
2206 760
2443 475
2536 12321
2699 4543
5067 1045
5166 1351
5931 9607
6095 3454
6329 2789
7724 5066
167 12913
170 12657
865 12839
879 8039
2830 9643
4777 10766
4780 12480
5250 13596
5303 1888
5494 2097
7764 9253
870 12129
1790 11750
2227 1555
2949 5299
3903 9730
4373 4396
5730 3627
6326 1943
7542 13587
7793 11116
398 1762
647 11954
753 73
950 5881
1766 2857
2131 11946
2283 5291
2691 5508
4246 13006
5372 4965
5596 12929
6775 6307
7200 12973
7298 12504
533 944
1368 1252
3028 12641
5254 89
5631 8143
6078 3188
7784 9706
969 7761
1374 2959
2199 1619
2441 7817
3443 5658
3681 12321
4338 2465
4833 6448
5304 11384
5859 10446
5945 7020
6682 12005
6972 4440
7336 4979
33 8548
486 3401
1327 12277
2055 8927
2554 449
2611 5237
4257 9238
5353 13575
5385 3242
7184 3313
8142 98
1140 114
1217 897
2010 1400
3206 9909
3562 4733
5185 1171
6610 3432
2068 15
3261 2321
5604 11947
5729 5044
5928 11822
6167 3687
6428 2384
7004 1896
7401 9457
7635 2780
8003 7541
8106 801
757 5898
1198 10880
1244 1829
2016 1476
3287 5429
3568 5397
3569 5504
5824 12155
5970 6351
7130 3737
8039 9448
1041 513
2214 3960
2502 4282
4817 5947
5391 5250
7443 3031
7584 3769
457 0
760 3782
954 10165
1849 1146
3040 10625
3252 5052
4279 1059
5240 6366
3124 5860
3337 9241
3490 5237
5227 13699
5628 9528
5684 4374
5874 7102
6321 719
6416 1353
6955 1985
6973 12863
7671 9876
8004 6719
8111 12117
829 4226
2118 9683
2155 5346
2449 7019
2461 11050
5950 3904
6036 1930
7782 12052
987 68
1461 1207
2339 1785
2424 10837
2527 5241
2679 5397
3122 5384
3194 6379
4480 808
4594 8215
4715 11178
4862 6688
5088 12174
6732 4038
6789 11220
6819 8008
6866 7780
7653 4634
7836 5597
54 12134
507 11512
4123 2038
6017 3615
6770 3356
7230 4003
7995 10164
2076 10768
2498 4998
5850 7362
6064 4211
6722 12062
772 4249
1814 9440
3002 5523
3249 5132
3336 11593
3408 6151
4369 11413
4417 2465
6389 7360
6831 7646
7359 4544
7669 8499
8118 7678
14 7781
897 8606
1576 11889
3207 5620
3447 5658
4252 5996
5114 12174
5961 2048
7114 10548
7182 6158
7263 11228
7777 5161
7831 9988
750 13729
2517 11298
3093 9950
3877 5656
5752 10109
6701 10900
6841 2333
7156 1039
7247 2522
7295 6236
7928 6399
7931 6737
7940 4167
665 10980
1251 2122
1651 9134
2474 10855
2529 11165
2582 13212
3161 4679
5117 6194
6009 3046
6506 3165
6651 6762
366 11922
1708 2324
3196 5720
3498 12705
4847 8147
5370 200
5717 6582
5904 4968
6435 4214
6567 936
7315 12502
7736 2234
7982 4960
487 1093
494 11361
2128 10411
2452 555
2593 9061
2603 13687
2604 1809
2959 4663
3954 1434
5883 80
5999 3501
6028 11650
6678 3084
7148 2363
508 13162
887 4596
1402 1144
1439 3198
2278 9169
2609 549
2683 5451
5889 2510
5964 5266
6184 6215
6604 4042
7918 9740
1989 7674
3041 4966
3106 13647
3332 1016
3684 10683
3745 81
4616 13726
6120 3231
6286 9122
7744 11070
989 11082
1681 4344
1873 11734
2596 7766
4636 813
4700 11443
6200 7628
6263 4047
7429 9711
7614 820
7988 3852
1036 486
1414 12974
1895 7261
3592 3964
4238 12716
5009 9476
5126 12779
5497 12468
5909 4862
6102 13178
6654 7855
811 129
1984 3885
2661 5128
2967 12364
4826 6688
4838 1798
5127 6696
5547 12621
5629 2073
6510 6517
7198 4143
1223 945
1279 1760
1355 9859
2680 5194
3867 6108
4804 12983
4994 10212
5057 11885
6792 2337
6862 1787
7468 12198
249 3111
1772 9160
3126 5811
3367 5477
5288 13596
5352 12469
5368 6933
5901 13337
6208 10502
7285 8888
7949 3466
8047 6772
1063 6922
1373 1207
1484 1385
1723 9266
1793 3987
1861 2777
2645 8256
4762 9160
6504 3388
6739 2276
6768 4287
6810 6148
7099 9191
1237 6352
1906 11917
2819 7261
3262 10420
3863 5737
6151 3779
6446 4348
6930 10161
7166 8193
7351 2054
7365 5565
7608 11261
144 4684
451 2360
1033 3146
1735 4606
2029 6613
2783 4006
4657 1506
5091 4609
6631 1201
7379 7989
827 1755
992 9157
2187 4074
2570 10153
2968 5101
4274 6191
5416 2230
6248 1898
6539 8025
6992 10740
7562 6486
159 8718
329 2662
495 11628
841 5245
3359 11016
3558 5242
5443 9003
6044 4863
6605 2189
6788 4071
6914 9807
7000 5709
7134 13317
7281 6604
7951 12429
1076 2215
1139 11677
1236 13411
2089 10313
2477 12720
4937 13438
4952 10060
5339 10023
6030 8465
6844 2693
6850 3968
6970 1688
57 3241
1982 5383
2581 4556
4307 11804
6154 13059
6179 4826
6193 12792
6629 4186
7346 11097
7563 411
303 12147
1242 864
1619 12595
2174 7660
2574 11909
2591 10625
4998 12668
5762 9220
6356 13211
6365 13130
6415 2916
1186 6637
1358 2418
1770 1108
2108 4693
2232 1486
5459 2097
5750 6379
7024 3772
616 10687
854 6850
1569 9446
2531 4385
2892 3806
3163 6605
6289 6341
6595 8236
6990 3157
7440 10884
7509 4348
7643 12243
907 5699
1066 599
2670 2569
3556 12238
4048 11163
4828 808
5105 6194
6188 3700
6297 12075
6587 6700
7639 9364
2681 2261
2725 5298
5092 12827
5129 6696
5211 11074
6480 12789
7676 1776
7971 7207
7973 8261
926 12661
1353 1260
1794 6260
1933 2435
1938 3964
2036 5220
2508 5297
3493 489
3630 12321
5378 11838
5831 6413
5863 11876
6089 4624
6174 8449
6253 2421
6378 7947
6432 10913
588 6637
1152 9746
1828 12580
2260 3399
2470 12238
4340 2432
5285 6557
5879 6738
6776 3022
7272 1587
7621 507
8134 8245
2096 12809
3444 5862
3496 6123
7240 585
7422 11301
325 928
581 2723
1118 12425
4206 11065
5243 13699
5341 5468
6315 12161
6633 1149
7540 3362
7561 3517
7590 12782
7702 11358
7731 1422
85 11260
1117 3575
1328 8364
2000 3958
3631 7766
5115 6194
6218 3116
7658 10971
959 7968
1177 8606
1825 489
1922 6038
2643 194
4844 4548
5456 10979
6556 7924
6688 9002
6721 4547
7818 9933
1382 6458
1843 6033
2724 12656
3771 5205
4374 7017
5990 8466
6546 6034
7598 2603
7675 12967
264 13669
1405 2482
2091 1749
2152 12480
4545 10217
5179 12121
5239 6719
5828 863
5988 4071
7356 7851
7990 4050
7993 10440
8064 4858
1404 11986
1567 4937
1613 3290
2019 196
2198 12247
2678 11909
3340 438
5663 6484
6363 3627
6704 1787
7049 1808
7679 782
8088 9045
337 10231
2675 5051
4280 13342
5062 10389
5289 5136
6070 5776
6527 2930
6852 6510
7177 8353
7424 11786
7774 734
7910 12515
852 11937
1219 11141
1288 417
2625 9325
4073 9730
4227 283
5875 755
5952 5092
7854 2743
557 1581
2280 11786
3729 4617
7604 12001
7649 2048
7981 5300
8045 2916
2406 10086
2561 3760
2688 4456
3410 7168
6883 6044
6908 3235
7700 10755
7802 4058
706 757
1446 10221
1493 11178
1627 12877
2167 1500
2181 449
2510 4296
2771 9950
2789 5194
6380 2789
6455 2428
7342 3333
7437 7564
7926 9257
8050 9009
612 1961
2901 11772
3130 5811
5614 5990
6888 3531
7241 7082
49 373
4550 13633
5893 6426
5976 12611
6664 2180
7106 2219
7663 2073
549 13291
1229 4226
1635 8227
4181 9044
4734 7082
5081 9490
7745 8568
5 11497
566 711
888 7925
1399 11856
1535 9126
1543 1381
1813 1254
2189 9178
2827 3985
3445 5811
4818 8626
6839 7712
7108 6526
7112 10729
7196 12789
7420 3537
7647 2632
8021 10970
245 6120
1062 13038
2030 1073
2624 11298
2809 10115
4857 7549
6230 2571
6620 6974
6741 8689
7305 13177
7309 1977
7865 4468
1055 555
1330 2164
1824 6218
2038 3313
2638 10453
6084 5937
6132 13568
6202 7393
6756 12635
6929 3833
7167 2497
7891 12481
459 13445
497 9122
1791 9683
2522 9950
2721 11061
2767 5047
2954 12686
5116 6194
6096 4909
6229 4390
7236 3343
7465 9182
7691 2442
7862 7393
8002 4818
8017 11891
60 13596
1142 7240
1321 3935
2488 13295
5695 6792
5980 6711
6185 3606
6747 3431
7340 6104
7718 7681
7723 10376
600 7392
938 28
1685 2315
2417 12517
2557 5088
2580 12996
3518 5473
7554 2612
7824 2625
1830 4454
1912 281
1929 12050
3198 2980
3202 5429
4230 12268
4962 13205
6509 1562
7151 9037
7314 6525
7382 9043
7695 3829
8007 1162
794 4181
842 158
1586 7122
1653 10001
2459 12223
2558 5297
2740 7472
4141 6453
4370 2095
4965 9220
6178 13160
6219 3208
6702 12421
6798 723
7051 6613
7616 6548
8009 9807
1750 7932
3203 3110
3205 5811
5106 13574
5442 423
6703 10218
6744 254
7277 880
7996 8685
8057 91
59 12135
2575 5172
2810 13520
2969 8819
3822 4963
5854 9425
6811 3968
7087 6234
7792 6946
1326 6364
5028 13468
6460 8756
7042 5711
7187 551
7348 12667
2147 11692
2541 12321
5992 3356
6164 9915
6549 1356
7062 2186
7149 6873
7546 5736
7597 4263
1860 6486
2446 13025
2834 3678
2952 12686
4848 3917
5834 12098
5946 9166
6015 7181
6387 4424
6691 10251
6925 3669
2530 6296
2813 12699
2955 1481
3165 5182
4331 6193
6609 2849
6855 10163
6902 11949
7306 1481
7566 8025
7958 4872
983 3354
1309 10451
2560 12075
3172 6269
4843 6331
5242 13583
6092 4558
6434 1632
6600 3066
6655 4058
7250 9847
7661 13631
8062 1553
1160 1726
1233 13597
2447 7817
2539 11803
3025 5295
3500 5191
5133 2836
5934 1170
6392 3845
7307 4181
676 9715
2242 3740
2383 10263
2957 5047
3488 5048
3944 9731
4821 10757
5897 7369
6080 7442
7423 11230
912 11938
5751 4610
6211 492
6361 5899
7694 5680
7752 1761
446 11724
802 124
1380 961
1842 31
2463 7507
2487 12231
2727 1296
2825 13603
5046 8798
5844 13637
6279 2876
571 13488
830 11911
1594 2227
2525 4900
3622 12538
4446 808
5965 3558
6368 11261
7603 3565
477 8721
1151 4336
2549 11541
2701 5113
4687 12898
5094 6456
5165 2980
6294 1745
7034 3743
7290 6497
7419 13304
188 7394
428 2605
663 10200
985 1412
2130 240
3024 5132
3326 5297
5880 5283
6959 4098
7953 4230
2116 7487
2218 3217
4508 5335
6912 10420
7017 4737
7583 3399
856 12955
2521 9950
2652 12545
3323 12686
4949 11181
5510 7678
5571 1791
5793 2054
6815 8021
6835 4104
7060 1499
7161 6591
7965 610
239 1685
3253 9197
3260 1016
6058 7413
6965 11413
7362 2543
7596 3630
7646 8924
684 2486
1028 11201
1647 5100
4926 9731
5267 10766
6191 5064
6364 7525
6454 11666
6465 12616
7256 101
7526 5980
7592 3492
7629 3210
1239 888
1677 6298
1837 1395
2102 10165
2833 13442
3866 11303
6023 825
6213 10070
6398 5298
7214 969
7341 13023
7453 10021
7678 13073
7885 452
423 10275
1314 4062
1583 12829
2150 7715
2471 12223
3258 9241
7916 3308
975 6690
6306 6901
6719 3466
6749 11075
7080 1300
7186 4790
7605 11427
1666 12887
1819 1437
2180 6947
2563 4663
2737 11466
3557 10736
5769 9501
8051 5683
981 4596
1238 8894
1412 13685
2888 2178
2950 4867
5899 8607
6177 5179
6495 6180
6551 2115
6958 2689
2001 897
6145 3606
6265 11689
6296 199
6899 3285
7839 3428
686 10855
1156 9880
1350 13160
1454 11103
1618 11693
1998 12803
4901 12418
4996 13180
5482 12147
6393 2498
6809 12158
6823 7785
1419 708
2766 12292
5407 9248
5703 4824
5922 582
6250 8224
7664 7062
2550 377
2578 194
3626 4904
6166 2363
7174 3602
7251 8092
275 1724
1756 2319
2472 5238
3107 5651
4654 1454
4695 6387
6603 2567
7699 3174
444 12748
2023 4583
2617 4867
3042 5688
6031 12217
7425 12918
991 2106
1530 4833
2212 6279
2320 5962
5896 4361
6052 13573
7006 3529
7585 11218
7927 6870
853 11616
1079 12849
2316 8835
2543 9658
2756 7081
5286 6557
5351 7049
7899 7113
1652 4260
2228 4231
3038 1891
3254 7732
5995 3732
6113 10619
6370 3559
6755 2006
7530 4985
1391 1123
1676 1037
2162 2157
3414 5052
5113 12554
5413 12005
6262 10811
6330 2983
6881 9847
7120 709
7570 2864
2747 4972
3489 12223
6550 4196
8037 7563
1012 438
2644 7472
2784 5100
5141 13574
805 12293
1458 10111
2538 6333
2689 7132
3036 3641
3150 3830
3673 2370
5023 924
5128 6696
5853 1584
6226 2692
6693 3067
7607 8522
241 11996
1455 4954
1585 1740
2005 11915
2026 11803
2275 649
2368 5144
2653 9061
2886 4553
3570 11475
5400 4494
5781 6883
6087 3606
6100 3579
7367 9641
7524 7897
7528 885
7692 4826
8135 8901
1221 344
2236 9763
2623 8590
2975 8669
5951 3787
5955 1333
6130 200
6176 10364
6217 5498
6247 2871
6283 3772
7495 7481
7564 8161
2168 1898
2197 4099
2244 12826
2667 11299
2704 11848
5871 1554
7081 12653
58 1548
1620 7991
2523 9689
3257 5397
5621 10101
5939 2823
6107 4048
6401 4424
7394 13207
7556 2185
7970 5807
1671 1309
2094 4753
6249 3472
6983 8958
7957 10670
8006 4818
575 2723
783 11687
1928 9402
2143 4786
2537 10683
3813 12596
5380 6707
5937 3686
6148 5048
6328 9764
6349 10766
6697 3839
7740 7947
7974 10359
8043 5137
1955 1843
2726 5298
3497 12364
3572 5456
5813 4827
5829 2916
5885 8313
6573 24
6971 4061
7020 4459
7064 627
316 2503
1179 4266
3094 12364
3331 6136
5470 132
5916 5757
5968 1396
6101 7118
6117 6872
8061 3508
1451 4595
3259 12364
4566 7966
4684 12543
5406 7447
6458 1979
6773 8413
6830 3367
7711 12162
7879 8157
1724 756
1869 4431
2072 592
3243 785
3770 5822
4478 13633
4865 808
5376 12469
5827 771
5971 6497
7493 10203
1465 7277
1517 2988
1804 4923
1808 12567
2712 8324
2837 9241
2958 4261
3255 6269
5432 3548
5929 9818
7063 6691
7687 11015
7883 5030
1040 12506
1867 5643
2666 5301
3174 6269
4601 8233
5035 7027
5716 3197
5812 2661
6731 3968
8085 2869
6625 12128
7360 4966
965 3651
1633 10313
2629 13493
2792 5583
3680 11999
5423 13342
5993 2767
6014 3634
6724 9041
7396 13488
498 7379
5421 8521
7391 7732
7525 2743
761 12567
1045 5358
2647 5560
5367 668
5632 10289
6827 8578
8120 9470
674 8638
964 10417
1695 12442
1930 4243
2021 2843
2469 344
7571 11256
7640 4439
7720 3384
1246 12969
2048 9535
2154 8794
2883 7069
5404 4258
6139 4986
7135 11752
7454 6875
614 10232
741 71
1136 8178
1765 139
7617 8016
8108 10589
2144 1721
5967 12696
6714 6057
626 2547
2404 653
2511 4865
2676 11298
2815 5295
3494 7817
5903 3137
6667 3005
6743 3646
6919 1269
1722 854
2482 7236
5472 11401
6025 2906
6116 4344
6726 6526
7005 3343
7053 4012
7321 12450
8116 7912
1582 520
1871 9960
2765 9325
3032 5237
3565 11666
3682 5456
5264 6557
5564 10150
6072 2813
6097 3897
6278 2821
6388 8700
6596 7727
6659 1722
7363 10026
608 12618
877 13329
2237 4225
3022 11066
3086 5132
5821 3627
6043 2833
6129 4032
6320 4573
6414 5239
6423 4378
6898 10061
7488 5516
1715 10913
2458 9045
2506 3629
4214 7063
6161 2480
6829 8236
7085 1120
7116 12187
7313 90
7685 9634
7696 1057
2430 8776
2754 5058
6425 2305
6637 9964
6711 12606
6889 3695
7882 10019
725 8365
1554 11820
1877 535
2058 8079
2556 12509
582 8218
2052 2099
2274 4267
2318 3767
2786 4556
5927 3490
6090 3312
6168 3687
6825 5918
7131 12510
607 7709
1043 12577
1301 6063
1366 6138
2308 9436
2595 12545
2601 12829
2702 8344
5600 10953
5868 5494
7573 3768
7624 1301
2494 5241
2632 11965
3159 5295
5070 13021
6601 7352
6725 7392
562 7889
1392 11388
1691 2576
2496 12656
3096 9241
6050 3635
6094 1688
6669 3355
851 5644
1503 1675
2287 3604
4761 4259
7168 2179
7451 9542
7863 8578
8048 3105
1822 10158
2045 3122
4309 10280
5007 7160
6005 2393
6082 3732
6221 4629
7183 3208
7487 7165
2612 11300
2639 2904
4422 10969
5287 11455
5357 3195
5924 2526
6222 4002
6926 4270
47 9602
1947 9535
2545 12653
3320 2006
5247 6366
6282 3768
6869 4263
7654 2198
475 8698
1025 5970
1655 2486
2885 7232
3082 3349
4412 1261
6159 1912
6245 3179
6837 7197
7011 12188
7054 3506
7771 8701
7945 13206
1098 5049
2008 2319
2555 9045
3564 5451
4721 1454
5467 1726
6024 2758
6271 10581
7191 358
7350 5899
311 11356
622 1394
1329 1073
2528 4842
2532 6884
3765 12130
6816 1250
8049 7883
823 10852
2690 11909
3157 5132
6146 3881
6225 3286
6295 3095
6351 3343
6447 5828
7302 11603
7848 6344
754 12506
2633 7472
2685 5191
4808 3917
4856 5302
5150 11144
5979 2565
6700 5028
7014 12931
7713 2053
7850 4541
1457 4063
2183 10165
2208 8221
3099 11666
3418 12996
4490 8693
4599 242
4788 12193
5431 3473
6160 3316
7259 7059
468 7688
1774 6590
2043 9916
2062 6901
2164 3974
2478 4790
2576 13518
2590 9757
6319 13009
6717 2195
7033 4405
7986 4663
2172 1106
2222 6999
2241 5196
2944 2125
5278 878
6149 8647
6396 2714
6524 11821
6824 6915
6828 13542
7966 4997
928 8071
2113 9285
2501 8209
2760 1773
2891 8145
6223 7649
6951 10877
7206 4048
7232 11519
988 11102
1222 9662
1226 4913
1840 1583
1934 12599
1983 438
2692 2059
3168 6181
4905 13377
6112 3458
6197 2798
6545 2063
7376 4634
7411 13702
7881 10362
1280 6717
1811 469
1971 5821
3098 2541
7065 10310
1949 11041
3419 9241
3555 1805
6001 3930
6169 3613
6231 3540
6956 12876
7015 84
7581 5317
2739 9241
5422 4674
7985 8575
703 11539
721 7212
1384 12187
4582 5335
6264 3867
1146 8352
1359 5291
1878 12278
3402 11231
6186 2888
6686 8207
7618 1871
481 6577
563 7385
1421 9210
3566 6181
3629 3678
1727 1884
1979 6918
2448 6466
5122 8082
6484 3769
6742 6191
7825 2342
7884 4584
1658 7002
2057 8280
2637 1357
2746 5058
6805 799
527 4484
1365 9439
1739 393
1918 2952
2763 3652
3256 5397
4142 3492
5959 4993
5972 6458
6093 4421
6355 12624
6653 11923
6787 5287
6918 13032
2770 7026
2835 10579
6106 1927
6879 9874
6882 3408
7476 4432
7638 9454
832 10949
1559 4697
3097 12743
6761 2439
7067 9920
7758 5898
94 12563
5840 7635
6136 10276
7812 3898
1970 748
2011 398
2982 13647
5375 13595
5399 12129
5479 9519
6369 2669
6429 3723
7757 10041
7816 8350
1181 5067
2081 4823
2137 2612
3627 6181
6477 3709
7264 1620
7841 9270
1002 9037
1749 13731
2687 924
3324 12277
3412 9952
5704 4167
6105 11235
6424 2177
6508 4176
6626 3817
7308 1429
7547 4852
2396 4609
2741 9240
2978 4221
6083 3283
6134 12611
6180 5066
6327 3582
6456 3835
6503 3655
7222 9679
7523 2799
7641 12180
595 9965
625 13413
2017 940
2481 8454
6007 8673
7521 12699
357 120
458 9720
1560 4359
1645 5
2121 12682
2429 4689
2540 12364
2630 12321
2963 12034
5933 13018
1298 4686
1769 11240
2642 194
3083 12036
5882 2056
7012 3772
7855 10521
1870 10459
2682 3806
3420 9241
6949 4089
7893 4199
835 10847
2066 795
6157 4628
6181 12672
6856 2603
749 13084
1193 12367
1637 2015
2124 13724
6013 3179
6203 4359
7143 13006
1418 11087
1662 57
5383 7057
7381 1425
7427 3193
7620 592
7642 1311
7683 3161
2133 3791
2524 5300
2626 2344
2951 11300
3559 6160
5426 2442
5917 3161
5940 13160
6163 2708
6240 7897
6511 2406
6887 3133
7001 2478
7565 11267
7767 3267
1272 3568
5923 397
6004 11241
6068 2850
6140 5496
6794 12074
7228 8003
7826 3324
1165 7533
1981 2885
6000 9876
6982 5436
434 1577
516 9258
2165 11099
2483 12475
5804 12792
6026 585
6628 5180
6720 2333
534 10748
1430 1410
3992 3977
7050 128
1990 3962
2106 3165
2479 13603
5265 12376
6114 707
6710 3937
7457 4094
1504 7291
4917 2402
4918 3380
5266 12376
6258 13574
6275 6183
7668 10763
631 9676
724 2637
769 1021
1195 7483
1694 5896
2694 438
3679 11120
6205 6158
6463 9767
6476 8851
6730 10797
7489 10085
3156 11510
6268 9818
1032 490
1784 7515
2745 6256
3567 5397
4087 3564
6045 3617
6408 7822
7318 84
7659 4219
1978 3700
2176 10337
4306 2910
5590 5349
6006 3007
6451 2757
6946 2757
7173 3767
8010 11298
1182 889
1449 13076
2046 9095
2169 4022
4114 2376
5887 1583
6196 3161
6341 3606
6450 6014
6577 3321
7210 4920
503 10041
779 8884
1413 10142
2135 283
2450 9045
3092 2657
5087 6359
5277 12671
6144 829
6284 3400
6494 6158
6940 4606
7170 9398
1609 806
2109 4882
6234 2241
6980 3556
6991 3945
262 3139
6194 4699
7088 3235
687 804
1377 10542
1771 7046
6906 8184
1783 12542
1887 7147
4191 12624
5841 7884
6215 3935
6943 2352
7118 4045
1303 4244
1711 11893
2384 13339
6155 3377
6354 4100
7337 11915
1716 2208
5232 2949
6067 3518
6273 2588
7725 2416
7954 2491
2697 5012
3415 4298
3625 2261
4889 3917
6016 785
6020 7633
1346 9133
2535 2854
2828 12705
4835 5755
1310 10195
1721 2321
2022 2193
2533 7151
2656 13669
2980 11771
5154 8013
5975 5566
6880 1090
7280 13670
7539 9700
2451 9045
2782 7026
3244 7645
7684 11256
941 12715
1502 1876
1786 11630
2099 12697
2840 12776
3325 9366
6142 3657
6795 2597
7229 1659
1763 9038
2243 9624
2742 10625
5438 2205
5918 5685
6658 480
2033 10417
2095 2376
2749 13597
4770 9921
6619 2382
1948 4080
2579 9461
5263 11455
6325 2093
7036 1385
7205 3732
7636 8339
1953 6914
2547 3660
5418 13210
6453 3968
6513 2588
6939 3646
6984 3772
7231 9817
7238 5922
601 255
1927 283
3774 12356
4961 13715
5252 5136
6358 6395
6544 7633
6917 9441
7160 2054
7171 4721
732 13251
1832 4213
7115 11919
7902 7208
2069 6969
4875 4409
5877 3803
6063 3024
6066 8918
6285 4238
6507 7025
6687 3732
1166 6954
1200 6897
2085 2890
2465 13347
3104 3031
5777 1449
6540 2876
7319 4032
7414 11675
1287 6699
1341 5241
2059 4239
5978 13177
6303 3644
7271 3497
7466 9480
594 10183
3080 3331
3321 1583
4376 12930
7084 5095
7508 7787
7999 8512
5401 4966
6568 3674
7889 3433
7947 3909
1522 484
2051 8378
2171 10411
2945 12923
4874 2150
6492 2899
6901 7410
7220 3864
7586 600
7967 12857
1686 3978
2034 545
6885 7618
6905 13433
7449 13459
1154 11111
1967 9612
2831 6286
6395 4918
7456 5461
1220 456
1702 1631
4450 9790
4837 11424
5373 6913
6190 5202
7333 2861
1944 4378
2301 10215
2677 5243
6822 1741
7213 7031
1052 6888
1797 4786
2600 2419
2684 4799
5759 3331
6189 4584
6281 3506
7568 10548
1473 13543
1941 2582
2185 8037
4932 2268
5908 3430
8008 7308
8122 7863
438 2675
1696 4463
2768 5132
6109 9689
6323 3537
7142 6341
7289 11548
7932 2119
1471 4307
1785 688
2282 6857
5099 11192
6698 13084
6759 8507
7252 3724
7619 9251
615 2334
728 1173
2146 283
2584 6315
3404 13590
4398 791
5981 11593
1029 3430
1546 7396
1788 10369
5161 9629
5483 545
5869 3846
6499 3553
6621 7164
6804 3578
7133 4421
7375 7053
7455 2689
7701 10351
7717 8824
2302 12960
2826 2178
1668 8188
5037 920
6791 11804
6987 3831
2075 12897
5947 8347
7098 7843
5963 11892
6033 8535
6056 917
6483 3537
7421 7822
917 1005
2546 11271
5915 7785
1706 13151
2080 11293
5822 8180
5926 3490
6147 3664
6760 8295
7043 11033
8128 7874
2534 10933
2751 10324
2953 10365
5393 8839
5469 3603
7300 2801
7473 13379
7800 2308
2097 9915
2599 3321
2889 7057
5382 13595
5627 11578
2486 9717
1997 2893
5415 5103
5820 10508
7129 12875
7255 4236
2125 9109
2480 11942
2631 194
5891 5447
6079 3311
6617 4436
6642 8320
7522 249
7634 11624
2112 4733
6359 11079
7219 8922
7894 7453
1654 3767
1965 1618
6244 4510
7843 1744
380 8404
399 3446
1427 12522
2025 3700
3171 124
6433 955
7032 10866
2336 5775
5377 12715
6397 3576
7274 4421
7814 2653
393 1246
1254 490
2067 3575
2607 5127
5135 1258
5905 2758
6938 3702
6948 3057
1108 1231
1858 552
2249 935
5925 3506
5944 11427
6634 7344
1435 108
3676 5708
6021 4993
6826 3585
6876 3769
7572 5177
7898 8465
8066 11261
2753 4967
6663 310
6886 12944
8020 13180
2286 1283
2686 924
5417 2256
6812 4582
7343 12148
1898 12882
6138 4670
6500 5787
6903 7930
1747 10954
2009 4025
3816 6178
6409 6560
7727 7933
8114 12910
6069 13446
6077 7413
7475 8336
7925 12745
1736 8524
2140 10402
7505 8046
2114 1772
7975 9592
1375 4135
1534 9346
1538 100
1598 2215
2044 10353
6175 4378
6201 7410
6660 4071
7022 3261
6302 2010
6618 7316
6670 3466
7278 6519
7721 8786
7823 11035
1951 1162
2173 7685
5409 3165
6522 8988
6833 1776
7181 7029
7518 6872
7968 8775
531 4913
1030 8714
2505 3604
2956 9653
6366 2008
3553 5352
6690 3977
6947 2813
7551 7618
1132 10419
1403 6984
5047 905
6871 794
6969 1688
1462 12801
2138 8181
2693 9061
3019 3464
6868 7787
7157 1588
6212 8132
6300 1225
7768 2802
2414 7606
2871 281
5608 5954
5839 10983
6399 1977
7794 7005
8060 8072
2148 10502
2542 2095
6673 4214
1115 8233
1316 6005
1687 2873
7548 572
7842 4136
1962 6634
2079 13451
5408 5969
1954 1738
3563 12705
6220 2496
6461 13016
7809 3378
7844 1832
2002 12803
2083 2319
2253 6196
2722 12346
5180 6604
5403 8040
6251 9164
7887 5419
7895 3854
1175 11082
7395 4359
7934 7813
1890 2122
2129 8759
3628 774
4885 13556
6277 3111
6960 2570
7474 10503
556 1394
1531 3298
2134 3839
6305 11897
6870 2805
7013 10017
7398 1140
1883 1476
2977 12545
1153 820
1347 6670
2063 6241
5410 2308
5436 10951
7655 11910
528 11900
1841 1211
6462 2050
6624 3161
6639 201
6890 5282
2328 4774
5954 8287
6126 12350
7373 3916
7935 3950
1442 3746
4160 2185
6150 12523
6390 577
7549 10361
7867 7876
6304 3867
6671 1135
2053 3537
5390 924
5856 8829
932 13357
1960 10562
2635 13442
5920 4359
5849 10058
6135 6339
6301 3370
1745 311
2804 12509
5890 4947
6098 7188
7117 11932
7656 1504
2086 2163
6350 9251
7390 12785
2084 779
3953 3718
5427 3597
5900 3682
6252 3561
160 6387
1833 9438
5956 8939
6022 1322
6062 12517
2111 10006
5440 9367
7338 3416
7754 3957
5907 7006
6386 2415
3552 13540
5055 7157
5830 863
5912 9978
7511 7481
2559 10913
3164 10833
3484 597
6119 8983
6153 4452
6900 6184
8130 4858
890 9061
602 8437
1070 9306
1688 5769
6754 2056
7762 8530
5941 12808
7682 9216
7712 6537
1000 9233
2750 9061
3678 5100
6224 1775
6920 7967
1211 12537
2037 13553
7158 4471
7260 1599
7400 2570
6569 2819
7221 3334
7706 263
1563 4306
2028 1501
6576 1533
6696 3412
6734 6184
7697 8528
7807 7319
2088 11292
4769 9321
6034 3607
6570 11910
6630 3497
8055 1789
1381 12027
5419 7784
7412 9251
5948 4248
6233 1551
6464 545
806 2807
2428 1910
6643 10118
7027 11803
1306 4122
1931 2905
7068 1756
7963 1480
6640 767
7444 1433
7492 2090
6382 12781
6449 1533
5746 7029
6764 788
7070 10894
7089 4526
3820 10288
1371 6422
1422 2055
2087 7025
2213 178
2230 13702
7948 13050
1553 3504
1980 10446
6799 11082
7215 12490
2300 11192
6575 10776
1646 11059
2110 726
2142 3943
5878 1386
997 400
6274 1594
7418 498
1964 13585
2047 11253
5439 2205
6771 4361
1252 4240
6927 8261
2151 1034
5902 5439
2024 12338
2304 1943
2105 7621
6104 3651
6622 3732
7023 1382
7304 7210
6216 7860
3416 4822
6199 6979
6532 9467
1999 2323
3170 5058
6475 3745
6627 1533
6666 5553
6894 5555
6421 13410
1434 5599
2039 8912
5998 8580
6276 10157
1483 470
4488 1043
680 3265
5910 3665
7759 3823
6793 2870
6997 11969
7864 4310
2378 8735
6861 4213
6895 4123
976 8824
4678 7438
1334 4913
1924 1264
4163 10231
6538 7646
1436 1403
1632 10897
1806 243
1923 3612
6571 5974
6665 2756
7582 9967
6685 2198
6923 7925
7178 8463
1874 861
6419 4493
6580 7481
5448 720
5974 12103
1855 2129
5845 5580
6137 9655
7880 1315
1678 9394
6111 3302
1423 3213
2015 8846
5428 10949
2191 190
6418 12320
6945 6657
1977 5136
1940 3753
6385 161
7439 3204
7519 11427
1926 6514
7504 8953
8056 3669
6171 3607
916 9887
6156 7535
7103 3790
7811 8812
6110 55
3487 13140
6713 735
2126 13362
7878 4650
5989 3371
6933 7898
7705 7068
1524 12650
1946 985
891 2426
2145 8474
2382 2550
6246 10948
6944 438
1798 7377
1859 7210
2752 9301
6411 3884
1478 7968
2018 1264
6452 9954
1753 446
6367 1124
1726 7352
2035 3323
1628 9533
5938 2823
6498 10299
6656 3735
1185 11749
7637 169
5973 1074
6400 3262
942 2315
5095 12906
1789 12983
7645 5828
7242 11770
1545 1820
1973 534
6383 12231
5386 8689
6057 12294
4886 11433
1963 3323
2115 3805
6857 3938
1568 2797
1966 12914
7876 11108
6272 4359
6985 2756
6280 7970
3169 1011
6427 9360
3413 1231
6928 646
7383 3174
6699 8937
7021 1409
6086 10607
1988 1760
3483 9915
5394 4502
6695 2048
7936 2310
6578 5227
1972 1614
3550 1001
6420 6946
3554 6819
6008 5297
6657 4421
2054 4251
1512 7581
6668 3915
6874 8704
7567 4602
1968 1323
2073 2162
2107 12964
955 1197
3675 5643
6108 3833
6745 2415
4377 8271
6736 3932
1755 3544
6840 1946
6422 5475
6715 7633
6192 4850
1969 435
2040 1589
7972 9438
6689 4228
2204 848
5991 9847
1742 10466
6322 3408
1945 7015
1565 5311
2082 7735
1757 1476
6502 322
2379 6744
6206 3039
