img07c1.jpg img24c3.jpg
3426 580
2932 459
3450 580
3409 580
3921 1060
3428 580
3527 618
2933 459
2924 602
3571 1242
2836 714
3447 580
3377 580
3817 1515
3430 580
2950 459
4206 1242
3519 1235
5178 1724
3927 1459
2905 459
2906 542
3593 1252
4195 1795
4233 737
3085 1928
3883 1515
156 207
4683 1328
5032 1238
2934 602
3375 580
2949 459
2921 459
5164 1693
3339 580
5222 1546
4617 1459
5519 1849
3843 1445
3850 1328
4627 1849
5407 8
2867 459
3580 925
5618 719
5198 737
5533 1845
5593 1845
2919 476
5574 1849
2920 459
4635 692
3637 1841
4470 1849
3299 1130
2262 622
2405 506
2923 459
4690 1317
3484 504
3522 968
313 1459
3840 1525
2865 542
4611 1459
3868 1179
3581 1657
2810 390
2892 469
3333 580
3765 1004
5625 1459
3569 1372
3845 787
5442 1587
5921 8
5765 1928
5905 1703
25 1845
3268 964
2171 441
6216 1398
4007 1161
2888 459
2396 682
3856 974
4630 1515
2940 675
4691 1445
2925 450
2997 675
5170 1660
5408 1849
5241 1795
5272 1746
2549 458
2922 459
3424 580
3525 1656
5737 12
2893 520
3885 1295
2368 530
3535 1734
3855 744
5031 1633
2512 787
2869 602
5201 1804
2830 420
2835 1260
4702 1445
3714 778
3827 692
5665 1840
2886 638
5664 793
2868 459
3119 1047
4580 1415
3809 1515
5159 1804
2399 507
5166 1693
2179 867
3740 1849
2414 985
4714 18
834 1417
4335 1849
4198 1358
3788 1304
4954 1849
5065 1828
3329 1167
3820 1528
3886 1328
731 1152
2981 1145
5179 1724
2503 530
2855 963
3942 1303
2268 1483
2362 682
2870 469
2978 1145
2904 542
2908 420
4628 1810
2542 554
2386 530
809 1144
2875 520
5536 430
2833 764
4558 1841
2834 764
5147 1687
6215 1398
3831 1508
2852 1260
3627 1342
4216 1805
187 1317
2882 459
2894 1260
4656 507
927 1654
2927 1260
5633 1459
5799 1849
4654 891
4666 1326
3156 1928
3331 1167
3841 1335
2400 507
2889 469
3931 1091
3411 1018
3608 1252
3832 18
4092 1841
5125 1398
2887 602
4246 1238
5721 1405
2873 780
4016 1415
5681 1669
33 287
3432 1018
3722 1845
5520 82
2850 615
2866 542
2853 1260
3316 639
833 971
2395 554
5659 1295
3256 1161
3345 964
5537 1919
3004 1145
3923 1082
6445 249
3834 441
2714 278
3196 1047
5476 1415
3730 1820
3745 1734
5207 1724
4281 1769
2871 625
2884 542
3799 692
3945 1253
5832 1587
2895 420
4132 1657
2250 622
2849 625
3854 787
3922 1102
3715 778
3866 566
5488 187
2375 507
3199 1047
3670 926
5406 1845
2847 625
2861 625
5897 1870
460 1152
3407 580
2175 622
2845 625
3865 1253
5670 1838
2883 459
3381 1167
4232 395
5709 1309
3597 1252
3867 1179
2508 507
2864 602
3565 1242
6339 1018
26 1673
2249 622
5653 1217
2376 433
4173 1479
4254 737
298 1587
378 584
3682 1845
2269 622
2550 433
2979 451
3853 787
2177 1483
2355 622
2379 433
4213 737
5223 776
5228 1358
5615 1962
3579 1669
135 287
3392 964
5140 1654
2172 507
5635 1845
3412 1018
3941 1515
3296 719
3496 1398
4641 1515
2504 554
844 382
2907 469
5462 1238
3810 1424
5565 1849
2848 638
3933 1043
3891 1504
5232 239
2161 622
3150 0
3879 1179
3918 1528
5142 1398
5826 1919
152 187
3719 1882
6342 1242
4267 1841
3078 686
4478 11
2416 506
2843 780
3405 1018
3943 975
5152 1398
2846 638
3734 851
5295 1849
2955 675
5172 1657
184 1467
3818 1525
905 1152
2501 682
4652 1528
5154 1687
3055 1047
3936 853
5478 1662
139 527
2417 433
2534 1327
3723 1293
4564 1746
2365 507
3870 974
5879 1823
2863 638
3694 1415
4598 1882
4677 1309
5206 1695
5246 1546
5619 1736
4252 1841
4717 1457
4823 167
2854 803
4581 1845
2880 918
3500 606
3726 1587
2378 364
4660 1459
6217 1793
2259 348
3247 0
3393 639
5213 1329
2286 341
2498 787
99 1928
257 1144
317 1459
2507 530
3065 1163
3073 1047
3858 1436
4331 1342
2844 803
3707 751
3724 11
3896 1335
2374 433
4579 1928
2872 469
3614 1791
3969 1521
3036 1047
4114 1398
2267 1483
3541 1372
3720 778
2169 441
2673 1297
5192 1546
2690 622
3010 1849
3118 1047
5143 1793
5153 1793
2185 441
3022 675
3149 1163
3779 1845
2881 542
3325 1018
4524 1849
2725 336
3337 1055
4172 1687
2366 743
2842 1260
2154 441
3080 715
2429 441
2295 441
3038 1047
3871 1328
3913 1123
2431 441
946 258
3833 1504
4758 1746
2517 1179
5193 1625
5449 1235
2162 622
3606 1342
2377 433
2876 520
3072 1163
5601 1657
2440 341
3785 1315
3824 1528
4010 1161
3616 977
6051 1849
832 1152
2397 530
2449 441
2815 1258
3350 964
5126 1897
5158 1537
5171 1242
5268 1746
6357 1998
2677 1493
3049 1703
4632 1440
5658 1845
5761 1404
147 1574
299 149
2502 364
3717 887
5319 1404
3621 1342
3784 1315
4833 668
2533 1516
2578 622
4637 1315
39 977
3495 252
3554 925
3932 1060
163 1823
3944 1328
4215 1662
5144 1398
2351 731
2831 520
3071 0
4880 1841
5151 1365
5473 187
57 1846
3302 964
5945 1707
146 1849
427 149
762 1867
3880 787
4159 1352
2535 1327
4875 2002
5485 1953
303 1833
1085 1540
3079 686
3148 1047
4255 1895
4614 86
5828 287
2274 622
3635 1415
5314 1703
4183 1479
4757 1848
5054 1415
5710 1309
2767 659
3088 1047
3335 1055
3884 1303
5331 1769
2874 520
3620 1845
5029 1090
5175 1687
5628 1697
2158 622
3892 18
4204 737
3173 1025
4371 217
916 1301
3613 1849
5113 1746
5391 1480
5395 1841
4613 1515
2390 787
2427 622
2257 622
2389 433
3306 1161
2837 803
3116 858
3544 651
3822 787
11 1108
3555 1657
4022 578
2357 622
4223 1687
5225 1196
2178 441
3878 1182
4673 1459
559 30
2609 1179
2832 955
6367 1043
2165 622
2276 622
3735 851
2387 743
3844 1150
5291 1734
2247 348
3876 1299
2372 530
3912 719
197 149
3622 1793
5754 1366
6284 1398
6317 773
2584 622
3324 1130
4612 1467
261 1821
3035 1047
3354 1839
4657 1440
5636 1445
5679 945
5818 1398
174 8
2611 1327
3195 1047
3372 985
3448 1130
4208 1242
4398 1767
5191 413
2610 852
3790 692
5145 1546
5390 1293
768 233
1976 669
2816 780
3320 874
5748 1480
6117 1666
6459 1543
2261 622
3857 1293
4149 1657
5513 1373
5763 1366
6395 854
2561 1483
2890 450
4270 737
5174 1656
362 1723
4193 255
4626 1865
3273 1161
3314 1161
3698 1841
4835 1823
2180 867
2909 803
4002 765
3889 1257
2166 348
2297 441
2500 507
4634 1400
6266 1686
149 1404
1440 1710
2289 441
3069 858
3217 964
3851 1253
4182 1358
3291 719
3711 8
2862 625
3066 589
3520 1358
32 1845
323 1328
2371 779
2499 1150
2182 441
2617 1516
3925 1059
4497 11
2367 507
2510 682
2897 459
3802 775
5322 206
4642 1454
58 737
619 1919
2246 636
2370 682
4214 1242
4572 187
5027 1242
857 5
2645 441
2381 743
3327 920
4781 1928
23 1845
5269 1791
6156 1327
3716 821
3787 1485
3413 1161
6225 1722
826 382
2284 974
2748 677
3154 1889
5155 1358
5528 1849
107 1541
471 1152
2384 343
3285 0
6193 1464
2300 348
3379 1055
3721 1928
4674 1823
2277 441
4619 692
5791 1366
2394 442
2458 348
3037 1163
3236 639
3458 920
4026 1225
5821 1845
2156 507
2369 458
2856 703
3431 719
5529 1845
2426 441
5141 1693
5559 1317
2580 622
3230 964
3702 1587
4584 1882
5173 1692
5718 78
1187 1657
3193 1163
3322 1018
5673 683
6458 1893
350 1107
3935 1526
4499 11
642 1152
1078 456
3075 686
4423 1928
6015 1874
2270 441
5204 239
5292 1786
170 207
542 170
980 621
2380 433
3227 964
4292 1746
34 1287
320 290
3176 1161
4456 1841
5452 1576
6206 1686
2251 600
3754 1415
3836 1643
4638 731
4648 1161
566 1152
741 1301
1811 1525
2160 441
6054 1784
3312 1161
3539 1398
5156 406
6180 1691
3070 1047
5127 1793
5457 1841
2159 622
3881 1335
4774 1198
2273 622
3164 639
3842 1327
4283 1306
4721 1840
2448 348
3300 896
3646 1809
5226 737
4870 1841
5194 1803
5558 1841
2173 441
2515 1516
3389 920
3654 694
2588 348
3162 639
4330 1928
380 234
2359 622
3304 629
319 1183
4250 1849
4631 1132
5426 1734
6072 221
190 924
410 229
771 234
3074 686
3894 1754
5634 1424
964 1928
2566 622
3181 639
4028 1838
5082 852
195 1504
2181 622
2291 622
2518 1297
4397 1767
3121 686
3303 964
3849 1415
751 430
4868 304
5550 1415
182 1149
318 1295
4640 1528
2155 636
2778 451
3048 451
3920 618
5323 1769
2292 441
5086 1828
952 234
2425 1493
3294 719
5219 1376
2720 637
2799 360
3067 1047
4557 199
5441 1870
5690 167
2613 1820
2801 301
3031 55
3061 569
3924 1066
5648 1300
5817 1734
2183 441
2275 441
3292 1130
3751 926
5995 338
6009 1761
2167 348
3825 1515
4197 1900
2563 348
2985 1859
3387 920
3645 1012
3821 1453
5212 1306
169 1643
3221 964
4639 1167
321 1179
939 207
2358 507
2642 433
3590 1849
4891 148
161 781
936 1656
2153 867
4273 287
5216 1890
5240 1639
5611 1491
6359 1893
6460 1027
2170 441
2419 507
3063 1047
3344 964
3939 976
569 1420
2354 441
2447 348
2577 622
2356 670
158 1849
1093 1783
3282 560
6058 1890
2302 612
2684 1493
3264 920
4694 1245
5790 1404
96 1828
2441 622
2724 539
3270 639
4693 1328
6196 1867
2514 876
3308 964
5297 187
5843 287
6173 955
267 25
2279 1483
2744 1000
3207 639
4243 1389
5898 1793
400 233
2957 995
3147 1047
3334 1497
4687 261
5484 1783
5859 1928
5909 1657
986 1653
2383 364
6409 1968
3705 751
541 180
647 149
2363 1493
2646 348
3362 1295
4430 1817
4697 526
5039 1242
5740 1734
6134 1767
711 233
2424 779
3220 920
3570 1884
70 1291
446 235
519 1616
2631 458
2737 622
3214 639
3235 639
4741 1004
482 1624
2361 507
4313 1746
54 78
922 548
2283 636
2608 1516
2616 290
3398 1497
3660 1828
5006 1613
6282 71
64 1552
2260 341
4034 1865
4739 1928
155 527
263 1814
5109 1928
6186 28
962 1832
1810 1525
2256 341
2522 1516
3017 1173
4038 1841
565 1143
2938 1145
2952 675
3323 920
2619 1297
3317 1839
4103 1541
2506 539
3326 920
3451 920
4269 1099
6303 1012
1155 1546
2360 507
2430 622
6155 966
121 879
164 1531
589 1870
2408 433
2521 1820
3064 233
3364 1295
4710 1838
2385 433
2571 622
3446 920
4290 1667
5801 1882
2127 1462
2340 1462
2511 530
2877 1258
3293 920
3959 618
5880 1823
6040 1371
499 1816
594 1277
2415 553
2443 348
3309 1161
3438 665
2128 1462
2254 866
3020 501
3225 964
4669 1828
5845 1772
717 359
1984 1469
2747 1027
3399 1295
3567 1953
3890 1335
5722 1405
5932 1793
5979 1405
42 287
401 1723
2263 441
3160 629
5546 1746
5549 1873
5646 1840
547 1415
2460 441
2726 1493
4336 1817
4625 1432
5667 1186
5997 1666
6420 280
2228 1295
2398 539
2536 1516
2806 677
3992 1135
5369 1293
5538 1962
2258 636
3197 1047
3243 979
3596 1196
4274 1306
3347 920
4538 1746
816 235
2364 1493
2436 622
3360 1295
6151 1554
921 1162
2583 622
2736 348
3497 1686
4540 1845
5415 1849
6360 1398
960 1928
2237 692
2727 1493
3425 920
4532 1415
5340 1849
5534 939
5637 1746
466 149
2287 622
3542 1717
3545 1746
3651 11
5186 1692
5731 1252
264 1821
2672 1327
3917 1754
702 159
2265 507
4651 1130
710 291
2525 1820
3246 589
3644 1426
3699 160
4471 1823
5654 1429
5847 1703
791 775
3077 649
3692 1342
4184 255
5348 460
6453 715
3852 497
4667 1488
2264 441
2406 1493
2582 622
3359 1130
4025 1659
5657 1515
6351 1890
2735 1493
5261 1372
6294 1803
2450 1150
3517 1693
5632 1467
265 971
528 503
1983 1469
2565 622
2700 348
3054 0
3153 501
3363 1295
3485 1246
1275 1560
2555 458
3713 778
6344 1335
31 651
4565 2002
4653 1469
5169 1650
407 230
2353 341
3332 920
3623 287
4582 57
584 1172
1808 1462
2266 348
2278 1483
2391 836
2741 325
3262 896
4689 1293
5749 1756
3718 751
109 1108
839 210
1039 771
2157 348
2607 1516
3703 1531
3741 1820
5956 1805
4 1152
129 1552
2513 1766
2686 441
4160 1382
344 128
5243 1662
3271 629
2285 867
3743 1820
3744 1849
4802 1746
5224 1389
5616 1309
6011 1857
814 1758
1783 1730
2432 1483
3039 1173
3826 1643
4196 239
4450 1994
5043 1748
5304 1508
5606 1274
6302 1460
112 1828
2678 1493
5102 1252
5725 1366
2756 433
3367 1497
3819 1021
4850 1404
5822 1587
13 1707
305 371
2188 1297
2505 836
2701 441
3287 1294
4148 1398
4782 1746
4932 287
5789 57
573 219
5492 1222
1898 1462
2428 441
2974 948
5137 1949
5573 1536
6305 1875
2451 1483
2740 441
3725 908
5136 1415
1826 1462
3305 964
4323 57
5402 760
2519 1516
2590 441
2811 1994
5197 1389
6271 1460
2336 1462
2651 1483
3342 896
3408 1469
3882 1327
1829 577
2164 622
2461 348
2689 622
3321 920
3378 920
5567 1687
2527 637
3226 629
5262 1906
40 1301
1069 488
3001 182
3076 686
3619 122
4277 1259
2545 433
2743 1151
3185 560
3383 524
3548 1565
5199 1380
1654 1404
1871 1746
2401 364
2559 507
2562 1483
2930 1145
4435 15
4918 1196
5623 1841
1791 1462
1985 1273
3122 501
5128 1090
5298 644
5320 660
87 1857
623 1301
2509 433
2635 1493
2928 1753
5119 1329
5149 1369
5187 1687
5858 808
138 1822
1877 1462
3110 935
3504 1578
3902 1075
3979 1541
4253 1306
5195 1693
6165 1767
2688 867
2713 906
3233 920
4151 1661
4203 1196
5662 1480
3445 920
5938 2009
27 1287
65 1828
1722 1831
3180 639
3421 825
3800 1429
5733 1833
463 160
1080 495
1889 1865
3229 920
4027 1459
2423 1483
3491 1229
3746 906
4621 2002
5101 1866
5609 1235
2615 1766
3053 1047
4992 1875
60 1287
1796 1462
1820 1525
5792 1732
91 1649
3665 673
421 1750
4670 1168
5255 737
6245 291
6433 1959
316 1435
1794 1493
2958 1145
3021 686
3370 836
4297 1888
5692 1940
20 1841
334 234
1940 1845
2637 1493
3915 1019
5477 1186
97 879
2190 849
2579 441
2612 836
3353 639
745 149
2437 341
2520 683
2649 441
3701 1123
5025 1845
5267 1348
2762 507
6160 469
2248 622
2638 1493
6012 1848
6279 1294
2564 348
2658 325
2660 348
3241 560
3768 1397
5129 1901
5358 304
5445 1709
2413 1820
2435 622
2664 1483
2692 622
3652 1104
5578 1259
5645 1453
945 239
2568 1483
2643 1493
2973 675
3178 639
3361 920
3543 1767
3971 1068
4009 15
5253 1680
6376 1398
838 1460
2186 974
3006 451
3307 718
4194 1576
4228 1192
5273 265
5557 1773
2293 325
2393 507
2742 622
5708 1313
722 1351
1433 1598
2281 1483
2373 1493
5157 1398
5189 1656
5713 1587
6340 320
6450 1050
2696 1483
2916 886
3518 1398
5512 1865
760 91
2693 441
307 1105
2029 1462
2528 1820
2818 1895
3906 1178
5553 1304
2531 1820
3087 1047
3266 964
5517 1291
2045 1244
2983 602
3736 666
5245 1415
5756 30
6211 621
530 879
2382 433
2388 458
2575 441
2586 622
2721 683
2783 540
3169 639
3585 1198
4224 1634
5652 1149
2402 1493
2986 1859
3499 1098
4372 187
1916 1462
2245 867
2253 622
3204 639
5264 1870
6190 1252
141 11
3869 836
4207 1736
4548 287
6182 1172
176 1332
239 1521
1184 1579
3764 1587
808 296
1097 312
4180 1867
671 1105
3005 451
3988 1198
4121 1491
5161 1242
5330 12
5438 948
3212 561
3216 896
3887 1746
4851 2002
5399 700
5443 160
3267 629
3444 836
6299 324
1827 1462
2407 507
2757 433
3170 663
4202 1575
5730 1242
783 1275
2456 622
2540 1766
3371 825
3742 876
3771 983
47 1793
71 1562
83 1562
2526 891
2657 441
3791 1312
3956 800
4150 1724
6424 1857
2003 1525
3269 629
3433 1469
4235 1694
4396 1928
5181 1831
5707 1889
502 847
1814 433
2163 622
2954 948
3928 1459
919 149
2939 1145
4067 1825
6027 1881
1024 1666
1044 107
3607 57
3955 1178
4671 1472
5767 1541
283 60
2680 433
6451 365
539 148
1038 754
2337 1462
2809 509
3210 1839
3357 445
3505 406
4171 1575
4185 1866
2294 622
2420 1493
3081 588
4019 1840
1036 754
1819 1441
5687 1182
6270 1999
6288 134
2299 325
2691 441
3041 686
3043 1929
3050 55
3056 1047
3177 604
3298 920
4764 1225
5011 1613
5180 1398
5570 86
128 527
2174 779
3047 1145
3506 357
5138 1897
6402 1353
202 30
930 1909
4849 1841
5210 1057
5235 1290
956 1214
2860 976
3168 718
3231 1128
4756 1336
5503 287
5655 1930
5680 187
3582 406
3592 1667
3664 1621
3731 851
4312 1306
5135 1907
999 1875
1092 334
2576 1483
2074 1483
3232 663
4607 158
5896 1734
6037 784
180 71
2544 1493
3964 1800
4602 1849
5432 1366
5663 17
5672 606
5907 1686
140 1800
2524 1766
2539 1820
3138 1009
3898 1217
6082 1773
509 1767
2019 1462
2445 1483
3514 979
3873 1030
4135 428
6426 442
297 233
3675 1631
2947 542
5236 1806
5274 1480
1946 1179
3219 964
3223 964
5631 1317
5678 1587
801 382
2587 507
3388 629
5139 1897
5160 1102
2455 1483
2772 585
3893 1179
4923 445
6094 1881
2348 1462
2446 622
3191 560
5247 1869
5254 1968
2071 657
3549 1689
6461 1857
406 71
1970 1299
2885 1573
3002 1008
3313 629
3798 1149
6003 1221
6283 406
2827 1849
2990 1048
3475 1097
3591 1897
306 210
2523 1766
2910 1
2911 1
4391 939
115 527
1998 1462
2227 1525
2538 1820
2541 1297
4650 580
6293 1460
1087 312
2462 348
2674 786
2654 529
3265 663
1354 1953
2168 341
3753 909
4542 456
80 12
2439 658
2653 1483
2903 17
3113 661
3423 920
3634 1198
2971 948
3029 451
3295 1497
6358 1940
4620 1390
5248 1962
6330 935
1723 1306
2010 1462
2152 760
2984 243
3062 1009
5007 1613
5276 1510
6365 1820
494 1609
2454 1483
3213 629
3632 200
6449 899
66 1181
233 1412
3027 522
5602 516
5871 1897
5950 1332
1647 1598
1887 1295
2433 1499
2574 348
2683 458
3385 1018
3667 926
3823 598
488 754
1790 1462
2113 1462
2573 622
3194 1009
4378 15
10 1830
2143 1297
2463 348
2650 325
2685 779
2711 1313
2780 721
2935 1062
2968 644
3846 287
4618 1327
5728 1734
262 1145
2009 1462
2255 507
2392 779
2530 1297
2828 1258
5211 57
5357 1653
5521 847
5693 18
1817 1462
2570 348
3338 1497
3443 1179
5265 562
5487 1281
2719 637
4280 138
4836 23
5231 1256
5435 1004
5719 1252
6404 450
4616 1432
5972 100
6444 305
1823 1462
2792 606
3358 920
548 104
769 490
2022 1462
5270 469
2730 1493
3163 629
4415 1004
5200 1795
5770 1366
6141 1859
2814 301
3098 1405
5196 1889
5403 287
5802 1734
2404 891
2620 1327
4279 0
4341 233
5712 1851
310 1162
1807 1462
1818 1493
3653 1404
3900 744
3937 1091
3980 1104
5366 702
5841 1769
2242 1297
3152 686
4447 785
6080 1912
2554 1493
2585 348
3557 1329
4563 1427
5992 204
681 1783
1787 1462
1942 1462
2239 1297
2775 876
4917 1953
5162 1389
5349 651
6106 1163
6202 1332
21 1845
162 20
635 1846
970 259
1098 1620
1812 1493
2656 1483
3442 731
4036 1209
4315 1310
2176 779
2410 1493
2529 290
2551 1493
2838 856
3749 909
4130 301
5249 1713
527 134
2301 325
2666 335
2722 1493
4021 1840
4866 1817
5604 357
6361 585
308 708
2975 503
3986 1151
55 1897
453 1402
505 170
1034 30
2552 433
3382 1018
3551 1038
4282 1342
4645 1315
6281 1907
6408 1968
2024 1462
2967 644
3733 876
3864 1178
4672 541
4722 1959
6194 1457
6292 1332
6362 1028
1821 1293
2057 1297
3301 896
6081 1657
2560 1493
2802 856
2991 675
3336 1497
5980 1551
339 1152
630 219
1879 1462
2076 975
2803 1259
3410 1497
5121 82
5347 1358
5398 364
5607 1251
12 1211
2226 1525
2589 348
3167 639
3732 1820
6456 659
706 1275
2077 849
2516 1820
2745 540
3429 920
3494 1358
3524 1358
734 1783
1113 1579
3737 852
5870 1004
6205 728
6392 225
6438 1523
467 27
822 218
1011 144
1118 680
2676 1297
3112 560
4225 501
4682 1516
4884 122
5697 1871
6167 1225
62 0
1809 1462
3904 1265
5661 1780
5726 91
553 219
2025 1462
2982 1573
4217 1339
5600 1247
6109 1613
122 1561
677 292
1089 312
2070 760
2352 692
2738 622
3046 588
4181 1667
5208 1688
1909 1462
3051 368
3224 965
3474 677
4276 833
5651 1845
6405 1959
2290 348
3750 838
3792 1528
4234 283
5176 1808
5479 1758
413 1480
581 1414
2282 622
3068 1142
6301 1275
2243 1297
2288 325
2418 364
2421 507
2647 441
4997 1612
6048 97
2129 1462
3092 589
3538 1248
3575 1259
3697 788
4230 621
6116 1576
2343 1462
2632 1493
3278 560
4945 1336
6201 287
1188 470
2004 1295
2120 1462
2241 975
4008 1057
4049 1193
3747 1224
3905 506
4679 721
6133 1657
6418 998
79 939
1103 1643
1309 949
3174 629
3434 26
3930 985
5922 1335
2821 574
3211 544
5020 287
5266 1377
5288 896
5564 928
37 1623
108 527
2639 1493
2731 1493
5831 1703
2546 1493
4647 1972
5820 1928
14 1828
777 1529
959 1401
963 1850
3018 1420
3772 1397
5715 187
2041 1469
2280 622
2581 441
2614 1820
5916 322
6247 1240
781 1285
1785 1462
2008 1462
2060 657
3835 657
4550 1769
5202 1043
5936 292
6338 1182
1720 255
2184 325
2272 866
2734 348
2771 509
2931 869
3023 675
4046 1193
4047 1508
5371 1526
6457 1893
76 1886
2662 441
2663 348
3365 731
44 1614
524 199
3008 956
3384 1018
4001 67
6104 1550
6267 324
207 206
2409 539
3261 1161
5630 1625
6191 1858
3 527
2537 801
2648 507
3097 589
3476 225
3987 1198
5252 1680
6333 1809
5829 709
6320 1848
1105 2003
3602 1344
5203 1631
5354 1217
5575 585
6334 1865
2640 433
4905 82
6006 1373
6244 1152
1102 253
2001 1525
2195 849
2994 675
3310 629
3556 1578
4429 1574
5590 368
6013 1543
335 1532
981 1878
2342 1462
3028 104
3403 731
4449 548
5237 1714
5514 1404
6310 1993
301 235
341 30
621 1404
757 93
2951 501
3677 1893
6010 775
1114 1579
2556 433
2605 306
2670 812
2788 508
3374 731
4819 1823
6 1828
18 527
46 1607
2189 1436
2739 441
2817 856
3521 1578
3704 875
3759 1825
5732 148
370 1231
699 2002
2970 1034
3115 1142
3647 1776
4606 548
5493 1745
2624 507
2761 1493
3228 629
3390 629
5927 1653
670 431
2118 1462
3466 907
3624 71
6164 1290
72 1845
2333 1462
3286 1730
3895 1031
4879 1828
177 1382
1224 1804
2335 1462
5878 663
5993 1899
5999 847
2912 1753
2989 686
3661 11
5230 1242
6115 1186
209 304
1493 765
2878 1258
3275 935
4291 316
4436 1514
5532 1449
90 939
1828 1462
2002 1525
5541 1004
5705 1316
6097 1761
6285 1890
715 1122
2271 622
2723 779
2976 1962
3003 30
3215 920
3343 873
6067 1956
220 30
4633 1547
224 1830
304 235
2422 779
3254 896
5167 1897
5540 72
5592 1897
5824 1541
6232 1060
274 1291
2126 1462
2234 1462
2252 529
2655 341
2753 721
3044 715
4006 1304
5001 1678
5112 439
5597 1241
1029 57
1454 1949
2132 1462
2641 507
2977 676
5750 1413
2000 1462
3437 1097
3763 1528
4212 1529
5214 1358
5621 428
279 1275
551 1574
3260 896
3279 1534
6421 1841
95 1780
648 939
1079 225
1824 1462
5527 907
6319 828
851 404
2532 1820
3172 1128
5333 1025
6105 451
74 9
686 1609
4251 1988
4676 1746
5682 618
454 1443
1084 630
1825 1462
2963 476
2980 1990
3025 501
3449 1497
5677 1734
5856 1811
6353 516
81 501
841 1004
1046 1226
4578 82
473 217
685 1426
2058 1297
3330 1497
3406 920
3488 494
3948 618
6045 1736
6149 1993
1533 1631
1999 1462
2151 1297
2732 779
2813 585
2972 956
3366 731
3486 1962
3929 397
4938 1713
5026 1803
954 1888
1797 1462
2187 1469
2621 801
3000 747
5949 1021
6087 116
6277 1291
289 60
296 708
1111 1697
1715 1600
2543 1493
2758 779
3144 935
3404 1840
5450 1494
29 271
2050 1469
3143 1009
3599 513
4299 314
5502 338
6343 1334
6397 537
2548 554
4488 785
5910 322
6383 1971
597 221
1795 1493
1798 1462
1805 1462
2729 433
3766 1102
3786 1963
4012 1823
4227 515
5958 1472
6131 549
1071 907
2056 760
3117 1142
4469 1821
5941 351
3400 1497
3757 677
4883 1841
4968 1722
5190 1382
5703 57
6036 1622
2659 348
2703 441
6100 720
6442 444
397 242
2298 348
2929 1753
2936 381
4115 1879
4931 776
4950 1049
1513 1940
2896 1729
3977 1541
4104 229
4589 2002
6260 470
3040 1096
3202 1831
3427 920
3767 1397
4024 1574
1094 880
2464 348
3284 661
3346 629
3626 307
4571 1404
5251 1746
6328 1242
2349 1462
2999 686
3376 1497
2629 1493
3738 1820
6047 1552
157 1608
658 1928
2622 433
2627 1493
3201 413
5987 219
2023 1462
3134 629
3234 1839
5048 1906
5568 1736
2682 1493
3547 1562
6130 1554
689 1749
1402 1626
3013 675
4662 952
5012 1657
5612 1849
5769 1366
1870 651
2411 731
2913 1
3762 1828
5397 698
6176 621
6332 1317
295 60
644 1587
2014 1462
4070 67
4646 1425
5535 1443
6096 1114
718 1849
1072 312
2047 1666
2993 501
3368 1179
3690 1619
5028 1771
5706 1028
6268 1457
6394 1068
985 209
2591 348
3341 873
4661 878
4698 1461
6161 182
17 75
24 1529
271 210
287 210
1603 1944
3463 540
3469 693
3558 1793
4324 1277
1051 771
2661 1483
3045 626
3253 896
5124 1678
6124 1929
6322 720
3636 1342
3780 1297
4740 1317
4915 1565
5053 27
6253 1978
498 25
1157 1576
2452 325
2988 686
3198 569
4158 1673
38 510
1076 673
1953 1666
3487 906
5596 395
223 309
1950 1288
3471 318
3777 1397
5842 1351
379 920
687 1796
765 768
1434 1598
4278 437
4288 287
5384 1521
6274 205
2134 1525
2238 1323
2675 671
2694 441
2915 1753
3114 1142
3386 896
3663 1260
4205 1462
6146 784
9 1830
664 148
1726 1397
2553 1493
2858 322
3523 1662
3576 1382
5433 1027
5580 308
5584 1402
1804 1462
2798 509
3770 983
3951 862
5244 1537
5511 1643
120 1541
727 55
767 267
1037 300
1987 669
2634 1493
3283 589
3875 1469
4296 1541
4952 1227
5702 1769
3165 544
3188 1415
3808 1956
3949 618
4609 8
6374 1238
825 167
1943 941
2899 1753
3252 896
3679 1902
3681 82
4999 1893
6187 100
69 1540
1888 346
2073 1327
3093 1413
3560 784
3773 983
4688 1131
4937 1565
85 651
601 1412
640 138
1806 1493
1917 1462
2438 341
3419 801
5234 1382
5332 1732
5627 845
5925 1686
2901 1
3470 879
2229 1147
6070 925
665 1727
1910 1525
2626 1493
2717 366
2760 507
3104 1734
3552 191
5582 1669
238 731
294 912
668 1198
788 1342
2344 1493
3340 1497
3422 731
3960 1108
4716 1298
6163 413
59 1547
393 212
667 939
868 1491
1802 1462
2671 732
2712 882
4071 1277
5365 1042
5486 1929
6016 1841
942 1876
1159 1717
2465 341
3183 935
4678 1131
5483 200
105 269
472 503
1803 1462
2644 433
3140 1734
3190 1009
4556 160
5041 1642
5915 1669
125 0
1986 819
5111 1907
579 1823
906 1749
975 1167
2053 760
2962 542
3258 346
5589 1329
6121 375
1183 1319
1185 1653
1634 1600
1972 941
2687 1499
3537 1247
4421 861
53 287
1068 520
2026 1462
3369 920
3373 1179
3380 920
3492 694
4991 1657
5976 1521
813 25
2013 1462
2027 1462
2350 1430
5008 1621
5183 1879
5401 1525
6069 904
701 1863
2457 1483
2790 659
4519 1408
5644 104
6056 0
2079 849
2412 731
3416 1515
3638 1339
5734 210
5911 1306
6327 1907
6380 756
1547 1978
1895 1462
2946 434
3208 544
3888 775
5453 1274
5714 580
215 1152
2707 677
5381 1060
5434 565
1676 1944
2558 1493
3109 935
3642 1688
5370 1754
6103 1703
6314 1382
780 1154
934 1693
2131 1462
3007 723
3351 604
3684 1893
3769 1397
302 774
704 1697
2444 348
2618 1327
2679 1493
3129 1405
3414 462
5642 560
6028 1420
6091 255
6118 1243
6278 585
286 1275
1899 1525
3391 839
5660 1493
5986 233
6295 1928
234 288
368 1258
3748 677
4928 1690
160 1162
674 1514
1000 650
1815 1493
2012 1462
2244 1297
2296 373
5416 1766
5755 1777
1291 1940
1558 1415
1993 580
2995 686
3441 731
3774 983
5339 1276
5960 1521
913 606
1091 456
2716 1239
5009 1621
5289 1416
6262 1517
6364 786
216 1277
2453 1483
3082 575
4152 651
4704 1297
4801 1574
6375 426
119 1822
196 926
617 217
650 1587
763 1783
4229 1104
5165 1695
6178 1895
6231 1803
259 1928
622 1658
1903 1462
2665 1483
2733 1493
3578 1324
3727 1493
4846 1831
5572 1912
5780 1541
100 1357
2078 1312
2434 27
2625 1493
2695 1483
3100 1734
5275 976
5966 859
6060 1491
1788 1462
2020 1462
3297 1018
3534 1629
5306 1198
5629 324
6169 1912
585 1746
874 288
3686 619
5218 1768
93 17
385 1102
433 72
4535 1100
4599 548
4803 229
6158 197
136 1060
6192 1365
6419 281
1049 510
2111 1493
3669 693
6289 284
5315 984
5666 31
5948 1889
2403 779
45 1621
3141 935
3481 1239
5336 1116
5560 1317
6062 1578
6132 621
529 107
843 1416
1458 765
4245 1669
571 1746
747 1540
957 1266
1062 488
2015 1462
2749 1538
3102 560
3245 560
3490 693
5923 1497
5933 651
6432 1059
817 218
2081 812
2142 812
2751 366
2956 170
3540 1570
3688 1928
6311 290
6337 1493
616 1404
729 1746
1336 396
1880 1666
3242 1009
6168 1657
113 1551
3057 1009
3281 935
4949 1911
6229 473
6304 1936
513 96
926 1864
2307 812
2774 1835
2953 170
3625 57
3676 1043
4643 605
4723 1273
4832 1491
5688 755
6384 1971
1390 1622
3014 392
3348 629
4946 1674
626 1357
802 1145
1548 1736
6088 1523
6174 1671
6446 1039
3009 1521
3120 675
4919 496
6325 1809
1047 1336
3319 935
4753 134
4773 847
4941 1790
4998 811
6447 1987
84 1587
1231 1592
1878 1462
2125 1462
2784 953
3239 589
3674 1568
4930 1099
2069 1297
2926 1176
5656 1304
6019 1908
266 954
1869 776
1952 1469
4247 200
6255 678
181 1093
1502 1911
3512 651
5551 1317
6377 278
6416 233
1914 1462
2196 812
2496 1315
2987 686
2998 501
5042 281
5284 971
5816 182
6089 694
346 102
1015 1397
1789 1462
3502 1556
3812 360
5569 1574
203 351
1209 1791
1954 1634
2728 507
5002 1858
5182 1415
35 262
49 241
280 1385
935 1059
1287 1120
2969 948
3095 1009
1020 1499
1714 1598
2857 301
3276 935
3604 8
3678 1232
6129 1899
6243 266
1640 1819
1900 1493
52 1350
251 911
633 1408
1247 1768
2011 1462
2121 1462
4701 1830
275 1737
1022 1440
1897 1462
3184 979
3897 1315
5115 879
3503 1918
3989 862
4871 1760
5335 1307
750 251
5168 1657
199 1542
204 210
1019 1244
1321 1922
2061 1297
2964 82
3024 715
3205 544
5814 17
595 1829
2485 1469
2766 1859
6378 597
232 1822
253 1322
1253 1598
1956 1244
2066 812
2442 441
4134 1897
5498 1775
5545 684
5779 1824
6181 1472
6254 1576
111 1514
532 1154
1604 1944
1677 1944
2898 1753
2917 542
6269 1508
6393 1068
723 1746
2334 1462
4364 138
6061 492
1591 1939
1622 1779
2218 1462
2233 1525
2594 812
2820 1576
5959 1835
6312 1883
2059 1297
4955 444
5587 659
5781 391
6112 356
6223 694
6381 1617
1353 1535
2718 290
2795 574
2945 171
3186 589
4504 984
5883 1849
6203 283
188 732
719 241
3778 983
5383 287
5400 1525
2338 1462
2702 1483
3420 1844
5671 1968
708 184
2055 812
5465 1342
5742 152
5961 191
3315 920
5396 1480
5669 1953
5978 1039
200 1561
240 618
1266 470
2592 812
3026 1034
3401 1193
4020 1204
213 1732
501 160
1371 1937
1549 1576
1964 1253
2108 941
2222 1462
3012 501
3600 1324
5010 1365
5205 1389
5914 549
351 565
356 25
1280 1592
2569 341
4301 1403
5285 13
5588 1962
6209 1120
6411 1870
183 235
252 2
376 1666
3101 1009
3453 1999
3991 823
88 271
1012 1161
2144 812
2479 812
2812 585
4665 1167
5542 1212
6264 594
2039 1634
6218 285
6273 1959
6454 1027
1965 1469
2049 1666
2630 442
3473 909
4035 2005
6052 1404
572 1529
3415 651
6422 1445
322 531
535 1849
574 939
1117 1124
1391 1405
1957 873
3272 1176
3639 516
6335 945
6403 719
192 1414
614 7
790 1526
2800 1046
3628 2009
4608 455
4713 1830
5499 1681
5917 1619
6071 911
392 1222
398 713
1997 1462
2459 348
2473 849
2914 1753
4359 1962
6369 652
6387 1061
86 1833
357 0
2051 1634
2547 1182
2966 1034
3106 1009
3257 896
3650 1403
5548 1658
5782 314
550 1746
1109 484
2636 1493
4755 1415
562 1588
1945 577
3142 560
4377 75
5439 797
6248 1252
6309 1873
6321 1242
6373 1120
61 324
106 233
278 0
479 895
845 1163
1112 756
1156 500
2567 348
3550 1196
5860 1938
534 219
1417 1585
2200 347
2819 1051
3263 896
5964 1198
6347 17
281 1098
987 1449
1904 1462
2114 1462
2494 1835
2598 973
2628 1493
2633 539
3086 1351
3222 920
3418 605
16 234
288 1626
1872 1462
1894 1493
4082 212
5823 1568
6286 1863
6386 1617
2130 1462
3139 0
3673 1568
4822 156
1590 1455
1721 1127
2785 953
5083 27
5694 1857
206 1284
636 241
2192 812
3640 1
5753 149
5849 36
5977 854
659 102
867 446
2112 1462
2698 348
3529 1397
6341 1653
258 1761
347 217
1025 1442
3566 912
4094 1267
4363 138
4960 1672
5355 1643
5974 1578
5988 823
6200 1879
714 1810
1232 322
2572 341
3498 727
3605 1736
5608 428
5825 239
950 1123
1911 1525
3952 1608
5668 1517
5969 1845
786 1301
1186 1579
2148 1327
2697 441
2902 542
3277 935
3972 854
5437 210
6150 780
256 462
326 90
2197 812
2489 1835
3059 1405
3874 496
6162 1380
6336 1946
6390 854
1040 1728
1292 811
2116 1462
2136 1462
2141 579
4473 261
5049 1772
450 1697
632 514
1018 1182
1716 1600
2117 1462
3355 82
4921 445
5122 23
1521 1626
1635 1592
2786 838
5337 160
5531 1449
5649 1836
556 423
941 1581
3091 1405
5552 1658
6219 1333
104 1377
490 164
504 264
1284 1596
5123 1005
6188 1247
6230 635
455 207
1601 1216
3111 1047
4522 1101
6300 1654
6368 302
931 311
1662 1449
2085 812
2466 341
2944 1753
3789 1411
683 37
1017 1449
1077 911
1962 306
3238 935
4509 1541
5846 1691
6120 1009
6148 72
365 266
1023 290
1905 1493
5554 1515
2052 1335
2759 507
3963 21
4318 984
5318 1734
212 149
510 417
1982 1525
2347 1462
2937 1085
3187 935
4508 1760
5066 165
5902 1605
976 61
1257 322
1480 1944
1854 1198
2329 1131
3489 905
3934 1157
6101 686
6323 1641
1792 1462
2215 306
6018 1851
5955 136
6425 1838
345 1434
609 1287
1147 1601
1873 1396
2782 509
3953 1541
6066 1956
6122 1241
1352 1449
1652 1592
4759 57
2225 1462
3668 44
6410 1968
6436 1436
870 1396
1500 1694
1742 1944
3244 589
5741 251
290 1410
1073 253
3189 1405
5605 1907
735 1822
1671 1943
1907 1493
2557 1493
3962 1976
4066 1835
5920 1871
6065 1761
330 149
592 165
676 82
821 372
1690 1944
1813 1148
2072 1297
2752 721
6350 1825
222 1449
336 1084
2481 1825
3478 1497
4131 573
5000 2009
5467 167
5647 1493
716 1307
871 1320
2331 1462
3328 1497
4544 1650
5163 1099
5928 1298
6318 926
1876 1493
2080 812
2145 812
2470 1482
2483 1469
5696 990
5996 160
403 1918
598 1833
1832 1425
2046 941
2231 1462
2900 1753
3352 1666
4105 1445
6125 219
971 240
2096 598
2709 1533
5461 380
5683 606
6142 1857
2084 1335
3776 1397
6119 1722
1364 340
2030 1462
2668 1482
2699 348
2777 1221
6057 562
1021 1440
3598 1577
746 1551
1016 1513
1082 253
2240 1297
4117 847
67 1057
214 582
696 0
929 17
1104 907
1636 1598
4459 1940
5641 604
5989 307
6166 1069
6329 1440
6356 366
179 1488
3402 731
4458 67
5626 1295
6170 329
508 1225
678 1289
3016 1173
6406 1295
652 1841
5229 1806
6385 1851
1083 666
1498 1689
1967 346
2042 941
2075 1297
3318 935
3461 1006
3657 1521
3974 1047
4242 217
4289 292
354 1249
2764 844
3105 514
698 149
1422 475
1438 1565
2487 819
5984 1891
6308 1247
198 219
1523 1940
3483 1240
5957 1337
241 1107
245 785
434 87
486 640
1235 1382
3240 935
4585 180
4664 640
4668 1960
4922 1719
5585 2003
6238 833
2063 849
3255 896
5003 1541
5373 265
5819 324
782 1823
1261 1933
2230 1430
3468 665
3968 1852
4059 300
5131 1677
5363 1245
998 1703
1637 1593
2593 812
3033 1173
3108 1209
5417 21
645 206
968 235
1552 193
1801 1462
2150 812
2206 941
3457 836
3781 2000
4523 1004
4663 1865
352 1830
646 1817
205 245
1949 669
2779 509
3509 677
5466 1415
237 1685
1061 488
1770 1909
3729 138
6024 1663
6435 652
371 858
511 417
1447 1234
1979 941
4615 1451
5935 1085
928 1109
3938 1626
4885 1344
773 1702
784 32
1170 1803
1688 1944
1689 1944
1944 1253
2808 1313
3179 629
3479 1056
3908 740
4244 1242
300 1061
915 168
1455 1949
2040 306
2600 1835
3454 366
6001 149
6004 1778
6242 1899
2484 1469
309 156
1059 1442
1988 941
2082 1297
4783 165
6008 1469
361 1759
895 52
1283 1585
1765 1671
1906 1231
3274 560
3801 1429
3083 1882
5299 1659
5643 1712
6038 833
6144 308
6175 1899
92 754
495 81
2310 1482
3396 83
3693 1956
4231 1897
5965 1835
6033 1679
6276 1006
189 1501
254 1282
2093 306
2119 1462
2623 1493
4510 2002
4644 1466
377 1437
408 1846
487 1303
1973 1469
2754 1028
3515 1094
3877 1865
5848 217
6240 233
145 0
1779 1612
3752 909
5610 1903
6326 304
1088 1686
1285 1955
1893 1430
2825 1859
3052 182
3601 1712
4780 1866
5227 574
1602 765
2486 306
3034 1173
4410 1151
5868 1415
6126 1259
695 1039
1388 1950
1816 1493
1856 1057
2303 760
4093 1949
4175 200
732 932
4489 1486
5148 1621
6345 332
5045 1636
5622 589
6177 1249
6224 230
6439 300
137 1359
285 78
489 207
1181 129
6179 1860
1006 1425
3237 935
5727 1092
6098 697
2781 419
2829 1157
2840 574
3755 1427
4005 187
4629 1432
5695 1752
5954 1188
1959 306
3559 1193
6099 1746
390 355
725 1884
933 372
1660 1660
2223 1493
3961 1103
4498 2002
4934 1244
5975 160
333 71
384 1101
1189 242
3482 1240
4390 564
6083 1332
6214 720
512 1746
3136 629
4943 294
5899 1907
1947 1469
3280 589
4865 1836
6241 324
315 1842
739 1703
3011 1188
4445 187
5087 1806
165 491
364 1412
1308 32
1512 1626
1885 580
1977 941
4655 79
6237 549
2768 882
3145 560
3511 1654
6053 5
881 320
1191 1572
1667 1042
3775 1397
2346 1462
2787 1120
3417 1878
3728 1385
1628 324
2086 849
3192 589
1709 984
2018 1462
2062 849
2068 849
4360 1026
6147 1907
6448 2006
2124 1462
3127 1009
3700 1631
4199 254
554 1845
766 57
1545 1598
2773 1033
2943 171
3510 848
3797 1944
4167 836
525 1152
910 288
1630 1988
5908 1901
28 1642
1799 1462
1971 819
2194 849
4766 1099
6063 1578
6102 1545
991 1464
2149 1288
3919 801
5421 305
132 1896
404 1408
5099 1426
672 1501
1003 1440
1226 1223
3916 482
4929 376
5070 300
5444 1709
5675 931
6095 1080
1008 525
4700 1494
1333 1705
3155 297
4209 1309
5724 1662
6123 1866
6366 1503
889 292
1363 1971
1437 1559
2326 1825
2497 1703
3060 560
6441 1398
629 1850
1081 711
1831 1462
2220 1493
2313 1482
5287 2002
5813 1448
2851 940
3899 1337
4226 182
4379 209
6287 931
1043 1589
1374 1140
2037 1829
2083 1335
3553 1578
3903 1044
4855 504
4976 1605
5324 1240
5931 1911
774 97
1243 1598
1847 765
1908 1493
2705 721
2948 542
3151 501
4023 1187
4275 1355
6212 1305
1991 769
3782 1101
6075 302
130 855
186 411
218 1246
743 1420
2315 812
2345 1493
2474 812
2706 540
3710 1808
3950 2002
6261 594
154 491
3978 164
6092 515
425 695
6017 962
51 1879
736 1786
1939 1424
2106 306
2221 1493
3182 629
4537 721
4935 364
6412 516
386 1636
604 1151
1669 1449
2323 1634
3124 569
349 149
1384 455
6059 939
6227 823
219 376
600 24
1517 313
1655 1677
3099 1707
3587 2009
4298 1777
4326 1710
5547 630
5991 1712
789 1100
1761 1135
2123 1462
3096 1405
3691 1246
3756 789
4834 11
5833 1703
6055 1246
558 39
1054 536
1106 619
1484 1320
1626 2009
2469 812
989 496
1777 1530
1800 1493
3089 569
5350 651
1497 1690
1990 22
2492 1825
3536 1934
5505 1697
5886 1946
63 1248
1050 510
1100 717
1272 1598
4796 1875
5522 984
6233 1953
1975 1835
4075 366
5290 102
5579 1895
803 1618
982 808
1955 669
2797 1521
4681 1193
1299 1937
1569 1387
1958 941
2067 812
2965 107
3133 716
3530 1397
4186 1780
4977 1229
5091 667
5834 1920
6440 1057
75 233
260 923
420 503
1392 1806
1724 1856
3516 1985
6236 1240
6256 270
131 1772
468 17
2681 507
2992 1750
5239 1048
5985 1780
405 1661
618 1881
1110 1708
1882 1462
4715 1752
4951 138
2146 1327
3783 1101
4056 1808
6032 1895
1400 1971
1754 808
6114 155
229 780
570 1919
2468 1482
3042 675
3259 1489
5134 573
5926 1020
6263 2004
1 730
293 1412
1208 1736
1860 765
2330 1217
1567 1620
3472 952
3612 314
6090 934
6372 1705
437 245
1389 1686
1782 1151
1830 1439
2006 433
2044 941
5364 1460
5650 1578
153 901
382 1098
4948 1748
5912 1613
142 17
2793 1719
4053 1837
5998 1915
211 1950
1901 613
2099 1253
5283 160
5303 176
1738 1425
2017 1462
5380 1060
193 928
1453 340
1875 1462
2755 582
2791 486
3462 650
5464 490
628 363
1846 1042
3914 1254
5772 1658
6352 876
428 1529
2199 1335
2471 812
3546 928
5685 1517
1281 1584
3901 1996
4480 1670
5067 1445
5624 1986
6239 1482
1101 286
1236 1871
3103 589
4166 347
4287 1068
1670 1216
3586 1717
5309 1708
355 1642
373 1101
2478 812
5539 148
5746 1516
5835 1186
6234 1690
947 1790
1028 1914
1301 1937
2091 1835
5263 235
2208 1825
4845 1746
5177 318
5489 1760
5735 1301
6152 34
6222 1163
800 1842
856 272
912 373
992 686
2789 614
4680 1085
5250 1525
5456 1709
5700 1377
6185 838
545 1697
948 1537
1932 765
2314 812
3452 953
6143 96
325 897
1762 1721
1961 1634
2198 812
2710 647
5840 50
5884 1862
6029 1702
228 1955
1095 285
1404 1854
2064 1335
2098 965
4065 1471
4993 1478
5341 1211
6370 1691
343 1690
846 660
1055 475
1459 1641
2038 1320
4118 82
4256 164
4317 1953
1583 559
1855 1433
1994 1303
3739 165
5480 1574
5591 1793
6184 1234
19 81
1913 1493
2087 1634
2599 1825
3480 1463
3958 302
6210 285
1471 1320
3394 544
6298 1398
775 60
3976 1870
1584 1180
1995 1462
2606 731
3218 896
5691 2002
5867 307
1927 1923
1992 1877
4533 1491
5361 1708
102 1768
1276 1600
2033 1460
2595 812
2746 647
5787 1499
5788 1507
15 128
657 568
1557 1559
2232 1462
2493 1835
5362 130
5805 1498
6034 1439
7 562
1210 1885
1675 1856
2133 1493
2708 508
3643 802
5598 1985
5913 1613
1733 1222
2332 1493
5277 1548
273 1423
1725 1449
2476 1482
3970 1240
6414 1104
673 1515
764 1529
1550 1600
2961 171
4219 1708
4505 1059
4692 606
6207 1320
684 251
1240 1593
1773 324
3459 1060
3611 451
5900 1593
166 24
248 1624
1215 1854
2213 1835
2652 348
5501 1222
6315 1559
151 30
175 132
369 198
1565 765
5895 1709
383 1508
436 1987
586 201
1256 129
1506 2009
1793 1493
3435 1108
3531 1264
477 1809
842 1414
1010 549
1518 1120
3655 632
4384 564
5454 164
5939 1329
114 0
1892 1493
1928 1387
2317 1482
4696 1679
1376 1940
3907 1429
4588 1423
4974 652
5392 1425
6044 1971
1456 2009
2704 897
2807 647
227 492
363 400
470 1821
587 766
733 1557
1192 1592
1648 1592
3032 55
4536 837
5385 590
6208 729
492 1357
631 160
792 1089
1487 1116
1748 1944
1881 1244
1886 1666
3058 1009
4464 1307
5638 1722
6221 1320
1383 1120
1386 253
5676 1545
6389 1288
2320 306
2960 542
3465 1986
3633 1939
608 65
1058 755
1398 340
1554 77
2325 1825
3564 1657
4468 490
159 25
1522 1626
2769 694
4727 1759
1154 1736
1441 61
1615 1611
2135 1525
2224 1493
951 214
2210 306
3015 927
3926 859
4622 1796
6382 1626
1139 1223
1362 375
1508 1779
2122 1462
2715 290
4895 440
6407 1502
56 189
978 346
1553 1559
1572 358
1835 1425
1966 1469
2959 1145
5617 1540
6399 607
603 1277
483 86
1108 174
1160 1405
3436 93
4116 413
442 356
990 1320
5342 1553
3574 837
4549 1057
328 650
2095 1835
2109 819
2191 760
3090 979
4268 1252
4601 1998
5372 194
6046 1866
6195 1333
101 1526
3708 1808
920 251
1334 1259
2477 812
2602 1825
3998 913
4237 1403
5556 1802
5869 2005
6324 1053
6401 1288
1543 1577
1657 294
4703 1488
4972 1229
1013 1439
1891 1129
5904 1697
6429 36
705 1461
1180 1736
1278 1585
1625 1937
1728 1460
1745 1944
3128 1707
3349 817
5422 289
5490 287
5716 147
331 1298
1056 268
5081 388
43 240
415 163
1136 1585
1578 311
2996 58
3135 512
4731 1869
5990 284
1941 766
2016 1462
2048 1253
2490 1835
5752 1208
255 235
337 162
372 1895
1851 1641
1864 1621
2491 1666
4369 1580
5215 1970
5699 1136
1182 1569
1355 947
2311 1482
2319 1017
3630 2004
5133 1398
5640 1958
5771 1875
171 161
770 181
1045 300
3696 150
4354 525
1924 1304
5059 233
972 1209
1233 1598
2309 1502
6025 1136
799 1929
1488 1870
3130 1707
3248 1626
3659 1290
3999 196
5953 389
284 1682
1544 1355
1659 1116
2065 812
2475 812
6430 1871
1387 1689
1649 1592
1683 1694
1747 1944
2193 1482
3577 1534
4963 1010
5238 939
5810 622
1274 1600
1836 1829
1989 1825
4996 1860
217 1272
1002 1494
1542 1819
1771 1620
2007 1462
2472 812
5017 1083
5586 77
6189 198
6431 1442
353 516
1912 1182
2209 1825
5021 1409
6220 1821
893 1933
3761 1320
6135 1823
496 78
568 270
2304 812
4062 555
5711 45
1951 941
4043 279
4901 1513
5118 329
5844 913
5963 833
6417 564
615 1635
692 1267
776 740
1172 1596
1524 340
1948 941
3455 982
4939 1918
526 1409
1845 440
4308 632
441 1683
1031 1060
1158 322
1178 1401
1432 833
2322 1634
3813 1028
5747 2002
785 1379
966 1845
3460 906
4314 1608
4583 1379
5566 1557
643 1378
1718 1953
2305 611
3526 1785
4800 132
5893 161
1366 340
1731 1449
1732 1425
3584 741
4906 1309
4920 1099
1065 1743
1225 77
2147 812
3513 1865
3533 1462
3965 1027
5952 683
6000 1399
779 1531
4947 1768
4967 371
173 173
875 257
1416 1600
1478 1944
4113 271
103 1806
624 1932
1896 1462
1918 1425
1963 1835
3146 1009
4133 1339
5543 1432
98 1428
1277 1596
1359 1937
2467 812
4139 273
4404 1348
5019 410
5504 1709
244 155
517 1152
520 1802
958 1952
1749 1621
4431 754
6443 844
269 733
1501 358
4444 837
4587 1445
5736 271
5739 1440
5809 388
30 522
48 1701
637 410
1460 1944
2796 87
5872 1949
6427 1889
268 100
3094 1534
5865 427
6139 805
1369 1937
1551 1600
2495 774
2918 710
3508 44
3594 1482
753 1426
1734 1425
1926 1923
4742 1402
5723 619
5764 1543
1273 1592
1396 313
1399 1779
1641 1684
2321 1634
3528 1397
4944 1869
5302 1844
5367 1414
634 861
1057 1442
1314 1120
2005 1665
2942 522
5474 1267
172 173
3467 815
3709 1460
4733 1984
5328 658
6379 572
1367 1140
1786 346
2043 306
3125 1587
4815 167
6159 1529
374 149
1644 1109
3967 651
5382 277
5778 1432
6391 1269
22 1666
988 1320
1664 1515
1936 765
1981 1634
2235 1462
2480 1825
5046 604
5300 1048
5316 1252
5555 31
5704 64
6313 1556
564 1134
2339 1493
3706 1808
5221 1819
5334 1874
1060 231
1171 1600
1580 1180
1678 1320
2140 1449
6021 1229
1661 1927
1874 1460
2770 952
3795 1634
5375 2002
5446 167
6068 606
1436 1568
2306 812
3975 643
5116 1683
5701 1529
721 1180
1249 1854
1700 1937
4882 358
5891 1229
1177 1598
4777 410
5698 1851
4031 176
5056 293
5093 40
5094 983
342 1276
1297 1940
1462 1944
1618 1140
4370 1845
1616 1858
1784 1460
2217 1244
6258 1810
143 1439
1428 1598
1530 907
2318 849
3589 1911
3603 1927
5393 549
6093 1970
6400 1268
1638 1600
1719 1492
759 256
943 401
1026 1460
1692 1387
2035 1449
2211 1835
3397 1205
3966 522
1032 1643
1514 1955
1658 1385
1861 1320
3683 25
5757 1697
73 1589
276 1248
394 1492
493 632
1152 869
1377 340
3440 585
4902 1634
4988 651
5830 186
6111 1962
282 1231
414 165
1234 991
1848 1911
1915 1043
3532 1450
3807 1956
78 207
210 1170
967 594
1494 1911
1555 1592
4004 160
5378 1935
1840 1425
4872 651
5052 363
5301 72
6413 1462
194 1039
961 446
1137 1631
1509 711
1698 1971
2216 1835
3250 896
4055 1746
697 164
1075 454
3030 1697
4373 1759
4590 1623
4785 23
5078 440
693 176
1753 1958
1768 1612
2327 1825
4912 564
577 601
1129 492
1424 1223
4111 1495
4405 564
4551 1417
688 164
737 245
903 622
1115 1558
1164 1291
4925 1631
1370 1234
1902 1462
3249 964
4854 111
272 243
1282 1600
1612 937
4414 133
6307 474
292 185
1613 1944
5937 711
6296 667
923 516
1138 475
1190 1596
1302 340
3863 287
4137 1198
4474 1280
4994 1595
6020 926
805 36
873 96
1375 1954
1475 1944
1766 340
4749 214
4889 1267
5571 418
110 810
462 270
4427 388
4443 1253
418 1205
6140 1305
578 1267
1465 1613
1764 324
3501 213
3648 1882
5376 166
5530 1222
5918 1836
5944 702
6228 303
6388 785
416 1442
754 1414
4711 1729
5271 1562
5887 1858
1425 1034
1934 1694
2667 849
2824 503
5185 1336
311 1794
461 256
611 53
1421 1804
236 288
358 783
709 1485
1360 1140
2036 1449
2205 1825
5861 756
6251 1331
4293 1559
4908 1460
5310 1410
5837 358
1107 1091
2138 1425
5343 1012
6172 52
178 755
724 167
1841 1067
2054 760
6078 324
6183 281
6434 1538
1222 1223
4961 1619
591 740
1412 652
1479 1944
1833 1449
4079 1475
4127 1515
4411 271
5807 1666
6153 1989
1884 669
5132 1026
5815 1500
607 44
2100 1825
4153 1416
4778 1760
4860 27
752 65
1304 1140
1310 1530
1373 1120
1695 765
6074 1802
555 411
1296 1779
1526 340
3666 620
4566 2002
4958 756
5967 1779
1495 1619
2207 1036
3289 1755
3493 1890
4973 652
5103 1517
1116 1579
1322 1265
5090 831
5599 1912
419 1275
1663 538
5811 600
449 810
749 1145
794 164
1448 2009
4916 1972
208 643
1063 1766
1219 1605
1499 1099
1563 1320
4605 1549
1562 1619
1736 1425
1751 1613
6084 1985
707 694
1633 1572
1682 1320
4054 1416
4418 273
82 262
133 236
796 1471
1122 1598
1380 352
4724 1658
4903 1495
4927 1460
5768 445
6079 1350
36 1523
388 2002
451 1728
891 1519
938 1678
1735 1449
1960 1835
2219 1462
3671 1585
4162 630
4178 509
4734 711
5729 1531
5943 635
2139 1449
4352 865
4924 1690
5120 1907
6005 1654
167 1741
348 1589
728 1427
1066 1935
1070 1639
1744 1944
1935 1641
2482 1825
3019 1117
4964 666
787 270
902 1061
4050 879
5888 1618
50 1876
599 9
1127 1804
1587 300
1632 1601
2341 1462
4157 1475
5919 1241
5946 1859
588 393
1457 1116
2101 1634
2107 1835
2115 1493
4887 932
430 1485
2859 1608
3685 1776
5388 233
5743 1103
1490 158
1707 340
1750 358
3251 819
4476 101
5040 755
6363 1851
898 783
900 364
1239 905
1368 1530
1574 1387
1843 1067
2094 873
4995 1603
5374 393
5431 1044
5983 854
815 1241
1027 1060
4428 74
4886 703
703 1400
1005 277
1519 1120
1696 340
1202 1595
1586 1834
1598 1116
2941 413
5404 23
995 2
1163 1596
1242 492
1706 340
2110 1493
4123 1639
481 1529
1446 1836
1560 1944
1741 1944
4083 271
5475 71
221 979
367 234
953 1609
1030 1106
1546 1593
4351 562
5351 1842
1619 340
3311 1176
3689 1031
1978 941
3794 1471
4821 711
5968 1332
476 1835
480 1787
583 1525
1650 74
4942 1256
411 500
974 1067
1348 326
4168 1835
5738 1777
1009 265
2034 1809
2092 1469
4738 1821
5798 23
1614 1955
2090 1634
2214 1634
3084 1084
4552 1417
5684 1805
5689 1818
5970 1446
756 1834
1014 564
4403 836
4984 1586
5873 1602
118 132
901 1529
1414 1804
1451 324
1588 1744
1931 765
3760 1320
4426 1495
5405 515
89 48
518 270
1211 1598
2202 1835
4485 1623
837 1515
1385 711
1527 1626
1646 1592
3477 1337
3583 937
4413 1404
680 828
3464 677
4060 631
4732 267
5353 1982
6127 1339
6428 732
682 1227
1711 311
3572 290
3838 1134
5428 207
5803 21
6171 393
475 1589
1052 1460
1381 340
1485 1320
4097 1855
5515 1545
6043 1825
191 301
1531 937
2204 1825
2236 1126
4712 1443
5526 907
3107 1418
4263 1002
4987 1377
452 1414
1968 22
4018 1927
5674 288
6110 1387
602 1995
610 1888
865 1690
1452 1140
1930 765
4106 229
338 1082
3568 1689
3995 1927
4142 1634
4789 414
5523 1539
1254 1600
1316 61
2597 306
5524 375
5544 136
5594 410
459 992
1125 1854
1651 1656
2031 374
3811 846
6235 667
243 660
627 403
1593 1387
2103 1825
3200 558
3687 409
6213 1693
94 1425
124 1349
1238 1593
1474 1613
1559 808
1623 340
1656 1621
3137 893
3954 1109
5188 455
2603 941
4959 756
5317 1718
230 1668
1263 1585
1444 1779
1592 1914
620 1267
1627 1612
4853 1348
5806 268
1244 1598
1510 340
497 5
1372 1120
4745 694
5744 1429
804 1134
1168 1593
1173 282
1313 1671
1653 1592
4907 590
807 296
1327 1598
1672 1635
1969 974
4775 861
4867 1909
4876 1495
5595 238
6073 1233
6272 357
720 1356
1445 1140
1730 1067
1921 1923
4058 744
2488 1825
4911 1486
5717 594
984 1393
1074 163
1703 1296
2839 118
3132 512
4424 1092
4446 1709
4649 1987
5217 1656
5994 1679
465 72
944 1093
1298 1940
2021 1462
4337 229
4814 191
5286 292
6030 655
612 219
2088 1634
2137 1503
4840 1501
4869 327
4981 485
429 181
1162 1572
1361 1120
1395 2009
1418 1594
1489 1433
1710 1695
596 1550
1200 1596
1568 1387
2891 821
3796 1634
4258 23
5050 1229
5866 1747
6002 564
6349 1321
1120 1598
1131 1291
1169 345
1491 1944
4754 265
5620 1896
399 148
778 1709
1317 1935
4368 1042
4457 1475
4940 1706
613 1531
1566 1320
1697 1779
3793 1951
4515 1950
5279 1549
1729 1336
439 74
1837 440
1850 808
3288 896
5901 1478
1343 1645
2794 650
3610 1704
4675 1964
546 994
656 251
1350 1598
1858 1613
4730 727
4765 138
4786 1527
4888 1702
5150 1777
1419 1598
1443 711
1922 1449
1529 1478
4909 1933
694 207
1996 1462
5013 414
5973 975
1064 396
1279 1599
2601 1825
3126 1405
5313 761
580 1555
1041 1164
1315 1971
1507 1140
1525 340
1974 1835
5005 746
5804 93
576 454
4329 805
4761 1787
1252 382
6259 525
168 48
329 491
540 517
1691 1694
5294 1430
996 1694
1844 1425
3175 1200
4736 2009
5104 1789
5854 538
246 190
1007 1996
1305 2003
1605 1320
3983 1531
4163 1933
4320 1893
4898 48
431 1409
1980 1835
4220 630
4506 406
6423 1029
993 504
1668 1719
2765 935
6355 2000
726 439
3573 975
4248 1829
4586 406
4881 273
4610 273
5233 1612
5356 265
117 1707
1393 2009
1472 1944
4345 1031
4828 1747
4844 162
1435 1598
4080 1944
5257 229
225 1162
1406 475
2604 1835
6041 1825
6331 1156
4729 907
4926 1380
5307 217
366 797
409 220
1579 1219
3290 819
3957 548
4699 376
1004 277
1756 765
5766 736
6415 1641
1086 1404
1439 1099
4543 1958
4797 45
6136 1557
6398 1713
1271 1592
2104 669
5089 51
5418 376
5614 1353
5800 984
5951 1590
226 38
1067 268
2596 1502
3994 1094
4425 1835
4936 618
4966 1570
6107 1179
6371 280
761 1531
940 293
1140 1594
1166 1593
4322 176
5857 1061
445 1218
660 1267
1708 324
3171 819
3672 1633
4143 347
5079 123
5436 1363
5827 4
835 1715
1203 1854
1540 1598
6316 315
270 1619
880 1640
1194 1592
1320 1705
1345 1601
1468 1721
1585 1449
1890 1055
4136 1531
5561 18
456 1356
932 479
1822 580
1717 1592
655 44
679 1844
2097 769
5885 609
440 280
1463 2009
1607 711
1740 1727
2201 1437
5929 1696
1541 1598
1834 1923
2328 1825
4013 1581
4039 564
5762 898
649 160
937 1539
1245 1743
1868 1836
4799 541
6039 410
77 548
1035 1986
1772 1612
1853 1613
3209 1588
4381 273
5720 157
6145 914
435 142
1339 1109
1378 1310
4440 1835
5882 594
5 1264
690 1461
1096 286
1449 1140
4975 1006
5064 1216
6007 1507
6154 2002
387 27
533 281
1126 171
1165 1586
3805 1021
1145 1599
1757 1387
2823 1542
772 1364
1307 1971
2212 306
6452 886
500 1989
1528 1761
2312 812
691 174
1867 340
2032 1280
4820 619
6354 2000
1403 1684
2316 812
4126 1747
4526 1477
5836 358
6085 1215
6138 101
4837 1445
5420 376
6246 765
1929 765
4857 29
1132 1605
1409 396
1621 1955
3758 1031
4432 1146
5105 1227
5981 514
123 1407
402 1926
1357 1140
4422 166
4503 1679
2 1547
1128 1598
1213 991
1536 1233
3946 1495
4328 1646
4402 1835
4521 2005
4980 396
126 132
1408 1609
1639 1819
4904 424
5583 1656
5796 1525
1516 1858
4362 1120
1606 2009
2826 298
4735 594
4874 437
3947 1983
447 1697
1477 1944
4044 1803
5455 1425
3131 1009
5469 308
5808 268
41 1985
1746 1944
2028 1043
983 1634
1365 1545
1581 1425
1597 629
5982 92
6199 1702
869 1753
2324 1835
3872 1996
4091 962
4466 1464
5451 1267
641 48
1300 1937
4392 85
4794 564
5639 1339
5786 1441
1161 1729
1570 1622
1849 1320
4033 1703
443 287
1197 1804
1216 1935
2308 812
4190 27
5075 482
1196 1598
2089 1825
2669 611
3984 391
4088 564
5346 1646
6031 457
904 2005
1346 331
1496 1613
4442 347
5077 1749
432 164
1335 475
3123 543
3166 819
4303 1464
4831 327
965 1904
1318 1743
1325 1601
1486 1360
1727 1397
4597 1746
5117 1785
5889 1603
458 207
730 1171
1599 1320
1643 1598
1466 1385
1774 1836
4971 1854
5110 1678
5797 195
1461 1320
1842 1829
4017 244
4316 1864
422 2
1712 324
1739 1425
3595 340
3862 1706
3973 821
4045 1515
5471 1989
5577 1978
5894 1374
340 1067
1520 1120
1610 340
1862 1622
4295 1543
4600 1683
5776 1441
1133 1598
4321 129
5495 797
997 1335
1482 1944
4141 388
5088 1623
231 1482
1286 1140
1532 513
4332 1393
5076 1544
5184 1960
5839 184
894 963
1289 1140
4145 1835
4719 1593
4858 1498
6022 1699
663 181
1332 1795
1382 1140
3395 513
5359 1893
1151 268
1571 1320
2805 1666
4003 1730
5130 595
606 1874
1205 1585
1358 1140
1582 1216
3981 1851
1251 1647
1780 1612
1838 1579
2750 416
4346 559
5775 524
242 1255
531 136
1351 1570
1693 550
4041 1549
4825 1116
4914 461
5069 376
5095 1968
5497 347
812 1936
4437 951
4861 1801
5062 1824
1760 1216
4249 1028
4899 1348
654 515
882 1709
1237 1598
1666 1425
4048 1879
1099 1721
1228 1854
6049 1455
448 992
1481 1621
1852 1387
4956 1702
6396 1684
1415 1922
2776 1425
4890 939
5325 1765
5482 203
897 1325
3161 1732
4805 1623
4859 1010
5256 147
5942 1433
1207 345
1220 1854
4120 1413
4187 564
250 1106
831 174
1175 1223
1198 1401
4078 1976
4239 229
4367 1388
5016 1830
522 181
1713 1611
1865 1613
1919 1462
1923 414
4970 681
6137 1609
6306 404
150 538
1201 1598
1413 1598
1596 711
1737 376
3159 897
3985 391
5106 172
666 220
1684 1387
4539 1356
4878 1428
5033 1933
5072 207
6076 147
955 346
1561 1387
748 1106
1042 1460
1426 1598
1538 1598
1679 1613
5096 1933
5751 347
6014 1757
6023 401
862 1254
1427 1935
1755 765
2822 485
4477 1146
661 1373
1229 1854
1681 1621
3806 606
1617 340
1863 1686
3615 76
3641 1305
4401 270
4746 1269
68 240
1330 1598
1356 1140
1537 1596
3860 958
543 1061
890 865
1337 396
4110 792
4161 1391
4420 347
5259 781
438 571
914 1670
1608 1779
4534 238
4604 1747
1033 246
1258 1594
1704 1286
1769 340
3561 266
3911 1245
4383 1634
4752 298
5114 1967
5890 1954
1212 1598
1511 220
5022 617
878 1268
4305 220
359 1901
810 25
4365 280
5463 406
5855 1989
1001 765
3815 1956
4493 1840
5327 744
0 798
1204 1854
1331 1854
1504 889
6197 389
6250 230
375 1951
536 1844
949 446
4087 1201
4109 781
457 299
1090 1595
1469 1385
1859 1198
3507 1859
4261 1933
4325 1804
5080 536
1576 1320
5411 569
3990 1574
4319 1543
4933 801
1702 2009
5468 632
5793 280
116 76
1573 1320
4042 746
4417 1634
5506 1227
713 274
979 848
1839 1968
1933 1387
3804 1956
5379 679
887 1710
1179 1804
1420 1598
1680 765
3712 1859
4260 29
4603 67
1781 1612
3940 770
5881 594
6297 1085
514 181
651 1246
3356 1626
5440 1604
6113 131
994 1073
1483 1621
3649 406
3982 1210
918 1079
1476 358
4327 1592
6463 396
4353 229
4593 1102
5410 123
1556 1559
1577 1365
3803 290
1674 214
1767 1779
5423 1828
892 1933
1241 1571
1338 396
4387 872
5930 979
3993 1218
4266 1031
4361 1077
6280 1996
235 1837
712 1240
4342 1769
5745 176
5853 961
1405 1854
2105 1825
4000 1363
4074 1245
5470 220
5777 1474
201 1943
1262 756
5024 1348
5100 1040
5892 1378
885 74
1645 1596
3439 366
4294 1627
4760 1710
5023 1787
5047 1725
5338 1282
6252 1932
2203 306
412 72
4826 1541
1503 88
1759 1116
829 1263
5862 1805
5850 477
523 1644
1609 1779
1937 1621
4793 872
4913 347
134 517
1665 1425
1687 1944
5035 1456
6257 929
144 170
669 422
6204 2009
478 658
1705 324
4309 632
4465 1740
653 1797
1153 1633
1464 1234
3837 1014
4718 1155
6042 1825
1260 475
1534 1598
4893 1215
1259 1592
1349 1593
1539 1598
5581 2004
3157 1666
4811 1679
5258 200
5311 1471
6026 286
1866 1612
4439 836
5281 1513
5785 577
849 30
1938 765
1430 1705
1778 2009
5507 756
4307 502
4788 564
4969 619
507 2009
4170 1397
4462 185
861 487
973 151
4983 396
5576 1808
185 1501
738 1089
3996 1125
4169 1708
4810 564
5055 654
1306 1836
4416 1527
314 1397
1227 1228
4272 1920
4389 564
4982 926
925 36
1303 1523
3662 443
4076 1730
4568 347
4852 1834
5308 1747
2841 623
3656 1589
4064 1027
4394 522
4218 1432
4409 564
582 18
5296 1505
5329 1835
5525 1607
491 166
1119 1598
1221 1729
3629 1026
4257 1642
4419 10
4842 181
1319 1917
1467 765
1470 1385
1775 1031
4240 1607
4978 1982
8 1199
1312 1940
4129 2008
4174 1642
4412 1475
4492 1229
4957 1950
5686 1549
1505 1779
4095 746
4491 347
675 1222
1167 1401
5097 475
1150 1854
4165 564
4573 1679
907 1102
1148 1593
3829 468
4040 1031
5481 1870
6035 303
327 1947
5971 1309
396 1378
1174 389
1294 340
1925 440
3562 2008
5030 2008
1265 1935
5018 48
1048 1933
1223 1854
1246 1674
3658 1961
4748 1778
5852 1102
277 589
4706 1568
1450 340
4762 1825
5345 1058
5874 1967
424 925
474 2
1324 1594
2804 1434
5293 607
1342 475
4211 1951
5851 1102
4400 1317
5430 251
830 1747
899 1180
4057 1787
4356 323
4829 1579
4877 46
4900 781
6462 36
700 1214
1920 1126
5447 1679
6249 151
6291 1378
291 280
847 110
1206 1854
1255 1084
5209 37
1134 1854
4222 180
4784 1730
4979 1145
1564 1622
5409 238
6290 1778
1121 1795
4527 92
5562 303
561 607
1143 1598
3909 62
4081 1320
4463 347
1146 475
1290 340
4366 296
4486 1486
4743 1674
5500 1563
5518 56
4406 347
4953 651
879 1145
3828 1541
5220 1584
423 5
1631 475
5773 1278
854 308
1326 1596
5940 280
544 1478
1492 1360
4108 1623
4259 101
4985 935
5058 1735
5427 203
1199 475
4014 1373
4311 1623
4355 424
4481 229
4520 457
5906 1331
917 1895
5278 1548
5758 2002
908 417
1193 2006
1323 93
1379 958
567 1668
4138 568
4531 959
4482 1133
4487 1854
5368 1603
4085 1674
1329 1729
1344 1596
4484 1935
5044 1462
5051 1952
924 1310
1535 1223
1857 1614
3695 1894
1218 396
1686 1387
4051 634
4591 1989
332 1947
590 223
1694 1387
1701 1779
4300 1426
4547 29
662 277
888 1730
1144 1605
1595 1825
4176 123
740 1691
883 200
1142 1594
1763 1621
4817 48
4221 1302
4684 1568
4795 111
5084 1434
1883 1634
4569 1845
4962 1585
1594 550
4073 1201
4112 1280
360 1645
859 254
3848 1579
464 1343
1629 1140
4525 1377
4737 1645
1431 1598
1217 1462
1401 1530
4827 1759
823 25
1141 1718
4128 1715
484 262
549 1883
638 455
1620 1626
1268 399
1340 1718
4102 393
4386 897
506 1276
798 1684
4084 1464
4179 373
4262 1674
4284 1005
3206 1732
4500 1014
1411 1594
4147 564
4285 1464
6128 742
1515 2009
3563 1676
4806 1348
3830 886
1214 1594
1442 2009
4407 1278
2763 1746
4438 658
4659 1936
5004 1216
1473 1944
3997 1268
5389 864
5563 155
537 1442
2879 326
3680 1933
5071 1824
5282 1935
6064 83
521 548
1135 1855
381 1628
4374 1210
4705 1747
4830 559
969 1399
4265 525
1195 1982
5413 1541
1423 1598
5516 1782
1341 475
1130 475
4241 864
4350 1439
5760 744
6275 455
639 209
1752 1116
4072 187
4122 939
5305 391
5472 1967
4501 1835
1176 1594
1611 1120
3456 558
4380 746
5962 1983
247 136
4453 559
6198 595
557 62
575 1106
1149 1599
6157 1430
485 708
503 1241
866 1834
4068 303
1699 410
3203 323
5864 1580
5068 1933
4340 266
1293 1836
3618 1777
4512 1936
5092 10
6265 127
391 654
552 1075
1407 475
3158 512
5260 525
5774 1278
426 220
1624 1779
1685 1116
3859 1713
4029 1086
4096 1010
4636 1679
4841 617
5312 347
6455 1785
755 794
1270 1598
1642 1598
1758 1031
836 173
852 1268
4490 1280
4452 268
858 196
5424 164
5784 1503
6108 374
249 1917
6437 1899
389 288
3910 62
4686 1730
4990 364
1600 765
3609 1925
5377 547
5903 1478
6050 269
1123 1462
4529 1517
4155 1336
1347 1401
848 1431
4030 564
4052 1920
1288 340
4744 197
4798 138
911 541
5876 1584
1394 324
4770 414
1267 284
4032 1915
6346 306
742 64
1397 1605
1776 2009
4061 834
560 1434
4348 1256
5783 1263
1250 1599
4451 475
4808 1702
5425 1453
5794 1834
4545 935
4495 1835
4813 1759
6348 669
625 755
4154 376
1743 1383
4086 86
4472 23
909 1042
4063 1994
4343 932
5107 831
5509 1933
605 113
444 314
4511 475
4725 230
1248 1598
4098 1043
4454 1133
5063 1229
395 42
4011 187
5812 194
828 563
4779 1549
4107 29
5060 59
5360 827
5459 102
5759 1482
312 1932
4236 525
4528 1031
872 513
4496 257
4862 1679
417 150
516 324
4771 581
4863 1646
5073 781
4553 897
4892 1927
795 1720
4824 1309
5344 1058
1673 1135
884 1418
4804 1747
4302 1992
4375 564
4726 1970
127 1542
863 1320
1311 1530
3631 1925
4772 1623
4790 1363
1328 1124
5838 550
4090 1161
3816 952
4483 1835
4709 533
3814 541
3861 266
4479 1385
6086 1778
4338 781
4816 541
3588 695
820 125
855 419
4393 1336
4433 564
4864 1607
4838 1417
4541 229
538 1473
1295 1120
4077 76
5414 438
4751 1519
806 1907
4101 1972
4776 1543
4965 331
4238 525
4408 1348
4747 730
5429 1336
5877 2006
593 138
4339 1797
3847 1563
1053 903
4310 229
324 910
797 290
3617 1292
5037 1399
4516 376
1589 261
4144 1031
977 60
1230 1854
1410 1223
4099 1391
4594 181
4467 1509
850 1821
5460 111
4448 453
4767 1276
1575 1116
5085 429
4530 200
744 569
4376 564
4728 1031
4156 647
4708 1585
5061 1084
793 196
1264 1585
6077 1566
4812 405
4189 1679
1124 396
563 1142
824 1972
5146 1738
5947 102
515 1712
4382 1205
5875 1255
877 42
896 1261
4306 1236
4357 492
5863 1974
4809 953
4333 1607
4399 651
4015 1255
4100 2000
4555 61
4763 711
4304 1031
4561 590
4201 1442
4349 1513
4494 48
4596 1356
5108 1634
4873 1174
4554 654
4707 1585
5074 525
4575 1952
2102 250
4164 207
4807 683
4856 1834
5242 340
4125 168
4792 837
4896 1210
5280 1834
4592 478
5934 1177
758 1891
860 1989
864 938
4434 1604
4455 1835
4518 2002
5098 84
4695 83
4286 1689
4847 1787
5394 1943
4685 1960
4818 634
4989 951
5795 1397
4843 10
4507 1529
5321 1263
811 1088
4210 1486
4910 1842
886 457
4344 781
4385 559
4768 101
4388 1001
3839 1984
5613 328
818 2001
5494 1356
827 286
4271 1736
4517 67
4595 1925
6226 746
4750 1076
4894 1642
5326 876
4347 1256
4191 1932
5386 405
5419 574
4577 1822
5352 67
4177 60
4559 347
5412 1925
4395 440
4358 1280
4514 970
5491 330
4623 1495
4124 259
5034 347
4567 1456
5038 831
148 191
4475 271
4037 194
4848 1084
4460 1437
4192 755
4787 1348
5924 1966
4839 872
840 1312
4720 45
5036 951
5057 1410
4119 1668
5014 323
4069 837
4264 1539
876 231
5510 1557
1429 1594
4513 220
4334 1808
4658 1269
819 265
4570 1951
5015 1539
5603 1961
5508 1735
1269 1029
4791 1679
469 60
4188 273
4200 1471
5387 1825
4089 1925
5496 220
4574 667
853 1430
4140 1515
4897 1532
5458 106
4986 20
4576 533
4441 1146
4624 347
4560 774
4461 347
5448 1236
4769 162
4146 525
4502 1495
4546 1960
4562 1417
