img01c1.jpg img09c1.jpg
3096 4954
3035 4964
3067 4936
6649 8533
4289 6828
3623 5418
4346 7322
6650 8533
4034 7001
5757 9307
3123 4955
6645 8623
3529 5447
3066 4927
6706 155
5878 5795
4266 5657
5768 5768
4542 5847
625 644
6225 389
3494 5349
3531 5383
6655 8533
2542 4490
6733 435
3033 4934
2471 4490
6798 400
6624 8533
3131 4992
3065 4935
4316 5701
3034 4933
6625 7857
6240 389
142 188
3573 5447
2537 4490
3097 4951
3093 4930
3848 5461
6643 8467
3645 5294
4079 395
3533 5418
3063 4925
4366 470
6196 232
3524 5447
476 501
5703 3116
6047 7512
2402 4647
3374 5304
4434 5816
5929 7394
6560 5737
6654 8484
3580 5430
3413 5304
3456 5252
3410 5252
3815 5461
4379 5847
4977 4947
5887 9197
3521 5252
5675 7880
6876 8894
3480 5304
5819 5791
5830 7394
5743 5762
2469 4619
3452 5252
322 327
442 7880
3135 4968
3949 5589
3122 4955
312 378
3962 5732
3185 4925
3371 5304
5813 9307
3577 5383
4345 7001
3134 4969
176 210
522 413
3904 5570
521 541
2336 4490
377 655
3609 5298
540 9153
3478 5304
3515 5327
3450 5304
3518 5327
4288 529
3031 4963
4160 5692
6044 250
4104 5656
441 7889
5734 8945
2621 4739
3730 5277
536 567
3484 5304
14 9046
2149 4204
3276 5049
3487 5252
479 523
120 210
3519 5269
3681 5298
2616 4576
3678 5298
3415 5327
4570 5834
3526 5352
6224 243
3133 4943
2777 4784
6570 7095
3513 5327
3136 4951
3507 5180
6686 8511
6873 485
3120 4969
3168 4940
6517 411
237 285
3562 5327
4029 400
4061 467
3608 5327
5852 203
6578 411
2628 4596
2831 4784
3298 5049
5176 6387
5431 9276
3713 5255
4609 5791
4303 5696
119 194
5044 5657
6574 593
438 484
5759 3072
3532 5379
4367 268
6590 489
3614 5448
6046 7524
6321 7857
3830 5401
2463 4692
4127 5105
480 3351
3240 5072
3797 5401
3578 5416
6184 218
6671 5105
3959 9228
3984 5541
5777 5787
4014 8594
5563 9664
4451 5791
5609 473
4431 5762
474 512
2400 4787
2474 4593
3748 5416
5996 250
2387 4490
518 559
3493 5383
6178 403
5550 9643
4571 5817
4557 5817
2627 4596
3575 5447
4464 7321
4711 5926
3527 5394
6152 9218
3654 5412
4598 9342
5741 934
5965 243
6246 127
653 676
5797 9146
6673 8665
5746 7889
2615 4490
3800 5447
3890 8524
6581 5732
2561 4592
5267 6470
5795 7374
5847 5791
3061 4916
5921 9176
6642 8466
3078 4643
3167 4927
3579 5430
3570 5447
4369 5847
6653 8533
5301 407
6141 9235
6582 411
469 501
3655 5459
3834 5459
5592 6886
3624 5459
4365 9834
4709 579
5735 250
2399 4739
2544 4490
2833 4732
4105 5692
5199 6462
2397 4490
5553 9644
5654 8243
3914 5509
508 400
2396 4486
6142 5672
5856 8886
426 473
3574 5352
5707 3116
2486 4596
2190 4204
3020 4761
2908 4432
3672 5180
5817 5837
3691 5451
331 407
6527 307
5571 8555
5890 5394
2683 4596
3047 10659
631 7394
3095 4993
3225 5064
3383 5014
3932 5544
5043 5541
2464 4490
2538 4476
6265 8906
6711 8191
3560 5298
5881 7394
2885 4490
3618 5459
3384 5117
6177 191
6247 3072
4287 7176
5892 5795
258 373
3774 5447
5738 395
5868 8906
373 943
2552 4592
3103 10659
3616 5448
4461 5767
5357 8958
5823 389
387 451
2559 4592
6025 7516
234 587
2546 4466
2625 4592
3858 5447
3916 5573
5091 8511
5814 8880
6694 5513
2553 4592
2670 4692
3100 5474
3739 5298
6552 403
3429 5727
3814 5447
4436 5834
2543 4490
2564 4596
5445 297
2847 4845
3008 4692
3121 5023
539 285
2626 4596
457 498
4465 5791
5536 7286
172 48
281 299
3263 5075
2560 4592
2632 4597
4526 5837
6668 8243
509 555
5845 7321
3864 5510
5347 6546
6365 7880
1079 1344
2629 4596
2620 4596
3337 5186
3362 5186
4863 8958
5201 6428
6269 244
5668 7095
3528 5377
2391 4465
3085 4759
3256 4991
4332 307
5874 5708
343 9228
561 838
2792 9368
3046 4482
5198 9091
4305 716
4501 8929
5309 212
174 210
2684 4596
3233 4966
6619 5696
6659 8511
5635 7857
2783 4643
3330 5133
5800 5795
6811 8243
151 179
3490 5269
3571 5379
3711 5326
6828 403
463 512
2483 4592
3018 4759
3126 4845
6605 439
3525 5377
5700 7769
615 8853
6597 8461
6791 5589
2473 4596
3213 4966
6666 8511
2404 4592
3431 5117
3683 5447
3079 4643
6190 8623
6604 9918
2556 4596
3530 5377
3652 5354
5656 9834
4112 259
6639 9039
3621 5461
353 9135
2470 4619
2407 4656
4540 4698
5936 9495
623 4772
2401 4619
2563 4596
2668 4787
3032 4933
6497 259
6548 8646
461 9797
6168 9235
3566 5269
6511 389
3221 5043
3544 5117
3810 5244
5156 8707
6760 8906
2832 4576
3457 5264
567 401
2739 4845
3380 8461
4432 5788
5542 9065
2462 4727
564 307
2630 4596
5195 6387
157 74
739 448
3212 4992
3973 393
4621 5852
5998 7463
6419 389
1793 3371
2482 4592
3852 8576
2467 4490
3354 5133
2472 4592
2623 4656
3261 5075
4638 5905
2403 4596
3265 5065
2545 4466
3686 3310
4371 5787
5372 6556
6796 5645
2675 4793
619 864
2631 4592
3151 5023
3742 5287
5217 6546
6635 8599
6764 10589
2720 4490
3007 4787
4248 7678
2475 4597
3308 5133
3833 5447
707 8212
5136 8642
5568 8995
6198 7769
6783 218
302 378
2736 4656
2776 4466
5970 8719
2555 4596
2834 4581
3019 9664
3432 5127
3619 5383
4433 5799
6514 6828
2638 4108
3901 8492
5559 769
2539 4569
4417 5778
5876 7337
854 895
5695 7286
6399 410
2730 4643
3268 5096
3335 5219
6850 400
339 244
2685 4596
2942 4715
3405 5287
3467 5108
4372 5778
4994 5522
665 683
5458 6664
2485 4596
3286 5198
5073 5003
125 190
448 8906
2554 4817
2938 4565
3226 5062
4354 242
4153 4759
2672 4787
3048 10659
5532 7394
3241 5065
2735 4581
3303 5120
2161 4204
3199 5060
3572 5440
6753 8620
660 678
3339 5287
2466 4466
2624 4596
3053 4753
3198 5062
4304 5105
3717 5392
4473 5877
5605 10263
5816 7374
2614 4490
2976 4589
3118 4941
3747 5447
5877 7394
2881 4784
5677 8364
773 442
2389 4490
2541 4473
2566 4845
4418 5877
658 685
2681 4813
2406 4592
4391 5425
5928 7406
268 378
638 873
2392 4569
3685 5447
4462 9106
5562 6876
6432 6261
6586 6756
2394 4692
3715 5392
285 556
511 8159
2883 4490
5722 9834
2830 4482
3280 5099
3385 5120
4500 874
6431 8512
399 7889
512 7691
527 9834
2395 4473
2540 4490
2786 4820
6788 9476
2962 4626
3743 5447
5430 6694
1848 3352
2468 4619
3746 5379
56 138
3014 4589
6478 6372
553 244
3459 5345
3576 5392
1254 1773
308 331
354 8623
622 7394
2489 4592
2789 9660
5116 6311
5561 6886
263 294
2843 4714
3846 5440
4608 5791
6097 9264
107 190
2727 4581
3080 4643
5092 8170
1753 3200
2839 10659
3102 4776
4404 5791
4512 5786
6336 918
2479 4581
2794 4707
4569 9112
5155 6428
6846 8929
5665 1529
2732 4656
2838 4643
3506 5180
4463 9297
4476 5786
6779 9213
6812 8755
2936 4643
3689 5459
3777 5449
6651 8534
3408 5294
5180 6428
5556 830
298 398
2593 4205
4513 5793
2893 4667
2940 4797
3714 5287
3745 5447
4265 830
6400 7727
6476 467
429 490
572 587
2835 4793
4499 5799
6672 8972
3766 5220
4606 5834
5833 268
3169 4969
5594 5806
6300 2018
6799 400
488 532
1514 9852
2516 4205
3488 5269
1256 7031
3485 9131
6546 656
304 369
602 484
1379 2075
2633 4670
2689 4706
3253 4932
3783 4886
6664 5565
2935 4581
2953 4431
3403 5219
3620 5430
3749 9660
3796 5287
310 376
397 469
3166 4925
3960 5570
1410 2177
2355 4204
2687 4757
533 1894
1782 3382
1827 3267
2778 4692
2798 4890
2894 4754
2934 4581
3453 5264
5818 6875
5946 7374
2680 4581
2939 4793
3341 5287
3407 5215
3865 5522
4004 6546
5639 473
6162 8759
169 186
2488 4597
3597 5180
6710 8618
328 378
603 9430
2547 4592
3610 5287
544 579
5552 660
6561 10650
133 74
6667 8491
2480 4598
2980 4758
3481 5269
3918 485
557 389
3009 4787
3516 5253
3637 576
5582 8973
6596 3457
388 419
3016 10659
4475 5786
5740 355
470 520
3052 4803
3612 5385
316 328
2481 4592
6020 9448
171 187
319 386
835 478
3171 5023
3682 5287
4474 6841
6701 8544
3522 5269
3811 5287
6585 9424
153 157
609 435
2635 4793
5344 9630
5434 7286
5775 9422
3193 5049
3201 5117
3367 5215
3460 5240
5832 446
6713 8485
6770 8489
3831 5287
3832 5440
3880 9530
4556 6828
5425 9136
828 934
1062 1331
3427 5049
4006 8364
4622 7321
5625 8555
827 6250
1784 4918
2782 4581
3771 5324
3813 5359
4150 10599
5518 5541
520 407
2465 4498
5172 10262
6220 250
6801 9320
1238 5018
3389 5132
3731 9574
5358 5701
3115 4917
3744 5377
6569 9201
4658 863
5636 8759
2562 4592
2731 4656
3091 4963
3546 5727
3617 5392
3650 5354
3716 5447
4315 8316
5361 8829
6683 6353
3174 5032
3799 5377
3812 5392
5414 9132
6366 587
1807 10589
2405 4819
3150 4941
5642 8212
1820 3404
2943 4843
3773 5406
6236 7864
6665 8504
2487 4592
5444 6694
5802 9345
740 6293
2795 4715
2882 4737
2891 4593
3010 4780
5066 8503
6721 5528
211 253
3638 9276
3837 5528
252 278
686 729
3416 5287
5551 6841
5678 6791
5784 9442
6058 7512
597 6656
1897 435
2557 4581
2599 4355
2827 4490
3740 5287
5216 8576
6378 403
3656 5430
4963 4946
3387 5113
5584 8796
6523 943
228 285
2952 4430
3214 4955
217 8339
221 677
1270 1765
2679 4581
3105 10659
3186 4929
4219 8973
791 403
2548 4596
2549 4581
2840 4793
3153 4969
3776 5466
6453 4809
338 401
2550 4670
2671 4490
3548 5086
3912 5498
378 9354
485 533
2333 4679
3594 5120
3994 8522
2558 4592
2676 4666
2889 10659
3254 4925
3419 5269
5505 7286
5766 7261
6781 8711
2398 4571
2771 4482
4264 2784
3107 10659
3190 4955
4991 364
2297 4611
3044 4787
6172 579
3012 4581
3523 5269
257 378
2298 4205
2636 4758
2825 4679
2836 4819
3670 9472
6029 3265
568 426
2773 4491
3283 5166
3421 5264
3836 5451
5371 422
5510 637
6614 8599
548 565
5341 9100
5951 556
6491 8323
5473 1690
6809 589
6861 307
2151 4224
3568 5240
3827 5287
6622 8485
205 580
491 4362
2972 6841
3679 5287
394 457
1002 7949
3412 5259
3430 5120
3647 5240
6620 8516
632 5763
1103 218
1898 401
2332 4679
2490 4592
5238 5599
5557 6791
2985 430
3435 5131
3613 5379
4378 958
5891 5427
259 307
284 589
3309 5207
5133 6294
589 478
4607 456
4623 4786
5381 7574
5926 5349
5979 8680
246 5635
2520 7322
2669 4490
3795 5324
3850 5505
5237 8707
5486 608
6469 8323
4182 7678
2551 4592
2975 4643
4218 477
4572 5791
5624 9136
6213 9409
6628 8474
2887 4589
3116 4978
253 279
624 5804
800 630
1171 1575
2651 9105
2622 4819
3086 4852
5398 580
5815 5264
6820 589
810 2982
2707 4626
2895 4807
2979 4754
3104 10659
3188 4940
3307 5133
6253 4918
118 48
1734 3302
3081 10659
3791 6511
6292 10670
3719 5411
4054 7771
1081 9146
3287 5133
6424 8153
6749 656
529 5678
3653 3310
5978 6526
6133 589
853 916
3928 5512
219 9212
1187 1571
1581 8933
3388 9635
421 607
799 244
1480 7261
2619 4592
2634 4596
2888 4643
4146 9356
4179 9294
824 203
1191 1618
3611 5240
5261 7134
5367 1375
106 190
121 117
593 6656
3762 5164
4139 4759
2981 4762
3218 5049
4573 9574
5302 541
620 7374
3211 4916
5753 8853
1207 1647
2187 4241
2886 4589
3270 10206
3688 5430
3859 5466
5682 7286
6754 1402
6790 9127
554 8238
2393 4480
2969 4490
3351 5127
3370 5294
4114 8364
396 462
2484 4793
5468 389
513 8194
2425 3897
2775 4490
3117 4917
6100 9089
6737 6449
3563 5269
3615 3310
5258 5623
3222 5044
3406 5254
4147 4824
4364 580
4489 874
5118 8205
2719 4490
4377 366
1294 1924
2565 4581
3152 4969
3545 5120
3595 5144
3845 5437
4435 5816
18 17
2141 3588
2211 2032
3775 5379
4042 8492
4450 5793
5042 6349
5094 8640
6652 8535
4124 9629
4325 5762
5619 9040
2892 10659
3249 3173
3340 5287
3549 5133
3970 5541
4352 8658
6719 8639
159 190
585 4907
2160 4204
3772 2018
5175 6348
6471 9073
194 208
340 8853
3414 5253
3870 534
4430 9342
6083 7574
6123 5626
2738 4865
220 9228
2740 9664
6054 1451
375 446
2733 4596
5925 9153
526 9828
2163 3431
5177 8170
6765 8645
295 259
3752 5451
4137 483
6314 7987
337 807
556 608
1815 3267
3278 5092
5132 5511
5173 6361
6153 10566
6644 8536
1020 414
2515 4205
3239 5059
3327 5133
6187 605
6883 9343
216 262
995 8160
2890 10659
2964 4386
3238 5042
5190 8535
6756 9083
162 242
274 7741
2618 4490
2744 4837
2785 4656
3305 5096
3504 5086
929 1031
1182 1611
2770 4382
6879 7972
282 396
3084 4845
5610 213
204 9022
3017 9368
582 600
3173 5049
3873 6510
3874 560
3875 10126
5606 9766
1185 8476
2434 7285
2974 6879
3390 5133
3469 5180
3902 9079
3948 7041
2126 4204
2272 4679
2335 4404
4135 9228
5512 9823
6717 5589
403 624
823 870
2674 4704
3915 7286
4405 5839
6679 5502
659 9246
2682 9633
163 5449
300 8853
535 9135
4152 4824
5015 3233
5469 9412
5888 9834
1804 571
3888 5512
5604 513
371 5787
1053 1313
2841 10659
2933 4490
2978 10659
3192 5032
4142 4754
6301 620
6421 8144
1865 413
6004 5807
301 9228
1795 584
3517 5251
4198 7678
4663 557
5119 8191
254 8512
575 585
769 47
1342 3132
3083 9661
3929 5520
3163 4917
3646 2018
3985 8641
1158 1529
2884 4490
3847 5353
3961 9875
4514 5791
5197 8661
6858 584
91 120
2189 4241
2239 4284
2688 4845
3505 5133
3511 5337
6789 9430
138 172
309 5604
473 10558
3055 4857
4864 448
6441 8148
3302 5118
5223 7134
6218 9062
462 5504
2718 4471
2793 4822
2984 4860
3311 5179
4247 264
52 4624
2779 4692
2848 4758
3049 4793
3255 4992
3345 254
4126 9737
5194 8639
6503 8205
2328 4678
4626 5264
6854 8865
335 294
842 6250
1678 5625
6098 630
3306 5166
3649 5352
4783 8849
5395 567
3194 5040
3260 5059
3402 5287
3503 5086
4330 5695
5231 212
6255 7919
6623 8485
122 199
389 7321
1181 9264
6682 9186
4306 5727
5041 5510
2823 4386
3179 4840
3366 5219
3379 8450
5068 8558
5122 9520
209 3378
305 354
3668 5103
4165 4823
4401 830
6739 5529
222 240
1293 1054
1676 2078
3050 9633
3074 4787
3295 4964
3316 5186
3943 5454
5883 5791
6261 6894
414 8914
3633 8723
3824 486
4044 8597
5588 8995
6176 540
2517 5788
3822 5502
236 332
294 9480
1168 1577
2673 4656
3043 4787
549 578
2927 4490
4599 5657
5908 1765
5947 7416
6684 8528
2513 9877
2971 4787
3471 5335
3732 5180
6324 8012
1835 3422
2880 4482
3062 4964
3373 5305
3593 5075
3897 5451
5170 6358
5249 212
460 7196
1335 3267
3119 4925
3350 5127
3952 9060
4045 5594
5593 6887
501 9918
3139 2893
6121 9311
6612 8533
134 48
2780 6879
3426 9340
5427 6698
3232 4928
3328 5174
6116 9164
2722 4469
3082 9661
4605 5846
5449 9520
5745 5780
2941 4819
4184 4823
5183 409
6747 8732
525 608
17 16
346 7787
2677 10659
2729 4656
6111 8658
641 7340
655 688
2568 4849
2613 4679
2829 4578
2937 1081
3075 4787
4615 2018
1011 8862
3299 5081
3310 5133
5065 6312
277 7479
873 7095
2455 4679
2476 4666
3077 10659
3158 862
3245 5115
3300 5014
3329 5133
5893 7407
6019 3233
1142 9100
2477 4592
2665 199
2772 4483
4628 4432
214 8995
542 8934
3561 5253
754 515
2436 4624
2721 4490
3401 5210
3509 5215
4390 5773
6053 6250
6170 5381
584 9294
808 2017
1601 608
2710 4867
3237 5032
5930 5807
329 371
4612 9342
560 5696
664 692
961 1158
2567 4843
3644 5262
5886 7770
6712 8474
471 5642
766 4973
1856 1715
3197 5036
5153 8544
5693 6325
496 4362
2531 4679
3938 9875
208 230
2828 4729
3369 5236
3411 5270
3486 5292
6254 5701
325 8510
3073 4490
5023 10440
5687 5163
6067 7075
6293 7690
230 274
510 442
643 667
1844 3459
2699 9105
3207 4899
3346 4943
3648 5447
3684 5352
6320 1765
3705 5202
5587 8486
6252 1618
2383 4679
4087 4897
4992 530
5796 9329
5801 5837
6702 6447
1466 3678
5534 495
6696 8686
1022 1231
2287 3549
5121 5548
1304 439
4440 9954
6867 6402
158 190
606 608
870 1528
921 1082
1371 1529
2928 4680
3243 5075
3651 5355
3931 8191
4429 5945
5846 6875
130 120
1123 243
1362 2018
2768 5459
2844 4845
3244 5061
4149 9667
4602 5287
5028 1618
4181 477
4399 7770
4600 5264
506 477
2604 4540
3550 5180
735 767
775 958
3234 5023
3242 5074
1823 3412
2973 4656
3015 4643
3267 5166
4583 8355
4617 9375
5859 5791
147 1806
2900 7796
494 536
3266 5166
6877 5648
2863 4202
4166 9660
543 9218
928 1103
2068 9797
2235 4204
2849 4853
3323 4991
3604 5213
3785 414
3889 5528
358 432
2965 73
3288 5127
3404 5287
3433 5136
4723 269
5402 6723
5513 7642
2461 4402
2920 4626
3068 1723
4574 5731
5673 6426
265 277
2460 4402
2734 4656
2774 4490
2963 4626
2970 4465
4480 5852
6011 7502
541 608
634 75
1872 3423
6538 5737
141 117
262 293
404 450
2929 4482
6699 6370
286 348
1339 493
1830 8717
2959 4624
4017 1715
531 5656
2194 4204
2791 5816
3006 4733
3501 5019
5235 8450
1206 232
2165 9386
2186 4241
3164 1723
3183 1723
3442 5316
26 72
2125 4241
2129 3588
3596 5144
3643 5254
71 163
577 1618
1855 3233
3352 5127
2150 4224
2760 4303
2802 5808
3051 4589
3348 5120
4100 2018
4590 190
6107 8916
227 541
382 398
613 6226
3394 5316
3936 8558
6434 8148
941 1075
2968 4482
4478 10499
464 508
2158 4147
2977 6880
4148 9356
5422 7787
5540 8486
5752 212
1421 1195
3125 3133
5144 5808
156 181
1083 1368
2241 4152
3191 5023
6151 6250
6159 364
6641 769
537 9063
1453 1154
2478 4581
3011 4581
3428 5014
3489 5292
4477 643
6210 493
6882 9295
323 367
3671 5731
4502 5828
5090 5509
6479 8723
6662 8623
3896 5478
3950 4950
2601 4444
2756 4626
3072 4467
6206 7771
2234 4374
4145 4600
5935 9164
6680 9161
40 4626
2743 7796
3473 5152
4656 7374
5376 10609
5889 7351
6191 3242
6870 8974
1592 1185
2295 4284
3092 4963
3801 3076
4074 4993
306 8929
2155 4204
2787 4773
6085 7560
6323 8597
114 120
1063 1332
1088 531
2509 4670
2764 4679
5570 10262
5831 5780
6233 5656
326 7249
412 9534
2724 9356
3279 5059
3391 5134
3803 5470
6251 448
38 102
528 486
2350 4152
3106 4667
3154 5099
3368 5236
701 8461
3246 6402
3325 9107
4131 5783
4589 4472
168 210
1866 409
4564 4886
4594 8381
5480 5115
1264 6644
2646 4434
3933 523
4138 9347
4624 5645
6307 9059
6609 6262
6663 5522
95 138
830 10587
1801 3368
2643 9105
2751 9105
5590 456
22 17
2590 4194
4230 1906
5869 1598
6305 9060
1854 3450
2093 3713
2154 4204
2429 4284
5560 6880
786 1894
1364 608
2212 1915
2458 4404
2842 4587
3559 5251
4610 5287
6194 7757
6195 5657
6463 8543
1761 2290
4119 2018
4267 9900
1054 8719
2245 4446
2923 4626
4525 5835
5181 8492
6842 8690
23 17
1900 3420
2608 4391
3200 5057
3282 5124
3592 861
5021 8170
1386 5273
2124 4290
2617 4482
3718 5430
5040 8474
6621 7014
635 5762
1077 6396
1576 9063
1650 1501
2781 4581
3013 4589
6787 5276
36 10588
43 96
493 9916
1310 1083
2101 3588
2252 4313
2726 4472
4003 9903
4167 4763
1111 1451
2353 9105
2514 7403
5056 7056
5834 5427
2967 4726
3635 10420
5502 6502
6056 4886
6483 4653
48 152
583 1618
1927 5589
3558 5253
3851 10604
4922 1706
4002 6294
4171 9660
4667 9910
5178 5513
5803 8896
6437 8149
1045 1611
1611 608
5488 1715
6026 8546
1030 6117
2157 4285
2301 4296
2431 4150
2453 4382
3805 1375
4567 1919
5093 8595
5705 495
6128 1972
99 96
1612 8599
3447 5215
6832 5537
2701 9105
3669 5144
3860 9346
6138 576
144 148
1160 1576
2274 4455
2349 4284
2932 4482
3054 4854
3353 5162
3381 5010
5530 5566
6454 8158
1781 3372
2456 4679
2598 4354
2784 4819
4223 4787
6859 617
759 618
1703 5474
1928 8489
2594 4666
1043 6249
1288 3280
2571 9136
2958 4623
4161 4804
4541 5817
4601 654
4670 6862
6740 8664
6815 8853
1192 1195
2422 3891
2749 9105
3409 5270
20 17
370 7710
666 691
1538 2815
5620 6276
27 883
376 5854
859 1642
2686 4865
2745 4829
4940 414
5348 212
5793 460
5984 6325
2812 4626
505 285
3272 4992
3476 5262
5148 8520
6640 6623
5943 4253
6613 6295
6865 8864
866 1528
2379 4679
6839 8864
2917 4626
3872 3478
6752 6348
3142 5500
4579 233
5938 7437
431 10589
805 232
185 197
546 6913
1124 7715
5251 9052
233 677
626 452
1096 1195
2347 3792
5692 9421
6492 1251
207 852
881 780
1773 10245
2334 4394
2845 5498
3257 4969
3640 5180
6475 7350
472 523
517 6951
1738 5565
2694 9877
3891 5531
3946 10561
6657 8536
270 323
1746 162
1846 7686
2062 10461
3274 4969
3639 9472
4178 2371
6715 7096
454 7817
1176 1112
1420 2269
2853 4853
3840 7771
3893 8732
248 1985
2505 3961
2511 4200
2700 4611
2913 4434
2931 4482
3285 5099
5555 1488
6266 639
320 540
1258 212
2198 4353
2384 4679
2728 4656
3248 9028
3360 5153
4164 9356
4175 5926
481 5644
1170 1558
2193 4228
2305 4204
2658 4541
3098 10164
3475 5215
3757 4855
3956 5517
1758 3315
2877 4382
2994 4676
3005 8896
3547 5120
3857 5447
3882 1241
5360 8719
6750 6510
639 455
1836 3438
2308 4204
3189 2143
275 378
661 687
2153 4247
2644 9877
2910 9877
6436 8142
49 96
2930 4578
5346 5132
1762 8600
4645 8865
5607 10247
2767 5791
2921 4626
4595 9692
4627 5287
5117 6397
5487 6325
5549 10549
63 9861
264 320
2183 4152
2878 4721
4072 7771
751 2323
2817 4626
4392 9644
6241 9429
6714 3200
1140 6823
2134 6374
2645 9105
2867 9305
2997 4626
3514 5288
4185 10619
4423 7770
4915 10205
3437 5153
3541 5029
4040 7096
6727 6399
6841 10468
384 1216
1115 2784
2192 4241
2587 9105
5864 10565
402 3233
532 2018
1120 584
3706 9472
247 285
267 290
2351 4434
4035 7378
5375 6298
5554 6823
6693 8995
487 3212
502 7123
820 5737
2061 665
2103 5549
2145 3736
5377 8068
6185 10240
6583 5724
6698 8205
198 225
391 1339
2123 4204
2865 9877
3393 5192
4089 6291
5608 3613
6438 8147
6573 9421
1431 2164
3957 5519
4448 5633
150 111
289 477
780 553
1697 10672
2146 4239
2610 4679
3219 5043
4649 8929
6472 8509
2454 4679
2661 4726
4671 7374
6782 46
6852 655
586 10607
1845 5433
2663 4391
2715 4387
3045 4784
4437 8934
6771 8643
555 9063
1816 6823
3763 3333
4134 5072
5618 8485
6670 8511
218 236
889 9059
2159 4291
2755 4626
6155 7686
6748 6426
826 4711
3492 864
4415 6372
5541 9947
6403 8114
303 285
604 1186
685 724
2025 828
2874 199
3600 5316
2706 4626
5629 9667
200 221
2148 4434
2261 4314
2713 4679
2899 4836
5161 481
5977 5607
3038 210
482 3173
2280 3622
3510 5155
3567 5251
3798 2018
5767 7249
4580 5323
5239 413
2188 4194
3727 414
3809 5288
4116 2018
5193 6396
126 135
2870 4444
3195 5044
5067 5549
5089 10220
5470 1324
6600 9987
1404 2240
1834 3404
2072 8510
2591 4434
4535 5737
5581 5310
46 141
465 1897
895 1000
2765 146
3000 4539
3468 5120
4414 7770
336 1995
671 698
993 1736
1200 5841
1579 6071
1787 5287
3224 5043
5945 7401
6223 9164
155 173
186 10661
188 7920
863 920
2388 4402
2716 4542
5135 8190
5661 6711
192 205
408 299
2612 4679
5591 9664
6880 8904
25 9861
822 863
1243 1178
1819 3410
2535 4679
3040 4386
3677 5292
3753 5451
4444 6372
6175 515
367 10355
1821 3412
5171 9987
1380 1368
2166 585
2327 4394
2919 8895
3458 5345
4497 10355
5020 5544
5442 8847
803 7954
2233 4434
2304 4437
4174 736
4586 5833
5252 6419
5501 2506
5726 9131
231 249
1624 8545
1805 538
2178 3713
2607 7322
2788 10659
2837 4581
4111 460
5154 10404
2712 4679
2860 4431
3497 482
4170 4759
6143 9008
61 96
599 10669
4452 6351
4523 6828
4550 9574
6214 6894
6722 10604
477 503
627 7374
2152 4203
4634 5514
170 193
1183 10516
2649 9105
3324 4969
3555 5155
5322 8493
93 53
1201 541
2056 3792
2856 10609
4077 5611
6878 9995
1095 5277
1447 2309
3930 5512
4046 9445
4151 4807
5573 531
6402 9753
432 315
2144 3723
3076 4468
3281 5059
3687 5460
5498 5773
5858 6875
58 138
140 115
1227 6790
1502 6250
1591 9002
2088 4058
6718 8506
173 194
468 315
2156 4205
2296 9105
3599 5182
181 7337
356 490
484 1270
1752 6955
2184 4334
2790 4302
3258 10395
3937 8594
4168 4759
684 718
1153 1563
3124 5004
3196 6660
6304 7981
30 4626
83 96
2330 7338
2947 4833
3342 1659
3552 5153
4641 5629
5633 9379
500 487
2267 4444
2664 4679
3099 4965
3586 2752
4560 364
290 298
892 6723
2380 4679
3293 6325
3318 10253
3626 5614
5485 1418
6700 3444
1237 1739
1550 2018
2213 3645
2708 4626
3264 5059
3905 8597
70 0
1073 1371
2237 4334
2742 10672
3223 5052
5342 7502
6510 4886
1279 1186
1802 3404
2412 8983
2809 4436
3331 5157
5666 10206
5812 6474
6179 9346
6227 10253
2122 3736
2203 4624
2667 4490
2763 4679
2820 4386
3630 6041
3884 5479
5771 7431
6055 7534
6736 543
143 190
478 8191
1324 1887
1511 2523
2098 3423
2273 4386
6325 8015
6773 5737
1444 1690
1806 7383
2690 4708
2717 4386
2753 5800
3149 4963
5944 9366
6306 5850
116 6749
407 354
1567 9694
2052 3729
2378 4393
4527 10355
447 5642
1471 2304
1491 2301
1706 3088
2119 3961
2452 4405
2983 4853
3177 3144
3551 5706
175 194
2600 4356
3273 4969
3733 3753
4852 5420
5927 7416
75 120
2085 3665
2356 4205
3372 5270
4129 9347
5408 608
657 684
831 3318
1756 6711
1959 3708
2354 4146
3569 5331
6033 7501
6129 9311
28 4626
315 9002
764 493
3722 8754
3786 6140
4396 736
4442 9954
6086 7560
6507 230
1276 8461
1760 9235
4132 9347
4487 5012
1224 9910
2084 3737
3769 5288
4422 7770
4967 5420
6031 7513
80 9820
446 3500
545 9063
2329 4726
2368 4311
3259 4998
3535 9084
3820 4861
4200 7776
4363 2715
6843 8827
1748 680
3439 3753
3802 3076
64 125
953 319
1122 5525
1671 7603
2821 73
3451 5270
4373 1301
5583 6791
1018 1765
1232 3156
3087 4851
3229 9296
3296 4969
4130 9347
5882 5791
970 1375
1319 1770
2819 2971
3420 5330
6741 8621
418 787
3001 4626
5572 8594
5667 5753
5949 7433
6821 1575
6835 3676
42 96
78 150
1014 7123
1021 7531
1943 3527
2916 4539
3764 5313
5236 3381
129 175
1261 1855
2289 3713
2873 4626
4028 8557
5631 6935
6440 8150
420 6951
694 438
913 5784
1291 1896
2869 4624
3917 9941
4632 6798
4898 493
5435 243
416 428
1400 2179
3589 6829
4546 603
1392 2146
2242 4347
2457 4679
3215 5023
3230 1529
4323 426
4683 10443
871 530
1577 2591
2317 4624
3557 3272
206 477
1017 6250
1278 5980
2532 4726
3356 5147
4370 6781
4896 8783
6844 10670
6884 5029
167 180
393 443
1349 1054
2263 4305
2925 146
4587 864
5460 10388
5628 6933
5764 9610
6498 8954
6851 9867
369 5855
2240 4437
3023 4837
3397 5154
3690 5451
4186 4759
6813 9520
1315 1178
2059 4058
2444 4315
2510 9105
2811 4347
3781 4857
4620 5860
2278 757
2411 3947
3175 5043
3176 4879
3322 5903
4939 6680
5829 1571
1228 1365
1313 5955
1543 1411
3170 4969
3434 5689
4413 9954
4897 5705
5202 8243
6158 651
883 487
2210 1829
2954 5399
3386 5083
5503 9007
6772 524
6855 8866
630 645
1359 1854
2357 4594
3071 4775
3355 5182
3498 9131
3701 9916
4144 6763
6423 8147
1266 9311
2754 4626
3041 4679
3140 4864
212 9674
225 5611
1874 3873
2433 4224
2603 4624
3418 5292
5615 6791
6429 2018
405 648
1459 9256
2386 4483
2999 6782
3203 3144
3396 5153
3871 9346
6738 9219
1245 2153
2358 4204
5909 2038
1382 2164
2678 4581
96 163
1810 3410
2070 10602
2269 4447
2752 9877
4425 6372
386 4713
2966 4354
3165 4916
4426 2849
411 9633
444 477
1301 515
2866 9877
3042 146
3983 5520
650 8212
802 1618
2238 4290
2766 2971
3002 4386
6140 3252
199 8685
1110 9506
1765 1633
2196 4624
3269 5087
4122 1800
4679 557
5948 7406
6106 384
6723 8563
164 168
483 381
499 10355
2310 4313
2432 4224
4075 10670
6589 6325
202 9823
704 88
3138 1773
89 5426
425 350
2926 4382
3969 5527
4389 5612
5269 6415
345 490
3977 8149
139 48
2232 4204
3205 5532
2116 3736
3886 5490
3907 3452
4117 6814
4412 9490
4520 7499
4633 8929
178 4711
644 658
1326 6542
2294 4434
4528 10138
5577 696
6450 9001
569 1705
2609 4679
3315 5154
3454 5270
4699 10654
1575 6788
3148 10415
4582 6426
5765 6502
5850 8522
1019 1433
2121 3713
2526 4626
2957 660
4076 10670
4673 7431
5149 10131
910 826
4551 5065
5038 448
2291 3796
2872 4626
3294 4932
4498 5775
4553 7537
240 487
811 5091
1049 1613
1912 504
2095 559
2320 4313
2536 4679
3057 4856
4110 7356
108 4602
2260 4624
2312 4313
3235 4969
1811 3404
4026 548
6228 2894
950 493
1075 3036
1871 3458
1926 7474
2262 4353
3236 5383
6308 8017
84 7395
566 253
1468 2156
2704 4445
3634 9900
4101 4468
6319 9379
6685 8509
1333 6298
2428 9877
3217 4971
3538 8885
5472 310
5732 1113
6826 8732
37 9861
1239 10443
2440 4624
2596 4306
4085 9767
6829 8937
1038 212
1515 2450
1814 3265
2703 4310
2762 9662
2876 5791
3921 3437
4187 4824
6327 8580
424 10550
452 3173
2089 3729
2236 4228
2659 3050
2737 5914
2799 7796
4062 9486
5110 1742
1721 3120
2611 4679
4005 4824
4629 452
5200 6415
6536 8278
35 85
368 477
1052 543
1145 1491
1751 3326
6533 6325
269 4961
1680 3041
2094 3737
2807 9877
3024 9115
3664 1189
5196 8505
2038 523
2518 5447
2748 9877
3227 9059
3483 5251
3556 5287
4786 477
5174 8536
6480 9806
45 96
1862 389
2666 194
2709 6822
2956 4623
3441 5156
3659 8935
3968 5537
4493 4886
6442 8152
903 2188
1244 1760
1433 6572
1993 9489
2051 3729
2071 527
3794 5288
3885 7431
3925 8563
4243 875
1708 231
1710 3106
3520 5345
4604 5832
5087 415
6313 7986
2204 4312
2362 4304
3039 4726
3829 5345
3935 6369
4490 4790
6309 8015
6853 5424
351 9844
392 437
861 10468
2723 4646
2914 9105
3037 4679
3111 4850
3220 5115
5543 5566
956 1129
3247 3173
3358 5153
3641 5155
5157 1778
495 3351
1991 8619
2292 3796
2714 5791
5355 9529
6154 7710
1203 7337
1346 1764
1442 5756
2373 4540
2796 4862
4058 548
4162 4759
5558 7248
102 9820
213 228
1105 8959
3866 5665
4672 557
5474 2212
6003 10443
6618 738
6742 5645
318 10204
1496 2022
1796 6299
1949 3779
4120 5772
4744 1411
6364 427
1463 2386
1677 9411
1841 3337
2199 4355
4398 736
4555 5622
4563 2290
1041 5808
2521 4357
3606 5214
4088 9203
4524 9376
5179 1576
348 421
1059 8271
1216 9636
4229 2647
4492 2143
5597 598
981 380
1253 1772
1405 9544
2850 4909
3003 4679
5622 2471
5719 5761
996 1823
1090 2814
1665 8292
2069 6369
2808 9877
2998 4626
3202 5076
3208 5860
3262 5081
3702 1841
4286 5754
104 10588
899 983
1772 6325
1780 3358
4066 9072
5101 1618
5102 10440
5794 6325
261 350
809 860
1724 543
2207 4447
2381 4453
3710 5288
4596 10670
4675 1044
5916 172
5924 3468
1398 2143
3398 6915
4635 7856
245 10395
935 9021
2826 4679
3658 5451
5471 638
5879 10597
5359 6528
6376 9673
1828 5117
2924 5785
4581 6756
5907 6325
1661 2994
1860 3606
4642 2137
5937 9065
271 349
730 738
1297 2277
2303 4345
2374 4311
2725 6860
3788 1216
3839 9131
5500 9574
6439 8148
180 3173
1728 6511
4544 1332
1215 493
2109 3631
4562 9574
366 447
779 8342
2130 504
2527 4624
3726 4308
4109 2018
165 170
3304 5087
3741 5345
3911 4942
4215 10669
6164 6781
6627 5502
6823 8756
1267 1753
1455 5731
1930 8432
1977 4427
2117 3708
2824 4679
2918 4539
4662 5381
5268 10516
5324 6523
6125 362
73 4615
98 175
177 211
437 350
1026 8700
1161 2164
1704 3045
1978 3319
3449 5270
4611 2358
1249 10612
2662 4459
3347 4969
4163 4824
39 15
5799 5092
100 96
688 717
992 1104
2043 3792
3856 624
4097 10650
4577 5225
6726 6566
576 9781
832 3840
1074 6310
2761 6822
3906 513
4510 10355
4576 2290
6658 10388
6745 3156
1033 1663
2597 5443
2691 8238
2901 4829
4438 10160
5243 3433
938 493
4201 7776
6681 8879
47 86
113 6933
695 9144
955 789
3804 9040
4125 5612
5484 854
5851 4484
6751 5150
6795 10227
6808 9795
1137 1413
1225 8835
1695 3108
2131 7981
2447 4351
2534 4679
2879 5791
2922 4539
3297 5049
3910 10219
3947 9808
4203 667
1296 9494
2450 4394
2989 9288
3064 6394
5323 2177
689 727
2080 8892
2818 73
3444 5317
4637 5413
6601 941
6837 1663
590 5454
2343 3631
3184 4916
4172 4759
6335 328
6814 7337
232 6075
321 10151
673 693
2275 9376
3971 411
4102 9296
6122 6139
926 1080
1152 1655
1606 9197
1931 1715
2162 4376
2653 4306
3446 5236
3585 7714
3765 355
3806 10277
5827 289
6599 513
6881 8885
912 5289
1764 3339
2592 4146
3137 10200
3491 5330
3500 1640
6312 8015
565 540
864 921
2816 1167
6875 8893
1287 1770
1983 5859
3436 5162
109 135
203 10200
1369 122
2759 5792
2861 9367
4192 7405
94 175
486 8600
767 7475
2445 4349
2655 4350
2871 6876
3334 5154
4169 4754
4488 6960
882 5364
2813 660
2896 4854
4212 7405
4554 5320
5018 10468
2063 3423
2652 4305
4420 1822
1085 1384
3972 396
4015 4808
4402 565
5143 6298
6660 8870
272 9131
276 676
1147 1532
1776 3387
2009 3737
2417 3521
3108 4871
365 5773
1097 8711
1524 2575
1688 2984
1992 8489
2097 6336
2182 4277
3417 5270
3508 5153
4785 7134
279 337
1066 6310
1112 493
5365 5968
6669 253
19 4332
1345 8461
1387 6581
1792 3371
3673 5153
6163 354
6827 5862
1117 548
2256 4624
2525 4445
3537 8334
4460 4958
4549 608
6648 8158
293 1343
453 9520
2573 3636
3004 4679
3565 5292
3598 5153
4680 3038
6148 9494
1236 10513
1271 1806
1477 1195
1642 2955
2822 4677
2846 10619
4013 5514
67 9676
92 175
1169 1527
1726 9792
2859 4362
3312 5182
2067 3537
2359 9105
2650 9105
2800 4857
3472 2018
4516 9862
4655 10574
5623 10461
6014 5639
1880 3881
2595 660
2637 4803
2698 9877
5507 7971
5994 1576
6451 5479
825 1228
1402 4428
82 4543
410 9958
2352 9105
3694 4886
4545 3399
72 5852
600 9866
990 6093
2459 4422
3993 5850
4086 4950
4443 9954
4479 4476
2 9311
34 10588
146 9632
618 1696
1498 6250
2128 3779
2705 4347
3319 3173
3855 9530
6433 8152
6822 10581
127 10596
184 185
347 405
498 5731
3284 5059
4157 10669
256 715
385 445
1395 8712
2437 4540
2508 4217
2529 4347
2648 4611
2769 4726
5270 9007
6420 10131
6435 8150
1566 2667
1813 579
2864 17
3128 4853
3724 4591
5276 9327
16 8528
1367 2016
1667 5078
2307 4204
2569 5818
2912 9877
3349 5036
3588 2298
4245 4540
5345 6345
6326 8017
6391 8116
33 9855
936 1098
2443 4305
4106 2548
4225 7788
6103 900
6235 8493
6317 9072
190 167
1268 8028
2243 4540
4123 8664
5019 9022
6415 9092
74 4693
137 171
324 214
670 696
1164 6139
1403 6960
2758 6822
3361 5154
3707 6915
4539 5065
6868 3814
703 747
1419 5988
3336 5157
6030 10661
6084 387
50 9676
960 1085
2058 3961
3326 5081
3807 483
4093 1797
1532 6763
2008 3787
3708 5155
3927 10187
4205 7776
4246 9327
5589 5772
196 215
409 350
621 637
1759 3370
1946 3523
3894 487
3898 8116
4043 9215
4050 8493
5865 5029
1368 8552
1436 212
1714 10432
2251 4313
2316 4540
2519 5447
2806 8885
3479 5270
4565 267
6328 8032
189 167
680 7669
1198 1686
1247 5741
2360 4310
3160 4870
3204 10277
3695 6212
4466 10614
5326 6640
5340 1331
5962 2344
450 7599
2205 4448
2446 4308
2605 4540
3364 5157
29 4757
51 9861
776 1488
1114 522
1548 5954
2100 3655
2299 138
3277 5097
4317 7930
243 6896
449 4903
1135 5657
3382 4969
3512 5236
5782 9347
6057 6325
401 4886
445 350
1938 3622
3474 5287
4603 8245
195 10262
1235 1742
2268 4625
2427 4436
2915 8917
3275 1216
3470 5282
4397 1822
1280 1803
1298 1927
1713 6250
2024 3376
4016 9357
4416 7828
5644 6791
352 8068
821 9342
1067 1330
1427 221
1766 8322
2951 1185
4494 10014
5769 7322
13 10492
1948 3631
1987 3631
5388 7368
5453 6726
2057 3786
2172 3782
2253 4540
2801 4853
2960 4540
3155 9987
3333 5157
3867 9530
3913 5488
4687 4757
6311 8014
57 175
550 9349
1953 3882
2265 9345
2448 4444
2589 4436
3338 5155
3660 6727
1300 6699
2055 3795
2277 10172
5209 2799
6687 6401
6692 3604
2086 3961
2322 4448
2902 4836
3021 4909
3477 5270
3729 3173
1154 442
1692 7356
2271 4313
2757 4624
3069 1773
3909 6553
3941 4966
5663 2989
6381 3505
943 4926
986 5100
1513 6960
3631 8068
3887 4852
6270 2154
152 147
1939 3775
2007 3747
2438 4312
3789 1216
4445 5869
2228 4151
4537 8194
6695 5607
6792 7196
595 10165
963 1085
1441 8682
3182 4892
3629 3316
3986 7684
4196 3828
4636 5890
4944 4255
2903 4860
3828 5123
4725 1705
896 515
1070 259
2442 4347
2805 4436
5630 873
5717 608
6318 6140
6537 9339
668 678
706 1816
915 7364
1905 3523
2810 4337
103 4350
242 255
1935 3458
1942 4339
2065 1966
2494 3881
2495 3882
4467 10614
6120 1330
6525 963
771 6117
1234 1126
1363 5754
2657 10646
4650 5759
5189 502
436 608
519 6951
2276 3010
2747 9877
5982 7452
62 8
90 9488
1385 2137
1451 9531
1610 9291
3365 5147
3632 2991
4456 5322
4566 5287
6508 8211
112 120
876 9299
1488 10196
2996 4626
3868 269
4411 736
435 9299
2259 4624
2441 4540
2746 9367
3228 8622
3314 5158
3934 523
4421 736
6629 9753
1343 1421
4342 1633
364 493
857 7546
1839 2959
2309 4540
4183 3142
559 924
947 1132
1485 2381
2512 8885
3216 9375
3301 9657
4688 9368
2229 4241
2702 4347
3026 1930
3156 8068
60 57
534 570
3919 4855
4234 365
4410 1822
6331 8022
6794 9916
816 3465
1003 5595
1013 2849
3539 8886
6226 5611
6785 624
307 1398
456 10277
2029 4061
3271 229
3680 5253
3835 111
4407 1105
5416 289
6810 8748
210 603
314 430
829 872
930 1027
937 8756
1361 5390
1672 10596
2944 771
2948 4877
3143 4829
3482 5270
4133 4609
4614 4433
4717 5486
2311 4313
5798 843
68 51
87 102
2331 4398
5120 8640
6496 4960
6516 5944
6565 439
77 121
85 86
563 6543
1101 1185
1593 2648
1817 444
4222 713
4459 212
4470 9037
4639 4432
4874 1705
6500 8959
115 641
330 3381
989 7739
1673 9624
2264 4305
6363 8323
6575 7232
97 4620
459 3233
778 796
1929 8489
2430 9877
2660 4347
3625 7710
4508 4999
5387 9151
5718 10461
131 6886
945 7837
2449 4679
3392 5155
4191 9410
6079 557
6288 9321
32 9861
182 8292
908 2164
976 6413
1102 794
1340 8825
1377 8769
4228 713
5131 448
86 9861
1007 1638
1186 413
1358 2021
1745 139
4784 9311
5643 5642
6568 7771
607 2017
2168 3882
2197 4313
2226 3708
2363 4314
3399 5192
4575 6457
4846 5309
4156 3637
21 8885
65 85
1283 1400
1789 8181
2385 4404
3861 9320
4078 6572
4190 7405
1740 3204
2875 4679
2955 4539
4067 9954
4244 10619
4993 442
504 536
646 7416
1150 6572
1951 3657
3978 5214
1530 5379
3602 5153
3622 35
934 8706
1461 4108
2258 4313
3101 5433
3862 7796
4689 462
5900 6500
6173 7837
6484 1332
187 3183
379 3261
1314 1219
2118 3732
2855 4829
3657 10656
4613 8097
5783 8929
3114 4877
344 540
3982 5502
4453 5869
4483 10614
5526 10219
6383 8101
6422 8151
1131 389
1598 6723
2647 9877
3290 10112
3455 5292
4091 2933
4616 8646
5828 2044
860 6650
3499 5313
3819 9755
4593 9149
5910 9381
6452 5548
6866 8872
1443 1273
1936 3688
3448 5270
3607 5288
4439 9562
5586 498
160 5260
360 397
605 3037
1370 448
2042 3737
4403 7401
4424 6372
4631 10574
5672 259
6398 354
6824 9049
841 1295
1432 8756
2011 3723
2868 4307
3422 10334
3816 648
4506 2143
4588 5789
6080 4767
683 706
1175 1542
1336 1668
2179 2693
2180 3742
2206 4626
2214 3877
3313 5193
3642 10255
4543 5737
5380 9341
201 9250
2506 3738
3250 9139
3676 5250
4128 52
6081 8974
6197 6427
1032 1261
4333 9560
1479 2164
1890 988
2321 4622
5749 7182
6522 730
743 1410
5356 7259
6137 1591
6259 1975
6303 9964
5370 6139
5392 8216
1157 6881
1457 1108
2132 8597
2390 4410
5483 9470
5776 5837
6576 8397
6838 328
53 7395
781 3173
1497 9472
1510 1822
2523 4444
3955 9755
4942 9792
6145 9576
884 9797
2064 3882
2367 4305
2741 5481
3663 7337
4010 5440
5724 6945
760 34
844 8923
2602 4626
3808 5366
5681 9103
891 971
1233 938
2004 3792
2995 8918
4910 1012
5230 5361
6115 3267
6697 8525
191 10120
1558 2603
2377 4447
3951 8537
3964 7970
5857 5408
1526 1632
2255 4351
2862 4434
4177 9390
5203 8868
5721 10031
6535 2894
280 1611
503 216
571 9216
793 4857
1535 2603
1777 4027
1902 3657
2138 10109
2293 6403
2580 3537
3700 1649
3712 5253
3734 1571
4883 7218
148 565
904 17
1222 9534
1448 5649
2230 4239
2711 9388
3109 4873
3704 678
5481 10015
251 5671
1452 8641
1686 2043
2031 3777
3770 5291
3790 5221
4083 5367
5805 1465
5999 1691
8 5185
10 10614
223 245
1106 1352
1456 5955
1475 541
1908 3537
2227 4151
2306 4152
359 6787
733 559
2027 9410
2110 3877
2181 3961
3693 5470
3879 4971
3988 8720
5364 2532
1257 6139
1537 8887
1788 3300
1955 3879
1980 2132
2081 7864
2082 9544
2249 4347
3025 4879
3132 10463
4486 2143
4947 9164
229 272
852 5574
900 9379
2750 9877
132 4396
193 206
2288 3877
6034 1812
381 459
642 9705
772 4804
3728 5398
3995 2048
4121 7356
6385 3601
355 416
1056 1003
1213 1349
1990 3768
3903 204
3981 9217
4383 7579
4674 7249
5308 9936
166 179
807 847
1843 3450
1857 794
3849 5879
4056 7283
4505 216
6377 10614
390 5642
817 621
4592 4907
1089 8955
1091 1339
1481 1407
2656 4309
3088 9850
3926 5472
4647 9842
6183 1110
6595 10093
998 9202
1099 278
2424 3792
2577 3537
4158 10669
720 3138
737 774
1118 10228
1143 7212
1536 4941
2002 4054
2451 190
2642 7297
4202 8116
4409 736
4648 5307
4690 5806
5010 2039
6407 8131
179 1133
629 7394
3738 5288
4547 8749
1308 2164
1549 2647
2281 3521
6040 1332
6495 2202
633 9662
1330 3233
1767 3285
2096 10262
4008 5927
5137 9435
6028 7311
313 9070
1790 9877
2815 4540
3425 5264
3445 2018
5134 6402
5897 7401
1694 76
1791 7851
2083 3279
2533 6750
3564 5288
5187 5950
6459 2670
1785 2648
1982 6932
2021 3249
2302 4215
6271 6139
654 681
924 9480
1778 3311
2250 4447
3900 5470
4118 2018
6174 1475
6330 8021
136 9648
962 10137
1285 1880
1428 5746
2066 3604
101 4543
490 1897
999 1870
3991 8150
6804 10541
66 4350
1389 415
2586 9105
3089 4875
5318 7851
69 2585
2114 5927
2208 4318
3601 2018
3674 2018
4069 9035
4702 742
6160 10474
287 6877
592 1817
1302 3227
4331 8389
4578 10639
110 3038
311 9576
334 6503
439 6203
1141 2115
1940 3521
4471 9433
4700 4757
0 7581
1178 8849
2315 4624
3780 5471
4113 7951
4559 9656
241 251
1430 5953
2195 4150
2313 4313
4998 7204
5905 7827
678 701
1849 9438
6104 6776
1190 6139
1334 2750
4533 5746
2270 4313
3540 9916
3755 9469
4677 2514
4696 5834
6488 8053
6716 2671
2524 5268
2606 4347
3605 4323
4271 3522
4353 409
5676 10206
587 5098
1716 3062
2696 54
3110 4852
3440 5157
3863 5483
4449 10574
5489 487
5616 5669
41 4941
1006 1249
2366 4347
3059 9053
6132 807
6237 5029
123 76
801 3038
952 788
3464 9048
4199 7776
5432 2471
5462 10031
55 260
4900 10369
5139 3787
5653 495
161 3173
2090 3745
3628 7652
4082 5194
5343 9471
6041 1618
6249 7907
2191 4150
4252 8885
5853 7965
748 783
851 9098
907 10603
1265 8834
1824 3412
2091 3729
2202 4311
2300 4286
4052 5544
5437 7817
6369 3550
843 897
1321 2893
1416 5663
2654 5418
3113 10355
4529 3139
4710 1705
5634 597
6449 9966
7 5185
1794 3404
1963 4170
154 159
616 2164
675 7853
734 3267
1290 957
1299 10399
3056 4861
3826 9792
1373 3402
1768 6628
1997 3582
3553 5147
3590 6400
4030 8563
4080 235
4774 10227
6528 9397
6529 8870
6572 6345
395 3457
1840 3468
1842 3382
1924 5002
2044 3711
4092 5262
4408 3011
5284 6498
5405 346
12 10657
1282 6159
1825 10123
2073 10535
2416 8119
2950 1216
3058 4858
6222 3381
1009 3135
2049 3729
2079 3560
2318 4448
3787 4527
4263 10619
5781 6004
400 7599
1028 10584
1941 3624
2201 4313
2588 9367
3463 5094
5222 1153
5227 10117
5641 5679
239 3175
1242 259
2039 6883
4457 9630
5280 4675
812 6581
3036 10661
3778 9648
3818 4829
3878 7161
4038 9954
4538 6726
6443 6734
1199 3309
1906 10283
4194 59
6863 6754
868 789
1221 1881
1344 10614
3332 5193
3343 10112
4995 7960
5733 5944
6860 4775
1473 2339
1737 10246
2040 1039
3661 9440
723 2849
755 10253
2018 3796
3157 4811
3443 5236
4291 1051
4755 6009
6243 5903
6457 5425
79 9867
183 2043
1259 7020
3172 5032
4140 4444
4845 5737
6349 9759
6805 6914
1108 9432
1210 477
1214 1126
3357 6915
4484 4883
5112 6265
475 5777
833 619
4027 6274
6302 6419
2945 2629
4521 5779
5595 6920
24 9868
732 1897
4388 3011
6202 5472
6825 10666
848 6647
1082 226
1149 9017
1503 6479
1903 10109
4033 4852
5338 3001
5885 1685
149 9696
942 4932
1252 6263
1958 941
2032 3614
2248 4447
5257 6476
1219 8339
2246 4347
4685 9995
341 7574
1484 2361
2697 9877
1693 1618
1891 3516
3584 4175
5535 10373
6045 1959
617 6568
887 5532
1255 5002
2522 4444
6786 5724
434 825
815 5354
1945 3628
4103 8235
6188 10152
135 169
2231 4290
2382 4679
2423 3792
5548 3226
973 5185
1039 4882
1896 5546
2498 5533
3289 1612
3750 5473
6343 7962
6502 331
250 8645
885 3478
5204 8651
1356 1989
1476 9515
2695 4436
6388 8105
15 10523
1146 3213
1655 2087
1754 1038
2087 3720
2324 4540
5880 8918
1501 6881
2247 4622
2421 9794
3359 5147
3692 5500
4481 9481
6287 434
796 7731
3627 9013
3792 1571
3965 9139
6165 1389
1322 7785
2041 3792
6217 6139
6845 10309
2409 7434
3756 4887
4188 4759
5069 2110
5825 10581
5872 2803
5969 2358
273 282
738 9405
1383 580
3375 7297
3940 8516
4458 8990
4531 3139
5448 6415
5736 2660
6193 702
6276 3321
145 4803
1132 10248
1493 5225
2133 8595
5744 5642
6489 4790
649 9968
939 9277
977 2905
1547 2559
2244 4624
3395 6915
4724 5777
88 2648
1050 524
2010 3743
2017 3961
2365 4446
3976 9057
4108 7283
4208 653
1001 10395
1092 6811
1136 1411
1347 8873
2364 4624
4081 10198
5941 6688
798 5315
838 6310
1509 2433
2016 5367
3161 4853
3424 448
5404 7214
949 791
2337 9219
4591 9375
117 1807
669 1656
846 9098
2169 3886
2323 4347
2907 8415
3363 9100
6856 8869
1277 9494
1462 8308
1487 2444
3823 1612
5273 1891
6556 9026
1086 5907
1263 10256
2000 9757
2375 4540
2497 3552
4695 3261
5461 1378
1449 5398
1775 1756
1901 4189
1998 3877
2046 3715
2988 7817
3543 5051
4395 1822
6244 1332
76 3
238 287
677 4146
745 9792
1174 1526
1803 3404
2961 4196
4643 632
1861 10114
1868 2985
2909 8885
5009 435
31 2334
1988 3630
2045 3784
3130 9252
4032 151
4446 5322
6481 7487
6532 5622
1374 4322
1709 1199
6513 10127
6766 7596
1858 1043
1859 1449
1876 3537
4935 2728
6345 3155
6840 8827
5057 2558
6616 9215
1679 2987
6610 9125
383 611
1916 10471
6416 3416
6540 37
6720 5631
845 6789
2167 10250
3159 7776
1690 4681
2185 4434
2369 4622
2585 3735
2814 4347
3127 10065
4001 8432
4213 9884
4833 4115
6016 9652
6232 8578
855 10152
1378 7892
2200 4347
2911 4332
3881 277
3922 3256
4824 3261
5720 9638
255 4352
978 10650
1822 4050
2326 4447
4173 6889
4511 8749
4518 10052
5896 7231
6038 2244
6524 10206
1632 6814
5731 7151
124 147
128 4848
1195 9056
1351 911
1570 506
3292 1862
197 1612
974 9276
1729 3169
2104 5566
5598 8230
6755 8637
332 3213
728 10047
770 4362
2348 3791
3954 5311
4387 9534
4876 10606
5061 8764
6035 8223
6482 10595
3090 4879
4676 5408
5152 9480
6002 8915
6333 7883
591 2296
1614 2700
1798 2032
2371 4357
4224 9367
4311 6963
5742 463
5932 4350
1424 6298
1689 2985
2370 4444
2528 4448
5699 2330
558 575
1292 514
3496 10117
3636 28
4652 10146
5873 7356
6468 5457
681 6648
856 7899
890 10369
3554 1285
3821 4923
3990 3749
4503 9978
6087 458
455 9131
637 7161
1098 5775
1741 4330
1833 3368
1852 365
1960 3792
2036 3778
3761 1509
5208 10614
6242 386
6382 8105
105 9888
1220 2257
1887 3517
1899 3404
3591 5019
4094 10641
5849 10283
6544 7669
2107 3768
2499 5533
4344 8164
4976 227
5596 9334
54 4540
691 710
1744 1246
5789 8320
5855 7351
6099 9328
6339 6325
1954 3657
1964 5123
2224 3788
3030 101
6406 3580
406 5777
2857 6901
6268 6325
1440 1818
1683 794
2803 9578
3582 2154
4382 9544
4468 4354
6186 3377
6676 905
980 6072
1193 2053
1809 2901
1829 1966
1869 9077
2420 3611
3895 5584
5822 8596
1036 2013
1341 1919
1525 2242
2266 2971
2797 5467
3438 5154
4678 3289
6294 3321
6338 6499
6725 8580
489 7715
3987 9455
4007 6538
523 10279
865 10626
1360 1880
2037 3588
2047 5927
2946 10044
4307 2989
4997 10551
6212 10581
6598 10397
580 1136
679 7753
1408 6681
1976 3794
2493 3759
2854 4901
4800 8544
6367 540
6373 9652
6780 1214
2005 4062
2693 3045
4176 10672
4324 667
4842 1098
4970 2916
663 4912
818 1617
959 2348
972 8576
1646 9594
2171 3878
2314 4540
4482 6400
5039 1705
6458 354
1979 10191
2142 8528
3662 9440
3997 3451
4485 9037
5523 6782
1470 9546
1565 10485
6147 1045
6410 8150
6486 3226
291 361
2982 4851
3181 10048
4651 10622
4686 6569
6606 10479
6802 752
985 2164
1847 5749
2579 3873
3945 3438
4961 9111
721 9070
5804 645
6043 2002
719 10430
1460 916
2372 4446
5808 1692
662 678
837 10205
3767 1085
4851 135
4869 7281
6607 8495
6729 7235
699 746
933 10404
979 2242
1159 9927
1467 2348
3924 5507
283 7146
1415 354
1763 6621
2028 3404
3378 3189
3583 196
3996 8144
4090 794
4233 7788
4276 8842
1425 6176
2003 3955
5247 6452
5750 7109
6775 5287
651 679
682 587
867 1807
1151 8192
2640 5927
3027 4879
3975 10282
4268 3522
4491 8754
6767 2803
3 1386
5138 1836
5210 2532
5760 275
862 1295
1489 3155
1542 7978
1742 9631
2282 8210
2361 4381
3877 10420
4558 10516
4766 8177
5214 4173
6547 273
6675 6411
628 7468
1568 1686
4770 8264
5975 9911
594 3103
731 764
1961 3961
2435 4353
3709 2018
4659 4921
4815 2532
4836 7281
5016 3261
5821 6462
6390 8120
1932 8681
4441 4864
4534 5498
4792 8003
5698 1129
11 7202
3779 5487
1100 9471
1541 10531
5811 5737
5899 1349
5904 886
2986 4877
6724 401
538 3357
1637 4004
1875 3884
2898 9702
4031 7776
4819 2904
5911 7174
6409 3423
111 172
1189 6789
4141 9400
4646 2455
4826 5950
726 8943
1348 5760
4239 1129
5939 921
5980 1349
957 8506
1065 1388
2147 4148
2177 6477
2219 3545
5008 2177
5446 8873
700 6066
717 10559
4211 5498
5403 10146
5867 713
1306 1953
1818 4492
1922 6424
4908 2710
5710 1200
6587 3567
6746 8730
278 5553
966 1618
1603 10492
1684 8849
2338 1378
6735 10217
2570 1070
3141 5500
5169 1097
6464 2531
6584 6550
1125 8878
1407 2153
1472 2977
1783 6197
1888 3598
1972 4058
6461 6590
787 1295
1057 7785
1799 3316
3162 9405
3495 179
6027 8934
6093 6676
6793 298
598 9865
1240 2233
1289 1834
1499 2328
2050 3720
2108 3631
3725 4444
3869 8433
4334 914
4698 648
5940 7423
581 2603
1944 3627
2012 3723
2641 221
3942 8720
6386 3631
6490 216
611 7689
931 1109
1886 3879
3321 8276
4249 9984
6380 3545
729 10609
1925 279
3461 1158
4509 9921
4797 3217
6392 3765
6849 8944
1250 1843
1539 5821
2285 3648
4048 8019
5192 7144
5697 8216
6521 1121
716 1524
1600 9198
1651 1879
3146 586
4515 9037
4707 10082
6189 3947
6395 8123
317 2147
342 2576
1248 6142
1562 10578
2376 4313
2507 3711
4630 5641
5103 6794
6296 6382
6554 3947
814 698
850 891
1545 2511
1623 2212
1757 139
2496 3537
4530 7049
4917 6636
5160 8235
5182 5548
847 653
4047 10087
4260 1129
4329 5700
4350 6362
5244 318
5953 6009
6709 9877
296 3213
1418 7777
1445 8957
3028 7625
3759 4526
4310 3854
5007 8671
5863 4253
1725 8462
3754 5451
4794 7663
5455 7370
5875 8944
6353 1039
6848 2436
440 1339
750 8036
1337 9694
1995 3554
4256 8885
5022 10146
6065 4034
1 8712
2092 3729
2414 3879
4195 77
4843 6743
4902 6972
4959 1705
419 619
901 9926
1044 5213
2426 3957
2504 3708
2897 4873
3908 9897
4597 4003
4795 10243
715 1289
2013 4062
3736 6736
4237 8885
5533 4328
6674 3397
756 8400
1177 1896
1736 4948
1907 3879
4238 1129
6273 8824
693 1439
1094 8795
1229 249
1643 9139
5712 5434
6078 282
971 680
1892 3515
4733 10198
4934 2772
5942 6688
2218 3598
3698 3528
5339 6520
6874 3174
1048 1764
1134 1496
1969 5872
2030 3645
4084 7283
4250 1129
6520 8763
4314 6533
4798 7389
6632 9325
6800 5714
894 7230
997 5224
1482 2341
1519 7872
1700 3001
2048 3720
2286 3648
3147 7686
3400 5147
4708 3368
920 1071
958 3314
4861 1664
417 10586
1332 6228
1711 3550
2164 941
4136 9589
4341 5693
6094 9046
6136 7845
1450 4891
1904 3880
1999 3618
4180 9979
4294 3792
5281 10584
6504 5342
6656 9262
1630 7587
4660 2076
5841 8120
6298 7343
1035 10311
1399 3848
1727 3438
3291 4905
4257 713
4522 5132
4925 511
6360 10405
260 8278
1327 493
1512 9303
1596 6654
3998 8149
6017 284
6063 2080
1911 5568
2503 5927
3180 6230
5952 7132
327 902
1016 8934
3723 1052
5000 6498
9 10614
422 2814
804 7140
4284 9973
4899 10606
5761 10000
6372 3632
6617 8513
288 5427
1965 6388
2120 3792
5335 7614
5580 877
5983 6470
6052 6643
466 619
1755 3209
4419 736
4706 7965
5145 2097
6348 8094
1394 1396
1701 742
1909 3612
4801 9907
5447 1654
1409 2224
1518 1368
5147 1054
5613 1801
6530 8308
81 8278
752 10011
794 6789
1561 50
2852 7221
3758 10620
4818 6497
5521 7867
5895 6332
765 8731
1474 7802
1723 7134
2115 3664
4495 9921
5141 3724
6678 5644
991 4148
1309 359
4096 5060
4618 6355
1047 9937
1722 5973
3581 10618
5142 8165
5723 8421
5968 10057
6216 7618
1023 5450
1658 8895
4012 3726
4255 1063
4726 10546
5213 5309
363 8415
524 5004
1281 2341
1446 1045
5164 5811
5884 2739
6105 6975
948 9271
1284 2240
3920 8553
4115 650
6579 7072
6816 2804
1981 767
4240 714
5168 10397
5351 2569
5959 8434
6167 10123
1881 753
5031 10112
226 415
1572 9501
1770 3339
4020 814
4049 814
4189 10631
4210 7542
5003 6589
612 7718
1126 6557
1406 3261
1636 359
2054 9864
3317 5153
4705 972
4999 2831
5664 3889
6332 328
6594 8473
1037 2114
1272 8664
1732 5094
3251 8235
4221 41
5407 2090
6048 3155
6199 8829
6405 8116
1555 4444
4241 5524
5108 3395
5706 9720
5995 5860
6389 8122
710 9534
1639 2284
2215 3782
2582 9988
3252 115
3534 8989
3999 8150
5113 8891
5574 9988
757 8022
878 4413
1687 3123
2530 4447
3587 5209
3721 5450
5329 3416
3060 8211
5207 6314
5369 9434
6114 673
1155 2232
1311 956
1517 8076
1586 5538
1893 3881
1970 3737
3536 10334
4584 4039
614 8196
918 1057
2418 10191
4070 10198
6009 7363
6112 5929
6562 2481
244 256
588 3143
698 9335
897 9649
1156 10312
1508 10469
2284 3886
2851 7406
4469 7021
4878 6675
6519 9490
741 780
1323 8987
1733 10215
1921 3195
1923 9548
1996 7863
2257 4347
3784 10469
4394 10606
4743 6704
4949 9222
5725 7884
718 737
1985 3628
2216 1039
4193 5863
4231 331
4319 4827
6156 10395
3094 5014
4759 1312
4866 2799
5774 4137
249 353
1774 2078
2143 3792
4811 1562
6834 8943
1429 1897
2222 3779
2492 1453
3899 7776
6264 9111
6 3261
2019 3711
3667 5095
5099 7960
5913 7227
1025 2188
1720 8474
1882 3874
4322 8812
5128 2712
6577 454
6689 2543
4951 2700
5966 8221
6248 3360
6428 202
1388 2187
1877 3605
2987 6265
3844 6265
5048 3397
6297 481
6418 2532
744 687
1080 8023
1506 5728
2023 9755
4059 8838
3841 9788
5363 1975
5650 5555
6543 7390
235 10227
2572 687
4980 8467
5140 2781
6012 691
6146 8235
2279 3524
3760 3189
4669 5409
6205 3103
6334 7282
2112 3955
3112 4851
4018 5565
4298 764
4844 2097
5923 2463
6180 8651
6404 9757
6531 7845
59 86
987 2984
1031 2785
1602 2688
1675 3056
4742 6254
4804 8544
6001 8266
1851 7108
2990 737
4962 6116
6000 9627
6473 6382
3923 4127
1490 2950
1599 2164
4335 10009
4973 9894
415 8632
1231 402
1771 298
4854 6045
652 7608
758 298
1058 1411
1544 9419
3974 4971
4068 10423
4309 3854
4381 7579
5399 653
6384 3543
6509 2452
6803 3273
1986 3523
3979 5484
4214 10669
4343 70
5439 3069
6465 9945
1084 7659
2991 10325
4099 5270
4220 10578
5256 3212
5973 8280
6784 7938
372 4897
747 3817
1883 3882
1984 3517
4155 8454
5531 3397
6387 6316
6394 9890
6414 4899
5076 7960
5997 9912
3892 159
6430 7315
6872 4893
914 1932
1251 300
2344 3879
3735 5156
5362 5643
6263 7489
690 5785
1316 70
2075 3874
2584 4059
3210 3084
3665 9392
3825 9008
4684 2545
4814 2799
6231 6041
6280 5056
944 1135
1505 240
1669 3057
3465 2493
4952 5927
5037 8530
5602 6676
1273 1825
3022 2629
4064 3139
4568 7247
4830 3089
5807 3385
443 9299
1838 7684
1950 575
4227 2574
5922 8573
696 2583
768 826
1582 2075
2077 3877
2140 3877
4850 9024
4979 3724
5185 9603
6124 3137
789 5340
1209 9293
1870 3368
5763 2722
5778 7231
6066 6791
6289 8090
6344 10233
297 6661
1974 3726
6347 1570
6862 1197
880 650
902 10197
916 9651
6427 2764
6704 6975
380 458
2006 8591
4339 8501
6542 9223
6728 9277
746 8387
1423 9881
1937 3622
2014 3792
2345 3690
4296 4053
6310 8190
927 480
1138 1217
1286 5455
4297 4053
4653 10350
5294 7669
6008 7667
6350 5884
44 9
667 997
4216 3966
4532 3424
5206 6676
5220 4173
6082 7573
6732 8691
6864 6500
1027 7491
1735 962
4839 2274
5912 6948
6006 6411
6076 1070
570 3226
1104 3843
4860 1955
1631 1117
5379 6186
5424 3246
5915 4539
6042 9390
6677 10123
1230 429
1698 5357
1779 8003
3703 3173
5522 6098
5960 6872
687 9914
782 833
875 4287
919 1071
1188 1492
1262 8698
2583 3734
4731 10584
4802 2532
5508 1326
5680 330
5791 4913
6161 9776
905 1008
1465 771
1994 8011
4055 5004
4057 6572
4791 6735
4809 2563
6060 6486
6448 3141
6515 2842
1087 1791
1521 1326
4154 4355
4226 7788
4956 9615
5295 8404
6149 6381
6705 6289
1317 6970
1578 156
1832 6782
4095 5132
4107 1242
4657 5435
266 6326
705 9883
1584 1612
1952 3695
4204 4056
4778 5476
5319 5643
909 876
1401 659
1915 3579
4782 696
5241 5950
5575 284
5809 3276
4447 8529
4661 7507
6182 3285
4 176
1831 3312
3854 3113
4206 711
4251 713
5005 1542
5218 6222
5902 850
965 9185
2217 3651
5506 6676
6352 8908
6553 2893
1205 2580
3958 10542
5186 3567
6157 1003
6357 8454
6564 2532
1008 9968
1884 3605
4273 4758
4428 264
5317 3567
6340 8016
6626 6955
1328 7479
1691 1951
1719 152
4701 6972
4735 9499
4946 2712
4978 5677
5013 4718
5325 2612
5499 1842
6368 9013
1051 1285
1628 5667
1910 3873
4280 8900
5539 6499
5569 5950
5837 1982
6007 2675
6477 7097
1012 8723
1274 1731
1879 3873
3697 10117
4385 9683
5525 8216
5702 9775
5840 1222
6776 5939
674 1202
2020 3708
2176 3588
4232 7542
4374 3643
4773 9443
5233 1823
5283 6640
5647 2772
6144 5018
6806 6455
4242 4803
4279 3331
5310 2172
5382 6770
427 2090
1878 10109
2127 5547
3989 10029
4063 3139
5289 6917
5443 3983
6077 1726
6286 5554
834 1192
4375 10610
4924 2562
4984 2449
5334 6481
1069 3048
1312 1884
1957 7429
4025 9954
4472 10073
4875 10331
5751 5343
6032 5023
697 8138
725 7767
2053 3729
4022 7412
5659 877
6024 8240
6267 7459
6526 10149
736 9339
975 7500
1718 7523
5123 3447
1656 5255
2325 4448
3603 5154
4777 235
5314 4833
6550 2482
2804 7525
4098 1797
4681 10236
4714 9725
5006 4173
5025 8652
5232 6417
5684 3089
6203 2670
6256 8343
1808 518
2501 10380
5285 6084
5406 1369
5696 685
6127 2315
6281 6514
6411 7844
6412 7937
601 9857
761 1265
1615 9324
2106 1512
2905 6938
4406 9534
357 439
724 8029
940 8527
1435 4841
2439 4625
4037 6586
4768 9769
4821 2364
5265 6431
6630 9967
1015 5746
1390 10635
4362 9019
451 8279
5476 6498
5528 3390
6101 5955
6260 6305
6401 1653
6817 9383
6836 3297
849 7824
1492 9714
1668 8897
4338 3556
4357 1539
5312 2759
6088 6454
1968 3715
2639 5927
5250 4074
5282 3131
6049 3724
6089 6130
6119 3755
6356 2544
398 9880
893 968
4796 9088
1585 1117
4071 10198
4293 2514
4299 3792
5084 8047
5662 6676
5727 8254
1458 2100
1559 5268
1919 8014
1934 983
4758 6530
6466 4017
898 5967
2174 3558
4668 9861
5950 1951
1352 7313
2220 3782
4923 9120
4938 3695
5450 2612
5493 9071
6272 9558
6551 6064
762 797
1071 6814
2581 9217
3883 8688
5297 7273
6234 9150
6290 7653
1004 4924
1712 2077
5716 7453
5958 6410
872 638
1707 1443
4834 7219
5307 2502
5660 6452
333 7865
777 8136
813 8251
1194 9774
1202 2308
1375 2095
5386 2463
5600 9724
5679 8573
6131 7637
6221 3192
6707 7187
1973 3729
2139 10230
4640 608
5151 1836
5993 6515
6062 7937
6315 6467
839 905
917 1027
1685 9070
1853 2696
2076 3883
4270 8842
4400 396
4644 2455
4989 7297
5565 6411
5835 6452
6278 7779
374 418
712 2205
1034 1152
1500 5093
1786 5025
2015 3713
2415 3769
4039 10531
4775 855
5027 8627
5159 6486
514 10559
1743 7437
4272 3540
4807 7359
5286 6084
5567 6241
1417 5749
1531 5467
2170 3886
4787 452
5026 2857
5383 7202
5931 4255
2339 6424
6245 74
6567 4320
6611 9281
5 1619
2035 3882
2102 5545
5401 5287
784 1229
4930 8275
5146 6266
5191 2866
5331 5356
5748 10011
5756 1392
6375 2122
1128 9756
3377 692
676 9741
1060 103
4654 9
6139 8297
1211 2022
1594 736
1739 3157
1971 3955
3466 7309
3817 10636
4197 6011
5368 5057
5394 6553
6050 9717
596 717
1769 5496
3944 5516
4073 7283
4985 2593
5097 1692
5614 10060
5773 4253
578 445
968 9620
2254 4310
6819 6255
1163 3102
5451 3179
6534 920
6603 7429
932 8793
2283 3605
3696 9000
4282 8204
4841 2867
4987 2534
5215 5617
5836 6442
714 9045
1068 2054
1384 3999
4290 311
5288 7182
6283 8250
6371 10130
6379 3575
1975 322
4262 8842
4275 3540
4817 6589
6541 5866
6647 7418
2574 3948
4808 2853
2078 8210
3843 2023
5417 5920
1560 8645
1664 1738
1918 3872
5520 7584
1076 9547
4254 1129
4912 2800
5779 6734
6023 6519
6354 2880
547 6844
1024 2214
1800 370
4326 8762
5107 6045
6018 2039
6095 3360
6460 7023
6690 6630
4890 1692
516 3495
2342 3533
4021 962
4756 933
5632 5316
6102 10227
2346 3598
3842 2023
5219 5682
5780 7813
1730 3386
2135 3594
4909 2337
5728 8252
5755 6791
6068 6705
6493 2853
984 611
1241 7664
1260 5483
5651 3946
6005 5643
1478 7718
5246 3567
6470 5957
969 1731
3699 7197
6096 7614
1246 6225
1619 8620
4986 3558
869 1295
4936 1720
5051 7884
6070 4833
6558 6945
1338 271
1580 3881
2113 3955
4253 713
4747 659
5986 3460
6013 9170
2022 7971
5109 4922
5396 7691
5612 3393
2993 1730
3029 7187
5029 2035
5599 7173
5854 1131
5981 10555
6342 7582
922 1092
1162 9671
1520 2500
5475 2563
5479 7311
5497 2793
5871 9377
648 7129
1414 1082
2225 3722
4703 4722
4831 5643
5482 2828
5972 3121
6219 3395
6549 5457
6646 2869
1613 1303
1894 3537
3963 9196
4060 506
4715 9372
4968 1489
215 2576
1597 156
1641 2937
1674 6008
1966 2851
2034 3533
4259 7850
4269 8842
4691 1058
4888 6410
5866 8003
6408 3663
713 780
785 3916
5870 10146
1204 1636
1516 6216
1933 3955
4536 9778
6110 668
6446 6178
6637 8829
874 932
1133 4173
3231 1891
4041 3449
6169 7692
6208 2325
579 2472
5704 886
6262 8140
1275 7996
1914 3517
3423 5038
4312 7279
4496 9921
4969 2760
5277 3307
5490 6670
1372 2029
1653 4170
1889 3612
1962 3670
4292 6920
4931 2708
5298 10068
6230 10096
6322 2861
6730 2787
6871 7600
4454 10320
5072 2917
5272 5636
5332 5457
5511 5551
5694 6688
6831 9018
610 6391
836 3078
1061 1352
4552 1145
4712 61
4748 2173
4885 2532
5861 9698
1620 7952
1660 1953
4159 1712
702 8923
1042 5796
1172 1615
1717 167
1837 520
3376 287
3720 5414
4945 5550
5321 8264
6762 9685
6774 5776
672 6071
925 10221
1913 3657
2223 3533
2419 10025
3980 4916
4664 2951
4941 5213
4981 6087
5296 10358
5729 3401
428 7689
1826 3425
3782 1235
4832 2800
5052 5929
5327 7614
1571 2641
2341 8118
4258 7788
4455 2181
5504 6945
6207 7229
6359 7943
4361 371
4561 10409
4933 773
5024 3395
5242 6438
5957 3069
6282 8034
1989 3534
4283 8116
4781 2770
5385 2708
5529 1319
6857 8140
1715 316
1947 3630
2576 3537
5082 3201
1437 2140
4517 692
4625 724
5349 10419
5537 2876
5920 3376
6444 6944
350 650
608 858
1217 1140
1391 7993
1454 5357
1663 8419
1956 752
3953 9057
4829 8544
5373 1417
5992 6917
6229 10610
6337 3614
6362 5986
6467 6627
6518 6973
6768 6982
349 3134
4718 9399
5621 2534
6051 2397
6109 2396
1534 10370
5976 10199
6506 708
2413 3877
3209 3230
4281 8544
4964 8674
5086 3323
5106 8990
361 8208
5683 3251
3145 9850
5290 135
5300 7810
5418 2684
1148 3680
1396 6831
1529 2559
4857 5995
5212 5920
5366 5976
5400 2758
6370 9652
6374 3762
6485 713
6566 8372
6830 936
1546 7116
1563 7368
1654 2638
4359 3596
4767 5557
5014 1666
5956 2441
3838 6706
4217 8244
4761 6160
4862 2397
5527 7719
5545 752
5844 6045
6559 8939
492 200
1609 1069
2175 10283
4019 3851
4722 3386
4865 10151
6126 727
1605 10660
4053 5682
4236 7652
4285 2834
5440 9552
1397 2736
2060 4674
2173 9775
4207 7543
4386 6159
4393 3471
4827 5616
4920 10056
6295 7780
573 3861
994 3318
2221 3622
4427 10320
4960 5866
5384 10599
5390 1650
6037 2395
6602 7793
967 8401
1413 3304
1627 10359
1702 316
5671 5170
5701 2532
5790 2782
1223 6681
1350 6501
2136 3157
4975 5140
5579 9088
5990 6034
6608 6306
4692 2835
4803 2612
5991 6707
6135 6265
1196 2437
1523 10063
5354 1306
795 6339
2949 1764
3967 7703
4736 10380
5433 6354
5689 4761
1507 687
4716 5486
5047 6009
879 946
3939 3362
5438 5455
1412 6582
4867 6770
5491 6455
5547 2210
5585 5916
911 2156
1180 1507
1895 6213
4261 8900
4825 8096
5263 4764
5320 5309
636 1386
1439 5628
1556 2643
1625 3423
4009 5933
5670 2546
6238 7790
6633 2280
6763 920
819 4359
5071 208
5293 2228
6274 7775
6393 8122
982 5257
4772 708
5083 3859
5299 4050
1495 4001
2410 1740
5004 2542
6201 7793
362 3240
692 104
4023 8019
5514 5615
5655 6037
1046 3931
3502 6456
4300 3738
5053 6045
1144 1504
1331 7674
1648 10264
5049 2517
5637 6917
6285 8911
6291 6454
709 1482
4349 1767
6797 7276
858 4310
2137 9196
4320 50
6134 6241
6204 1955
742 6563
774 786
1093 3989
2026 9124
4889 3451
5279 817
5477 5616
6759 6103
2858 8299
5747 1719
5787 5470
923 9057
2105 8122
4757 6589
5098 2684
5645 6248
5646 3214
5824 816
988 7826
1357 1808
1438 9763
4235 7652
4907 2361
5374 725
5576 2112
6355 6735
3966 206
4585 5673
4752 2273
5126 8136
5963 10556
6555 2003
1303 1876
4753 8328
4853 2897
5002 6589
5125 7904
5669 361
4358 8437
797 1117
1850 9821
2502 8105
5524 4173
5564 6589
5964 2002
6181 8378
6708 9267
647 5500
840 2572
1644 7978
2408 10403
4895 915
4914 4111
5546 7753
433 1173
783 582
4856 6114
4877 5986
4918 6411
5045 6087
5046 6676
1226 5581
1885 3605
4318 8813
4340 5634
4754 7069
6036 8140
6734 735
792 3936
1867 823
4143 5498
4739 142
4972 2712
5287 10411
5478 8003
5578 9094
5617 6687
6557 3641
5034 8035
5688 5666
5754 10612
1318 129
5163 6455
727 8108
1666 2817
2099 3874
5158 10244
5496 2679
6200 8285
6688 6432
4347 3586
5544 8063
954 778
2692 3143
5081 3020
5428 5038
1029 1612
1618 8808
2904 8108
4519 1190
6591 3062
1366 2030
3675 5292
4779 906
5225 161
5337 5462
1307 1833
1494 2439
1682 6216
3178 4839
5088 633
5111 7716
6209 10266
6563 8424
946 2791
1365 2508
2001 8116
2578 3552
5080 7721
5626 2010
552 8715
753 9503
6571 3940
1540 2602
3129 4855
4278 4540
6847 1226
4209 4398
4932 2771
5304 1378
551 3262
5901 5616
6512 2394
458 8279
1608 9759
1659 2015
4665 3130
5271 2782
5649 8308
6397 9005
6456 4906
4274 7448
5411 2179
5709 5967
224 8733
1121 2144
3737 5317
4884 3130
5566 2673
6069 7556
6592 971
1464 1041
1616 5596
4893 9010
1040 5322
1269 10091
3462 996
4504 3436
4873 2247
4996 6288
5050 6735
722 415
1072 2847
1863 1818
6239 7598
6277 5056
6615 1759
4321 9783
4750 9122
4955 2329
5715 4922
5848 10380
1587 1833
2340 10424
4891 2168
5275 8140
5378 3838
5838 9963
1000 5004
4919 6332
4966 5987
5627 4873
5842 8856
5894 3983
6703 5525
888 1359
1864 3547
5055 7280
5096 2712
5350 4748
5967 1120
1920 3511
4974 3954
5305 7107
5713 2742
5987 4945
6091 6084
6634 7618
1873 3879
5333 6130
3768 5156
4806 1378
4926 2716
5077 2503
6074 7227
6833 6442
1595 5734
4507 2530
4868 2679
4965 6589
5162 7998
640 6789
4741 3057
5059 8177
5240 6498
413 5671
1657 1413
5466 8094
5686 5579
6425 8073
6445 8132
790 1634
4763 2783
5820 10380
6539 7037
1411 10353
3793 5317
5224 2413
1127 1842
1681 7940
4738 2627
6258 10067
4368 7684
4746 2081
4953 2677
1426 858
1590 9324
4894 7960
5274 6499
1139 9251
5459 6529
1662 1948
4380 865
4790 2679
5961 6485
6757 1232
1573 6820
3206 4996
4948 3593
1130 7045
4024 2764
4548 3124
4820 6729
5259 826
5464 9905
1354 2302
4337 10188
4348 3537
5255 9788
5313 5825
5918 7079
749 8279
4921 4260
6346 9840
6661 931
1218 9782
4351 7767
4943 8472
5032 8441
5903 7314
1750 8019
5105 3691
5412 3805
6059 2396
5100 227
5211 2831
5806 10520
6061 1643
6691 8695
4730 1397
4904 2826
4988 2856
5253 2293
5711 6567
5772 8673
6192 7751
1113 1662
4355 8293
4619 1556
4905 2850
5075 2463
4277 3331
4336 9895
6117 2612
3666 2451
5085 1694
5638 6009
6341 985
6638 9771
2111 2851
4838 6539
5971 10240
6499 6381
507 581
1184 8530
1381 2219
1393 1678
4870 5969
5311 2677
5452 1702
5739 8451
6015 2800
6580 2193
1119 6709
1633 1132
3876 6696
5245 1329
5730 9888
1705 3078
5292 742
5467 8939
5266 2061
5517 3385
3070 10415
4776 2544
6064 4364
788 1077
1212 5860
4356 10239
4732 6376
4886 4826
5130 701
6113 6269
6631 3765
299 5579
430 8005
708 728
1583 5880
5035 4945
5205 2725
2290 5872
5691 1100
5955 6037
6284 3068
6447 6410
1165 6147
4913 2886
2319 4347
5898 7052
6075 6269
4983 1264
1528 3192
2500 5032
5306 2872
5330 6152
951 1049
1320 3826
5328 6749
5652 2264
6316 6215
562 8899
1422 7721
1747 7377
5054 3395
5221 8391
6426 1309
1569 5316
3751 8119
4737 9204
5862 7077
1167 2242
1635 6394
2033 3630
2074 628
4745 7753
5914 9904
6545 10232
1109 3261
1629 6925
4313 8278
5030 9628
5389 10611
6455 3180
515 2016
4295 3793
574 9840
4764 6939
4769 6655
5933 3724
4982 2646
6329 6832
3992 1051
4879 3883
5657 7009
1179 7758
4376 6236
5226 2857
5906 7646
6818 2406
4719 8096
5409 601
6758 2890
1649 3125
4713 7370
5786 2607
5810 2543
4000 5580
4301 10613
4728 5500
5336 6506
6351 7089
1696 10283
5229 7584
4927 2476
6275 2885
656 8553
1355 7812
1797 7151
4812 1758
4872 6493
5436 10299
5917 7316
6761 2830
1917 3878
4697 10481
4751 865
5188 10056
5260 4260
5315 2215
5954 6589
4929 5958
5758 8245
6731 6920
1353 2066
5658 7585
5919 6770
1617 6143
5737 4485
6413 7909
4682 1029
1295 9617
4887 2320
5934 5281
6130 4897
6462 3179
6778 2771
711 2803
1005 9146
2992 2141
5248 3433
5264 5481
6257 2712
4810 9937
6073 2755
6092 6288
4327 8325
4950 3339
6487 9607
4384 1977
5454 6272
6474 5397
6777 8904
1064 7514
1208 2180
1699 160
4302 8140
4693 2422
5078 5866
5762 7208
1116 1794
1652 9914
5150 8876
5421 2279
6505 10413
6636 9203
5166 6063
5426 7584
1533 8116
4749 1156
4765 6856
4954 694
5058 9617
1434 6188
4837 2316
5036 8177
5640 6996
6108 7582
423 3037
906 327
4011 955
4360 1977
4740 2502
5839 2940
4911 2173
5017 1735
5060 2860
6072 3492
4762 1318
4840 3960
6090 3085
5519 7940
6211 8477
964 2111
5674 7614
1329 309
1622 3711
4051 1658
5011 6539
5234 3304
5690 7423
1305 6658
1670 6409
5104 2015
5391 9018
5601 6289
5538 6613
3320 6900
6744 2743
292 10187
2575 3871
3187 5002
4727 5777
5441 2576
1055 1787
4666 5821
4906 1399
6743 1545
1638 5067
4835 6455
4855 7121
4957 2847
5413 3365
6071 3204
2491 1986
4328 3586
5095 7667
5114 2248
1564 3391
4771 6796
4958 1585
6039 383
3542 10402
5228 6455
1527 6612
6361 5800
1197 2589
1607 1419
6588 5165
4892 7585
1129 1463
5062 2856
4805 7667
4816 9840
5001 2613
1640 3019
4694 2904
4720 7280
6021 7846
1107 9336
5127 5056
5303 7607
5456 2700
1634 1565
4928 5114
5254 7692
4780 3797
4901 6676
4704 7220
5079 1939
5393 9051
530 2443
6593 6722
6769 1788
886 8433
6494 1955
1647 10110
6215 2468
4823 696
4859 7218
5423 2348
6118 2842
6417 10335
6807 8740
4990 8903
5516 7311
4788 2396
4849 9905
5165 742
4828 5949
4308 5974
6250 3084
5714 4352
1469 4811
1626 7861
5278 892
6299 6045
4880 2696
4916 1818
5074 6252
5463 5790
6869 3988
1588 1356
4036 1034
1645 8653
3144 361
4734 6120
4848 6259
1376 9555
1812 3198
5509 10423
5785 7252
1483 8475
5492 2563
1731 8475
1749 6390
5070 8769
5316 6024
1173 5506
4971 6154
5352 2933
5012 6838
4847 2632
983 6319
5985 8980
1554 9559
645 9695
877 2675
2906 8459
5291 6867
4882 2467
5974 9895
1967 4674
3344 7716
5988 7871
6166 5963
4822 6007
5124 1735
1504 3874
5429 7203
5495 6838
5989 2398
4903 2927
1522 7624
4871 6125
6501 1541
1551 811
5648 6099
5770 8378
497 7695
5685 1860
5792 1986
5167 6748
6022 6773
1166 10618
5611 892
5860 10336
1552 3065
4065 9024
4789 7774
6150 9778
5788 2761
5415 8601
5457 10447
5465 2882
6171 7601
5515 6662
1553 7539
6010 6336
4729 7906
6396 3668
763 9504
4813 2777
5420 1541
6358 7909
1557 7572
806 9939
4937 1444
467 2217
5708 1405
5184 3724
5262 7882
1621 7348
4721 5445
5419 2604
1078 533
4793 2709
5603 2539
3853 10031
4881 2396
1010 101
5826 6833
1486 5631
1574 4829
1325 2820
5843 3528
1604 3401
5410 3691
5129 5030
5033 8122
1589 287
6279 8437
4799 7198
5064 7024
2209 8797
5494 5983
4858 2799
5397 8507
4760 9885
5063 2701
5353 2583
5115 1030
