img01c1.jpg img08c1.jpg
2620 4328
3412 5202
2684 4314
2682 4323
3033 4801
2473 4337
3374 5258
2563 4322
3123 4862
4266 6389
2564 4362
2559 4350
2474 4366
3093 4806
2397 4207
2553 4350
3521 5258
2628 4444
3456 5258
4379 6473
3452 5258
2464 4207
3800 5518
2396 4181
2552 4350
3097 4863
3410 5258
2544 4228
2391 4176
3487 5258
2624 4362
3480 5258
2683 4324
3067 4856
5043 6786
442 9311
3450 5258
2547 4332
3371 5258
2562 4355
2555 4305
3135 4870
3484 5258
2542 4213
2462 4176
3623 5589
2627 4335
3413 5258
2626 4324
3066 4828
2546 4228
2486 4361
5199 5816
5757 8026
2485 4349
2403 4330
2399 4380
2483 4315
3814 5518
2545 4218
2125 3749
2731 4464
3577 5372
3730 5445
2630 4337
2404 4350
4346 6195
2885 4381
2785 4464
4034 6098
4673 6516
3035 4828
2629 4325
2556 4307
2625 4459
2482 4453
3984 5748
4542 6473
3034 4805
4160 6056
3026 4733
2194 3782
2457 4095
2548 4345
6225 350
2537 4216
3478 5268
2674 4320
2332 4070
2558 4355
2561 4356
2405 4312
2471 4381
2685 4314
6178 104
2153 3805
5201 7125
441 9311
3858 5588
3063 4826
3533 5350
3122 4870
2619 4332
2633 4441
2480 4346
5859 8188
2631 4350
5347 7545
2475 4451
2538 4210
2623 4330
3573 5494
3678 5258
2481 4323
2735 4430
3096 4943
5372 7578
6560 5897
5217 7051
2272 4070
3065 4857
2554 4554
377 564
2463 4380
3681 5258
6240 350
4325 6177
4433 6471
3131 4806
2159 3749
3614 5376
3494 5419
2732 4464
4426 6335
2187 3791
2489 4441
3091 4785
2543 4227
2632 4340
3134 4870
3962 6097
4163 6024
3168 4829
2675 4435
3645 5262
4451 6416
5153 7170
2488 4313
3451 5257
6701 7170
4977 4906
5909 8242
3414 5261
4415 6309
2736 4431
2771 4282
4186 6026
2484 4345
3151 4864
3457 5332
3479 5257
2729 4464
3009 4287
4004 5816
3488 5543
3691 5497
3185 4929
2938 4304
3492 5544
5856 7709
3529 5417
2777 4425
2831 4425
3078 4304
3848 5618
2668 4284
3341 5199
5746 9311
3411 5363
4369 6473
4465 8135
5813 8369
2539 4229
2560 4327
2635 4313
2670 4489
2673 4464
2934 4430
2476 4367
3616 5376
2158 3768
3372 5224
3530 5416
3916 5695
6196 289
2235 3782
2719 4295
2549 4441
2775 4287
2892 4368
536 475
2487 4459
2634 4442
3095 4888
3833 5518
2456 4085
3407 5177
3523 5543
2400 4375
3746 5377
2557 4355
2939 4431
3046 4282
4256 6109
2161 3783
3580 5385
438 104
2398 4177
4443 6323
6177 252
2936 4504
3409 5207
2565 4355
2386 4101
2389 4175
3481 5332
3815 5618
3453 5543
3571 5418
4480 6361
540 520
2733 4339
3360 5170
3525 5460
2680 4320
3532 5349
2786 4445
3613 5377
4471 6341
2445 3950
2621 4497
3419 5543
3515 5258
3717 5377
4172 6016
6044 303
2935 4430
3367 5177
3524 5494
4104 505
2406 4464
2727 4430
2402 4498
2467 4227
3477 5257
2616 4426
2968 4233
3713 5258
6706 141
3415 5258
2407 4505
2618 4233
3136 4864
3401 5291
4410 6306
2550 4441
2615 4172
3528 5416
2944 4650
3240 5156
3970 5748
2734 4311
3526 5342
3032 4817
3213 4838
3405 5254
2149 3740
2387 4220
3572 5418
4609 6350
2877 4161
3774 5417
4526 6249
2336 4422
3874 6943
2466 4212
3339 5199
5092 9216
3431 5156
3715 5460
4404 8134
5847 6498
2189 3854
3575 5417
3608 5258
3576 5377
2614 4236
2186 3790
3621 5384
6187 9030
2305 3749
2937 4464
3777 5387
3518 5258
6760 8724
2764 4161
2490 4354
2666 4166
2783 4599
2794 4521
3079 4431
3566 5332
1171 1376
2392 4373
3080 4431
3459 5333
2469 4221
2927 4236
2681 4551
2773 4212
4499 6471
4105 5981
2613 4071
2672 4212
4399 6261
5817 6473
2828 4235
2940 4464
3570 5417
2478 4369
2969 4236
2985 4704
3905 7017
6873 534
2833 4489
2884 4287
3073 4287
3358 5170
2395 4234
3654 5547
3747 5588
4187 6024
5936 104
2832 4426
3316 5291
2472 4363
3490 5332
3513 5258
5970 8222
2241 3777
4514 6472
172 52
3574 5342
3742 5332
4626 6486
2468 4197
2827 4236
3007 4372
4445 6335
4557 8189
5195 7432
5868 8724
78 178
2239 3734
2384 4101
4164 6024
5695 7766
2155 3794
3527 5521
3904 5731
5550 8023
2458 4096
2850 4661
3454 5257
4287 416
2836 4464
2971 4212
3008 4489
3617 5377
3973 5770
4452 6326
5675 243
373 8724
2236 3773
4649 6490
6644 9295
470 451
3799 5460
4275 6119
6323 9081
2669 4236
3167 4828
6799 385
61 178
2190 3735
2448 3953
2720 4176
2894 4642
3044 4212
3949 5731
4345 6098
5852 252
3263 5188
5965 303
6324 9082
2933 4287
3012 4430
3043 4287
4417 6398
2551 4354
5176 7410
5707 416
6694 7450
3482 5257
4146 6015
5741 104
5819 8134
2051 3454
2540 4381
2622 4464
2678 4449
3120 5009
3748 5384
5887 348
2240 3771
2330 4121
3416 5543
3503 5286
6220 586
6659 9416
6314 9018
2378 4072
2461 4099
2429 3899
100 178
2470 4221
2770 4150
3516 5328
6596 6283
3328 5121
3618 5387
6811 534
521 385
2728 4464
2900 4657
3519 5332
4288 6897
4366 6056
5795 559
1079 1188
2114 3421
2851 4662
3773 5369
4391 6521
4571 6532
2333 4070
2394 4212
2436 3939
4442 6323
5743 6432
6570 8472
2261 4002
2897 4654
2730 4504
3846 5418
5881 8257
2779 4292
3531 5419
3801 5420
4387 6291
4570 6565
6123 8320
480 3009
2979 4521
3864 5594
5863 8113
6366 505
476 425
5474 8320
3620 5522
3647 5415
2197 3975
2380 4103
2677 4368
2844 4517
2962 4475
4184 6012
2313 3972
2323 3959
2401 4192
3307 5126
3522 5332
312 366
3683 5417
3752 5527
4258 6106
4627 6476
4615 6486
6325 9068
193 216
735 688
2193 3782
3121 4864
4127 5981
6184 289
6658 9252
328 366
2192 3790
2390 4074
2671 4213
3890 5607
5267 7584
5816 559
4281 6135
5518 5769
6517 350
2440 3939
2590 3899
2883 4287
157 198
520 385
2328 4070
3659 5467
4464 6433
3960 7093
1934 3564
2880 4287
3310 5251
5656 423
343 404
3152 4864
268 372
2383 4093
2841 4456
3330 5121
5929 8257
2863 3844
2980 4562
3610 5332
4316 6215
4414 6308
4079 534
4365 9235
2891 4366
4436 6565
485 460
2780 4439
3897 5497
6365 243
2787 4446
2903 4659
3563 5332
3812 5460
5703 416
5777 8376
508 247
2178 3538
2541 4298
2838 4304
3597 5251
4237 6091
2776 4373
3375 5228
2382 4115
2835 4691
3116 4783
3261 5188
3744 5460
4185 6025
4492 6380
99 178
3384 5156
3682 5332
4148 6024
4165 6012
5775 7885
3714 5332
543 5031
2788 4447
2929 4287
3609 5258
5155 7091
125 210
1254 1518
2379 4093
2667 4168
2774 4236
3834 5571
2600 4062
3493 5374
4064 5901
5921 538
6783 744
3619 5383
3832 5418
6246 289
6224 303
2460 4097
2772 4167
2791 4521
2886 4464
5833 1060
6020 8377
2778 4380
3743 5417
4367 5185
2314 3973
6046 8790
2795 4523
2840 4436
3002 4066
3074 4287
3305 5162
3562 5258
4252 6107
4267 6118
5830 8401
4413 6323
6478 7089
6846 6195
2151 3870
2310 3983
2665 4064
3133 4829
4208 6051
5668 8724
6469 8884
339 9301
2126 3873
2152 3774
2252 3993
2853 4665
2881 4373
3775 5373
6142 8485
6798 520
2899 4656
2978 4507
3016 4599
3985 5784
2154 3765
2234 3782
2636 4516
707 419
5738 520
5874 7686
43 178
2793 4521
2926 4066
4085 5908
6424 9156
2823 4581
2888 4551
3813 5418
4029 5825
5682 7766
2381 4094
3085 4561
5156 7411
6605 489
2160 3873
3019 4521
4786 6642
6619 534
828 824
3024 4731
2790 4449
6601 9272
2663 4152
2718 4294
2782 4320
4269 6120
5654 7498
6141 219
6680 5797
463 7391
3186 4827
3569 5335
3579 5386
3225 5017
3615 5373
234 505
2740 4520
3679 5332
5832 5510
3636 5537
3740 5543
3468 5189
5216 7450
107 62
127 75
2349 3734
2848 4562
3075 4212
3265 5086
6702 6815
799 5078
3308 5121
3745 5417
4095 5927
4096 5924
371 8221
1758 2963
3018 4724
3685 5370
3719 4679
3901 5677
4432 565
6450 8829
3353 5126
5568 7766
304 358
2307 3749
3406 5202
4152 5998
4540 6533
6649 9378
2335 4096
2679 4440
2834 4554
3340 5254
3672 5128
5068 6814
5722 6215
2824 4109
2878 4151
3288 5126
5360 8471
6639 9378
2664 4073
5505 7766
6431 419
3052 4639
4600 5102
2196 3939
2242 3861
2262 4003
3282 5162
3655 5387
5118 7089
2229 3749
3104 4504
4422 6308
4071 5922
4656 6515
5734 9465
2238 3749
2784 4464
3005 4166
3491 5301
4624 6501
2363 3973
2479 4370
3364 5166
4303 6231
5823 350
6538 9157
6552 173
399 104
4251 6091
4373 6217
6168 219
2825 4161
5044 6389
2688 4519
3402 5254
3568 5332
3918 5717
5243 6839
2970 4287
4162 6014
4608 8134
5552 773
2388 4113
2738 4519
3256 4829
3420 5301
3578 5386
3847 5460
4204 6046
2182 3775
2452 4094
2454 4122
2676 4317
5116 7227
624 4437
2188 3792
3458 5301
3644 5328
3684 5418
5878 6450
5890 5521
6004 8639
5996 303
6498 9222
302 385
2355 3875
2895 4515
3241 5086
3600 5408
3739 5364
4082 5922
5635 141
2268 3954
4061 6231
4108 5948
4117 5963
553 506
2976 4430
289 5938
2715 4154
6511 350
6624 9378
6643 9386
2356 3736
2689 4524
2975 4431
3084 4722
3507 5361
4235 6109
5563 8023
5604 449
6097 167
3802 5420
3850 5621
5301 7589
1790 2983
6668 534
2316 3986
2534 4081
2789 4448
2889 4599
4169 6027
5431 167
6527 505
6635 601
6645 8472
2453 4080
3469 5121
3624 5384
3653 5373
4544 6418
6336 9167
2311 4018
2376 3959
2716 4154
4109 5963
4453 6335
394 394
2604 3942
4607 6320
2147 3804
2455 4082
2830 4282
2964 4581
3470 5166
3700 5538
4283 6141
4994 5698
6190 8886
556 7781
2820 4066
3118 4834
3327 5251
169 206
2532 4079
3014 4430
3020 4526
3045 4166
3421 6268
6796 5937
469 425
2270 4012
2707 4475
2839 4507
5673 7805
5735 303
6306 9067
6419 8485
3417 5257
3888 5654
3961 5752
176 142
2144 3410
3003 4066
3166 4826
3428 5083
4289 5937
4305 484
4372 6450
4440 6241
5893 8257
315 9087
448 8724
2232 3764
3646 6268
4170 6014
5532 8401
5935 312
589 522
2893 4439
3050 4348
3171 4864
3351 7347
3004 4240
4406 6291
2792 4525
2124 3749
4133 5973
2145 3411
3652 5374
3816 5572
4254 6091
298 6097
2821 4108
2942 4564
4423 6308
5468 5078
1784 274
2721 4236
4332 505
2943 4514
3196 5056
3234 4864
3390 5126
3718 5420
3928 5654
4606 6565
5023 6731
5592 8104
6604 363
3090 4756
4215 6062
2162 3859
6713 5874
184 189
6625 141
2450 4108
3047 4691
3510 5252
5797 753
6686 7047
3053 4513
3076 4287
3188 4834
3226 4970
3392 5168
4700 6536
5542 5769
6654 9288
192 215
2117 3425
2206 3921
3031 4785
6307 9046
2259 3983
2890 4352
3119 4811
3460 5332
4992 397
5886 8137
572 505
3547 5189
6590 534
6733 7709
2263 3948
3313 5171
3560 5258
4478 6360
4672 6516
2204 4052
2370 3960
2713 4152
3190 4870
3286 5251
3447 5177
3548 5286
4550 6423
5513 7516
6253 398
2084 3433
5876 8637
77 26
171 208
895 898
3214 4894
3354 5121
3716 5376
5559 5787
2567 4521
4153 4724
4247 9121
4671 6523
3103 4553
4280 6132
4501 8369
6779 534
739 2853
2656 3929
4166 6024
6721 5781
217 520
619 5336
2233 3753
2687 4524
2967 4120
2981 4521
3309 5127
3656 5389
3772 5332
6653 9378
854 566
2612 4081
2763 4109
3448 5257
4621 6592
144 162
3069 4994
3355 5170
3604 5291
5358 573
6514 6389
38 124
340 375
638 4695
1810 3092
4131 5973
2608 4151
4709 500
42 178
2723 4165
2887 4433
2973 4504
3473 5252
4512 6359
2610 4240
3057 4699
3081 4430
5831 8316
6442 9155
2477 4368
3650 5370
4149 6015
2963 4475
6569 7994
6614 601
6672 601
539 385
2230 3804
2517 3848
3498 5432
5814 505
6025 8917
6471 6982
2465 4222
3335 5291
2531 4076
3611 5302
4168 6014
4486 6340
4622 559
5238 7093
387 387
615 9167
2257 3981
6673 892
6717 5715
2724 4302
2931 4233
625 554
2433 3870
2521 3929
2536 4076
3370 5202
4236 6109
6655 9378
6671 5936
6828 8485
3198 5020
3336 5166
6756 7295
426 423
2714 4109
3102 4431
3212 4961
6265 753
6574 6231
282 385
2765 4122
3612 5372
4463 767
3169 4870
3859 5420
4167 6014
5609 6215
5636 8419
5998 7049
6269 252
120 142
3201 5156
3233 4838
533 363
3317 5105
4424 6308
5434 7764
185 205
532 7930
622 766
2304 3856
3158 4794
3011 4430
4444 6309
5768 8377
2646 3734
511 8708
2243 3860
3191 4864
3824 5648
4349 6205
4562 6423
6809 7093
2091 3439
2269 3936
5449 5941
6650 9378
603 753
824 744
1278 6745
2054 3458
2879 4109
3199 5020
3930 5714
5414 348
5445 8530
655 605
1876 3356
6582 8472
2324 3955
2870 4260
3350 7347
3544 5241
4147 5998
6162 8419
3648 5370
5377 5662
6597 363
237 259
1753 2826
2318 3994
2535 4076
3539 5503
4119 5962
284 505
2516 6533
2726 4450
2842 4368
3268 5115
3408 5202
3776 5523
5892 8790
6210 2917
6305 9067
2150 3870
2766 4109
3520 5301
2353 3743
3280 5160
3432 7347
3485 5332
5536 9166
2273 4093
3476 5328
4151 6027
4470 6341
5136 7049
5753 375
623 4679
653 585
3711 5364
5846 6498
6788 3697
557 350
2882 4287
3006 4212
3013 4302
3359 5171
4476 6417
2258 4000
2847 4521
3117 4886
3150 4838
3731 5445
4240 6092
4963 4886
5945 5308
6047 8824
2249 4002
3641 5252
4500 4720
6403 9175
2203 3922
2260 3997
3059 4730
4485 6330
142 209
2122 3432
4157 6062
5800 8221
5930 8809
2004 3468
2822 4157
2932 4282
3017 4524
3368 5204
258 345
2749 4045
2941 4464
3126 4642
3302 5188
4145 5985
4222 6074
4239 6109
4503 6390
5089 7316
6377 8738
6752 431
2651 3842
2754 4396
3331 5170
5869 8708
2297 3834
2819 4066
4420 6294
118 52
2294 3775
2525 4145
5590 8241
6308 9047
6586 6231
429 6038
4070 5922
4171 6024
4407 6271
174 52
2511 3737
2717 4158
3852 7450
4213 6047
568 534
2308 3795
2781 4450
4556 5937
4605 6591
5615 7843
2195 3785
2264 3948
4390 6521
5387 7230
567 520
1191 1398
3311 5122
3369 5198
3555 5252
4081 5922
4161 6027
5173 7492
5926 5419
2725 4303
2741 4671
3689 5389
3857 5518
3880 3497
4100 5962
4431 7709
425 5942
3704 5318
4282 6133
4304 7498
211 265
246 7885
378 7709
3449 5257
3780 5551
4181 5938
4241 6090
5845 542
1827 2917
1984 3243
2119 3448
2605 3942
3086 4727
3254 4929
3399 5170
3467 5241
3545 5189
810 335
3404 5177
248 301
2568 4521
2818 4122
2875 4066
3264 5019
3333 5166
3437 5166
4179 6068
2207 3997
2274 4073
2351 3754
3865 5654
3931 9216
4378 6316
5175 7391
5512 7927
6679 5698
4112 716
4220 6082
5398 7708
6472 9435
134 52
791 715
3061 4940
5102 6753
5759 7885
2843 4520
3232 4800
3766 5408
5947 8456
2767 4150
2769 4149
3054 4697
6850 385
4135 534
2375 3955
4434 8023
6789 9100
3051 4434
6820 5825
389 559
609 8905
1170 1350
3388 5249
4228 6074
194 217
2617 4180
3361 5171
4864 2889
6172 363
1767 2936
2184 3786
3042 4066
3396 5325
4352 404
6053 312
6198 7851
1962 3550
2362 3957
4572 6416
4638 4151
6879 157
2046 3448
2200 3959
2972 4352
3083 4312
3429 310
3688 5385
6223 312
102 178
158 210
487 452
2712 4154
3334 5171
3651 5373
5591 8078
6320 1497
6321 8583
133 81
853 823
2444 3949
3607 5257
4296 6154
6581 6097
2359 3743
3549 5121
5553 402
6609 7087
2317 3939
3508 5252
4098 5924
4364 372
5801 6459
631 8401
3100 243
3383 4947
1865 263
2183 3784
3015 4464
4116 5961
6214 312
6497 6388
6548 8425
6622 9287
6867 7805
4206 6046
4216 6083
5180 6982
5344 6267
6453 8724
6578 8724
1965 3557
2085 3460
3781 5552
1379 1751
3105 4433
3253 4885
3389 5126
4698 6543
6463 9182
354 350
3259 4945
4037 5877
4045 474
4474 8104
5042 7359
375 5510
582 505
2146 3786
2350 3853
2566 4521
3475 6476
126 138
3154 5982
4430 6398
91 139
300 566
1103 274
2050 3456
2606 3942
5094 6815
5639 8724
6019 7290
488 459
2120 3431
2393 4231
3332 5171
6684 9444
6719 6982
396 554
660 584
3295 4817
3352 384
5677 9100
5850 8091
6206 8825
479 453
2044 3461
2649 3734
2924 4240
3820 4698
49 178
996 9079
3338 5252
3919 5718
3994 5714
4265 7927
5190 5594
6300 1709
1158 1335
2609 4106
2611 4108
2661 4079
2868 4402
3312 5170
3877 5682
4259 6106
4598 6398
5625 7315
2123 3766
2365 3941
2925 4122
3048 4553
3082 4448
4425 6309
4461 413
4650 6516
364 7712
397 412
561 314
2813 4264
3558 5297
4711 6361
412 344
2354 3727
2357 3737
2366 3974
2915 4263
3283 5163
3373 5202
2077 3223
2271 3993
3586 2407
4121 5973
4137 342
4623 4626
5231 4387
6318 8707
353 6097
2374 3979
2914 3899
4484 6380
5091 7047
6546 7686
2603 3939
5381 7390
5665 1335
3932 5784
4475 6542
2686 4520
3433 5122
3749 5426
3827 5175
5891 5309
6739 5655
2244 3989
2319 3986
2334 4116
3138 4995
114 164
4042 5872
4590 225
506 5938
3509 5177
4513 6434
6313 9017
686 654
2052 3454
2744 4657
4569 5185
1894 3359
2038 3239
3153 5009
1053 1166
2446 3951
3362 5291
3933 453
5302 7577
5766 4920
3640 5126
3723 5558
252 8767
929 3125
2441 3942
3686 5369
4077 8424
4397 6294
5133 7359
208 1519
1081 1189
2377 3973
3041 4066
3440 5166
3505 7347
3797 5364
4086 5950
4091 5945
4214 6046
5198 8530
5258 6389
5507 8263
474 5874
2185 3775
2248 3974
4371 8221
5178 5693
1207 1429
2035 3236
2245 4012
2315 3975
2373 3942
2385 4085
2923 4475
3062 4817
5357 6098
5946 8638
6067 489
6170 5417
6261 8085
5122 5859
163 5385
3959 6097
2529 3942
2593 3847
2829 4281
3366 5291
5583 7590
993 1008
1062 1178
4405 4565
6399 274
2048 3468
3222 5043
4218 5938
5020 7627
5197 9046
5430 7870
6247 7885
26 124
119 82
2157 3772
4505 6341
4727 6568
6374 9085
6394 9097
632 6376
766 6326
2112 3419
2199 3939
2309 3942
3506 5128
4124 404
5261 8085
376 559
2498 3357
2867 4473
3504 5286
3753 5528
3914 5691
153 161
236 489
826 773
2070 3218
3040 4410
3387 5117
175 82
323 4999
2156 3792
2966 4158
3381 4873
6213 8222
331 385
351 8980
1142 1314
1933 3417
2739 4521
3238 5083
3329 7347
4224 6073
6054 1206
6133 7726
6438 5820
456 5662
620 8401
6711 5607
19 50
1335 2917
2042 3443
2295 3762
3551 6440
3593 5188
3811 5332
4238 6092
5117 5693
5149 24
6660 9316
602 104
1734 391
3956 5746
6883 6456
64 179
3174 5012
4268 6136
5095 6816
5978 7051
1115 1322
1168 1388
2856 4738
3830 5258
4435 8023
5425 501
6696 9468
214 9470
525 456
2256 3861
3798 5415
2845 4566
3039 4066
4610 6477
4612 6475
6292 1709
352 7655
626 559
2533 4080
3060 4757
3072 4166
3643 5202
3937 5694
6103 8320
261 6040
1897 9167
2826 4081
3595 5320
4783 2888
6523 6215
1910 3337
2948 4705
2983 4665
4221 6080
1514 8203
2299 3689
3260 5189
3796 5332
3806 5608
4270 6119
4477 6485
5865 8092
1453 1008
2898 4655
3243 5188
5784 8861
5883 8189
6402 9174
6791 9260
335 314
2990 4762
4049 5877
4264 8984
499 5941
2009 3404
2220 3236
3938 342
4541 8206
159 225
546 6709
1054 1180
4531 6402
4580 5176
4596 6409
5815 5412
6085 8641
6509 8916
3836 5497
4497 6393
6612 9378
407 6166
527 503
2148 3753
2959 4015
3197 4971
3668 5238
3769 5297
3866 6316
4278 6133
5510 564
5834 8353
2250 3936
2599 3918
3599 5247
4276 6139
4633 6490
6254 6215
228 259
2036 3237
2079 3225
3262 5084
4489 6434
5170 5620
5908 8637
6400 104
6476 7225
56 83
2011 3474
2655 4057
2947 4652
5951 528
1993 3250
2329 4120
2874 4122
3303 5114
3346 2770
3763 5482
5021 9181
6861 6231
2303 3748
3202 4953
3552 5252
4250 6091
5877 542
6877 8880
2920 4475
3649 5342
6241 2688
301 8891
2325 3986
2327 4098
3215 4864
4337 6205
5361 8320
5927 8457
80 178
230 286
800 498
2595 3916
2902 4658
3092 4783
5065 5813
5223 8737
2019 3482
2526 4010
3708 5252
4118 5963
5309 7133
6252 1398
319 9008
560 6639
3794 5297
4279 6139
6251 2917
1795 1630
2514 4393
2520 6195
2907 4737
4087 5950
4139 4609
6311 9032
1096 1220
2751 3734
3471 5408
4020 5848
6152 5031
3304 5093
4574 5246
285 528
1111 398
3077 4302
3818 5592
3831 5332
3845 4390
3936 5749
4253 6091
4863 716
6058 8824
6749 7781
871 9188
1182 1400
1782 3033
3128 4753
3602 5170
4076 5950
4110 5973
4245 6096
4248 9100
6378 9311
37 124
259 489
1270 1497
2212 1510
2930 4411
6194 9061
6435 9192
1898 263
3107 4716
6657 3176
5610 9344
3365 5164
3783 8928
4261 6119
4354 336
5028 1398
6029 6146
873 437
1538 2417
1576 312
3337 5169
3455 5301
3750 5496
3950 6773
4377 314
195 222
961 1042
1485 2031
2710 4748
2760 4475
3001 4475
3596 5320
3837 6771
4255 6106
4370 6499
4603 6453
5427 7362
2524 4019
2977 4691
28 4397
367 7434
437 6131
2699 3792
3239 5085
3403 5291
3809 5297
4450 6566
4658 6508
481 6067
5771 9044
368 5991
2198 3935
2768 8038
3106 4439
4257 6106
5582 501
1612 411
2059 3528
2437 3942
3732 5251
3889 5711
257 537
1727 2722
2110 3248
2180 3405
4273 6110
5882 6498
835 484
2237 3801
2722 4291
2837 4433
3550 5126
4554 5994
5551 8023
93 164
403 8472
2267 3929
2917 4475
5172 681
5571 7391
6128 1668
203 4935
204 3697
346 419
356 9384
658 593
1077 5668
1807 3497
2701 3737
3323 4834
3486 5301
3952 5692
4412 6260
4670 8039
564 7093
1410 1847
1952 3273
2597 4401
2607 4067
4075 5950
4602 6476
5562 8037
5994 8194
1185 411
2094 3442
2247 3936
3546 5156
3810 5364
6621 9419
143 143
526 5445
2049 3454
2986 4734
3698 5559
6685 9435
493 9006
3929 5692
5796 6177
5821 8044
6304 9080
6491 351
6718 9435
1181 3077
1206 289
1592 312
3873 7018
4150 2581
4564 6979
6750 5715
106 225
529 8485
2141 3327
2422 3646
3765 5252
6151 1398
286 546
899 872
1088 3077
2953 8222
3501 866
6773 6626
535 9466
1866 521
2045 3428
2372 3941
2757 4145
2849 4665
5132 7359
2201 3936
2601 3919
2997 4475
4402 3010
4462 6431
177 242
270 324
295 489
1909 3336
2652 4054
2756 4475
4056 5924
71 192
3038 4122
3314 5170
5444 7785
5888 6215
6100 7290
6664 5692
6764 363
6882 365
45 178
1953 3632
2279 3236
2918 4473
2921 4475
3762 5401
5588 496
5642 4920
468 5662
3163 4886
3561 5328
4212 6059
4398 6291
5661 6395
6629 9272
1972 3466
4800 6650
5247 7637
6233 7290
2014 3550
3670 5249
411 399
694 659
4723 2889
5620 5622
139 135
1480 1948
2527 3942
3497 586
3657 5466
502 8419
3356 5171
3948 5656
32 178
2068 7316
2447 3952
3912 5707
5687 7764
6236 8137
379 403
577 4681
688 620
1140 1663
4667 6658
6465 8901
2121 3441
2911 6108
2951 4387
3671 5251
3788 6421
5726 5942
531 6625
1815 2917
3380 8953
4226 6104
4295 6152
6388 9129
84 193
2690 4607
4418 4594
5161 6789
5402 7870
206 5938
1160 1377
1362 1709
2013 3476
3098 4913
4188 6027
4662 6492
5561 8104
6266 2688
220 489
2089 3437
2425 3528
3435 5122
3902 5607
4174 6047
4323 513
5624 420
6726 9428
58 164
1958 3483
2598 4004
4401 6388
4482 6364
773 2853
992 1113
2358 3844
63 172
1371 1335
3025 4732
3285 5090
3638 5283
4468 6379
4545 6419
6781 361
229 280
921 975
2591 3844
5177 9181
5619 174
207 5938
2053 3457
2129 3315
2321 3983
3242 5013
3418 5301
3822 5621
6432 7259
6663 7122
6693 9468
306 8550
2957 4473
5558 7859
345 6441
2653 4054
3255 4961
3430 5189
6083 6068
6683 9092
83 178
200 232
518 484
2118 3428
2227 3900
3706 5246
3991 5804
4093 5948
6623 5755
1680 2638
2451 4088
4198 496
5174 7464
5481 6408
6176 1398
6666 9443
140 128
666 607
2571 1304
2808 4393
4201 6046
4306 9426
627 8020
1756 9420
1819 3092
2364 3861
2662 4066
2896 4649
3400 5171
2872 1051
3000 4475
3553 5171
205 6727
303 259
372 5931
1986 3244
2755 4475
2974 4439
3996 5818
4260 6109
4915 2878
6742 8320
156 190
462 427
1724 474
2919 4475
5851 8066
805 1734
2916 4396
3132 4803
3192 5041
5587 5620
5745 6427
5857 8187
6111 520
225 9165
1264 1544
1973 3475
4898 2889
445 6040
2495 3225
3791 460
1245 8425
2913 3843
4315 274
4421 6293
4549 7738
6011 253
665 602
1793 3033
1856 7099
2296 3802
2737 4518
2743 4657
2989 4761
3639 384
3771 5364
4192 6047
4629 6506
4900 6654
522 489
634 396
2513 3843
2700 3845
3049 4686
3710 5297
4126 8019
4182 496
5530 5769
5607 7316
5782 8162
240 7712
641 173
1124 312
2172 3243
2211 6177
2251 3964
3565 5301
5700 6315
5944 8353
496 4387
2512 6073
3068 1459
3244 5086
3272 4961
6503 9416
6667 9216
1974 3476
2432 3857
3976 5774
4074 4941
96 121
162 336
2658 4479
3010 4551
3071 4684
3170 5645
3266 5163
3299 4947
40 4475
613 312
2312 3993
4230 1613
5090 6771
5458 7785
6436 9154
471 344
3690 5548
4111 6902
4142 4604
4527 6393
5408 7322
95 83
281 8759
309 6097
740 7391
2071 3219
2922 4261
4219 1647
4223 4172
482 5662
1961 3406
2958 4475
3287 7347
4683 9450
1294 522
1998 3255
3207 4792
3300 4933
5202 7209
6813 6010
2431 3847
2523 3931
2650 3877
3139 7448
5473 1683
1123 303
1298 1650
1834 3104
2017 3541
2428 3852
2862 3753
3598 5325
4132 4368
4687 6537
1776 3083
1835 3111
3164 1459
3511 5486
4158 6062
3176 5155
4504 6391
4525 8206
3183 1459
3386 5019
3426 344
4054 8825
254 7885
1912 3327
2018 3534
2515 3762
2806 4038
6700 5118
219 6231
2231 3749
2361 3861
3223 5083
6174 8406
995 9451
1999 3257
3442 5253
3499 5472
14 5594
1854 3105
4845 6947
5889 8617
1310 506
2228 3775
3556 6476
3884 5638
130 83
168 224
1463 2035
3385 4933
4785 8085
4991 7201
5395 475
585 5445
1002 338
3673 5194
4473 8186
5193 651
6343 9050
2061 3087
2086 3404
213 476
420 353
759 668
1611 7870
3200 4949
4073 5924
5605 5622
2528 4012
4277 6139
189 158
279 332
544 500
2449 4070
2697 3753
2708 4261
4122 1510
4429 1044
6475 6068
1258 1567
2075 3359
2594 4317
3626 677
3891 5730
6722 5712
2213 3212
5486 8290
86 172
202 7559
421 6639
1678 6897
6017 268
6107 6250
1468 7177
4014 9216
310 362
2289 3603
4006 9100
5740 5631
264 325
308 281
1018 4681
1879 3359
1990 3248
2181 3406
2965 4108
4457 6364
5015 505
5442 413
6179 6489
6651 5594
494 438
2648 3904
5171 2969
6600 6835
1778 2964
1959 3548
2801 4665
3267 5163
6328 9070
73 164
75 83
1874 3359
1943 3400
2910 4393
3023 4646
3727 679
5925 263
6492 8872
2580 3335
3348 5189
4599 6389
6508 9223
294 601
701 8953
1624 348
2101 9327
2108 3210
3687 5464
5154 5659
6500 8885
6858 437
1746 2999
2301 3786
2654 4056
3397 5164
3637 5150
5237 5607
94 148
1187 1516
1380 1801
2817 4475
5557 5898
5943 7545
2010 3472
2047 3449
2438 4012
2865 3754
3115 6708
4114 496
4178 5956
4573 263
5119 7450
5371 7665
255 317
1823 3128
2055 3518
3221 5112
3394 5253
6561 5110
277 8776
703 667
2320 3939
122 67
904 891
970 579
1873 3354
3189 6340
4446 6364
5135 909
5181 5872
870 579
1074 7358
2660 4400
2706 4475
3634 2998
4094 5908
6665 7391
3257 4891
6218 8568
30 4475
1927 5731
2291 3521
3175 4948
3273 4864
3669 5320
4097 5950
329 333
512 9395
2745 4673
3635 5539
5235 9301
5802 8316
6827 6521
472 434
1083 1210
2016 3481
2246 3981
2602 3920
3725 5562
3875 5659
5556 7781
639 6359
668 5319
780 465
1966 3473
2302 3760
2306 3790
2459 4102
3860 5420
4490 4595
4661 6512
209 3027
501 1335
513 9283
936 966
1906 3236
2996 4261
3028 4758
3869 5663
6790 1954
108 35
491 989
2753 4263
2858 4740
3274 4891
4396 6293
4642 6506
5560 8063
6748 7362
1855 2859
1904 3277
5303 7130
5480 5118
5498 542
5631 4448
6641 7472
98 26
432 327
1200 5440
1995 3252
3269 5089
3805 5729
4567 5088
6195 6389
6782 1261
1238 346
1801 3092
2752 3753
2954 5541
3217 4931
4005 5998
4565 6474
3631 5471
4774 7209
537 989
554 8815
913 929
2090 3438
3278 5160
3446 5254
4017 8315
4460 5000
1300 2458
2344 3235
3441 5164
4411 6291
6309 9048
121 137
1816 8006
1937 3260
2811 4051
2812 4475
3349 5189
4205 5533
4294 6152
4553 8482
4686 6535
5910 5615
542 5644
1745 2965
2331 4116
3037 4072
3315 5171
3629 6073
3882 2751
4487 6366
4506 6380
4802 6652
4826 6671
5066 2796
820 6130
1236 458
2369 3929
2411 5718
2434 5342
2638 3619
3194 4971
5328 7176
164 175
586 361
1070 1198
1122 8368
3237 4965
3324 6408
3489 5301
3839 5632
5606 6802
382 7225
1019 1033
3219 4932
4089 5957
4176 6019
6106 365
6812 3126
182 73
460 5993
935 956
2298 3875
3722 4746
5979 5693
6737 460
823 4303
1161 7358
2505 3600
3514 5542
4510 6393
5038 2853
227 314
274 505
2442 3967
2587 3753
4646 6504
6393 9113
1014 9426
2711 4241
2873 4475
4737 6578
5472 7998
5858 8205
6331 9035
337 8953
723 7729
1703 4467
1747 3000
2225 3466
3235 5038
4225 6073
6628 424
267 3488
1936 3256
2998 4010
3915 5119
5157 8222
5469 522
5678 7473
221 520
1828 8315
2191 3867
2208 4024
2367 4055
3099 4938
4297 6155
4581 9465
4699 6015
17 65
3896 5653
3983 5783
4388 6306
4395 6306
29 11
218 2889
1880 3359
1939 3587
2280 3514
2443 3926
2761 4475
6429 5226
6770 9260
173 236
498 5249
2861 3900
5948 8458
3220 5069
3474 5254
3594 5189
4458 6363
5584 405
6098 437
336 936
1928 9260
2322 3994
3058 4701
3140 4768
3298 6067
3434 6440
4524 6514
4535 6626
6387 9128
452 5662
754 2853
1821 3111
2058 3464
2060 3449
4632 5439
5120 6944
5818 8077
842 1398
2163 3143
2219 3324
2509 3876
4055 5922
4690 6526
5488 573
6822 7577
593 7904
1011 315
2171 3254
3443 5198
4271 6136
6317 8736
6859 398
188 5593
811 6172
866 6172
2287 3211
2703 3984
2709 4061
3589 9426
5244 8766
6255 8534
822 766
827 312
2530 3937
3943 5669
4069 5861
2810 3737
2928 4404
4712 6554
5203 6947
6699 7472
1326 6166
3279 5019
3382 4864
4199 6060
6715 59
87 124
575 487
802 8085
1176 1401
2912 3753
3249 6419
3663 8066
6191 715
275 385
1256 6146
1804 9342
2288 3248
2644 3843
3345 9121
4635 9187
1836 3128
3056 4698
3500 8724
3870 3009
6031 8552
464 4877
505 259
650 763
2073 3220
2645 3753
2759 4261
2857 4739
2859 3808
4384 6222
4897 500
5555 1302
6852 564
338 7616
418 422
528 5938
2002 3454
2134 3319
3173 6067
4202 6045
4408 6294
4566 6438
4587 402
1841 2980
2202 3989
3125 1488
384 3098
671 611
6835 3495
305 311
2286 3331
2860 256
3694 4746
4577 8290
4589 4490
6723 9469
6815 566
2371 3961
3705 7099
21 50
1043 1159
1890 3356
2507 3408
4441 6294
4494 6393
6670 5695
1232 524
2864 4132
2866 5435
4200 6046
931 1005
1271 1382
1593 7742
2072 3332
2596 3916
2702 3941
2805 3753
4023 5852
4053 5890
4456 6364
6454 7409
23 102
388 5510
1225 1461
1421 1048
5252 7556
6613 9273
461 8263
4392 402
6125 8195
1324 1581
2742 4707
3296 6408
3819 5533
3968 5727
4262 6132
4498 6497
4675 6510
4997 6731
6483 4552
1748 444
3284 5089
3603 5171
3622 5388
4292 6150
478 439
814 783
950 2917
1341 1600
1963 3448
2592 3833
2758 4400
4628 4390
5570 9378
1049 7177
2876 4155
2994 4532
3472 5198
6832 476
1292 1620
2205 3978
4249 6108
5040 9408
5422 7782
6516 7082
6736 7788
48 151
2292 3460
2855 4673
4090 5944
891 870
2088 3674
2694 3754
3628 6093
3633 9233
3795 5364
4643 6444
4655 6428
5073 4944
5416 5662
5855 8617
6056 7341
6148 8290
6712 5786
1009 455
5067 9216
5378 7176
6228 1841
13 6242
1342 837
2807 4132
2869 3939
3205 5029
6060 8355
3391 5129
4488 3808
5502 6098
147 7177
1224 1299
1975 3449
4101 4416
6437 9154
3246 7805
3789 5578
5367 5807
5543 474
5829 1398
116 61
597 7866
1192 2160
3954 3507
4129 4629
4439 6322
5540 5620
5793 8320
6364 8764
6406 9150
6771 8818
1097 1262
1443 1874
2025 750
3379 8954
6747 1335
517 7266
2140 3222
2368 4021
3195 5043
3270 4886
3879 5701
269 4926
583 1874
1339 2889
3203 2772
3347 6419
325 796
444 8337
1738 2795
2057 3463
2116 3441
2871 4261
3325 4836
5322 5790
1030 5150
2092 3440
2093 3529
3281 5070
4022 5851
4106 6042
4272 6123
150 4799
409 5942
2006 3469
3326 5069
4714 6544
5121 5678
6159 372
137 118
670 610
706 6832
1145 1319
414 9384
454 9144
808 6897
1398 1812
1601 7870
2518 3926
4227 6074
5208 8766
247 259
1949 3625
6826 5718
606 5246
976 1066
4173 6018
1364 6497
1951 3273
1968 3476
1992 5715
2657 3929
2816 1051
3301 8239
4062 1456
2104 3330
2430 3727
3872 5692
4896 5990
6007 8298
863 827
4551 5026
25 8077
186 218
391 6308
1304 247
1940 3331
2352 3753
3149 4783
82 187
320 989
798 748
1110 5731
2748 5435
3101 4682
3230 263
3733 846
4140 4518
5276 8813
60 178
635 7709
1826 3138
3211 4886
3828 5565
6585 1397
2066 3214
3177 2762
4244 6094
4538 4967
5341 496
5376 4738
5721 7859
1215 989
1887 3254
2647 3904
4063 5901
4467 6328
2063 3109
2584 3418
3849 5425
4072 6326
4233 6072
5158 6871
5593 6270
6410 9131
5541 5698
6753 8305
138 4525
2135 3320
2589 3753
4156 6003
6434 9154
265 1398
2901 5532
4579 521
6810 1400
52 124
69 7177
408 5282
1319 2878
4016 5467
4189 6013
5549 8020
6140 2889
97 130
786 6129
2696 6090
3969 5766
4130 4629
431 5722
1677 6604
1817 5308
3087 4656
4002 8263
4028 6943
4940 397
6319 5872
2102 3369
2588 5435
2984 4653
3306 5070
4601 559
5643 7892
5744 8087
6330 9033
565 989
3245 5191
6441 9179
89 45
576 7088
2103 3206
3248 5597
3541 584
3770 5297
5803 8518
6226 9200
92 148
1038 1401
1066 7358
2762 4401
3893 3497
5629 8566
5924 745
6087 8378
1676 1450
2003 3430
2210 3167
2424 3468
2695 6104
4409 6293
6875 8005
1970 3461
3378 5610
4138 565
4350 233
5628 8179
46 21
263 489
2067 3215
4466 6363
4479 4231
4614 519
4617 4390
4641 8530
5348 4387
6876 210
1020 261
2746 6074
3927 5592
4209 6053
4593 6386
5799 1824
18 66
416 327
1688 2913
1848 3497
3557 8962
3701 5561
3840 6409
4449 535
5326 7094
370 374
555 989
1112 237
2281 3326
4324 6030
926 972
1052 474
3318 7047
3632 9366
4416 2938
5594 2226
6154 9040
916 941
1288 2917
3142 4645
3427 6604
4630 6478
4746 6593
4777 6611
22 4250
366 6417
1153 1365
1919 3344
5355 7178
6440 9191
6698 6326
1203 8467
2165 314
3124 4842
4631 6428
661 599
1550 1709
1760 7324
3803 5573
2494 3631
3955 2960
4481 6364
70 32
928 997
2360 3952
2705 4145
3425 5662
4508 6366
5236 7588
5938 8770
6640 1358
604 552
1120 507
1459 2825
4083 5906
1067 1177
2080 3315
2254 3995
2522 3930
2846 6028
3297 2863
4539 5026
5096 6818
541 456
3512 5254
3942 5773
4243 4562
4491 6379
2253 3941
4560 9421
5764 322
473 8249
3871 5523
4644 6507
35 172
242 249
386 548
831 2971
938 8085
1183 8428
1661 2570
3055 4700
3444 5512
3851 7391
5200 7356
5916 5974
245 8895
314 8822
548 2623
692 634
1931 9182
3741 5301
510 5685
1805 263
2255 3943
2956 4475
2961 3923
3677 5301
6652 8263
769 51
1513 8085
1844 3135
1891 3368
2278 5594
3724 4524
4191 6030
4546 5844
4679 8318
5041 5755
990 1487
2691 375
4326 6170
5239 6830
2798 4772
5070 6803
6301 9167
1249 1487
1862 8006
2704 4139
3393 5122
4285 6155
6075 8346
1977 1734
2642 6071
6121 7342
135 106
914 963
941 936
1387 507
2952 4389
4523 6010
5101 1398
852 819
2585 3440
4576 508
5056 8420
5500 7906
5600 7636
6335 9011
500 7790
1820 3104
5693 6798
222 239
1845 4845
1985 3244
2417 3245
2637 4639
3204 5665
4134 579
53 124
405 556
5019 9293
751 308
1243 5954
1445 1954
2069 7293
477 432
2277 3186
4211 6169
2698 3790
2802 2938
3445 5198
4356 6219
6422 9153
1971 3561
4080 5921
4448 7343
5581 8135
5752 1595
5864 6309
1101 312
1889 3354
4050 5861
6164 7987
657 592
2056 3647
4242 6135
4300 6157
5342 750
3224 5018
3895 5703
4025 5834
4381 6223
6153 5443
775 391
1382 6375
6808 7577
57 212
1293 4681
1762 8861
1941 3263
4229 1810
12 6704
803 437
3738 5257
3971 104
4758 7501
5249 1227
5758 7947
170 4058
1665 444
2348 3449
2643 3843
3258 307
4024 5877
4582 7362
5093 7049
5534 6728
6390 9111
1818 2982
1945 9127
2908 9416
3601 6476
4961 6730
196 158
550 6647
3692 5690
5438 7457
5928 8447
2586 3023
5269 7049
5667 8791
733 686
1892 3368
3987 5774
4375 6201
4483 6328
4583 6562
5749 8558
6421 9154
6841 4917
154 169
1444 1433
1921 3345
3907 5718
2022 3552
2109 3211
4078 309
5047 6817
5400 7299
5573 8326
6175 2889
6599 6719
20 50
1301 2917
1915 3243
2008 3470
2750 3900
4044 6752
4307 6155
4846 6488
6510 8927
6710 7051
152 82
566 265
3862 5592
3868 1804
6237 5179
6669 9456
272 5632
447 6036
1878 3358
5418 7054
5523 6513
455 6369
859 1406
977 8198
2343 3269
2815 4264
3496 5432
4363 4715
4459 1780
5340 914
6293 485
167 183
663 608
1201 259
1283 7867
2659 82
2799 4667
3540 5561
3728 5537
5731 8507
6086 7089
6391 9176
1806 8467
1498 981
1964 3481
2226 3548
2435 3989
3926 5498
725 672
1237 9301
1333 1227
1349 1022
3165 4885
5489 6408
401 9187
453 7434
776 732
1577 8551
1770 3024
1888 3269
1895 3335
2130 6773
4234 6103
4696 8482
4818 6631
5435 796
199 288
1761 1335
1822 3115
2007 3600
3439 908
3986 5800
4876 6190
5589 5389
1321 1630
2043 3592
3676 5297
3941 5772
4419 6293
4563 6405
4592 6462
5251 837
5618 8248
5630 781
6533 7406
3903 1824
3934 3239
919 951
3277 5052
4177 6046
3664 5396
4058 6943
5283 7094
6589 6898
6682 6375
1814 1513
3148 4784
3935 7293
4120 371
5572 8305
483 6700
793 6047
1059 566
4427 6297
4852 5807
1102 6900
3322 2889
4009 5829
4502 375
5194 5872
183 159
1021 8534
2166 487
2504 3548
5148 7462
5324 7613
6259 1208
659 763
908 1832
1095 1335
3660 5500
6327 9034
72 6484
151 110
584 6604
1032 1129
1667 5239
1787 6409
1843 3146
5487 6798
5798 7516
6727 7345
495 469
1471 8389
4595 7577
704 8204
843 790
1926 5872
4046 5937
5183 5825
6525 5718
1455 5324
3436 5133
3587 5472
131 212
695 4746
779 156
1846 9026
2064 3250
2266 4066
3159 4778
3911 4828
4361 6226
4680 8163
6420 9174
6703 7535
762 678
1419 331
1436 1022
2499 3358
4663 568
5470 9467
5705 6728
5776 3010
74 121
1233 1536
4634 7391
1313 1832
1757 2962
3111 4769
3757 4650
5323 361
6458 8844
2955 4473
3630 9040
276 585
457 450
1581 7866
6084 7203
293 5743
3804 5621
4516 6393
5666 7082
2809 3876
1033 1145
1491 1990
1881 3222
3181 4753
2326 3962
2800 4799
4128 4629
4543 9157
1772 2865
1929 5773
3247 2833
231 246
590 5669
1708 7177
1957 3546
2519 3926
4618 6465
3342 1428
3982 5621
6116 6789
31 3572
288 5306
404 380
1566 2316
1903 3639
1908 3335
3535 5428
4558 655
5663 2634
6312 9034
424 6187
1090 2442
5375 1261
6677 4878
1045 1400
2179 3521
5692 8791
3998 5802
6408 9152
6814 7974
103 193
629 8694
1386 1261
4616 7708
858 811
1041 8993
2076 3236
3143 5592
3885 8550
5765 7093
1813 7390
1948 3588
4922 8117
6026 2777
6844 5319
104 3979
1428 5747
1575 2360
3064 6920
5346 5288
5962 8139
6449 6166
6775 9300
6795 6947
251 7664
1001 1132
1296 1649
1402 1207
1481 1619
1697 2625
1922 3369
2128 3327
2995 4260
3377 5229
4555 5979
5365 6828
6163 6469
1135 6389
1752 1500
2582 3358
3276 6067
3693 5553
5018 7015
6785 6217
201 6727
446 6493
883 989
1477 662
1789 2981
3972 5790
6385 9126
6481 6679
2113 3473
2168 3632
5415 7361
6575 8561
132 99
1875 3635
3909 5718
4141 5986
5554 6217
307 1251
2065 9260
2265 3950
3021 4796
330 345
2087 3421
2506 3521
6062 8344
6188 8436
6837 1262
148 60
369 7987
1244 2699
1499 1975
1751 75
2169 3638
3137 4935
4817 7746
4827 8298
6079 843
6642 7409
764 2889
953 529
1198 1868
3993 6637
5794 327
6884 5110
1475 7470
1976 3437
1983 3240
2569 8258
3680 5257
5958 8193
1039 5000
1896 3373
3703 5598
5179 7791
5736 2292
6842 503
545 1401
816 1478
4537 5941
1210 1444
1671 1630
1955 3400
2078 3224
3642 6476
4299 6153
179 1079
181 1371
4717 5674
1057 8805
1532 395
3146 4780
4032 4671
549 495
1315 1683
2814 4014
4092 5947
6129 344
6745 2777
630 539
2083 3229
2293 3538
2427 3828
3947 6836
5107 7419
6143 8767
6416 8779
6787 372
36 172
737 697
986 6112
3319 2838
3999 5818
4196 6031
5144 5279
232 295
907 9083
3856 375
4308 6152
4532 5701
4533 516
5076 6703
6851 4683
947 1030
1431 6375
1460 823
1969 3449
4529 6402
6243 2889
6376 8778
6451 1346
1279 1033
1954 3515
2005 3424
2132 9082
3821 4853
5485 750
1346 7358
4689 8318
5984 6798
6697 9092
569 9332
920 951
3712 5297
4604 6589
4639 8221
4648 8845
5503 4951
912 3851
1764 3024
1883 3632
2170 3505
3463 5703
3625 5474
54 373
316 724
651 595
812 5052
1672 69
3674 6476
4883 8607
5275 7804
892 6414
1344 4738
3184 4886
4403 8353
5454 7636
1013 2458
1405 981
2015 3529
5313 7060
216 404
1291 1607
1496 4387
1693 1207
3172 4932
3886 8456
4030 6151
4678 3949
51 4021
1695 5385
6310 9031
6738 524
1451 508
1768 2982
2290 3430
2999 82
3726 2927
3785 1072
155 184
538 2985
1114 1216
1343 1679
1924 3347
3160 4660
3229 6501
5448 7356
1403 8042
1404 7708
2174 3308
3438 5140
4298 6150
6386 9127
605 2625
1473 2010
1673 67
4084 5924
4088 1434
4575 8222
6480 477
1 0
402 9466
1239 1548
1808 2961
1824 3111
2100 3326
3193 7857
3271 4784
4052 5880
4790 6923
662 272
1792 3034
4190 6029
4194 6031
6620 7292
6765 1819
253 366
1031 1305
1567 8425
3605 6409
3760 5598
3925 4773
6003 1032
1493 8798
1900 3161
4867 8569
5633 9080
6227 9327
2030 3236
6507 8357
6805 5428
503 5999
1073 1225
4183 6042
4586 6039
5608 1398
2217 3401
3363 5144
3658 5497
4588 5310
6648 7206
6772 103
6801 5189
178 5999
390 7870
1261 344
4830 6663
5443 8093
821 542
861 3546
1721 2721
2578 3270
4611 2006
392 8714
1930 3351
3180 4702
3695 9347
4725 8085
4762 6608
5977 5825
165 181
756 694
1117 7470
3564 5257
3787 5283
4645 542
6627 488
34 179
4040 601
4386 6201
6244 4362
6418 8901
6695 256
6714 2826
111 163
855 6465
3946 9295
4967 2912
5953 8244
6755 9337
123 75
4794 7419
5125 7605
4832 6923
3 8766
2747 3737
3585 1595
6035 8371
6380 9146
347 6729
439 8995
1106 5669
1345 1745
1351 2416
3141 4645
5969 2006
6535 5440
1987 3248
2214 3261
2416 3334
3957 5727
4659 6516
210 401
280 335
365 6398
807 752
3786 6789
3997 757
4382 6236
5574 1027
5684 7748
6423 9192
6433 9179
684 636
1591 536
2423 3526
5268 2978
332 6040
3793 5409
5644 6503
5812 1297
6662 8602
1946 3395
3156 7790
5897 3839
6370 9125
466 6748
607 8638
1267 2900
2510 3775
3537 5014
3808 5485
5134 1523
6489 6358
1268 1473
1316 1589
2039 3241
2797 4671
4246 5063
4939 476
5674 7637
6260 8643
271 352
449 450
6794 5561
943 4906
1141 6591
1740 6813
1763 2937
5405 7961
5479 7744
5526 1613
6291 8715
6452 6787
1290 1174
3755 8928
3921 182
4330 6266
5999 1434
618 1452
1086 328
1164 7858
2641 3528
5359 7262
146 212
1803 3104
3227 7490
3538 5470
6183 8427
326 4704
669 609
731 6013
1359 6761
1461 5606
3182 4738
3906 7462
4099 5926
4383 6223
6014 685
68 4402
393 6416
1006 1120
2098 3132
2420 3326
2960 4266
3737 5409
4647 6475
6804 8276
884 7088
1594 6293
1722 5719
1725 2911
1781 3063
3592 9008
4868 7457
5623 7203
6155 9026
1606 5031
2218 3259
3030 4760
6382 9148
6495 4993
621 564
1849 3010
3735 5409
4437 7209
6297 6789
6556 9099
6608 12
1143 8130
1710 2705
2062 6728
4829 7054
1234 1434
1536 4955
1713 6200
3293 7406
4136 9251
4359 6188
1287 1376
1872 5499
5295 6985
321 2984
778 707
1448 405
1487 2088
1766 8853
1825 3149
5769 6195
128 163
770 7177
771 7212
1085 1202
1502 312
1704 2646
2300 3758
4778 6613
5242 8554
5681 7867
966 7894
1788 2948
2496 3348
3567 5301
3807 5648
4815 8298
6821 1376
6843 3895
1202 1015
1780 3014
3702 5632
3988 6296
6407 9152
262 231
1759 2963
1851 3023
2032 3232
3778 5498
6202 5498
290 4387
1186 4852
1259 6042
4033 6423
4043 5874
4274 6152
6383 6013
66 147
685 8963
1442 6414
1794 3104
3790 5443
4710 8085
5717 7870
6448 8842
24 124
3978 731
465 7126
504 2818
889 9003
1253 1500
1692 185
2143 3473
3422 5394
4013 3318
4455 6337
4522 6384
4807 7501
6273 8811
6751 8550
1378 1752
1882 3624
4998 6755
5732 309
6027 6042
27 6536
55 5992
62 194
675 614
834 512
3294 4885
5460 6456
6193 1621
6415 6625
1709 7177
1830 372
2131 9080
2275 336
6271 6898
6486 8777
6692 7772
124 96
680 8963
767 8835
945 9228
1853 3061
3108 4754
6506 3260
50 4004
910 570
2037 3327
3588 9435
4203 5710
5407 7321
5432 7817
5490 7476
6829 9067
3187 4858
5719 6346
5932 787
6479 7048
643 4701
5052 6650
5822 3483
6568 5028
141 5383
1091 1174
1299 989
1427 1929
5335 8298
6792 7687
145 163
4048 5851
1026 339
1089 1214
3110 4727
3113 5222
4038 6243
4231 281
191 158
743 1261
1131 3166
1899 3093
3218 6067
459 1638
1022 7819
1754 8292
1839 738
1860 3356
2409 6390
5196 9216
166 182
358 3491
434 3070
967 1040
1308 1689
1726 24
3155 6835
4874 8085
5676 7203
39 939
933 1015
1094 561
1152 464
1783 3081
2000 3258
3161 5592
4637 5227
5351 7137
6488 7535
1412 1892
1773 438
3289 2821
3855 5650
4677 8163
6055 8851
1221 7894
2021 3539
2412 5800
3236 5370
4521 6393
5308 7320
5885 1456
4578 6440
6158 6658
6288 921
6786 394
129 36
1368 288
2031 3230
2579 3359
5131 2889
6536 281
112 83
699 2677
1017 8085
1694 5381
3584 5393
4518 7712
4960 6746
311 344
1706 5497
3709 6476
4547 5610
5992 7255
233 335
839 802
1877 3357
1942 4040
3883 7321
3910 9174
4776 6627
5100 6747
5288 6557
5781 8149
6594 9356
341 5444
1222 7358
4917 7414
509 6802
633 576
4217 6021
5386 7550
6363 8764
6540 9020
6160 7647
6373 9125
1579 7085
2339 3591
3784 6575
3887 4659
4003 7776
5211 7457
5270 255
5483 5488
1901 3723
3534 5394
4744 2699
85 194
838 7358
847 798
1028 1868
1128 1286
1466 1222
3127 3109
3228 7382
3995 5593
115 8503
1548 6942
1643 8272
2508 4206
3627 5469
4015 5467
894 879
1775 3081
1868 2550
5343 2624
1007 1431
3761 7995
4066 9201
5109 6597
5650 9213
5805 979
110 4608
614 7558
887 6589
4814 7457
683 622
1508 1508
3590 5827
3981 5027
4008 9203
4591 7026
5007 2107
6405 9147
592 7816
1737 5594
1800 2962
3707 2699
4520 6626
4613 6398
6389 9130
6439 9191
882 411
1193 273
1370 2853
3900 78
5750 7059
6573 1879
594 2698
937 1192
1488 938
3894 5665
5905 1453
6345 9074
6845 5446
486 6006
1003 5790
1541 293
1831 2982
2982 4651
4620 8390
4791 7457
881 1540
5827 245
436 7738
1282 1706
1893 3358
2852 4659
4331 24
6355 8811
949 8952
1352 8651
1530 5349
1871 4709
3964 815
5169 7506
5345 7406
6077 8323
6504 9261
3829 5333
523 874
1037 7358
1907 3279
4688 548
5597 6282
238 302
1785 715
1796 2870
5907 1303
6057 4935
359 7943
885 832
1082 1209
2503 3518
3917 9003
88 42
1918 3343
746 700
1429 1303
2215 3247
3036 6015
4447 5234
5875 7203
6445 8856
6544 9005
5478 8298
6522 8929
1489 2773
2133 865
2285 3225
3992 5805
4065 5876
4175 6361
5622 5893
6618 488
41 2783
519 7266
646 8456
2854 291
4067 6243
5050 7457
5053 7020
6468 3837
1462 7682
1905 3244
1917 3342
6409 9178
6576 6824
47 78
896 237
2909 6073
5453 3089
5501 1423
6197 943
6368 9122
1056 907
1515 2095
2497 9444
3376 5228
3898 6045
4317 2913
5742 6194
6572 7291
534 502
617 7663
673 2635
1902 3403
1960 3536
1980 5498
2177 3549
3675 5409
4731 606
5937 8769
10 8738
726 676
939 4890
1330 8424
1701 2691
3844 6171
5222 7577
6716 2302
1779 2962
2570 5286
1765 9188
3764 475
3965 3214
355 389
1418 8019
1447 1972
1457 3176
1479 284
1511 1328
1833 3034
2115 5906
3275 311
4293 6156
4594 4127
4942 9449
1044 5169
2282 3626
3343 5179
3823 2845
3899 6060
4010 5491
5213 9230
5289 7605
5653 7291
180 6419
825 1081
1420 4531
2224 3468
4854 1859
5003 7457
6360 8777
2905 4735
4834 7094
5143 1906
5828 5609
3424 6728
3953 5774
4862 6580
5087 2889
5241 8298
6 0
101 187
484 3565
1277 1116
1430 1261
1549 6761
4312 6179
5694 6816
395 262
1136 1269
1154 2853
1605 6044
2276 5440
6860 4058
1935 4709
4993 229
5853 2541
5922 2221
6681 5677
324 1910
963 7844
1150 308
3782 5574
5780 8378
6034 7214
6865 3897
489 463
801 2580
1537 8283
2173 3266
5783 4904
6036 8342
243 8198
1623 2998
1658 4261
955 2801
1195 6524
1337 1180
1389 2853
1484 2009
1524 1269
1669 2643
2347 3592
3554 5110
5577 578
5987 7175
6043 8228
6185 723
6674 6409
1276 1328
3250 6309
4636 5466
5004 6597
5110 1465
5380 9060
5595 2226
1377 7602
1911 3326
1099 6618
2176 3312
3208 73
3977 9192
4284 6155
322 4032
989 360
1543 2132
4766 6817
4980 6912
5446 8383
1560 2579
1714 7447
1716 2661
1996 3253
2096 6719
2426 3653
2640 3439
4825 6671
4890 6616
6115 245
6147 516
6562 2634
160 5210
1735 2756
2041 3592
2577 3365
3606 5512
4651 3738
5471 491
1157 8168
1216 1540
1497 384
1558 2048
5031 8825
5285 6650
6720 6065
327 290
410 724
1360 8580
5210 7746
1227 1535
4342 7613
4559 6422
1280 7943
3357 908
4320 6179
5163 7055
6138 1189
6222 7741
6606 9356
4333 344
6392 9148
611 8977
998 5954
1356 6949
2095 437
2414 3223
6122 7082
6881 50
313 6804
677 2635
1415 8879
1454 2127
1642 7868
2573 7627
4036 5879
4511 6131
6558 9054
5022 6730
1266 1360
1338 1724
1441 1923
4701 7549
4910 7120
4947 1008
6249 9259
6728 9429
616 1868
867 8461
900 3894
1175 9333
1363 7979
2105 3207
2342 3248
6353 9052
6868 2139
223 284
4747 6574
5137 517
781 1212
999 935
1450 1240
1967 3457
5647 7533
6012 7533
6519 8327
6754 1676
3923 5737
4286 4681
6065 6851
817 4518
1025 9293
2099 3324
6496 907
6587 6663
879 855
1416 6423
1847 6173
5531 5443
5578 6763
6637 5827
6863 7926
149 175
318 5650
1204 1408
1802 3093
4797 6558
6066 6438
273 1835
738 5737
1027 3150
3109 5574
5374 2416
5767 6343
6235 1560
595 1719
720 664
857 5500
1950 3638
3759 5794
757 709
985 1832
1126 3615
1988 3212
2221 3223
3089 4738
3863 9228
4047 4610
4733 8822
6270 1878
6524 1518
161 2646
957 1013
1578 5985
1869 5985
6052 1167
385 231
490 1620
880 1369
1728 460
2097 9362
4741 6570
4847 6674
5250 5430
6030 6541
109 4526
4996 6596
6173 9174
190 158
991 3871
1302 1574
3495 357
6016 8837
712 647
730 5768
772 4604
946 949
1334 2442
1336 744
1938 3331
3697 6110
3878 5702
4792 8901
4851 7605
6350 9084
1650 1582
956 709
1510 6346
2341 3273
3913 5531
3924 5709
4385 6209
4730 7097
5528 7501
5811 6203
6002 6636
1098 1706
6687 5162
2337 750
6766 9341
654 6476
728 8707
1840 2959
4026 7470
4154 6000
4263 6095
6823 3714
65 15
877 850
1997 3511
1684 9446
1994 3251
5227 7024
6181 8483
6502 1044
6583 2854
6874 5470
81 146
291 7204
942 965
1858 6513
4676 5372
4894 6558
5126 7517
5182 7668
6302 7556
1978 1382
4039 5929
4743 6557
5388 8690
5525 8752
6326 9045
924 5031
1470 1779
3112 4663
3582 2876
3768 5409
4493 6626
5077 7457
5404 8389
6816 1692
113 8179
1209 1390
1274 5876
1526 7358
4869 8035
5437 2210
5455 8966
6110 7773
6230 2966
6870 7995
4 131
1004 1088
6825 3099
3088 2145
9 8766
3517 5301
3734 6409
4775 8320
296 5942
1729 1456
1771 1401
3464 844
5286 6663
1125 1244
1214 2526
1409 1941
2500 3236
3398 289
3483 5301
4353 1072
5009 6790
5942 3057
6078 6898
2 307
1063 726
1075 3197
1151 7543
1169 914
3094 4836
4311 4658
1659 1707
4360 2968
4702 5575
4767 6596
4102 1428
6878 9413
1306 1303
1400 6129
5142 8405
5321 7746
5569 7649
6165 3692
6803 7926
244 5926
1696 2695
3699 5562
3951 7088
4530 2846
727 682
960 914
1361 1875
1675 2642
1698 788
5024 9050
5078 8483
5616 7859
5655 7848
932 988
1742 7296
5417 7605
6137 8222
6189 8428
1799 9053
2020 3482
6398 4389
212 5937
4697 6535
5206 6923
5370 9333
5866 7423
6675 3178
1736 4833
3729 2876
4113 1568
5061 685
3591 3560
5718 6395
226 2853
239 8361
1547 8940
5515 7579
5672 1306
6543 8331
1932 3353
4669 8297
5373 7263
5761 268
6199 8484
6362 8763
6528 5470
6565 489
1863 2915
6145 344
1425 7085
1562 193
2439 3986
4865 6674
5209 8372
5384 8341
6114 7
6303 1972
1798 5503
1885 3251
5139 3647
6477 7543
2283 3626
4726 7514
6267 8830
6834 8744
406 7599
1190 9333
1809 7835
2106 3244
344 6707
755 9201
1367 6949
1842 6714
1916 3364
2223 3265
5894 8190
6156 8992
815 5374
5001 7744
33 27
2138 3322
2284 3638
2346 3334
5710 7872
6182 8434
832 8206
1235 2277
419 8911
674 7692
4748 6608
962 7074
980 8737
3667 6186
4528 6401
5075 7640
5535 9233
1219 6388
1373 1755
2028 3145
3665 5561
4144 8417
6338 7649
299 354
1509 2122
1683 1689
3779 5675
6369 9123
187 8116
599 2625
715 656
748 704
1034 1182
1188 7573
4664 2545
5205 6629
5325 7210
256 335
637 402
1610 2688
6530 9184
1133 1309
1199 732
1540 2254
1707 8752
4902 7173
5641 7867
6880 4140
8 2953
381 410
1105 4731
4534 5897
4674 4932
5462 8885
6598 9356
44 37
443 1911
3876 3222
5000 6725
5204 5632
5263 6953
5399 1809
1449 5328
2107 3209
4018 5692
4843 7981
5991 7605
1220 285
1720 2720
4976 1036
5071 3635
5368 5017
987 464
1947 3244
3292 5503
5026 3285
105 5421
682 856
1247 6414
1456 7358
1741 9017
1791 9211
2081 9270
2345 3257
5383 8569
5385 7457
5537 8434
1433 985
4035 8212
4232 3720
5141 6614
5880 5192
6412 8840
679 3015
1474 438
1503 455
3861 3126
4880 6923
5145 9015
5982 8789
974 5078
1138 1306
2040 9381
4469 6406
6242 365
1281 1515
652 8910
1395 3010
3892 111
5218 7253
5329 7230
5704 941
6262 8279
2501 8381
4742 7396
4999 6923
136 6141
4291 6155
4899 6704
5034 9050
5779 7283
6094 3318
1178 9157
1732 5703
1832 2983
4804 7129
5057 2094
6740 5796
841 7358
2583 3596
3027 5611
3466 10
3826 9449
3922 3080
4318 5071
5246 6954
6048 584
1982 8588
2803 5790
5317 3382
5634 461
5825 5510
5940 8744
5952 8490
6579 638
649 2843
1811 3093
2029 3593
2987 7421
3867 353
5660 8901
5899 4259
5961 7605
6280 5014
2074 3221
5080 6673
5138 500
2492 1298
3767 5077
4934 7300
6611 6702
6678 5111
1637 1249
2421 3250
3835 5496
4344 4794
6105 7872
1857 943
1989 3236
4341 5927
5585 7579
5733 7203
6616 7699
278 7548
903 1246
905 895
4509 6342
4770 1725
4959 6413
5334 8901
628 5495
1016 7694
2139 3207
2142 9444
4195 5227
1257 9420
1424 1047
1580 5
5401 6395
1051 8498
3792 6409
3945 4773
5230 5368
6212 8428
587 1546
1155 1904
1305 1632
1539 2236
1614 2331
2012 3474
3543 7638
4339 7504
5382 6663
5475 7804
6617 6719
6729 8529
1174 228
1501 880
6840 7728
117 744
851 7840
1476 983
6028 7096
6093 6587
708 626
1358 1656
2945 4651
4007 7888
6381 3395
6401 4384
716 5624
718 642
1331 1641
1991 3313
5774 3723
6838 9036
15 1845
1137 1228
1297 1317
1651 2518
893 864
1598 8290
1689 15
2222 8752
4836 6616
5955 8243
6537 9326
5160 6747
6112 8787
571 7124
1255 4897
5601 8826
6037 7804
1242 1429
5986 8498
6333 8554
6577 8571
809 83
875 4526
1615 5683
4857 7579
6009 6912
3963 676
3980 4885
4362 6225
5356 1658
5632 5536
5804 3422
5900 8069
5954 8243
5147 8948
6258 202
6595 6785
287 4595
837 779
1628 3158
4919 6576
4965 8225
5638 8372
5725 9266
6457 559
1925 3411
2639 3518
5307 7131
6033 8338
868 836
3581 1535
4926 6806
5240 8298
6521 8258
4107 547
5098 6615
5426 7419
6018 6579
6276 2976
6824 8712
1570 6836
3461 6403
4115 7599
4849 7560
4995 907
5539 7649
5669 2854
6040 7535
6547 6679
1012 1346
1100 465
1383 4852
1584 4993
1686 1033
2950 4739
3944 5744
4831 7746
5968 3184
1189 1391
4357 6205
5186 8300
5338 2594
5698 6092
5791 9401
6839 2707
1023 8416
2415 3582
4824 6687
6063 456
6090 8373
59 33
734 2853
4944 8546
6332 275
760 325
4707 8716
5808 6703
5966 2127
5975 6203
6167 8304
6555 1866
796 5601
1248 7232
2581 3235
3147 8195
6520 8483
752 710
1127 1285
1446 1984
3130 4794
5617 7603
6117 7210
317 1818
361 5904
1108 1217
1632 9013
1690 207
5189 837
5895 7482
5923 7059
1050 103
1435 4712
6459 6427
6855 369
428 1911
988 9170
1328 321
1730 2924
3754 5497
6854 4393
591 330
691 8611
865 2985
1213 3425
1555 4266
1886 3504
4068 2119
5293 7533
6217 6798
333 3690
3661 5777
4302 6178
6023 7678
6099 8825
6132 529
6339 6798
6340 275
79 180
249 5439
1156 3196
1723 691
4348 6205
4962 7414
5290 7024
5364 7518
6186 8090
978 1812
4584 286
5187 6903
5274 7175
5911 9421
6563 6631
6724 9337
693 7225
997 7529
1211 6730
3029 4759
4155 6304
4842 6564
6089 8902
6656 9442
6704 7535
856 5671
1084 4166
2796 4728
4343 2279
4374 3394
4850 7355
6316 8696
1263 7451
2804 8512
4735 8484
5477 8811
700 5962
944 1789
3854 2717
5956 9248
6709 3069
1149 1878
3395 7606
940 3404
1252 5660
1374 1400
1440 1875
2175 3236
4027 3619
5447 244
690 4259
1177 1411
1630 8704
4001 5712
4984 1564
5013 6718
5697 8752
5983 7584
1913 3398
6634 8919
860 3886
4788 6629
360 9176
1627 7681
2413 3235
5849 2363
1535 1868
5097 6616
5318 9211
6584 8119
1944 8948
3758 571
5259 5909
90 6513
1859 91
3252 5520
3756 4703
4640 438
4795 7873
4860 6629
600 954
984 512
1452 5623
3662 2982
4310 6158
5257 3619
5440 8902
6676 6632
844 8054
5331 7517
6294 2976
6784 9324
2111 3473
3721 5421
4103 7356
4893 6616
4652 6646
4901 8093
5105 7052
6474 8481
6490 160
6735 7928
1285 1609
4290 4900
4951 2331
4989 8577
5680 1551
5706 8493
6661 7535
2167 9203
6774 6987
563 7630
3216 559
4978 6632
6286 7953
67 4004
745 9131
845 1068
1314 1086
1739 2744
3908 5684
5917 9318
6414 6905
6848 6445
640 8911
729 1214
1829 3083
3465 267
5014 2250
5580 9077
5884 8278
1979 9151
4749 2425
5319 6631
5872 7592
901 9378
3290 4955
4822 6857
5451 7457
6248 6419
6690 6725
1385 1823
2946 4670
5045 7002
6006 9020
6802 8654
1417 1249
1744 2022
3974 7475
4808 2127
5333 7457
736 1768
1144 1318
1777 4032
5504 7748
965 8710
4507 4732
4740 6577
4764 6612
4856 7210
5099 6616
5463 8484
5586 449
5993 7673
6231 9198
1645 9453
1914 3639
4328 6198
4935 8282
6298 7755
5164 7457
6417 8780
6566 1558
6776 5182
2216 3400
4970 5353
5108 8282
5939 8207
6069 8899
6853 519
1229 6753
1432 1900
1482 1997
5002 6740
6299 8810
6404 3258
818 7302
1340 295
4784 6375
4787 6628
6021 8282
721 6804
972 7529
1118 768
2034 3588
5215 5623
1755 2841
1837 5755
4210 3720
4866 8811
5025 6597
5284 2147
5980 42
850 4132
1146 2772
1492 9080
1731 5793
2493 3077
3251 7126
4953 3100
6041 6924
6074 7020
6833 9379
3881 2894
6120 987
6264 6634
6274 7071
6872 6194
981 62
3179 5862
5637 7698
2576 3244
3736 258
4979 6614
5739 7848
6553 7689
6607 3108
1392 1817
2082 1269
3975 5757
4454 6328
741 5967
1196 1372
1286 6517
5049 6803
5696 593
6209 8115
492 7661
3162 4825
3920 7120
4708 1053
5185 4121
5645 6587
235 380
260 5191
714 638
1035 1191
1467 6942
1852 2816
4335 6020
4986 1977
5840 3234
6101 7085
1069 2649
4021 5850
4051 5882
5046 7636
5506 7605
5538 8792
5933 7591
6532 1976
334 4682
1047 8818
1080 1020
1323 1769
1348 3098
1388 1867
1603 1381
2027 5498
5612 6171
612 5855
1870 3078
3825 8535
5152 6248
6136 6326
5272 1860
6082 9005
6372 9094
4809 6651
4921 7532
4966 6579
5406 7210
5484 2515
5904 5632
6073 6871
6464 7745
664 3554
2419 3272
5212 6758
6289 8901
758 1176
830 780
952 1012
1065 2818
1072 1223
4685 862
5220 3547
5228 7457
1205 7662
4974 7130
5277 6610
5424 8952
6443 7967
608 8132
1519 7782
2136 3341
2991 2625
4981 6740
5008 2819
6329 9073
6602 9224
4719 7746
4932 7020
5327 6746
6104 8001
6793 1974
3114 4731
4517 6343
4552 6406
5207 8434
5760 6632
6081 8907
524 4950
588 2019
5520 8972
5720 6145
6144 5976
400 8712
681 2826
696 2671
918 5857
5273 7052
6080 4613
890 2731
4759 2178
5476 8810
5514 7476
5662 7649
6119 6841
6743 9318
1559 5256
241 8691
732 1620
1354 1381
1619 9072
4905 2199
5166 6615
4515 8398
5491 7175
6204 6603
6513 504
601 1489
785 2843
1884 2324
3666 9458
4653 294
4875 4832
5106 6674
5670 8691
6531 5474
6856 1249
1228 8101
5516 7503
5873 774
0 3028
4703 8715
5366 7579
581 2558
872 7987
958 1028
1407 1867
2164 833
5287 7937
5330 7210
5567 2923
5737 4853
7 2737
1322 8805
1465 4700
1850 8803
2992 2116
3939 9207
4059 4803
4428 414
4718 6593
5037 6564
6446 7644
6482 8842
6836 9413
6849 1977
5055 7605
5496 6580
5564 8191
5879 2651
5949 4651
427 1487
1265 8852
5280 8805
5712 7090
5995 6434
6534 827
6549 7417
350 1512
475 6469
1060 1149
4193 6416
4495 6394
4828 6984
5973 9333
6315 7253
915 9172
927 1903
1272 7451
1586 5551
1636 6872
1639 2472
2988 2964
5459 6763
1600 6980
2418 3331
6379 3510
819 757
2001 3259
5450 6576
6603 8044
975 6195
1718 4927
2340 5105
3990 9203
4347 6198
5461 2153
5841 5498
6541 6681
1478 982
1520 7978
4739 6593
5723 8491
5915 4476
6550 6151
1384 1823
1599 7761
1646 2825
4885 2562
994 6449
596 1930
1505 239
1861 7411
5006 5737
1408 7834
1544 6031
5304 6628
6384 3212
6554 7725
925 9469
1396 4133
4180 1365
5314 1487
5789 3035
1134 7124
4803 6673
4844 5874
5039 8085
5214 6869
5219 6214
5843 6120
5867 9353
598 5746
797 6747
2338 5883
4568 522
4801 8434
5755 3489
5981 2080
11 8621
959 8766
1350 5940
2904 4706
4763 6594
5602 7884
5959 8166
6268 9011
297 3489
1327 7203
1512 397
4943 948
1179 5649
3022 2166
4660 8949
642 6592
1786 4944
3423 5163
5519 7417
6819 2021
948 7773
5394 7693
6157 9061
6632 9471
1490 2562
1518 1210
4745 8167
5787 8647
4918 8035
6780 2929
846 2982
5320 2101
5493 2572
6095 3033
6484 9275
5305 8067
5362 7211
5729 1787
1369 7262
1674 6896
1981 2677
4329 6279
5392 6917
283 5794
813 9021
3843 204
4738 2312
4816 6803
5521 9097
6356 7691
1273 1542
4691 7998
5312 2210
5835 7594
6234 6756
6337 6841
558 479
697 616
705 390
4750 6609
4782 6720
4839 2109
5168 436
5517 6756
6857 7596
789 6276
934 7471
4757 8002
5598 7406
6626 5030
6862 1063
710 344
930 7908
4319 4726
5233 6614
6800 836
1516 8541
6256 7520
1061 7305
1262 8738
1423 698
1687 9098
6134 6454
876 2853
1275 5404
1523 8096
1582 1751
1733 4812
4855 7533
5048 6616
5114 3256
5350 7137
5988 6818
5997 267
1712 7298
5702 7806
5809 2835
6045 1442
440 907
902 7993
3967 9101
4705 2335
4946 2070
5010 8672
6371 1364
6557 7758
4654 1378
3502 8623
4920 6576
197 6100
435 1911
747 3815
5032 8068
5837 9332
5659 5556
6072 6629
6866 581
719 4809
2692 2441
5452 8554
5902 7055
16 8641
750 9255
1357 4968
1609 8016
4309 582
5253 6577
5957 4240
266 6941
1008 1056
1500 5108
4964 8391
5363 6179
5931 844
6216 9169
6647 735
849 7741
4322 6055
5005 6629
5332 7579
6447 8193
794 8911
1406 4683
1561 129
6113 2477
6221 1300
6413 8826
4597 6049
4983 6740
6725 9171
198 4660
864 6092
1042 6305
1399 189
2575 9194
5159 7377
5657 8362
1774 1768
4761 1754
4908 2400
5439 7744
6070 2077
6203 2216
1000 4919
1529 7535
1568 6980
1656 1471
4314 7692
4519 7723
5112 1740
5441 6576
6038 6596
6102 6555
4716 4790
6777 7604
5256 1779
5260 7501
6149 7467
6296 2264
6367 229
4695 7433
5294 6594
5679 6756
709 8201
1602 2320
4400 7708
4858 6923
6746 8045
1531 2336
4012 5660
4031 6059
5403 256
6767 7438
415 6729
1750 3237
5069 2109
5191 3381
6361 9296
450 7126
1162 7633
1743 3099
6201 9184
6272 8479
3989 9151
5901 7095
5967 165
6024 8280
6529 3897
1036 1704
1401 6043
4207 2152
4798 2835
4895 8734
5990 8279
6207 5151
2408 3382
3210 9380
4773 8798
6344 3399
559 1719
4123 5966
4937 5839
6131 8569
374 1216
1495 809
5509 2215
579 2124
580 1911
1533 183
4936 1950
4982 125
380 409
1620 5834
1653 2530
1838 4908
1923 3216
1506 8921
1715 163
3321 614
4536 6383
4796 1760
4985 2254
5379 7636
5934 2
761 1282
6864 8069
971 1134
1472 2178
4019 2937
4789 7419
5412 6213
6505 3518
1655 1779
1700 5537
5129 6763
5614 8027
5862 8112
6610 5085
6088 3069
6428 2018
1015 4812
4351 6313
5296 1407
5511 1184
5963 8094
6245 198
6359 8035
1329 6872
5754 2510
5756 8391
5854 1417
5896 8744
250 6490
1217 6585
2024 1328
4870 7605
5310 6628
6150 8381
6427 5020
6542 9471
570 6819
5016 8430
417 7089
3841 3220
4892 6763
6032 5401
6375 9086
6757 6768
4952 6766
6763 827
2491 675
3536 5023
6592 3175
6630 1831
224 5730
1071 1211
3817 4610
4334 1797
897 1916
1246 8996
1251 277
6354 7094
1309 7084
547 7234
911 4386
1048 2462
1312 8766
6559 9054
1381 1825
2127 3615
6169 3133
3206 4911
4923 2400
6049 3008
1573 8744
4819 6720
4884 7138
5229 7095
6008 8247
1648 7716
1705 206
5646 949
5664 1854
2502 3222
3583 5703
5565 7496
6130 1268
4143 4702
4681 9190
4781 2301
6061 8344
4975 8955
423 6699
768 6747
1347 394
1534 2341
3157 4744
5713 6821
5689 2051
5842 8625
6076 6981
6205 7738
722 8707
3838 7497
6290 7882
6741 1250
342 2657
383 7172
782 722
898 923
1956 3235
3979 3184
4472 6601
4668 178
6263 9324
1184 719
1864 3389
4394 6201
514 4761
909 743
4393 9169
4657 6365
5533 3687
5950 105
6430 7136
348 6222
647 1796
1372 1729
4754 8190
6512 2940
4706 8467
4765 6595
4925 1955
5151 3177
5224 7097
6091 7804
6282 1625
3542 5153
5971 2710
6283 2841
6347 7904
724 3156
4438 8808
6042 4703
1652 740
4912 7094
5972 7637
3209 6342
4968 1007
5701 8207
6732 6966
3720 6044
4625 321
4755 6580
6759 7195
917 1300
678 614
804 4024
888 3081
1332 7366
5546 8451
5579 3131
6166 6558
6287 906
357 1823
4840 1637
6461 7893
6591 8333
4125 7192
5688 6173
6278 9140
1318 5498
1572 1911
4338 1839
4877 6851
777 7437
4756 2415
1464 5499
4736 6803
5861 6530
6295 295
1552 3983
2137 3341
4321 6572
4812 2460
4941 6375
5773 2034
6108 8922
6831 8445
1546 711
1625 1409
2410 2719
4833 8435
578 1249
783 9077
2023 1209
5059 6821
5548 6616
6139 7555
5 2953
516 1124
1458 1251
4057 6834
6096 6962
1087 1420
1494 9346
5083 2961
5497 6791
5807 3080
458 9263
644 553
1284 1608
2572 982
5339 7679
5420 2949
5613 8167
5724 6713
5748 1036
6005 6037
2949 7358
4990 6763
6180 5632
6806 6597
4945 9194
4987 4611
5265 3177
5820 3208
6493 7418
1657 1045
5232 6313
5266 1439
6466 6984
648 1018
1029 1676
1597 160
1660 1007
1668 2999
2693 3038
4871 2176
6460 7215
6526 3894
1699 2665
3559 3487
5123 8712
5844 8190
1159 266
1631 982
4380 852
4713 6838
5254 1756
6135 5684
1121 6504
1525 6701
4779 8356
5188 6720
5770 7933
5920 648
6059 8346
3842 1732
422 335
3966 6106
6277 9349
76 85
1104 5393
1365 5680
4886 6806
5079 6819
5898 3118
5985 631
610 7553
1093 5096
1596 3460
5596 8180
573 9172
4753 3396
6588 6186
1414 975
3696 5028
4848 6847
4949 544
5027 2109
5716 9014
507 707
742 7759
4368 841
4806 7700
5772 727
1613 5993
1920 3371
4805 8434
1569 27
5390 6121
5545 6634
6281 7691
4909 2572
5918 6818
6734 875
363 6497
840 802
1311 6834
4692 1449
4835 6705
5960 9310
667 1160
1173 1422
1289 1564
1571 2257
1670 5651
4585 1859
5306 6885
5433 6880
5527 7872
5778 6871
1307 3096
5281 1029
5409 5398
5192 970
5311 7176
5964 1480
6871 3178
1092 6323
4729 6593
5836 6245
6015 373
1563 1134
4715 6952
4772 6769
4924 7649
4969 6445
5128 6763
1240 862
4878 2710
6039 8322
6487 635
6631 9427
6636 368
1438 1724
6126 6243
6239 34
1702 163
4938 3580
5086 6923
5492 7604
6238 1284
6515 371
1366 1717
765 5095
4327 8620
4950 514
6000 8803
6539 9012
979 7956
4060 3378
4861 5029
215 5186
954 945
2033 3393
5423 2816
6357 7646
906 6584
968 1154
5316 2547
6211 563
6797 4027
1139 1991
5245 6628
6352 3024
515 7140
702 9439
1353 2133
1595 1075
3940 5735
5652 2713
1148 256
1241 9334
1295 1939
5072 2719
5291 7054
4496 5650
4820 5228
5651 5820
6341 3175
6707 6536
687 612
922 9347
1769 4028
5482 1968
6758 948
795 6050
1223 7834
1355 5506
3462 1286
6334 7336
6470 1104
1437 8264
4821 7893
5640 8309
6768 2272
5352 2929
6342 8922
6564 6598
4914 2136
5140 2891
5599 9303
5914 992
6146 4940
6473 2919
951 7931
1542 6735
5051 9327
5162 6576
6124 2305
6638 7838
1230 8243
1024 2805
4720 6597
5113 1530
5685 2872
5976 2841
6769 7357
1068 2835
4811 7027
6551 7215
6731 6593
4197 7066
5279 4922
6817 7920
656 8075
717 1893
836 3921
1664 3294
5762 4354
6689 4392
1507 3812
398 3199
829 2141
5221 7591
5499 1579
1231 1585
1583 6710
4159 5316
5030 2034
5751 5458
1076 6410
1132 1111
5127 9141
5411 509
5547 8002
5658 6616
1391 293
1564 2313
1691 2657
4340 2968
5300 7767
698 5083
1617 6685
6232 2714
6349 9093
1626 7761
5349 7135
5810 4384
1058 5730
3231 6102
6411 808
672 9153
4724 328
5146 7422
6351 3273
1218 1975
4389 1023
4728 5690
4913 7097
5064 9307
4988 2462
5104 6684
5786 2630
6818 2045
982 1698
1260 6747
1517 1471
4837 2127
4888 7496
5271 6214
5297 1990
6395 6253
6444 9265
451 8266
6200 9197
1629 7425
3070 1264
3853 5646
6050 8563
5248 5007
6161 4756
1226 5810
1867 8206
3751 2076
5103 3535
5626 2337
5728 6570
6567 7772
4891 7211
5391 509
5649 8499
1163 3687
4879 2369
4887 6576
6426 2001
6708 5989
1390 958
5871 9446
6847 1442
636 1252
4972 6739
5919 7096
6001 9126
6501 8435
4684 900
5524 2767
5941 6699
6219 7744
6580 578
744 8804
869 6284
1317 8149
1585 1018
5299 9052
6633 1868
5566 8391
5912 8207
6425 1860
1685 9306
4853 2189
5788 997
1130 118
4889 7846
969 7990
1634 2245
4313 4729
6467 8871
790 1282
5529 5651
5627 8274
6348 6191
1180 724
4973 1399
5036 6739
5369 5717
878 791
1147 9415
1197 2518
4358 4130
4376 1094
5035 4924
6013 8855
6284 8797
5989 6720
6485 3613
973 4144
1654 6364
5690 8047
833 9062
1064 6584
5763 5708
5848 8111
1109 5138
4929 6713
4948 5829
5410 2315
923 3233
1129 1294
1644 2951
5264 5604
6215 2694
349 6697
4955 1305
5575 2571
6285 9349
1717 599
5671 8347
1663 6122
4355 8391
4561 8463
713 982
1439 939
4933 188
1269 5234
5062 1813
6192 1354
1711 3205
3291 293
6455 6848
5336 1949
5337 8359
5393 7829
6646 6579
763 1482
1545 2255
1590 2378
3958 5796
4769 3823
5621 2058
5683 6178
6064 1442
1411 1489
5150 7157
5974 2478
5389 6044
6346 6594
362 1239
711 8466
1165 8409
1556 2272
2026 9460
5082 2819
6279 1897
1633 1736
3344 3354
4958 1656
4752 7739
4907 3100
5711 7848
6615 6616
4882 2443
1528 8470
1641 5451
5111 6357
5225 8697
6051 2041
4721 1741
5730 7060
1666 2530
5913 6816
6499 7467
562 1124
1682 7312
1172 998
4665 479
5292 6885
292 495
1679 2563
4873 7768
4548 4885
4930 2823
6762 876
2993 2116
4810 2158
6358 8578
4927 2147
4956 6028
5278 2009
5298 2282
6830 9099
1055 2496
4911 366
5054 7159
5167 2186
6229 6300
6518 3730
1119 903
1486 6065
2574 9427
3129 4740
4734 6804
5060 3600
5084 6850
749 2347
5029 2281
5839 3040
6396 3642
1608 1446
5467 2630
6109 7915
4732 6558
4823 9137
5456 900
792 5101
1647 5430
5017 7027
5413 2273
413 2
3178 8055
1107 998
6068 2643
6127 1074
5790 547
4751 3829
4838 2820
1320 3654
5130 9387
5165 6673
4954 273
1194 3129
6761 2443
5508 2507
5603 3249
774 1214
5428 5082
1504 2047
5234 2973
6257 1999
1397 2367
4957 9310
1046 6912
1116 1310
1662 1952
4872 1996
5522 6861
1719 2408
4768 9194
5282 2292
5715 8570
6730 3050
1394 8019
6118 8972
787 982
4813 5334
5081 2405
5611 772
6744 1432
6208 2495
4903 2490
5806 7580
5709 1372
1426 6000
1635 7494
5085 6065
1166 6363
5419 6001
3144 9439
4000 8310
5012 1932
5747 1439
6171 7761
1587 6609
1638 5108
4971 9297
5184 7706
6593 8211
983 1785
5824 4034
6010 1279
6807 3979
1618 7251
4301 71
5396 238
1250 106
5354 1538
5785 2134
689 7740
551 1381
1681 7565
5464 5651
1212 8039
6545 8193
5870 8096
6397 8796
4780 1482
1622 3648
6022 7826
5429 1147
5691 7015
886 217
1422 2648
5495 7635
433 1322
6691 1740
4041 2992
4799 6558
806 3514
848 9322
1749 9104
4666 916
1649 2741
4704 9328
6250 182
6275 1629
2906 20
784 7986
874 4294
1434 6796
1469 6293
5838 7827
1640 2150
6688 9339
1303 2141
5544 2471
964 9043
1574 7427
5727 3624
4760 1151
3145 1985
5466 6570
5421 2453
1375 8773
5088 535
6462 5774
1208 4784
1113 5475
1527 7978
5494 2520
1010 3072
4859 1755
4928 656
5826 5760
5011 2399
6092 8810
4336 6092
4722 3040
753 7598
4904 1736
1797 8507
5033 5528
5262 9278
6778 2293
1551 3118
6071 2178
788 937
1522 982
5648 7023
1557 1804
5124 783
1376 4804
4011 854
4881 5740
4619 8607
5686 9447
530 1793
4793 9367
1005 1113
1616 5857
5436 5335
4906 2861
5699 1357
1607 8732
4931 6881
1040 7057
1553 4710
1621 3412
5058 4019
862 1973
430 985
6705 2272
1604 2807
1413 2973
5315 2915
6456 4849
1812 1794
1483 3075
6494 5673
1554 2251
5714 8318
1167 8214
645 9135
5792 4028
1565 182
5860 6965
4694 8224
5074 2306
1078 460
574 7940
4682 1939
4771 7701
5063 8926
552 7030
5353 511
6571 4667
497 7841
3320 802
5906 9215
4693 8467
5465 9278
1393 1537
6869 1426
5397 270
5457 3662
5115 6167
5576 2830
5226 3179
676 9420
1588 3757
5903 811
1521 7554
4916 1656
1589 302
6322 3093
5255 3258
4841 8747
2209 2079
5708 7712
467 983
1325 9178
