img04c1.jpg img25c3.jpg
4697 1337
5443 1698
6000 1630
6081 1337
6033 1630
5253 1539
2807 568
48 1770
502 1386
5050 1241
2894 1334
2835 565
2484 565
2658 568
5999 1636
2863 94
23 6
251 1413
2936 1343
573 1524
2878 119
5180 1283
4676 1401
4538 1334
2834 568
2490 568
3024 119
3542 1051
4992 1099
2805 565
4241 1539
4334 1286
4256 1266
5310 1495
5519 178
5904 1608
5067 1241
5561 1213
2979 119
4299 1288
5170 1283
5323 1715
6257 1504
3023 119
5923 1630
5888 1325
5922 1636
3074 1343
4258 1559
4272 1288
5087 153
2606 565
2612 568
3512 1307
3693 1682
5178 210
5090 177
2548 571
3309 542
4733 1358
4078 177
2654 568
4695 1601
293 1360
3602 1094
61 12
2604 94
16 4
4546 199
2804 568
6016 1337
6059 1084
6077 177
2438 572
5052 1267
5894 1630
4902 1394
5336 1266
5989 1630
5133 1397
379 114
2243 571
2434 568
6199 1397
4830 612
4271 1286
352 156
2822 119
2706 570
4301 1288
4061 1495
24 6
3099 826
563 1240
5302 1566
2703 570
4713 656
6014 1601
3140 1343
3025 1343
5282 1715
3509 1307
5935 1636
493 1386
3583 612
5027 1291
19 1774
4190 550
3088 1307
3259 542
5542 178
3788 1337
5957 1610
3343 571
2553 568
2734 568
4893 1386
5048 1539
2854 119
1934 1601
2733 553
5126 177
3397 1307
5208 1784
489 1386
5505 1397
2915 119
4320 1548
6113 1397
3447 1496
5099 1397
459 1386
856 1162
3026 1343
4621 1337
5165 1213
5265 1283
2302 1412
6017 1630
6254 178
2653 568
4519 1331
39 6
4293 1291
487 177
4135 542
5184 1460
6052 210
2800 565
2837 555
3692 748
4829 612
5024 724
6145 210
2802 1267
2952 119
3141 1343
5974 1662
2803 568
2955 119
428 166
2476 558
2615 94
3805 541
4067 1455
4672 316
5606 1455
5069 92
2657 568
3897 565
3128 1514
3306 542
3457 1307
2852 1334
2978 119
500 1386
2659 560
3459 1307
3537 542
5185 1577
2786 1328
4318 218
6157 1339
6027 1630
2242 550
5639 1302
1727 947
20 7
3073 1343
4362 1715
2820 1334
2980 1343
3002 1343
4312 542
274 850
4986 1630
164 1188
474 1313
3000 1334
2494 565
2956 1343
2287 1291
4998 1789
3371 1307
3202 1307
3895 565
5587 1161
2401 95
4093 1283
231 120
2933 1334
4709 166
6025 1337
2823 119
4917 1614
1254 1661
1289 1313
4311 85
6057 168
2833 94
2249 553
3252 1307
5145 1292
2769 565
5001 371
4892 1455
5990 1093
1744 464
4831 612
4739 305
3263 571
3382 287
6036 1601
5551 1204
5997 1636
5600 1298
2483 572
3336 542
3543 1337
2707 568
2766 1267
2896 119
4345 1573
373 114
2603 1412
4325 1505
4932 1435
2938 1343
5404 178
387 267
4815 1204
6037 315
2386 550
438 205
6217 210
381 1397
4971 178
3584 1051
4273 1539
3484 1307
4159 561
1140 210
2436 94
2656 565
5311 1715
2547 94
3461 542
5064 178
2421 39
2552 565
382 178
2772 555
3334 1307
762 94
4326 1297
4596 1329
1576 1430
2326 565
2919 1343
3278 287
5226 1539
5266 1307
5797 177
5794 1094
6233 1329
2385 568
4985 114
2240 568
3585 1601
5156 1440
5376 1798
2489 565
5998 1630
1698 797
2248 568
3125 1307
4769 1359
4972 1220
1101 452
2327 568
2839 566
2916 119
3249 1307
4049 177
4356 210
4779 166
2492 568
3284 1193
5939 1204
201 1708
405 1397
2737 559
5442 370
2728 85
1147 177
5079 1552
2853 119
3226 1193
5395 1559
4284 1287
3156 1302
3179 826
2810 560
2554 94
367 134
3721 166
4153 554
2710 565
6185 266
2433 568
3098 1343
3464 550
4169 1530
5327 177
3720 359
4292 1241
171 72
5987 1639
6083 1455
6109 1841
2986 826
5502 177
1795 1085
3672 609
3709 267
5924 1352
6236 1208
310 1455
358 94
2782 1331
4200 1278
104 1198
4703 135
5430 1341
1585 177
3427 542
3789 1359
4227 1495
2783 1331
4488 104
5396 1266
727 266
1290 1648
2493 568
2880 1343
4191 217
4674 1076
495 178
941 1455
2785 1331
4172 1241
451 1161
1359 1430
2315 550
3257 542
3536 542
2611 1267
2885 720
4364 1715
5903 1629
3265 571
4305 1580
5227 1784
6088 1161
4274 189
4324 1288
5240 1506
5605 1255
2855 1343
1591 1496
2551 570
3161 1307
6209 1455
418 1397
2865 560
3164 1307
3296 1514
5934 1636
2704 555
2768 560
4766 1601
1301 1386
3570 1850
5419 1397
2917 1343
295 136
305 210
2605 568
3049 119
2239 568
2736 568
2899 1343
5018 1707
5805 1662
6108 1649
4443 1182
241 1386
2335 549
5043 1213
5468 851
5861 1205
6021 1675
101 200
299 114
5479 177
5628 881
568 218
2317 552
3091 1303
506 177
2333 66
3050 1343
3340 542
3463 542
334 1524
545 1283
1984 1682
2328 550
3255 542
516 942
4173 567
3999 23
2826 656
5215 177
5415 1530
5704 1204
6219 210
2318 565
2491 94
5017 208
5077 53
5149 1205
5420 178
3404 571
5365 586
6118 1197
3406 636
5007 148
6023 612
2534 1198
3424 1307
4193 561
4950 146
105 551
2441 543
2767 568
6239 1386
2488 543
3233 150
4316 1205
4657 1429
5795 1352
521 1621
2247 543
2539 1412
2937 1343
5279 1397
3003 1343
3673 1694
5931 1204
476 1790
6208 1386
276 146
452 203
3932 210
312 1413
752 135
4201 210
5118 1255
5207 1182
323 886
2692 20
3697 305
6218 1193
2806 570
3145 826
4384 1539
4704 1425
2825 119
3197 1307
3825 1341
4796 1182
2610 565
2856 119
2884 661
4107 561
4332 1552
6095 1669
6264 1339
2324 568
2330 560
4335 1288
5011 971
1958 1682
3206 1798
4048 177
5252 177
5482 178
2388 565
2437 550
3390 150
211 1205
3201 1514
4783 1686
6248 1208
264 1413
3417 150
4916 1662
526 826
2684 17
2705 568
1141 273
2258 565
3538 550
6234 1360
1313 797
2647 53
4781 1341
2255 550
3587 168
353 1495
2321 565
2559 549
2594 1198
2824 119
4494 166
528 1129
775 177
4370 1715
3144 1193
5877 1447
1270 1708
2393 568
2836 568
4834 1601
5243 1531
2934 548
2964 826
3033 1420
3917 565
4812 1638
5261 177
2322 1267
2900 1343
3392 1721
2613 560
5555 1182
2250 1267
2392 568
2689 15
4171 1539
4710 1337
6034 230
17 1267
359 1267
11 1696
2435 560
2776 1785
3618 1626
3677 790
4682 199
5891 177
5917 1105
2 1687
103 1198
517 1386
2257 552
5179 942
1888 1313
2527 1198
2881 1343
2898 1343
4712 1635
4782 1658
5988 1603
2655 555
4891 1682
5163 1720
270 1455
2621 602
2809 1324
4357 157
6256 1182
1386 1648
2830 218
5108 210
5232 1366
6048 1193
2254 560
2474 1198
4114 242
18 6
388 1572
3578 550
4065 1397
5635 1447
5664 1837
318 153
331 1397
3123 1307
4257 550
285 942
2991 1432
4133 545
5190 851
5967 1337
2495 94
5913 1435
279 1283
2775 559
3617 742
3841 204
4572 1043
4745 1629
4895 1182
275 114
433 203
1028 177
1609 1485
3910 565
2914 1328
2953 24
5225 1539
1337 480
2470 40
4344 1715
6053 1124
6060 1213
3375 571
3755 439
5013 1394
5015 1524
2537 1412
2897 119
3166 1297
4696 1511
1306 250
1674 177
2987 826
5362 1193
6005 1675
376 84
2426 53
4189 1213
5716 178
4011 23
449 1496
2726 31
3173 287
6094 1682
1747 1496
3950 1455
4898 1162
1305 480
1397 1435
2695 40
3575 542
5309 1496
5762 1478
5868 1455
344 134
435 227
475 1850
4598 1341
4784 1359
6119 1371
2241 550
3535 1514
4095 218
5088 1220
5246 1552
230 1386
2115 1631
3097 1343
3230 1360
4651 1366
1471 135
3401 1798
4004 36
3321 880
3429 542
4170 64
4559 1554
6132 1414
205 210
2608 568
2691 1198
2838 555
5634 881
347 1516
530 177
3213 850
3359 178
3477 1496
4291 1715
5081 121
15 1415
281 254
882 1648
2481 1412
2918 1343
3118 1721
3338 542
4242 217
4501 1219
4679 1585
4962 1789
3282 1455
4795 656
5019 1255
298 1406
2858 328
3449 150
4192 217
4240 1182
724 1504
2735 568
3706 1520
4941 1129
4976 178
154 73
1033 251
2877 119
3180 1193
3242 1307
6202 1544
569 1715
1351 1648
2922 1477
4247 1294
5686 851
2935 1087
2757 1198
2879 119
3323 1841
4109 561
5070 571
5141 1498
804 480
2882 1343
3552 1514
5105 502
6015 1635
2533 1198
3305 542
5779 168
4517 1601
4746 1101
580 550
1142 1240
578 1580
3077 826
3168 1778
3307 542
3600 106
3638 1094
4656 1576
5455 1663
2246 543
3028 826
4136 53
4881 1339
1190 411
1241 250
2801 1241
5834 886
497 851
5187 1312
3907 1455
5166 1495
5781 1581
71 33
3915 565
4235 114
4322 1715
6242 1850
315 1455
2644 20
3448 115
4131 1496
4161 561
4618 1684
5121 153
456 123
2251 550
2384 568
2394 565
3658 1610
4855 358
5051 554
5132 1240
183 1038
1133 267
2316 84
4749 1462
5893 1630
181 1694
677 306
2309 1412
2314 571
2440 560
4904 1205
4946 114
581 544
2334 553
4980 1455
5091 1397
5146 177
3553 542
4369 157
4715 1696
169 1188
246 1386
2607 565
2942 1378
3546 1658
4211 96
4963 177
512 1438
2256 94
2399 568
2985 826
4730 351
5575 1397
2634 15
2708 565
3052 826
4066 1213
5920 266
1889 1460
2592 1198
3205 542
3389 150
4234 384
483 167
1773 498
3209 1798
1136 1536
712 133
2374 1412
2817 659
4750 1339
2591 19
3933 267
4700 1084
4738 1406
5973 1094
6150 1774
1081 218
2445 91
166 89
222 1182
572 544
3556 550
3385 284
4143 1393
4186 1477
4226 53
5750 886
651 178
2773 566
3625 1060
5129 1390
812 1582
866 1741
3254 1798
3490 902
3640 942
4827 1485
5103 568
5305 1213
5375 1209
2738 565
5168 1504
5471 1539
5874 1455
6087 1360
503 178
3030 826
3708 1636
5450 1715
5481 218
5544 1254
190 1455
2467 15
3503 1496
4184 561
4719 1425
1320 114
1948 218
2660 94
2685 33
3115 1721
3129 924
3345 550
5787 1850
37 48
197 258
1015 452
2180 568
3408 938
3850 541
4595 1654
5023 1630
3875 1730
5427 1255
6069 1804
494 238
2376 558
3563 1337
4835 250
5740 177
515 1608
541 1656
2609 1267
2798 53
2818 720
3488 571
3675 1601
4210 1505
4266 1292
5665 1109
397 850
549 336
1323 128
1892 699
5119 502
6128 1496
6227 1634
223 1496
319 996
2320 568
3143 826
3236 1721
3462 1798
3053 826
3615 609
4255 942
4878 114
4029 1853
361 1720
375 851
3029 1388
4820 1440
5546 210
5981 1686
6050 1414
269 1487
2771 543
2827 720
3878 1205
5123 149
5531 336
525 305
2530 1198
4717 1255
5919 8
6009 2
2397 550
2540 1400
3616 1490
4328 1584
6137 1536
2750 666
3181 826
3836 541
5747 431
6144 262
1464 1728
2310 1412
2614 188
3300 1307
3361 947
3374 542
3513 871
4413 146
4677 1100
5245 92
5629 850
6076 1414
212 267
1356 305
3891 1566
5363 600
5397 336
5956 1694
158 1440
371 58
424 1453
2336 566
3574 1455
4220 1721
3260 1798
3292 1721
3876 1675
4768 1353
5159 850
5617 1354
1024 305
2383 571
2590 19
2597 53
5284 1715
5574 561
5759 1859
6026 1694
557 1715
2217 1198
3155 1303
3879 267
5661 1208
759 1438
1095 452
2178 1267
3010 826
4790 1390
6197 1393
1171 1432
2984 1355
3444 945
3637 1845
5460 1473
5568 210
85 1188
2325 568
3251 902
4751 1359
5086 1267
5256 1305
238 258
3208 1798
3341 571
3896 565
207 1455
660 305
2764 1267
3476 1474
3809 1599
3853 541
5943 1341
336 1715
993 1675
2790 1124
4997 231
2169 558
2443 567
3022 1544
3884 543
4828 1051
5242 1580
5366 602
740 177
1936 1591
2498 68
3403 571
4050 1240
658 1585
2662 94
3859 1286
5466 1502
377 1588
769 1397
4708 1795
2228 1412
2238 568
3399 1798
4929 1204
5304 1504
6072 996
200 1460
210 1496
306 1455
513 1681
2661 566
2664 99
3671 1490
5802 1205
1809 239
2778 102
4698 1044
6107 1394
1408 881
2284 550
3223 886
4714 1589
214 1455
665 201
2763 83
3653 1681
5656 850
6106 1339
469 273
472 1414
3722 1105
4309 115
4321 1552
4894 1205
5780 1772
6151 217
355 1587
732 1397
2475 85
2697 64
4847 1709
4934 1708
4955 136
5267 1539
5771 1020
5804 1615
640 1425
3245 1307
4385 217
5498 210
2008 1559
2168 1412
3322 1193
3496 609
4042 1453
4737 305
5010 1455
5381 1447
5478 850
768 135
2179 94
2650 40
5475 250
4359 1467
5125 1591
5955 1059
539 177
2967 1282
3218 287
3262 1798
547 137
1594 98
3287 150
3376 550
4269 1477
4343 218
5532 1713
6070 124
499 745
2332 568
2497 1241
2645 45
2709 68
2957 1343
3142 134
3316 149
4080 1538
5157 1283
5314 1562
2928 602
5089 0
193 1386
559 1345
564 115
2482 85
4973 1392
6204 137
194 267
3184 150
1178 1675
3275 1454
1414 120
2646 908
2755 1267
4360 1524
707 177
738 305
3523 676
4250 1200
5195 1539
5517 115
393 1386
1235 1708
1627 1044
2285 550
3898 566
5560 881
437 208
1021 1105
1298 254
1797 173
2323 568
2444 68
3199 922
3918 570
5150 1240
5228 217
5316 177
38 33
570 1291
1228 1708
1329 1582
5206 1456
6235 1339
2693 1198
3443 1565
3549 1721
5766 942
5975 1084
556 544
1661 1419
3519 99
4670 210
2390 554
2561 188
3071 755
368 1447
2237 568
2756 64
2939 1044
3550 1612
5961 402
6153 1283
1159 146
2555 1038
3311 571
3810 266
4966 1125
4999 1438
360 1487
467 1675
647 480
1177 850
2175 64
3641 1682
4699 1094
4732 1698
5244 1802
5447 1455
5448 210
6250 2
22 1241
4748 232
406 1708
1973 218
2480 1412
3132 850
3327 150
6201 4
191 146
225 120
369 438
2765 64
3303 902
3603 1339
3880 550
3908 1560
4152 1504
5833 1497
479 177
797 1577
977 1413
2417 31
2477 217
3554 1798
5312 1566
6143 851
1723 500
2562 560
3101 1420
3416 115
3485 542
3935 565
4205 1619
4313 1496
5098 1456
296 1386
391 252
1380 258
1567 1588
2700 64
2701 92
3646 1
448 480
2485 553
2531 19
5071 42
1345 302
2373 1412
3031 1469
3468 1023
3486 1798
3514 1798
5361 530
5610 178
6001 1351
199 1858
601 479
824 371
1935 1490
2329 568
2430 85
3834 541
4846 1496
5049 1267
6191 137
836 4
1017 1082
3048 688
5407 1566
345 1539
2857 119
3231 1687
3362 1687
3430 571
3683 469
5851 210
455 1386
1057 266
1283 851
1637 1655
1769 1638
2009 850
3557 72
217 1461
243 1496
423 201
577 190
741 178
2354 550
3312 1798
3913 565
4912 1512
195 1345
338 1580
2442 1267
2545 83
2961 826
4319 1675
5437 67
6032 372
4185 1087
5439 1213
6126 262
272 1283
2688 15
3612 490
4206 1278
4358 19
6240 1455
1544 265
3008 826
3629 18
4692 1455
4731 1329
5655 1349
250 268
421 114
468 178
2375 1412
3555 1798
3663 484
4026 1496
5449 565
6179 1386
1179 942
3227 1193
3694 1608
4879 305
482 1394
733 133
914 305
1129 1430
2466 33
3102 826
3601 113
3914 1324
4734 1093
5627 1397
5666 2
565 1514
1586 961
2429 64
2730 53
3013 1432
3310 85
4167 134
89 924
2389 1267
2862 1274
3516 1022
3517 614
4915 1129
5059 555
5239 1495
1077 250
3253 922
2814 1793
3063 1302
3165 922
3920 566
333 537
2774 567
3521 318
5209 92
5907 1490
6044 1649
6241 1083
1659 1281
2503 602
2573 1505
4031 1255
165 85
1247 1661
3335 1798
3872 543
3981 1496
5826 1087
5960 1634
1116 727
2422 45
2788 1554
2946 287
4673 1208
5106 1289
5945 1101
411 198
582 1447
1042 797
1115 797
4650 656
6075 1641
742 1386
4780 1392
6182 1000
176 881
309 198
422 1734
2391 94
2992 1469
3075 1563
5172 1474
172 59
342 851
1193 302
3525 1313
3822 541
3974 39
4534 1544
5398 158
5585 1425
49 215
273 223
450 1394
465 1463
587 217
793 1787
1156 177
2382 1412
2432 553
3576 1447
3577 1798
4115 1524
4807 716
439 227
523 177
2135 1400
2377 190
2921 1477
4009 23
4146 1366
4794 1693
6220 1129
3285 880
4008 23
4127 1589
4478 1720
4806 1790
4918 133
5995 123
2968 1355
3203 922
3383 287
3852 1536
5918 18
1052 267
1972 1429
2419 32
3883 572
4229 1274
156 59
185 1208
339 1545
2546 1412
3607 1367
3643 1367
4298 398
4767 1329
5884 210
410 1601
730 255
903 1611
1770 1675
4300 1580
4336 1517
5063 1510
192 1634
2047 33
2596 85
3051 1406
5983 1370
507 231
542 1355
2841 599
3820 541
3103 1360
3591 1367
4859 690
4974 850
5068 188
10 1270
761 190
1139 305
1550 264
1665 450
1707 1850
3006 804
3228 826
3679 1334
5663 1350
137 558
1131 1675
2808 566
3465 1798
146 881
208 1455
2331 568
4931 1129
218 1850
356 147
4377 572
4816 1462
5066 64
5892 886
357 94
374 942
606 194
2696 83
2972 746
3204 922
3598 571
5283 1495
341 178
2398 572
2486 217
2231 1412
2395 94
2535 64
2749 1682
3004 305
3856 551
4342 669
5503 291
5768 1193
87 64
303 1461
1622 1637
2387 550
2558 1324
2759 53
2795 83
2965 1282
4125 1393
5097 121
256 826
529 1675
2161 1198
2753 907
2770 64
4310 815
5769 1005
6011 1255
0 158
88 84
2229 85
2380 558
3150 150
5524 210
5879 1661
366 1582
671 291
2525 33
2866 98
3152 1721
3304 1798
3558 962
4150 1584
4865 267
1489 1430
3078 1477
3818 757
4622 1205
5624 537
5866 209
147 1553
950 305
2680 33
4267 1200
4858 338
5096 242
5811 1662
142 188
2244 553
2593 20
2815 1844
3172 1303
3958 1397
765 1549
1937 1394
3139 1460
4207 1544
5535 1371
546 210
2338 1552
2396 554
3857 1406
4163 1343
4174 68
4620 1635
5979 175
235 1255
262 287
711 797
994 1413
3339 1778
3529 1367
4102 1589
82 17
261 1789
363 1826
931 210
2906 1316
1023 137
1036 1255
1127 177
2413 1168
2496 567
2686 32
2954 826
3222 218
3738 1696
4157 1393
4253 398
4811 251
638 1529
786 1641
1056 1648
2400 188
2690 15
3854 550
337 134
2381 84
2864 92
3860 1536
4718 1270
4787 1718
618 196
2890 1793
3547 153
3873 550
4422 146
666 1367
2500 1846
2883 1343
3146 826
4244 1038
5933 1208
221 1406
1581 1552
2543 53
2549 565
2582 1188
2796 85
3541 1035
3606 1708
3839 273
234 21
2959 1406
3586 1629
3909 1324
4175 1718
5603 1208
5673 1182
6148 1205
266 148
2507 1386
2811 602
3105 150
3111 1302
4027 850
1432 305
1564 72
1583 897
2263 1628
2586 15
2602 64
2947 435
3487 542
4449 1707
4755 1390
6045 669
420 121
2062 1384
2111 1291
3844 166
3979 34
4434 1708
5364 569
170 85
1629 319
3678 1634
3861 1536
3942 1435
5085 189
5194 880
364 157
2542 53
3803 541
5473 240
2683 15
3005 1452
3855 550
4735 656
809 177
1620 232
2671 880
236 237
550 1495
2252 568
3561 1208
3757 609
4134 1541
5020 1204
1185 250
1625 177
2043 1291
2061 499
2963 880
3194 1307
4092 258
4183 561
4396 565
4864 1162
926 1771
2368 28
2584 1000
2173 40
254 1129
1577 755
2867 1730
3418 1713
5872 1057
5940 1348
92 1412
249 1129
2649 83
2663 1845
3331 1721
3919 552
4409 58
4560 1805
5539 555
6013 1183
417 153
2636 15
2792 1640
2971 1565
3318 632
189 1496
283 1695
1012 178
2270 699
4145 1393
161 1560
394 201
2557 563
3428 1778
3544 1672
427 1604
1411 1648
2319 568
3425 922
6073 850
1689 273
3407 635
3690 1490
4270 1497
1340 994
3176 16
4376 844
4720 127
122 1168
1187 1585
1376 230
6129 965
461 1394
2789 1734
2920 1477
3342 1798
429 153
790 255
2313 1412
3347 1453
3569 1735
3572 153
4228 1539
257 210
1299 1009
1553 1541
2308 85
2643 15
3055 451
3874 566
4116 1546
6112 1859
155 902
2431 1412
4778 1456
819 695
1050 490
1393 1649
1641 367
2365 32
5642 938
1065 1648
1253 272
1647 177
1692 1496
2280 1412
2791 114
3620 1039
4177 561
5203 851
5559 1589
5915 1708
1061 1495
2177 1412
2544 64
5682 1106
5982 1369
6232 729
1619 627
3358 177
4979 1360
699 1438
2165 31
2872 1734
3047 1460
3864 866
5078 1549
196 168
2523 33
3217 1675
3888 1501
5829 281
6068 204
209 1403
404 632
477 1283
1004 262
1013 276
2797 83
3044 967
3594 1631
3949 1419
4465 1322
6097 942
348 1386
987 305
1375 797
1658 1496
2128 914
2583 562
3597 1798
4091 1850
304 1496
425 153
1767 1736
2648 83
2725 33
3032 1420
3992 1455
4868 174
6223 87
749 1578
1660 561
2220 1198
2711 1793
2739 568
4813 358
5224 759
6079 324
139 1790
409 198
2727 1198
2829 177
4105 1393
5807 1102
6105 1098
179 103
1172 1182
1676 199
2536 59
2758 29
2907 1675
4302 1530
5335 1661
1062 1213
1422 1648
2945 1
1312 1766
1951 1424
2232 40
3083 1320
3107 1687
3274 287
3328 1303
3608 1708
3700 1847
3881 572
4925 1850
213 281
430 177
972 1025
3518 1006
4259 1213
4747 366
4911 1455
6047 251
346 1390
386 1841
2832 64
2903 1208
4707 426
2574 321
3648 484
4180 561
5110 1740
520 1496
708 1203
825 1350
2176 85
2859 657
3080 804
3351 852
6055 1804
106 158
2473 19
3582 1034
6101 1504
3286 1364
3562 1510
431 1386
1932 1667
2519 33
2652 83
2975 688
3398 902
3628 484
3655 1834
4330 1539
5782 177
777 1241
2528 1198
2532 564
2717 1858
3614 1845
4081 886
4104 561
5588 269
5652 1194
242 1386
2234 1400
3324 1360
3623 1055
3645 1043
916 266
1702 500
2962 826
3400 542
3435 1717
3691 1519
4216 128
5761 1005
76 1412
1168 234
1201 250
1278 144
2225 1400
2754 1198
4126 561
4906 1386
4935 153
5231 1662
5660 1708
5765 1063
240 1471
1045 140
1604 1440
2743 1565
3632 214
6123 1536
314 287
340 1559
444 115
2595 84
4380 1204
4648 1008
384 1255
1167 231
2439 565
2459 1241
2560 91
3882 572
4366 1559
4652 1337
5217 1790
5400 1574
6189 543
2724 15
2752 58
2913 1854
3674 1654
4542 1354
5000 1585
5109 1469
3862 1312
4222 1129
5247 1305
6231 1621
1511 248
1616 407
1891 1793
3234 1320
40 1412
130 910
144 64
501 1577
1225 1439
2570 603
3012 826
3866 669
3957 210
5921 1609
1598 1504
2526 1241
2813 579
3413 1454
3705 1337
5287 1105
5618 1585
5775 120
6252 284
60 33
464 1360
760 850
806 107
1474 1658
1490 1432
2301 1400
3470 1023
4144 1366
594 590
959 273
1001 245
2784 352
3095 881
3258 1798
5592 1425
6141 1447
951 87
1587 1189
1644 561
2288 1509
2702 40
2729 1312
3188 523
3367 1214
3472 1205
3821 541
5582 692
6110 537
6244 106
2566 579
3019 472
168 101
509 695
1191 452
1949 1511
3515 571
4338 1541
4871 114
5662 1837
5860 1129
115 31
1933 1697
2233 1400
2731 40
3504 232
4280 1061
426 1329
2576 4
2873 1401
3325 150
4279 1502
4660 199
5798 136
1344 268
2892 104
4887 1720
5550 1804
6249 1357
4671 912
5838 1687
538 1612
1336 1413
2298 1198
2303 1412
2641 48
3007 1355
3580 1738
5820 1203
590 1284
704 1213
1679 1156
2235 1400
6030 1014
93 25
627 450
1852 136
2100 32
2369 217
5116 1182
44 637
910 1509
960 1497
2556 1284
2668 602
4491 1684
697 922
2378 40
2589 1198
2601 83
2676 1182
2966 1378
3900 77
4252 1496
5480 121
5645 1090
5758 1828
957 123
1154 272
2307 1400
3016 1290
3147 150
3280 1474
3571 1384
3698 1447
3835 1713
3892 543
5941 1502
131 554
292 1099
2524 15
2638 17
3364 1523
3497 220
5144 1658
28 1202
203 267
703 1358
2529 40
4213 1278
5042 1611
5757 1367
6211 1510
663 1643
1966 1412
2816 688
3229 1477
3893 566
186 274
2464 22
2469 1198
3264 1798
3271 1577
4182 561
4649 1639
1268 291
1272 305
2253 572
2425 53
3774 1222
4711 1207
5321 1678
188 1496
1496 1399
2502 989
2751 1059
5040 1728
810 166
2226 85
2860 1787
3823 550
5254 1497
68 1202
2311 1400
2723 1188
3670 1683
3734 245
3867 1560
3916 1838
5255 570
672 107
1105 251
2144 34
2227 1412
2479 64
2581 922
5996 1386
434 1540
1648 1658
2305 84
3314 1666
3739 1394
4555 1429
51 866
2171 1400
2203 1798
3289 218
3559 1723
3787 174
3922 950
5169 882
5499 1707
1022 284
2637 15
3377 84
3785 1303
3308 1798
3851 541
5597 1769
1396 495
1682 136
3831 1670
5196 1283
6096 1675
50 846
794 988
1295 893
1378 1638
1921 1851
2487 563
3207 542
5948 1455
59 1550
73 1412
173 77
490 1386
1606 1283
2304 40
2312 1412
3365 1204
3420 1721
4861 1477
756 1539
1014 231
1551 231
2363 922
2698 64
2722 33
3894 1324
4198 209
4352 1539
4788 1522
446 1044
1796 1208
2681 48
3469 1002
3499 388
4295 1129
5115 1406
1517 544
1546 1474
4557 1589
5193 203
120 932
2714 604
4130 282
5154 120
6171 276
1186 943
3502 1567
226 1182
1608 1766
2162 217
3826 1449
4285 1580
6066 1080
607 162
897 1204
2673 1465
3320 451
3478 1480
709 1324
3261 542
5301 258
84 1675
160 90
2164 1198
2642 1546
3719 1672
4199 632
4862 1790
496 305
1735 500
2371 53
3116 1320
4308 199
4675 1067
135 1768
3037 150
3057 1687
3171 1288
3871 572
5873 1057
6228 523
402 1508
544 1563
2077 1547
2895 434
3451 1204
4282 1200
4371 1160
5072 190
301 994
478 1194
2060 1182
4533 223
5414 367
14 508
1368 537
1743 498
4386 1105
1394 1420
1402 1496
1975 208
2550 563
2569 603
3593 967
4162 1718
4510 659
4655 210
5147 1201
6213 185
1649 115
2905 1442
3100 451
3193 1798
4701 1213
413 202
900 267
1106 1390
1110 1621
2091 34
2163 1198
2357 72
2931 720
3256 1798
3945 1730
4142 1576
4832 1604
5525 1626
5735 1319
2848 720
3127 866
3639 718
4158 561
4260 1194
6260 253
362 1285
723 235
2001 15
2223 45
2478 83
3613 571
3642 1468
3703 1005
3743 1005
4511 199
4957 1554
5039 1686
1855 478
2297 31
4176 1258
4983 1707
5476 1678
370 1306
734 255
1119 1658
1745 478
2348 1412
2974 1585
5681 1208
5992 480
53 85
3027 1406
3344 552
4007 36
4805 1425
5569 1406
5609 1397
239 1744
2184 944
2760 83
3163 897
1794 1696
2181 1414
3460 1798
4905 1281
5793 1103
6193 881
1020 293
1230 1386
1503 177
3659 1653
3676 401
5186 1507
1143 1455
2370 53
2694 19
3046 1720
3064 1320
3528 1691
3704 1093
4168 1559
4349 1495
953 254
2541 53
2616 98
3524 1565
4981 514
175 947
755 938
784 1508
1350 282
1614 1054
2050 32
2174 84
2337 502
2450 1156
2973 1205
3136 851
3415 1789
4903 234
5360 826
2427 40
2471 1198
2506 1364
2598 53
2850 1724
3800 1753
3899 555
282 1496
354 1425
2446 671
6043 1162
2221 1185
2472 217
3076 1282
3868 1413
4164 938
5633 1808
408 267
763 255
798 1827
1189 849
1357 1196
1675 430
2078 550
2306 1412
3360 1290
5500 267
5760 1020
470 660
1030 544
1729 1548
1753 1368
1772 986
2172 1400
3011 1477
4283 382
1578 626
2460 15
2847 659
2902 736
3018 150
3372 1778
3804 546
4777 266
5745 508
986 1239
4005 23
5467 1345
2230 1400
3652 1684
4367 669
5111 611
1153 291
1716 1850
1938 1220
2600 64
3890 1208
4395 1548
2372 40
3015 1563
3579 1011
4398 1798
924 136
1157 128
2299 31
2762 53
3619 1478
3912 76
4373 218
4515 1789
5607 1798
5749 1445
1029 1290
2268 1756
4350 1584
5353 1100
6251 1621
167 1839
586 570
3178 1456
5589 112
6205 669
159 1004
1868 1682
36 1202
978 1182
2599 83
4064 282
4485 133
4877 132
5465 1613
5717 1213
6172 148
308 1570
2563 599
3017 150
3373 871
3993 320
395 252
648 450
801 1455
2951 0
3014 826
3211 1666
3346 960
4351 923
5513 1455
6161 1255
102 558
873 994
2923 1309
3354 711
3368 1487
3817 1753
6054 173
117 235
385 480
1699 1193
2424 1267
2623 1800
2960 804
3695 504
454 1213
457 1420
844 255
2366 32
3239 530
3777 666
4506 480
5649 1094
5748 1325
737 124
1277 273
2076 1412
505 210
932 1413
3858 242
4839 1298
4853 1162
1703 500
5120 1718
284 1447
302 523
558 149
560 1530
1443 1291
2585 15
3808 1071
4289 981
531 201
1445 136
1739 1658
2022 1412
2170 1412
3058 1535
3633 1718
3737 453
4238 1497
4382 1795
4617 223
5489 1347
5991 1387
219 1774
1618 437
2224 40
2296 1188
2362 32
4002 1182
4106 667
4571 727
4814 790
184 1586
400 890
621 502
2578 1156
3332 1204
3545 1039
5008 272
5978 1285
2893 664
3126 1779
4151 1469
5472 1073
5916 1694
2261 1741
2874 652
3943 576
4632 736
5032 238
5865 1812
1211 1706
2761 83
2843 1797
4094 1205
5211 1610
5809 1161
252 177
1304 1687
1316 248
1748 1638
2889 671
2932 1269
3660 887
1332 234
2355 15
3410 543
3889 1105
4509 194
6167 924
6181 38
1250 891
2218 29
3250 1779
3540 1063
3596 1283
679 1438
2167 1135
3998 34
4245 632
5763 1040
6262 265
229 851
718 560
1240 305
1348 1850
2669 1558
2927 95
4233 128
6022 1821
6035 1272
1364 410
845 301
2110 39
2976 652
3066 472
3589 1014
4516 891
5451 1094
5541 692
1031 911
2748 0
3682 503
4077 1749
63 84
1310 1688
1731 1802
2245 1547
2538 59
5580 1709
6190 553
151 76
649 480
673 502
2682 15
979 123
1063 1161
2236 1400
6024 656
1084 255
1113 291
1243 1226
3183 150
3441 1315
5536 719
2840 1845
3604 718
3726 1006
5410 1355
551 267
1226 1501
1911 526
2412 15
2517 35
3034 150
3068 342
4627 1585
1384 177
3426 1778
4059 1053
5202 46
6170 1516
554 1469
1208 1712
1213 1129
2143 15
3530 153
3662 1365
4160 1792
5746 1006
943 1675
1361 239
2259 1504
2567 1842
2990 1469
3182 1282
3560 1790
3669 963
3934 1728
4181 1393
4514 665
4594 1735
879 1066
1858 1027
2293 1188
3288 1721
4297 1205
4340 1509
5845 1129
498 136
686 221
1286 162
1349 280
1693 450
3104 150
3423 1487
5696 1395
5953 1707
1093 1634
1196 1233
1691 1613
1742 484
2512 1412
2941 1282
3060 150
3712 504
4304 1539
4759 305
5325 121
597 450
748 1584
1220 1489
2468 1267
2988 425
4100 1576
508 1572
2055 15
2098 32
2207 1188
3039 150
3394 1487
3973 558
5354 755
6194 1447
1183 151
1640 1653
3189 1320
3551 336
4744 994
540 1544
852 565
1296 123
1656 1535
3035 804
3167 902
4375 217
5685 893
227 207
604 1780
661 1675
1118 692
2998 1678
5233 1304
64 196
471 1093
2428 40
2635 32
3802 1670
4249 114
1123 258
1276 223
3520 1025
3838 543
4219 1196
4716 1208
4996 851
1019 669
1755 1810
1922 986
1960 342
2294 15
2587 1188
2665 1335
3379 1543
220 1125
1413 1494
2213 542
2568 1738
3272 1317
4628 1600
5041 108
2099 34
3419 1213
4194 1422
4392 1561
4988 1850
5276 669
5764 1040
6012 1756
884 818
3386 174
4196 1268
4217 1205
4991 1451
5216 1207
1091 481
1927 1834
3799 1670
1236 231
1398 1455
1663 897
2059 20
3968 1400
4147 1270
4880 1213
6004 1223
6149 842
4306 1612
5565 1626
695 1676
696 450
2420 33
2520 1776
2799 558
3378 1682
4113 718
5677 1205
6046 1194
1231 1496
3696 990
5073 1427
1027 1386
1048 177
1395 255
2416 1798
3605 385
4215 938
583 929
2580 1157
2687 1776
4616 1429
5786 106
72 924
453 1453
694 667
1580 1568
3313 1189
3718 1848
3741 1616
3956 1406
4154 143
743 217
2361 1159
2202 1798
2651 1135
3009 1073
3865 251
4919 211
5669 18
6216 1083
311 218
888 697
1222 807
3090 897
3187 1523
4414 1413
2379 40
2454 1165
2620 579
2746 720
3573 216
3657 584
3946 990
91 64
774 220
803 1783
2930 688
3072 777
3124 1487
3387 174
4089 1749
4383 1552
5520 1397
5895 1065
6028 1360
919 1790
1331 228
2516 23
3475 996
4597 666
4604 1348
5016 430
443 1038
5976 1067
47 1550
83 727
1096 1741
1392 1386
4842 1653
5355 177
5417 1718
5604 1468
933 1413
971 267
1256 269
2925 1444
3758 943
3944 585
3969 23
70 1202
109 1597
1788 1084
2092 15
2588 20
3087 897
4987 242
5818 1255
113 1202
460 1359
3837 558
4108 168
4447 692
432 267
757 1826
1568 341
4355 217
5054 132
5128 1356
5908 533
458 1496
2083 550
3568 1454
4591 1386
5461 170
6229 1035
818 1799
1044 1354
1563 866
1722 192
2639 72
3548 441
123 1541
1128 115
2423 64
2458 1776
2886 669
2901 1390
3924 183
4204 1270
753 555
823 221
938 502
1334 1082
1768 1394
1838 1432
3293 1480
3396 1487
3491 995
5562 442
1441 1716
3148 1496
4307 1495
5648 1767
288 4
1144 828
4678 1684
5286 1561
6138 1774
21 19
27 1383
1994 10
3701 1848
534 1447
1285 1461
1363 223
1366 1427
1837 380
2134 550
3522 242
3819 737
4079 136
187 1195
1417 187
1724 796
2289 32
2983 804
3244 897
140 407
163 217
871 1430
1227 1771
2080 1165
2367 33
2640 924
3940 1774
5151 121
2006 356
3921 1730
4236 1282
4290 146
399 1455
2747 0
3816 1670
3863 543
5029 1197
5496 1213
111 54
174 306
1087 1414
2040 1383
3315 195
3453 1543
4132 1507
69 1550
1098 269
1148 1371
1798 245
1836 759
2359 85
3196 1487
3295 1798
3370 1487
4874 345
5508 1419
956 1472
1284 1545
1575 1521
1752 1368
3381 1320
5130 1100
5385 1356
6008 1491
967 284
1054 1085
1624 1491
4097 1826
289 561
787 1787
1880 525
2970 448
3246 1494
4149 1679
5189 1085
180 339
716 221
842 6
964 358
1405 1502
1785 411
1999 1784
5164 942
5171 1208
5714 87
6098 1496
6159 336
1169 359
1584 1522
1985 335
2342 1756
4090 561
80 20
233 150
698 536
911 1413
2940 1282
3986 18
5744 1021
2408 1547
3273 1256
3592 530
3684 504
4736 395
5608 343
643 198
1210 1447
1593 305
2447 1023
3160 1487
3824 612
4262 796
4303 852
4363 886
98 21
121 806
815 1591
1271 126
2279 1312
4296 1721
5529 1474
1481 255
2521 32
5926 1255
6120 1114
116 1383
248 38
2219 1772
4569 306
561 143
1292 1406
1379 1085
1805 544
4346 1584
5188 397
25 579
52 1566
934 323
2108 46
2844 1723
3089 120
4850 1496
5491 1422
94 1768
259 579
536 124
1715 1501
3081 804
4122 282
4179 1393
5844 1100
65 64
313 1502
519 1200
1114 1228
1552 1156
1860 1504
3501 1347
4317 1447
492 269
766 1551
3158 1487
3248 1798
3433 988
3756 654
3991 33
4074 1230
5972 1727
595 233
837 1774
1710 500
1740 1467
5182 1709
6180 1779
510 1807
894 1523
1251 425
1523 1239
3191 1798
3240 1204
4214 1718
4952 132
5901 1699
307 152
553 221
1617 1502
2451 1156
4333 1535
4936 1450
6160 1175
2292 15
2452 1156
5944 1129
814 1490
1066 1562
1749 1798
2870 1672
3175 15
3588 632
4347 1517
5619 1393
511 1789
608 258
3120 897
3402 1447
3493 1834
3996 23
5425 558
5462 1667
5832 1182
5966 1606
710 229
1613 1055
1634 1650
2222 44
3112 1480
5076 1718
5082 1659
5839 1639
6139 6
6225 220
6263 241
204 518
835 1389
1401 1432
2780 428
5292 480
6002 366
6082 1727
650 97
996 1213
1181 168
1537 1496
1559 865
1611 1631
1923 378
1941 1410
3279 305
3840 1629
5658 1353
245 1487
1570 92
1890 1213
2300 217
2699 40
3122 1487
5030 1450
1309 1496
1383 229
2353 1157
2943 391
2944 609
3980 121
4231 618
591 670
2851 826
3581 1834
5100 1616
287 1419
826 1326
1288 1679
1399 1788
3059 804
5836 84
108 293
4888 1193
5413 1283
228 1266
963 592
1734 875
2926 332
3495 1859
4354 1447
5345 1085
5458 281
5497 124
5670 1366
3 1270
898 1570
3241 1487
4497 289
81 30
97 1760
632 1403
1016 116
1175 258
1901 1504
1959 1358
1980 1821
2158 15
2565 1558
3043 1455
3299 866
3432 81
5573 266
685 1319
778 1674
1764 1593
2402 77
2522 20
3458 1406
4156 1230
5526 1324
6080 1353
390 1371
609 1555
1513 1679
2463 32
3243 901
3783 1753
4275 996
4967 1384
5012 132
5197 495
5675 924
9 1503
599 435
1847 1835
2812 102
3119 120
5320 1468
317 1461
1672 1434
4659 245
5620 3
5887 1756
805 1572
1684 258
1967 17
3137 269
3869 1629
4789 215
5772 990
5773 1205
1869 1810
3170 1643
4466 1576
5340 888
1803 1651
3319 14
3421 781
5864 1322
5927 933
1623 342
1746 1203
2049 1383
2185 1629
2513 1547
3200 1487
3237 218
4978 656
1018 133
2051 15
2732 40
2742 602
2999 652
3925 616
3982 18
4741 1667
5237 1137
5 158
349 729
644 1407
1282 737
1579 167
1750 57
2888 1800
3479 1320
4103 667
4863 843
5614 1257
1152 267
4058 1317
4845 1182
335 1291
1161 490
1221 138
31 43
290 1399
1694 258
1992 1412
2909 1793
3489 188
6067 1613
1701 1015
2033 32
2344 1756
2405 1156
3624 173
5308 852
5431 1329
99 1550
124 1566
378 1706
518 1357
780 129
1491 234
2052 1188
3531 914
3972 15
5843 157
1354 258
1476 1687
1903 1822
2828 1090
3220 32
4203 1270
5139 1616
5435 1355
543 214
988 406
1993 10
2358 20
4251 1129
5009 1390
332 1226
2744 1012
3159 120
4540 1459
6124 1786
86 1198
1681 561
2269 1340
3110 1779
3773 1670
5022 1616
576 1716
832 1112
889 1736
1199 1786
1548 1239
2508 1156
125 53
134 1312
682 1059
909 993
1373 1182
3906 136
3970 34
5547 1839
6058 1366
713 1061
821 1078
2740 1845
3911 960
4353 1776
4965 104
5733 989
5986 1676
12 1464
1252 1471
1370 1635
2518 922
2910 602
3439 968
5930 1103
936 863
1259 1087
1338 1615
2282 1157
2403 1504
5626 319
5653 702
6042 1613
90 93
326 802
403 251
728 558
970 501
1146 537
2575 11
3846 737
4117 1586
4869 188
602 1624
3198 901
3297 1779
3357 1381
4576 1263
29 600
1198 1612
2166 217
2630 1156
2831 38
3020 288
3333 1487
4056 1395
5006 1522
965 738
1971 10
2787 1489
4600 268
5104 138
1835 1612
2579 1156
2781 398
3431 585
3997 23
4010 23
4075 282
4368 1601
623 196
834 450
1762 1591
178 1641
2627 8
4165 1278
5687 398
79 1383
1076 249
1083 208
1173 910
1407 1580
2044 120
2356 902
2515 1156
4138 282
4286 167
5545 921
2118 411
3793 807
4810 1084
1070 1360
1403 429
2129 1156
74 860
462 385
3735 1735
4276 944
5241 398
5837 1564
6214 1455
615 965
1419 1467
5964 209
152 82
484 218
664 113
1391 1687
2154 15
3062 120
3599 1678
3609 381
3733 1749
952 1263
1695 1597
2411 550
3162 830
4387 85
5736 1170
1605 1808
2414 48
4402 1730
5810 146
33 622
2057 545
4047 850
4860 251
4926 121
4977 133
872 1627
1122 135
1799 1204
2845 250
3411 22
3492 599
3967 1546
5285 158
1347 204
1670 1288
1730 1798
2130 10
2156 15
3130 1452
3192 901
3832 829
4212 1561
4394 1508
4822 564
253 138
1274 289
1654 1798
1808 1821
4243 549
4848 99
1562 853
1631 117
2339 1464
3085 762
3169 524
3508 1406
4408 1560
5230 1662
731 150
1206 295
1262 1582
1477 1552
1667 1768
1950 371
4076 1230
4088 1230
5299 1164
1 1729
751 1718
1589 320
1726 218
1899 3
4225 1674
4840 892
4964 198
5616 1455
5630 1291
5984 1110
67 64
944 1403
2200 10
2266 469
3667 1324
3775 148
3829 1753
3971 23
4968 1827
321 215
524 1428
1362 1675
2105 33
2351 10
2360 545
3337 1798
3689 1860
5456 148
5515 1449
42 1549
683 1091
689 273
1207 291
3151 1461
75 1546
1088 1100
1456 1550
1601 1858
1705 1669
4209 384
5647 1804
6071 124
6259 1585
35 1549
656 579
1082 1855
1170 1388
1442 255
1592 1698
2347 1155
3771 1753
4028 1853
4531 1659
6222 1299
533 1617
630 888
4391 994
5902 1698
6245 220
2041 47
4535 250
5298 1536
297 219
396 1850
1954 120
2631 1156
2982 826
95 63
684 1056
1267 994
1269 1344
1360 1675
1945 525
2104 545
3079 150
4492 1064
4851 109
5268 1100
5882 1598
1952 1084
3329 1320
5205 667
1107 255
2103 15
3710 1474
4897 1523
1390 147
1777 1821
2407 1156
291 994
4000 23
4524 653
5667 1837
5770 1859
5813 35
1217 856
3590 123
3740 1284
4825 997
5432 1468
610 194
1806 177
2410 550
2625 1672
3133 1303
3806 1854
5477 985
5698 1718
46 1549
136 64
929 255
2212 1541
3985 8
5621 1624
527 140
2295 20
5236 982
6146 1537
792 435
813 1631
1246 150
1821 1358
2499 1201
2997 824
3724 503
4178 669
5140 1194
440 167
1035 1290
1315 1087
1857 359
1995 1157
2274 1351
4063 818
4425 1487
5332 1767
1234 1360
2106 33
4873 1496
800 667
817 282
867 1208
1535 1689
2290 1776
2713 638
3446 1748
4798 1530
4949 656
258 1641
562 1419
962 273
1303 1429
2032 47
2131 1157
4001 1820
300 1495
1989 1412
2196 1400
4372 384
1008 158
2628 6
937 947
2572 797
2996 824
3384 1315
4246 1205
4341 1822
5434 1208
5644 1387
1595 1176
1711 1061
2117 1682
2618 1801
3302 922
3751 1741
3796 667
635 1777
1085 274
1465 1483
3065 1320
3094 501
3688 519
4458 194
268 1186
1039 167
2123 1822
2449 6
3131 1137
3216 1829
5706 1707
6136 273
6200 185
316 1486
324 148
567 1820
874 370
3748 767
114 52
1372 272
1669 1223
2210 15
2215 1761
3232 1721
4802 290
30 21
555 1449
912 1457
1924 1344
1969 1157
3153 1675
3772 1670
5102 1560
1038 1843
1388 266
2140 34
2345 396
5313 72
5429 1404
5446 939
1573 1843
3054 804
4277 1849
54 558
548 179
1219 254
1374 1472
1473 1653
2418 922
2675 663
3366 1213
3566 1336
78 1576
294 137
839 1709
1377 1455
1733 844
2160 545
2911 1053
3636 599
4837 1013
5249 1669
328 958
414 286
1233 103
2042 56
2112 45
3067 681
3702 1007
3923 585
267 897
2511 809
2741 603
3363 1320
141 77
398 971
678 148
705 221
1184 397
1709 875
2097 34
2617 1793
6192 1603
2887 1793
351 921
1678 914
1713 391
4647 727
5849 417
6090 1662
132 96
906 369
1150 148
2133 1412
2514 1547
4331 218
5518 1217
6176 817
982 537
1653 1774
2035 1383
3267 335
3770 1670
3782 667
445 852
571 1582
1059 1406
1876 1319
2969 1355
3185 1213
3801 737
4445 875
1410 1854
1974 742
4593 915
905 1337
1041 1851
1571 48
1700 97
1898 36
2016 1810
2155 1664
3405 51
4646 1513
5094 447
5671 1395
764 1528
1406 1351
1942 1482
2352 1156
4907 132
5563 1359
2005 1762
2090 15
3842 1629
4406 1854
913 247
1963 516
2465 17
2904 1726
3482 490
4329 1516
138 1442
891 1474
2102 15
2264 1628
2712 579
3630 1593
3635 1284
5777 753
3442 646
4315 1461
4388 1284
6121 136
1200 1270
1203 631
1322 1706
1599 1834
2349 1547
2993 495
3847 737
4484 1601
5386 187
5657 1790
1182 231
1528 1586
1646 1184
1828 1822
2000 924
5351 852
5994 1196
412 1031
1635 1106
3298 902
4361 1160
4852 1292
5977 152
145 64
863 282
875 397
2679 1157
3157 490
3634 1447
3798 1610
4221 393
5590 1854
1149 1481
1920 349
3995 667
5646 533
6177 572
244 851
1335 96
2048 15
3455 830
3749 667
4046 748
4124 1792
4287 1420
4433 1406
5198 1767
5380 425
5543 1504
182 101
973 121
3729 1478
5672 1805
4012 23
5703 552
327 766
365 1729
2209 15
3784 801
5743 989
407 286
1447 582
1885 1787
2141 15
2948 1284
4137 726
5822 271
5842 105
693 782
1918 1319
2505 602
3393 830
3452 1320
3952 1165
6122 321
858 1828
2871 1462
4014 70
5853 630
481 391
838 327
1497 1075
1714 1478
2079 83
3483 1487
5533 1487
277 201
592 39
633 1419
2409 1412
2924 1610
3109 1585
3989 566
6018 1098
829 455
859 1070
876 1354
890 1773
1214 1053
1741 558
3723 143
4940 1709
3353 480
3686 1063
3699 251
830 271
2031 47
2510 1412
4072 748
5306 120
5373 1464
1006 1538
2142 15
2869 579
3221 218
3564 382
1232 871
2053 1383
2504 100
2821 1282
3121 120
3277 218
3768 1654
5342 314
4 1422
1444 1501
1671 735
1976 1668
2201 550
2633 11
3437 1778
3622 360
4055 334
5223 801
869 1026
3936 191
1919 1727
2564 1838
2777 81
3467 1030
3534 1487
3849 1753
4281 1686
4399 1201
4401 634
5599 1780
6111 1733
58 1549
626 851
849 515
5438 1527
5949 244
1202 452
2214 47
2267 1822
2457 1156
5329 9
5331 1279
6212 411
745 943
1657 1193
1673 200
3040 1320
5281 1827
5493 1449
6039 272
3135 198
3811 1154
5124 1696
5143 210
5275 1101
6258 1442
974 1054
1751 469
2271 1612
4451 1752
5113 1798
5707 1628
1574 967
1807 881
1851 192
3664 504
3845 133
3962 1737
5428 122
3092 781
5816 1827
26 25
1664 242
1680 1434
2286 28
4947 1573
5062 307
5426 1474
739 1216
948 1343
1248 1657
1655 1262
3086 490
5463 1087
5785 620
271 1754
2745 1347
3567 267
5601 881
622 667
1109 817
1418 151
4450 1503
776 750
1130 1495
1263 1406
1719 893
3270 1156
3666 1495
3812 4
4772 1584
5823 1408
853 1202
1543 539
2462 15
3440 793
3764 778
4040 471
5767 99
447 946
990 1066
2148 1541
3070 1555
4323 1505
4619 282
5692 1415
6078 1283
758 998
877 406
939 1350
1448 67
2122 1821
3984 8
4128 1422
5516 152
5965 1587
6029 1779
1965 50
2622 1437
3730 1092
4854 410
5808 290
2281 1156
3450 530
3707 1794
4278 1481
1151 1025
2205 16
2509 1156
3507 781
3727 1005
4397 1783
4486 1319
802 124
1786 749
2981 1449
3474 451
6206 1535
1367 1851
2191 1821
5352 127
5509 367
5715 1148
5852 198
811 152
1590 576
2453 1157
4499 1064
6084 69
118 935
2136 1784
3113 120
4791 1030
5440 1213
57 1383
255 280
1164 1741
1642 1674
3626 1392
5389 817
5668 1106
1793 1590
3290 218
3473 347
5452 1850
1032 210
2017 1810
2034 32
851 543
2619 1793
2849 118
4608 424
726 1453
1163 1472
1696 1312
1718 11
1910 1828
2406 1156
5155 1496
5684 1094
6051 1157
2030 1798
5368 1064
66 596
1280 1448
1643 1151
1817 1834
1987 6
2364 15
2571 852
3355 23
6140 1175
96 804
162 83
676 1858
1754 1806
2023 83
2262 602
4141 1213
1176 1542
2132 1156
2501 599
3901 1784
107 938
537 224
886 890
4155 1231
4920 1451
5183 558
5713 1267
652 1816
1078 250
840 271
1668 1798
1870 1244
2095 15
3843 1591
865 346
1326 864
1433 1159
1859 1394
3750 527
1404 1475
2456 1157
2950 1800
3395 781
2024 1597
3117 523
4119 1226
4294 1502
885 1256
1071 79
3412 1779
4197 944
4223 110
4833 1042
2007 1679
2113 1790
2793 555
128 986
1728 240
1988 1156
1998 83
4044 162
4556 1812
5459 1387
770 596
861 304
984 1103
1720 1142
2025 1155
2199 1547
4006 23
5277 207
5611 138
3752 737
4724 234
5952 1723
55 589
772 124
843 115
1000 1378
1238 201
1603 1460
2038 15
4761 518
260 1576
330 685
3886 19
6226 211
157 153
636 944
945 1638
2995 1459
3885 88
5212 1298
5712 1205
34 1549
216 1428
968 151
975 1338
1371 1339
1685 1755
1813 1810
4085 748
5248 1812
5346 1810
5693 718
675 1790
1382 1088
2197 914
4265 1255
5676 852
1639 287
3422 490
3511 1487
4365 1203
687 453
1092 1439
1846 1612
1943 203
3380 23
5173 1781
1479 69
1983 1077
2340 1744
3964 593
3988 8
1343 198
1630 1728
4378 632
4403 1553
5470 1406
153 558
1341 128
1524 921
5047 104
6056 17
6130 1537
1005 1205
1160 210
1687 462
3711 5
5695 1378
77 64
1075 308
2157 15
4729 1212
5053 229
5593 1364
5909 1100
1991 83
2037 15
4570 250
5490 722
1865 1821
2139 34
2206 15
2678 1156
2875 1402
3510 781
3744 1070
5825 1598
1612 1672
1908 1682
2461 15
3776 1031
4053 471
6188 1030
6215 367
110 558
850 20
983 1854
1867 1376
2137 1412
3391 120
3765 6
3500 1691
3595 1363
4374 383
504 506
1352 194
1853 1801
3348 667
3833 829
4756 1067
5142 973
1900 1614
1970 10
2283 37
4545 281
5814 1521
5859 790
613 194
783 320
1849 1643
2629 1156
3928 336
4087 1576
4849 997
4886 1296
5384 1121
8 1801
896 226
1381 1063
1862 1834
5683 795
5732 989
3963 593
4826 1197
5436 906
5883 9
992 762
1610 219
2019 526
2350 10
4654 630
4693 915
5260 108
5457 154
5962 1358
1964 914
3174 997
4237 1345
143 875
149 1834
668 1719
985 145
5530 1780
5556 194
1516 1129
1651 1363
1833 1822
3456 866
3471 1745
4101 1504
4721 1436
935 369
1281 1472
1434 803
3301 830
5474 460
488 1139
789 1025
1560 846
3352 267
5540 1401
5577 1552
908 771
3388 1780
3681 431
4248 1496
5876 1040
13 382
860 1742
980 1774
1940 1567
2272 1010
3041 1612
3994 504
4035 1015
206 1171
224 192
4121 1655
5784 1667
150 75
1771 914
3621 419
1783 1682
1861 238
2198 1495
3644 1623
4123 1213
4503 707
4948 134
350 1600
925 20
940 1403
2096 1383
3807 1336
4099 1216
4195 1584
5257 1484
5523 1338
6019 492
642 58
785 1160
1721 930
3960 1556
5454 154
1697 1299
2054 15
3210 1452
3717 778
3953 23
4003 1634
5423 1256
133 93
617 991
721 1787
1043 1774
2716 134
2842 598
1825 1834
2029 550
3795 1706
4071 818
4464 401
401 1613
639 283
3149 873
5719 853
5925 1067
681 2
1482 1819
2068 1821
3369 901
4264 1449
5152 1207
5730 80
1385 1819
1427 116
1508 453
2109 32
2908 579
4019 70
4111 1478
5742 70
6164 1728
991 1516
1915 525
2119 1591
3766 523
5537 556
4876 997
616 194
1997 1547
2003 1383
3668 995
3814 737
4139 167
5727 1834
6168 853
848 101
2004 27
2063 1821
2291 34
3736 1840
415 285
907 235
1365 262
893 174
3466 61
3539 576
1990 1597
2087 15
4017 599
5954 338
100 1755
1197 1554
1500 179
1650 1212
4582 1066
6115 187
923 881
5391 1565
6221 126
480 721
566 152
1784 1085
5510 22
5596 940
5756 923
1353 235
1895 263
2448 206
4435 1718
5200 1827
584 1716
1842 482
1961 526
3728 1348
5409 1805
1505 80
1645 1214
1662 116
2577 1412
3056 126
3975 821
278 650
416 124
828 1595
1249 1221
2343 492
2876 1466
3527 219
5507 1105
5812 1662
5950 898
915 158
1100 1225
1287 1471
2415 30
2455 1156
343 536
380 942
389 636
2208 32
2632 1584
4030 1038
5326 1593
5796 504
657 1739
2066 9
3966 1524
5058 755
5213 543
5464 1309
5549 938
177 89
692 462
1636 1386
5158 802
5399 706
1094 631
3350 1312
3983 8
827 1696
3195 901
5598 1810
5946 360
6243 718
1124 1850
5522 1038
5612 676
1009 303
3283 981
3955 844
989 940
2039 30
2720 1498
3082 120
3106 873
3294 1653
3948 831
5114 105
1507 830
3414 117
4339 886
4843 892
744 287
1260 1727
1607 639
1826 1821
2721 120
5347 1703
1453 1383
1864 1821
1893 175
2084 1495
2846 1848
4073 282
593 80
1539 1164
614 276
1245 1687
2081 1155
2195 1828
2278 924
3061 120
3631 1308
112 578
655 244
791 762
1463 221
3780 778
3848 739
4025 458
5875 259
6265 376
1712 1609
1904 23
4921 1616
5095 562
5289 320
5774 1013
4432 1809
4944 1827
5250 1189
1134 1670
3937 1495
5270 1095
5369 408
674 70
771 148
1626 1601
32 782
535 1672
880 1789
1300 190
1628 495
1757 1352
1758 228
1841 1534
3877 579
4573 268
129 70
442 162
2094 1383
4959 1718
5406 1040
265 1455
902 748
1264 1406
1369 1693
1529 291
2082 10
3763 667
3941 8
4112 1835
4230 1679
4327 886
5488 1248
5806 1377
6186 1651
263 247
1079 1031
1652 1146
1834 1614
2026 1155
2672 1849
2779 185
2861 1733
3781 4
3792 1553
62 49
1216 280
1738 235
1978 1675
2085 47
3356 1798
4043 1738
4525 1790
5632 1436
1058 1321
2036 33
3238 924
3434 44
920 805
2819 126
3276 16
3954 16
3959 1504
4653 1635
5291 926
5405 233
5504 1319
5741 1814
532 1390
588 1816
1458 282
1688 735
2046 27
6196 473
2989 1053
5235 1509
5789 219
6086 394
441 234
1686 1624
1977 178
2194 1682
3291 924
3526 969
4702 1810
4928 1358
5388 1739
6142 1680
955 744
2021 6
4140 1576
5135 1098
5348 992
641 1574
1451 282
2088 57
3533 1653
3929 1581
3951 1737
4885 1262
45 633
2107 15
3685 458
4636 1098
1049 1174
2067 1822
2275 1643
3219 1612
3494 1487
3938 596
4776 1541
5148 1798
5288 1089
1957 1520
4500 268
5290 1101
491 129
669 208
750 254
1510 282
1736 1679
1996 550
4841 1422
5548 701
5737 844
833 1767
4626 512
4900 1442
5850 1705
6049 1645
6091 1127
1007 1472
1158 1811
1843 1670
2020 1371
3266 210
3661 699
5191 1677
202 831
329 1481
788 1185
949 131
4529 1358
5370 108
1708 461
2159 1383
3656 1011
4762 495
1816 1834
2667 945
4041 1319
6246 805
6147 321
1080 1386
1102 1226
1597 878
1953 1084
2138 924
3794 778
4337 1612
4457 1662
4945 843
1557 646
1760 256
3134 1098
3990 34
4148 1681
4532 1810
6062 623
392 117
1763 1756
4625 1358
6203 1822
1761 1756
5238 1628
4537 1227
4605 597
5131 139
5791 298
6 1677
1215 675
1886 381
2116 1822
4232 419
5080 935
41 64
981 1826
5697 1569
3767 1749
4726 909
4844 1789
5993 1838
6031 1358
895 753
2794 1356
3731 778
3987 8
1495 1583
1877 525
436 1768
2027 1584
2189 179
3084 120
3786 611
4202 252
5392 1496
5867 213
966 1664
1863 1821
3797 289
3926 640
4951 1100
5897 1377
624 472
680 187
1239 282
1460 805
1706 1359
1717 1573
1931 1682
2404 1534
3454 1542
5055 1087
6092 193
722 1530
1162 258
3769 788
4554 750
5379 1709
1099 1727
5433 108
1218 37
1832 37
3687 1504
4410 705
419 890
6255 1743
127 400
735 1671
2072 1534
4069 373
1318 473
3647 415
4013 34
5900 1357
6152 1085
3281 1304
4561 852
5371 1739
5689 237
5718 1213
5803 117
43 705
1955 1348
322 161
600 1304
1815 1317
3268 318
4505 742
4592 1091
1461 235
1569 1412
1907 1520
4062 471
4823 17
4875 1299
5871 1450
4954 1539
514 1605
575 273
3965 703
5688 1032
5755 336
634 450
4431 11
5936 1409
6187 1262
1633 1794
1914 525
2010 492
4045 471
4496 790
5651 1453
5880 107
1330 1455
2977 1368
3438 237
5214 1101
5422 460
5886 1575
2149 15
2949 941
688 1608
1766 1702
3610 1287
4752 1810
5138 1583
1307 705
4753 291
4819 1586
5511 1189
5571 1032
1981 1010
5350 1345
3815 295
4239 850
4550 769
1067 616
2145 545
3506 1542
3753 1226
5056 1051
552 1588
603 406
2045 922
2101 33
5776 1213
1308 82
1848 1799
3947 1502
4057 1317
4379 21
4933 149
5181 281
6224 1219
1011 1203
1814 1352
1913 1855
3498 1439
4502 1816
5295 200
6103 1157
1781 1756
2086 1664
4024 1190
4507 508
598 528
1325 803
2186 1725
4020 47
4661 1752
5393 528
662 1089
954 152
2013 1348
5025 1484
5411 1565
372 796
1866 1821
4771 1350
4809 1452
5824 1591
579 1728
1844 1612
4098 528
5269 817
5300 1249
5359 1378
5702 1131
928 127
1040 1240
1882 823
2065 1822
4412 358
4694 727
1704 1544
4541 268
5367 1718
5495 1847
6174 492
2624 638
1314 302
2341 1756
198 443
1566 1780
2190 668
1683 303
1883 1230
2015 1682
2216 1383
3021 256
3654 781
4467 1358
4606 126
1333 880
2211 1580
4036 667
714 1345
1947 525
5581 1129
6230 1854
6207 1582
574 491
1459 1469
4407 596
5338 750
5731 1834
5739 1827
883 116
1466 554
2056 15
4110 1503
4473 1404
4662 295
4800 147
5835 1434
7 1354
854 1821
4032 1560
4453 562
5044 1131
1732 563
3779 1245
4684 834
1792 1810
2715 1541
3714 990
5262 151
6100 224
637 633
1138 219
1275 499
3650 1766
5412 1126
5416 1140
878 1467
1103 1389
1409 1409
1925 238
4314 150
4953 1623
6063 138
56 1202
1188 1068
1879 1070
4268 1763
5303 1095
5374 1404
5521 460
619 194
1811 469
4417 882
4728 1084
1894 1756
2070 1822
5199 219
5800 679
736 1113
1046 192
2868 619
5554 325
702 1192
1435 89
1638 1573
4640 680
5643 1019
1145 788
4685 878
5615 878
1810 470
1845 1855
2152 32
2929 1565
3224 1129
3887 796
4635 114
4690 1252
5928 898
1547 558
4643 1027
5390 1782
1499 1381
1884 1534
3760 202
5855 455
6006 552
691 1759
706 880
1025 1342
1358 75
2002 15
2028 10
4490 959
5579 1624
1787 1084
5418 1821
5445 201
881 267
3627 1751
3828 1529
5387 1101
5783 233
119 875
899 200
596 689
998 441
1438 285
2204 15
4419 817
4565 1167
4836 477
4982 594
1224 1475
2192 1821
4070 458
5274 1101
5831 1491
232 863
1822 16
3565 1690
4381 473
5846 422
4666 80
1986 1319
3247 902
4764 821
5127 1718
976 81
4437 307
4438 781
5293 882
5330 646
5341 158
5444 1825
5725 1819
1506 1672
2058 1383
5084 1265
5204 2
2071 1345
5038 320
717 424
807 1761
2719 1216
4896 998
6165 1444
247 1783
2183 35
5492 1725
1812 1504
5021 769
5075 1262
5929 418
1737 1147
3649 471
4254 1741
5278 1470
5708 1754
5720 1404
2265 1756
5694 492
5724 70
1873 525
1982 1353
3036 924
6010 1474
1244 1665
3961 1737
4938 1671
5294 1739
5469 193
5856 483
6184 1383
4958 242
5219 34
659 1355
1037 216
2147 1664
5754 1393
5847 1591
1437 1046
1467 1219
1549 152
5324 676
927 537
1293 830
1968 1400
2151 33
4577 1810
4797 1718
4208 384
5722 1564
1060 1021
1126 1752
1311 282
1387 1587
1536 1361
3317 1238
1324 115
5271 1100
5570 1324
1472 805
1874 99
4612 1799
5815 203
6178 195
3732 778
4082 1365
5726 478
6163 70
3409 549
4824 952
5654 1731
5971 424
6003 858
855 1256
892 417
946 1204
5033 1080
6114 16
1565 1115
4096 7
4495 1810
4623 1756
5153 796
6198 1515
846 875
1780 1756
918 358
1596 92
2146 336
4975 1768
1824 1019
1850 525
4680 281
4611 1154
4969 22
5394 1796
1905 16
3870 155
4801 897
868 100
1582 572
2089 15
4446 471
5297 1459
5848 1756
5889 120
1132 1692
2912 280
4583 198
466 1270
3138 419
3778 1589
645 1054
1588 928
3927 1505
4549 9
841 1147
1926 1814
4683 726
4808 1322
5985 80
522 967
1791 1100
1818 70
1827 492
5408 1377
5869 1653
6104 203
1775 9
1831 37
1946 510
5557 180
5583 1377
5328 1493
5622 1205
1944 1855
3905 639
4348 1447
4838 1377
5705 1345
1470 604
1839 453
2260 2
4436 1587
1194 887
4086 1064
485 1175
3436 288
3505 702
4415 1156
4575 31
4590 110
5636 282
781 1772
1212 1316
1677 473
1875 47
5122 207
5377 1098
6261 1610
148 1064
1111 539
1205 172
1802 1591
1928 506
5251 473
5970 1587
901 1411
4883 1404
5898 769
1621 627
4129 1270
4218 384
5637 43
947 1352
3904 596
5101 1127
6158 35
667 1021
701 1442
1258 1469
1765 1368
4633 1397
5641 288
4471 302
5382 1131
5959 259
1776 1781
2276 1828
5827 1667
6074 1101
1155 1645
1204 1316
5167 1596
5315 103
5640 1253
3214 1203
4603 1718
5402 1631
5819 1622
795 1773
820 223
997 306
1522 520
3827 1486
5035 1854
383 35
4263 1763
4400 1528
4568 1101
6064 1366
6173 1675
3042 422
5857 1756
822 350
864 1665
1415 1756
1452 737
1540 1189
4520 1830
5799 193
612 1502
4034 973
5060 1101
5201 1189
5280 831
5358 282
5738 1182
628 154
1120 1275
5968 219
1430 75
3715 1828
5678 735
2125 1404
779 1508
1420 556
2121 1821
2187 1756
4423 752
4602 1834
5264 973
6253 180
2626 1012
4754 1448
2124 1735
1916 526
1956 1821
2012 1352
3190 1500
3038 1518
3154 126
4421 645
5951 1515
847 1613
2074 770
2958 214
2666 191
6162 263
620 852
870 381
5858 1816
5862 1262
286 1679
1425 1486
1897 1127
5584 1534
5613 530
4866 193
5344 1739
1242 33
1457 1049
1725 1034
6156 424
2014 1821
4479 1718
5296 533
1871 16
1979 1821
2273 394
3093 1701
4454 1101
4770 1154
6065 1133
1055 137
1412 1516
1450 1558
4472 1319
4521 1358
4927 1810
5322 1273
1774 1822
4018 569
605 1096
1455 1580
1666 1363
4033 596
4884 201
585 233
719 258
126 29
1166 137
5234 406
5263 1802
6131 1667
325 152
1872 16
2093 15
4051 667
5484 1565
5817 295
816 944
2153 33
2994 1559
3481 922
5905 9
4786 1141
5912 219
6041 868
6117 998
3108 1518
5552 1822
6125 268
3761 778
1302 572
1339 633
2127 758
4909 1021
5222 1147
1823 11
1896 37
4224 283
4817 48
6247 600
1097 1483
4416 1332
5591 1498
746 1762
1003 418
1909 888
1930 492
4498 1246
4923 1581
2114 778
3665 12
4882 710
5161 726
5318 982
631 1622
958 1213
3713 940
3754 83
4961 1206
5567 111
3611 1103
3830 297
4420 1096
4821 519
4763 255
5674 1740
5699 1473
1257 433
1488 1491
4023 1557
4120 726
4668 1070
5337 1715
654 962
5778 866
2018 1614
808 633
1804 1782
2064 1821
3716 767
5014 1804
5259 492
5483 729
5349 1528
5586 1071
3977 566
4389 1201
5034 1676
1291 899
1504 142
6089 112
4910 1350
1912 1653
2075 1634
5401 1358
5828 192
1416 1359
4477 434
5074 17
6116 1834
1135 70
1856 1706
4687 1246
690 535
754 587
969 1572
1917 1534
5107 1127
5137 882
4187 726
4691 1206
5403 1100
2150 32
3001 1272
1121 1126
1223 1458
4995 762
5728 910
1328 1718
3813 1368
4166 241
5092 1792
5527 1037
5801 1205
6175 795
4722 1773
4924 1718
5890 1219
4899 1062
5594 945
6210 1774
629 1408
4856 267
5003 1047
280 122
1026 1528
1319 89
3349 860
4527 282
4939 320
5602 1099
3480 1542
3680 1073
3903 639
4943 194
5680 1533
1690 1126
5659 119
237 1471
4552 194
5192 1347
831 1015
3186 1157
3762 455
4641 1616
4725 623
961 1661
4393 632
4424 139
4723 727
6155 675
767 635
1273 89
1887 1608
796 1279
1462 582
2073 1855
463 1318
4544 852
4645 1616
4757 1810
5878 1127
5942 300
1533 1327
4463 1478
4773 1315
6020 492
6166 1347
473 258
1108 437
1542 1482
4118 775
1800 1821
4937 76
5210 488
5821 1735
1779 242
4261 86
4482 1321
1266 304
4474 973
4586 1718
5117 1587
625 1749
1440 150
3269 1193
3747 610
4021 478
5729 960
999 1122
4686 1718
5734 1781
4587 821
5317 1777
3045 1851
3745 172
4418 437
6007 1731
930 613
1053 1846
4804 750
4867 1671
6038 88
4610 1154
4624 1616
4760 1776
1521 1134
3790 1182
4658 533
5938 1558
1002 1695
1789 1834
2188 1598
2670 575
5083 219
5339 1728
5885 1127
1602 70
5272 1662
5506 27
1840 526
1509 1534
2011 1822
4016 965
2677 1098
4539 561
1265 878
3177 1537
4068 945
4585 981
1819 492
729 593
1072 192
1180 1539
5093 800
715 1462
4475 110
799 667
4390 1309
5045 1377
1486 477
2069 1821
3532 126
5963 1304
6099 1077
4404 198
1051 1825
1104 1474
1429 1728
1929 1821
6127 144
6154 44
1117 675
1541 761
4607 788
5700 1721
995 183
1321 805
1790 1753
3746 275
3930 582
4566 1404
5036 1108
5840 1813
1759 180
5576 286
5881 439
1089 1748
4536 1812
1068 1321
4775 596
5721 1388
1195 989
5564 1032
5625 1123
1494 1316
4459 1454
4609 1501
5751 680
4288 1564
4563 117
6238 226
922 866
1090 805
4994 1409
1125 300
1229 698
1829 1628
4993 790
4914 750
1355 498
3976 252
4558 1095
4615 1404
1454 1491
5710 1126
320 154
700 197
917 1854
1520 1754
3225 1634
1556 528
4493 303
4518 1629
4792 762
5792 1126
1112 125
2182 611
5378 1731
1484 1038
4637 769
6102 552
4429 623
5220 1299
5709 1388
670 1015
1902 180
3978 1838
4428 1813
5487 1827
3931 320
4015 1015
4455 1714
5319 1157
5578 1742
5538 1213
921 1448
1297 1233
1480 1047
1778 1806
4889 397
1424 215
4818 1312
1906 1806
4037 1190
4483 1834
5679 667
3069 495
4188 1398
5650 1834
5788 1752
1428 1492
611 1025
887 700
1519 1067
4462 1583
4638 1540
5031 382
5333 1112
904 395
942 1533
1074 657
3212 1363
5441 1542
3096 704
4522 1810
6237 1564
1279 147
1555 37
5790 1718
4060 1741
4452 801
1572 1141
2891 1796
1502 741
1294 47
6133 1612
486 988
1165 1126
1600 86
3215 1165
4083 1660
4481 1718
5528 1660
1525 272
2126 1319
4054 1660
4601 86
4629 961
5273 243
1512 604
4599 4
1342 192
1615 1339
4487 552
4547 1217
4630 89
5372 1821
1526 899
4528 790
3235 1545
5065 435
5160 1186
5553 726
1782 1756
1820 1821
3445 487
4681 1825
1558 1206
1436 438
1830 1822
5002 1356
1237 304
1534 1302
3791 1739
4667 410
4870 1776
1485 743
3114 126
5914 1306
4439 148
4901 1556
5910 971
5026 769
862 259
4740 1755
5723 1591
3725 1754
4052 709
4793 1347
5357 460
4489 1098
4553 882
5512 1431
1034 1764
5494 336
5691 1718
1487 1706
2277 511
4765 1705
1192 208
5980 1830
4441 814
1939 516
6040 1756
1137 1349
4430 1114
1069 967
4440 1263
1327 286
4567 1616
4705 794
5690 1100
4644 1827
4663 1378
5631 48
4426 1473
773 518
5753 848
5958 1016
2674 639
5947 1404
1756 1810
4523 1068
4742 1590
6135 1034
1086 1735
4461 1405
5421 616
5572 1827
1483 282
4039 1821
4405 1671
4913 336
1423 516
2120 1821
3759 1737
4584 623
4589 1395
1514 1081
5258 455
5854 1126
5486 1100
5485 1600
1389 1109
4642 1127
5534 1810
4639 14
2346 1443
4456 1742
5334 1761
3651 414
4580 14
1881 1670
4574 1112
4960 1724
5112 464
5514 1453
1515 150
1426 410
1632 1410
4930 125
6195 1662
4564 1740
5229 1048
4504 328
5932 994
5174 1558
725 1221
1174 675
2193 492
4669 1100
5424 87
5057 1806
4614 246
4468 21
4727 121
4984 295
4427 1154
4512 1388
4664 528
5028 282
5162 159
6183 816
646 1249
1209 115
4588 1359
5863 1095
4508 1095
4774 1504
653 1675
782 19
1064 726
1449 899
747 1124
5221 433
1554 1345
5307 781
4476 909
3742 252
1073 1007
5501 1347
1501 1280
3330 1545
4038 1660
4562 1665
4634 1774
4908 1508
1561 849
1532 1537
5906 743
1527 116
4631 212
1493 822
3902 781
1469 33
4989 374
5566 1821
4803 193
5830 123
4551 1101
6061 462
215 1213
1854 1028
5037 909
4470 236
5623 1101
5136 1363
5701 1521
6093 537
1801 1085
5176 233
1538 164
4990 268
1261 75
4526 1834
4758 34
4022 27
4442 1450
6085 1182
5595 775
6169 75
4613 1063
4706 1520
6134 161
1047 110
5711 506
5177 455
4448 1583
4689 1836
4857 753
1468 670
589 975
4530 492
5870 741
1492 235
1431 1828
5175 1108
5841 1806
4665 1156
3326 1545
1530 159
4872 1189
4579 1478
5911 207
5134 742
1010 398
1255 1253
1475 591
4922 1753
4548 120
720 415
5969 1388
4970 466
5937 44
1545 764
4460 1753
4084 1821
4578 1458
1531 1571
5896 1279
2718 10
4785 1755
1400 739
5453 1671
1439 418
4743 257
4480 1718
1498 1660
5004 1271
4890 1243
4411 183
5005 1347
3939 1717
4469 281
857 1321
5752 167
4581 1008
1962 1534
1446 1671
4942 1816
5558 997
4799 1755
5046 194
1346 60
5638 290
1878 1855
5356 1825
1478 1069
1518 1133
5061 495
5899 828
4956 1824
4513 892
4688 1271
1317 795
1421 569
4444 1192
5343 1409
5383 129
5218 1737
4543 180
