img07c1.jpg img27c3.jpg
3927 1858
3377 895
5152 2015
4233 1047
5144 2015
3843 1858
4195 1997
2873 1633
2368 536
3896 1618
5625 1851
5143 2015
313 1858
2852 1633
39 1754
3745 899
5198 1047
4611 1858
5153 2015
3405 1165
3571 1047
3426 871
3299 1152
3810 1826
3447 1152
2853 494
2835 494
4654 1908
3883 1856
5201 1997
5426 899
3339 871
2908 1633
4617 1858
3885 1599
5127 2015
2260 362
2362 536
3411 1152
3268 930
2512 413
4683 1607
2500 396
3409 871
2414 534
3840 1506
5032 1321
808 88
3296 1152
5606 1861
4007 1515
553 52
3519 2164
3428 871
3448 1165
3541 1728
3850 1607
3424 895
3702 1850
4206 1321
2508 383
2830 1633
2499 413
3450 871
2359 362
3580 1121
2503 536
2895 1633
5665 2119
2396 535
2400 396
3845 515
3832 1856
844 92
2427 425
5142 2015
2894 1633
3569 1699
3593 1321
3809 1858
3855 683
460 101
833 1562
3345 930
289 83
2927 1633
2156 514
3294 1165
2399 536
2370 445
5170 2018
3817 1856
83 1754
2375 399
3325 1152
5441 2242
2263 355
3430 871
2251 658
2893 494
3900 1483
3785 1826
2283 361
5659 1599
2261 362
3329 1041
5159 2075
826 92
378 484
2502 400
2372 413
3320 1118
3788 1851
5653 1826
2386 535
3324 1152
6367 2253
2842 494
3854 658
2501 535
2378 512
2510 444
3912 1826
6196 60
751 92
3375 871
3539 1801
5241 1997
6193 994
2300 533
2886 928
5628 2207
809 101
4918 1675
5207 2015
187 1856
768 42
5664 899
731 101
2505 413
3765 1342
4198 1812
4660 1851
5199 2030
2810 418
3730 513
2273 355
2854 1633
2876 1633
3071 1055
3392 930
2363 412
3542 438
4612 1861
2843 1633
3331 1042
2172 389
3080 670
2367 396
3291 1152
2432 425
2448 362
3886 1607
2255 480
2550 413
5633 1858
5817 1708
2875 494
2865 928
5618 871
2498 427
2688 361
307 66
2361 400
6283 138
2909 1633
3359 1165
2383 380
3432 1152
3597 1332
5728 1708
3918 1826
5898 1801
6339 872
3381 1042
2183 377
2275 377
3065 1055
2291 355
3622 1715
3844 560
4653 1483
3149 1055
3818 1901
498 42
5193 528
3119 998
3322 1165
5179 2015
2834 666
3627 922
3820 1849
3889 1608
2162 425
2836 717
3219 1148
4666 1571
5031 1997
3412 1152
5789 1899
2377 413
2924 928
5175 2015
2863 928
3522 1120
2631 380
2740 353
2874 1633
3037 1055
3881 1483
832 92
2691 362
3072 1055
2160 362
2295 355
2832 793
380 36
706 0
2173 362
3302 930
527 1009
2182 362
2934 546
3565 1321
3150 1055
2270 425
2919 928
2677 412
5921 1833
2450 425
839 48
257 101
2267 425
3247 1055
3333 871
5826 1833
2443 362
2666 362
5462 1699
3499 749
2170 362
3050 1096
2417 399
2429 364
2425 380
3292 1152
3853 515
4631 1816
2379 536
2397 536
2856 543
2950 546
3784 328
5192 2037
566 101
3350 930
5232 2003
2646 362
3867 515
4641 1858
2391 413
642 101
2250 355
2358 658
3579 1229
2293 425
2401 399
584 60
2398 396
2864 928
5802 1708
471 2
2588 362
3408 1483
4630 1856
4880 1846
4002 1471
2357 362
3852 658
4246 1699
6097 2261
6445 280
3315 1078
4717 1608
2507 535
2171 388
4640 1816
4213 1047
5189 1988
2297 355
2461 378
6342 1321
3407 1152
3943 1578
2451 425
3425 1483
2248 362
2269 355
2846 597
667 69
2279 425
2849 597
2867 928
2511 535
4290 2007
5222 1997
2880 928
3256 1489
3497 438
4656 400
2933 928
3831 1615
2736 362
2845 597
5154 2059
5602 2020
2888 546
3300 937
90 858
2424 390
2855 620
2690 425
5102 1326
5636 1897
184 1848
2563 362
3451 1483
3525 2017
647 59
2861 597
3217 930
3741 1565
5487 1664
2585 362
3734 638
2355 362
3614 1655
2657 353
3085 2242
3936 1540
318 1599
2289 364
2801 1896
5226 1086
5905 225
362 16
2578 425
3819 1507
2249 377
5730 1332
2262 425
317 1858
2284 361
2639 380
3724 2242
5679 982
3517 438
4254 1086
573 75
2180 361
2276 425
2393 396
3372 534
3884 413
5109 2242
2664 425
2727 390
3118 998
3446 1483
3942 413
6450 690
2419 396
3287 1585
3800 1842
2163 377
2247 377
2504 589
2871 597
2376 396
3035 778
3871 2079
4652 1826
155 89
2974 1308
3824 1861
3880 658
2590 409
2351 465
2365 396
2833 666
2837 1633
3223 1148
4269 1334
905 101
2420 380
5223 1123
2387 512
2816 734
2831 494
2158 377
2645 425
3230 930
3992 1500
4148 1802
3 858
3892 1599
2533 515
3827 2104
2380 413
2724 367
3484 525
4632 1848
3227 930
2741 334
2294 355
3608 1332
4028 1858
962 2109
2405 610
2678 390
2246 361
2756 412
3535 853
5289 875
2580 425
2949 546
5171 1047
99 2242
2409 396
2848 597
630 23
2389 413
3945 2079
128 89
2440 362
2254 355
2866 928
4216 1121
4697 515
5907 1307
6395 640
916 164
2460 378
2684 390
3116 865
3423 1483
3670 1324
3876 1608
2410 380
2847 597
4635 871
5646 1856
2883 928
2458 353
2584 425
3458 1483
4182 1807
4677 1858
5269 2061
305 2
2660 362
3822 1483
2161 362
2738 409
3055 998
2542 415
2555 415
3875 1483
4159 1807
4690 1856
5298 1166
2509 396
3929 480
2701 355
3833 440
2288 353
2390 657
2892 496
3323 1599
5125 2015
2165 480
2685 396
4619 1816
4702 1842
2074 1483
2155 361
2714 239
2952 949
2258 361
2463 334
2726 412
4667 1558
6284 1307
771 36
2381 445
3389 930
2932 928
3221 930
3413 787
26 1754
2159 480
2394 427
2447 362
4694 1540
2245 361
2663 362
2747 239
2850 597
3554 1121
339 2
2435 355
3164 1585
3316 1805
140 16
2406 412
2844 1633
3344 930
3393 1734
5187 138
6217 1801
3303 930
3763 1826
3879 1483
2395 396
3520 1703
5029 1997
2371 656
2582 362
4710 1842
2506 367
3799 1816
4673 1856
5156 1801
717 2
2168 361
2408 396
3073 998
6262 1602
352 34
2176 412
2402 412
2421 396
2566 425
58 505
2354 362
2364 396
2392 380
6216 2015
6357 2275
2430 378
2673 515
2702 362
3266 1148
2185 362
3869 1483
711 23
2638 412
2643 685
3308 930
323 1607
2872 1633
3036 998
3387 930
5195 2015
2166 362
2431 388
2889 597
3002 840
3443 1483
3592 2140
2153 361
2683 380
4638 1483
5824 1458
33 1899
2167 334
2441 378
3433 1483
3491 1256
2274 377
2253 409
2374 535
2556 380
3858 1849
3882 1483
3891 1577
4997 2218
5043 2065
2277 365
2689 378
3327 1599
2735 412
4671 1871
4835 2282
5670 1841
2298 378
3156 2229
3298 1599
4019 1527
3751 2128
4172 2015
4642 1844
108 858
2360 412
2700 334
5306 1899
2583 378
2985 862
3321 1599
5147 2059
5228 1812
5879 1899
6173 751
2868 928
2890 620
2907 1633
3383 1483
3735 588
4027 1858
5818 2015
2259 533
2686 425
5212 1655
71 1754
2264 480
2423 378
2761 380
3069 865
3928 1897
4757 253
5141 2015
5710 1856
190 960
3262 937
4450 323
27 1660
946 1992
2285 361
2418 380
2589 362
3225 930
3337 960
3195 778
5178 2015
5261 1123
2268 377
2436 635
3944 1607
2302 362
2353 440
2692 362
2922 2149
5292 899
6405 253
2356 362
4657 1848
5677 1708
298 1308
2290 362
2526 1908
2586 378
2640 380
4203 1675
5214 438
5822 899
6011 2263
81 1332
2906 928
5086 1846
3894 2079
4331 922
2175 362
3935 1879
2187 1483
2228 1599
2703 362
3616 545
3866 1540
4207 2212
5216 2023
121 1750
3264 930
5181 1899
5956 111
2252 362
2169 362
2870 496
3753 2128
264 74
2882 928
4721 2119
719 79
1029 2212
1873 311
2438 362
2641 396
2790 406
2881 928
2921 928
4022 846
2292 425
2609 515
3342 937
3834 658
4183 1699
5164 2018
5511 2115
84 1850
2154 362
2545 412
3220 930
5206 2015
2577 425
2997 722
5208 259
5601 1801
2570 334
5065 1846
97 1750
2680 412
3606 1692
5909 1812
2620 1483
3347 930
3749 2128
3941 1856
600 69
2762 415
3293 1599
3726 1308
4691 1858
2862 597
4774 1692
6054 248
6205 990
129 36
161 1865
2403 366
2413 655
3147 778
3379 1165
287 23
2544 380
3215 1148
2887 546
3913 1445
3988 1692
4026 1580
4693 1611
3335 960
5550 2242
6359 2130
2989 1076
5847 225
1821 1901
3196 998
3868 1483
5151 1033
2385 445
2407 396
3326 1483
3922 1435
6451 538
2637 412
3199 1055
5172 1703
2257 362
2373 685
3599 1679
4151 259
224 9
2265 427
3714 1894
4540 897
66 1754
2564 334
2575 378
5319 1346
2177 377
2256 636
2384 512
2920 928
4214 1332
57 2045
4628 1847
5027 1321
5161 1312
11 835
2411 465
2561 425
2635 412
4396 97
5202 1995
195 1577
1811 1880
2366 445
2571 362
2574 362
3697 822
5565 1346
6453 949
1810 1880
3176 1805
3722 1346
3841 1483
3878 2119
3081 722
3717 1206
4232 1047
6266 438
6294 2253
3162 1805
3285 778
3361 1483
180 42
1087 349
2428 362
3332 1599
3825 1858
4010 1554
4204 1121
4470 1846
5194 1996
5267 2002
2426 425
2579 378
3555 1703
6295 99
534 71
3421 464
530 92
3693 2244
3980 2242
5219 1321
3273 1554
3306 1554
5592 505
5749 1850
6358 1777
2369 398
2520 1908
2551 396
2971 1308
3243 913
3625 874
3699 89
6109 2219
2437 440
2466 362
5705 2194
2449 353
2742 378
2925 494
3334 1483
5645 1851
741 36
1970 1578
2771 406
3305 930
6360 2015
6155 958
3216 937
5007 1986
6393 2202
2869 928
2988 1076
4149 1812
2757 380
4637 60
147 1346
216 39
2422 380
4193 1121
4613 1887
2723 685
2957 1016
3581 1657
4 1669
1820 1901
2179 608
3056 778
5713 1308
6156 1392
6186 558
2462 334
3720 1562
6281 2280
466 59
1723 2061
2591 334
2748 1106
3637 1899
5246 1189
3790 1849
3826 2115
4932 1899
5433 2250
3272 1078
2940 722
5155 1703
1088 270
2388 380
2465 362
3178 1805
3410 1483
4449 1757
6426 1571
1078 324
2722 412
2967 949
3233 930
2272 387
283 83
2760 396
2986 949
3596 1285
5567 505
1184 1945
2546 412
3051 1054
3371 1483
3545 1846
2184 536
2737 378
3214 1585
3989 1313
5174 438
5213 1657
2817 1631
2970 996
3229 930
3932 1915
2164 480
2554 412
3576 1332
2642 396
3925 1385
5255 1332
589 2242
2535 1483
2743 2202
3000 973
3721 2242
5897 1868
32 897
1067 210
1069 642
3088 998
3438 896
5039 1321
6144 1319
2513 1908
2611 515
3054 778
3113 953
5395 1346
60 1647
5322 2062
3070 2066
5631 2117
6158 109
215 101
4634 1824
569 1308
3008 817
3370 481
4184 122
4223 1047
5391 1850
816 3
3645 2251
5559 1856
5832 1833
109 835
2698 362
3369 1483
3548 1171
2622 380
3154 1096
3399 1901
5632 1852
13 1345
3236 1805
3865 515
5406 897
5593 897
5709 1858
350 5
648 69
1722 1899
2658 353
135 1846
2532 1908
2565 425
3495 438
4025 1313
5442 1308
2382 445
2644 385
3038 929
3362 1599
6376 438
2496 707
2559 396
2572 362
2581 412
3018 1714
3235 1805
5101 1884
5648 1880
5791 1833
2514 1908
2530 1908
2968 949
4228 1312
5536 164
2650 412
2813 770
3067 998
5398 709
2464 378
3856 608
3933 1435
4217 1715
5082 484
2814 1896
3185 999
5634 1570
139 922
2647 378
3078 757
3418 1241
3620 1346
5333 2073
258 1405
2687 366
2758 380
2897 928
3694 2242
2157 362
2905 546
3667 2128
4021 2117
4034 1556
5253 2034
2152 361
3368 1483
4415 1899
5657 2270
5687 2117
5740 899
6458 2276
70 1669
482 117
2739 377
2818 436
4208 1699
4270 1086
4917 1675
1283 1951
3193 1055
3731 1908
5291 899
1815 396
2412 465
3364 1599
3442 1483
5609 2164
6088 2271
69 1206
446 3
2608 657
3095 953
3373 1483
3893 515
4225 1332
4645 2104
5166 2015
1072 256
2444 362
2576 378
2923 546
3031 1096
3723 1904
5197 2150
6392 590
164 89
2552 396
3061 953
3445 1483
3711 1833
3898 1826
4714 2119
791 895
5880 1899
814 89
2538 1574
2962 1637
1871 1851
2713 1914
2803 549
2811 239
3378 1483
3857 1842
4181 1683
5449 522
5513 1346
2633 396
3431 872
2731 380
2266 425
2694 353
3802 1816
2729 380
2951 1308
3360 1599
3920 616
5234 1332
6160 2235
2614 1574
2904 546
4224 2002
5112 438
5432 1326
5979 1601
203 1721
3077 972
3441 1483
241 55
1080 349
2558 385
2728 396
2734 353
671 55
2404 367
2696 378
4584 1308
4609 1833
1039 548
2619 515
5138 1033
5235 2096
5512 1570
2560 396
2978 817
3314 1489
3419 1565
3890 1483
4036 1556
4132 1802
5997 560
64 1647
2616 1574
3301 937
152 897
162 1693
2656 362
5020 1899
3701 1445
4662 1323
5167 2240
5176 1679
2434 409
2610 1908
2916 774
2955 722
5596 436
2445 378
3148 1055
3821 1851
2651 378
3246 884
3363 1599
4312 1596
4558 1899
5520 89
5737 1850
5790 2212
115 858
4651 2181
5011 1984
40 36
406 97
2141 632
3040 1514
5304 1615
1187 438
3654 1648
5916 1307
2227 1901
2282 480
2802 549
3138 953
3698 1346
4499 2242
5407 1308
5678 766
3621 1692
3692 1840
3764 1833
5244 1536
2301 441
3398 1483
4255 139
4336 1846
5262 1047
2732 481
2815 1896
3222 1148
5485 2150
2661 378
5186 1028
5348 507
5731 1332
6279 1583
6397 292
2634 396
3665 1488
3798 1583
6418 2097
964 225
2287 362
3887 1899
4212 2242
6009 2081
2613 1574
3354 1734
4291 1168
5249 2047
5763 1326
10 2123
2693 353
3207 2235
3505 1307
5204 2003
2439 389
4297 2158
6124 1428
232 59
574 69
999 2207
2730 396
3496 2015
4870 1846
5949 562
1829 1880
3022 1016
3270 1805
3365 1483
5538 2266
6122 1091
2456 377
3311 1078
3682 1346
650 1721
715 1860
4648 1489
6188 1320
55 1776
2573 334
3719 1833
4582 2212
301 34
2543 399
5950 74
6176 199
18 858
636 54
2682 396
5218 2127
5318 1721
5357 1639
5799 1846
2433 412
2547 366
3343 919
3524 1807
4923 200
5157 1801
3191 976
6460 2132
1783 2065
2632 390
3549 1311
5635 89
6106 1054
261 699
2186 608
5160 1997
176 1884
192 69
2624 396
5119 1715
2534 515
4008 1472
6225 2207
288 1994
333 34
1367 2243
2178 425
3181 1805
3406 1483
3715 1894
4626 978
5616 1858
2623 380
3417 1556
3490 1225
3744 2282
4227 2213
5048 1332
5574 1846
5719 1332
5935 649
2695 378
3312 1865
4160 259
5552 831
2655 334
4371 1846
2659 334
2972 1016
3260 937
3740 1846
5165 1033
5347 1812
2648 389
2442 377
2964 54
3647 1048
3675 1997
5821 897
3241 976
6169 599
344 31
2979 818
4197 2140
4313 1899
4781 2242
5126 1990
2531 1574
3173 1554
3358 1483
5476 1346
5692 2247
401 165
2654 334
3527 616
4618 1599
6083 2123
677 1677
3231 1805
3404 1856
4598 2062
5825 1686
6146 499
6215 1801
316 1852
547 2242
960 225
3212 2114
3385 1152
4150 2020
2003 1599
2528 515
4114 1307
4202 1942
5243 1332
5843 1846
926 1823
1155 2075
2455 409
2799 1106
2983 1637
3079 757
5590 507
25 1846
710 77
2045 2118
2286 361
2612 633
2649 425
3011 1732
3063 998
3906 1483
4580 1346
5145 2046
34 1660
2548 367
3444 481
4756 1830
623 101
2457 480
2662 362
3703 1840
76 43
4276 1638
4823 2242
5993 1726
2296 378
2549 448
2995 1018
3254 937
5450 2073
6285 1833
37 874
4243 1028
9 1365
1015 1594
1889 829
2241 360
2523 1908
4866 1846
581 89
2653 334
3082 840
3437 1243
3457 466
3504 1944
4639 895
5134 2042
2562 362
3642 1108
6459 1091
2174 409
2587 480
3317 1805
3567 1683
3851 682
4016 2242
6190 1776
6356 2192
204 34
400 48
3180 1734
3357 282
3382 1152
3386 919
4252 1846
6010 1816
945 1832
2569 362
2759 396
4398 1308
5706 614
2280 409
3014 1732
3341 919
3403 1483
3732 513
3917 1608
5945 2044
6274 532
1105 1031
2518 515
2712 590
3835 1430
5008 1980
980 1868
3121 757
3494 1807
3743 169
4650 895
4780 1884
6245 1721
1391 1332
3870 1578
49 51
321 1483
986 1801
2993 1076
4135 438
4185 2207
5682 1733
6181 2269
6270 2275
698 94
2751 406
2778 2044
4538 89
6317 846
696 97
2446 425
4335 1846
4579 2242
4764 12
6220 74
2537 1910
4758 1899
5435 1899
5457 1846
5642 1708
5910 1141
6404 253
2278 425
2928 2028
4267 1846
4282 1692
4524 1846
4875 1899
5283 900
5399 636
5792 2062
2181 441
2630 380
2670 360
2699 362
2780 470
2884 546
3295 1599
3476 614
4292 1342
5252 2034
2926 1114
3053 998
3536 1319
3746 1027
494 60
2767 1299
2990 1076
3652 1054
3921 1915
5558 1846
6194 1862
936 2017
2459 361
2783 1910
2976 1678
3336 1483
5274 1326
5654 1841
5828 1899
1077 2203
3823 409
3956 443
2299 353
3062 953
3653 1846
4946 237
2237 1570
3902 1895
4196 259
6121 286
91 1750
149 1346
4274 2158
4689 1842
4868 1923
5534 89
202 1308
489 39
2857 1896
3791 1618
5573 1832
686 621
3074 697
4663 2121
5402 2222
5597 1319
821 160
1266 199
5276 259
6438 1412
2910 2028
3752 2129
5733 1833
6333 2174
322 1618
1434 1963
2454 2178
2517 515
2720 1558
3604 1686
3607 1899
3684 2130
2524 1908
3043 722
3210 2110
6338 366
6344 514
2016 393
2098 979
3253 937
3278 913
3514 328
3905 708
868 2242
2710 518
2809 566
2966 996
3075 1056
3469 896
5408 897
5519 1346
304 143
334 0
3252 919
3789 1897
5492 2158
368 282
2060 361
3755 1326
5478 190
619 1714
2049 2118
2626 380
1812 366
2627 412
3646 2174
6340 1604
6362 1106
42 1846
2075 360
2540 1908
5006 1991
2568 362
2615 1908
2958 547
3249 1148
3979 1510
5479 1899
722 1245
2665 409
2671 748
6091 1735
238 428
299 31
2733 396
5239 1076
5323 1346
5765 2242
5927 1802
6271 2120
2789 733
2954 1308
5200 1736
5230 1332
5725 1833
5768 1927
96 897
125 2123
2820 436
4565 1899
5149 1715
5371 1604
6118 441
259 2242
857 194
3309 1489
3521 1944
3713 2073
4664 1484
4935 466
6444 275
2051 2118
4152 1733
4456 1846
5268 1899
6244 76
6456 1279
2076 608
2188 709
4633 1800
5541 1810
5870 1342
1440 1711
1975 1269
2452 353
2567 334
6024 2019
541 746
1235 966
1888 2116
2828 549
2911 2028
3367 1483
5113 1846
5397 1608
1038 1562
3770 1595
4992 2278
5672 1910
952 16
3194 953
3468 1225
4999 2135
5137 1986
5190 1332
5254 843
5453 1894
5831 2242
6013 505
2858 1932
3005 722
3015 1076
3021 1018
3930 655
4564 1899
4621 1899
351 13
956 1313
2798 566
5390 1874
6341 2052
6449 405
767 139
2903 897
3677 404
3750 2129
5236 1726
5264 2242
5354 1824
5630 532
5652 1841
1636 1963
3570 2015
5231 1258
5533 897
5683 1268
5958 1859
6425 2187
177 1332
2553 396
3275 1078
3543 190
4283 1596
4672 1871
5615 2081
6334 831
24 97
320 229
4391 89
5823 1074
3006 547
3582 1801
4171 2018
5452 2020
5972 995
6347 366
1089 223
1985 1849
3143 953
3374 465
3471 1301
5139 1033
5370 1608
5623 1798
44 1991
2948 1644
3529 1318
3544 897
762 766
1488 1806
2525 513
2800 1896
2860 1754
4215 1739
5128 1258
6254 1073
2877 1631
4435 2242
5871 1932
5883 1346
657 71
2598 1848
2749 565
2939 818
3066 953
2725 427
3455 2231
3895 1417
4268 1326
4674 1899
6403 960
2781 749
2943 1644
3276 1078
3449 1483
4614 2026
297 72
670 1640
3558 1657
2625 399
4046 467
295 38
427 31
2557 380
3429 1483
4783 1717
5203 2046
6365 513
306 177
1111 1614
1718 1073
6319 220
3045 695
5658 897
6203 700
975 1718
2271 364
2629 412
2636 396
2973 670
6105 623
421 1326
488 1562
2541 515
2878 1896
3779 897
4846 1346
5537 1833
16 1647
209 253
3283 953
3427 1483
4229 945
5521 12
5612 1851
5770 1326
6433 2235
3261 332
3557 2035
3757 713
5314 2242
2607 515
3766 1898
3903 1406
4679 487
5173 1639
6314 989
120 858
2416 610
3087 1800
3754 2242
5335 623
5923 1259
5969 1918
6080 2221
156 1828
237 55
801 92
3528 1318
5954 1076
337 1
3282 999
4421 207
577 1335
1103 834
4716 1577
6167 1580
95 43
1023 251
3201 1472
3796 1999
4315 2007
4397 190
5240 2064
5621 159
5931 2249
6267 225
2001 1901
2711 1597
3353 1805
5012 2020
5248 176
6070 1834
213 1816
502 12
526 30
2519 1574
2772 468
3064 998
3284 800
3518 235
5722 1708
6332 2115
93 834
182 1851
3690 1984
3931 596
4782 1288
4922 228
5995 194
6012 2235
6047 283
265 1773
3197 1055
4194 1675
4273 1858
4884 1899
5135 990
6293 2251
2226 1901
3135 887
4998 1271
5754 1833
6087 1391
2679 685
3537 530
1093 808
1794 1880
1992 2121
5517 101
5575 405
6095 1167
6322 532
2901 882
3142 976
3258 332
4253 1646
4833 262
4945 1650
6328 557
3172 1805
3204 1650
262 817
597 76
769 874
802 492
2046 2001
2705 687
5136 1346
6131 507
2352 1608
2719 1908
2982 1637
3771 1595
5922 514
519 36
3057 953
4556 874
5820 2229
3169 1471
4581 1846
5570 59
6241 305
6420 1900
267 3
397 2203
2980 668
3366 465
3391 1078
930 2059
1814 396
2681 396
4024 2242
4670 1914
4682 1853
4850 1346
6361 468
1159 2280
1354 1683
1953 2118
3340 1483
1533 744
2056 1618
2628 396
2960 1644
3470 1750
3787 1840
4445 69
5488 1846
5568 1342
5673 483
6191 2025
6303 1600
635 1670
2913 882
4488 2248
4929 288
5718 1588
2515 515
2707 770
2912 2028
5933 857
6299 2229
4121 1884
6045 1812
6301 1652
6302 2065
290 1780
463 2071
1084 1378
5366 591
6069 698
2017 393
2229 1003
2764 661
3400 466
3602 1683
3897 2214
5180 1034
6374 2164
20 1846
183 1653
3026 1015
3101 953
3473 2128
921 2173
2745 449
2977 738
3969 897
4230 207
6051 1846
1601 1461
1954 2000
3076 951
3106 953
3736 1574
4423 2242
6300 81
158 900
957 2176
3153 698
3638 1807
5669 2150
338 1408
786 76
998 2242
3157 1078
5266 88
5551 2115
138 1828
252 14
347 7
3028 1536
3492 945
3842 515
5721 1708
62 1803
1071 318
1336 268
2018 393
2744 429
5054 2242
5655 1053
196 169
263 86
357 9
1036 1562
4330 2242
4478 2242
3234 1805
4557 648
6424 1054
6435 2227
617 2242
1034 807
2946 1637
5211 43
6325 787
239 465
1027 1594
2885 667
3104 763
4704 1577
6100 2039
6139 2203
136 1377
2053 1618
2516 1574
2773 406
2775 1530
3488 239
3836 1840
5542 1491
6112 137
205 2205
542 1761
594 1336
3422 1483
4323 2061
4930 1069
5748 1716
5936 699
5009 1980
47 138
1051 642
1185 1639
2539 655
3114 2282
5477 1120
12 1899
198 1017
934 2020
2002 1904
2961 1644
3664 1990
5247 2176
6381 1982
716 78
2521 515
2999 1714
5557 1833
5600 138
5707 1096
1878 213
1965 1483
2929 1504
3007 547
3279 1708
3092 953
5210 259
5528 1846
5548 831
5960 856
169 1527
981 1867
2936 552
3792 1484
5627 1848
17 1846
1819 412
1910 1901
1939 2258
3029 1029
5297 900
5444 2212
5611 1494
5661 2096
6071 1756
54 194
4471 1846
5925 438
3046 722
5403 1899
5915 1109
1098 1986
1887 1599
2124 393
2915 2028
4676 2112
4688 1395
5288 1626
5381 1666
5845 486
1076 735
2143 1618
2415 636
3240 1078
5133 2033
6282 3
174 807
954 2158
4049 467
4277 139
6310 1884
6408 253
86 1326
539 922
701 60
1224 2075
1795 1901
3626 2212
3678 1910
3801 1618
4627 1846
5026 1996
6017 1317
513 1500
2066 360
3772 311
4092 1846
4661 2194
4687 1918
4849 1346
6036 457
6337 1571
1012 1491
1903 298
3318 1078
3556 1944
3636 43
3767 1898
4629 1162
6052 1346
214 703
303 1229
603 71
2529 1574
2984 1308
3131 1078
3257 937
6287 877
319 829
335 1923
403 2141
745 143
1993 872
3013 670
3122 1514
3152 757
4115 1064
5358 2206
1016 1595
1447 2219
2134 1901
3032 1732
3297 1152
6202 48
803 1065
1006 220
3020 1873
3669 163
2536 515
2938 949
2969 1015
3263 937
4038 2242
6037 555
989 1069
2238 894
2617 1483
3096 2259
3105 1708
3681 1342
6353 522
398 72
2078 361
3097 884
5340 1346
5948 1096
370 2118
1818 1880
1900 1901
2935 998
3591 1986
2341 393
2527 515
6414 1443
1720 2148
4173 1699
4372 1899
4832 2242
6206 270
2029 1855
2812 2191
2963 1637
3286 1851
3538 263
5859 1926
6448 318
757 194
3330 1483
3466 1045
3795 2001
777 225
825 2123
3864 1618
3908 1780
4430 1846
5833 993
188 485
2838 436
3001 1053
3644 2242
4251 1326
145 2123
2336 1855
3384 871
3634 941
3923 1447
4943 141
3585 922
3679 1690
3986 96
4234 2020
4572 89
4741 1342
4891 1899
5564 1908
6061 744
6442 624
3010 2242
3624 1884
4608 291
5549 2234
5626 1881
5715 897
2987 974
3487 1027
4802 897
4950 631
4954 1346
5438 1621
6402 270
559 86
587 1821
2199 360
2899 2028
3659 1617
3939 15
5535 1747
6006 225
689 1685
1999 393
2453 334
3108 953
4134 436
5529 897
3780 1483
5484 1308
5732 1846
5735 1669
546 11
1512 1408
1521 2077
2522 515
3003 1714
6255 505
6454 330
5121 1899
6273 2169
389 21
2281 425
2652 362
3651 1346
5224 1659
3239 953
6174 1472
6243 133
1809 1855
2244 361
3167 1805
3289 1148
3480 539
4836 1288
5668 1915
1079 285
2107 1269
3060 1037
3380 1897
4130 1313
4158 248
4665 1430
5010 1971
6351 1833
385 1374
927 1981
1019 428
2080 681
3486 769
3849 1346
4116 1765
4231 1091
5001 1980
5002 1622
271 31
3188 2282
3613 1846
3727 634
4616 1514
6305 179
1062 1637
2674 1558
3376 1483
3414 2173
5369 1881
5607 1931
5694 714
6166 649
6386 1982
1804 213
5330 1308
5337 89
5662 1833
5886 967
5911 1935
922 1415
1068 1390
2709 470
4447 487
4678 1395
4919 228
38 220
467 858
1021 1890
2081 361
2243 1618
3748 539
4289 2154
4968 1868
5064 2068
5546 1846
6289 271
6370 944
286 923
1946 1483
2004 1599
3873 1396
4071 2154
6343 1615
104 1828
386 1915
3707 1274
6015 582
6040 194
6330 1078
441 10
3937 2083
6133 2096
6151 663
6421 1846
632 1721
3777 311
5622 1821
6168 225
939 59
1808 1855
2821 1671
487 441
1432 1068
3041 1514
5272 1899
5502 84
5756 1308
1301 2243
2039 2000
3474 1027
5124 436
5908 1142
2219 393
3049 2242
3547 1769
3733 243
6089 1087
6211 199
6457 418
114 1054
1904 393
3255 937
3540 1141
3747 291
6436 2104
111 1846
179 1547
364 11
2947 1637
3531 508
3888 2181
4341 778
5331 1346
5641 1708
5714 2181
5801 1601
3590 2008
3781 311
6288 965
1011 550
1828 1880
2953 1308
3575 551
4606 1415
5183 1868
6130 1488
970 885
1458 1541
1796 2116
1976 936
1977 1269
3024 722
3190 953
3512 897
3655 835
5168 2052
5225 1807
5349 858
5841 1534
426 29
4047 1859
5464 874
5761 43
100 143
197 48
790 2126
1879 213
3047 722
3237 1078
4075 566
5589 1657
6033 2031
146 897
346 4
2945 1644
3663 1092
4722 253
5553 1851
5647 2177
5693 1856
21 1693
1972 2118
2721 1859
3127 953
5663 465
5932 2015
6416 48
4180 328
4410 96
4599 1427
4938 2047
6161 190
6164 2158
29 52
658 99
838 89
1117 1466
3187 1078
3506 140
3783 311
5896 747
6200 2278
315 2179
1104 1045
1728 1600
3250 1081
3578 1664
3674 1936
3782 311
4532 2242
4602 922
431 30
1785 1880
2189 1849
2233 1901
3737 638
3776 311
3915 1912
4773 83
5604 159
5708 1621
6068 214
6218 1066
6364 1310
112 1846
181 111
3017 1326
3338 897
4819 1288
6377 2194
6461 1624
1899 1880
3137 887
3226 956
4497 1346
4991 438
5245 2242
6229 810
119 1828
556 53
3238 1078
5703 1899
6101 1332
6115 2018
67 1927
3245 999
3281 1078
5284 2045
6292 72
2071 1618
3100 1570
4436 1342
5569 1346
6078 1757
79 834
704 2207
3033 1096
3115 2242
3668 449
3676 1810
5514 1679
6044 2026
6117 1392
781 1552
1590 1586
1657 1981
3044 722
3552 2140
5196 1326
348 8
1876 213
3117 2242
4392 1821
4571 1346
4915 1944
5651 897
5829 1884
739 1868
903 219
2344 1855
5473 897
1870 1856
2672 515
2782 566
2788 2130
3098 1308
4542 324
5320 541
5445 1346
6233 1071
383 1408
472 86
1398 2243
2792 214
3435 290
3756 2123
5336 2229
5992 2023
6214 2039
1667 1586
3461 732
4299 1683
4937 208
528 86
933 878
1898 1855
2020 393
274 84
3086 2141
3550 529
3961 1427
4882 1926
5028 1601
5162 2150
6247 1048
595 2111
1188 234
1584 1542
1851 2166
1950 1558
2340 2116
2917 2028
3039 1096
3453 2275
3572 236
4712 946
5148 1896
5629 225
5734 2123
5750 747
1031 1595
4020 1551
5365 1817
5986 2123
6277 194
273 1335
950 1717
1847 1541
5332 2062
5999 69
629 78
664 1692
1055 274
2975 1761
5265 874
356 88
1156 744
2151 360
2777 661
3700 2140
4324 72
4544 1472
6227 964
6335 1164
789 69
2621 466
3155 149
4955 230
46 1986
251 1629
2095 1269
3052 259
3953 1744
4952 1733
393 166
947 2105
1388 1704
3775 311
4250 1346
5380 311
157 72
170 1828
592 855
1872 1594
1986 920
3112 2259
3738 513
4054 1733
4740 2270
5415 2242
6222 573
6260 945
2676 1558
4279 778
5637 1846
5088 832
1049 90
6268 1850
1943 1558
2217 393
3742 1294
3786 1458
4883 1692
1905 1855
2753 470
2898 2028
3530 327
3812 713
4245 1651
5681 1229
6059 89
1100 1885
3141 1295
4005 897
4280 2119
906 2024
2041 2000
3904 1636
5270 496
5560 1842
6081 1167
2059 360
2110 393
2931 753
5129 2020
5580 1319
6098 2261
137 1717
369 167
501 2030
609 1756
1092 256
2118 393
2339 393
2718 1911
3485 1981
5182 1798
5443 1899
6388 2246
1189 329
1670 1461
1700 2234
1816 383
1874 1595
1911 1901
2126 393
2902 1637
2937 651
3224 957
3660 1846
4131 1801
5117 2162
5498 1101
5644 1229
5780 1887
572 97
3402 1483
4235 1126
3248 1468
3479 2227
1056 246
1113 1936
1806 201
3460 2132
5045 314
6102 1514
6119 1596
6410 1538
2023 1901
3774 1317
4278 1313
5158 1739
5582 1320
6058 1229
6182 1702
6278 2130
220 45
2142 360
2195 360
2786 402
2992 1018
3277 1078
5401 1506
841 874
1441 1319
1765 1994
3352 1078
3416 2103
6120 1240
6180 1031
365 1602
2618 448
3094 2259
3200 593
4934 380
5736 1365
5965 1269
1106 1602
1558 2242
3465 2074
5044 320
6311 1813
354 203
524 194
1112 2009
1945 1483
1962 2000
5996 69
6192 2035
479 1570
928 1015
1647 1965
3027 1029
3145 2259
4244 1321
5587 2191
5605 1109
5697 1096
1157 1334
1433 1963
1973 1269
2333 1855
746 260
919 177
1050 596
2197 360
2343 393
4317 458
5355 1539
5727 207
5974 1944
6390 471
708 506
851 215
1309 1994
2026 1855
5696 899
474 1261
1402 1391
2914 2028
3091 1601
3242 953
963 1535
1390 1990
2342 393
3093 1355
3328 1483
4607 112
4739 2282
4951 1445
437 115
633 1666
765 1028
1906 1855
2132 2116
2697 362
3307 1061
3600 702
5434 1860
6441 1307
278 1800
634 69
1085 765
1724 2169
2022 393
3012 1076
3083 1015
3420 466
3434 2040
4701 1854
6345 220
163 1899
1118 124
2077 360
1715 1965
2787 2194
3551 1245
3914 1459
236 83
1097 276
2991 722
3048 1440
3560 578
4473 1342
5384 858
5454 1346
5938 1271
1846 2105
1901 1571
2592 1848
2956 1761
3034 1732
3132 887
3955 1619
5205 2007
23 616
2116 1571
2125 393
2941 1470
3184 913
3401 1574
3768 1898
5275 1754
6147 500
6323 252
105 83
2944 2028
3671 1964
5856 2151
6072 942
1726 219
1892 393
4326 314
5493 577
1703 729
1813 1571
2797 857
3068 2242
5421 591
6048 283
186 215
279 336
1276 1963
3759 1328
4696 1999
5131 1896
6116 270
760 1346
834 2056
2806 2074
3120 593
3140 913
3974 699
5237 325
6028 1833
622 76
1261 1569
1281 1963
2044 2118
5461 161
5666 2118
5869 580
15 34
1209 744
1321 2211
3846 1899
5049 486
449 33
490 1648
1109 674
3773 1317
4053 2066
1181 1030
2019 2116
3168 1040
3640 835
3952 1478
256 13
2070 681
3183 1078
3500 214
817 500
1648 1127
2140 1222
2224 393
2675 1483
3124 953
5842 1728
410 1580
450 1064
2489 1269
3025 1308
3475 1136
3632 89
4083 94
6055 118
45 1986
640 2119
1952 2000
1956 2118
2012 393
4585 2216
5392 1995
75 23
442 152
1881 2124
5417 485
6232 1374
1991 1558
2006 1571
4931 158
6231 2071
6411 2242
1654 1346
1787 213
2114 1855
3523 1332
774 765
2349 1855
3725 1842
453 1675
3099 1354
5764 114
6304 1230
207 1651
341 35
1094 371
2717 406
4205 1995
78 2123
2040 408
2345 393
3139 2066
3924 1376
4103 1899
5140 1047
5163 1334
5300 1076
5416 2126
5545 1892
5914 179
6123 1921
6149 1884
1047 1503
2128 2116
2784 450
3605 2212
3769 1595
266 2165
409 25
2113 393
3673 1936
3999 1643
5819 1346
1877 1855
2027 1855
3478 1837
3991 97
4359 690
4921 1258
5656 1798
5767 1851
676 900
1423 393
1638 1964
2106 1281
2211 1269
3189 1601
6261 701
1243 1963
3987 1692
4550 1244
5527 1027
6163 1873
1591 1992
2348 1855
4469 34
53 1846
122 1671
455 922
1831 213
4023 1326
1272 1963
3089 1516
5753 2123
6065 2250
6150 2102
6209 1045
614 86
644 1308
2009 393
2129 1901
2144 360
2307 360
6067 223
6253 2158
6321 1321
1284 1961
1353 1738
1662 1222
1948 1269
2900 2028
4724 2206
374 34
562 1714
565 230
2994 722
5566 1068
6187 1091
1024 514
1549 1122
1770 729
1823 1855
2115 393
2200 1310
4363 1346
2120 1855
2123 393
2494 1269
3259 937
4082 1313
5572 551
5712 507
5769 942
6062 1946
2109 979
6419 1854
673 1527
1797 213
2896 55
901 2068
1522 1363
2231 1855
3534 913
4281 2096
5191 995
5978 662
6103 225
752 1539
1018 2116
1940 897
3016 1162
4871 922
4960 1332
5315 225
5660 2124
5943 926
5977 1777
913 1619
1020 210
2047 2222
2121 393
2337 393
5554 1842
2127 314
3633 1588
800 2179
1362 338
3059 1720
3623 1899
4700 1890
6258 2101
154 343
1287 286
4647 2238
5917 2219
107 1899
296 1308
3972 471
4796 1884
6027 996
6104 2018
355 10
1854 53
2057 585
2083 361
6141 670
976 1722
1659 1797
4680 437
5912 1977
6018 815
85 1900
477 1885
735 1828
783 2043
1597 2264
2334 1855
3232 956
3498 2281
5848 1064
6298 146
260 1843
616 1346
734 1077
763 873
971 1523
2668 1590
3628 292
3708 1679
6309 995
548 1514
702 1714
1805 213
612 1359
1282 1963
1885 2121
1983 1483
2331 1855
2468 1883
2484 1269
3218 937
3274 1036
5975 89
388 19
1944 2118
3165 1686
3186 953
5350 897
5547 1491
6019 1543
6125 1763
245 245
376 389
621 1926
1548 2150
2082 1618
2322 2000
3265 828
3716 1274
4587 1794
5000 1977
5624 1428
6248 631
508 1580
935 1653
990 1542
1627 2218
2067 360
2704 959
6329 1501
371 953
454 1747
3971 857
5695 360
1396 258
1417 1950
2606 466
3129 1308
3601 2055
6378 330
6440 1472
276 1927
1389 436
3463 449
3639 505
5025 1828
5539 941
6134 1332
92 1592
5091 1166
63 1927
206 1517
275 596
1376 2243
5229 1927
5704 1522
5980 260
499 1308
1333 2075
1355 877
1895 393
1920 1595
2052 360
2119 1901
2851 651
3102 913
1802 2116
3959 897
4625 1536
5169 1833
6114 2221
6162 2030
6368 175
231 1296
1046 90
3304 956
3794 2001
4692 1483
5939 1657
1880 2118
2827 89
5608 2280
5667 1244
6034 213
6132 1244
6409 253
732 838
2706 688
4226 1651
4681 2245
6373 1048
342 1572
1567 1991
4972 421
5690 99
5963 551
775 79
987 1069
1183 1939
1727 1595
1827 1855
2335 1855
3244 800
3704 1485
3907 1841
4879 2242
5966 1305
6178 549
1824 213
3202 2158
3877 1816
4885 2030
254 1460
780 1863
1114 1936
1994 1571
3198 766
3267 956
4104 1899
434 1761
725 458
931 573
2111 1855
2329 1825
2350 201
5474 99
5583 1012
6183 41
255 97
3462 1597
5465 43
668 1926
766 2036
1583 1586
2234 1855
2981 492
5919 1110
1817 1901
2148 1618
2317 1883
3269 956
1966 1483
2310 360
2475 360
3762 1851
5299 2032
5702 1346
6046 539
77 1493
681 853
718 1346
870 1600
967 6
1061 596
1517 258
2011 1901
5301 706
5339 1222
5499 307
6148 81
6324 1845
223 143
353 148
475 54
2715 163
2785 489
4318 2201
4589 89
5400 890
6057 874
6 1693
345 2126
1714 1964
2223 1901
6264 1764
959 2087
1230 267
1530 2244
3511 81
5643 1559
628 708
2242 1618
2347 393
2600 1269
3467 690
3976 2242
4167 397
4949 1321
436 2236
2131 1901
3133 887
4535 1445
6003 1833
166 31
2716 590
3182 1601
3960 1479
5913 1977
6336 2209
2014 2116
3174 1686
770 2213
1914 314
3619 2075
4288 832
5598 1727
1771 729
2058 708
2112 393
2918 140
6207 200
1232 438
2594 360
3144 2066
5111 1109
5868 1342
6038 1703
1894 1571
3313 1061
3503 765
4713 42
1652 1127
4905 897
6242 1311
1137 744
1186 1945
1909 1855
2239 681
3170 956
6170 140
881 608
3110 2066
3688 2242
5486 1764
5809 609
5976 856
6016 922
6372 2046
31 897
925 29
1292 286
1927 1500
1974 375
2149 360
2930 1440
2998 1710
3705 1274
5953 538
142 265
228 2265
281 1137
328 361
1322 1940
1882 898
1982 1599
2230 1855
2807 403
6422 2086
659 1435
1032 1595
1784 1595
3161 887
3919 1910
72 1148
1731 1221
2216 1269
2315 1883
3160 1061
5988 225
788 922
4578 89
5238 89
5251 1846
5295 1828
240 465
1236 2023
4755 2242
5650 1944
6434 1745
631 922
1107 2120
1897 393
2332 201
3228 956
5363 1540
59 1800
280 6
1102 269
1856 1229
3948 2117
5741 142
6063 1646
6375 350
2145 360
4851 897
5834 2209
5857 1718
201 2196
221 1350
470 99
1931 1541
1998 393
2133 393
2137 213
2774 1999
3901 307
2055 1577
2190 440
2793 1817
3023 722
4405 1999
1908 393
5680 897
6008 1305
6320 888
6389 748
74 897
750 1747
3516 1727
5671 1240
1578 120
6177 531
361 1700
1717 1067
2085 681
2091 341
2470 360
2965 1716
5503 1346
5531 226
153 591
505 86
1000 1822
1501 1988
1842 1239
5316 951
5726 1918
6094 1669
89 1796
2068 360
2473 360
2593 360
3635 2242
5739 2149
199 487
1101 1885
1514 1984
5588 1678
5649 1704
6406 1881
517 101
697 991
1660 2018
1845 1500
2130 1901
2819 640
4351 2212
4703 1872
5700 1744
6096 517
504 2062
843 1454
988 1542
1247 2054
3553 1
6269 1850
6363 2231
1462 2243
2079 360
2708 660
5717 1498
6447 180
1418 1960
2050 1483
2147 341
3546 1999
624 2193
2474 360
4522 1434
6030 281
1022 1848
1405 267
2194 361
3502 1845
3559 229
4059 87
80 1283
106 2066
1083 244
3271 1061
3310 979
5788 1897
6056 2282
6276 1279
968 1763
1987 870
5431 1999
608 1155
867 102
1438 1948
1544 1074
1807 1855
1834 2169
1926 2169
3042 2171
3949 1733
4644 199
6394 857
672 74
1025 1528
1437 1957
1753 1180
1869 1086
1949 957
2996 1514
3177 956
3440 1026
4219 858
5217 1988
2 1803
405 81
425 1045
674 19
778 2213
1127 1951
2311 1883
3349 1078
5738 1678
6412 1171
755 2108
1761 1542
2084 1618
2768 614
3211 1132
5888 1823
349 34
509 1332
665 1580
2303 1577
3501 438
3661 1693
3934 1455
3964 1749
5042 1458
5524 286
5899 1109
468 834
815 1776
1471 1987
1840 1221
1875 311
1921 2169
2073 1618
3573 1888
4523 2027
5928 169
1274 1951
3205 1686
3874 325
4012 1887
6369 2227
1277 1067
1996 393
2150 681
5437 31
1066 1999
1917 213
2030 213
2048 2118
2072 360
3778 1595
4981 908
1254 1951
5902 1975
415 27
646 12
1786 1595
1942 1999
3957 1486
5273 1665
5676 1514
5814 1709
727 746
822 697
1374 258
1421 1951
1725 1222
2825 492
4133 436
5302 1709
253 1197
2225 1855
4370 69
4668 2180
4759 43
5987 740
520 502
1793 213
2829 1130
3584 1689
4803 1454
229 55
747 2259
1257 2280
2061 360
3319 932
3793 2001
4431 1562
4927 206
5571 1186
5619 1580
5941 2214
6143 1769
6159 2051
48 1052
691 1857
1095 1979
1412 247
1529 338
1951 2118
1984 1483
1990 1558
2330 829
3758 1575
408 1466
645 2210
1891 331
2117 1855
3415 1733
5422 131
6380 220
330 31
413 1718
2008 393
2010 1855
2013 393
2042 2000
2942 668
3729 1709
4378 1846
14 1643
483 1643
729 1666
3280 953
3947 1718
5489 1064
5813 2126
6129 1412
6327 1606
101 1903
1523 2243
1997 393
2086 360
3009 541
4066 1578
4536 637
5778 1682
390 166
512 2053
2007 428
2038 287
3134 707
3482 1031
5467 1868
1371 2243
1886 2125
2096 374
3452 404
3861 2035
194 1188
615 83
3718 1274
3899 2067
5584 991
130 662
141 922
212 31
714 2049
1057 1528
1916 298
3962 492
5286 2154
5586 1067
219 350
1392 729
1555 1963
3493 1732
5816 1873
5858 1704
6082 1833
65 1899
165 102
5483 1899
6126 508
6432 1274
1044 1833
1172 1952
1377 258
1524 258
2323 1269
2346 1595
2490 1269
4732 1926
5865 1803
6237 271
942 1028
1073 256
1637 1958
1826 393
2005 898
2791 688
3084 906
3533 311
3968 1707
233 55
891 375
1833 1222
1969 2222
2193 360
2755 233
3192 953
3696 1988
3805 1813
4329 1722
19 2210
399 24
736 1702
1513 2237
2476 2161
3966 1467
4549 1651
5227 1284
1498 248
1798 213
3388 1061
4001 2061
4298 2023
6387 1597
284 335
1151 246
1352 252
1902 213
2215 2001
3090 913
5123 1638
5699 1718
6111 472
6349 2268
4498 875
4669 1346
4948 2147
4977 2157
5076 1674
5122 1342
5844 1359
302 1558
384 1600
511 350
1792 384
1830 213
2327 341
3586 2162
5480 2242
1037 87
1040 2002
1634 1961
2062 360
3863 2270
4043 94
6223 1106
6431 1128
532 2039
974 1360
2196 360
4379 216
4855 571
4886 692
5250 870
6401 339
160 77
222 1222
250 26
951 2154
2032 2174
2959 668
3151 674
3951 1313
4067 1315
4220 906
4548 1445
5285 1669
7 874
510 350
1191 1939
1202 1976
1387 1704
1913 2116
2486 408
3171 1104
4070 3
6439 2239
94 2183
733 1929
895 2115
2497 1064
3459 311
6032 1638
28 1335
113 260
440 1666
1116 2007
2065 375
2487 870
3058 953
3288 1163
3574 322
4928 206
5466 1346
5989 1659
30 1804
248 529
392 2102
495 899
889 1843
902 1597
1091 487
1351 1948
2024 393
2746 1876
5003 1899
5177 2081
5364 1582
5373 1665
98 1556
210 2104
1081 330
1789 1594
4504 1789
6142 970
799 1764
845 1465
1422 265
1696 2219
3213 1994
3477 1272
5115 13
5446 1771
5585 258
5815 511
5887 2033
6297 2136
6354 1317
3103 953
4009 2229
5052 708
6326 1790
379 2283
554 985
900 251
1231 1812
1621 2244
6165 925
1915 1600
3643 540
4065 1299
578 1458
1384 275
2754 1624
2808 1299
6443 1026
941 1936
3589 1664
3967 1188
5393 2201
131 661
1263 1950
1370 2243
1959 2000
1964 920
1988 1558
3004 623
4296 1485
5579 1010
6201 1899
1070 2002
3111 1800
5296 320
929 2283
1003 1503
1110 2117
1716 1963
2467 1590
3136 1601
3355 900
5079 306
5984 2138
6075 198
6184 2218
6221 2199
225 1597
618 1601
2752 1119
3175 1104
1030 273
1256 2189
1729 2169
3598 1943
4287 1510
4643 1568
6308 2240
842 1342
1147 1976
1428 1963
1452 257
2859 662
3666 1832
5782 2213
87 970
189 858
550 19
1669 1222
3351 2268
3728 187
4944 765
5081 613
5287 1762
5617 2258
5884 547
6029 2039
1981 2000
2028 1595
4411 1420
4537 487
5784 1269
282 213
325 1062
576 608
1383 338
1732 253
5290 1008
5294 1218
5846 947
6234 282
695 1300
699 1709
1043 553
1932 975
3513 1556
5810 634
6099 19
1790 2116
4413 54
396 22
880 1792
1788 311
2064 681
2136 2116
5742 1669
1315 2263
1664 1586
6429 1136
1041 1253
2213 1269
2795 1686
4175 1649
4429 1458
4533 778
5772 1380
6090 885
837 1552
1359 1271
1553 2019
2037 2111
2191 360
3509 1027
4186 2207
4646 242
311 2270
480 1653
723 1288
865 1204
2308 1590
4967 1952
5878 707
5998 466
2103 341
3685 2202
4994 1225
5385 832
6318 926
529 1994
604 1534
3963 1745
4993 2135
6199 1049
1048 2190
1971 936
3109 1828
3163 1994
4174 2069
5544 729
5787 1874
200 565
995 1180
1738 1221
2069 1618
5515 811
1493 1488
1518 338
2220 1571
4459 432
5578 2020
1404 247
1960 1269
3125 1308
310 1756
652 1918
753 97
1581 1221
2232 213
3489 944
5324 1789
641 68
1936 1541
2087 1269
2135 393
5781 580
669 1817
1007 1450
1658 200
1677 2232
3107 1570
4735 2201
5522 2242
5614 2051
683 2038
1721 283
2031 759
4519 1915
5087 191
5968 1912
6140 2204
1801 213
1995 2001
3564 1703
4142 1392
5724 1332
5746 515
6407 1768
1308 1692
1435 1964
4920 1258
5428 19
784 12
991 1884
1108 1885
1278 1961
1836 2169
4711 1938
5132 1970
1314 338
1385 338
1453 258
1542 1067
1907 1571
1979 1483
419 1839
586 1690
705 944
949 1750
1319 267
1955 2118
1963 1269
2766 2231
1115 2141
2305 361
4427 1604
5343 1595
6366 533
486 1708
1005 1179
1566 730
2000 213
2218 393
3587 1087
4353 67
5233 1622
535 89
759 122
1009 188
1279 1956
1448 2243
2033 1582
3472 2191
4006 1798
4097 40
5610 283
5873 1966
874 80
932 166
1200 1960
1212 1951
1372 338
1585 1222
5827 1652
5973 1197
309 858
813 1744
2034 1815
2485 2085
5685 1666
923 1715
1860 1524
3710 2036
3954 1750
3995 2205
4105 1858
404 2102
525 76
910 94
1320 11
2206 1269
4113 1643
5957 2210
6004 2209
433 1353
1082 276
1208 1189
1454 1990
1506 2243
2092 2000
2222 393
3808 1818
4301 250
4384 1999
4718 308
6092 1638
776 1308
1822 1165
2472 1590
5083 366
5964 1918
6210 1066
920 1684
1366 2243
1730 2120
1961 2118
2043 1269
2597 374
3159 887
3179 956
5490 1899
807 50
1733 2105
1735 1222
3657 897
5059 48
5807 2126
6053 942
218 126
568 78
1968 1558
2318 2161
4360 2234
5543 1782
571 897
1013 1576
1709 1011
2146 361
373 1388
1497 1120
1791 2116
1825 213
2089 2000
2595 360
3483 68
598 1714
685 1828
912 219
1065 2070
1565 1987
2036 1222
2478 1883
3568 1330
3916 1305
5342 1513
1291 2243
1607 1789
1978 2118
2321 2000
2599 1269
3208 1132
3030 261
4742 1
4973 2078
5901 1271
326 260
583 1901
666 1596
873 835
1210 1832
1760 1461
4729 1818
6179 1480
6230 905
1307 2263
1449 2243
2235 311
3911 1597
4362 1045
4976 422
5895 2236
6259 1331
6263 694
3683 493
308 77
764 225
1494 765
2035 1222
3709 1189
6238 110
496 194
856 1537
948 1319
1064 265
1380 679
1719 1210
1799 2116
1941 1821
2015 1855
2326 341
3813 349
3994 584
4314 1768
4738 1273
4987 1273
5771 261
5837 235
268 812
3515 838
3938 1671
4364 1510
4508 54
4975 247
5382 1539
5439 630
5674 143
1299 2191
1749 1991
2236 1595
4489 1557
6224 1012
1245 267
1947 332
2605 1573
4468 67
4766 1258
6136 1801
6236 944
4801 2242
1465 1575
1552 1245
1606 1575
2324 1269
3691 1981
4615 2178
6085 201
6286 942
782 1534
1129 1951
1455 2237
3706 2068
4428 288
4723 2182
6025 621
4458 1899
5334 925
6400 1899
331 1540
1445 258
1554 150
2338 393
2482 1269
4258 1008
4446 1
4964 246
5983 432
748 1981
1004 1394
1010 1771
1519 338
1668 1204
4961 1991
1550 1703
3926 1345
3977 1899
61 2154
269 1437
4510 1510
5532 252
1302 338
1508 338
2221 213
3436 60
4715 2073
4834 97
4982 267
6428 960
1364 258
1613 1994
1736 1815
1938 1333
1980 2000
2122 393
1136 1950
1531 1363
3630 344
3965 1480
4845 19
6020 926
6228 1320
382 1137
1409 268
4109 321
5525 187
363 1982
785 807
985 2236
1096 1885
1215 313
5271 1747
5955 1228
6385 600
6446 1300
684 2024
1695 1541
1707 258
3397 2056
4275 1051
5691 2117
1646 1127
1957 1483
4017 1725
4777 2033
36 215
551 2061
1747 975
1762 1098
3454 1271
4404 2064
5920 2209
6307 923
1360 258
1967 1483
2192 360
4369 1935
1305 2263
1632 1951
1890 1165
2491 1558
4815 71
473 900
1058 265
1599 1020
1803 213
2313 1883
3128 2066
4062 714
5188 285
5396 1725
5835 227
911 2274
3019 593
4588 1835
5046 1551
5053 366
5328 1618
6066 223
35 45
749 492
1170 1996
4209 1858
52 2217
1242 1951
1446 2219
1580 1542
1841 2120
2240 1483
4247 857
5013 509
244 2221
1676 2232
3583 1328
4947 1040
5050 984
150 312
779 630
915 48
1436 1907
1528 1755
1546 2236
1556 1964
3481 1458
6257 61
773 627
1223 393
1484 1987
1502 1321
2306 361
5021 2065
5711 2078
51 125
4925 2105
5860 1096
6007 2270
1478 1328
1630 1965
1864 989
2139 1222
2319 870
4622 1443
4995 1166
5675 2165
6313 559
457 1111
992 757
1059 1179
2054 681
2214 1269
5952 1871
5961 107
5990 250
978 1600
1285 1983
1316 1994
1835 1222
1893 1880
3206 887
4425 1584
5317 1684
5755 1319
277 2206
720 138
3130 2066
3346 918
4734 1755
678 1900
1182 1934
3146 953
3166 1104
6185 961
6396 1680
285 624
1160 582
1240 1958
2779 433
3612 1915
4860 1255
5881 68
6399 1155
102 2072
938 992
2063 360
3650 204
429 115
871 2017
1138 274
1625 2237
246 66
1225 744
2477 360
3390 1061
4127 2270
451 1785
1365 1994
1419 1963
6021 2157
193 1908
555 1701
1424 76
2471 360
2596 1883
5040 306
5118 152
5130 2205
5338 1460
73 8
994 1376
1158 1307
3251 936
5383 58
2822 472
4698 175
5836 235
1042 1600
1260 1964
4093 966
5501 43
497 1605
1194 2051
5414 1928
6005 506
293 160
414 89
721 2049
737 901
1547 2007
1750 130
3687 1671
5362 651
6239 1517
3532 1830
5762 947
5890 2157
637 143
1338 268
1363 2279
1639 1067
1666 242
3126 1312
3958 186
4719 1968
6331 671
611 1769
680 2010
1052 201
1163 1961
1429 1959
1490 765
1800 414
3970 1868
728 1708
1253 1963
1615 1984
343 1742
1300 258
1602 645
1958 870
2097 2161
3396 1690
3815 451
794 1899
1228 247
3508 857
4094 2282
5504 2236
5967 1305
143 201
394 158
792 1083
5866 1713
6383 48
407 1015
1358 258
1579 1500
4137 24
4889 1258
4939 680
5353 214
5937 218
294 1597
461 549
654 116
1139 1965
1861 1541
2088 1269
4050 92
4199 276
4373 2085
4753 1013
5056 720
5805 2126
411 237
3984 1757
5066 2086
6110 1799
743 86
1075 265
1855 1840
4912 2124
6256 185
359 193
1369 2279
1459 1541
1912 213
4853 2064
4869 2146
6074 342
6172 1377
599 691
1275 1941
1776 1579
3394 1132
5388 56
1173 1332
1400 257
2138 1222
2483 2000
5150 348
5591 2020
416 1637
580 1662
879 1366
4136 38
4480 1435
208 2103
1152 753
4963 268
5345 11
6127 2035
1026 1179
1918 1595
5041 1804
5077 1404
5620 1944
5926 515
601 55
627 1672
1416 1964
1425 1015
1499 2017
2025 2116
2312 1590
4752 129
4837 2069
5595 123
6213 2033
943 2037
958 1870
1271 1958
6382 1994
272 808
679 210
972 1826
1403 1965
1663 253
88 1175
869 1496
1298 679
1463 1991
1563 1180
2090 1269
2770 488
5185 288
997 95
1386 2279
1843 2169
132 623
1650 1127
1844 2120
2604 2000
5811 2126
6315 1312
713 1288
1520 2263
1767 2219
1773 2278
5840 2140
893 1406
3464 1089
4444 322
4926 2030
5798 1900
1002 1538
1128 1963
1507 258
4878 1406
4924 282
5806 466
68 6
688 1346
1614 1777
2493 1269
3611 1843
492 143
1171 1068
1848 765
2101 2000
2469 360
2750 239
4352 257
4368 2252
4505 1755
4699 359
4794 1569
1234 1802
4123 2049
4377 69
5530 2111
5804 1604
5959 1315
6000 1752
1201 1976
1361 2215
1500 1987
1883 1581
4048 249
4060 225
5120 500
6371 2172
1569 120
1653 1068
3510 344
3940 492
3975 1874
4256 1031
5475 1771
6212 623
1343 1959
2198 1590
2769 2195
4464 1688
5341 7
531 142
1017 1331
1262 1564
1655 1987
1896 393
2209 1581
2667 360
3603 1140
4730 1984
5469 2035
6391 1459
459 177
1290 729
1525 258
1586 1649
3290 1824
4583 2234
372 139
687 2056
1414 1809
4900 314
5093 946
1145 1976
4079 416
966 855
1239 1958
1481 1986
1928 975
4872 56
234 83
545 1064
620 226
662 141
1014 1179
4163 1318
4840 2069
6145 343
6291 215
787 887
1751 1987
4909 2190
22 95
191 1013
1169 875
1190 966
1439 116
1485 1991
1635 1127
2202 2000
3348 1059
4157 1876
4316 1326
5904 1868
6023 197
133 1665
996 1542
1332 1748
1430 1951
1774 2219
4321 1958
5900 1958
703 1573
1219 1973
1280 1964
1551 1127
4610 759
4941 253
6379 146
558 1748
1487 1797
1626 2237
5221 1915
882 2212
944 1634
2021 311
4345 1417
5456 2207
5891 1973
422 30
861 2274
3566 1209
3811 405
4327 1285
4601 1207
1395 338
1832 1845
1922 226
2481 1305
4162 1255
5893 1665
1775 2219
3610 1974
4390 1576
4437 2173
5561 428
6312 623
452 2030
1180 874
1330 313
1526 2243
1618 2263
2479 360
4916 1796
5540 746
5872 1873
217 1517
1154 1907
1393 729
1589 1797
5946 2277
1028 1723
570 87
1162 1953
1303 1575
3950 1846
3998 492
4117 1997
4118 1918
4222 60
4888 1722
185 1352
754 7
1177 1963
1238 1982
5518 421
5599 1985
5994 2031
6189 114
428 2026
1205 246
1582 1461
1616 2218
2094 341
2100 1581
4844 113
5985 2142
6316 2280
694 2123
846 943
1296 1579
1373 338
1622 2248
2891 696
4000 1273
4814 107
462 78
1756 1541
1837 226
1924 1798
2840 623
3946 1891
4543 1213
4903 1406
5698 250
6041 1328
292 1665
2099 920
6195 1255
444 1031
1675 1524
4966 1952
5929 2040
6002 2085
6031 1344
50 2211
924 207
1335 1863
1368 258
1711 1675
4056 897
4605 2217
1168 1973
1559 1987
1623 258
1779 1983
4033 1648
5505 1818
5892 177
6296 877
1859 1180
5638 225
5640 218
5830 1728
1505 2246
2304 361
4319 234
5451 945
5747 1900
6346 340
6413 1148
103 200
518 78
1165 1976
1193 439
3158 887
3803 243
4064 940
4890 1637
5278 1687
5757 1648
5779 1851
1399 338
3658 1052
4887 149
4895 1790
5313 633
367 1857
420 45
1132 1976
1310 258
1382 2243
1570 1991
2601 2000
3973 1460
6352 322
724 2282
1142 1959
1218 268
1457 338
1509 338
1633 1959
2309 362
4003 1666
4515 1120
4974 267
5 38
243 2070
1248 1951
3807 688
4812 150
5556 2076
6039 729
430 1078
1737 1160
2093 1269
4906 2270
5378 2126
5766 1495
171 1665
435 1776
585 1899
984 177
1407 393
1495 1988
1649 145
5067 1856
6060 1918
503 1405
522 1541
1683 120
1692 1987
1781 2219
1930 1987
2320 341
2765 1345
227 149
1698 286
4911 1220
1672 1500
4242 2242
412 454
726 1812
1120 1951
1192 2005
1227 247
1697 2219
2495 1316
4170 1594
579 1288
1207 246
1226 1241
1759 1797
2603 341
110 715
481 2184
1345 1976
3577 2062
5215 1076
6350 1328
561 1485
2669 1590
4563 2067
4590 1666
4902 2000
5094 311
5839 112
1624 2244
1768 2219
1865 1983
6043 1280
588 1166
4153 834
4322 1288
4789 759
5639 1122
5944 1914
875 1998
1935 1541
4263 921
4443 515
4727 2082
6452 737
1233 1963
1289 258
1539 1959
1937 1988
5743 1495
6107 1483
6384 2246
796 1611
5729 2049
1045 690
1086 2282
1640 1122
1989 936
3439 2250
4295 2211
4942 1723
6171 218
4521 1166
4958 1202
5367 69
6026 1267
6084 170
366 630
1164 84
1313 2025
1543 1878
1665 1221
1782 2282
3816 98
5375 1709
649 875
692 1346
1054 274
1312 679
1357 2244
1451 2219
4969 2187
5017 1899
5689 1424
6049 1617
3739 27
5889 1973
151 1437
270 1895
898 1310
1131 244
1251 1951
2314 360
564 841
1211 1965
1346 1976
1587 1845
1610 258
5523 200
6240 1616
117 2186
329 8
1682 1541
4004 2061
4320 276
3595 1334
5095 624
5277 1497
124 1144
810 475
4474 1582
5716 1918
5991 2268
756 1666
1426 331
1480 2243
1511 1819
1588 1204
1702 729
3978 1346
5116 2280
5468 1818
552 187
1001 273
1474 1991
1929 1987
2824 925
4988 897
1397 2244
3680 372
4239 1255
4482 2104
4568 709
4655 930
4822 1008
6423 1127
445 1723
3838 972
4098 359
56 2048
465 1319
4980 268
643 83
4338 321
4403 612
738 1999
1572 1988
1739 1222
3648 1308
4361 215
5455 1097
235 1854
1706 258
1754 1180
1568 178
1656 2281
3672 1997
4074 1618
613 901
1427 247
1483 1980
1564 1991
4018 1649
4032 18
4831 1682
438 596
1381 729
4936 897
5047 289
5797 2001
6073 902
884 208
1074 346
2480 1269
4055 2144
172 1653
4996 439
914 1389
1297 2191
2105 1305
2205 1269
6235 2236
6398 1767
656 21
2492 1269
5981 810
1734 1222
3872 2111
4259 1557
4402 1269
4457 712
4534 1935
5096 1569
5688 306
812 2227
862 2138
1198 274
1527 1994
4509 1443
6152 1974
655 858
682 2116
1060 1259
1304 338
2203 2000
4525 1273
4620 2168
5867 1610
1545 1965
4328 1983
1334 1285
1884 957
5019 82
5855 1682
6306 1779
894 666
1341 1960
1661 1222
3649 1906
5576 461
1443 338
1475 1991
3686 1031
1119 1067
2108 1578
5360 1341
5577 2158
1710 1675
3594 1883
4078 1154
4309 1587
4904 314
965 2076
1573 730
1671 593
4076 1325
4126 2082
4343 1417
1406 274
6093 1343
167 2067
300 859
653 2132
892 1293
1143 1976
1249 275
4453 1925
979 344
1286 405
3526 2277
314 1790
439 1123
1063 1999
1342 11
1612 1323
1690 2232
4908 1179
476 1281
514 149
660 2026
909 1586
4168 637
4417 1999
639 1818
1295 2244
1852 975
2316 1590
3983 54
4237 1232
5684 1640
1680 1541
1689 733
2602 1269
4178 1287
5078 302
1678 1541
4272 1659
4308 1030
5874 647
5951 1702
159 53
1560 1987
2208 2000
4337 906
4984 1241
424 182
2823 908
4248 2111
4526 2202
5942 1792
1329 1958
3689 1979
5099 1458
6050 1228
1839 1221
2794 485
2839 1112
4387 321
4811 2085
830 2082
917 1985
4285 234
4779 1273
148 760
226 343
937 668
1293 1011
1317 1718
1598 1806
4552 2085
4847 1778
6417 2216
610 2158
2204 1305
4799 547
1130 267
1149 2078
5752 2167
6219 2167
1571 120
2210 1581
3837 474
4300 99
5305 1645
360 1256
549 1575
1126 1067
1325 1961
1858 1988
5069 197
5423 1148
1933 2166
3203 1529
4956 1184
5800 2051
607 1381
1166 1958
1460 1755
1532 1979
4978 421
5420 1435
2488 1269
5072 1365
5103 44
1252 1959
1327 1963
1608 1575
1609 2219
591 1850
961 36
1035 215
4432 1681
5097 274
5184 2037
5720 2016
804 1289
1146 247
1603 2232
4179 353
4933 466
5256 834
1691 120
4726 2241
4899 1637
709 930
1356 2279
1688 1542
6079 261
336 2078
443 1868
447 2207
1510 2082
3507 1624
5796 560
5808 251
602 1299
1141 268
1431 1067
1777 745
4414 2069
4736 2281
5075 1731
596 729
1176 1960
1628 2186
1766 338
1857 1988
3209 2258
4745 1087
5263 1701
5701 97
6251 1070
835 2048
863 1511
1203 1963
1593 1827
1755 975
4675 172
4754 1665
5361 858
2826 2231
118 36
606 925
1220 247
4401 1780
5258 592
5495 2056
1 1754
6135 1915
1576 729
4858 1569
5472 1771
6249 1413
4503 1910
4901 2144
6275 1413
230 1883
4566 906
5281 1214
5404 1288
904 187
993 498
1214 1960
1461 1987
4342 99
5325 2238
5436 225
5971 2270
291 1114
540 745
1408 898
1456 1480
1780 1984
4139 1576
638 1029
4325 509
5327 709
6137 60
6430 2234
2325 2000
3829 1713
4190 613
4383 2000
4597 1837
5257 1922
123 83
126 2228
890 1371
4249 1106
5745 1785
5876 1951
5982 19
605 1234
521 1478
1347 1951
1379 729
1496 1991
6138 1060
1340 2010
1466 1755
1704 1579
1919 1600
6208 760
377 1280
744 1516
1258 1959
1866 1579
2104 870
4221 13
4465 2082
4793 1627
5555 1179
899 1522
1415 2211
1537 1961
4111 1891
4785 897
5918 2219
1133 1959
1592 141
1764 1065
3712 1485
4765 1672
663 1471
1596 1575
1757 1541
3563 730
4088 1665
4586 1978
5090 2157
5776 1248
700 1919
5062 1336
888 1950
1288 1970
1651 438
4035 2227
4284 25
5312 341
5368 1978
5853 1995
127 520
1144 247
626 83
1470 1575
1541 1964
1740 740
4528 2248
1121 274
1222 1961
4762 1542
953 60
1153 1964
1344 1952
3562 1333
675 1935
1318 236
4266 1417
5351 856
5786 1158
6197 1089
43 1653
178 1552
1246 2083
1577 1541
3797 1581
5481 2198
6035 1765
824 1595
1574 1987
1619 258
6272 282
1122 331
1237 1958
1477 1542
1644 1756
2207 1575
4240 1977
831 221
982 228
6246 645
693 1346
1681 1980
3981 949
3982 628
4706 288
4881 1569
1259 274
1420 1963
5526 2215
6042 1280
1643 1965
4861 1733
6427 942
4477 1925
4798 2014
5104 1366
878 874
1442 1779
1752 1180
1838 1222
4090 1925
4636 2031
5282 2224
5581 2261
1323 331
3806 214
4110 1150
4841 1613
5497 806
5777 1539
5894 1912
661 2036
1244 1957
4112 2189
5073 1254
6204 2091
1705 180
4013 1937
4106 857
4806 2085
4907 1694
5374 177
651 1210
847 859
940 1975
1161 1691
1197 1951
1468 706
1686 1797
887 2174
4731 230
4805 1666
5311 1870
5405 107
5744 2103
1337 268
1561 1991
4828 1922
5751 462
6415 221
6437 206
484 1503
516 305
3662 1645
5940 1900
358 2174
1450 1606
4356 1649
4442 341
4491 1578
5862 290
707 2281
1167 1951
1216 265
4294 1068
5100 1605
5346 1682
1604 2232
4085 2065
4573 906
5418 301
2796 984
4422 1785
5460 1273
5854 197
1008 1002
1464 1991
4876 1891
1150 1959
3990 1342
4983 268
5035 1618
5259 1987
4418 1576
4424 2074
5864 1203
1140 1959
4760 2174
4786 1904
5016 1713
5686 2236
537 2283
740 732
1099 1098
3993 293
4440 2085
829 923
5055 1750
5080 241
1213 1960
5785 1856
523 2005
955 1694
1134 1969
1196 1963
1255 274
1763 1980
1769 1984
1863 1740
6154 2069
4108 2008
4501 1681
3395 75
4686 2212
5882 68
1482 729
1712 256
4842 2174
4898 1199
5482 874
5793 1901
6153 146
402 2098
1221 1436
1229 1951
1746 733
4169 519
5309 856
5803 1862
5850 625
0 47
4466 24
1413 1957
1535 246
1693 120
2805 95
4211 1323
1124 1951
4044 1996
4303 1932
5411 742
82 1864
1375 2244
4775 1926
5775 930
1741 1541
4957 144
500 1729
742 2105
1324 1961
1557 2280
4257 774
456 1258
625 2167
4354 1417
4959 1939
5310 1780
6348 321
4604 2082
5070 1497
327 1684
4143 827
4293 600
4970 1593
4990 399
6076 1918
41 167
173 1796
918 1919
4830 1500
6355 1309
1265 29
3830 944
5471 1907
175 1785
983 2118
1326 268
1486 1987
3985 1800
4045 1158
1472 1542
1687 1304
3760 53
1174 435
1241 1939
1713 730
2102 341
3123 1038
4420 1290
4749 2154
4856 1557
2804 2126
4419 2064
4539 2061
5425 1552
557 1417
1469 1755
4080 1777
4865 199
6014 1587
536 1709
805 1787
1923 2169
3996 2150
4439 1483
1538 1952
4553 959
5849 1109
3860 1514
4057 1781
4311 1940
5303 19
4481 1592
4821 2281
5506 2031
3356 1994
4375 1999
4852 2027
5594 82
4166 341
4306 1113
4940 1246
4512 1341
4979 267
5037 1713
249 1687
533 19
1199 267
4746 1912
4892 759
1175 1964
1444 2271
5603 833
458 41
1349 1958
1492 1980
4058 709
1178 1974
1934 252
4091 1350
4141 1879
4485 2116
5409 136
1617 258
4600 668
5308 2056
507 1361
5372 2167
908 293
1631 1960
4191 1465
4761 41
5459 900
5723 668
5930 1283
4551 2282
211 248
1758 1575
1491 1991
4040 56
4790 1781
4867 1755
375 1268
1772 2219
4128 2170
464 607
590 125
1123 267
4332 2035
5022 2085
5106 2012
5759 1310
6022 616
168 1653
1629 258
1744 1098
4031 274
4187 2064
4426 960
4527 897
340 1778
448 177
1411 1951
4684 2174
5430 289
690 946
4709 1718
4788 2174
5376 18
5760 1310
1534 1127
1611 1579
761 2038
2201 1305
3761 2198
5089 11
1925 1590
4068 2094
1853 178
1684 1827
4380 1182
5962 391
1179 1996
5507 2190
423 1919
1868 1740
4451 1999
4965 243
4051 1876
4454 251
4506 257
4826 2085
4839 321
4874 1791
387 2063
820 1015
1685 1180
1778 1978
4042 716
4122 2184
4389 848
491 18
1489 1840
1748 729
3848 113
3997 2035
4416 1904
5063 1336
1536 1961
1642 1960
4084 2099
6250 2203
6463 2283
1250 1960
4161 352
4367 31
5071 1798
5851 1582
4125 2217
418 1259
1476 130
5758 2184
1605 1987
1673 975
3561 1660
3695 1522
4770 359
5359 2130
1515 2218
4310 222
4355 1330
5440 1968
1540 1965
4340 159
4725 1935
6113 199
1125 268
1350 1957
1516 1575
823 1385
1273 1073
1708 2229
3588 1126
4264 1659
4366 1234
1348 1973
1504 338
4659 1365
5563 1660
855 489
3862 189
6280 1996
8 1684
1645 2019
4452 251
478 1506
849 1405
4052 163
4797 1286
6252 2193
973 1718
324 473
4529 1610
543 87
4705 1922
5004 1806
6265 1405
391 1818
567 2117
1620 2023
5060 2085
5852 1915
3456 1575
3615 1348
4346 1922
6157 251
506 120
4493 2119
5562 1528
3631 967
4462 2064
4748 150
5903 2215
395 277
3859 2047
859 1110
3814 451
4102 1480
1148 1974
3909 1418
5470 680
897 875
4087 1148
5794 1552
1339 996
4893 1922
5051 1818
5107 1965
1867 258
4820 1868
5293 1413
1294 258
4767 759
4877 1923
4971 243
1467 1991
1503 603
5015 25
5379 1088
332 502
1862 1990
4014 38
5500 207
1745 1541
1217 372
4101 313
4138 88
4778 1918
5209 313
4333 1977
4496 1613
4365 2105
4649 1286
5105 2031
858 304
1699 1740
4433 854
4733 1286
5427 2212
712 2215
4177 38
5447 2056
5516 61
806 990
1204 1973
4516 1945
4985 1460
5024 2064
5092 2175
5307 1899
6128 943
969 753
4339 759
4708 1955
4771 1240
5110 1787
836 1327
1331 1367
2328 1575
485 697
6077 56
6226 371
1674 1982
2841 434
4307 1273
5058 2063
4914 314
5114 1412
5356 93
1090 1970
3629 2130
4810 201
4479 1180
4784 2065
6175 2209
4381 2147
4986 1713
1594 1806
4859 1350
4262 274
4388 1999
493 1709
1394 1823
4039 759
4385 314
4913 870
4962 1950
4072 1899
4511 2027
4894 1778
5018 2014
1850 172
5861 1954
872 1806
1206 2078
4864 678
5084 1594
5033 1350
1270 744
4593 2053
6001 1420
6462 2283
4145 1578
4376 314
5773 1582
860 1397
1378 1704
1595 1575
1679 1979
4434 1968
5783 804
5812 210
5279 834
5509 1956
4124 1682
5838 53
1306 1575
4100 1595
4120 35
4472 67
4486 238
4575 2085
798 2014
3804 2196
4800 1632
4862 2155
4218 1003
4344 321
134 215
4492 1242
4787 2085
877 834
1575 1575
4409 2085
4487 27
4747 1417
4953 2283
5463 1286
1694 120
4095 694
4265 1542
4015 1333
4438 616
432 1089
1742 2232
1743 1798
1033 604
1600 1541
544 261
582 1842
1849 975
5410 2170
2212 870
4061 756
4386 1576
5030 1111
5970 1883
1641 1964
381 1733
4412 1876
4531 953
4603 943
1562 1895
3656 11
4029 1131
4081 714
4189 2085
4520 350
116 260
4041 1798
4063 349
4400 2233
5034 1674
818 1758
4261 1350
4829 305
5005 1755
883 1673
417 1313
852 584
4483 1999
3910 1404
5885 1588
4475 353
4808 21
5424 1809
4260 373
4804 1443
4818 163
4827 2085
6455 1438
4302 1928
3641 1654
4554 308
4592 1679
4743 2147
515 2175
758 1412
848 541
4394 694
4476 2000
6064 115
247 121
5068 1528
4547 2069
5877 1963
1267 2234
4728 1969
5220 20
4164 1273
4286 1542
793 1593
907 857
4594 1220
1135 422
1195 11
4236 321
4463 1618
3828 1510
4154 1755
4467 1594
6108 39
4073 1808
4155 1581
5074 762
5260 305
1701 729
4873 804
6086 93
854 1319
4500 617
4077 1111
5329 1284
4011 89
4086 1899
4490 1999
4857 1317
5491 147
772 2128
4030 254
5774 1595
4107 1557
6290 1366
730 1748
853 1350
4348 1522
4305 305
5023 143
828 510
5906 73
4334 1126
4813 1627
850 56
1410 1961
4561 2283
4795 1286
4863 2004
977 83
4518 1336
4838 2056
144 1327
4176 301
4567 2069
4824 2282
2776 1345
4737 13
5613 123
4541 2008
4560 1336
4816 1271
5394 287
4484 274
4559 2155
4695 805
4776 2166
4825 1648
1473 1988
4407 321
4843 1496
4854 1366
886 2201
1264 1936
4129 2279
4455 1584
5508 421
4596 1808
1053 452
4792 1999
4809 1818
4514 1365
4569 897
4989 1611
5377 346
4570 2131
4210 2126
4507 250
4707 2155
5429 221
5863 336
885 627
4156 518
4271 2187
5389 1660
5386 150
797 1560
1479 1541
2763 19
4096 435
4357 314
4807 322
4448 362
5934 165
563 2270
3618 674
4350 2253
4545 759
5098 2041
4165 341
4200 1665
4201 1255
5326 1682
1328 11
4685 1907
5085 1913
5795 1528
5875 1935
4406 341
4910 383
242 206
4530 1330
4460 2131
4495 1183
876 2027
1311 745
5352 1273
5242 2101
4349 2174
560 1255
4146 915
4772 2147
3617 2004
4144 1417
4238 1151
6198 1613
575 767
4517 2283
4576 2004
4817 2201
4624 1336
4595 119
4374 1792
4494 2201
5413 1443
5014 1774
3839 1273
4441 321
4555 627
312 1783
5280 1907
538 61
3609 11
4577 59
5494 2166
5146 1613
4791 1417
4382 409
4623 1682
4751 1925
4744 68
5061 308
4099 1586
864 1890
5108 1569
1268 247
1401 2219
795 2050
4304 1979
4393 1650
2879 336
4147 2270
4192 306
4395 2264
4658 1336
4763 1921
5038 297
827 1414
4241 2153
4358 2180
5419 1440
4347 1531
4591 137
4574 1341
4750 1778
4546 1907
866 1585
5321 811
4502 1284
4768 1907
4720 1063
5387 321
3847 1935
469 2199
4848 113
4461 1487
4896 1365
4399 2069
593 1350
840 1999
5496 1193
4140 2270
4408 827
1269 63
4119 733
5057 1136
5344 1510
4188 25
5510 1929
5947 1951
5036 1128
5412 704
4513 460
819 1747
5924 95
811 847
4037 2157
4562 1818
4897 67
5458 986
4069 1412
4089 1769
896 1605
4769 901
5448 906
