img04c1.jpg img29c3.jpg
5310 1325
4538 1152
5253 1292
3088 230
4227 1325
6059 1185
6034 182
5794 1075
5170 1136
6256 147
573 1289
3252 230
502 1549
3282 2
5129 147
4257 1146
3578 1146
4241 1289
3509 230
3693 1465
4067 147
5998 1430
2820 1152
5179 147
2852 1152
4962 1576
3125 230
4312 1140
5180 1136
2865 116
3164 230
1744 464
3161 230
6209 200
4992 1165
3128 230
568 1519
3788 1185
516 200
5132 1109
3556 1146
6033 1431
2894 1152
379 1237
4271 1143
4061 1281
4272 1143
2786 1152
358 1146
4334 1081
3249 230
5001 1000
5323 1292
3457 230
3459 230
4356 200
428 1379
4345 1357
373 1237
4182 1621
4697 1165
4892 147
4572 750
2647 68
3496 390
2863 615
475 1549
3371 230
3557 1316
2287 1269
3197 230
727 1178
3897 714
495 192
2605 502
3202 230
5945 1041
5243 1140
3123 230
4152 132
4714 1020
2547 502
3447 1549
4104 1621
5923 1431
367 1504
4710 1203
3950 147
4136 68
5050 1115
3024 1159
749 1511
48 11
5336 1086
1301 1549
1641 187
2653 502
3242 230
5266 1143
1077 265
3397 1505
5795 1021
4093 1136
4180 1621
5449 777
951 199
3484 1143
4177 1621
4299 1505
6081 1185
6088 1596
4146 1621
4256 1294
3334 1143
1888 1368
5149 1300
5145 1107
5443 415
6016 1165
4293 1140
580 1146
4258 234
5067 1115
4986 1431
3692 1075
2240 502
4301 1143
4881 1631
5894 1431
3166 230
4240 147
4274 1115
4656 1475
6017 1430
2782 1151
368 1519
4746 1041
5166 1325
2915 1159
4715 1631
5282 1292
6233 1000
489 1549
2492 502
4190 1146
6068 1631
2426 68
4135 1140
4713 426
6236 966
497 565
2802 96
4226 68
6219 228
393 1549
2706 60
2764 37
4102 1011
2257 502
2322 96
3023 1159
3535 1505
3932 103
4144 1621
493 1549
3512 1505
5207 2
5208 1145
2317 502
2695 37
5187 1144
5967 980
5027 1140
4042 147
2766 96
2703 714
3074 1159
5068 1311
4126 1621
5069 72
6000 1381
4080 1133
3552 1505
3641 1
2490 502
2900 1159
2805 714
2955 1159
5395 1136
5781 1133
459 1549
4324 1357
3300 230
2432 502
4335 451
3538 1316
4733 1200
2765 87
3424 230
500 1549
2607 777
2854 1159
2823 1159
353 1281
5088 1535
5505 1100
931 228
3857 147
3554 1146
3602 1000
5561 196
3213 552
5544 1139
1351 1367
3878 2
5375 1308
299 227
4893 1549
2484 714
3514 1146
4386 1131
2835 757
5973 1203
2604 60
2833 1333
3555 1146
2733 714
479 1535
2659 502
334 1289
3907 147
941 1236
3002 1159
6025 1165
4868 187
285 200
3091 230
5376 1146
3721 181
4049 192
5226 1292
4745 1407
19 10
2914 1151
3672 508
5265 1136
2775 60
2783 1151
5225 1292
5415 1289
5957 1476
2785 1151
5861 147
5904 1419
6254 192
5240 1284
251 1236
3156 1065
5302 1292
4050 1261
4106 1621
6217 200
16 10
4672 182
5542 196
4210 1283
5126 1118
5420 140
348 1531
2896 1159
2767 60
1219 1547
4898 186
4971 196
226 102
2936 1159
4284 1357
4916 1249
3026 1159
5215 192
23 10
190 147
2933 1152
4153 1333
6132 189
176 1261
5575 708
5805 1200
61 10
2615 601
2730 68
5040 771
724 132
2650 37
3025 1159
3260 1146
3543 1165
5519 192
2855 600
4519 1151
4766 1379
315 147
2807 60
2885 1566
2956 1159
4318 1269
5190 565
5478 1519
3638 1040
556 1519
4158 1621
4878 229
5989 1431
2909 1733
3278 527
4748 265
2825 1159
2880 1159
3472 84
5779 1389
5051 1146
564 1531
2797 36
2530 46
2704 50
3709 1236
4242 105
3141 1159
6157 1432
6257 1126
2952 1152
4595 310
4782 1549
5156 1367
169 35
3981 1300
5479 192
2700 88
4273 1292
4621 1165
5546 1549
6185 1178
24 10
164 997
3000 1152
3245 230
4235 1346
1305 1367
2798 96
2810 116
5070 60
6242 1546
2768 502
5311 1292
146 1294
3888 1294
5555 512
5987 1419
577 210
2759 68
418 196
1186 580
2878 1159
4127 1011
5209 1672
323 708
740 565
2701 72
3486 1146
5023 1431
2646 1008
3201 230
4730 292
2554 502
3336 1325
3706 0
4201 228
4320 1326
2772 476
4298 1192
3399 1146
512 1367
3992 1043
5999 1431
4326 1143
5766 1280
1889 1499
2856 1159
295 140
1489 1367
3598 504
4779 1379
2485 777
2837 476
2333 116
3586 966
5048 1292
5077 91
6057 188
2978 1159
5059 36
5551 192
6218 192
222 2
1795 1001
2246 1333
3891 1003
4090 1621
3258 1146
4167 1350
5918 13
6199 196
3194 230
1698 1429
3876 1451
4247 1474
3206 1146
3408 732
3825 188
4433 1053
5829 1398
6077 1118
1674 189
4078 192
4385 56
1670 1587
2795 68
5404 192
5874 1236
2612 60
3259 1281
3517 1603
4362 1292
5252 189
4955 140
5007 140
210 200
2392 502
4790 1131
5884 103
185 966
2531 45
3577 1146
4026 103
270 200
310 2
312 1236
563 1140
2470 1670
2549 777
4358 45
2656 501
3542 1301
6027 1430
6239 1549
1290 1413
2433 60
2693 864
451 1596
4325 1283
5924 1185
424 1201
1591 1549
2486 777
4344 1289
732 252
4698 1389
5716 708
5747 1314
733 134
4972 188
5228 1670
2649 87
2919 1159
5559 1011
5635 1519
5090 1535
2401 92
487 189
1141 265
2247 601
2839 757
2980 1159
4116 1316
4173 1115
2008 206
2383 502
2790 1098
3013 322
1337 1413
3895 48
4598 1000
1359 1429
2602 36
2938 1159
3382 527
4170 77
4292 1115
4796 119
4895 512
2662 116
4048 189
4622 2
4696 0
5327 192
1254 1469
2803 61
2494 757
2737 601
4191 1672
4384 1292
6208 1549
4065 192
5064 192
5232 1091
305 228
1289 1127
205 103
5396 1086
246 1549
2804 714
5123 1496
2611 96
3643 626
4311 50
6108 1
39 10
3428 1146
4812 302
2864 72
2897 1159
3640 1236
474 1368
812 274
1004 267
2658 502
3129 1333
5997 1419
11 1335
1769 1
2853 1159
5019 771
6094 1465
2548 757
5039 187
2553 502
3448 1531
2335 116
5517 129
797 1367
856 1100
2598 56
3155 1023
1576 193
2327 502
3132 552
3306 1281
4004 20
2597 96
2606 757
6060 132
1136 1308
2826 575
3513 707
1984 1465
4092 147
5165 1275
5836 1530
5974 1442
5935 1419
2551 60
4652 1304
4781 1000
5430 1000
104 77
264 200
1598 132
5913 1535
6023 1431
6083 1236
3805 756
5125 1553
5917 1449
357 106
2652 96
2774 615
5903 1407
478 1522
708 132
2609 50
2881 1159
4717 2
4846 1630
5015 1292
5267 1292
5361 1308
6227 196
2476 1600
2613 116
4488 111
2495 883
3256 1146
3340 206
4343 1281
4627 1592
3462 1146
5186 1305
5892 1513
1028 1535
2436 1333
5304 1519
768 1429
3603 310
318 1023
6264 1432
3738 1630
3957 228
4559 1592
4596 347
651 1535
1115 1409
4172 1115
4695 591
3098 1159
4207 95
4835 265
4904 147
530 189
4364 1292
2496 72
2591 45
2916 1159
3308 1146
5078 1313
6204 132
158 1294
1061 1519
1116 1450
2325 502
2796 68
435 242
578 1498
1052 1236
3583 1430
4171 1292
2248 502
2493 502
2559 615
5502 192
5975 1185
2543 68
5868 119
2445 757
2829 1519
2884 376
3658 1
4731 1165
5168 1519
752 1367
1142 1261
4192 1670
1156 1535
3789 1630
5362 189
557 1289
769 140
3477 1549
2834 502
5931 192
342 565
4031 200
5532 1492
5686 189
6126 261
5587 1596
122 952
2879 1159
243 1236
306 1236
845 262
2707 61
4871 1346
5246 72
5460 1091
5482 1519
341 1325
1747 1236
2725 23
2761 36
4917 1443
2705 96
3591 1550
6053 187
218 1486
1191 1549
2937 1159
4750 1174
2388 502
2917 1159
5834 1275
6145 134
760 565
2769 502
4767 1304
5052 1146
547 199
570 1140
2801 535
3918 48
4709 1379
882 1429
2648 87
2697 50
2927 1053
3140 1159
5157 1109
147 1048
1179 103
2425 68
2590 45
2763 96
5656 1519
545 1136
2427 56
2754 864
4768 1174
6015 1407
6021 132
759 1413
1147 267
2922 498
3173 527
5763 375
6234 196
3536 1140
3675 1426
197 147
3254 1146
1386 1413
2175 96
2378 56
2657 501
2736 96
2750 1379
2806 60
3851 410
5099 1126
3461 1140
3525 1082
4291 1292
5116 1522
5750 708
2601 68
2654 714
4443 18
2249 502
2734 502
3143 1466
3309 1281
3553 707
3999 40
4827 520
5414 187
193 1549
405 196
456 1234
2430 96
2440 502
2770 91
2899 1159
6193 1519
344 1487
359 1146
1048 1245
2304 56
2532 1670
3852 410
1320 588
2491 1333
3003 1159
3426 1146
3673 1419
5287 1131
472 255
3546 1434
3810 1236
2254 534
2330 502
2735 60
355 1131
2545 87
4009 14
5261 140
5279 132
4266 1111
1577 796
2544 87
2882 1159
6095 1444
529 192
4132 1305
352 1313
2561 116
1101 1434
4494 181
1270 1429
1612 1550
4744 260
5072 777
2726 46
3416 1531
4834 1375
2178 601
2237 502
2838 602
3655 1574
4934 1345
5600 1112
374 147
4169 1289
5163 1367
5961 1340
6073 1519
279 1136
1517 1261
2315 1333
2389 96
3222 1519
3316 1496
3444 527
4011 53
5851 103
551 1248
2424 49
2867 1557
4769 1631
4935 1566
5450 1292
60 1146
2696 68
2873 481
5419 196
824 284
2542 68
3073 1159
5922 1419
5983 1482
503 1118
956 264
2368 1146
3820 614
5919 13
559 129
2421 37
5455 1443
5991 1041
363 708
1024 236
2972 578
3223 1513
4670 134
5956 1385
337 1504
483 189
2698 36
4902 1220
6128 147
762 60
903 1195
3465 1316
5087 95
366 227
2316 59
2661 116
3613 504
4255 147
5381 565
17 476
2395 1316
2541 68
2773 757
4077 1621
2336 757
2728 50
2771 584
2979 1159
4795 1446
5943 1477
3429 707
4999 1409
5024 415
156 855
3575 1140
4008 20
4162 553
5535 1549
2557 116
2640 1146
3476 1732
4322 1292
5184 1346
421 227
3406 778
375 708
2239 502
2489 502
2830 1269
4682 1245
5133 140
6144 265
2385 502
3217 1526
4253 1192
4692 1178
376 96
3115 1023
5081 134
5639 1103
3374 708
4215 553
5439 132
6223 199
448 231
2324 502
2429 96
3910 757
5838 1272
5888 1380
6248 1630
425 231
2935 126
3563 1185
3861 410
4628 1169
5091 1126
5988 1380
331 1275
427 1385
2877 1159
3841 1549
3917 714
572 1140
2934 600
254 122
2232 56
2250 1333
2556 116
2918 1159
3172 796
2371 68
2473 77
2731 56
2836 502
3803 756
2525 23
227 1095
825 1302
1081 1269
2702 96
2755 1671
3071 1151
3674 310
6109 638
2739 584
2822 1159
3549 230
4228 1316
6235 1630
4501 1592
5121 1124
455 1549
1313 1413
2434 73
4976 192
5255 777
371 59
1131 189
346 1352
2370 56
2800 502
3029 1474
4125 1243
4734 1630
4829 390
5085 96
498 137
2550 1670
3850 756
4370 1292
5089 1371
1625 189
3118 230
3262 1146
387 1178
1496 1171
2558 98
5305 132
6148 608
274 132
872 1406
3925 1584
5178 228
2393 502
2599 56
3582 881
3653 1462
5642 732
5981 1346
525 1367
2595 56
2857 1159
2907 1513
3570 1434
3594 1066
3708 1419
3920 757
3993 1621
4309 129
85 787
2498 615
2619 1733
3561 1202
5018 1237
5597 1632
1773 389
4732 1415
4925 1551
5866 1340
3612 629
3705 1168
3726 1039
5321 1206
5606 1236
171 997
1958 1465
2655 476
3537 1140
3836 451
5670 1183
5941 462
252 196
517 1549
2660 535
2951 1090
3205 707
5010 147
6106 1476
235 1201
2443 601
3236 1143
3358 565
3545 711
4216 95
4737 1413
5206 1499
5833 1178
356 1269
381 1100
2409 1662
2441 501
2610 502
5245 1581
2809 757
4700 1034
5013 188
181 1381
438 224
2608 60
2709 601
6005 132
6113 140
2487 633
3307 1519
5115 147
293 1175
1852 140
1973 1269
4189 1519
5427 18
549 1139
4894 1043
3720 181
5920 1549
6052 228
3101 267
3853 451
3859 1072
4157 1243
6241 1075
22 172
266 153
506 192
2898 1159
3913 777
4159 776
4891 1465
3460 1146
3677 623
4176 1621
397 1513
1140 147
2760 96
5797 192
212 119
1471 244
2680 43
4979 188
1110 1438
1322 84
2516 15
2816 507
3463 1281
2396 1316
2423 37
2824 1184
3615 425
4163 126
4185 126
4704 1475
4830 390
5934 316
347 1262
2756 1671
4546 252
4963 1519
5468 1596
5569 200
5749 1282
978 771
3376 1316
4864 1100
766 1319
2714 798
3305 707
5481 1325
5589 113
743 234
1637 1447
2242 1146
6044 1332
103 76
273 1236
1676 192
2241 1316
2380 96
2757 997
4677 1001
4980 1300
105 997
275 1237
569 1139
2061 366
2751 610
2814 409
2874 1090
2173 96
2638 64
2818 1151
2946 527
3973 602
3974 602
4651 1184
5043 132
2862 1333
3111 1023
5106 230
5227 1145
5309 1369
581 1140
2390 1333
2438 602
2442 602
3209 1146
3347 580
4794 1379
5284 1292
5475 267
6190 633
4220 1106
5466 1315
6100 1461
539 192
1014 255
2953 1152
3321 1466
3383 527
3898 503
4485 1549
5119 629
6009 1719
345 1292
1241 1362
2244 777
2762 56
3339 1146
5195 1292
5893 1419
3697 274
4918 1549
6087 188
468 1118
1190 1566
1374 273
1445 140
1716 1528
3821 451
6105 182
494 132
819 1073
1658 103
3822 614
384 147
4712 1074
5066 77
546 147
761 1310
2644 75
3126 1637
4095 1269
4211 51
4357 175
5146 189
6043 1192
2184 527
3390 1735
3490 855
4316 1280
4820 1367
3694 1381
4815 189
5655 1210
765 1313
1133 1178
2256 1316
2562 116
3529 1434
910 1262
2817 1151
3097 1159
4716 1332
5194 177
2 146
382 1126
482 511
698 1707
2552 601
5144 129
89 944
2258 502
2488 501
3049 1152
4674 1000
5150 1140
5775 1275
5820 132
2546 106
2858 297
2920 1231
3504 265
3587 188
3874 503
4310 1324
4911 200
5242 1292
5652 580
261 228
1015 420
1253 1538
3255 1281
4597 1211
6036 1539
2083 1146
2397 601
5500 1236
1228 1413
3230 1175
211 147
429 231
2384 502
2699 36
3022 227
3949 1171
6048 192
601 1497
1129 1246
2847 459
4859 426
6118 1686
6197 1227
1936 1371
2732 96
3417 1735
4091 1549
4931 1735
5673 608
191 1272
1235 1413
2527 997
3168 1146
4150 553
5118 1043
2255 1333
3250 1637
4449 630
4751 1630
5787 1549
5921 1385
154 944
223 1549
2314 502
2326 714
2398 502
2410 1653
3199 944
3979 14
5110 1143
5714 199
439 244
1171 1176
2372 96
2560 615
3616 966
4214 553
4703 1367
5011 1023
5621 1571
5811 1442
2517 54
3218 496
3328 1023
3896 48
4814 1646
5628 1196
2179 502
2320 502
4319 1526
2318 502
3576 805
3785 410
3860 1308
5663 1302
1306 258
1491 898
1681 1587
2614 757
2808 72
3427 1281
3639 324
3875 1575
582 132
699 1409
804 1234
1727 629
2379 96
2399 502
4027 1519
4998 1576
5955 711
1295 1120
3257 1281
3385 189
3518 881
3704 1631
4434 630
4855 319
5185 1469
5605 1131
6191 137
6260 1131
1393 1441
2529 864
3600 390
3607 1528
5844 1131
159 929
307 1528
370 51
959 267
1178 708
2593 77
3407 1594
3597 1146
4676 187
707 140
1707 1550
1972 1300
2913 1090
3623 683
6179 1531
1105 1552
1373 771
1585 192
2334 80
2573 1369
3327 1512
3392 230
3834 756
4932 1245
5471 1292
230 1538
2827 1566
194 1236
413 1413
3311 1316
4511 1245
4811 1519
434 1158
1935 1211
1417 203
2832 96
2921 1231
3338 452
3544 1550
3818 1468
3966 1653
4396 714
1659 1499
2691 76
200 1237
239 640
399 1337
1375 1409
2386 601
2450 1662
2729 36
2752 46
2945 287
3499 554
4780 1430
5098 630
6037 319
452 125
640 1171
1934 181
3585 292
5879 1469
6249 1213
775 660
2238 502
2578 1668
2600 1665
2727 1670
2748 4
4029 1679
4269 1231
1380 1352
2585 15
3033 322
4198 95
4701 224
101 971
2357 1146
2439 502
2526 43
2685 23
2724 441
3296 201
3659 309
3933 1236
5531 1243
5780 1133
309 1504
1384 252
2574 1243
3103 1175
3139 227
3318 865
5097 147
5798 140
6032 1407
675 1694
916 1236
1580 1530
2437 601
3050 227
4718 1475
214 1236
509 1375
852 777
1247 1413
2645 75
3491 1574
4865 1227
5661 1202
2243 502
2391 1316
2582 952
2710 714
3835 410
1809 137
3047 1499
5620 1621
5996 147
879 470
2533 997
2555 883
3176 64
3858 1398
4648 1314
5802 2
6220 167
544 1463
2636 23
3485 708
4305 1498
4657 1350
420 146
712 226
730 1207
2224 36
3165 944
3719 1715
4366 1326
6153 1136
183 1282
2161 76
2511 1662
2537 106
2872 1412
3292 230
3521 390
3541 882
6047 1519
50 993
538 1389
2180 50
2519 535
2528 77
5239 1140
5301 1280
5772 1047
6014 1379
2444 615
2538 106
4328 608
207 1178
296 1549
550 132
2449 1668
3203 944
5610 132
6076 192
469 1118
1057 1549
1397 1535
1411 1367
4679 1475
4832 1381
5759 897
1408 511
3207 708
6189 115
196 186
361 971
1938 1192
2811 1048
4115 1305
5196 1136
5972 1395
139 137
241 1549
587 1671
2300 864
3323 1466
3359 192
3393 1637
3625 641
2332 535
2684 1008
3251 944
3449 1735
4912 159
5704 192
37 76
649 242
1661 1735
2883 1159
4131 1549
1187 1366
1350 276
2738 502
3400 708
5079 1313
5224 1531
5353 1131
6171 196
354 146
3908 757
5634 1519
2284 1146
2459 43
4699 1040
5760 897
242 1236
3324 188
3690 1301
3712 421
1647 565
3179 1454
3487 708
3679 1473
4134 1305
4533 1248
520 1549
1298 199
2478 96
3048 1090
4234 332
5108 1236
20 11
2453 1668
2539 106
3142 1504
3145 159
3147 1735
3253 944
5990 1202
6244 328
1159 1735
2686 15
2753 24
3032 186
3809 1378
4174 883
5933 1407
1001 367
1027 1549
2758 76
3275 126
5159 1325
410 1380
450 1220
953 708
2960 122
3152 230
302 367
891 1732
1283 1519
1476 1472
3774 410
4516 276
5448 103
221 2
932 1236
1629 298
2681 43
2957 1159
3121 1637
3171 136
4825 629
709 757
2329 502
3286 188
4007 20
4094 1256
4784 1337
6240 1236
38 43
234 45
1033 1519
2460 23
3722 1449
5071 714
5164 147
5480 1549
2506 1245
2930 402
3879 1236
3958 196
4205 1341
4831 1430
5437 615
2381 96
2692 75
3404 757
6214 1337
2466 23
2708 601
3342 1146
4950 167
5020 582
6107 1021
18 14
2986 972
3181 159
3344 504
3389 1735
3558 1532
3757 5
3866 866
5398 106
6096 1647
311 203
1937 367
2331 535
3620 711
4413 1272
4617 1248
6119 103
919 1362
2229 96
2413 954
2651 36
4206 194
4330 1292
4650 426
2507 1337
2893 1090
3227 1175
3703 1010
5397 1289
74 1006
1042 1429
1606 1273
1609 490
1620 265
2308 96
2689 15
4369 175
4514 7
5465 103
496 1367
2687 43
3233 1735
3261 708
5877 708
6050 189
44 586
4225 1078
304 1236
565 1305
2435 714
2497 1311
2859 1098
2992 1104
3345 1146
3868 733
4249 229
4839 985
5254 679
6138 1668
201 1344
664 662
2428 36
2500 1557
2540 68
2664 929
4591 1549
4735 426
6228 318
467 1451
711 274
1948 1269
2369 1671
2400 757
2690 43
3284 1175
3362 1472
417 231
444 167
801 1236
1065 1367
2251 601
2474 997
2568 1164
3826 1282
4828 1431
87 37
165 106
1012 708
1122 1523
1345 1409
2231 36
2323 502
2502 1693
3346 1574
3737 342
4375 210
4941 122
5740 132
238 1549
313 1528
362 1357
2338 1670
3304 1146
3341 1600
3502 1547
3862 993
4313 1434
4851 122
5256 105
6205 1647
339 1512
1093 1265
2091 15
2174 96
2928 1048
4133 614
4620 1407
515 1419
1665 260
2259 192
2303 68
2479 56
3893 503
4143 1227
2637 172
2749 1465
3204 944
3331 1023
4276 74
5202 43
6139 1668
195 1735
2319 502
2475 106
2841 1557
3581 99
3663 421
3696 1047
3942 267
4542 1592
5017 226
5568 147
5744 927
3938 1584
4997 192
5807 309
6026 181
960 260
2592 997
3078 1104
3413 126
3618 1447
3856 33
5930 1212
786 1420
1083 1370
2111 1109
2394 502
2510 1653
2583 1029
3167 1333
3365 278
3464 615
3919 757
4711 1192
4853 1100
5103 61
6229 828
1056 1523
2594 76
2632 1653
3628 1091
5244 172
5247 234
5582 575
1949 576
2828 1332
2976 1090
4109 1621
5042 367
272 1136
1062 1526
2581 24
3430 61
281 132
430 132
507 1100
1189 1218
2534 997
2580 1653
2639 43
3008 1104
3192 1637
4876 1005
5979 682
6181 96
1581 1647
2144 54
2791 1222
3208 1146
3303 944
6079 297
2022 1653
2458 43
3037 1735
4517 181
5447 173
889 1680
1622 1379
2480 96
2975 1090
3010 1231
4671 260
4739 274
4858 181
5574 1708
51 839
790 262
1891 357
1932 1449
2310 96
4193 776
1715 1261
3584 1301
476 140
2328 502
2377 68
2631 1668
5283 1140
2171 68
3178 1499
3637 1615
3676 481
4985 1346
5063 1371
117 120
172 983
192 1192
422 736
1213 1241
2169 1600
3935 48
4238 1272
4515 1178
5757 1546
703 1091
742 1549
1743 515
2589 1670
2641 1029
3360 1535
4203 1491
130 48
590 1123
1173 902
1838 1192
2128 1653
2203 1259
2503 516
2566 586
2963 1650
4409 174
5231 1442
993 266
2603 106
2799 87
3287 1735
3488 757
4340 1262
5627 186
5860 1549
49 803
977 200
1796 305
2278 1662
2321 502
2570 896
3343 615
3890 1218
5217 199
5525 1469
6011 608
290 1171
470 491
513 1462
3068 336
4179 1243
106 107
170 106
1119 1241
1746 1513
2422 106
2815 1459
3739 1321
5524 147
2177 68
2892 4
4122 1044
4267 1231
4300 1256
4981 515
5771 1039
697 907
3375 757
3402 708
3889 1131
4349 1269
4720 145
2634 64
2988 1036
4089 1621
4217 579
4983 1566
5503 1122
332 1044
1127 252
1198 1421
5442 1420
5873 711
5982 1335
1627 1389
2405 1668
3031 1104
3425 944
3617 1379
677 970
2337 582
2471 997
3758 84
3844 1419
4222 1272
5682 1424
231 1275
446 265
1694 1486
2888 143
3367 1637
4259 132
5086 1589
6075 1420
1157 902
6072 1471
6150 1565
1770 189
2964 791
2991 1192
3372 1146
3420 230
3489 504
5316 132
5617 1161
663 1545
734 254
777 615
2457 1668
2596 87
3604 324
4186 1231
6136 1245
338 1498
621 582
2305 96
385 1234
458 1241
794 827
1304 276
2245 633
3377 855
3493 69
5105 189
5915 248
6168 771
1312 677
1490 1176
2524 172
2535 37
3361 582
443 883
505 103
3915 757
4755 147
4915 122
5366 516
5543 1596
2792 1364
3401 1146
3906 140
4184 52
4414 733
911 18
2253 502
2472 1670
4285 1498
5096 1352
120 945
257 1131
1371 1630
1546 1444
1644 1728
2309 96
3184 1512
3580 1615
6172 132
276 1475
501 1469
1201 140
2477 1671
2621 645
3228 159
4107 776
4200 194
660 236
1564 787
2403 1596
3220 15
5172 1183
5498 200
6143 1596
1066 266
2313 68
3285 1466
4251 1241
160 82
369 1033
2223 864
2587 43
3072 445
3289 1269
5769 897
283 1184
453 732
840 1089
1177 1519
1207 1489
4534 630
5948 1236
388 241
1723 400
4332 1163
4360 1289
477 140
531 1398
741 192
1031 552
1329 548
2780 460
3146 159
3231 661
3880 476
3940 1668
203 472
2027 1653
2298 997
5128 187
5147 1022
5809 1596
1211 1475
1619 412
1710 598
2133 1662
4422 228
528 1549
926 167
1682 1362
3159 1637
3312 1146
3683 421
5476 658
5560 660
3243 1637
3596 1136
5151 217
5461 1421
27 716
155 944
406 1469
2360 23
4560 1566
409 1282
929 268
987 236
1153 1547
3180 1175
756 1289
844 262
3593 697
4250 1231
4280 1434
4478 1367
6097 74
1679 753
2688 43
4145 1621
328 1666
1739 1599
2168 106
3162 1637
3662 1091
4920 122
787 1576
1144 1373
1286 1055
1623 324
2376 1600
2617 118
3075 159
3198 1637
6110 712
2181 1519
3956 1352
5629 1519
336 1289
1095 226
2209 23
2999 528
3916 48
4380 252
6137 1308
541 1469
1030 1519
1268 1547
1919 1348
3524 1296
4219 1687
5000 1475
6024 1212
1250 276
2635 43
2860 1202
3503 1549
3516 69
4860 629
5793 1234
1143 18
2747 4
2987 1104
3226 189
3995 1620
5407 1334
6013 1043
6182 997
1649 129
2831 1670
3755 711
3998 20
4103 1621
1114 1161
2176 87
3633 1201
5109 1104
5536 1571
543 1300
3028 972
3077 159
3559 1164
3750 1699
4655 1352
5335 1413
5939 192
5976 1063
6004 1276
6202 227
658 1366
798 727
1036 595
2167 1671
2406 1668
2417 46
2740 979
2219 864
4359 1630
5660 223
6201 10
591 999
1422 274
3432 1574
3614 554
298 147
2354 1146
2467 15
2523 535
3044 697
3468 464
4555 1512
2382 87
2694 35
3601 188
3642 1134
4199 865
5624 712
5907 413
333 1300
900 1227
1989 1653
4244 790
6226 1180
1584 262
2465 23
3105 1735
3280 613
5585 1475
5891 196
666 683
2252 502
2387 535
2942 1203
4879 1469
5662 319
15 62
162 1671
2134 1669
2848 468
2870 1459
2954 972
4747 1447
5391 1224
5539 51
83 938
297 1160
454 494
647 1409
1185 267
1231 1236
2060 512
2627 1668
4181 1620
4275 301
4408 172
5006 1305
5761 947
810 1211
818 1173
3270 1662
3572 542
3787 1212
4183 52
6151 234
303 129
360 1282
988 333
1348 1361
1950 392
2077 1653
2217 76
2218 115
2679 1653
3310 106
4252 1241
5049 37
5417 1501
217 1512
386 1296
1163 273
3144 189
3710 1183
4649 1381
5104 1193
5550 1424
2099 53
3337 1146
3351 854
3415 1576
3606 1429
4175 1501
4243 601
2009 1261
2776 999
4906 1549
5630 1099
5785 1551
5992 1413
182 1132
606 685
980 1565
1336 1272
2155 15
3573 45
3646 1419
4168 120
6250 1165
1379 1131
2630 1653
2925 613
4321 1310
5141 1085
5411 1224
258 1222
1050 252
1578 562
2043 1266
3211 1357
3379 528
4336 1498
4398 1282
4777 228
4787 512
5041 1585
5978 592
71 1311
558 1078
1113 1362
2482 1600
3369 1637
4164 732
84 565
404 1178
648 237
1063 1596
1236 247
1299 1295
1924 1483
3187 1368
3302 1239
5364 739
6002 395
291 1131
292 1075
2226 96
3442 1023
4302 1289
340 234
395 1234
426 1000
2643 29
3057 1472
3443 1295
3699 708
4114 18
464 1034
1477 1513
1988 1653
3017 1735
3678 1192
3824 1372
4708 1379
4816 1295
5764 965
884 623
2622 1422
3831 1448
521 1413
2236 56
3099 1454
4279 1549
5413 132
33 888
542 191
1169 1090
2671 607
2676 1193
3373 707
5818 1247
6213 1676
461 189
1767 1198
3403 757
3892 601
3909 1679
5649 1075
3980 1481
4260 540
4373 1269
4673 1407
5573 1190
6055 1732
208 1236
1256 1233
1855 346
2164 997
4847 1486
199 1462
2373 87
2374 96
2447 1557
3605 362
3671 966
4002 1352
4295 1551
4946 1346
2414 1146
3872 925
4047 266
4987 103
5462 1337
5608 1446
1396 422
2365 46
3035 1735
3619 1545
4081 1137
5032 1321
3263 615
3977 1657
4966 1049
704 128
1208 1538
1995 752
3277 1523
3884 601
5369 661
6001 1480
2359 1029
5520 140
6141 132
180 1412
228 210
1199 183
2483 602
2536 106
2784 1307
2866 741
4161 776
523 1118
673 992
3019 351
3668 1594
3899 1123
4005 54
4306 1591
5541 575
5865 1151
986 262
3474 582
5607 580
245 1272
449 1434
2285 1146
2968 1186
3053 972
3515 883
4382 1379
4974 278
5685 1120
2468 476
2923 1237
2939 1176
2990 1104
3246 1273
3547 1429
3688 69
4783 1222
5940 829
5966 1336
6098 333
6167 1316
914 274
1511 1233
1648 1599
2296 43
2418 1671
3315 1496
3734 1321
4130 1472
4778 630
2301 96
2481 106
3453 1503
4618 469
1054 1420
1284 1592
1663 892
2118 528
2293 952
4113 1322
5216 132
490 1420
1388 1236
3195 1637
3864 892
5664 844
499 445
1341 1267
1749 504
2205 23
2297 77
3052 972
319 1471
1503 565
1805 1513
2446 1697
2451 1662
2723 43
3119 1637
5565 575
5588 1136
186 626
5648 1646
5665 1646
6129 697
151 100
994 1236
1735 515
2584 1670
4873 608
4874 1375
5355 140
5768 494
1398 173
2895 356
3018 1735
3102 159
3568 126
6035 183
175 1005
650 92
1892 1415
2115 437
2629 1668
10 194
682 641
1029 1535
1391 1472
1740 1630
1868 1388
2282 1653
2996 1446
3089 1637
3265 757
3589 223
4323 1511
6054 1548
326 871
534 203
2890 515
5009 1131
5717 132
282 1361
738 193
934 112
1323 1469
2201 1662
809 192
1675 1241
1797 1548
2172 96
2311 96
3455 1637
391 1234
943 594
1583 892
2572 3
4410 740
440 511
3398 944
63 839
871 1196
1911 571
2055 23
3100 677
3784 871
5843 1530
5845 1272
6124 1304
437 226
1689 265
2642 172
5203 1137
5562 1361
5653 470
5901 1345
173 732
607 1033
1226 1523
1813 463
2375 106
2985 972
3526 1225
5647 13
609 237
2362 768
2843 634
4368 966
4813 319
88 944
423 1499
1021 1131
1193 1469
2793 48
3922 766
5365 109
694 1728
1230 663
2616 1164
3684 421
4886 1088
5477 554
2207 952
2586 952
2965 1104
3183 1512
3599 1690
4236 259
131 59
2521 43
5082 187
842 1708
6066 309
6215 187
1221 1522
1660 776
1693 483
2508 1662
3030 159
4395 234
5513 1369
2170 87
2623 1422
3041 1389
4506 1121
4759 903
189 1549
4307 1269
4376 706
5944 1735
1278 159
2078 1662
2663 1585
3274 1169
2911 1422
3574 2
3648 351
4282 1231
5342 296
3608 231
3670 1615
5995 1523
14 1314
209 2
1748 310
1967 1316
2962 1295
2974 1475
3016 1192
3104 1735
3107 1512
5400 259
3523 619
3629 11
3743 897
560 1292
1017 1720
1148 147
2261 0
2947 387
2971 1295
3004 236
3433 827
4450 1547
402 1531
526 972
886 276
1523 262
2165 45
2682 23
2781 1591
3439 609
4245 1204
4510 459
1594 69
1616 446
2431 36
3148 661
3414 709
3571 1315
4231 715
5895 1477
250 193
991 203
1394 258
1419 1631
1474 1488
2213 1281
2412 441
3467 791
4806 1694
6030 761
460 103
1401 1286
2299 77
2931 468
4278 1111
431 1199
1692 661
3301 1637
3435 712
3609 1386
4351 1229
5839 454
28 1312
308 1162
1344 685
2455 1668
2746 468
4355 961
5849 500
6101 132
188 84
2001 15
3660 549
4988 1209
4996 189
168 1655
2002 21
2131 1653
2162 864
2982 1674
3364 1368
4371 1325
21 1312
471 1420
2419 43
2961 1104
4304 1500
5925 1348
287 122
1146 1663
3497 1236
554 194
1118 575
1575 262
3042 243
5286 105
1172 512
1392 1549
3313 732
4659 629
289 1728
567 1531
1184 1538
1960 336
2408 1653
3839 267
4229 50
6259 1735
933 18
1045 1131
1726 1294
2021 1668
3519 929
4165 681
5473 267
5765 947
894 685
936 166
970 309
1443 1129
2456 752
2464 1722
2966 1203
3133 549
3137 1526
4877 134
5405 248
1274 280
1803 444
2411 1653
3921 208
1604 1367
2520 43
4212 233
4352 1292
1376 182
2402 92
2967 1104
3804 1357
4066 196
26 1672
1656 1209
2711 1615
2902 126
3059 1735
3470 1615
4000 1612
5452 1551
236 1429
1922 357
2288 1262
2353 752
4075 1568
5984 549
6121 258
206 839
1975 1686
4738 103
5451 367
1969 1316
2092 23
3095 1519
82 64
1013 495
1772 611
2228 96
2270 444
2905 1735
3335 1146
3724 463
4653 1074
4973 1322
3293 277
3579 1574
4807 591
5773 696
6058 1243
2910 645
3451 278
5499 1429
5508 1171
5746 1314
5872 1328
6012 1377
6069 1040
229 677
411 1487
2355 15
3264 1600
5312 1292
6 194
802 1529
1251 660
3060 1735
3418 1503
4862 929
161 172
248 1727
2230 56
433 1421
957 274
1220 1231
1636 1361
1680 1587
3034 1735
4919 1345
390 1549
1139 1234
1799 1321
2235 96
2452 1668
3354 690
5770 1039
6232 1166
249 1504
968 1076
1794 622
2233 96
2302 106
3624 1152
3700 979
1361 255
3011 1231
3076 1472
3127 892
3770 871
5666 1719
6170 1140
627 238
737 1529
1020 165
2579 753
3054 194
5677 595
814 443
1181 367
2307 96
3881 49
4059 194
4557 549
314 527
1377 1370
1559 838
2225 96
3548 1024
3777 1211
4719 1171
4905 300
679 1367
1702 358
3015 1206
5826 126
6123 1308
1368 712
1568 562
2017 1149
3842 1199
4265 1272
0 1033
597 238
1059 103
1106 2
2926 313
3756 429
4338 1498
4447 575
5960 186
6161 1247
224 1687
2356 944
4290 129
91 993
288 1728
301 102
723 1136
1023 161
2515 1662
4616 83
317 661
364 175
3237 166
594 543
3946 788
3988 1620
1687 796
2667 93
3229 1231
3446 1732
4594 1212
5472 1036
3701 1551
3718 1360
4160 929
5782 192
635 137
873 1178
1168 189
1654 967
3357 255
3873 892
5681 181
1292 1500
1719 752
1798 980
3063 230
3325 661
3817 871
4105 1227
5603 305
6262 289
121 1665
398 1234
2110 233
2306 96
3934 1003
4957 1366
5410 1306
3855 925
4296 1111
5120 1501
163 864
731 1635
2944 398
3837 602
2041 75
2196 1653
2199 1565
3469 1676
4196 1454
12 1694
2420 23
3012 498
3410 535
4721 1395
2222 66
3193 892
3664 463
4880 1275
5076 553
2743 1296
3039 1735
3094 112
4213 1689
109 978
636 1053
2000 1316
2973 147
5592 1599
5692 1437
6056 1055
595 242
1741 1600
2569 573
4805 1171
1711 808
1742 530
1750 237
1933 323
2366 44
3234 251
5994 1230
6112 897
6224 1155
219 10
400 1287
1433 557
1966 1653
5916 1381
1370 663
1691 1337
1785 444
5171 1630
5609 1348
5687 186
2206 23
2683 15
4262 608
5299 967
78 1342
335 1078
3441 1125
5292 244
142 57
1357 1549
1634 1483
2080 753
3083 251
123 1600
262 119
408 119
774 1352
778 1144
1418 47
2086 23
3320 1175
5580 1486
5823 1126
602 1503
874 1516
1614 750
2050 1722
2141 23
2339 1693
3733 1621
3854 925
4281 1111
1070 1191
2903 1424
3894 476
3972 1041
4833 1545
6211 1419
661 189
763 262
2212 1259
3014 1399
3322 1175
4435 1501
4707 187
5189 1442
5363 964
751 1600
2163 997
2286 43
2628 1653
2744 460
4600 902
5385 1212
6028 1267
144 1589
1618 466
2407 753
2469 77
2812 1733
4604 575
4753 1395
4926 1272
5233 27
1551 565
1985 299
3378 1335
5340 1306
6045 1275
6252 1367
1176 1648
2722 1671
3163 892
3702 806
3332 278
592 172
876 1161
1217 873
1315 1198
1356 236
1672 1587
3943 1575
4010 20
5762 1353
6071 1182
1372 1549
2154 15
2509 1668
2713 779
2984 1186
6263 205
174 970
745 595
1923 1303
2035 1722
3080 1735
4465 556
5193 188
233 1272
1296 1523
1571 476
1611 1363
1671 889
2576 11
2673 1466
4195 1500
4289 990
4678 1469
937 1203
1835 1389
2062 1434
2234 96
2672 1471
3090 1256
3473 471
3550 1389
4209 259
5491 1515
6246 202
793 344
1378 1414
1908 1476
1971 1250
2029 1316
3867 732
3986 1668
4100 1720
6149 1136
240 190
600 1732
1441 1139
2717 1676
4406 1211
4903 140
5008 663
5719 1194
537 238
610 1732
716 238
755 732
836 12
1699 565
2076 1662
5102 1679
5169 771
5962 1503
1364 1332
2221 77
2844 1585
2889 1010
3691 1379
4848 1684
5458 1501
98 1313
599 5
1959 1636
3996 1612
4888 278
5882 1377
540 1447
1008 526
1018 167
1640 1595
1768 1220
2227 96
2312 56
3157 1637
3475 1471
3645 1051
3912 100
4377 476
837 27
1161 1535
2577 1668
59 1722
583 168
1402 1315
4270 1241
5633 423
6160 915
6200 1676
213 1482
269 1201
1646 811
1722 213
3271 1261
3773 871
140 806
665 221
684 1725
827 1436
830 1089
2363 944
2778 595
3686 806
5698 1131
5825 1377
1464 566
1847 1383
1880 571
2499 1312
3043 1482
4079 1362
5111 1379
5736 502
770 686
1447 1695
2948 1123
3735 1412
3840 1407
5658 1131
5735 1314
863 280
1310 848
1613 591
3882 601
4466 1366
5425 61
1890 196
2202 1259
2294 172
3698 203
3823 925
3969 42
5230 1442
5590 63
5810 1652
484 1513
1277 267
1335 553
1999 1250
2501 99
3846 871
4964 609
672 1347
897 278
1252 1537
2345 1389
2668 1048
3272 594
5435 1306
5926 1247
6192 375
284 708
508 241
721 1724
1653 794
2924 1388
3387 1726
6070 1089
68 1319
145 916
394 238
669 1528
1076 1237
1821 1612
3046 971
3150 1472
3740 1647
3806 1211
4155 1045
135 839
167 1364
518 1726
718 504
950 1523
1085 420
1587 1029
3064 251
3634 1519
4654 1301
5644 1041
5671 1203
72 944
102 172
137 602
982 659
1567 241
1703 808
3386 1726
4141 1275
4232 1224
5745 449
377 1490
805 237
1729 1326
4197 553
4842 1389
5016 447
5268 1194
327 1369
1410 4
2788 1350
3380 41
3522 1227
4929 278
817 1488
1363 355
2129 1653
2789 1090
3112 1637
3669 927
3833 871
4464 1383
1951 1220
2351 1250
2563 506
3482 1637
6046 540
2132 1662
2220 997
2742 109
3005 1421
5345 1001
5616 1236
76 839
1630 1276
2140 21
3682 1091
3695 364
177 101
2352 1668
3086 1595
4233 95
4402 740
5211 1388
5563 1337
838 306
2142 23
4342 1123
65 1672
1098 153
2030 1146
4119 1044
4237 1272
4749 1491
5614 1335
5774 1556
2031 1722
2618 645
3450 229
5124 1424
6255 259
125 35
351 632
924 140
1349 266
30 1312
829 448
2505 109
3009 188
3120 1256
5314 903
1655 156
4869 209
5758 1046
6127 259
396 1514
632 1350
1282 669
1921 196
3941 1620
259 947
277 1499
403 266
853 1022
1579 1273
2850 121
3936 212
938 629
1940 1684
2137 1653
2266 421
3832 871
3970 54
4329 1262
1216 271
1465 1207
1544 262
2081 1653
2454 753
2901 1014
3182 1472
3528 1471
3929 761
4887 244
5154 1479
6251 367
260 1053
1762 1371
2138 1316
3051 18
3562 1215
3914 757
3991 535
5509 1566
696 239
979 1429
1128 129
1287 1547
1669 1144
2675 561
3006 578
5100 1089
253 102
255 271
622 1728
806 375
888 470
962 265
1269 1421
2970 364
3775 132
839 1551
1044 1576
1479 80
1570 72
1811 421
5883 1150
643 1400
945 348
996 494
1154 228
4582 1050
4632 619
5718 1275
5887 1578
618 752
851 172
972 898
2522 23
3081 1735
3273 549
3776 1626
2871 827
3540 1010
4097 266
4978 426
5496 1275
5953 630
898 1162
1696 1145
1745 789
3527 231
4763 905
13 792
95 1672
1596 1670
2052 43
2575 19
3652 1323
5767 1395
3056 445
3495 1010
4151 1399
184 1222
1285 165
1858 347
2291 23
3348 919
3635 132
5871 1487
548 244
1599 1679
1621 1613
2290 1239
3381 1170
3661 684
3723 1504
141 80
2875 183
3058 1735
3539 99
586 714
1537 1369
2211 1146
3131 1290
4675 1063
5902 455
5977 1686
47 739
685 571
1316 1451
3987 1620
3994 1621
4788 1490
5384 1669
757 1519
1175 119
2518 1670
3130 1421
4149 1454
132 107
1828 1263
2462 15
2567 1693
3288 1505
4333 134
5325 134
644 1189
935 326
3798 1388
4248 1296
5470 2
1234 196
1608 184
2104 614
3802 1448
4531 1435
676 1676
1592 469
2665 1032
4108 582
4491 229
4977 580
6159 1653
1240 1447
1406 1339
1442 273
4492 1032
4497 1045
4535 992
4736 186
5619 1335
2005 55
3087 1256
3869 291
4392 233
4965 1409
865 311
1563 36
1898 14
2904 1544
3175 15
6194 1526
1427 480
1849 1386
4056 1447
4524 1419
5276 1008
166 806
1945 450
3070 1285
3188 511
3989 777
5675 944
6008 1372
6212 1121
604 63
832 1731
1272 1427
4264 1224
5142 1017
5183 1311
5467 1735
134 91
1130 148
3632 1498
3689 947
5029 1397
3985 734
4854 387
4861 1231
4897 1065
913 250
2263 1553
6216 466
1288 161
1481 279
1547 1581
1550 511
2998 1055
5545 854
5667 1646
5804 167
5832 1201
6142 1690
6258 1512
1974 1597
3055 188
3466 69
4064 1568
973 1576
1170 1341
1500 1234
3066 351
3792 132
3807 377
4142 1720
4660 189
6174 1612
1650 1284
1867 1449
5346 1340
843 1161
944 1227
3569 444
3865 629
5198 1704
9 1530
66 686
92 96
294 70
2139 15
2289 29
3829 871
6231 1429
1182 137
1590 681
3062 854
3945 208
5426 1503
5526 999
5657 1451
5748 1372
6082 1478
1259 1198
1360 1451
1705 1091
2117 1388
2813 109
630 258
967 266
1005 1236
2949 661
3355 20
6120 480
3189 251
3299 892
4350 553
5593 1348
5672 1579
849 366
1444 511
1793 1377
6039 1236
753 476
1800 1356
1901 1596
2101 23
2741 1594
2777 647
772 154
811 1551
1601 927
5330 588
5431 125
5456 1233
5618 1504
702 1551
3588 580
3838 601
3847 669
3982 1621
5291 727
5693 491
562 217
1513 409
3520 120
3883 476
4361 552
5062 1194
5275 1041
457 199
928 1551
2130 752
3110 251
5423 1621
36 716
492 1513
2016 1091
3290 1273
3394 892
4246 1201
178 1620
821 773
1860 1596
2367 43
2887 1052
3283 1464
3808 806
5054 1171
5370 83
462 350
480 1478
1032 84
1035 1154
1407 1289
4317 495
4940 1516
64 993
1432 902
2279 1144
4397 210
4445 978
5515 1139
1633 684
4028 1225
4863 706
2032 29
2845 1405
2997 182
3997 53
4297 1280
4845 512
330 227
1573 1531
3232 230
3492 82
3928 1242
5073 1435
5706 1442
6062 904
179 1414
1088 1174
1697 1587
3244 892
3297 1269
3508 1242
623 64
834 239
3248 892
5713 1334
823 1248
828 541
890 157
1167 267
2280 1324
3352 549
3730 1074
5583 335
29 665
1343 165
1617 1486
3295 892
3431 1489
990 470
1528 241
3319 1170
3422 1637
5238 1260
116 1239
909 263
1019 1513
1413 1273
1652 919
1899 1221
1994 1250
3751 1476
5182 1365
42 1722
1084 262
1340 771
1560 1589
2042 1722
2716 92
3239 1503
1091 368
1586 1530
2033 1722
3079 1735
3298 1239
4331 1269
5298 685
5611 720
267 892
1403 538
1952 1303
1987 1653
2787 1070
3106 672
3281 1075
3368 855
3815 1242
4261 164
187 118
1333 177
1970 1250
2348 1662
2721 1483
3953 735
4277 607
5571 1036
6010 1732
6222 1072
93 1589
850 1022
1162 1550
1196 1592
1276 260
1730 1653
2158 21
6177 87
1123 1486
2054 15
2267 530
3419 1273
3592 685
6067 1337
157 761
633 1576
656 572
1754 1335
3816 1448
5518 1092
5668 13
6164 1501
108 1521
268 886
883 1703
1094 1323
1354 2
3819 669
5347 1061
5684 1477
77 1672
965 873
1733 977
2200 995
2461 43
3741 1200
3764 651
4308 511
5386 203
6225 221
2044 1262
2143 15
2283 1565
2588 15
4875 1060
55 1558
3736 1354
4789 184
5354 701
75 1029
300 1641
877 397
2047 23
2840 999
3657 1693
6090 796
81 207
256 1454
575 1137
728 839
1851 1551
54 1324
1651 1424
3151 1272
3191 892
4798 580
1405 462
1842 1646
2048 1722
3169 449
3421 1637
5022 232
5143 200
5463 1150
432 1227
1783 1335
2097 53
4055 324
4936 122
1678 1653
1701 108
3795 1487
4383 866
4949 426
639 272
1203 1214
2343 1263
3007 1036
3843 737
5 1730
535 1652
1456 1311
1836 1531
3395 1637
4569 1212
4646 1258
5392 1241
952 1208
4401 1318
111 1589
124 281
784 1663
800 1620
1309 1247
3801 669
5155 608
5308 727
5859 478
5946 1175
1007 637
3752 811
4741 1449
5696 1203
1225 159
1784 1482
2416 892
4967 1330
748 147
1200 337
1574 1663
1624 1271
1993 1250
2051 1722
3471 999
4850 733
5030 122
5249 1028
67 1672
73 839
2156 23
2745 1219
4034 976
4367 866
4576 1341
536 179
1152 1236
1414 203
1806 192
2633 1250
2821 190
2983 194
3564 308
4761 630
5612 1049
655 1702
1041 544
2079 1324
3350 1144
3983 1620
4507 1550
5236 1229
5332 1646
53 839
1366 306
4052 698
5351 680
286 161
2349 1565
2361 557
2886 866
3434 210
5241 1176
365 142
1210 1196
2941 669
3478 278
3911 71
4571 955
4959 1501
5289 1529
5599 63
6038 138
90 952
1202 363
1383 1001
1593 156
2025 1250
3900 92
4046 431
4365 1664
4791 1521
5277 248
5416 1632
726 1219
1338 1272
5547 1264
40 839
975 848
983 1516
1006 1529
3952 1662
5237 1707
5529 52
52 1029
642 1670
674 1251
1362 1684
4074 1064
5432 657
1227 144
1751 421
1990 1324
1997 1653
2087 15
2295 15
4388 209
6080 1001
519 1231
964 336
1657 1321
1684 147
3501 699
3560 1410
4347 1285
4849 1005
4921 1149
1404 279
974 483
1978 1170
2166 864
3923 686
4484 1363
4822 476
5140 1043
799 1620
1788 1021
2513 995
3967 1146
4063 1021
5715 952
1605 1577
2514 1653
4499 1056
4509 685
5095 117
5850 737
96 780
1497 1048
2026 1250
3136 1367
3240 266
5908 11
389 1417
392 1210
2040 43
2194 1465
2512 1669
4087 1568
4809 642
5214 15
6029 1495
6140 915
247 210
785 1192
940 1480
3621 1486
4286 1429
5813 20
35 1318
652 1267
776 1427
1078 267
1164 1631
2059 1722
2136 535
2849 190
3241 1256
3479 251
3811 775
4012 14
107 172
858 998
866 1190
511 1511
1332 929
1395 279
5645 1332
6078 1137
1755 62
1954 1275
2358 1029
3799 871
5399 1505
5669 10
86 864
626 565
1326 839
1451 282
1920 340
4387 1600
5446 495
2024 1250
2943 395
4756 1348
3116 1637
3170 1421
4399 1720
1205 775
1848 1386
3370 892
3924 1289
4001 1527
5927 945
713 1616
885 295
1280 1350
1764 1375
2185 1329
2292 23
3396 892
5114 553
5130 1001
5484 1224
46 1722
56 121
984 525
1736 1530
2145 21
2625 1555
5842 732
378 1397
2463 29
3772 871
3947 1663
5056 1539
5212 746
6064 1621
705 167
971 237
1458 1735
1861 1126
2929 1422
3267 336
4346 1227
5412 1181
225 128
1347 541
1381 1010
1638 1677
1918 1046
1963 424
3200 892
1038 940
2210 75
3314 1357
3927 1272
5720 1485
1731 535
2183 1717
2977 1569
3887 715
69 1722
407 957
2851 1399
3160 892
3863 892
25 537
576 1146
671 1122
1016 845
1516 259
1822 22
2186 1518
3531 1571
3767 1242
5488 1064
5676 727
6243 547
1643 1728
3113 854
4537 1588
5438 350
5695 1099
5822 952
6188 1455
138 1652
915 732
1365 565
1557 700
1597 695
3294 1637
4057 1168
136 1589
2056 1722
5274 1041
5368 1056
963 543
1470 617
4944 727
80 1584
739 1004
1552 839
1832 14
1980 1027
2214 86
2969 1260
3507 1262
3971 40
70 1319
504 530
1011 255
2119 1374
3353 1234
4593 276
5632 1572
6084 596
867 305
1087 1429
1900 1606
2274 1199
3500 1486
3551 2
4852 1112
5602 289
220 1427
485 915
2071 1544
2102 15
2103 43
2215 1239
2620 645
3783 871
3968 1324
5135 980
5964 1711
6206 270
780 141
1437 1651
1810 422
2013 263
2126 1610
4337 1265
4419 668
5732 1651
204 227
265 1236
678 686
1334 1720
1553 935
1877 571
3266 228
3533 1637
4354 203
4372 1434
5197 364
5422 1612
41 281
899 1716
923 511
1183 161
2112 1144
3763 919
4619 276
5313 60
100 23
1763 1260
1807 1246
2160 614
2564 1123
3384 1125
4030 1543
4112 130
6230 1588
1524 1141
3780 651
4283 607
4341 1263
465 289
1206 1506
1837 657
1876 1610
2100 23
2262 1286
3158 1256
3409 534
4121 1447
4945 727
5626 288
5712 595
615 836
710 110
1434 194
1953 1191
4840 265
5158 1531
997 1189
1562 771
3411 234
3794 780
4072 431
4156 1064
4303 552
5012 1171
4 1055
925 9
1931 1465
2940 131
4117 1440
4570 629
1992 753
2006 306
2010 530
2932 190
3067 588
4592 265
5909 1442
6042 1337
689 261
1243 226
1248 1314
1862 1464
3247 1730
3944 208
4315 1500
5819 1470
6245 221
1885 500
2950 585
3122 1256
584 1501
1195 1267
1688 850
3085 1637
3845 217
4353 64
553 238
1695 1324
2272 699
3196 892
4545 1279
5516 1551
1232 707
1369 305
3627 1274
4608 372
4801 839
6180 1136
6196 1612
870 325
1149 1119
2712 964
3268 287
561 1504
1713 1485
2415 1146
3510 1637
5329 668
5523 1089
380 580
1639 919
1981 1521
510 1292
2157 23
5835 1041
6111 897
3498 1674
3871 476
4147 190
5181 1529
113 65
412 710
881 1131
1262 1392
1263 228
1595 886
1721 958
1943 525
2113 1535
3363 251
1009 1171
5464 248
445 1118
1448 967
2028 1250
2045 55
2981 1512
3153 1273
4099 1056
782 1721
1983 1001
3711 530
5688 1036
6146 1622
2350 535
3590 223
3680 1304
4058 1220
5331 1
758 842
1589 1139
1673 1586
3796 38
5223 1528
5683 1477
349 174
1409 216
2004 55
3329 1275
3610 1345
3749 1476
3814 1448
4403 1286
869 188
4573 318
5122 248
613 1345
813 1431
2669 881
3279 244
4800 1144
1275 612
1303 715
1635 1014
4138 1056
4363 708
1245 167
3065 251
3771 871
4101 1321
5495 999
6265 1485
232 441
691 1386
1831 1250
2876 1542
3793 670
3812 1388
686 237
1529 261
3423 892
5127 1501
5350 1475
5436 952
5697 1036
1107 254
1120 1069
1246 144
2995 1244
3707 1583
4772 1053
5153 145
1724 400
2123 463
2347 995
3567 710
5537 1084
1732 473
2074 416
3221 22
3768 1698
5320 466
244 1596
598 1719
2015 1335
3388 854
3667 108
5440 1275
5457 1369
1055 161
1720 917
1760 1263
3656 1676
4952 1171
4958 228
5814 1244
1 1162
152 1625
3108 672
815 415
1239 1599
1331 382
1399 1442
1667 1668
3505 1614
4933 1071
133 825
1071 81
1096 1301
1965 1662
3124 855
148 715
401 1352
2344 463
3109 996
3886 1327
4140 1568
4221 308
4819 1248
1463 1051
1786 431
1841 500
2023 535
2090 15
2993 364
5131 1663
31 1319
1771 794
3438 837
114 1672
693 691
1859 1220
2269 1441
3452 251
4724 1657
5493 553
5601 494
6006 1612
6031 1467
771 140
1160 1272
3731 651
3800 871
4541 139
5295 1149
4400 1500
5360 1206
5784 1442
634 1248
706 177
2038 21
5703 728
128 1615
750 731
906 592
3356 20
5306 1513
97 1029
533 1487
2098 23
2364 21
4680 1688
5188 131
5367 1501
5949 435
1353 137
4412 336
4486 1360
34 1672
58 1722
94 1115
112 716
631 143
3948 105
3975 15
744 1242
1506 1687
1927 69
3069 734
4947 1357
566 1077
1271 1295
1869 1444
1977 196
3729 1052
3849 1448
4425 1388
4799 215
5970 1131
3727 897
4013 15
5497 1131
5739 804
441 267
1986 1408
2204 23
2268 485
3027 18
3778 1331
4076 1064
4088 1064
4451 276
127 1239
321 970
1566 847
3082 1220
3093 1224
4006 40
5522 165
5689 248
5853 454
6186 1606
3135 1621
1708 895
2095 43
3186 672
5058 668
5777 1645
2842 118
4339 1262
4457 1442
5271 1339
5507 1339
5596 333
2959 119
3061 251
3084 251
153 1494
687 1297
3210 1421
3456 855
4230 194
4407 716
5262 161
6074 62
1000 1002
3870 185
4040 374
5250 1644
7 146
110 839
614 1513
1628 977
2152 21
2197 1290
4647 955
5533 1053
3 1457
271 195
1049 934
3666 1269
593 109
1857 181
1947 571
2678 753
3149 1229
3219 1024
3566 1431
4294 1315
5055 837
789 898
833 1677
1915 450
1955 1191
2271 384
4500 318
79 716
372 1019
514 737
3020 1204
4802 727
5300 232
1996 535
1903 735
2088 15
2958 259
3765 11
3976 215
4681 243
4726 895
5379 1486
3937 1670
1080 1209
1258 880
1757 1021
3036 692
3644 1377
4204 1489
4991 122
1327 1495
1998 535
4640 689
4775 716
3366 251
4561 186
5047 1578
5847 1184
1308 70
1662 751
2281 535
4843 251
5053 1398
1281 873
3185 1233
3276 1711
4885 1035
5235 1262
788 833
4071 1021
4490 926
5213 501
524 1077
2082 1250
2779 686
4086 1044
4636 1732
5959 325
1150 258
2191 699
4826 447
62 120
149 99
948 39
1615 622
1942 1445
2135 1316
5965 1370
893 1244
1300 1675
3412 1530
5326 1477
5540 311
5556 985
5756 840
5848 1642
1040 1496
5815 1411
1390 1081
1777 1263
3654 986
4496 592
5380 986
1791 1593
4844 1236
5191 1489
278 1422
619 1732
1126 1058
2036 24
3038 672
4123 1321
5604 564
5812 756
596 1682
917 564
1099 293
1904 40
4453 952
5152 1265
324 132
1109 250
1870 1220
3216 1324
4287 189
5248 1194
5281 727
5651 165
5691 1223
5886 1187
5971 372
198 606
202 266
481 623
878 622
1385 138
1961 571
2039 43
4166 205
4194 121
5434 1538
5581 122
416 883
717 498
4124 1048
5387 1041
5549 1501
5737 840
57 691
143 80
3636 69
4503 1222
5613 1150
6018 1732
3117 1024
5754 734
5786 1181
6261 1
488 833
1753 1374
2116 1626
3626 1232
4605 109
6022 640
6122 1490
263 1559
3744 1380
3959 1122
4073 1044
4208 1224
4810 224
939 484
1780 1028
2037 1041
3174 991
4948 228
5445 1214
667 928
868 110
1430 1348
1685 1144
1714 1212
2107 23
2846 979
6007 1521
6103 794
343 613
555 1053
1482 1126
2265 485
2346 1255
3732 651
3960 897
4416 1494
3317 629
5341 174
5406 1092
5474 52
5800 668
989 639
2094 1722
4036 1620
45 716
532 1398
729 536
1664 635
3458 1259
3848 620
895 439
1460 872
5337 1501
5954 1158
1067 1684
2404 1461
4154 1032
5459 1204
5489 1219
6156 1611
624 1606
1548 1445
2057 21
4479 1501
5278 1153
5469 139
5577 1513
5846 337
1895 1149
3717 780
4118 1037
1233 1407
1914 450
115 1584
1603 250
2189 680
3797 873
5454 1500
608 397
1324 1576
1737 1520
3333 855
3762 1699
4394 1179
5388 1459
3716 775
4525 616
4693 1512
1467 1735
1816 109
2190 1027
4866 1451
5796 977
722 1289
1728 140
3769 1388
4085 431
4823 64
4907 1171
1124 1361
1215 1367
5389 335
1264 1248
1905 1711
2066 826
5646 13
835 154
118 503
150 963
901 576
912 101
1267 102
1886 1483
3405 108
4374 131
4601 877
5080 757
5548 430
5636 144
1854 1586
2869 1048
3984 1620
4612 657
5852 2
5856 1234
1834 1392
3990 42
1472 283
1991 1250
2046 21
3781 1388
4218 350
5875 218
1358 1634
1843 571
6117 909
662 1336
1060 1038
6210 734
442 892
2049 1722
3779 651
5260 213
5743 1575
783 1533
1459 1231
1765 1605
1976 492
2148 23
5113 580
5554 1089
99 172
616 1429
1438 580
1539 839
1778 1544
1968 1250
4908 1663
5199 244
5297 712
5776 1275
5296 457
5352 1508
5371 1538
527 1500
1074 1014
1222 801
1686 794
1766 1149
5220 986
6086 1726
6207 761
119 48
1022 1367
1194 1089
1244 1439
2020 226
2908 573
5200 727
6221 190
668 1566
1039 278
1218 1716
3138 1461
4381 1642
791 29
808 716
2216 1584
2565 789
4512 335
5591 886
574 176
641 84
1075 538
1957 1465
2342 463
5799 1501
1631 125
3530 1112
4128 258
5741 806
466 1735
792 1384
1725 1010
3687 1586
4051 1620
4554 605
571 1124
1677 734
4694 197
216 265
861 1059
1734 1586
5659 522
880 1043
2108 1722
4685 701
5889 1513
1318 734
2994 1325
3753 1004
6003 1632
6051 794
491 1551
612 355
947 1260
981 904
1151 132
1307 634
1565 1677
1827 530
1929 1651
5594 735
629 244
2504 881
2906 1150
3040 1451
4223 151
4378 865
4391 1292
4824 822
5139 178
5490 382
1102 791
1197 1070
6115 826
6176 637
43 537
1499 1387
1504 1507
2089 15
2105 1722
4053 408
961 1266
3964 536
5373 748
5828 1658
1352 1429
1926 1063
4069 299
5986 1367
6187 1035
3885 1239
4417 587
736 1277
4540 311
4643 319
6130 1565
826 456
1302 1150
2070 735
2146 1369
522 1215
1214 1491
1473 911
1543 1624
1626 1297
2989 1104
4556 1131
5570 1612
998 252
3534 1350
4137 1303
4662 839
4841 1122
5751 1718
5932 176
5950 893
6116 1197
902 188
4438 874
1738 1275
2720 1292
5382 1632
3681 1314
4683 955
5483 716
329 576
1412 1526
1871 1651
3021 1272
5418 735
5951 1501
552 1190
1508 1176
1817 1574
1896 16
4393 75
32 1319
1121 1012
1145 1190
1260 1572
2624 1296
3391 251
4139 1321
4928 1200
5234 663
5280 874
5864 488
855 919
976 1463
1204 806
1874 140
2019 571
4943 1632
6203 1257
1774 421
3963 536
5598 1705
2085 42
2819 190
3224 1538
605 401
3440 240
4014 138
6147 679
1642 1324
4148 1462
5044 1632
5303 62
5318 1647
5783 248
3904 1584
5290 1617
5702 1570
6173 1562
1536 1700
1717 1357
4111 641
4797 1501
5637 215
5678 232
5707 485
846 919
1668 1309
3962 536
875 1300
5075 1642
5358 1056
5817 510
816 38
1092 261
1941 1648
2114 780
3665 152
4437 1279
5880 375
579 1089
764 1257
1330 154
2147 1445
955 1023
1249 1161
3437 732
5148 580
5730 365
1155 845
1700 919
2065 16
4254 1605
4606 1391
4003 186
4314 194
779 345
1103 1520
4808 928
5219 14
6049 305
463 1296
1925 1126
862 1718
1025 1245
1426 541
1787 1175
2122 735
3045 1481
3965 143
5251 706
5487 1612
1389 1329
1789 611
3212 1677
5738 1501
350 1011
1946 599
5285 30
6166 1019
1712 1377
1814 1175
2058 21
3954 895
5324 62
5733 1575
620 552
2149 29
4178 1275
4900 1209
5510 22
5928 244
6092 1117
714 1652
2053 1722
2093 15
4327 1265
4686 1338
1706 249
1956 607
3978 1651
4129 1489
4633 686
5429 1485
896 970
5572 1358
5791 1061
588 1591
5789 1160
5952 1459
5803 1478
6152 1001
1495 1427
1839 183
1913 571
3926 1272
4431 1250
4474 760
5272 62
905 550
1108 1420
1355 808
3827 692
5433 1434
1466 87
3714 897
4188 1167
4288 195
5912 335
5377 277
5900 1441
126 1327
2264 1274
3782 1242
3955 977
5033 309
5257 343
690 1597
1058 964
1930 530
2067 735
2084 1250
2198 1513
5742 1574
1273 1461
1875 1684
1907 1480
4035 735
4041 1610
4951 1174
5680 1542
280 710
320 1370
2034 1722
2275 125
2868 1163
5806 29
5827 1216
1569 1310
4239 948
4473 244
5643 1229
5855 448
920 1515
3494 1458
5521 590
5622 1669
992 265
1436 875
1718 11
1873 1038
3511 1350
4728 1168
5408 95
5552 1263
6131 1011
1549 1508
4023 1277
5003 792
5650 1689
683 788
1607 788
2626 1650
4752 1279
5138 1449
5167 1187
5729 1027
1134 1515
3622 970
4550 335
6184 25
1100 1407
2063 735
2861 1585
3713 828
4033 686
4924 1501
5867 1499
859 297
1863 681
1893 1231
2448 119
4025 374
4458 685
5640 1129
4471 1438
4927 1501
1964 776
5492 1455
5968 1026
695 274
1382 529
4818 839
129 792
985 1731
1600 1518
4635 1214
603 343
1325 272
1510 144
2003 1239
4764 637
5724 1251
322 457
1462 1602
3238 841
692 1516
1610 222
2012 1021
5641 108
5694 1597
6104 309
6163 1031
1775 320
2109 1722
3901 1062
4268 1550
4390 168
5390 1593
1825 1574
1853 1594
1910 1046
3631 1125
3001 1411
5914 175
625 1653
1043 1570
1367 1610
3754 87
4044 770
4687 1092
4702 63
4821 215
5173 1307
447 1282
1089 139
1556 440
1887 592
4415 863
4529 1149
4867 243
3760 1039
5428 1051
5530 13
6198 1370
1311 1592
1894 1263
2007 1338
754 505
1864 735
1866 1521
1912 1638
3748 651
4202 511
4937 1123
5293 74
5734 1175
5857 1578
1826 735
5567 1578
5586 592
5878 139
2106 1041
3647 1173
4774 1651
1761 530
1804 1260
3483 855
4565 953
1812 1641
5074 21
5527 999
5905 1149
680 1729
715 1256
5699 62
5876 1560
701 217
1135 1609
3630 1374
3786 1181
3930 709
5409 1184
5808 1608
2011 530
4477 350
4527 276
5985 436
908 1180
958 1267
1844 1595
2670 1048
3349 1653
3685 486
3747 1074
3766 367
5034 1274
5021 1149
6253 195
585 222
637 346
3291 841
4032 1219
4505 643
4773 55
5045 139
5205 619
1010 371
4493 1230
4539 1222
4586 1501
4684 820
4882 813
617 709
688 1385
5899 268
4771 305
1535 1074
1709 108
1792 1028
3728 1039
4016 1635
5504 1609
5929 244
1704 468
2151 15
5094 1419
383 1242
854 1251
864 1439
2719 527
3214 224
5654 625
6162 222
419 1439
1037 210
1387 1663
4432 637
4552 1617
5615 1194
3436 104
4856 608
5117 1131
5910 1184
1319 741
1790 1597
4723 1606
848 929
1293 266
3565 183
3745 283
6041 853
6091 1632
918 317
1758 1126
1818 1544
2120 735
4760 33
5065 243
5322 654
5579 1001
5938 1518
1166 1348
1328 580
1850 1386
3595 428
4481 1502
4668 1092
1416 611
5201 1612
628 21
1453 1318
4762 499
4953 1377
5349 1257
5511 76
6019 248
5788 438
1053 1702
1815 485
5269 311
5501 1651
5936 1077
1494 877
2208 43
3951 505
4954 1292
681 1726
1802 1593
2096 15
5092 1048
4068 1518
4495 613
5084 829
6158 1356
966 1224
6154 212
8 1137
237 243
1188 998
1884 911
4021 365
4423 835
4725 668
5263 38
1505 1702
2124 417
2159 1041
2571 1253
4467 1279
4995 1069
5538 335
5709 399
657 259
5993 215
857 1470
1314 1274
1819 530
6114 1711
4883 95
414 782
1104 152
3828 1632
4968 727
5564 1036
4096 1707
949 154
1046 1659
3134 256
5722 530
1522 346
1645 1262
2014 699
3761 780
5174 1598
1759 530
4889 1445
4975 919
5394 388
5725 236
907 948
1224 697
1229 148
1906 41
4890 1542
1180 1003
4626 241
4939 1501
5778 1056
6063 1529
1979 530
3481 1155
4045 374
4263 1224
4418 243
4577 1279
5348 499
5534 1593
2068 1651
1026 142
1238 1300
4098 440
5093 380
5204 1215
5514 1247
6247 175
1856 1338
4062 486
1498 863
1532 148
1582 89
1982 1612
2195 1039
4502 186
4776 839
5512 1562
6040 1012
3092 384
3215 1668
4786 952
5705 1461
1897 530
5840 157
2891 1315
4896 1501
4989 1323
5402 336
795 1144
860 1621
1515 1458
4110 1596
4389 640
5031 554
1428 1542
796 1713
2912 1405
3454 1155
4637 625
638 1077
1452 669
1776 1321
1962 1610
4020 65
3177 1489
4590 159
4429 719
4472 1697
5393 775
946 189
1132 683
1845 1646
1883 186
1174 964
4224 170
5160 1349
5816 706
436 259
2666 1123
4436 1194
654 963
847 103
1423 301
4498 1732
4804 814
5083 248
5222 266
5270 546
1321 1122
2260 550
3650 1604
5755 173
5890 1004
1840 1610
5424 1239
5898 401
4638 625
1158 1625
1420 1304
1588 842
4705 592
5801 1280
4441 838
5824 375
719 173
2182 1142
3445 308
4532 1516
6061 1614
1257 1580
1846 1270
4602 1219
4603 1501
5038 1243
5060 727
954 270
4666 1515
5288 1724
1068 640
2018 1392
5328 587
4070 408
1266 813
1480 1197
5014 551
5401 1279
1429 1501
4463 375
4623 375
5911 139
2192 1544
4379 1647
1455 1678
3649 152
4982 586
5790 1501
1752 1597
4411 1643
3715 887
4817 248
5221 1732
5339 1501
1457 1651
1902 1634
4446 374
999 480
1125 191
1808 640
2340 1410
4558 277
4575 1637
4930 1542
841 728
1242 23
2121 735
4015 1612
4482 1617
4661 272
5264 1017
5294 1551
822 970
1823 1099
1865 735
3506 1155
4901 208
1666 751
4082 1020
4663 938
4923 1632
1525 1350
2153 23
4549 1632
921 165
2072 158
1003 1306
3114 1070
5101 1099
2715 1350
1502 311
1572 601
1683 1420
4462 1691
4837 143
5028 276
1090 202
4607 622
4625 1200
5625 1605
1069 333
1112 906
1538 1266
4938 243
5035 1705
2794 1212
4727 1481
6020 530
1519 506
4641 307
4645 719
5315 1459
1097 216
1079 1550
1820 735
5403 1442
3235 194
3611 95
4757 1705
5036 218
5690 1223
5854 1371
5862 1198
4667 1467
4990 248
6165 1586
969 246
3830 1632
4729 1299
5557 1651
325 1077
1781 1198
4019 1617
4691 835
5025 1044
5837 934
316 271
1291 877
1534 552
1555 1105
2150 55
4504 1211
4630 1038
5700 1587
1279 1140
1512 611
1111 1244
1297 1045
2125 1027
3154 1229
4914 734
5869 1265
1824 1036
1909 1684
4083 1627
5357 499
3790 1398
4348 1192
4421 618
4428 587
6238 1613
995 1732
1435 109
1440 769
5576 387
1533 780
5674 1632
5942 590
746 1684
4785 740
1540 1280
5259 499
5344 1643
486 1352
4043 579
5444 860
415 670
4518 305
5210 882
5830 380
4037 1601
5863 1260
6155 698
1527 751
4018 897
803 731
3746 1074
927 1476
1223 939
1487 863
4440 1105
4613 1010
5728 977
473 1683
5506 55
4706 1467
5378 532
1801 1335
2341 530
4522 375
4530 1194
645 808
4454 1617
1137 1622
5037 1586
5273 1323
1602 70
1879 1039
1138 1609
2273 1461
5721 485
4629 1489
1192 1230
5723 735
1486 365
1829 485
4426 1698
5162 424
5821 1345
4562 1418
5595 564
589 1662
1072 624
1082 1264
1916 450
4544 823
5112 517
1461 1723
1484 1543
4439 1730
4922 1567
820 228
4024 734
1507 1438
3269 224
3791 1734
2193 530
3532 1592
4424 1209
3190 493
6065 912
611 818
1265 1388
1830 530
4120 1191
4528 550
4639 1038
3225 195
3330 1070
5192 640
5338 668
4536 499
6178 1606
4452 1663
4017 82
6195 1183
670 735
1917 571
5708 1135
3931 1663
4475 124
5307 1642
4084 1627
892 1527
1520 1076
4405 668
5727 806
5963 1571
3961 505
930 99
1255 985
1944 450
3903 867
6135 1609
4792 906
646 1619
4583 695
1554 226
4564 211
1514 288
5317 898
6099 226
6125 1349
1521 1144
767 1603
2677 224
4961 1097
5374 928
904 1359
1086 903
1541 1658
2075 1595
5881 897
700 1289
1872 1198
4508 1681
4836 84
5486 1501
4476 977
1034 416
4872 794
1064 1610
1485 480
4553 1482
831 877
1632 1172
1690 1713
5002 187
1400 830
1488 316
4913 1268
5947 335
1454 1297
1833 42
3813 1077
4483 1036
4513 1705
1073 1651
1450 1702
3877 436
2277 571
922 1662
1212 1179
4969 1250
4624 1092
4690 559
1561 656
659 1359
1294 75
6102 1689
1483 1648
1501 1445
4568 1612
5841 1401
781 1133
1424 1349
5528 1651
1425 417
1558 27
5726 1634
5792 1551
4579 1187
5858 1389
4658 289
4664 125
4722 27
4970 698
2674 1590
3905 867
4754 1504
5359 1059
5333 751
4740 1601
4993 255
4461 1662
5631 1717
5372 978
653 242
1342 1634
4551 62
4742 1544
5319 107
3096 812
5896 1183
4487 82
4060 1280
4520 499
4547 354
4870 960
4909 1038
5229 625
5711 463
3326 1070
5137 566
4634 734
5161 243
735 700
4587 1151
4455 698
6133 1624
4793 909
1339 1557
1415 1377
2187 1234
1493 208
4631 1041
5710 1634
1939 1012
4521 1279
4584 379
6134 806
1928 463
3742 197
4589 623
4611 780
4838 244
6175 521
773 499
1117 1142
5334 65
887 311
4566 1612
1051 1395
4187 279
720 465
1542 1111
4803 668
4758 557
1492 1228
6093 712
2127 197
4480 1501
5623 335
725 1007
1530 1495
3651 1037
4523 1092
5679 1644
2069 530
2073 101
4910 662
5897 1119
6089 1197
4609 1403
4468 65
5494 1337
6169 506
1047 1558
4420 1389
1468 185
3725 1135
1881 697
1882 571
4489 1427
4644 1149
5134 1242
5421 1004
5356 277
6085 178
215 1356
1475 144
1526 398
1878 1383
4580 248
5566 1617
1209 129
1237 1135
4899 1046
4610 1586
5752 277
4669 605
4770 617
2188 1377
1756 1121
3480 1495
4460 1448
5731 1574
5980 524
4960 1694
4548 1614
4563 406
6237 1263
1779 1194
5831 881
942 1527
5485 271
3902 1240
5969 1474
5258 448
5885 62
5177 243
5753 1614
5558 1184
1545 216
4427 1076
1782 1356
5578 499
5958 587
3759 897
5057 1626
5584 1389
4585 126
4459 1189
4567 1149
5701 480
1002 933
4022 1318
4039 1257
1431 1575
1449 709
4442 32
6183 887
4448 1358
2064 530
747 541
4884 245
5176 1529
4404 976
4599 440
5870 1184
3939 1677
5061 933
5553 157
4765 599
5046 1089
5937 85
5004 95
5026 430
2276 1383
4430 931
4743 1518
1446 273
4994 1012
4857 506
4581 530
5441 194
4038 1225
4444 102
4469 605
4942 851
5136 1204
1469 1046
4526 748
4588 1209
1165 194
4578 1491
4642 417
5906 1705
1439 708
2718 1410
4470 250
1346 38
5107 1273
5383 27
1261 1354
1509 899
4689 789
4574 31
5638 986
5453 919
5175 1579
5218 578
807 732
1421 1730
1518 1240
1478 1197
5343 3
4615 1356
5005 1644
4054 1651
4665 1410
4456 1257
4614 1207
1531 716
4956 1411
4688 1442
4984 151
1317 1108
4543 1356
