img07c1.jpg img22c3.jpg
4635 1574
3571 1254
3927 1570
5164 1780
3827 1574
3883 1585
5618 1574
3843 1570
2873 1400
3569 1101
5201 1589
39 36
2852 1400
5625 1570
313 1570
5173 1175
4611 1570
3809 1565
3817 1585
3751 1938
26 36
6193 1065
3670 1938
2908 1400
4617 1894
5322 1920
5166 1780
2835 1400
3785 1552
4691 1585
3855 1372
3824 1316
4195 1589
4683 1376
2830 1400
3256 1370
3918 1316
566 886
4641 1565
5032 1254
170 1883
2895 1400
4206 1254
3616 893
5921 1734
3354 1592
3519 1086
3790 1574
3912 1552
2894 1400
2927 1400
5152 1772
3799 1574
3484 687
5558 286
5297 298
3164 1564
4667 1605
2853 1400
5241 1751
4233 1254
5565 1361
5206 1772
809 1048
5789 1594
3868 1319
4246 1410
5905 1761
6255 1684
5550 1659
5799 1527
3698 1594
3593 1254
184 1357
5031 1589
5633 1584
6156 1319
6376 109
5615 1984
5737 128
2856 1397
2854 1400
2876 1400
3214 1564
460 886
3567 1438
4630 1585
5142 1772
6266 109
4660 136
2843 1400
3314 1592
5406 960
833 1359
3802 1574
5178 1780
6342 1247
4470 1527
3682 1361
1354 1438
57 54
3885 1372
5198 1254
5749 1641
5207 1772
916 134
3270 1592
3721 1659
5155 109
5520 230
3820 1633
4756 1428
4172 109
677 1847
6216 1772
2909 1400
3614 1421
5653 1363
3886 1376
5137 1732
4626 1578
5143 1772
4648 1370
4214 112
3779 345
3810 1363
2874 1400
4580 1144
642 886
257 1882
3590 1626
149 118
3162 1564
2842 1400
5171 1254
2836 1400
3580 1410
3740 1527
3850 1377
5487 1235
3393 1564
5170 1775
298 128
4613 1585
362 1882
2934 1402
3377 619
4335 1527
5179 1772
6051 1527
4702 1585
3525 1788
3844 1372
3702 1328
3933 1486
5295 450
5570 1907
3517 488
5246 1617
3825 1565
317 1584
471 25
4250 1527
4213 1410
4584 1734
4631 1363
768 80
5235 1438
4880 1594
3306 1564
3541 1483
5159 1751
731 25
5144 1772
4397 357
3845 681
5665 1585
2893 1400
3273 1564
5222 1836
3621 1499
3831 1609
2875 1400
3212 1564
6054 1442
5478 509
5476 286
5136 286
176 83
2834 1400
3624 1859
4612 1598
5125 1772
936 1788
2832 1400
5658 960
4632 1357
6058 237
5141 1772
11 87
2949 1402
156 1883
3037 80
3149 80
502 632
3413 1039
3620 1361
4564 1361
3720 1039
3173 1592
505 346
3309 1592
4396 1859
5027 1247
2979 1070
4640 1549
5574 116
3178 1592
3207 1564
4267 286
4497 1361
3714 1824
3722 1361
5845 55
3065 80
3891 1297
4642 1370
4207 1425
4478 1883
5457 286
3312 1592
3542 1677
4121 83
4652 1633
6421 1594
3317 1592
4619 1574
5261 1101
3409 1574
5407 1734
2938 1070
4673 1584
5319 1659
6134 1792
1440 1617
3922 1486
6165 1792
3854 1369
5538 1984
195 1297
3699 285
5628 1761
2837 1400
3622 1437
2833 1400
4558 1659
3719 124
5192 1589
3353 1592
5156 1789
5473 298
6397 591
140 612
4499 1859
2928 166
3072 80
4835 1515
2831 1400
3193 80
4290 1860
702 1521
3692 632
4423 1265
3339 1574
3565 112
3637 286
5528 1626
3788 1563
3969 1029
5519 1361
2378 667
5593 960
2383 667
3118 86
4010 1564
5243 509
3071 80
5039 1483
5533 960
1078 591
3462 1006
4378 286
6279 843
5492 1425
2817 1397
3235 1592
3421 637
3784 1276
5153 1772
158 276
2888 1402
4524 450
3450 619
4954 1527
5792 1328
5801 124
380 323
4252 286
5197 1603
5932 35
3426 1574
4216 1866
2971 1250
3496 1772
55 1929
4007 1340
2950 1402
5029 1421
5609 1410
3428 619
4203 109
5101 83
5186 1779
5226 1254
3881 1525
5269 1797
3711 128
3849 286
3875 1525
4103 1653
5162 1603
5635 960
5646 1570
2844 1400
3432 602
3840 1372
5537 1899
3745 1651
3819 1319
6081 33
2919 1402
3180 1592
5822 1328
980 569
4456 286
482 134
5223 112
6283 389
97 612
569 128
3703 632
155 285
2872 1400
2890 164
4774 1659
5230 1166
5408 450
5426 1641
3607 1594
529 241
3316 1564
4204 1410
4637 1578
5212 1425
2907 1400
3544 14
4581 1515
5151 1731
802 75
3753 1938
5391 1328
42 1653
162 174
3749 1938
2534 17
3592 1947
4324 1547
5557 1831
6244 39
3085 118
3884 1024
3955 92
905 886
5462 1410
5670 84
6445 545
4198 109
4657 1374
90 939
2528 139
3447 1574
4012 1527
75 83
2156 648
3008 814
5512 1574
939 74
2981 1070
5228 1467
5870 1266
220 633
3943 1297
6395 673
4330 286
4398 1154
4677 1570
5956 379
3882 1525
5395 1515
6460 1128
135 1361
3497 1677
3754 116
4028 1570
4550 724
5175 1437
3073 86
3834 637
3865 17
5706 1930
5832 1328
808 1576
4833 520
4690 1897
5879 1594
6217 1772
2673 1372
3750 1938
3852 1372
3896 92
3430 1003
5102 124
6215 1772
2074 681
3870 805
5054 1662
5986 41
6190 1929
164 1541
310 610
2358 648
2925 164
2975 1250
3055 80
3880 1369
3150 80
4135 1685
4227 34
307 804
4654 1538
4782 1361
5632 1577
2911 166
5601 389
5826 1920
1558 1626
3078 359
4884 254
3247 80
6284 1772
83 36
4273 1361
5725 126
5790 1626
5274 124
5306 1594
5997 16
2368 681
3765 1492
4092 286
5113 1626
99 125
2990 1263
3597 112
3832 1584
3833 1297
4027 1570
5147 1975
5513 1659
2611 17
2892 164
3236 1592
4183 1254
4212 724
4757 1896
2517 17
4243 1085
215 886
2878 1919
4371 1642
3 939
1187 1789
3665 1988
3822 1372
4208 1401
2933 1402
5402 1750
644 361
3651 1361
3763 1357
5415 450
5817 1651
6365 649
2714 524
3204 1564
5645 136
5126 1731
6320 647
3715 1824
3744 1515
5449 1401
6010 1558
25 960
3210 1592
4535 1520
6405 1566
2536 140
2880 250
3010 1527
4277 1919
4582 1626
32 960
4372 1361
129 362
33 1594
161 1359
187 1565
751 134
2870 164
3169 1592
2847 164
2889 164
3325 602
6012 1896
5843 1361
3375 619
4471 1653
5174 1684
5292 128
6011 1378
4148 1437
4721 1897
5065 1619
5314 1666
5802 1328
832 1904
2861 164
3403 1524
3424 619
3786 83
4114 109
5859 337
2860 893
2903 172
5709 1894
91 1362
4849 1670
711 1847
2251 1372
4627 450
4232 120
2503 1369
70 451
2535 140
3606 1144
4764 199
5127 1772
3853 1372
17 1619
40 451
109 1689
3734 680
4758 1361
6225 1761
296 157
2518 16
2910 166
2951 1250
4254 1475
4614 345
2286 1
5748 281
548 278
2512 681
4628 1891
5488 298
4173 1247
5193 722
6305 1933
261 1519
3167 1592
5086 1656
5821 960
999 1809
4193 661
3535 1651
5909 1710
664 187
6450 651
5634 1558
182 84
3048 1852
3495 1677
6344 175
5165 1742
4540 960
5883 1670
145 48
2381 667
2877 1397
3296 1574
5606 1598
962 169
1871 1563
2846 164
3867 1319
3602 1860
121 612
2515 140
6458 873
58 1975
3581 1174
3941 1585
5922 1319
339 886
3543 1792
771 134
3499 982
3764 168
3841 1319
3939 1755
5219 1254
2855 946
5189 1743
5477 1793
152 244
400 320
2269 745
3041 359
5484 1831
5623 1594
3735 869
5262 1531
3038 80
3076 359
3411 602
4665 1374
5028 119
5828 1653
264 1879
2387 667
3878 1585
4992 535
5196 1777
5546 1626
6191 1446
4225 1435
5167 1731
5267 1458
5910 1684
844 1904
3505 411
5187 1437
6160 1988
1105 1933
3443 637
5871 110
3898 1363
5112 425
5713 1734
2845 164
3608 112
5323 118
547 1527
1277 1725
3527 959
5195 1437
2533 140
2906 1402
4866 1594
108 939
2377 1372
2887 1402
3894 1376
5138 1732
5529 298
316 1571
689 1440
3871 1376
4070 226
4276 1423
46 1732
671 1539
2924 1402
3787 1563
3835 1306
251 1365
3299 1574
4149 33
4602 1527
71 36
868 64
2801 1395
3181 1564
3556 1175
3596 109
5008 1747
5216 122
13 1519
960 337
2258 666
3367 366
4315 1398
5007 1730
6061 483
2677 637
3050 1263
3818 1372
4579 1265
4870 1670
964 125
5925 109
553 49
2617 140
5194 1836
2362 1372
2372 1372
2867 164
3988 632
5043 1428
5818 109
5820 337
5442 270
5897 125
1111 1675
2767 728
3368 1503
4278 1484
527 1031
1722 1659
4197 1425
4666 1114
5438 168
297 83
1029 1425
4850 1515
6047 1796
2051 3
2388 667
2612 1372
2850 164
3646 1261
4283 1245
5485 1779
4270 1254
174 128
573 1847
2886 1402
4022 1039
857 1490
3724 64
4313 1361
5140 120
5181 1659
5636 1584
5831 1659
2371 637
3856 805
5600 388
5602 110
5657 1169
5979 119
6196 39
6203 780
2871 164
3005 1070
3333 1574
3944 805
4215 509
4253 1245
4312 1829
45 1730
141 289
2180 666
2952 1070
3176 1544
3431 619
6169 736
6206 109
2550 1372
2613 140
3286 1541
4323 1626
5621 411
1155 1836
2284 666
2904 1402
4132 1970
6186 1069
6360 425
6367 1486
3857 1565
3936 1376
6082 237
334 323
3539 1772
5761 724
3075 359
3364 1503
5158 1644
6176 1675
3025 1250
3442 637
4223 1975
6340 1097
6418 900
3021 359
3360 1503
5995 1686
2607 140
3371 1524
3879 1319
5403 1594
5514 286
6459 30
975 995
2186 1297
2541 139
3412 602
3906 92
5549 1833
5728 1641
2263 648
5139 1732
5631 366
6358 772
1654 1626
1723 1421
784 185
2380 667
3119 86
3474 1946
3701 1307
5664 1574
6289 1989
2237 1574
2521 727
4819 1307
4879 116
5791 1328
6091 1726
2363 637
2674 3
4538 960
4589 1471
5248 1984
5730 112
717 1415
2913 166
3064 80
3405 602
3642 1774
2351 1524
2865 1822
3362 1503
5880 1527
2747 1924
2984 247
2999 359
3287 1564
5432 124
5682 174
6106 80
6277 167
1159 110
2155 666
3285 80
5763 1328
303 237
741 451
834 14
2396 1372
2522 140
2922 1402
3667 1938
5825 770
3647 1679
4638 637
3792 1316
120 911
2828 1395
3070 1529
3554 1410
5534 632
6067 1965
6439 1243
2262 637
2796 336
4650 998
4704 1352
5124 120
5304 1641
5916 109
1071 592
4184 1787
4115 1679
5637 1626
2283 666
4548 1528
4883 632
5213 1174
5841 1144
619 209
970 995
1080 624
2848 164
3726 128
3928 1366
5204 509
96 244
2375 648
2988 1263
3122 1435
3555 1437
64 1415
2384 667
4618 1319
5048 1412
2361 1372
2920 1402
3675 1486
3842 17
4001 1527
6303 787
519 1667
2179 805
2815 1397
2974 1250
3370 637
3731 869
5765 337
318 366
2970 1250
4621 1266
5575 658
3660 960
6339 1574
84 168
115 59
530 134
1068 754
2882 164
2929 166
3295 366
4341 86
4739 1515
5726 186
5756 361
107 174
320 140
4532 118
5553 1594
5651 960
488 1359
6016 286
766 1360
3079 359
3381 1114
2756 637
2851 75
2901 166
2954 331
3036 80
4281 724
5240 1458
5559 1868
2498 1372
3020 359
3826 84
4430 1594
5548 936
2883 1689
5009 1730
3029 1070
3635 1515
5846 1803
6009 1984
623 1882
2609 1372
3890 1319
4181 1785
6351 1820
177 1170
351 1667
1873 1473
1985 1633
2866 1402
3486 1984
5234 112
5697 122
6404 1896
146 116
2499 1372
2505 1372
2519 140
2766 1957
2912 166
3234 1592
4714 1584
6164 1438
3900 1525
4134 120
4336 1670
4653 1525
5958 1612
60 1415
208 1868
2172 648
2921 1402
3018 359
4217 1437
5655 1511
10 49
1036 1355
3017 1105
3548 110
4182 1710
4274 1423
2171 637
2619 3
2940 1070
3458 637
3821 1563
921 299
3028 1491
3876 494
4710 1585
5578 1259
6270 31
3067 86
3329 1567
3331 1567
3373 1503
6211 461
6314 583
6449 711
147 1361
2989 1263
3858 1586
4674 1361
2504 649
2863 164
2869 1402
3438 958
3846 1653
4160 112
4801 321
133 1430
239 1062
708 444
2356 666
4159 1174
4230 724
5690 723
1038 1359
4016 450
3154 576
4019 1897
5348 652
5441 1809
5935 800
6192 120
6362 1946
686 1490
3407 619
3549 1603
3613 1527
5616 1570
6416 83
323 805
2838 1395
3366 1585
3756 49
5683 1525
63 161
3399 366
4565 194
4 886
401 1882
1098 1740
5767 1653
6281 1677
6294 1486
2896 1811
4645 1357
5211 1626
5740 1651
5926 3
2370 667
3121 351
3231 1544
4196 444
5232 509
2620 1503
4021 1894
4130 1712
4697 1372
281 157
1972 17
2359 648
2376 1369
2864 1689
3791 648
67 1154
2273 648
2510 1372
3324 602
4224 1458
5721 1487
66 1371
3782 1473
4662 668
5224 1829
5770 1328
954 193
3518 1775
4228 1199
5567 1929
5732 69
1072 581
3152 351
3194 1038
44 1746
2406 637
2741 1
4194 109
5082 680
5268 1616
6144 460
254 75
2932 164
3579 1777
5568 1492
81 1422
139 611
262 1070
265 1880
2389 1372
2800 1395
3444 637
4717 1367
2246 666
2915 1822
3006 767
3035 80
3335 1574
3851 1096
190 619
408 203
2390 1372
3446 637
4255 1475
783 1686
2501 1369
4008 126
5535 245
6146 1919
6457 1965
2858 411
2862 1846
2998 1648
3195 80
4269 1780
5652 1551
4578 230
5161 1247
670 661
2654 1504
2799 1924
3004 1070
3363 366
5131 1746
5264 1659
5452 1970
696 337
927 120
2795 512
2943 1408
4435 1883
6037 1846
2045 3
2743 1948
2868 164
3404 1503
5272 69
2899 1822
3557 33
3088 80
3522 1779
4002 1564
542 361
2250 745
2391 667
4025 1712
5588 1984
6205 478
4572 1499
5265 287
3332 366
3415 174
3694 450
3942 1023
6304 1933
2402 637
3156 1447
3654 1065
3920 1524
4038 286
4875 1361
5659 637
6100 1686
2713 1946
74 172
648 1619
2399 649
3448 602
3921 1310
3979 1029
5145 1580
3800 1288
4651 1148
4741 1492
4923 491
5190 165
5214 109
2849 1400
2948 1408
350 323
667 1619
3599 1588
5479 285
2507 1372
4036 1651
5154 1778
5443 230
3293 366
3521 1708
4171 495
5298 2002
946 1807
2986 1070
3148 1819
3197 80
4150 1702
4868 164
6072 1490
3570 1782
3897 39
4773 594
4802 1361
6456 1984
1069 1359
1889 1363
2827 450
5672 1525
76 1425
321 140
699 1901
2962 1275
5960 885
113 1664
2978 75
3138 1016
5180 1729
2425 637
2818 1919
3063 80
4299 1541
80 192
3423 1524
3892 1565
3664 1747
3746 747
5677 1641
2775 9
3261 1039
3506 419
3717 1974
5049 122
816 80
5945 156
788 1540
3783 1473
4445 272
5119 1174
5705 1930
5710 1570
6116 33
6433 1988
1085 1766
2671 914
2676 3
3369 1585
3441 637
3627 1499
5135 1392
6353 1678
125 64
2684 637
2720 1352
2969 331
3582 419
3591 1746
5199 1617
2410 637
2966 1250
3623 938
3889 1367
4671 700
4871 1270
5679 1080
5733 61
6343 1334
630 64
2520 1538
3798 1551
4292 254
4557 664
4598 361
5252 1483
5992 1493
6182 1041
322 175
2427 637
2810 830
2897 1822
3547 893
3730 869
3945 1376
5255 112
5435 198
5453 1598
18 911
54 1766
410 262
1034 1831
2529 140
3365 637
3741 140
3781 1473
722 1931
3080 1070
5547 1593
6006 724
163 1266
1185 1175
2291 648
2814 1395
3039 1777
3374 637
5289 911
5465 1626
5694 790
6133 33
6364 666
2502 1372
3653 69
3713 1824
4955 1631
3626 118
4297 1829
6083 64
224 41
581 230
2740 1
3743 498
4450 23
5948 1734
6435 1944
2746 669
3322 602
4781 1144
4922 1939
5661 724
5673 905
632 1650
2610 680
2615 1251
2672 17
3657 14
5026 1617
5680 1594
6122 1102
3836 1563
4672 712
4687 1515
5208 1783
5357 1935
3001 562
3866 666
3917 1633
2435 666
2648 1504
3491 1150
3869 3
248 1667
650 1641
762 316
2289 648
2353 1
2727 637
2176 637
3320 1574
3989 559
5719 1254
136 1301
2631 667
6030 702
826 167
2060 141
2379 1369
2500 648
2688 141
2820 1395
4639 1149
5148 1746
128 1499
1047 1143
2252 648
3199 80
6121 572
111 1619
305 65
463 1606
971 326
3645 1589
6336 1969
584 39
2530 9
3147 80
3864 92
5542 1075
5654 1585
5702 1626
577 1663
814 1471
2638 637
3111 1887
3652 1859
2241 1352
3576 1405
6173 918
2857 1484
3153 359
3524 1164
5109 1265
6109 22
6124 135
1946 1319
2268 637
2432 637
2711 1595
3398 366
4607 610
4968 1510
5421 1198
5592 1669
6052 1626
6243 1688
706 167
5160 787
5731 124
6327 1969
672 1759
2401 667
2542 649
2937 75
2953 1250
2956 331
3550 1919
4151 526
5172 1970
2429 648
2905 164
2976 1984
5227 1436
5330 1641
6040 304
206 1667
1788 1474
2185 637
2678 637
2680 637
3742 1251
2354 94
2414 649
2531 140
3379 909
5200 1589
5225 109
5907 1771
603 1512
2392 637
2587 1504
5502 1686
6117 1968
378 727
2538 1251
2726 637
2811 524
4991 29
6036 1102
119 83
2408 667
3049 723
5366 750
3700 1947
5011 2004
5754 126
2967 1070
3310 1545
3473 1060
5541 287
3113 1038
3634 286
216 1414
559 240
3359 1276
3887 938
4836 317
4885 1617
956 1484
2076 805
2152 648
2382 667
2884 1402
3757 641
5687 1585
6168 724
37 1176
2297 648
2923 1402
6112 388
2436 656
2917 1822
2993 1263
3690 2004
5708 1595
5936 86
6245 1357
2178 666
2364 1605
2650 1504
3012 1250
3732 5
5182 724
6361 889
6420 342
4436 1266
5589 29
676 298
2787 1946
2961 1408
3196 80
3400 366
4449 1733
6453 1070
509 1792
2420 637
2496 1549
3002 969
3351 1545
5320 962
5669 1175
6015 1490
6328 497
6408 1896
3466 1100
3736 9
5493 1769
6309 1381
3098 1487
3327 366
4998 591
3501 1067
4280 1901
5012 1729
157 1512
2285 1
2525 667
2735 637
2955 1070
3545 1361
4694 1377
5499 1469
5933 885
202 359
2554 637
2635 1372
5545 644
5898 1772
112 14
6424 1698
2174 648
4643 1364
945 418
2616 727
5270 1896
308 610
1353 1360
2288 1
3047 1070
3054 1889
2397 1369
2404 1352
2608 140
3143 1038
3558 1789
3893 1372
3899 1328
5354 1548
5573 1784
5931 1939
480 457
592 826
715 1018
3451 1503
3512 1266
4331 1499
4544 129
5662 1899
534 1461
589 1265
594 1512
2294 648
2721 1612
2761 637
3551 1457
6065 515
6158 387
20 14
263 1872
1551 1725
2982 996
3490 471
4026 1169
4185 2000
1011 433
2511 1
2968 2002
3172 1544
3323 1584
4131 1665
4905 230
616 1670
4937 1939
5590 1935
5707 1734
122 55
3768 1473
4473 1266
5169 122
5384 1653
5630 758
5667 1212
23 14
1084 813
2386 1369
3031 357
3053 86
5191 519
5715 172
1012 1359
2400 1369
2508 681
4282 286
5318 1831
5445 50
5693 1897
565 1849
1043 1442
2357 666
2450 637
2663 1504
2958 515
3003 359
3408 1503
3935 1306
5129 1975
5291 1651
6322 497
2249 648
2964 632
5025 1907
5949 1605
6330 338
6438 1733
501 1601
2047 17
2935 853
3632 1489
4296 64
5236 1446
5340 1626
5980 1664
6218 1679
6295 723
658 723
790 9
1334 1725
1391 1412
1552 1104
2296 1504
3346 1545
3357 1688
3684 650
6094 266
273 1837
1039 793
2449 637
3619 254
3673 604
5333 1824
5722 1487
5993 40
614 633
2355 648
2365 1372
2546 637
2885 996
3294 1574
9 49
539 285
541 864
874 206
1087 591
2049 3
2295 648
2637 637
2639 637
2939 75
3752 1938
5678 825
2424 637
4429 1859
4931 1787
5121 230
5742 1429
1811 1622
2254 648
5663 1901
6323 1469
934 1772
2545 637
3007 947
3410 366
3604 358
6214 1686
12 1266
2175 637
4034 1963
4851 254
1964 3
2153 805
3291 602
3337 1567
3470 612
5128 1398
5183 1478
6359 1129
499 1734
2181 681
2514 1538
5596 35
5999 611
179 1749
1870 1266
2157 2
2188 1319
2260 648
2642 637
4945 1856
5157 1708
5521 1471
6334 1351
4587 47
4693 1376
5332 1920
5824 1859
6088 1989
981 1633
3425 1503
4391 1619
207 293
299 338
3232 1545
3449 366
4571 1425
49 329
2275 648
2812 728
2980 767
3014 201
4421 1368
4508 1662
5961 233
6048 240
3502 1668
6219 312
93 885
137 363
959 427
2524 1251
3564 1721
5231 599
5331 724
5569 1361
196 143
1789 1474
3279 1630
3338 366
6254 1131
27 1703
1970 1297
2369 667
4226 1381
5288 1023
5927 1935
5969 1515
47 1771
719 594
1783 1176
2277 681
3032 1242
3298 366
3504 1782
3669 472
3919 1251
4608 605
6227 983
6337 1622
86 1493
952 323
1944 17
1945 1622
2255 1600
2575 1504
2690 637
3227 207
3388 1545
3913 1523
5629 337
192 1583
260 1825
2395 649
2539 9
2792 959
5163 1175
5952 1612
6161 294
781 1593
1021 941
3534 1262
3905 1384
5349 1653
5466 1478
5607 1259
5641 1545
5735 451
6394 887
454 427
513 1442
1591 758
3956 727
3959 1524
6341 1969
1829 1622
2773 1946
2793 1165
3201 40
3313 1545
3336 366
3414 299
4244 112
4930 557
1209 564
1548 1425
2279 637
3026 1657
3334 366
3485 1669
5564 727
209 1765
922 1640
2267 637
2985 814
3321 366
5149 120
6129 1436
6319 600
6440 40
213 1549
746 1664
2748 1946
5251 1541
5273 1443
294 1223
647 1879
1037 347
2183 666
4676 1540
6451 1934
1061 704
2278 637
2881 164
3574 15
4415 1361
5244 1493
1093 291
1106 33
1872 1474
2177 637
2360 637
5176 1468
233 1454
1810 1622
2664 637
6066 1965
6163 446
6167 1540
1953 17
2802 706
3382 1316
4997 1390
5692 872
258 1137
2238 1550
2248 666
5122 1791
5847 337
3552 1850
5950 83
62 1859
214 649
1390 1740
2299 1504
2527 139
2957 1071
3492 1816
4609 1328
4682 10
604 1759
2898 1822
3494 33
4363 1670
6247 1065
53 1361
286 1667
716 156
791 1574
2451 681
2578 637
3986 723
2274 666
2366 667
2751 643
3500 1525
3931 787
6447 1152
550 1670
1044 224
1224 1589
1549 33
2187 1319
2461 1504
2532 139
3661 960
4180 1549
279 1667
3422 637
3520 1467
3953 887
5397 1
685 321
2302 1504
2437 1
2701 1504
3087 755
3378 1524
3523 1154
368 383
734 331
3406 366
3636 193
3725 1585
4071 925
4359 728
5077 1329
1983 1503
2161 648
2526 1538
2926 1907
3011 201
3326 1622
6095 1510
6131 1953
364 892
1794 1622
1982 1597
2516 667
2614 1251
2722 637
2803 1395
2963 996
3034 1105
3046 767
3992 1905
4152 1653
5285 352
739 1649
929 960
2556 637
3433 1503
3688 1816
5444 195
6071 157
21 1450
31 960
508 1601
646 632
652 1662
5551 1546
6402 548
79 632
203 316
1940 223
2270 637
2300 656
3292 602
3383 1503
4563 1757
5503 1653
5612 1527
5938 2004
34 1707
319 979
407 334
597 1766
674 230
704 1761
801 1490
839 320
2581 1504
2778 75
6097 1984
95 1423
987 599
2036 1121
2415 1352
2693 1
3074 359
6018 1635
138 1907
3962 75
4288 300
5988 289
169 1471
1533 564
1990 175
3980 125
6115 1212
2158 666
2159 666
2772 1966
3727 745
3738 667
5560 1546
6461 1666
1232 1677
2298 1504
2719 9
3482 1241
295 983
2352 1574
3271 1545
3376 366
4633 48
4932 1653
6028 1920
6302 226
241 886
338 1300
749 75
2039 3
2577 1504
2914 1822
3202 116
6123 1972
6268 1328
556 337
718 1626
2458 1
3265 1545
3733 9
5975 230
6101 1365
6317 1988
238 98
337 1431
714 1582
2738 1504
6274 379
6325 1075
825 86
2723 745
4105 1289
5133 1772
532 1922
1233 1723
3022 1070
3923 1280
5010 1730
2243 666
2405 695
2658 1504
2819 673
3027 1070
4202 1245
4780 1859
5276 112
5536 1455
6098 1910
6267 337
455 289
531 356
1319 546
3419 140
3950 179
4656 1372
6285 122
232 49
433 428
2618 10
3242 1038
3416 366
4049 1609
5464 245
347 276
645 1899
710 291
1156 483
1660 617
2960 1408
5218 1631
5245 298
5718 204
6333 1261
6374 1410
154 111
535 450
930 384
1550 1722
2367 648
2645 637
3514 655
4229 1666
5247 647
5390 637
5396 241
183 1414
780 1208
1647 1725
2537 5
2744 872
3384 1316
5003 298
5300 157
5972 1405
6147 1688
100 271
528 330
817 1365
2293 637
3747 1060
4951 1918
5780 1653
1079 1934
2165 666
2439 1
3585 163
4891 1169
5434 25
1089 591
4938 1787
635 87
2586 1504
2685 637
2769 1152
3987 1144
4519 1212
6199 1067
6444 1955
681 1831
2412 1902
2632 637
5275 1035
5283 911
1210 1457
2455 1257
2555 667
3488 524
4556 287
4701 1635
5624 1915
2035 1121
2576 648
2584 637
2788 1946
306 320
821 385
2301 640
2523 1251
2825 1881
4498 1528
341 1831
494 1208
2239 15
2643 667
3697 1576
4158 1267
5611 1859
633 222
976 478
989 599
2276 637
2579 1504
2657 1
3330 366
3469 958
3929 1593
6003 1831
1984 692
6013 30
6 14
729 317
1518 2003
2463 1504
2513 1251
2944 1822
293 1543
2272 648
2683 667
2946 1275
3136 1545
4680 967
5006 1730
5681 1777
6046 1151
6119 1761
29 338
727 227
2162 637
2712 1927
2983 1330
3511 382
3538 1780
3540 1714
4447 23
1049 1359
1051 793
4005 223
4949 758
69 558
2821 1984
3476 524
5605 1969
5622 1630
5911 1141
446 80
683 1540
1188 1935
3429 366
3605 1248
5619 1751
6237 1989
490 274
796 1612
800 1489
2078 141
3748 747
3907 88
6345 1765
1082 1928
1157 1677
2247 666
2441 1504
3402 1897
5829 1953
244 1329
4242 1498
6188 1246
275 777
330 320
2544 637
3083 1104
6454 1128
1024 1319
1181 483
2385 637
2987 359
3801 637
5210 1777
5253 1607
5604 1691
5648 1024
6149 125
6240 231
1821 1372
3093 1487
4823 1883
5433 1984
5823 1709
6321 1258
1118 781
2790 982
3823 939
4846 1169
6393 24
2245 805
2445 648
2718 1251
2816 1360
2902 166
3246 1216
5399 657
5904 1886
6105 1070
1880 1750
2004 1749
3737 1251
6019 1861
6070 1199
6288 893
6392 23
104 1497
2169 666
2259 656
2675 727
2977 145
3361 1622
5640 1409
6260 1467
3372 727
3401 176
3434 1111
3516 1253
3789 136
4199 654
1971 3
2282 745
2329 1605
2781 871
3155 662
3481 1233
3772 1473
4664 1574
4669 1361
1257 1677
2256 1
2418 667
2548 1902
2621 10
2900 1822
3269 1545
3461 828
3625 198
3952 1529
4235 1780
4405 1231
4523 1791
4670 1224
5977 772
2041 3
2229 138
2264 1600
2754 1946
4009 286
105 368
1235 1929
2725 1352
4268 1777
449 1424
3766 1637
5703 198
6078 795
6373 1065
1988 175
3056 80
3239 1038
4053 1815
5417 1377
5489 1662
5819 1478
245 1224
370 16
1245 628
2417 637
2640 637
3396 1540
6178 1395
6202 2000
6411 83
434 248
2585 1504
2930 1070
2945 166
3575 120
5347 33
1107 941
1384 605
1943 17
2749 1654
5249 1808
586 283
1172 1717
1887 366
1952 1622
2580 637
3392 1019
3487 1938
693 46
1979 175
2509 1372
2784 1942
2995 157
3478 959
4689 1369
5782 1438
6087 1994
774 655
1956 3
1993 1574
2393 745
2464 648
2573 648
2582 648
2622 637
3385 1059
4716 1377
181 1787
636 594
1032 1485
1650 1725
2666 648
3915 1198
5202 1165
617 1265
760 285
838 1485
3096 1607
3937 1699
4046 746
5527 1100
35 324
906 1807
1512 1292
1719 1717
3457 1524
3762 1450
3767 1637
3888 1379
4625 281
4629 1404
5627 1196
5872 1242
114 1519
1820 1622
2411 637
2551 637
2589 1504
2641 637
3151 1190
5315 723
495 177
3578 758
5572 1259
6183 1461
498 1847
2053 648
2438 1
2442 648
2692 648
2700 1504
2806 1946
6310 1998
398 1941
467 939
2588 1504
2947 1338
5042 1759
5203 1589
6390 1672
106 1462
600 611
608 1512
2732 637
2757 637
3000 814
3681 230
4542 635
4755 1659
4961 1932
256 964
1207 546
1501 1743
3427 366
3644 64
3932 1310
4082 1755
278 1847
2540 139
2566 637
259 337
2050 17
2739 1504
3420 1524
5385 866
325 805
473 298
1961 3
3114 80
5392 862
2281 745
2590 648
5483 298
6377 1938
992 562
1000 1379
2142 1113
3453 668
5504 1886
5656 286
765 603
1138 628
2460 1504
2543 637
2777 1562
3648 305
4832 1859
6141 1852
6187 1102
6426 667
288 311
1667 1485
2430 648
2686 666
2972 145
1383 2003
2164 666
3228 1545
3390 1545
4536 869
4661 641
1950 1096
2448 1504
4251 165
4921 491
5117 1798
6151 1988
240 959
2973 1070
3278 1545
942 404
3243 1487
3268 1019
6130 1849
357 348
1321 1717
1669 1121
2434 1257
2696 648
5337 1266
6200 1688
6238 1802
2190 980
2431 1
3991 1265
4778 274
4919 419
5976 885
6406 1605
1372 2003
1716 1725
2583 648
3104 1651
5978 1948
6069 1872
1977 175
2419 637
4231 1067
4431 1355
4469 41
4616 343
5205 1139
5714 957
6446 516
524 240
622 1650
2253 1319
2771 26
3015 201
5816 294
6148 444
562 1521
2048 17
2694 2
4104 910
266 1615
466 338
1092 547
1266 1677
2154 637
2695 1257
3081 1070
4934 667
6057 1791
6059 230
1292 605
3958 1495
5781 595
5878 725
6378 1028
193 139
355 75
2265 1605
2659 1504
2661 1504
2662 1
2729 637
3477 32
5370 1367
5586 1768
665 1662
919 297
2691 1
3033 1263
3908 4
4918 109
5229 40
6419 345
1103 1227
2433 637
2561 637
2965 235
5398 1622
1432 1725
1886 73
2374 1372
3283 1038
3677 1690
4703 1352
6298 1685
197 338
767 432
2163 648
2228 1372
2687 1902
1046 1143
1662 1121
2056 1319
2403 1902
2547 637
5517 451
52 1960
3013 1070
3358 1622
3780 1503
6118 1023
786 451
1189 650
1405 628
2189 1633
2423 1504
4289 1733
447 1886
551 321
986 1174
6038 33
61 1462
963 1874
2703 648
2758 637
3082 1815
5020 1594
2660 2
3177 1545
3274 1487
3974 1903
5381 1195
5724 1783
315 1900
1314 2003
2081 648
2143 727
2737 1504
3190 1038
3445 1622
5254 1607
5511 84
745 320
2768 1027
3129 1487
6027 1490
6201 300
6299 1590
171 53
2421 667
3043 1070
3345 207
5943 414
6338 745
743 251
2290 1
2624 1257
3600 758
3776 1473
4094 289
4234 1688
4759 1594
5002 1390
5597 1971
6092 495
479 1545
3493 26
5896 937
571 1498
928 284
1019 10
1782 447
2647 1504
3640 935
6380 579
657 1497
769 287
1097 547
2057 666
3009 1759
1813 1148
2426 637
2699 1504
2717 1946
3380 366
4783 1289
188 1377
237 804
598 44
2070 648
2373 637
2552 1504
2724 1257
3134 1545
4205 1261
5335 1303
5660 1079
186 320
483 1489
777 337
1965 3
2148 1319
2244 1352
2563 1504
3186 1038
6371 609
1171 1715
1922 1121
2082 94
2261 637
2689 1504
3068 1889
5807 9
5955 1484
3139 86
5712 1935
405 446
697 1478
737 1141
1062 1326
2440 1
5092 290
5456 1886
659 1606
691 1477
2422 667
3174 358
3978 46
85 1653
1514 2004
3229 1019
385 1308
406 337
948 294
1231 1715
3611 1943
5371 1968
5480 1626
6008 692
6301 1407
175 71
555 62
2443 1504
3051 80
3355 230
189 222
621 118
1088 1773
2184 649
2468 1629
3949 1585
4318 337
4754 56
5750 1650
6356 643
3297 1316
3707 1815
5768 40
585 1656
1433 1717
2257 637
4999 1004
1634 1722
1736 1121
1973 1503
3769 1473
4459 772
6177 337
3465 849
3723 1019
4698 1495
5467 118
6180 1675
631 1144
757 316
763 291
2704 619
2731 667
3679 1806
5284 1208
6256 1881
51 1960
371 1216
574 1619
1112 590
1170 287
2456 666
3099 1547
3182 1545
3233 1019
3437 1115
3639 1678
3930 657
6332 179
640 1901
1247 1754
1271 1725
2565 637
3676 1618
6150 1400
397 1784
470 1859
1900 1749
3471 651
3693 1100
3968 1862
5401 1622
6278 508
6300 1929
440 1427
453 33
1621 2004
6412 691
1498 1661
1835 1121
2227 1622
3045 814
4291 1829
6292 86
6366 1900
913 649
2459 1
2465 1
4929 599
5579 1717
5989 1602
6143 1442
957 1765
1517 2003
1529 2004
5610 558
6409 1765
393 408
1648 1709
1715 1722
3350 1019
3808 1962
452 1468
525 167
2139 1121
3016 201
3553 1715
3964 612
2730 637
2813 1130
867 166
1651 1710
1812 637
2598 1598
2997 814
3674 564
4915 1939
436 1816
1761 1343
3340 366
5591 1669
5974 1423
6024 130
6293 1428
1302 2003
3086 722
5540 1916
5923 2001
377 1494
609 1707
626 368
723 1307
1050 753
1602 1661
1819 1372
1869 1254
2447 1504
2462 2
3977 1653
4020 44
250 307
1018 366
1114 564
3307 1545
5358 722
65 1169
413 311
478 2
1077 610
4298 512
253 1749
300 31
1028 1382
1770 1740
1986 15
2242 727
2629 1019
2651 648
3069 1016
4663 1358
5554 1288
5626 1749
6232 1310
736 264
845 80
1785 1474
2413 667
2428 648
3117 1889
4279 86
6212 1764
2398 1369
5552 1532
6387 914
16 886
198 83
1657 599
2559 1372
3040 351
5303 300
1191 1657
2160 666
2786 1942
3963 1377
6441 1771
6442 1674
2454 2
4247 52
5111 1971
6386 461
2656 648
2742 648
3052 359
4413 1662
6155 32
6221 1395
6253 1869
6262 1932
376 1319
701 39
2646 1504
3397 174
4133 1721
3951 1849
4964 1185
5056 1922
5168 1970
5996 230
309 1266
1183 1931
1565 1746
1567 1740
2071 648
2182 648
2317 1629
3663 1165
1117 920
2506 1257
3140 1545
4446 1255
4606 940
4692 1525
5217 1979
5266 80
5666 16
5691 88
5917 22
629 75
1113 564
1509 536
2151 727
2780 771
2782 643
2996 1263
3475 1005
3777 1473
4753 1033
5964 468
6045 1710
6132 540
6282 67
6370 1803
2564 648
2634 1504
2762 637
3352 16
5369 1366
6311 99
28 1555
383 1279
2416 1377
2497 187
2571 1504
3110 98
3638 1174
5584 1085
578 1233
2494 175
2570 2
4796 1859
5001 1747
5539 1888
6120 1765
6381 548
142 1546
1016 1143
1129 622
1856 512
3972 701
5848 198
6347 172
331 1377
2073 1319
2644 637
5869 709
1875 1473
1906 1605
3062 1016
6080 1746
554 1671
1636 1717
2055 1352
2394 667
5804 318
6368 1251
1578 491
3934 926
5608 1246
427 338
3328 174
3452 871
3655 87
6159 1088
6379 1684
428 1331
822 1365
2038 599
2091 175
2574 2
2627 637
2936 737
3877 1558
5450 1018
6103 588
6276 668
926 1303
1441 294
1524 2003
1878 1143
2736 2
5505 1804
6125 1989
450 1510
2166 2
2791 1924
3546 9
4647 1024
5046 725
6233 28
472 305
487 15
1721 664
2311 1629
2344 1622
2444 1
3389 1019
3671 628
4803 910
3230 207
3925 874
5237 1607
5290 910
5580 190
205 363
732 1397
1342 622
2080 648
3077 80
3559 1251
6422 1266
803 1088
935 1461
966 960
2216 1605
3116 1016
3417 1358
3960 1846
4006 1671
4295 709
5959 1611
6434 85
4946 1753
5987 775
6195 1371
132 40
421 1200
843 174
1459 1661
1885 601
2046 762
2292 637
2485 1503
4634 1548
5755 1426
6089 1152
750 1673
2625 637
2785 714
2797 911
3531 662
5134 1772
6104 1779
933 753
1333 483
3536 1102
6210 33
166 1583
326 123
1720 1676
5336 1889
5937 536
6329 1359
1 1712
1140 628
2560 1504
3188 125
3513 1578
3537 688
941 1165
1261 935
1963 692
2040 1352
2173 2
2623 637
3598 1975
3601 1899
6096 728
6261 1658
6287 1955
2083 183
2199 141
2710 1595
4889 1829
151 633
1543 1713
126 127
1519 2003
1888 366
3435 788
3436 1047
5908 1709
1081 1005
3304 1545
3348 1545
3560 1069
4713 41
5973 1077
1655 1742
1791 1474
2558 637
2994 1070
3219 960
3947 1663
5364 1195
5753 1547
6209 1331
6357 235
778 1255
889 1615
1725 1121
2655 1
3282 1607
6111 1994
1784 1473
1955 3
2466 656
2649 637
3184 1250
5814 1537
5858 1744
870 1473
3281 1815
5523 553
698 594
1732 1121
3387 1019
3668 771
5727 51
304 320
997 449
2287 1505
2315 1629
2490 692
2591 1504
3716 837
6269 1609
1110 1585
2446 637
3262 800
3498 1222
6224 324
354 1387
599 174
2168 666
4186 1065
5250 1079
5474 337
6308 1246
841 938
1316 1491
1957 17
2044 3
2052 1319
2303 15
4075 728
6401 1634
352 1502
2760 637
3189 799
3712 1536
4116 501
5583 1684
92 1018
789 1540
2457 1504
2698 1504
3795 1251
4023 1651
5647 1968
5757 1506
6369 1944
627 1540
1978 17
2716 1759
3044 515
3161 1630
3280 1038
3303 960
5668 1697
5809 9
5915 529
6273 1981
223 368
684 1440
1522 1292
2789 643
2991 1070
3115 1889
3344 960
4644 481
6126 662
6432 1082
1236 1435
1493 1974
3533 1474
5522 1510
6248 1795
520 1631
1045 347
1284 1768
3277 1023
3771 1473
4245 1777
6181 32
895 1427
923 1437
1086 118
2330 1363
3479 574
4944 1607
5531 1559
5644 343
6075 140
443 317
1104 1804
1186 564
1724 1981
2707 643
2753 1530
3217 207
3241 1607
4054 1821
4488 1198
391 1980
673 79
2345 1214
4840 1213
5299 405
1076 1397
1362 2003
1976 1096
2702 648
4422 71
4740 625
4927 617
1418 628
4377 297
5865 1132
98 1558
2059 666
2087 692
3215 1019
6436 1574
276 1154
363 1675
1109 1404
2549 667
3948 1653
4410 1368
4688 1288
5132 1722
994 212
3100 1651
3264 1019
3308 960
4950 1483
6053 39
1833 1121
2077 980
3200 238
4711 1845
6162 1360
82 330
180 80
1022 1143
1389 1771
2226 1622
3347 1019
5365 1165
30 1385
3146 840
3248 365
3998 1663
5373 352
5787 1237
88 338
390 429
441 75
3770 1473
4275 1678
6403 1098
2058 727
2592 1629
2734 1
4958 579
6166 648
637 271
764 337
2572 1504
3971 887
5316 1156
2069 15
2197 15
3160 1630
4024 1265
4384 1231
5118 1678
6414 1536
678 1638
1711 1729
2084 648
5087 446
361 1749
379 222
572 1659
611 1608
1304 2003
1733 363
3220 960
3258 1039
5238 1471
6056 723
1007 1313
1947 1525
1962 175
2003 1622
4004 1670
4917 1603
5642 1630
5716 46
6228 1246
709 415
900 1612
3503 558
4822 272
5400 1024
1630 1487
2170 637
2829 923
3144 207
4522 1616
5868 1361
5939 1174
199 1062
1287 2003
1330 628
2194 15
2567 1504
2728 1257
5857 177
6032 1141
6271 68
3650 1853
5856 1800
1285 505
5650 1728
6194 995
6223 1152
48 1929
628 657
842 1499
1006 703
1208 1617
1385 2003
1749 1741
2679 1019
3926 948
5617 106
2569 648
2709 516
5324 163
643 341
871 553
1119 628
1380 129
1726 1504
2149 1297
2562 637
2682 637
2733 1504
3319 207
3628 585
3706 1468
6029 1686
6425 1897
1160 1487
1280 1717
1786 1473
3238 1547
3315 884
5893 1429
6264 430
131 1561
950 1307
1066 182
3102 1607
3112 1607
3168 211
3633 1188
3683 1948
4995 1162
73 1323
344 41
1942 1818
5842 379
5984 1436
6139 1268
356 1576
386 1317
787 78
1367 572
1559 1741
6102 1648
392 566
1373 605
3213 1545
3970 1816
4047 1377
5833 1972
6025 1986
1309 1652
1341 628
3170 358
5696 177
287 1847
289 594
2606 243
2636 1504
3221 207
3302 960
3464 1186
3755 1777
4437 1080
4941 1818
5177 1070
6207 1780
937 1691
2061 3
2266 1023
3132 1630
5341 1557
5383 1656
5439 52
5954 1365
947 1805
2407 667
3686 58
4585 1578
4959 579
5675 1910
687 174
2630 667
3300 1825
3467 1924
5045 1589
5486 1070
5498 647
1417 1725
1795 1079
1959 175
3704 1928
3793 1980
6443 1057
38 600
489 297
1073 645
1377 1331
1939 292
2042 175
3059 799
3205 895
3584 849
4093 1648
5053 1029
5416 1614
372 1259
587 1630
902 914
1738 1121
2085 141
3895 1390
4062 682
4118 230
4301 480
5561 3
6229 882
274 54
1750 1742
2002 1622
2033 1213
3224 1545
4960 759
5404 223
595 1425
1968 3
4993 515
382 13
776 1650
1658 599
2150 15
2491 175
3418 1044
4678 1585
782 189
1020 366
1146 628
4064 1690
6335 909
369 1088
1286 1995
1637 1723
2310 1629
4722 1896
5123 1724
5301 1412
5746 140
335 1018
1225 564
1255 628
1627 2004
2307 1629
2628 1504
2774 1611
3163 1545
3191 1607
4317 1438
6272 1290
204 41
1579 1121
72 1907
403 1442
3275 1547
3685 1930
3812 641
5895 51
5998 1902
785 1479
1230 628
1951 17
2318 1629
3222 884
3489 1495
6044 1928
346 262
1814 1605
2138 1121
2409 637
2557 637
5914 1065
6385 535
1991 1605
2271 1524
3263 800
3391 1019
5064 1064
5454 1541
6331 798
22 9
2029 1622
2452 1504
2992 1412
3643 790
3976 1666
4504 1761
5834 1956
492 271
5587 1920
6230 498
373 620
1352 419
1635 1718
2134 1622
2280 1585
4300 62
5966 618
1003 1143
1666 1121
2092 17
3223 960
3566 1328
3813 1946
5286 1462
5515 1652
5963 537
6099 1427
336 1272
735 723
1616 1913
1818 1622
3125 370
3187 1815
4777 551
6004 1839
1308 185
1458 1326
1836 1566
1967 693
2708 829
3528 1474
4083 49
4458 1883
5501 1141
217 149
2470 15
2568 637
2653 681
4928 617
5431 1429
5887 1913
533 1944
1102 1152
1590 1014
3318 1547
3532 1143
3705 1815
3904 1399
1158 110
1182 1711
6231 483
87 1809
1283 1717
2697 1
3240 1547
3266 1019
4055 1616
6213 1688
6242 709
6324 1092
59 337
1194 500
1717 1716
1728 1473
2600 175
3024 1070
5835 480
1094 1746
2140 1121
4000 1282
4031 300
5684 213
1656 1741
4329 895
6220 297
194 1985
512 230
998 83
3108 907
3718 1815
4509 1653
5571 747
5685 1791
486 1650
1361 2003
2891 814
2959 767
3483 1241
6241 1729
14 348
420 633
985 1761
1396 572
3226 1545
4079 1610
4599 1320
5093 173
6114 323
1615 2004
1898 1622
2043 175
2240 15
3095 1016
3924 1280
5081 727
5779 1653
6236 1233
6407 614
6448 1913
931 603
1649 1725
1730 170
2141 797
2167 637
2594 1629
3066 1016
4926 617
3460 1927
3739 283
4510 885
4943 1939
56 1542
252 320
747 758
893 1110
4219 885
5287 866
143 884
1497 1793
1937 1742
2336 1622
2626 1372
3305 1019
3811 658
943 543
3142 1207
228 358
1180 483
3630 145
77 1320
1376 572
3105 825
4003 862
1447 1620
2095 692
2553 1372
3130 86
4733 1926
5239 213
5649 468
6349 177
6384 116
1388 33
1601 1341
4882 1438
837 1585
1137 564
2652 1
3192 1038
4935 1902
5928 1614
770 396
1199 546
3103 1038
4178 18
5490 1670
6389 154
504 218
2745 789
4059 294
4209 1821
4549 1511
1116 620
2195 980
4468 1662
4696 1760
5912 12
6179 1692
6375 621
1910 1079
2001 1079
3061 1016
3109 49
4622 298
920 1330
1502 1258
1777 1621
1828 1622
2333 1622
6005 213
6297 660
404 1617
924 19
974 1317
1291 1995
1899 1622
1948 17
3863 179
4351 820
5083 1202
353 481
1735 1121
1808 1622
2079 3
3185 1607
4952 1918
5422 403
5614 468
5769 357
5837 480
6063 1786
6154 1763
160 134
656 1647
2859 38
3794 1251
4878 1159
5739 1354
1244 628
1272 1725
1542 200
1954 692
1981 692
3060 1607
3091 1487
3225 960
4065 32
1091 492
1622 623
2323 692
2478 1629
3586 454
4106 194
5446 62
5736 338
6307 1936
78 48
282 1357
415 1227
1216 546
1659 426
3251 1548
3455 1115
3967 243
4360 1137
4668 787
5734 1542
430 105
468 939
1584 1893
4831 362
5451 985
283 160
2120 1622
4237 1212
4239 1616
5827 26
6174 1226
6391 1823
102 1752
634 1515
901 1066
1005 504
1762 1073
2213 175
2597 692
3938 1792
4679 1224
4912 1231
5351 153
5813 236
333 1978
1737 599
2193 15
5585 548
6352 7
812 1798
2759 637
5913 12
462 43
1002 995
1599 539
1864 1971
1904 1214
2668 1629
4730 873
5695 1538
5771 1957
165 197
234 368
881 1600
1463 785
2075 1366
2346 1473
3023 1070
222 1388
1462 2004
2114 1622
3775 1473
5860 478
6062 1708
6318 1942
459 185
775 1482
799 1733
953 1990
1040 1458
1371 1173
1539 628
1653 1716
1771 1740
2822 318
3057 1016
5582 741
5699 1660
5867 193
5886 552
6107 141
6430 1920
570 241
1015 1019
1422 628
2072 3
5836 557
6326 1566
1303 2003
1729 1121
2487 1550
3874 1939
4043 338
4855 410
5050 1045
5313 9
481 1557
3966 1825
4984 961
3145 1607
3729 300
4734 535
365 676
1278 628
2144 1352
3165 895
3198 1216
3208 797
43 319
1809 1622
3128 1462
4364 1925
7 60
601 1375
1165 1657
2005 542
2124 1229
2321 692
2809 728
3666 1975
3901 1496
4601 1119
526 1368
1387 1164
1837 1121
2706 1384
2764 1518
3244 1038
6312 1764
4723 1363
5598 1932
537 884
1130 546
1359 1995
1563 1064
2325 692
3973 75
5296 68
725 491
982 133
3678 243
3689 2004
5676 1516
5884 605
5941 316
1217 1522
1851 1661
3290 1548
4316 1827
511 1121
688 1499
773 1726
3211 797
4373 1821
5671 1195
15 1414
1101 1011
1992 601
2064 692
5532 557
1004 716
1242 1753
3515 945
4646 1262
5544 341
6185 871
6258 1346
24 337
2665 183
4948 1812
5526 1100
6068 1597
6372 564
153 730
422 185
961 332
1703 845
2489 175
2755 752
4981 940
5376 412
359 1708
690 1495
1256 1402
1854 1144
4097 1912
5000 1211
1154 1616
1381 605
1841 941
2309 94
4256 415
6026 13
912 1902
1083 482
1274 1797
1454 1130
2037 1121
3101 1016
3508 1844
3577 1757
4066 746
5091 1933
5475 74
568 1512
1017 1856
3612 1697
4287 1450
367 42
3343 15
236 1346
720 411
1471 1742
1570 1741
1882 542
2752 1924
3573 1614
6055 384
218 429
1477 539
1823 1622
3106 1016
3120 75
3257 925
3349 15
5965 1525
6172 1301
50 537
1499 1678
1817 1622
2595 1629
3395 1958
5088 866
6020 352
150 663
4117 1508
4977 85
692 894
1523 1843
1787 1143
3903 664
3999 338
4033 274
4972 1061
255 530
1815 1372
2681 1257
3133 66
5052 727
5723 1649
2096 1680
2495 175
2840 40
3529 1474
4620 1353
5899 1102
6184 1186
6263 1957
414 609
419 1990
1980 175
2313 1629
1402 168
1452 1958
1840 1121
1926 941
2094 3
3778 941
4137 1169
4724 558
5233 1390
5638 1761
5738 1984
804 1536
1395 2003
1553 1770
1569 595
2146 17
2482 692
3459 1260
3807 1962
4314 894
4392 1651
5942 618
6049 34
41 1776
3463 24
3759 772
4056 960
5339 79
5556 601
5689 1635
6239 1629
411 1201
1753 1742
1927 1981
2109 1494
2145 1352
3267 1545
4845 222
1709 1761
3245 1607
3386 15
3394 1491
4834 1270
4969 1030
103 133
1313 365
1500 1661
1734 1121
1796 1474
3090 361
3708 1468
3965 507
5041 438
5620 115
1014 70
1583 1981
2054 692
2233 1622
448 185
3773 1391
4308 1616
6093 1403
3480 1927
4433 449
5810 745
6234 1661
226 1395
229 804
898 927
1439 1853
5343 1485
5711 1980
5839 355
6235 1946
1434 1715
4085 862
5798 105
267 1948
477 1568
1633 742
1754 1661
3468 1163
4874 1981
5115 1455
5643 1514
6039 341
458 1883
695 1985
1568 1736
1925 1179
3141 98
3709 68
4872 298
5334 1455
5990 1164
6033 1185
6050 341
465 1792
1026 70
1587 1154
1842 1179
1865 2004
5701 191
6251 1861
496 1916
1173 1487
1332 287
1987 1096
5271 36
5277 220
6427 1734
721 1459
991 41
1179 564
1253 1990
1969 3
292 1443
1555 1722
1664 1557
1816 180
2476 692
2783 771
2807 1100
3341 15
3472 1984
3563 1419
3587 1088
4939 1866
558 910
3659 1164
4113 49
4248 724
4326 1616
5786 2
1222 1990
1646 1710
1843 1121
5873 1971
6170 677
200 1660
668 1360
1398 1173
1765 1994
2483 1503
2604 17
4411 1285
5566 564
1239 1007
1275 597
2596 179
2602 692
2633 1372
5350 366
752 74
1035 1234
1184 1786
2023 1622
2916 1470
438 765
1495 1743
3259 800
5985 193
1513 1130
2200 141
2230 1229
3183 1547
5051 1980
5700 1414
475 1681
610 321
1010 1958
1355 20
2099 15
3260 925
3914 771
5388 321
915 338
1063 1221
1581 1559
1661 1121
1675 1092
1710 1661
3649 1575
3687 1562
6084 33
89 1569
144 319
910 206
1127 1797
5741 1419
110 849
1055 628
1131 1208
3680 1473
5021 254
5099 1921
5830 270
503 1153
1009 284
2477 692
3019 1479
3440 1099
4060 185
4906 1584
5482 1791
6086 1839
925 78
984 1530
1301 547
1545 1725
2006 1023
5362 796
713 223
1025 717
1152 628
1322 1768
1488 1064
1521 1652
1874 1473
2191 692
2211 692
4867 1575
5751 695
5778 1479
6286 1920
1632 1717
1663 1981
3589 120
5367 1471
191 216
272 291
314 150
1421 546
1640 1769
3761 1382
5772 1598
1436 1716
1792 979
2473 1629
4936 1024
130 653
225 1279
815 1455
1310 1621
1317 1127
1773 1575
3030 1953
5215 1864
5968 1989
579 1515
705 1083
4136 1656
6175 1253
794 274
4370 1696
461 1131
873 1344
880 1898
2931 894
4537 438
4615 1213
4815 80
5342 169
1455 519
2486 1297
4187 449
5891 1197
1335 628
2823 78
243 1944
271 302
518 72
567 1816
669 1427
851 320
1714 1725
2088 692
2453 2
2481 692
4390 449
4785 1616
4859 667
5811 9
5957 763
439 1259
497 451
2305 648
5055 1329
6135 230
6142 38
1368 1621
1652 1725
2108 91
2214 692
4404 1458
6127 1932
856 1371
1100 803
1400 1621
1445 2003
1827 1622
2918 553
246 323
1834 1121
1855 632
2331 1622
3107 799
4533 337
4860 885
5066 287
1153 1617
1215 628
1219 1007
1399 2003
4167 1524
4590 298
4708 1434
5951 284
967 18
1994 1251
4512 321
5188 1924
5704 295
6073 1846
1364 1064
8 1760
1213 1725
1360 572
1437 604
1858 1743
2111 1622
3710 1869
904 1241
1456 1913
1779 1913
3562 844
4067 175
342 1165
1052 68
1547 564
4794 1097
5744 71
431 594
618 65
655 47
1392 446
1631 628
1911 1622
2235 1473
3526 1798
5016 925
6222 701
6355 1832
649 287
2034 1121
4142 1750
6189 1776
1365 131
1370 572
1760 1068
1966 1622
4797 263
5946 1957
349 338
4320 1930
5805 1537
5840 1212
6429 1060
425 1804
951 344
1057 482
1299 1173
1444 605
1960 692
3509 524
94 1533
1639 564
1731 1856
3249 693
4799 728
4994 1099
5221 1431
5307 298
1414 620
1862 1737
4432 1452
5888 1692
1374 2003
2209 1623
2750 1924
3301 800
3805 1376
5919 322
707 459
1023 554
1740 775
3760 617
4814 233
6315 1381
412 643
5393 1780
6252 1019
869 1325
1586 363
2116 1622
2484 1525
6423 628
865 1326
4361 328
6085 578
167 78
679 1900
968 41
1425 1841
1554 200
2198 1629
4974 628
5372 312
1281 1715
1680 785
5072 338
101 9
607 1224
779 68
813 887
875 54
1672 1877
3276 1547
3983 1632
5067 1585
6316 402
1443 1005
1504 605
1877 1622
2098 1550
2192 648
4526 174
4681 1535
5800 337
588 1241
938 454
2196 1629
2312 1629
666 1972
1205 1185
1331 546
1572 513
1695 1742
1806 1214
1949 1550
4597 884
5866 348
6399 1177
6417 449
374 337
1027 1638
1305 2003
1638 1722
2097 694
3696 572
4407 862
5260 582
5994 506
591 55
828 440
1451 1958
1917 1622
2469 1629
3691 1174
3861 1776
3982 1663
5308 194
6400 1594
36 1303
1676 123
3994 689
284 852
311 1638
583 637
990 1981
1175 1208
1315 592
1424 247
2147 692
3137 73
4352 636
4379 569
474 1182
1930 1742
3774 1473
4825 1536
358 57
641 1403
1881 1622
2808 982
3097 1206
3902 723
4120 131
2026 1622
2322 1319
3583 872
932 395
1252 1725
1282 1722
1343 628
1596 849
1607 2003
1766 2004
2599 692
3672 1870
5894 1446
6074 768
1065 485
1169 546
2032 1559
2348 1622
4489 1373
442 1401
759 661
1320 483
1435 628
1480 1620
2605 1550
4464 1881
4731 647
2941 1441
3179 211
360 1940
1121 628
1846 1121
1909 1622
1924 1169
2839 192
3838 1948
4465 1450
1234 1713
1901 73
4586 1575
4925 1618
5788 1585
807 102
1031 1485
1363 572
2334 1622
2350 1214
3961 1912
118 127
1466 1064
1894 1023
4920 1939
5375 1537
5481 1662
212 74
1122 628
1406 620
2062 15
2129 1622
3507 1930
3916 692
5382 151
227 1753
653 1927
1905 1622
4727 1821
4795 1926
301 302
1226 961
1279 1717
1585 1121
1698 592
3510 1530
4018 1165
5639 1710
995 1309
1041 1765
3284 1038
4480 1485
5437 74
521 130
1914 542
4761 1859
5353 272
5599 1731
68 1569
1115 1795
1164 886
1485 539
1520 605
1712 536
2223 1079
3135 1630
3872 787
4869 759
1830 1622
1844 1121
5328 2
302 1379
972 1578
2021 625
2122 542
2225 1622
5838 531
1528 576
2202 175
3572 1825
4604 1450
4966 221
221 1022
418 232
1464 539
1681 1741
1974 609
4050 117
4700 941
269 1945
792 1136
846 574
2027 1622
2670 1572
4505 1049
5185 1428
6171 320
435 1971
1423 628
1883 3
1912 1901
3954 793
4017 324
580 1943
612 1299
1876 1622
3092 1216
3530 1019
3830 752
4947 1800
5302 300
6249 70
6350 1624
545 1478
1240 1926
1270 1725
3981 1915
4369 491
5310 290
1276 1715
1798 542
2765 1835
3860 823
4738 1859
5097 1434
5110 1999
5729 1632
6136 27
1483 1741
1613 2004
1751 2004
1915 1473
940 352
996 563
1312 802
1378 1661
1489 1341
1824 1214
1847 1326
1860 1742
1929 785
2304 666
4566 866
5013 862
5309 183
5576 1643
5717 419
6313 1396
3911 1595
4175 1486
4749 310
3342 800
4907 1616
5747 317
6043 1925
437 1031
1879 542
2030 1474
2467 1629
3126 825
4157 607
4321 1046
4812 613
5059 156
5294 1179
5775 207
5892 273
285 240
882 723
1797 542
2479 1629
3658 1713
4123 1330
5764 1935
1427 546
1503 1976
1516 1843
3454 728
5577 307
726 389
754 1589
1059 70
1336 1185
1617 2003
1682 1418
1805 542
3089 1220
210 1567
384 1486
1921 941
3127 1016
4294 564
4712 1454
5920 529
6017 941
517 886
546 918
1861 1742
2090 17
4416 862
5078 416
5743 1901
329 1667
993 735
1042 941
1246 546
2012 1229
3990 202
5906 319
6383 1819
1609 2003
1718 1786
1892 1229
3815 700
5555 1172
6138 613
1190 1929
1409 1184
1505 1815
1998 1229
2349 1622
3975 88
5506 194
6034 1143
1475 539
2067 1352
3250 1548
4800 121
4844 1977
2 1462
1408 1522
1481 1741
1490 1092
1780 1575
4127 1563
4168 1611
4583 1117
4817 1277
4988 287
5440 1838
5581 1989
5944 750
1198 628
1863 1661
2017 1229
3058 70
4153 1471
456 215
1001 1954
4890 1704
6265 990
753 1859
892 977
965 164
1366 2004
1700 357
3084 1454
5428 97
1123 546
1850 1661
2063 666
2112 1214
3237 1023
5017 1670
5355 1894
1530 1690
1564 1661
1614 2004
2335 1622
3837 672
4045 174
4605 97
6001 290
6090 138
1739 1121
1852 1418
3603 1121
6000 1825
1804 1143
2031 1856
2117 1622
4222 1996
4258 1616
4588 962
1369 1390
2127 542
3159 73
4967 167
1074 1373
1214 628
1431 565
2340 1622
2705 1495
3272 1019
3995 1400
5281 1179
6021 1061
1095 548
1128 628
1484 1742
1671 1073
4332 30
4729 1390
4908 884
944 352
1713 576
4162 449
4903 1135
6363 1243
5405 495
728 1641
1531 227
2715 752
4402 178
5698 426
5720 501
1691 1742
2798 830
2826 430
4428 1931
682 910
1538 628
1907 542
2234 1622
3561 1932
343 1409
615 1582
1707 1088
2007 1023
4443 1001
5844 85
5902 1934
268 275
394 710
694 1998
955 73
1161 166
1544 1708
1557 1716
1582 775
2010 1622
4091 1474
4742 1829
493 1033
829 294
1075 578
1474 2004
1670 1341
1989 3
1764 1510
2492 692
4013 1165
4337 1812
4767 862
5325 78
5530 1388
5929 173
388 960
907 194
1556 564
2231 1622
4718 590
4726 1211
2066 1572
2068 15
3456 238
5468 1932
1382 1173
1416 1725
1704 519
2018 1229
3094 1630
4427 139
5803 494
219 720
1139 1990
1486 486
1928 1418
4909 1126
5815 2
891 1370
1626 2004
3311 70
978 226
1908 1622
4035 1506
5033 1110
5356 352
3123 1250
5427 58
5469 1395
345 1306
849 472
1763 1741
3254 800
4044 564
5991 1628
230 228
1935 1661
4899 1821
5543 330
620 724
914 621
1936 1661
2601 17
4419 232
5745 366
6007 136
328 416
1192 1952
1468 1168
1541 628
2130 1079
2770 143
4886 1400
5429 517
201 715
576 1041
958 1962
1918 1213
2110 1229
2131 1622
2133 1622
4081 682
4732 191
5023 321
134 235
1619 2003
1748 539
1893 1622
2332 1622
5796 449
332 1880
918 1614
2014 1622
2089 175
2100 608
2221 1605
3206 1630
4076 1165
6140 1984
6382 1628
2208 175
2942 767
3166 1630
3252 15
5563 1922
724 1626
1124 628
1221 546
1307 1331
1413 628
1487 2003
1807 1622
2101 692
2474 1352
2804 613
4534 1953
19 123
1174 489
1562 1741
1708 755
6137 1055
6410 1474
3042 1070
5363 175
5378 628
290 319
4322 1528
5861 434
5983 686
457 1590
510 689
890 1309
5854 465
1831 1391
3940 1837
5806 745
1013 995
1251 1754
1891 1079
1895 542
2669 183
2824 205
3175 1119
4853 1458
1508 623
2011 1079
2347 1622
5361 885
5762 1083
1166 1010
5263 62
988 1981
1126 1459
1415 564
2488 692
4675 393
4775 594
4979 628
738 1080
1825 1818
2132 1622
4552 298
654 495
4940 114
375 175
3253 800
522 363
733 1409
1491 803
2794 1654
4655 207
4924 1939
5812 312
1090 22
2471 1629
3957 1322
4735 454
5461 309
6079 1809
416 203
903 1019
1254 1717
1839 1121
1941 1560
2115 1605
2306 15
4541 1949
4888 895
5019 341
5108 1760
117 1886
2028 1473
2341 1229
4041 1921
4747 1395
4987 67
1449 1173
2009 1622
4342 724
4527 684
4810 884
1318 546
1506 785
1884 1096
1890 602
2337 1622
4506 586
6023 30
6250 1657
613 910
2493 175
4715 139
847 324
1386 572
1467 539
2107 692
2135 1622
3203 1630
4220 866
5380 1473
5982 960
1848 1258
5594 52
159 659
552 104
639 301
894 622
1249 615
1690 1624
3796 182
4942 599
680 1822
1148 22
1178 93
1338 1081
1356 536
1618 616
1800 1622
3909 210
4425 92
4805 1616
5874 820
6306 1088
6428 1080
1608 1843
1826 1622
5282 978
5918 22
6388 24
1300 1390
1379 1575
2119 1079
3289 1900
4649 516
5024 1458
5849 529
399 1823
1693 595
2308 1629
4165 449
4982 668
5100 1434
5317 1682
564 51
1457 1819
4080 917
4417 1358
0 791
324 660
1163 221
1580 1893
2593 1113
4996 1061
5890 1197
1697 1913
1168 1420
1220 628
2015 1622
4976 1962
451 225
1705 320
1706 1064
1913 1622
3848 522
4699 646
5967 1624
973 1251
1008 1939
1060 570
1494 1418
2232 1474
4420 1237
4933 5
444 415
1412 628
1492 1741
5793 1638
5797 1452
6002 1458
6415 647
1576 539
1625 1621
3910 210
4061 1624
4821 268
5900 190
755 1178
897 1368
1496 785
1745 539
1767 2004
5889 12
5901 1658
6145 710
6413 1474
270 1745
756 298
1403 1150
4901 1637
6257 829
1033 131
1683 1781
2086 1629
5436 1590
1803 542
3131 1023
4102 814
4139 1110
5882 1998
235 1635
740 871
1132 628
1566 1976
1606 1436
1624 22
1822 1574
3662 677
4048 1679
4087 90
1611 1620
2236 1473
4439 1524
5130 1973
491 604
561 1536
1125 546
1560 2004
4309 546
4356 862
5524 592
1243 628
1571 513
1641 628
2022 1622
2128 1622
366 59
1238 1692
1573 1741
1781 1575
1932 1742
4858 667
6060 1212
6280 987
1525 2003
1897 1229
2205 692
2215 762
5047 1439
2019 1622
3797 1624
4078 1624
4521 1915
1358 2003
1592 1156
1802 1143
2316 692
3157 70
3985 603
2106 698
2338 1622
3255 782
3641 1876
4014 216
6452 1194
1151 546
1349 628
1393 1243
1482 539
1546 1723
1612 1995
1727 1260
2324 608
3216 1825
4760 1176
4766 1387
5005 535
6346 1206
543 319
1070 762
1120 1717
1938 785
3806 373
4319 709
4515 1793
5062 67
2603 175
4328 45
748 190
1677 673
4659 327
5209 1710
5930 177
280 636
476 1611
806 1392
2314 1629
3209 129
3218 1911
4820 459
4902 1439
1048 504
1510 1331
2319 3
4444 32
5516 356
6110 1607
172 1424
878 960
1263 597
4752 577
5120 478
231 1629
700 802
1340 546
1448 2004
1995 1434
2025 542
2222 1214
3610 93
4249 1277
582 88
1262 523
1344 1104
1507 1621
1975 175
4887 396
5981 1220
979 571
3568 120
5150 511
6153 388
1339 264
4389 1760
6208 1601
1177 1725
4129 213
4914 862
5278 1917
1588 1121
1790 1622
4108 503
4263 906
4266 1760
4804 1821
5044 1434
5116 709
5953 1007
432 74
507 409
557 210
1133 628
1200 1725
1958 17
2217 1622
3984 577
5184 1949
5338 1424
5774 207
5850 757
5881 12
1054 905
4221 1264
5374 1182
409 327
4737 93
4893 1068
5876 620
291 70
949 920
1067 628
1775 2004
2065 694
2320 692
5096 1127
536 300
1258 1725
1357 572
1420 628
2220 1622
5962 1991
1202 1722
1526 1173
2224 1622
4414 58
1446 22
2343 1622
4978 85
5752 4
651 776
660 1265
1465 2004
1628 755
4485 1143
4551 174
5497 1092
1534 544
1747 275
1999 1818
2206 175
6354 1909
1678 1878
2118 1214
4789 862
4852 1189
5686 1361
6431 1062
348 1157
2475 1352
2667 1629
4554 1760
4786 290
4957 187
5089 621
5419 1908
6035 1517
1345 1959
2126 1229
4525 194
424 1457
464 213
1030 1829
1141 628
1527 1280
1866 2004
4686 1141
4963 1185
173 1252
2763 1361
4466 1241
5098 261
5293 1868
1776 785
1902 542
4303 1772
4748 791
5103 198
426 45
3728 1859
4765 1670
5851 522
247 307
1297 1621
1629 1804
1931 1326
5507 590
1223 628
1289 1995
1757 1073
4339 1616
4745 67
4980 414
1056 656
2136 1003
4072 960
4169 183
4327 1423
4813 1821
6041 1624
1136 546
1147 628
1597 785
3993 646
4109 1760
5257 298
5495 1869
5794 1638
5855 1268
1857 1743
277 1346
1167 628
1478 1620
1540 1725
2779 1006
5258 306
625 554
1375 1995
1845 1668
2342 1622
4107 931
4111 1674
4545 862
5080 1366
5259 1390
5759 1629
969 172
1295 2004
5095 740
5368 1575
1108 920
1768 1819
1853 595
3288 639
4477 1358
4770 517
6398 1382
1793 1622
4057 91
4600 480
4736 654
4811 1821
4828 1450
4865 1088
5853 1949
1201 628
1692 1382
4503 1821
127 614
3124 862
1801 542
4916 640
5409 1786
5472 1233
1347 1185
1537 1104
3158 1630
4706 1923
5070 1404
5071 1823
5 551
703 1363
1849 1418
1916 542
2104 3
5094 1638
863 539
1064 1614
1241 1522
1267 130
1438 1426
2218 1622
3595 1772
6290 1957
387 1266
831 514
2327 692
6064 613
6077 1423
1162 1435
4126 1450
4911 858
5256 939
5379 34
1453 1064
2472 1548
4340 1675
4353 1704
4386 862
5090 1957
6204 1130
506 193
805 1769
887 1791
4426 882
6296 85
1561 595
1838 1121
4068 1102
4518 321
1099 1284
2103 692
4401 1825
445 537
2008 1622
4409 449
1674 1590
4042 814
4122 1485
1296 242
5777 1582
1755 539
5075 1193
211 1259
662 1410
1934 1742
4516 1786
4975 1185
5760 1629
602 368
624 1008
1149 1722
1348 1926
1867 2003
4593 321
772 1234
1351 1469
1673 1745
2013 366
2125 1229
4956 294
5423 1642
514 1176
1476 1819
1689 772
1756 1745
2207 1827
4011 230
4174 74
4900 884
5074 1011
5862 434
515 356
830 1314
2203 175
3758 1623
4058 175
4837 1585
5004 1671
1058 1824
2093 175
4325 517
4779 43
5455 599
123 1482
4302 1932
4474 596
4539 1949
6348 1559
675 1265
1574 595
1644 1208
2841 1957
4141 9
4705 59
862 1212
4138 701
4156 1991
5079 1213
549 1770
5562 1396
606 355
663 613
1197 465
1203 1926
1273 1722
1515 2003
1605 1742
1799 1622
4725 1786
6197 1129
1610 1621
5518 1912
5852 354
5971 170
810 1621
4179 656
4841 843
4861 14
544 1964
1145 203
1212 1717
2024 1622
4345 1730
4190 180
4569 960
5346 1268
872 1671
1404 628
1461 1742
4110 1636
5305 133
593 1056
761 1647
1227 1208
1328 261
1759 1819
2326 1494
4368 1857
1144 628
3629 1186
4387 862
5595 397
6259 1092
1306 1960
1326 1208
1997 1622
2210 692
3803 1185
4684 1409
4881 334
168 1961
795 215
1645 1770
3439 26
3615 277
4457 142
5076 4
638 1957
1479 539
1778 2004
1859 1177
4806 1458
5073 987
1293 1065
1426 628
1472 539
6042 1925
1920 1260
5413 1656
1193 1798
1511 1386
2016 1229
4211 1760
4259 53
4492 1115
5783 131
5864 565
2137 1019
3816 1962
4241 529
4863 45
4913 154
5104 938
1688 1629
4772 590
4895 941
4362 1100
1206 1944
1603 772
4365 342
6031 1121
1288 1390
2480 692
3618 830
4096 984
4990 1143
6275 815
6437 884
327 1455
516 1698
5674 368
2212 1494
4493 1901
4511 866
523 45
4084 50
4816 1690
4856 812
5014 1760
4040 1314
4496 272
340 1143
1096 1760
1430 287
6014 578
1394 1736
1577 1742
2123 1214
4039 884
4776 1405
4808 1155
888 570
1260 1791
1600 1073
4451 1080
4543 480
4842 613
1142 1725
1329 628
2204 1494
1259 1010
1832 1038
2201 608
3171 1479
5418 1715
1204 1995
4125 83
4481 317
1536 1208
484 1240
1699 163
4790 310
605 1559
908 646
1337 1208
1135 1926
1327 1725
1407 628
3828 1883
4501 1452
5420 625
429 1330
1746 539
4424 1084
4877 1630
6076 520
148 342
4284 1392
4442 154
1323 247
1919 1260
6128 1619
6152 1046
1176 628
1294 1621
1623 2003
4388 1000
1324 628
4418 139
5773 207
6291 1403
485 259
1401 1621
4367 328
6396 238
3946 918
4452 290
402 68
1290 1404
4491 746
5766 179
1397 1100
1868 548
4528 1115
4898 1194
5035 139
1053 238
1450 1386
1769 2003
5411 840
4784 1361
500 423
4962 1959
4375 1231
563 274
2000 1968
4101 1213
4400 152
4876 1112
1469 1064
4260 1522
4403 1586
1250 628
1298 131
4293 1675
1772 1913
4793 1636
861 436
1752 1064
1903 1261
2219 1229
3829 41
4073 152
5463 1175
6463 613
596 1396
1346 1995
1460 1624
4476 9
5327 183
396 273
712 1100
1428 628
4484 181
4271 1539
4695 1794
5471 621
835 52
4847 646
4953 1611
5359 1611
4074 2
1744 1343
1470 1741
2105 608
3356 772
4088 1022
5061 45
5107 1099
1702 845
1923 1121
5776 970
1211 1715
4355 844
4744 1520
4873 1516
1218 546
4792 1057
1996 1434
5345 622
879 56
1143 958
1933 1156
4052 869
4603 226
6455 1763
4032 884
4750 988
5603 1240
859 1948
4482 1567
744 613
5863 484
823 831
2328 1494
5312 3
5903 130
1532 1819
5069 409
1134 435
1229 628
4568 1902
4826 1198
1685 480
3814 1614
4570 613
5114 709
4155 1496
4163 1146
4575 1980
5106 1390
3594 1629
4261 1143
116 1273
1896 542
4147 1868
4166 1297
4596 310
4440 1611
1237 615
4577 260
4743 1361
983 812
2121 366
2339 1622
4346 1805
6022 684
590 1236
2020 1622
4971 527
5424 1951
1411 546
4030 449
909 52
3695 698
4573 223
4592 1706
4201 884
4086 1594
4553 1567
5022 152
730 180
1325 1208
4467 98
1598 1819
5063 339
848 447
1350 628
4310 1616
5470 430
1696 1173
1741 715
4381 1135
417 1813
4100 1909
4762 1100
5326 1112
5414 1395
5785 1612
5808 1056
4272 613
1774 2003
4357 1434
4454 1353
883 1978
1665 582
5058 1759
5068 1505
899 1383
917 268
3996 1829
185 231
4383 694
5525 1510
4051 436
5784 371
389 1608
4973 1163
124 1168
855 687
4240 12
1593 539
1701 1621
4448 1193
4830 1324
4857 570
5018 51
3804 1028
4189 1760
5425 1565
885 1893
5459 1427
3617 324
4285 1677
4719 1723
4728 437
5394 685
1228 1995
1594 1819
1668 1856
4559 1878
5030 1801
1643 628
4265 1661
4483 1760
2805 1319
877 194
1442 1173
178 1585
4829 561
4610 1317
4144 1980
4376 449
4463 1503
540 791
1604 357
5084 880
1686 416
5509 1171
4374 898
4462 1458
884 1405
1410 1098
4354 1954
4864 801
4970 1959
4311 1143
4827 1680
2113 1622
4257 1536
4904 1165
6246 736
4561 960
1679 2004
3862 553
4985 1825
4380 268
4262 570
4338 1616
4495 1760
4210 1097
4530 844
864 1860
1473 1742
3656 1647
4090 1018
4854 1957
1742 772
4124 152
4161 1053
4393 1496
5940 1420
820 1095
854 190
4438 959
4486 449
4145 183
4170 903
1150 615
4176 646
5500 1998
1248 1717
4487 1495
5036 11
3873 1763
4154 593
4576 45
1268 246
4286 1165
4894 43
5329 1980
4305 1730
4507 337
4574 321
6113 19
575 1526
1687 659
5447 317
4798 1909
5105 1821
1620 785
911 1909
1265 628
5970 1629
3631 590
4098 1191
4218 634
1429 628
4382 609
4472 260
5060 1980
312 894
4343 496
5496 1819
5688 1168
4560 925
1535 628
4838 1699
886 267
1589 1037
5279 1653
5352 1763
5389 1980
2776 1514
5460 297
858 1299
4128 1874
4479 1168
4788 56
1758 1620
3859 1510
5430 514
5877 820
827 352
4720 505
3588 1741
4394 1277
4591 1395
4807 1537
6198 307
4685 1949
6462 1763
852 780
1419 1717
4636 184
4848 613
1684 1743
5410 67
3997 1510
4366 1569
758 1770
5321 1240
1575 513
1642 261
6108 72
4769 809
850 1840
4307 1956
4349 1165
4412 1610
5613 461
824 1260
4453 1358
4517 960
5386 45
1264 1785
4015 1636
4986 260
661 198
5360 649
4746 1393
395 1626
1595 772
4112 1183
6157 1874
249 415
381 10
2102 333
4910 183
4547 1696
4771 1195
793 827
4350 1427
5038 1645
4824 1270
5311 1043
4095 836
423 1104
4395 1349
538 1347
2879 1987
4063 1303
4500 750
4333 1878
4595 396
5494 104
4461 1878
4531 862
5508 59
6226 273
1195 287
4408 1458
4475 1621
5885 269
1311 803
860 780
4434 614
5040 1194
5280 1662
1743 849
5934 877
742 68
4143 1092
4709 510
4818 181
4839 1179
5146 318
4140 88
4304 1821
4306 1916
1694 1661
4177 1227
4768 716
5491 233
4385 609
560 1301
797 1224
4406 1358
836 12
4037 18
4264 321
4897 1358
5924 884
5242 1346
818 99
4455 1097
4594 1949
1196 1926
4751 349
5795 584
4529 1616
5947 105
4707 620
5758 1693
4192 74
4555 1404
977 355
5037 1071
4191 578
4862 1821
4892 1496
5034 746
4791 1419
5344 349
4658 1933
4546 1949
819 522
4514 1627
4460 1945
4399 1901
4896 862
4965 869
4983 482
469 1350
866 363
3847 1851
4502 613
3839 1186
4334 1314
4236 1878
896 485
4809 1980
5085 614
4520 1403
4843 1165
4348 1591
242 1318
5377 472
4763 1467
4029 1135
3609 1127
853 823
4989 667
1269 130
4069 848
4623 1011
5875 1724
4077 221
4089 181
4441 1636
4567 1653
4787 1458
4164 67
4347 1165
4146 1911
876 1526
4490 1616
4200 1385
4344 1976
5412 521
4188 43
840 139
4358 1141
798 18
4624 154
5057 1945
5448 1760
4513 613
5387 1976
4099 1260
4494 440
5015 1392
5510 115
4119 1227
5220 1980
5458 511
811 1620
4238 335
4562 1116
