img07c1.jpg img17c2.jpg
5175 1615
5032 146
5618 983
4635 983
5029 176
4619 311
3918 1766
3827 983
5212 406
3824 1766
5187 1615
184 203
4206 146
5231 1518
3799 470
3571 146
5142 1615
3702 1414
3854 984
5125 1143
5152 1143
5156 390
5818 382
5822 716
5653 462
6217 1612
2613 1197
3790 467
3880 984
3866 1647
3810 462
5799 874
164 1225
5143 797
2351 1788
5153 1155
3539 1612
6408 603
3339 1313
3505 1613
3912 203
4183 146
5198 146
6284 1615
3621 874
5512 1149
2499 1169
3711 141
4652 22
5144 1615
4674 1636
6216 1612
5817 716
4626 1088
3593 146
3622 1611
5174 1154
5426 716
6376 1154
5232 1734
4172 390
6215 1143
4114 1156
5916 1613
3614 406
5910 1501
3085 1061
5606 467
4631 462
4923 1288
5027 146
6453 436
5790 852
2531 1197
4640 1321
5880 1636
4215 113
5519 1636
4292 1636
5246 414
3845 646
4233 146
6360 382
350 661
3723 855
3886 1647
5679 1740
3882 652
5127 1155
3802 983
5201 327
5921 193
741 986
5898 390
5664 1321
5207 382
174 1007
2358 984
5821 1636
3495 292
3409 983
3426 983
4558 181
3569 146
5141 1155
3721 1061
5269 414
2508 1169
2512 1169
4205 307
5171 146
298 193
2631 234
2368 1169
5195 1143
3541 823
530 942
5636 252
936 1747
4471 1636
3868 984
1985 458
5407 141
4246 146
2505 1169
3527 1711
4632 203
5879 1636
2399 1169
5222 176
2156 984
4315 1182
3892 238
5565 1636
3156 1061
6266 1154
5126 1607
5164 382
5749 1414
5909 390
3450 983
129 908
2391 1169
2386 235
5192 976
1440 992
3428 983
964 753
3080 158
2521 879
3442 1788
4415 1636
3375 1313
3692 1225
4774 181
2383 234
4470 883
3542 1143
4637 1088
5159 327
3637 181
3682 1636
3871 1648
3743 257
3371 1788
3722 1225
3734 1665
5601 393
3763 1161
4694 1648
3517 1003
4954 874
3525 1156
5826 1007
112 488
5536 1784
3421 1277
3745 1321
6193 772
2539 879
5843 488
5043 312
5204 445
5478 361
2515 1197
2522 1197
3357 1288
3377 983
5223 146
4208 816
6156 984
4282 1789
155 1737
3867 984
771 942
1187 774
3597 398
3855 1277
5905 1061
128 200
2363 1169
2529 1197
3784 467
4198 1102
5319 1061
717 957
2152 1114
2263 647
3853 862
5138 1607
2986 436
3733 240
3844 1169
3869 1773
2498 708
5298 332
3730 1665
260 302
5241 327
3741 258
4132 382
4270 377
158 883
2514 634
3544 1711
3896 1341
1873 1534
3987 1789
4580 883
3592 956
3698 883
3870 660
3447 983
3620 1225
5102 183
5634 462
2381 234
3431 203
5549 508
5166 1574
5488 1636
2172 1169
3555 774
4564 1636
5154 1615
5179 382
3565 146
3726 725
2356 1209
5157 394
2371 1127
5322 1007
5441 1061
4627 181
4662 1029
3731 243
3703 1225
3881 1194
163 1636
3448 1313
3458 1277
4565 1636
3936 622
3945 622
4281 1670
2380 234
2412 1788
4612 203
2511 1169
3372 997
4182 390
5529 883
322 1777
2361 1380
3496 1612
5728 716
2903 82
3852 1647
2719 1318
3737 248
3840 1169
5737 725
581 1225
2411 1788
2555 1383
3754 1053
6449 439
2388 234
4276 808
5137 1463
2369 234
2372 1169
2614 1197
3791 596
5655 1248
1950 597
5178 1507
3929 1160
4758 1225
4819 1636
5193 823
6342 146
190 1740
2525 879
3898 311
2269 647
2377 1169
3335 967
3337 967
3736 248
3857 238
4197 956
4683 1647
3367 1788
3570 1507
6161 398
2248 1194
2504 234
4290 176
6404 1528
42 1636
320 1197
2858 394
4657 203
3822 984
6134 440
2687 1788
5284 177
2519 1197
3885 1277
5537 141
5602 1501
1878 617
3430 983
3732 243
5635 1636
2502 1169
5791 1007
2408 234
5678 716
378 239
2528 879
3543 817
3765 1743
2559 1383
4584 1248
4880 1225
2533 646
5871 1613
2362 1169
5632 203
3602 956
4621 1636
6010 716
2524 241
3843 443
5243 319
3785 1161
5513 1061
2503 1169
40 1725
2536 1197
3608 340
1155 414
2550 1169
2792 344
3623 1636
6182 1088
257 1725
2370 1169
5216 411
5677 716
857 986
3444 1788
5109 516
1942 566
2396 1169
2510 1169
2775 879
760 1213
2520 634
4450 218
5462 146
6283 390
3646 1082
3832 174
3850 1648
4252 181
4638 1788
5358 132
2384 235
3497 1616
2060 1114
3654 1714
5206 1281
809 1725
4875 1636
2523 241
3653 1213
4034 357
3746 1703
5031 312
5197 176
5247 114
2673 1113
541 1326
2251 1169
5992 18
135 1636
2762 1383
3294 1313
3613 1213
3699 200
4891 1637
5008 1607
5832 959
751 957
5748 421
2616 1197
3580 146
3585 1742
3719 705
6303 1220
20 488
3018 424
3535 449
3820 467
4579 1061
6338 1788
2501 1169
2507 1380
5789 883
2376 236
3519 146
4148 394
4870 1636
5139 1607
4217 1281
3443 1788
3567 956
5550 1061
5907 1613
5391 391
5473 883
195 22
2355 1209
3374 1788
4757 1654
2181 1209
2244 1114
2258 984
3944 984
4149 382
4851 1636
482 957
2367 1169
3740 1225
5897 1061
6206 1611
99 1061
3366 1788
3735 1665
5292 499
5521 1737
2375 1382
3154 1248
3742 248
2538 1023
4216 146
4538 1225
5628 516
664 1789
981 22
2952 158
3296 983
498 127
704 1714
2757 234
3959 1711
4267 181
6105 158
1662 1557
2433 1788
4289 360
4225 183
318 1788
623 957
5442 725
5443 1636
3299 470
3969 1711
4195 1641
4335 1225
3001 1248
5761 964
3894 1647
38 456
5202 1530
566 1725
2390 862
5621 1474
3724 1061
3818 1113
4196 816
4213 146
4250 874
731 957
2379 234
2618 241
4336 41
6117 853
2385 1380
2611 1666
2684 1169
3500 344
5155 1154
6304 1631
47 1611
90 200
989 1521
2619 646
4159 1102
4207 397
2047 1119
2400 984
4835 480
25 1225
2378 234
2530 1318
3333 983
5167 1463
5570 1136
2549 234
2677 1169
4313 1225
4656 708
5268 1636
6141 1630
2389 1169
3370 1788
5697 42
5161 146
6052 852
6289 265
3446 1277
3819 984
2250 647
2401 1169
2540 1197
5136 1061
303 1007
2516 1197
3933 1220
5158 947
5214 1154
5949 1127
55 1607
471 957
2526 634
3942 1169
5172 1133
2274 1209
905 1725
2542 234
3533 1610
3744 480
2249 1209
2621 1768
3738 240
5558 181
5593 1636
81 183
362 1077
3979 1711
5662 86
5870 1225
6339 1313
3988 447
5564 1118
987 1521
3841 1194
5828 1636
1078 1258
2357 647
3365 1788
3407 1313
5633 443
1804 618
5432 705
6015 454
2161 1209
2360 1169
3883 342
3956 861
4548 447
5672 344
2414 997
2556 234
2720 1119
3836 1737
5151 1607
5165 1473
5660 605
3792 470
3884 1169
5765 1061
2237 979
2799 268
4618 853
6457 1650
169 33
1029 1700
2157 1194
4628 227
5213 1102
2778 1
4254 146
149 1061
380 908
2261 1194
2398 1383
5194 414
5295 480
5297 883
1354 406
1879 618
5406 1636
6334 357
650 1414
946 962
2968 158
3590 874
4756 312
5196 508
5651 214
2174 833
2607 1197
3558 1612
4710 1763
2537 1188
5304 1097
6461 1714
1956 597
3518 1574
2635 1169
5476 1061
589 1061
2678 1169
2716 1680
2394 1380
2527 1318
2640 234
3865 853
2500 1382
2638 1169
2940 158
1024 598
1089 1258
1654 1213
5048 183
5933 1711
2049 1119
3399 1277
3762 488
6051 181
3379 1740
6325 1684
238 1660
844 1699
1871 1225
2158 1209
2262 647
4397 440
4582 406
5520 874
2417 234
2541 879
3917 1648
4312 843
2255 984
3856 632
4274 1182
3411 983
3422 378
32 489
97 1162
307 661
2402 1788
2439 1382
2513 241
3405 470
74 80
2633 1383
4667 1127
5511 246
6163 110
619 141
6344 984
826 1699
2615 248
3546 1118
3581 1611
5267 320
108 200
147 874
1820 1090
2387 234
5398 1169
5574 1225
4721 342
5274 193
5663 489
5740 716
2419 1383
2454 694
2967 158
137 1632
1683 1204
3373 1277
3890 984
3900 623
2053 1114
2544 1383
5330 8
6009 158
1725 1557
2246 1209
2252 1194
2273 647
6268 716
6421 181
3887 1636
2044 1119
2364 1127
2547 1788
5492 406
5792 716
569 193
2683 234
4929 1537
5189 785
2188 1114
1093 1377
4212 852
4687 480
5730 816
5802 716
2672 642
5149 784
5234 829
5623 181
5770 716
6426 234
3800 1160
3858 983
3879 1341
4764 412
152 1636
509 440
5226 146
5449 798
5514 1637
2862 1228
5173 1500
313 443
3834 1277
4229 1691
5847 403
5948 336
2382 234
3638 393
4008 1246
6131 515
2726 1169
2735 1169
3506 1517
4330 1061
4932 1636
5228 796
5534 1225
37 346
1569 1204
3332 82
3467 267
3893 1381
2359 647
3647 502
6359 1650
53 488
69 12
2608 1787
3423 1788
3846 1636
4371 1636
4456 852
4692 1796
2159 647
3943 1648
5210 1483
2518 1119
3632 3
4572 874
4581 41
4991 393
6190 340
6294 580
2238 311
2407 1383
2517 1768
3292 1149
3381 476
4682 248
5457 874
5721 415
1810 604
2285 1350
2979 158
4214 829
4372 1636
5658 1617
6424 1631
266 332
1876 618
2671 633
3606 1789
5997 865
6450 224
1821 855
2427 1169
3293 82
3326 1277
3831 1032
3835 684
4046 1318
4782 1636
5219 146
5659 1277
2169 1209
2291 647
3552 1733
4204 146
5147 799
5725 141
5845 884
834 46
2265 1383
2279 694
4173 146
321 878
1087 1258
2185 647
3334 82
4396 15
4689 53
5113 1706
2176 1788
3049 516
3596 1156
4654 984
4992 1713
5390 988
2545 234
5001 773
5657 488
6309 411
2403 1788
4398 141
5625 342
2160 1194
2186 854
2509 1169
4557 415
1669 1557
3441 1277
3928 252
4135 138
5731 829
6385 1052
6409 1221
2423 647
2974 193
3086 823
3424 983
3809 342
2267 647
2970 193
3408 1788
3538 1517
5415 480
5733 1007
788 874
791 476
2179 1350
2268 647
5323 1061
642 1725
2413 1787
2999 1248
4253 843
5039 413
6205 782
945 1734
2045 1119
2406 1169
5272 1636
6058 421
60 1731
1831 1610
4038 1061
2682 1383
2743 1675
5718 413
3005 158
4550 1670
2041 598
2392 1788
3425 1788
4228 823
4273 1636
6165 440
2056 1114
3635 480
3842 878
3891 1648
4717 1648
4781 1061
6397 1257
80 32
3677 271
3922 992
4243 1182
5224 176
5124 393
5487 322
5979 1414
3043 160
4171 1102
5408 1225
702 141
2535 1341
3849 874
600 200
5012 797
5318 716
6332 115
317 1795
2420 1169
3329 476
3607 883
4883 466
187 174
2366 1380
2721 1318
3451 1277
2674 1120
3363 342
5713 255
5732 181
1812 855
5925 1154
2748 264
6082 1278
6176 89
6281 1615
76 406
2154 1209
2254 854
2284 984
3466 1678
4430 1235
5392 545
6245 716
2365 984
2610 879
2680 234
2985 158
3074 116
4160 146
5395 852
5670 317
58 146
2552 1127
5306 1110
6196 1088
3336 82
4697 646
5086 181
5575 1196
18 1753
3331 476
3627 1754
3817 342
5528 1706
1943 1119
2845 1075
4092 1053
4915 1519
6340 967
6445 332
502 200
2182 1194
2534 862
2955 158
4499 480
5264 1061
6351 959
1784 1610
2622 234
3403 1788
3579 154
6302 580
999 753
1790 308
3368 1277
3643 1303
4589 1636
5402 1666
5719 340
6341 1133
27 908
305 908
2843 1228
2846 201
3362 1277
3764 851
5180 1607
630 15
1660 1600
2175 647
3029 368
3825 443
5484 959
6279 1684
2050 598
3652 1691
4223 1615
4741 1636
5702 852
339 957
2052 1114
5485 155
5932 1615
1952 598
3378 82
3878 342
3932 31
5945 63
689 1782
1224 414
2651 647
3445 1320
4103 1636
4722 119
5162 176
5348 515
5859 1061
710 449
1266 787
2275 647
3360 1277
3766 1220
4423 480
5160 1220
5831 1061
1805 618
2409 1383
5129 1612
2724 236
4919 1288
6305 1713
34 908
263 1028
1970 1648
2432 1169
3645 1082
4540 1711
4833 1644
5927 133
832 942
2264 647
3504 394
5956 113
121 1162
2612 879
2714 1258
3364 1277
5186 808
768 127
2609 646
4678 1160
33 1636
3039 424
6267 753
214 1660
1794 604
2173 1194
3257 191
3432 983
3604 1402
3927 443
13 437
3660 488
4921 1505
677 1180
2692 647
2871 1075
2718 1318
4134 162
4739 1061
5533 874
5680 883
6365 243
1852 1515
2583 647
2958 158
86 1293
548 324
2783 1655
3875 623
3889 1648
4849 874
5199 414
5235 155
5557 959
6390 669
1787 617
2283 1194
2293 694
2617 1197
3291 206
4016 1061
1188 1562
203 1283
3201 411
4691 1320
5009 1464
5010 929
67 168
95 1182
706 908
2744 224
3717 1075
4323 406
4645 203
4653 117
192 1617
2247 1209
2421 1383
4150 1474
2689 647
4646 1535
5754 487
2290 1382
5438 194
2253 647
2576 647
3031 42
4650 476
2101 582
2171 647
2424 1169
2696 647
2727 1169
1977 642
2562 694
2626 1383
2803 1047
3417 95
3897 1088
3913 1795
4297 1182
6160 1683
2143 1114
2760 1383
2951 193
3327 82
3485 1143
5860 505
4049 1318
5712 1051
323 1120
616 874
2177 647
2551 1127
2811 395
3006 158
3169 88
4331 181
5230 84
6447 1631
2405 1647
2641 1383
2694 694
2972 501
3300 191
3449 1788
4299 1670
5261 146
5652 317
6168 403
1833 1557
5200 976
5314 1061
5607 1626
5669 1670
6439 110
64 1731
176 480
2445 647
2688 1350
3287 1657
3457 1788
3787 1737
3826 1795
5331 1670
2170 1194
2676 1119
2761 1169
2892 1075
3204 1673
5245 3
5399 239
5600 1612
833 120
2036 1557
2713 264
2747 1043
4193 413
209 1688
2393 1382
3576 398
44 929
2183 1209
2606 1147
3661 1166
4693 1217
5006 1268
5190 183
2624 1383
3320 1149
3779 1617
3833 984
5609 146
3010 1235
3412 983
3523 817
5208 129
2397 1169
3002 703
6016 181
1032 245
1953 598
2430 647
986 1143
1870 82
2546 1169
3207 485
3298 82
5026 1617
5696 1021
196 258
494 1214
2722 1169
2756 1169
3295 1788
3433 1277
5291 449
1657 1068
2486 1778
2620 117
3017 424
3398 1788
3420 1788
4449 107
5673 240
1875 1610
2435 230
2440 1194
2639 234
2642 1383
2668 718
2834 1228
2895 422
4714 1167
220 704
780 177
1591 88
2228 1277
3494 1102
5121 1639
1548 843
3050 336
3181 227
5251 1706
513 1683
2297 647
2568 694
3714 40
5630 146
5707 1248
6199 915
46 159
140 1162
1736 1557
3402 1788
3419 1188
4850 480
5801 705
5995 1784
6425 1763
6458 1650
2040 211
2434 1135
3554 146
3876 871
259 1061
631 1207
1579 1557
1792 625
1874 1610
1889 1149
2035 1557
3545 1636
913 1773
2425 1169
2685 1169
2686 694
3022 158
3359 206
4524 1636
5554 246
6356 1052
2637 234
2681 1383
3114 480
6362 270
3020 183
5763 193
5841 1670
2289 647
3694 480
3851 597
5101 1643
5140 784
5435 1636
5705 1703
2728 1383
4071 450
239 1788
1902 618
2543 1169
2966 193
3664 1463
179 1646
939 15
957 179
3520 843
5287 503
5366 1630
85 674
696 1443
2153 1350
2271 1788
2429 647
3051 515
4866 1225
5538 18
3 200
934 382
2573 647
2971 193
4868 451
5722 12
1972 1119
2554 1169
2729 234
3325 983
3522 808
4269 941
529 1692
2294 984
2730 1169
2830 422
2837 422
5479 1448
519 908
2395 1380
3549 1500
4677 317
5145 30
5596 797
2636 1383
3920 1660
4151 816
4968 509
6398 90
177 398
906 1020
2581 1169
3028 154
4283 176
406 15
2059 1114
2928 120
5128 176
460 1725
667 41
1880 1119
2165 984
2270 647
3044 160
3975 1233
4203 1154
4668 1568
4879 1213
70 1725
2835 58
3601 857
4532 1061
4672 1210
2984 499
3392 342
3521 1613
5622 1054
3512 1235
4121 1643
4602 1235
351 908
1722 1637
2485 596
2590 833
2643 1169
3757 1662
3786 1643
6211 17
65 1636
2872 422
3361 1277
5401 597
6451 269
1085 1251
2180 1209
3400 1788
5112 1154
1906 1119
2295 647
3162 221
4378 181
4802 1235
6036 517
6433 132
808 127
1016 1610
2907 422
3027 158
3462 651
6048 415
6456 1650
84 1181
2046 1119
5911 976
213 1265
2019 625
2259 1209
4202 397
5349 1634
6401 1186
838 1737
2880 120
2938 158
4291 1626
5693 1795
3707 911
5182 1690
5726 1213
6054 1683
23 82
757 495
96 489
131 199
455 874
1622 595
1802 625
2630 234
2842 58
3081 158
3262 191
3384 1313
3634 181
3986 1274
6200 1705
632 1073
1738 1557
2827 874
2831 422
2908 422
3338 1788
3651 874
4823 1061
5270 539
6164 791
17 1213
433 371
1789 1610
2164 1209
2441 647
2548 1663
3401 1241
3488 1043
4180 454
4925 769
5908 394
2599 582
2910 120
3256 227
3478 117
26 1683
2081 1114
2679 1383
2723 997
2870 1075
5028 1183
107 1636
194 1429
783 908
1484 1204
1783 1641
1797 618
2127 308
3410 1277
4115 905
2422 1383
2428 647
3118 360
4690 1763
5615 1720
5922 598
6328 816
296 1254
762 1283
868 1643
1854 1425
2455 647
2582 647
3429 82
3823 1135
4026 1448
4497 1061
5999 200
12 1636
2070 1114
2790 662
3413 221
3548 1523
3955 675
4702 342
5169 1007
5541 1743
6364 1114
6 82
889 360
2560 1169
2810 224
2849 132
3582 390
4435 1061
6013 1290
146 1225
2666 647
2759 1383
2853 58
3556 578
5054 480
5535 14
5553 472
2163 647
2260 1194
2874 1228
2980 158
4296 46
4949 407
6167 1743
562 180
1247 994
2004 855
3383 1277
5225 808
5656 472
413 1278
421 183
2340 625
2675 1217
3041 116
3324 983
3514 1073
4641 342
2437 1049
5315 1721
5503 1636
5756 715
6255 1501
6367 1220
1728 1610
2795 448
3670 257
3713 40
4639 476
6300 373
2292 1209
5820 1061
375 1793
3008 158
3529 1610
3931 1220
4542 195
5452 786
6012 1301
261 1096
960 1061
2634 1169
3286 874
4105 33
5181 1636
2653 694
2861 1075
4478 480
5362 621
75 1729
410 4
1105 1174
1391 398
1750 1204
1917 567
2243 1114
2492 582
2712 1674
2939 158
4028 98
4230 1789
5546 1706
5548 449
6144 1463
6225 1061
6274 1008
6333 1610
547 874
814 200
2151 1114
2628 1383
4181 406
5599 521
6072 1784
6395 247
1899 604
3078 1248
3777 1610
5000 991
5816 510
6192 784
2155 1350
2787 264
3935 646
5290 98
6269 716
401 1077
6357 650
584 659
2448 1382
2580 647
3073 360
3382 944
3572 875
5666 1119
31 1711
91 1162
122 18
921 1097
2074 1169
2278 694
2734 694
3178 88
4473 1225
4930 1288
5364 490
504 487
2632 1169
2644 236
2645 647
2797 1711
3212 221
3323 82
5148 1272
5715 1636
5825 401
5935 123
436 1691
2241 1114
2301 1105
1813 605
2082 1114
2848 1228
3415 82
4609 18
6107 1034
1185 1489
1881 618
2352 470
3232 593
3297 1313
5262 116
6414 295
253 28
1533 414
2410 234
2852 58
3164 221
4167 626
5647 605
1928 1515
3474 264
4578 874
6006 1644
6270 1692
93 1711
2057 1091
2166 1194
3273 227
5065 852
5682 1711
5829 753
559 725
1806 618
2354 1194
2436 636
3980 431
5665 317
1051 1527
1079 1258
2589 1382
3578 377
3657 488
5590 1562
115 200
542 366
1098 774
1840 1557
2450 1169
4611 342
4931 318
5333 1689
5170 808
6374 56
505 1278
1819 604
2051 596
2071 1114
5709 174
5886 518
6038 808
6059 1448
6343 259
2277 1320
2629 1090
2711 653
2847 1075
2911 120
2929 120
3119 360
3306 227
4235 1269
4846 1063
5183 1690
5560 238
5645 488
652 1053
1724 58
2162 1169
2854 1228
3330 82
5255 340
5403 1638
354 1589
2656 647
3729 1187
4184 413
4664 1776
6067 1340
3369 1788
3557 774
3681 1636
4194 843
6103 1485
6244 724
385 365
4630 342
6207 1191
6403 1716
6418 184
315 1080
2190 1350
2353 1033
2461 647
3098 1414
3321 82
4131 1612
5046 418
5710 174
6094 725
6405 1568
6440 110
272 1097
539 181
1798 618
2993 705
3268 1096
3778 558
4007 40
5007 1268
5767 46
6441 1613
2178 647
2654 1382
3406 1277
4666 836
6459 1573
368 1203
648 3
2418 234
2561 647
2894 422
5706 1703
5708 650
6149 516
816 727
3771 1083
4544 935
5626 625
916 1725
2184 1169
2374 235
4036 1377
5082 862
5369 647
5370 1648
5547 60
6310 501
2456 1209
2758 1383
1882 618
1991 1119
2927 422
3047 1042
4918 1047
4997 773
5203 1220
5211 852
6124 436
189 1617
2496 591
3055 360
3265 593
3941 238
4608 896
5687 945
6081 1047
3301 191
3781 1083
6287 158
1721 415
2192 718
2286 1049
2585 1382
3046 158
3498 1173
4704 1114
6018 1629
1308 431
1723 176
1885 605
2276 647
2553 1169
3077 703
3122 886
3134 1107
3210 88
3254 191
6123 1152
718 1636
3502 1583
463 327
1979 1119
2889 132
3812 269
4002 1228
4066 1329
4377 1617
5302 503
5417 1593
5972 84
2300 820
2431 1169
2443 647
3079 116
3224 216
3427 262
4614 3
4713 1063
5605 1455
1795 604
2242 596
2272 984
2661 647
3350 342
5044 566
1770 517
2076 1114
2701 647
2876 1228
3214 221
5551 1684
5629 753
6330 63
6460 896
2648 1169
2733 1383
2865 120
3524 1746
3767 1220
3798 1795
4613 1320
5252 153
5454 1462
980 1644
1159 798
1658 1191
2168 1194
2327 582
2373 1169
2452 694
3069 1073
3718 595
4556 447
6254 786
2587 1169
3263 191
3345 342
4280 1412
5695 1646
5771 507
370 865
895 1739
2532 1119
2625 1383
3925 461
777 126
2140 1557
2236 1610
2257 1194
2451 694
2657 694
2738 647
3697 358
3720 1684
6260 787
622 716
719 466
2506 236
2588 647
2909 58
5289 200
5592 1612
28 73
2646 647
2663 1382
4759 1641
4917 419
5960 616
1940 1636
2281 1194
3864 1194
4519 14
4950 850
5049 851
5589 774
6155 622
2211 582
5856 379
6069 398
6419 480
701 34
930 111
996 1191
1726 656
1786 1570
2005 566
2132 625
2627 1169
2807 662
3009 1675
3322 1149
3642 1564
5119 382
5694 1675
1157 390
2665 1104
2844 1228
3354 221
4012 874
4 1725
685 3
1558 1670
2458 1382
2660 647
2836 1622
2990 510
3003 725
3347 80
3906 652
4571 1700
5950 1729
1988 1119
6047 1725
574 3
2187 1078
2731 1383
4660 443
109 120
801 942
1944 1118
3385 1313
3921 1743
4884 1636
4905 707
4944 118
5340 1636
5568 1743
400 727
490 1714
1788 1083
3024 160
4227 843
1500 1191
1791 617
1964 865
2416 1382
2873 58
2957 703
3389 80
4606 1042
1825 618
1946 1114
2302 1382
3616 1111
5091 331
6112 1001
6218 509
6410 1530
1069 1527
2075 1114
3177 593
3948 1711
5168 738
2442 833
2574 1194
5357 787
63 168
1811 1277
2691 1194
2956 1248
3801 1160
199 675
2000 618
2833 58
3188 480
3253 191
6361 271
716 105
785 427
2725 1380
3344 80
3376 1788
5690 1061
5958 653
182 53
1661 1557
1698 595
2745 1649
2875 58
3243 415
3303 80
6011 1674
3684 1029
5703 4
6088 265
2584 1169
2832 1228
3780 833
4324 254
5573 55
6133 774
6247 511
6061 992
6394 1711
3534 897
3774 1535
4617 342
4665 1319
4671 653
1735 1557
2214 582
3380 82
3705 911
5969 480
6147 1564
1156 417
2280 1788
2426 1209
2784 1029
2989 193
5011 773
5363 1647
5608 110
5648 1247
2189 1350
2463 1382
2664 694
2736 1194
347 1706
1793 618
1872 1610
6191 1446
6235 1051
922 446
2438 1194
2566 647
5567 400
5724 377
5959 1329
6122 1266
6241 1133
6314 55
139 1448
870 547
1072 1565
2282 647
4845 1315
4922 293
6227 295
1364 431
1915 1610
1999 566
2658 656
2767 662
3070 360
3270 221
6116 1611
676 883
975 476
2287 646
2449 647
2732 1169
3285 77
3346 593
3386 191
3591 1748
4070 874
4268 424
5588 884
789 200
1020 1358
2976 158
3100 357
3358 1277
5465 883
6253 1124
6370 504
2690 647
2702 1194
2818 111
3773 1535
4019 1795
4047 1593
6229 671
2415 1304
2973 158
3173 485
5400 1105
5556 309
6232 1496
198 1443
202 193
2459 1350
2460 647
3493 45
3919 1022
4488 1024
5661 1670
141 3
948 1480
1034 987
1441 42
1578 1600
4998 1258
6063 843
6068 1796
120 1711
2774 1022
2850 1075
3014 705
3937 562
5915 505
6454 896
240 675
334 661
344 15
634 41
1818 604
2855 1228
3012 510
3308 80
3414 286
3788 1225
5619 414
6187 55
3282 153
3768 1220
3970 1714
225 1653
927 355
1888 590
2578 647
2820 786
2988 705
4185 753
5646 589
288 1294
2138 1557
2226 604
2570 647
3353 485
3877 311
5493 422
5637 1636
6158 786
6298 1613
104 63
3393 221
3536 1470
3663 58
3751 1703
4607 986
2901 120
3167 485
3227 1096
3264 80
5914 918
57 1228
2103 582
2494 1119
2564 1194
2866 120
3340 623
3484 1755
6028 1248
6087 1234
6174 110
499 959
692 1063
1549 808
1903 567
3715 40
3727 1127
5587 391
6322 816
2256 1350
2571 694
3624 15
5025 1166
5347 796
6101 398
6178 1656
6261 1476
297 480
1057 1791
1563 1191
1709 431
2700 1382
2904 120
3269 216
1732 1557
2650 1169
3259 191
3675 580
3915 461
4021 214
5045 307
6083 501
495 716
1068 491
2877 161
4647 1610
5240 320
39 221
1830 618
2298 647
4410 77
5569 874
335 420
1585 1557
2080 1114
3665 422
4445 1471
4673 82
4688 1160
5396 1138
2055 632
2558 236
2565 647
3260 191
3693 1650
3769 1083
4871 883
5559 1763
6186 1424
45 159
2703 1194
3021 183
3032 45
3048 737
3821 443
6040 263
216 121
241 661
256 868
3013 158
3551 1189
6311 257
6444 264
5 1742
114 501
449 1180
902 909
1501 1204
1734 1557
2913 120
4359 39
4598 705
5543 54
6282 727
3174 857
5883 874
6003 884
204 15
383 38
532 1731
1907 605
1947 1114
2042 1119
2205 582
2491 1119
2563 647
2977 127
4010 120
5769 70
5931 407
6115 956
72 779
2146 122
3064 1152
5132 405
207 1248
2886 120
6091 1189
6271 549
628 879
2816 1656
2867 210
3076 183
4027 1739
4643 311
1815 1383
4224 590
5416 1046
2037 1557
4232 146
4242 1706
5815 73
222 531
1995 613
2029 625
2912 120
3235 88
5131 405
5552 1151
5683 1397
5957 651
245 151
1291 39
2245 1350
2579 833
3149 127
5300 704
5499 611
1209 414
3314 221
3753 1259
5237 1679
5249 407
2404 997
3279 795
3455 732
4093 496
5381 1610
5644 1248
6096 440
6353 382
1691 1204
1711 159
1993 1149
2462 1194
2695 647
2950 1654
3776 1083
5750 716
6411 295
1019 1768
2235 580
3795 1240
6070 1523
6293 1617
501 1448
527 16
1803 618
2447 1194
3036 360
3220 80
3905 646
4065 1329
5604 133
161 221
1088 929
1663 1557
2167 694
2785 653
4651 836
6393 1675
281 1064
361 596
1547 1182
1829 589
2925 1075
2991 158
3387 80
3586 387
3991 295
4663 591
4937 175
5325 308
6377 1405
398 105
954 406
1856 324
1974 718
2116 625
2575 1382
2806 270
2997 158
4067 1778
4832 480
3317 221
4669 779
5532 1557
6089 511
6231 327
6368 250
21 1159
2078 1114
2812 1678
2962 120
3532 1610
3772 1083
111 466
1571 1204
2586 1382
3104 716
3540 1510
4679 1649
5218 858
5996 1471
3275 323
3309 221
3748 1662
3752 1259
5809 998
486 716
2577 1169
2707 1196
3483 1174
3501 522
3888 622
5858 538
6201 503
319 476
467 1578
3147 1691
6034 618
6402 774
674 1636
711 461
1392 517
1900 1127
1992 605
3547 1622
1893 625
3669 1405
4836 33
1823 604
1835 1557
2199 1091
2953 193
3907 1160
4421 753
4522 327
5869 1446
6387 909
1000 1648
2088 1775
2453 694
2557 234
2659 1382
2890 422
3626 1182
5824 1061
6264 787
6321 146
453 155
1801 618
2139 1557
3075 1248
3105 1073
3221 80
3261 227
3471 332
3930 636
4137 1110
392 412
2216 642
2227 604
3482 1174
5480 480
11 120
145 15
1960 1129
2299 656
4755 1063
5332 1278
5965 1129
525 771
2465 1194
3011 45
3180 227
289 1750
431 889
2444 1194
2717 264
2954 324
4447 1429
384 327
487 302
2623 234
4943 1517
5597 1748
154 1415
553 15
597 771
1103 222
2048 1118
2771 653
3065 360
3404 82
3575 162
3619 327
5580 1470
1017 1505
2893 58
3163 593
2934 1654
3316 221
3476 218
403 850
558 109
644 134
681 705
698 1718
781 60
1232 1154
1316 154
1808 625
2935 158
3115 1061
3416 674
3666 1519
3939 1782
998 516
2288 1382
3492 295
4298 920
5668 31
488 288
1454 773
2098 216
2470 718
3470 1162
3673 1289
3688 1061
5464 16
5993 110
6436 311
157 628
524 449
1012 120
2490 582
2739 647
2788 1650
3117 77
3537 763
3972 446
4642 120
4740 818
4941 539
5612 919
1054 916
1754 1191
3121 886
3225 80
3530 1610
3950 489
5780 1711
1094 784
2084 1194
3072 360
4716 696
5727 753
6166 1777
6179 107
6203 1656
6335 958
1837 1557
2457 647
3052 948
3136 1292
3170 869
4934 1239
4938 156
5163 155
565 325
803 89
1005 94
2329 810
2752 261
3215 80
4022 1251
5120 521
5692 372
106 437
294 1181
1455 517
1666 1557
3140 415
3151 116
3513 357
3811 271
5365 1609
5814 1787
6194 671
594 416
2693 1350
2777 884
5926 861
365 758
942 790
1046 1654
2489 1129
2649 647
3217 80
376 1773
1471 565
1605 1204
2072 596
2742 647
3559 1240
205 143
316 22
571 1636
668 1789
673 1577
1994 597
2039 598
3747 224
5842 816
6233 155
6373 516
54 413
224 15
3087 266
4955 1725
5250 323
5450 40
5782 956
6438 341
156 1166
2058 1114
2802 1656
2978 158
3328 82
4152 1711
635 1223
935 450
1049 1654
1887 589
2128 625
2698 1382
2994 158
3038 360
5941 1163
16 661
162 1136
264 63
621 403
665 852
734 1379
1081 44
2213 1772
2815 1190
4104 33
6078 341
971 1480
1091 1559
2975 324
3088 360
5433 752
1796 625
1827 618
1959 583
2740 1382
2780 1649
2813 395
3112 153
5848 1789
14 779
1257 1299
1692 1191
2737 1169
2801 161
3107 1151
3916 669
901 1425
1154 1496
1333 414
2782 1651
2937 628
573 360
770 1707
1814 1169
1877 625
1916 618
2240 1091
4670 270
5020 1448
5133 275
6381 772
520 27
2476 718
3228 593
4001 480
4661 1029
293 706
1731 1557
2446 1169
2883 120
3775 1083
3992 556
636 1721
2129 604
2220 625
2346 1610
2754 268
2766 1630
3219 80
3390 1275
3480 502
3949 1711
6046 504
6366 262
1352 1588
2209 582
2296 1169
2964 41
5772 1224
5928 240
473 1706
963 5
1601 1425
1922 1557
3230 80
3435 119
3770 558
4945 1528
6262 796
79 204
572 181
3302 80
5627 618
3487 1029
4391 200
5611 190
5714 1648
5833 516
6375 793
188 1181
251 361
446 127
1104 1174
1513 39
2003 1277
2079 1114
2655 1382
2773 264
3054 515
3749 1029
3053 375
3150 1443
4363 1638
4505 461
4676 115
5444 1709
6177 531
697 1690
1990 1119
2591 694
2647 647
2851 13
3019 448
3266 80
3678 257
4251 398
5585 431
6092 1182
3528 1610
4928 531
5185 1536
5288 191
6285 1007
6295 1713
24 1722
2002 604
2030 625
3110 63
3644 3
6212 1446
1817 618
2821 1219
2828 786
3278 415
4059 1480
5887 1696
6420 833
186 727
379 1663
1898 625
4186 808
5122 1497
5837 1600
6286 96
2328 583
5003 883
6336 1483
3216 191
5238 200
767 1154
802 151
2034 1557
2863 288
3071 360
3198 881
3213 593
4318 787
4523 14
5834 1509
1499 1542
2197 1114
3460 1029
3958 1623
5583 1614
6413 174
483 1721
508 1789
603 78
1027 246
2793 90
3223 80
3247 1443
3319 1096
5988 1213
6278 1650
116 813
3195 1691
3704 190
4964 1665
5755 920
6277 1021
6386 1664
633 1636
2567 1382
3789 356
4882 1664
5421 1623
6037 1725
715 177
810 1645
1353 412
1954 1129
2123 566
2142 1120
2868 430
3813 271
4094 874
6075 1660
6106 1631
6347 1663
265 120
283 1750
1021 246
1945 598
2949 1654
4796 480
1071 1258
1567 517
1841 1557
1962 1119
1989 1775
3056 515
3636 1700
4537 1649
4801 1636
5539 24
5937 1281
2083 1114
2933 1654
3116 1073
5191 1446
5681 411
6118 708
609 986
1771 773
1957 711
2336 625
3277 323
3351 593
3750 1405
592 762
766 531
1047 1654
2217 597
2326 582
6056 1445
647 15
982 538
1035 220
1402 1720
1969 596
3129 725
3342 191
5923 262
30 896
1084 1220
1757 1515
3102 153
3199 360
3233 1096
3355 31
5631 475
6004 518
6132 1182
138 254
4006 472
4504 1061
4942 1500
5354 944
6276 372
136 1743
215 1699
2487 593
3068 1061
3755 705
3783 1367
4773 1053
727 338
764 126
1904 597
2464 647
3553 1512
4133 162
4341 1443
5970 1356
591 841
947 58
2134 604
2864 120
3059 153
3312 227
3489 1680
4116 783
4209 33
5229 411
5265 31
5561 1666
5747 674
5975 200
450 502
3202 852
4498 4
5384 1711
6071 1064
6273 1075
6327 763
3148 360
4024 516
774 415
1955 1119
1976 614
2001 604
2061 1114
2881 120
3063 1152
3255 191
3659 1004
6019 1594
6180 504
699 503
1037 1138
1118 828
2233 1090
2819 266
3348 593
4933 1147
5320 130
5779 1711
6337 625
1031 245
2014 625
2860 706
2922 120
3023 158
4885 406
512 1636
2266 646
468 945
614 1539
629 1180
1059 951
1939 1265
2095 582
2482 1793
2829 381
3168 113
3258 227
3574 681
5453 40
6323 92
1043 1683
1729 1557
2325 582
2652 694
2902 120
3067 360
3352 865
4234 1290
5253 1679
87 502
1015 1367
1913 566
2466 1194
3108 206
3418 851
3453 679
4698 1680
5111 763
6146 786
528 448
765 1691
1106 808
1581 1557
2705 1649
3550 915
3794 1022
4648 227
5205 1182
5729 1753
6151 1301
2204 582
3007 158
3516 1746
4168 1768
5641 716
6104 1047
397 1198
722 146
952 1162
1824 618
1901 708
3093 1414
3111 480
3305 342
3807 1259
4967 1699
5483 1448
6329 1075
1114 1308
2572 1194
4231 773
5502 1731
6240 295
62 15
3035 360
5383 1711
223 727
871 1541
1447 773
3229 1660
3701 74
4599 91
5083 1382
5341 883
5380 1609
5545 158
6020 135
6150 1724
2198 1350
2923 1673
5335 842
170 480
646 1718
928 223
1844 1557
2038 577
2077 1350
2857 915
3000 188
3182 1292
4766 759
5654 317
6318 662
262 158
735 15
2196 1350
2926 254
2932 1673
3142 1073
6319 554
1002 1610
1951 1118
2350 625
2995 1064
3349 865
3396 143
4317 1035
6407 1042
671 942
784 1789
839 15
5276 829
5517 26
6256 687
1111 1690
1235 398
2107 582
2200 696
2878 111
2882 430
2885 971
3568 171
4436 443
309 1753
1436 1497
4370 200
4644 1664
4738 215
5836 1600
551 31
962 1683
1080 1258
2345 597
2467 718
3560 1725
4585 686
5978 1429
6242 1746
479 705
1914 625
3016 116
6237 1631
6248 361
6320 61
89 1577
346 1749
2232 1610
2605 211
2981 1042
3037 360
3196 360
3267 216
3782 1749
5527 139
6109 738
6378 139
750 221
5042 1680
5266 127
66 1228
682 29
686 1784
729 1437
3004 1685
6392 1429
526 1721
1807 604
2136 625
2208 582
2947 120
5998 1669
926 506
1521 1294
1971 1119
2741 1382
3015 45
3153 1248
4701 1629
4712 1184
325 854
739 181
4783 1632
1073 1559
1949 1119
3193 480
3667 258
5176 1110
5371 604
5578 530
6210 808
6243 1290
267 127
1961 1775
5244 2
6130 422
617 1061
1765 1234
5742 145
143 1578
330 727
1038 1654
1083 1240
1668 1581
3176 1076
3486 1210
3685 1714
4935 1090
6066 1405
218 940
931 1279
1986 458
2033 561
2069 1114
3025 193
3479 1398
3605 397
3725 1757
4288 503
4981 256
5531 1561
5711 1727
1044 884
1055 720
2488 1775
2569 833
2814 161
2897 120
3454 267
4009 1061
5461 1297
5868 1636
6100 55
2310 718
2321 1775
2480 582
5336 525
1226 487
2331 625
2808 435
2992 424
3679 1641
4244 517
4731 172
5640 1522
5819 531
5895 1680
6188 536
583 1663
1018 625
2888 1654
3808 1030
4117 1754
5118 1456
5846 498
556 525
1137 976
1816 625
2149 632
2662 1350
3042 188
3676 549
4535 74
4633 1061
5067 252
5117 1631
5477 808
5642 1073
6181 654
800 121
2063 1114
2825 215
3120 188
3244 1226
3248 1292
5296 313
5920 149
5936 360
51 20
790 1195
1884 614
2481 582
2495 1119
3588 806
5582 411
6185 1029
1184 532
1973 652
2791 267
2906 120
2996 1064
3974 334
4588 125
4899 1632
1022 619
1389 1611
1834 1557
3271 593
4629 324
6422 246
4469 15
4952 1188
4960 858
6097 158
1552 704
2011 604
2193 718
3313 593
3388 1275
5052 1665
5616 1795
5813 239
6085 262
6213 507
6412 786
1189 435
1390 1269
2028 1610
2323 832
2479 1350
2930 1630
5110 1450
5397 1033
88 219
604 222
1050 491
2604 1772
2709 1629
3310 593
4999 264
5294 567
125 190
1848 486
3304 216
4277 1598
5700 461
5775 1315
5976 1711
6136 1143
92 60
461 786
579 1636
1836 1557
1891 597
2023 604
4620 1765
5566 1496
6119 1004
938 974
2221 566
3236 379
466 15
627 1794
985 1714
2333 625
2924 1654
3165 398
3459 619
6027 336
6055 81
6288 301
1785 589
3951 661
4075 1210
6389 1648
142 945
2965 1692
3793 1022
3953 1711
5337 1737
5671 1610
3640 1283
3700 1749
4995 140
5077 1020
5555 1368
1231 1154
1975 1129
2147 1129
2305 718
2697 833
2982 120
3716 595
4680 651
98 305
1508 595
1800 566
4004 1638
1048 1236
1739 1557
2234 625
3463 1655
4485 1569
130 73
282 566
2313 718
2753 261
3099 437
5339 90
5939 147
1299 39
1858 1204
2026 625
2131 604
2670 632
2772 1052
4865 1595
5474 480
5896 1377
1936 486
2073 596
2106 718
2838 1190
2896 661
3152 319
3281 1096
3391 1660
3434 1077
5967 595
6379 1010
475 1779
1112 1008
1388 1047
2025 618
3668 1649
4247 1756
4320 1257
5275 706
5489 1053
6120 61
6223 511
6299 1691
273 687
535 889
2006 597
3761 523
4444 259
4625 369
4946 792
595 178
763 1635
825 788
1828 1569
1886 1780
2800 1190
4162 1315
4369 1011
5610 156
1799 625
2148 845
2478 1350
4703 629
5434 659
181 1731
672 779
782 1636
1387 1664
1600 1515
2066 632
3245 153
3630 1630
3962 450
4431 1757
4510 1711
5316 949
5624 49
6000 1775
52 17
2769 1680
2921 1654
3923 495
5081 1764
5355 1577
237 661
427 6
967 1692
1065 250
1592 1204
1920 1610
2750 267
2941 1294
171 350
1013 1368
1483 1204
1926 58
2191 1114
2339 613
2493 1129
3805 596
4948 307
5743 1739
5899 1748
2917 120
3903 615
1208 414
1474 582
2194 1114
4025 1782
5806 240
6114 1238
193 1117
1459 1515
2195 1350
2202 583
2320 583
3189 1189
6446 1429
3756 97
4724 322
5917 773
326 1246
465 440
550 1636
2602 582
338 921
1092 1559
2306 718
2960 1041
3899 716
3934 185
4536 634
5486 158
5746 1768
1086 480
1927 1557
1967 589
1978 642
2085 1350
2348 625
2600 594
3491 497
5946 436
6308 1748
6345 1659
422 989
1587 1246
2239 984
2592 1350
3138 476
4464 349
6008 669
1110 707
1987 597
4392 745
5283 1639
1909 625
2064 1114
3603 484
5254 603
5313 1764
5614 1563
5973 1088
276 168
1948 711
2332 597
3274 424
6214 1153
6313 1515
286 1424
328 1652
1570 1191
2062 1114
310 986
349 1744
358 832
546 1020
1061 491
1981 1775
3179 593
3639 108
5912 991
5952 653
6406 632
341 965
1309 154
2920 1654
5076 621
903 1090
958 1030
1476 1185
1968 590
2887 1654
2899 120
6292 727
10 63
683 1578
786 908
1839 1561
2919 1654
3066 1054
6043 1317
6162 412
1924 472
2015 566
5248 247
1026 951
1101 754
1580 1583
1918 1610
2704 660
3465 310
4601 827
747 12
1894 605
1982 1727
2032 1561
2699 1354
4053 381
4278 1583
221 1653
1117 1236
1225 417
1933 1204
2027 625
3208 1275
3473 1662
71 221
374 15
3977 1166
4459 39
4780 1643
640 1763
3083 193
4158 1683
6173 1728
843 1041
1039 1654
1809 625
3509 1174
2135 613
3160 1275
3289 62
3908 606
5752 1131
6416 1643
608 121
659 412
1270 1576
1577 1204
2315 632
2905 1673
2998 324
3952 1096
4056 1166
4855 1523
5913 991
61 360
743 935
2007 597
3033 1248
3600 850
3971 1263
4256 1462
645 935
723 142
725 1047
1655 1506
153 1360
1036 208
2120 625
3926 885
369 774
1077 973
4508 447
6369 1147
6434 871
386 580
1458 58
1478 582
2915 1041
4549 1132
4634 1130
4753 1724
6324 114
357 77
1307 595
5811 1773
6062 1500
295 1471
796 1118
837 1743
2334 625
2948 120
4226 324
5135 521
5498 1130
50 1398
279 1677
1003 619
1892 597
2483 320
3566 1181
6065 448
274 1008
440 80
1295 583
1910 604
3139 63
3276 323
3395 838
5881 1565
83 1111
1028 486
1675 921
1843 1557
2024 625
2322 598
3226 1441
4533 1443
5977 669
6044 595
113 935
695 989
2108 1119
5764 67
950 33
1023 1669
1116 327
1222 994
1753 1191
1980 1772
3197 127
3481 1675
3674 1496
4301 362
1965 853
2471 1350
2597 1078
5810 240
1010 516
2090 1775
3144 1096
3510 1174
3564 786
304 727
1062 1632
3343 191
4413 852
4534 403
4681 770
746 1379
2010 625
2307 632
2961 1657
2969 193
5675 247
5781 450
167 86
200 1140
1514 584
1693 1204
1861 1204
2017 566
2594 696
2817 1035
3096 153
3218 191
3499 662
3598 387
4060 1303
4145 1329
4429 480
5353 1147
5938 39
6230 256
103 411
2111 597
2144 718
2963 120
5757 1714
576 1646
1497 1059
1637 1485
2099 711
2473 1350
2497 516
3222 80
3650 1746
4142 1666
5691 238
6432 191
2304 1350
2746 271
3706 1110
5134 161
5787 645
5964 1726
976 1553
3976 1061
5075 383
5966 638
6139 1556
6221 1596
5540 771
5579 1375
94 1265
1236 183
1413 728
2945 120
3472 303
5053 1788
254 1547
991 1185
1014 951
1934 1599
6045 992
6098 158
6169 1047
1826 625
1912 1578
2330 462
3205 398
3760 1600
4257 73
5047 313
287 1136
554 1636
612 279
1158 1484
1274 414
1385 732
3034 42
6152 135
1007 94
2008 613
2091 1129
4778 447
5667 19
1486 1204
1572 1191
2215 1119
3599 1789
4458 1634
5878 183
6024 1469
6358 594
393 1424
1656 1191
2137 625
5456 516
5685 31
5768 339
6209 1559
923 1290
1911 604
4563 959
4947 432
5523 1191
5788 1320
6236 1174
1011 1656
2484 1129
3628 1400
4058 1329
5393 1011
6442 1057
776 716
2598 203
3490 242
4474 1569
4993 1258
5277 13
779 589
1498 58
2065 718
2115 613
3904 38
3940 13
5236 411
2012 617
2338 613
5866 779
1851 1583
2884 1641
4711 1683
4803 33
5466 1053
5807 1764
278 1212
477 170
1170 414
1763 1204
2094 711
2229 795
3998 885
4587 33
4715 696
4889 531
5984 1455
6312 1704
285 1021
4920 1288
5835 525
5884 158
6349 1329
6372 365
441 296
515 1199
817 1607
990 1191
1983 1320
2018 618
2141 886
3234 1079
4245 183
438 706
972 1242
2231 566
2749 814
3712 1409
4982 259
210 967
454 16
1461 1268
2809 435
3090 1151
5591 784
5638 17
180 127
1574 1596
3625 31
5375 125
5572 1615
5686 1462
5981 881
151 141
428 1061
534 15
973 1226
1718 165
243 1773
1919 1610
2751 1651
5919 1014
881 22
912 1167
1344 728
3184 153
3901 88
3967 875
4275 788
4390 308
578 77
1006 603
1573 1204
2303 1648
5544 1420
6234 1203
481 1722
1108 754
1261 994
3960 1415
3963 871
4337 14
5177 158
5431 145
377 711
842 1754
1139 994
1319 721
2110 566
2122 605
5301 177
5986 78
236 1779
1896 618
1998 604
2946 120
3611 628
4785 29
5542 120
364 706
1296 581
1677 1199
2210 1772
2472 1350
2943 1657
3341 191
4174 73
4284 1273
6352 879
271 204
1174 728
2349 308
3026 1189
3437 1630
5717 1465
6184 1554
6238 359
472 1278
736 1740
1963 832
2043 1772
4590 1053
5217 1614
5328 185
5451 964
5793 1759
5840 19
2087 832
4329 1705
4906 174
6049 483
6371 762
117 331
382 1533
511 1070
749 215
6317 456
585 1706
769 1707
2342 566
3155 1223
6121 1101
439 1538
489 15
807 254
978 1578
496 1021
2601 1772
3690 991
5017 1794
6239 1646
6297 71
587 592
708 396
1004 1610
1502 175
2798 435
4219 1711
4735 1279
5987 1280
284 1610
599 80
794 1412
1546 1485
2021 568
3796 804
4425 1768
6391 1072
510 1289
1102 1559
1857 1204
5227 75
5893 350
6095 738
1321 1102
1846 528
6159 89
658 1152
787 1140
904 1174
2097 810
4815 1642
5918 1270
5991 1406
613 1718
1457 431
1614 584
1855 1493
1984 117
6258 1220
1895 618
2312 718
2667 718
3503 2
3914 222
5650 1141
49 1421
456 1006
755 526
773 1403
2219 613
3091 716
3966 1042
5324 1664
6315 1469
48 947
1456 1508
1648 1067
3315 1136
3610 1422
415 1168
1561 1059
6175 1455
1030 92
1400 595
1559 1204
1590 769
1659 362
2009 604
3172 379
3629 139
3989 908
4005 1412
4023 886
5515 624
5751 1329
5961 1182
6032 393
6099 794
242 839
390 915
657 127
1127 414
1847 1515
2114 604
2130 604
3211 1441
166 1136
333 15
363 513
654 83
1996 566
2117 625
2706 1655
2898 120
2987 1248
3461 1029
4255 318
4326 992
5786 620
183 461
1935 486
3128 437
5116 507
6111 640
6326 184
35 750
813 6
2224 597
2475 632
5094 1610
5490 503
1897 625
2124 597
2755 1360
3589 171
4422 29
4428 535
5188 1405
2112 1244
2900 120
3655 1428
3837 726
5734 15
5753 1212
1439 1614
1700 1179
3145 153
3231 1228
258 1565
1869 146
2068 314
2337 625
2856 1728
5620 1470
5904 139
1782 1682
2914 120
2983 120
3515 1658
5639 825
6126 774
910 889
1492 1204
1997 308
2096 845
2100 1328
2781 1678
856 473
1076 912
1424 1242
2308 718
4754 1077
5087 782
6110 1036
6129 1101
232 693
301 15
919 466
929 200
1058 916
1194 509
6030 264
1864 1506
2469 718
5285 1276
5343 1220
5522 1708
5649 1102
6202 727
435 1687
2341 566
5273 826
6224 1548
1365 1441
2145 718
3272 1093
4373 14
4491 1329
4825 1346
5475 6
5798 1634
6090 1097
367 1782
3246 1291
3249 490
4821 212
4927 1067
5373 1184
5873 1483
5985 1733
6430 72
792 1716
1494 175
1710 1619
2119 604
2222 625
3125 1414
3307 593
5123 783
6383 595
275 1077
666 783
959 1622
1190 55
1305 1551
1652 165
2113 313
19 624
407 434
1435 1067
2318 314
3082 628
4136 1783
299 1617
1432 165
1937 1204
2089 1775
2092 711
3252 191
36 1667
411 1641
745 1715
1097 1559
1113 1602
1921 1557
3863 115
4438 1315
4877 949
5983 1327
6263 1710
306 727
343 1581
345 999
2595 1350
3113 604
3938 650
5584 796
105 889
1256 327
1315 1180
1671 536
1716 1067
1751 1752
5309 252
9 188
1609 595
77 352
956 1223
1850 1060
234 1698
459 431
564 1426
1720 1189
2869 288
4279 78
5736 1335
1 396
691 1236
1064 1239
1495 284
3109 63
4405 1780
1421 414
1485 1204
1550 1154
1630 795
1832 1530
2335 625
2944 120
3284 1226
150 555
1701 581
1905 613
2786 70
5303 503
5312 1796
5823 1537
6125 265
6148 816
6301 50
355 151
1737 293
3511 799
5613 1393
5701 789
227 166
753 1274
1082 1559
1583 1568
1932 1204
2031 602
5968 195
6057 414
822 113
1931 1515
4163 619
4356 545
4362 1258
4515 1664
4844 1708
5215 148
5469 915
577 873
1371 1483
2126 308
3030 1642
4971 259
5088 1738
5716 1709
352 15
159 511
197 1152
248 942
1369 39
1568 1515
1672 1698
2105 582
2319 832
5278 1465
5299 1712
5989 155
6080 337
1181 825
2022 625
2344 605
3436 724
3691 1748
5844 621
206 40
2118 604
2931 896
4054 29
4402 1768
5439 1789
5741 1020
6307 1564
1359 39
1490 702
2150 614
3045 1630
3251 1352
3440 310
3508 1655
4974 939
5367 204
5382 619
1373 595
2230 625
3469 970
3759 1678
4439 626
4872 616
5872 149
709 1636
1100 1223
1148 1591
1437 778
1523 594
3961 80
4287 1711
5598 150
2916 82
3288 1352
3438 970
3464 268
5699 1256
5744 831
6183 501
119 254
300 1692
570 18
598 21
1594 1185
1767 595
1908 625
4033 181
4342 155
4786 1569
4902 590
4965 259
252 727
3061 1054
3672 554
5317 1020
5446 729
5944 436
6429 67
933 1743
1040 1046
1469 1185
1603 1132
1676 1246
2206 1119
4990 875
5115 1699
684 1728
1493 221
4834 1644
5445 516
7 214
626 1698
1566 1268
1607 772
3397 82
3911 1771
4118 1737
6033 244
6102 371
6257 192
434 725
1468 1546
1670 1794
2223 604
2225 613
3094 1635
3477 651
5350 1711
799 43
1522 584
1527 583
1695 486
3187 1096
6073 1385
937 934
2770 1655
4978 514
6014 1358
6053 724
1512 584
1611 582
4936 185
201 1575
1153 414
1620 581
1703 517
2309 645
3394 273
3526 753
5766 674
5849 128
2343 604
2669 1350
4097 1202
5804 493
191 1726
1415 165
1565 565
1727 619
3280 1226
3290 1352
4040 842
5334 1539
5723 1451
5865 1211
430 794
775 1779
1008 1515
1042 1083
1505 595
3130 437
4732 727
1414 414
1772 1333
2764 448
4465 924
4799 1210
165 736
1025 617
1033 1553
1075 1310
1251 994
1599 1191
1822 613
405 233
968 360
997 684
5796 1759
6350 1029
1409 248
2314 1350
2710 662
2794 1356
4307 1453
474 93
867 74
1052 262
1730 1557
3126 823
3238 323
5342 1753
229 1223
1470 1185
1488 1425
3283 698
5777 924
5838 1600
6005 1503
6428 1276
1334 941
1667 1743
1713 1603
4261 574
5388 36
5990 1400
737 30
841 1636
994 216
1510 431
1582 1425
1860 486
2212 583
3185 1291
5467 1213
3135 476
3696 1279
5889 140
5955 318
6291 1116
6400 204
371 1458
1616 505
1664 1794
2201 583
2347 566
4961 738
5436 788
6296 446
1543 1154
2477 718
5002 506
5894 815
132 920
331 1410
721 549
728 86
1186 1510
1395 1257
1628 732
3237 323
6228 536
212 1718
250 1683
353 1573
1649 521
4127 1045
4222 145
255 511
1227 728
1336 1665
1520 595
1586 1561
3562 171
5041 73
5059 36
5066 14
404 1743
951 450
1179 414
1777 583
3861 1002
4300 1274
4384 618
4867 517
5857 909
660 1061
1462 582
3137 1165
6143 1622
342 769
1207 1496
4286 1492
5974 394
292 454
1182 390
1697 595
2013 313
280 911
447 502
478 630
649 103
865 540
900 1090
1463 582
4509 1674
4655 567
15 345
714 1753
1624 595
3803 258
5774 1115
5784 589
941 792
1060 762
1341 728
1842 1557
3183 323
4379 788
4700 1070
5385 41
5676 57
6306 358
1045 913
1838 1557
3531 1527
4912 1567
4951 1669
291 287
724 480
845 358
1615 955
2086 314
2121 566
5739 120
6084 796
1275 30
1760 1425
2218 566
2715 257
3240 1096
5735 1251
208 1167
308 995
1063 248
1719 1067
1776 1333
4583 654
4975 728
1066 241
1597 584
1768 595
1966 589
3633 1699
4048 1713
5643 1419
5745 831
5839 50
1733 1632
4314 1438
4328 915
4793 432
59 15
679 945
880 587
965 562
1107 528
1173 947
1287 264
2125 566
4401 597
6113 1116
754 1789
2054 845
2603 583
6170 341
1853 1204
3060 1151
4600 1426
6060 1629
1313 39
1612 584
2596 1352
3133 910
3583 1257
3874 10
4427 1368
4963 259
1317 728
1384 595
3141 63
4360 518
4468 1053
5064 838
5900 108
537 1315
1133 728
1408 994
1685 1191
1923 575
4130 162
4170 1580
388 503
602 124
869 1079
1489 1080
6076 940
693 1412
1475 1132
1598 513
2593 632
2824 366
4110 432
5437 345
6154 1071
6427 1384
402 526
875 1428
1748 1132
3318 1096
3587 147
4411 383
5776 694
568 870
2020 613
5184 182
1099 538
3709 1657
5239 773
555 714
1115 61
5346 752
6022 300
6127 774
1210 798
1650 417
3143 1214
3191 153
3995 1302
4080 1339
4675 1068
4727 616
4859 1387
5327 1329
6135 874
211 1538
567 1462
761 1779
2067 632
4506 918
5902 372
2 36
1383 955
1438 110
4977 259
5562 933
22 865
1551 1154
1941 579
2133 566
3186 1226
4322 1437
4901 561
244 521
656 1728
1280 521
1682 1204
3106 592
5827 233
6435 215
1074 1310
102 1200
480 729
849 1175
943 786
3683 703
3815 662
4014 1478
4403 1230
6172 99
974 1654
1180 825
1446 1595
2203 1772
5762 1727
1242 976
1282 414
3475 519
3895 961
4361 1667
5271 1622
443 1636
2109 593
2311 1350
4003 528
4018 484
4840 558
586 1622
1129 417
1511 405
1845 1557
3101 592
3250 1264
3584 1258
5424 503
269 930
615 1722
618 880
1366 1333
1378 1182
1640 165
78 15
1555 1067
4062 151
4126 356
4616 324
4924 1505
5586 1375
1673 1204
1674 1004
2768 1649
2789 1687
3978 64
5263 790
359 1484
1596 266
1653 165
1863 1281
2016 566
416 951
522 1632
915 126
1399 595
1460 594
1465 1464
4084 1562
462 215
670 146
1613 1441
1859 1204
2468 718
3563 742
4061 1328
419 736
1254 567
1588 1557
2316 718
4082 1424
6382 807
3947 1144
4351 41
5797 1076
1556 1496
1564 582
4120 947
4904 608
175 1077
452 1324
730 1410
2765 943
2936 341
4958 1725
5504 1471
6041 1328
1516 1551
1929 1515
3924 851
4404 1665
4597 1315
5505 738
1160 947
1651 941
1890 1224
4734 1267
4973 260
5778 884
6079 351
425 1258
705 1147
1623 595
3990 1202
4123 74
4143 584
5221 1035
5338 25
6195 1774
6384 480
432 722
638 1630
726 147
892 471
1883 1118
3806 117
4263 499
5571 270
5805 1787
1466 1191
3973 416
4052 259
4078 700
5286 416
5773 1115
6452 1672
56 964
1297 594
1690 1678
1749 517
1764 1508
2104 583
4775 1742
5072 1136
5501 976
6171 511
6437 1581
314 246
1762 1515
3983 1715
6448 763
302 1120
907 109
4106 245
4169 875
6226 1651
894 1624
4822 327
4842 1641
1606 1185
3452 1029
4649 515
1355 519
1665 1557
3040 1064
5420 534
2324 582
2474 632
3739 1286
4552 174
4568 1623
6272 1587
851 1074
372 111
778 802
1496 1204
5256 489
311 115
882 788
1171 165
1773 450
4153 1711
5980 1138
1234 1154
1259 728
1418 566
1717 1067
2796 1370
3573 1241
3965 446
4742 484
6316 798
337 843
429 1201
1132 728
1938 486
3964 1782
4800 1710
821 1527
1480 582
3239 1368
4083 360
4248 20
4908 951
4966 994
5963 808
1958 711
3797 1328
4308 503
5563 1223
5855 736
6443 1043
160 434
1311 581
1370 39
1562 1185
2918 1701
4050 942
643 1698
4462 173
6219 1310
1246 417
4166 614
5954 1254
6153 783
1131 1162
1253 543
4794 967
1001 1673
1262 1055
1396 212
3994 1656
5021 178
5800 787
620 523
713 1636
4237 769
5943 896
1192 521
4615 694
4916 656
5526 738
5785 1320
6388 1024
6431 483
110 105
228 742
804 1196
1380 1007
5581 1273
5942 1041
233 475
1531 584
1849 1515
3194 1291
4187 29
4723 591
4926 793
219 1609
1407 566
1487 1059
1627 1483
3190 1226
6074 994
6265 1031
1249 815
4426 1758
5874 825
470 63
503 1486
518 1055
703 851
812 105
1095 934
1481 1204
2859 80
3132 1140
4416 1569
4939 1755
5013 1308
6029 118
1593 1191
4477 539
5070 1480
6415 858
752 279
992 110
1363 1180
3103 1368
4907 344
6142 494
545 212
3095 1368
100 1698
1752 1508
4045 968
4837 953
4035 507
4516 532
133 1081
815 1268
1509 1400
1639 417
3057 1305
4316 1232
5688 1335
396 1586
1553 81
4622 1711
5684 1420
5901 108
1146 728
1747 380
4777 530
5019 727
5097 1385
3439 896
5760 645
6042 1317
6137 1224
277 90
3829 1071
6222 1554
720 753
1193 506
1503 583
3242 1226
4043 360
4443 626
955 1080
1283 976
1284 1008
1285 1533
1930 1596
3708 1110
414 1570
451 810
970 1097
1161 547
3241 153
3648 750
3872 1220
4020 887
6002 755
624 1327
3671 568
4481 1757
5351 1115
457 934
1303 955
1635 1614
3968 1176
4480 33
290 1211
442 1001
662 568
1165 1454
4113 932
4365 1756
4696 1428
5577 1182
1164 994
1376 104
2840 110
4249 1208
590 484
4779 36
4874 58
847 1413
5005 787
6249 381
966 1099
1382 39
1416 1067
3084 665
3123 324
4109 584
4285 1476
4749 450
230 921
854 50
932 521
4466 109
5310 1329
437 1428
1204 39
1445 1531
1702 1333
3993 1656
4303 941
497 106
1442 1019
1694 1204
4258 4
859 806
1681 1515
1708 1551
3658 497
4141 614
4996 737
185 1577
678 579
1422 770
1554 417
3981 1447
5530 1561
5888 1565
6280 528
738 1430
1172 1469
1602 178
3124 1305
3131 1087
5423 1633
408 971
1216 721
1678 536
2317 314
601 350
748 1268
988 1191
1625 584
3649 1040
4352 1596
4355 1532
4503 952
4730 1029
4826 1128
5428 472
5482 1532
552 985
1217 994
1866 1333
3996 789
4808 171
3157 951
5617 1161
5906 1106
2207 1772
4074 1194
4220 1738
5078 1131
268 1198
984 1152
1138 566
1404 939
1595 1328
3838 1674
4138 1426
4178 1210
4746 842
1576 816
1618 1551
3089 1458
3816 1259
4357 588
4526 674
5422 942
6331 1438
231 1648
1109 1278
1298 148
1335 66
1401 583
4175 580
73 1683
327 423
418 1216
1320 408
1621 1441
1712 1185
4086 1166
694 1216
4044 580
4364 1642
4368 589
4414 73
6017 246
420 653
732 1641
1740 1346
4076 30
6363 1476
1393 1333
3092 1305
4128 1391
4604 356
4605 953
5073 221
5090 435
707 1462
1610 595
3662 360
4400 304
4765 580
5525 732
5953 1671
1357 806
1448 517
1626 773
3612 365
4829 1273
5425 1577
897 1459
3311 1093
3902 44
4984 728
29 254
653 504
669 1739
3577 959
6380 1020
217 11
356 127
1191 1189
1195 1471
1322 736
1775 582
3909 1201
4895 1492
5329 1396
6039 1420
536 503
637 1698
687 964
1151 1309
1304 1440
2776 1211
3192 1226
3984 330
4420 597
1374 595
4294 425
4448 1354
5418 532
5720 1483
5738 712
6093 1601
43 388
580 5
1542 408
5056 1731
5803 1593
6220 1263
118 1428
793 892
1056 1330
1067 1309
1761 1322
6023 1289
417 420
492 1378
1219 737
4972 259
1517 431
3097 1291
4383 590
4893 924
4900 951
5093 1077
373 1580
1183 146
1379 517
1467 582
4031 810
1205 1309
1575 1185
4970 728
5500 89
1519 955
1696 1664
2826 1298
3166 795
3203 1055
4055 166
4259 493
5099 3
3161 849
5404 1636
235 1478
940 765
1377 1280
1631 1422
3356 892
5104 1462
6208 789
500 1487
2805 1660
4586 787
4699 1557
6189 1605
961 685
993 52
1323 357
1372 1682
4878 66
5130 1070
549 381
4913 464
5016 1438
493 1428
588 196
3062 591
3997 1014
4161 574
5378 709
4199 1258
4239 709
424 55
607 151
1286 104
1537 1449
1560 1204
4079 700
4395 1264
4472 1566
5308 472
6197 374
1292 39
1332 1182
1406 414
1540 1444
3058 1305
4157 676
4293 753
4830 949
4980 1665
5891 271
82 1685
655 1459
733 1522
1245 1422
1584 58
4831 338
5103 1724
3146 656
4064 1678
1090 139
1865 1464
4736 1461
6396 189
394 1302
1689 1339
1766 955
5089 1487
1507 584
4295 1746
4805 414
521 25
610 31
995 911
1241 182
1271 1604
1293 772
4407 597
5481 19
6399 1264
831 962
1136 1471
1202 139
1518 955
1529 1464
3999 1096
898 1771
1175 720
1443 773
4240 147
5506 1296
5930 1292
1277 417
5022 1322
5698 1429
5861 1431
6031 543
924 808
4139 432
873 120
917 171
4102 1208
4814 1712
4969 1459
641 1274
1070 1567
1339 994
3615 1511
4437 1032
6417 1224
1557 1215
1758 1328
3680 1083
4887 1622
340 1487
544 107
1362 595
2891 1264
883 1263
1312 39
1862 517
2804 1184
2841 519
3710 1706
4636 1397
6064 528
756 1110
1646 521
4869 858
861 1436
1338 231
1405 721
1482 1204
1684 1204
4890 1657
5463 1562
226 162
445 1519
506 1059
3594 1186
4695 165
5030 1393
5812 606
41 1746
387 923
1264 544
1530 1196
2708 1674
4412 819
4795 734
5100 171
5758 1159
979 905
1272 1496
4521 732
5035 626
887 794
1367 1260
2822 135
4088 958
4190 599
4211 1329
4861 1711
4327 802
4417 1780
5305 1596
517 1399
1506 517
1756 1515
4068 169
4820 964
514 166
675 1596
1123 721
3641 1701
6025 415
172 1335
4495 614
1301 773
1604 1132
1634 521
3456 943
4788 1641
1260 182
1769 582
5994 143
6138 585
1197 976
3200 188
3687 1181
5079 1335
5105 1188
1168 1485
1237 1547
3171 21
5307 1296
1125 1348
1294 431
4446 9
806 506
862 1478
3127 1291
4332 1003
4451 1768
4761 727
4771 608
4994 939
5882 802
144 1370
336 1162
1198 568
1403 939
3209 8
3686 1642
4085 312
5405 1709
5759 174
5854 1625
1233 559
1368 583
1746 1191
1759 266
4442 614
4476 590
4528 331
4551 703
5293 945
5311 242
5389 1415
5409 1600
124 813
690 1462
1449 773
4858 879
348 27
458 190
3175 21
3985 523
4988 762
5356 765
1130 994
5890 1565
1143 939
1452 147
2823 1226
4090 949
4817 1426
6140 43
101 663
1444 1400
3595 1682
4489 1780
5595 1274
605 254
1196 728
538 1434
700 268
759 1523
168 913
1473 1204
1629 431
4876 54
6050 1420
1178 260
1528 1246
1680 1204
1687 1346
4760 1632
5830 816
6348 832
1152 256
1243 939
1337 239
3830 185
5982 1315
6145 993
126 1077
3159 476
4325 532
835 1617
1314 1258
1779 517
2839 817
4810 344
5069 579
5851 1487
127 80
712 109
878 31
1868 10
5704 1418
540 355
4455 1359
1608 581
1867 582
2959 330
4081 1280
596 1420
846 250
911 1370
1053 145
1361 1682
3957 1325
533 1202
3804 1396
4909 1319
448 109
805 521
3758 1678
4073 832
5472 1456
5808 251
68 1144
1213 1067
5106 994
4017 903
4440 344
5281 562
920 912
1281 567
3206 849
3507 1051
4987 63
6026 752
582 174
4319 1748
6462 1467
606 1435
742 1657
1360 1531
4527 1711
6251 1215
663 1305
1375 148
1397 583
399 1707
688 1741
1707 1473
4718 186
5068 1049
5107 1144
4957 1182
5951 1236
516 171
680 202
772 765
1425 965
1705 990
1755 1546
4165 590
5209 1664
6259 1624
476 679
1453 431
1641 1422
1925 526
2779 1652
4072 20
4853 143
6035 517
1411 939
1464 565
2093 1129
2102 718
4603 200
5929 868
1135 1485
4057 1771
969 1727
1255 31
1638 414
4218 173
4886 560
4903 836
1632 1471
3689 594
4091 1462
6001 383
426 795
4684 741
4729 584
1201 751
1346 104
4077 1016
4101 1116
4486 1780
5259 1268
409 463
3946 385
5459 1421
5594 1588
1239 1459
3728 727
4507 789
4976 1422
1147 939
1526 1333
1704 110
2763 1636
944 57
3618 1273
4424 1050
4454 875
4482 967
4956 1480
6423 1496
1544 776
1329 728
4032 1348
4111 1097
4789 539
5258 6
148 925
953 106
1041 1083
1221 417
485 858
1430 1471
1633 534
3468 679
4566 1462
4940 10
5051 236
914 562
1258 728
4381 1368
270 1508
1166 728
4041 1207
4309 7
4860 356
312 859
1238 509
1252 417
1386 1260
1491 1515
5084 1367
412 930
1119 417
1398 582
1686 1279
4305 1470
5783 1364
3814 1340
4979 1134
5971 74
863 1264
1427 135
4685 1566
178 1577
4000 1453
329 120
1302 272
3954 1555
4345 1273
5257 1448
874 1683
1381 450
1647 1469
5150 389
5864 953
6108 1099
1356 147
4353 794
4374 1335
4457 130
4776 1583
4848 1184
5360 243
6077 83
8 1337
4708 1171
360 1687
1122 1591
1134 815
1144 39
1290 742
1342 417
4525 1577
5063 416
611 1794
1215 720
1479 582
6455 425
5576 30
827 765
5080 115
1009 135
891 221
1163 744
1434 567
3982 191
4432 1076
173 1335
830 381
4610 1305
983 386
4543 1588
4733 753
5430 794
5850 1298
740 148
1324 1242
1417 559
1688 1346
3910 951
4179 936
4838 741
4752 523
4763 1480
925 1566
4575 582
5114 1705
5361 1263
5852 560
5867 956
6007 1110
332 882
855 1219
1714 559
4419 1128
4487 222
6346 711
1743 1279
5470 1002
5674 727
1318 1617
4266 738
4302 738
5095 882
5359 1022
123 1378
1162 505
5092 1526
5242 1420
5260 1618
1331 1496
4376 1566
4452 251
1412 1157
4346 949
4854 504
1240 1485
1300 1483
1126 976
4911 685
4463 1359
4798 580
1200 1576
4745 1296
4910 1115
246 1677
3873 1459
829 947
1169 1669
5410 1514
1423 994
4349 1566
848 1437
4394 446
4433 256
5326 348
5862 588
6021 435
6204 1555
543 1692
1351 563
4743 143
1177 728
1534 1067
6355 953
444 1707
484 1364
877 1459
1541 720
4310 137
4792 251
5455 1557
908 1069
1781 1185
4272 1560
4380 1426
4512 36
4827 1329
491 125
1394 1618
4985 63
5468 1182
1263 765
4334 136
4818 1256
1330 976
4770 562
5062 252
5518 1485
1145 939
1589 1053
5940 490
4051 1256
4797 431
4841 1632
1167 1309
4386 1368
4706 535
1128 721
1699 1789
389 1779
4176 1178
4221 493
5853 1487
4321 1478
5040 1730
324 1668
3862 90
5374 1335
5689 1438
134 1667
4375 29
5376 1365
5903 326
1343 1162
1679 1280
4843 539
4986 1623
557 1002
1203 1642
3656 1753
0 442
1120 417
639 9
1348 504
1524 1257
4192 1144
4705 1448
4807 348
4812 425
5098 1184
5924 969
1617 582
6463 258
4389 804
4784 1569
5379 105
884 586
4039 29
4387 584
5497 1411
1347 1239
1426 751
3617 1413
4728 907
1431 1301
4959 562
651 1424
661 431
1278 994
1780 1333
4311 1569
4809 1147
366 1171
1778 806
5877 585
949 1162
1538 1454
4107 630
4494 1279
818 1351
885 942
1149 1134
4177 1420
6252 943
4112 1296
4124 143
1096 405
823 109
886 147
3828 1216
5055 969
561 317
1229 976
1419 585
1774 431
4592 472
5372 606
5440 260
1536 994
1706 1478
4013 1597
5863 1431
1121 417
1276 1067
5282 239
1472 1268
4553 1769
5034 875
5368 140
593 954
3158 849
3561 1712
4087 63
4496 952
5060 1724
6246 915
1477 1204
4030 801
1644 1444
4569 251
4881 542
4896 1335
909 769
1451 1101
1525 806
5377 259
6128 815
5033 1253
381 117
4453 54
4559 1359
795 1550
1741 486
3860 263
4726 991
531 1683
1535 39
879 215
4483 1396
5038 980
5345 67
5387 584
4686 1641
4857 1315
890 595
858 867
4767 1581
4856 1781
4888 398
5058 222
391 752
820 223
1218 728
1745 582
4539 558
5096 1716
5447 1467
1532 431
4095 699
4265 1323
4747 161
507 318
4271 580
4418 1373
4530 1365
5494 54
5794 1609
1176 728
1742 1678
5004 1425
1345 1241
1140 720
1141 1242
1212 976
1358 1531
4500 1409
1220 1422
4953 1250
5524 595
872 1789
4201 1315
4744 348
4751 949
1325 1399
4772 608
4042 1552
4122 1715
4594 1323
5795 1382
1244 976
4098 1609
4144 581
4593 31
5876 585
1326 910
1420 165
1515 272
1327 939
1349 589
893 1567
1619 582
4725 776
1230 1459
1744 1678
6275 1101
4659 498
5071 252
4340 1508
4573 1373
1539 1449
1636 763
3695 1128
1643 149
4577 1532
6250 1232
625 1410
1450 264
3848 1270
4147 1042
4517 251
4828 801
4863 1403
5419 75
563 1551
4989 240
1273 1496
4367 15
4560 381
4347 539
3859 1625
4015 1625
4864 813
575 1712
2942 330
4260 575
4382 655
4762 582
1223 721
4514 1569
4719 1477
4862 952
464 1420
4108 540
4529 498
1306 1551
5050 939
888 31
4348 54
4567 73
4852 312
5414 1099
523 223
3631 782
4063 1478
4914 951
5024 143
1545 941
4541 483
1340 244
4707 1566
4816 1210
4338 1641
1289 582
1310 1544
1645 505
1124 976
1433 1067
4011 516
4155 1144
1228 372
1150 1559
1269 442
5280 1365
744 1305
918 659
899 1698
4350 1345
4493 746
5023 1335
5508 1694
4191 511
4492 331
5429 165
6086 980
249 519
395 1723
4096 222
4210 1780
4894 1512
840 145
4596 1618
5233 955
4511 251
6198 801
5413 1412
5279 1638
1214 493
4385 1569
1410 1444
469 735
1199 618
4898 1480
4344 584
5394 1264
4140 1233
5491 1124
5875 171
4490 604
4467 136
4479 1191
5074 576
5885 1085
5892 39
5411 866
4129 1563
4709 251
797 954
1265 709
4518 63
4892 1536
5037 1793
5108 1345
1211 1701
1715 1576
4484 599
6290 1453
4839 741
850 842
4069 1340
4100 916
5934 926
4189 1395
4545 1335
4748 1223
4873 1401
5018 1577
5495 924
4595 170
4154 1289
4804 1315
5603 995
6354 1192
247 839
1428 1642
1504 752
4264 150
4811 1566
4547 960
4339 1641
4983 260
5458 25
560 718
824 567
4393 1335
819 385
4119 1050
1142 1444
4658 416
5427 397
4388 348
4406 1315
798 916
852 506
864 956
3609 493
4366 237
5146 135
1206 721
4125 188
828 1149
1267 267
4847 523
860 186
4461 901
4399 645
1250 1067
4241 0
1279 417
4720 1591
1288 1551
4304 173
5057 1335
4570 139
4164 714
4475 1645
4806 1617
836 1178
4156 1144
5014 804
1248 567
4591 348
5962 261
4434 256
4200 1764
3847 1599
4501 1195
6157 188
4306 1017
5085 1576
2879 1482
4737 493
5947 186
1350 1694
4768 1532
4262 993
4029 1345
1429 1459
4236 92
4409 1757
423 1418
1642 1444
3839 1694
853 1055
5510 1555
5321 1364
5344 1365
5352 1335
4354 1515
758 519
4343 143
4531 866
1268 1192
5516 813
4561 1146
4790 1642
5460 215
5386 1112
5412 1566
4099 1652
4520 1511
1328 1415
4554 1385
4358 1622
977 839
4750 1515
5509 1301
4824 1771
4787 1250
4962 728
5471 31
5036 524
4460 1346
4408 173
4555 1745
4813 173
4623 173
5061 348
5507 1567
4624 63
5220 171
5496 3
4897 949
4238 1273
4574 331
4333 624
4513 1273
866 301
896 1128
811 594
4146 806
4441 614
4037 535
5015 1556
4546 1566
4188 953
876 1253
4769 794
4089 683
5448 1296
4791 1400
4562 348
4576 1337
4502 251
