img08c1.jpg img27c3.jpg
9416 2008
4808 494
4929 1633
4827 1633
4348 390
7047 1997
542 1858
4431 396
5126 740
4906 1633
5769 1699
5345 1152
4826 1633
5493 1152
6450 1856
4304 396
4905 1633
4800 494
6249 1826
5460 1152
4366 380
4235 361
6498 1607
5567 1152
4887 1633
4352 390
9008 1833
4462 380
7450 1047
4838 666
5586 1152
4299 362
4372 377
4811 665
4302 534
4828 1633
4340 380
6514 1888
4367 366
8135 1578
9235 1833
8707 1652
4312 415
5418 1165
6486 1554
4504 684
4464 395
5342 894
4453 398
4365 385
4460 390
5748 1699
6408 821
4503 415
4337 396
5349 1152
4295 361
363 2242
4323 396
8800 1833
8656 1833
8023 515
4454 385
4817 569
5275 1865
5607 1699
4331 396
4599 396
4284 377
5606 1311
4636 444
5497 1006
5416 1042
4508 390
4928 1633
5347 1152
4550 427
4174 361
4371 400
4489 377
5377 1152
4505 415
4840 666
4805 494
4854 1633
6100 1751
6241 1435
5258 930
8163 1888
4634 536
5693 1121
4320 395
4378 362
4422 533
4892 546
3009 2207
4433 396
4815 816
5519 1152
6268 1489
6476 1554
4306 396
5223 1865
4236 361
4379 377
6786 1699
9216 1321
9435 1992
4368 562
4551 427
4380 377
4507 415
6473 1826
4207 361
4461 414
4841 666
5517 1152
8400 1229
4360 380
4813 641
5588 1880
5589 1483
6347 1430
4545 362
5373 1152
4212 355
4463 385
7410 1807
4837 666
8790 1842
4349 396
4592 480
4839 569
4344 414
4843 641
4213 377
9179 1991
4598 512
6533 1506
4350 395
4802 620
5016 775
559 1858
4227 377
4554 396
5313 1164
5645 752
513 2242
289 1308
4430 415
4436 413
5260 930
4432 388
4448 369
4806 569
4870 928
4834 620
4857 1633
1709 1515
4465 395
4321 396
4345 396
4855 1633
4816 494
4456 390
8724 1850
8291 2242
4211 377
4455 396
5369 1152
4446 366
4804 494
469 2207
4233 361
4291 409
4347 400
5375 1152
4172 377
4308 396
4691 383
6305 1598
4363 379
4435 535
4458 380
9381 1850
5566 1865
4123 899
4687 536
8401 1856
4179 409
8324 1312
4353 396
4415 377
6459 1826
4357 380
5270 1489
5732 1734
5518 1880
4547 480
4342 396
4801 494
4332 390
4868 928
4343 396
4305 396
4316 412
4549 396
4688 413
7206 1807
4629 355
9030 2242
6287 1816
6754 1633
4169 362
4206 355
4287 377
6291 1385
4374 377
4542 362
3619 1614
4445 412
4867 928
422 1899
5298 930
7089 2065
4149 360
4339 398
4412 362
4437 390
4506 535
4589 362
4423 362
4994 508
4610 429
5551 2194
4289 536
4336 396
4381 533
4443 411
4871 928
7930 821
4216 533
4552 415
5251 778
8369 1816
4351 396
7627 2140
767 1826
4434 684
6259 1448
6367 1444
6427 1525
500 2242
4194 362
4313 390
5176 1489
5445 2242
5942 1751
4362 396
5177 1505
4224 362
6433 1856
6452 1525
384 75
4356 380
4965 817
4442 396
4509 380
5142 799
7709 899
402 1849
4355 415
4493 355
5630 1640
4234 361
4856 1641
4861 928
7488 1167
5330 930
6273 1386
6814 1675
7017 1258
4510 385
4699 239
4876 928
5457 1152
5545 1152
4594 413
5380 1152
4364 396
4459 379
5175 1489
4346 400
6503 1562
252 1308
4191 533
5174 1489
4307 396
4322 396
4326 385
4637 412
4309 396
4891 928
5891 1205
6229 1447
4310 396
4973 720
5314 1483
7941 1848
8221 1887
4181 362
4719 515
4226 362
4466 427
4497 377
4556 413
5898 1751
4199 361
5339 1152
8188 2079
4511 534
4600 413
2996 2242
4894 928
5301 919
6261 1435
4338 390
6215 1833
9444 744
8256 1838
766 2119
5114 696
9378 2015
4203 362
4293 635
4414 362
4628 377
8497 871
243 1308
4341 415
6532 1607
4620 389
9389 2017
209 2118
437 1850
4632 535
4438 366
4492 514
4585 362
4217 362
5233 972
6442 1504
417 1833
4583 362
6477 545
414 1708
425 1708
4377 362
4512 535
5419 1483
8134 2079
9155 1986
9327 2053
4286 362
4376 355
4907 928
5366 930
6424 1534
4188 425
4369 381
4862 928
5498 1256
4314 415
6040 1751
7472 1047
350 1850
4686 589
5268 930
4311 398
4888 666
6386 1534
4588 355
4593 427
7411 110
8305 1699
8419 1850
474 1332
7170 2002
4315 380
4444 396
4452 390
4457 396
6409 1501
6920 1047
4501 396
5654 1120
7171 1596
5506 670
4176 362
4616 533
5584 1152
4218 362
4833 666
6515 2117
4499 562
6434 515
4586 377
4955 508
5344 1880
5665 2045
6348 1598
4621 425
6416 2079
4232 364
5568 1599
7858 1760
4333 396
4375 409
5276 972
2947 871
5546 1880
8518 480
2811 458
219 1308
5914 1205
6565 1483
4426 425
8390 1862
4829 1633
4301 425
4296 353
4597 398
5262 930
5539 834
6015 1908
4633 445
5097 740
6346 1826
4170 377
8021 658
4192 353
4487 658
8638 1851
3087 1504
4373 365
5642 1086
6195 894
6258 1386
744 1308
3847 1901
4186 378
7121 1812
7475 1707
7688 1707
4893 928
5547 1483
7781 2242
486 1833
773 683
4328 398
6070 1751
8550 1708
3497 2207
4361 396
4623 514
6057 1751
343 1850
4171 362
4859 1641
5196 740
4184 362
4873 752
5226 1865
4177 362
5303 787
7346 1753
2773 230
4451 385
5147 824
5213 890
9195 2062
7515 1707
8179 513
4327 380
4685 356
4960 494
6432 1518
677 899
4382 362
5254 1805
5813 1703
5985 442
6864 1812
4544 533
4908 928
5204 1505
5307 872
4120 360
5210 890
5620 438
6292 1376
5116 972
4228 362
4282 361
5295 1489
5491 1165
6349 1506
6540 515
7432 1807
419 1308
4596 512
4865 928
5698 1715
6542 1578
90 1308
4587 355
6382 1444
4290 365
5343 1880
5543 1489
6131 1751
6472 1607
348 1308
4938 605
6307 1435
387 1849
3168 1826
4998 648
5332 1489
7359 2020
8851 906
4421 361
4950 1757
5217 890
5695 1683
9133 1326
4324 390
4329 685
4943 546
5913 1237
274 1308
4196 378
4584 362
4942 546
6813 1832
4202 362
4325 396
6098 1346
9464 2020
4215 362
8239 973
4182 355
4205 377
4292 364
4330 396
4429 365
4635 463
6415 427
7207 555
7490 438
3327 1996
4540 355
4618 355
4619 355
6257 1447
7843 1759
8085 101
8534 1833
4418 334
4625 388
4680 465
5013 840
6493 899
385 2242
5417 1880
4208 362
8824 1856
2826 527
4185 377
4425 377
6285 1841
8485 2062
4626 514
6417 1608
8880 1828
4210 377
4631 412
6870 1307
8376 1856
1290 2062
4863 928
5310 1152
6228 1386
312 101
4223 378
7261 1047
4424 425
5371 1152
342 12
6118 1342
7974 328
565 1507
2995 2242
4201 362
4359 380
4419 388
4546 367
6730 1636
7682 1189
8038 515
1638 65
4417 480
5384 1483
5619 464
5711 1703
6771 1715
3046 90
7018 2212
335 922
4716 427
4964 1644
5379 1483
5499 1027
6350 2079
8886 1850
1335 2242
4178 425
4930 546
5173 1505
5399 810
5521 1483
6270 1558
7525 1307
8316 1380
4498 425
4961 1633
5367 930
6398 1851
7347 1055
8189 1607
2895 1013
4860 1637
4874 666
5364 930
327 1889
4219 362
5595 235
6541 1608
7760 1308
5755 1980
9344 1833
5856 899
6011 1751
4665 566
5350 1483
8242 1615
9295 2003
2558 65
5561 89
7885 1308
534 1846
824 899
4831 1641
5038 1641
5249 778
6815 1047
4864 928
9443 2037
4231 409
4335 396
5912 1205
6309 1997
6405 1494
7765 1707
416 1850
2604 560
4225 362
4496 514
6719 1124
4488 377
4995 508
6901 2030
1810 64
5930 1205
6239 1385
8457 1875
104 1850
5071 776
6036 2123
6324 1435
6732 1652
9006 858
2407 873
4548 415
6289 515
6308 1916
7260 1703
8077 1578
4317 366
4318 367
5201 1805
5331 930
5994 1751
7228 1047
4189 480
4200 362
4283 361
4935 2032
5954 190
4617 362
8895 1693
5220 1865
2889 55
5494 1483
6251 1566
6531 1507
4298 533
6240 1447
7498 1846
7524 1932
4440 426
8511 1850
9311 899
6294 1376
9188 89
9428 1700
579 86
4490 361
7122 1703
440 1308
4175 362
4624 425
5324 778
5602 1880
7655 1774
5149 1763
5939 1714
8496 1526
4198 377
5130 740
6359 1607
5336 1430
4221 378
4590 425
4689 367
5110 230
8186 389
9191 1991
423 1833
4187 362
4555 385
4557 1908
5440 810
5601 1118
6773 666
7345 259
7590 1707
395 1527
4869 546
4941 666
2048 65
4230 365
6256 1399
336 76
5128 778
5361 778
5718 1648
5571 1483
5715 2008
5299 930
5787 1307
6177 1861
4300 362
5264 930
5267 787
6391 1466
8026 871
6288 1599
9046 200
9081 1675
4209 362
9158 1326
4518 485
4984 1757
4992 997
5274 787
5463 481
3848 1599
5622 1715
6867 1664
7712 2045
9294 2017
3132 310
4173 378
4591 396
4717 463
5931 1236
8602 1850
9196 1708
420 1833
4214 362
4563 515
4949 621
5170 999
8063 1540
5028 149
7125 1107
9470 1326
167 1308
5376 1483
564 1826
4229 365
4281 480
5148 1770
5266 930
6353 1444
6376 2104
7619 1707
141 1850
4491 362
4502 427
5357 778
8061 1483
8738 1688
9181 1321
9426 1326
4543 480
4866 928
7559 2242
8005 658
4553 396
5141 740
5781 1639
8637 2216
3349 1683
4190 334
5121 778
9045 228
9260 2008
9333 1753
4334 390
5426 638
5436 853
5789 1706
2770 554
4416 409
6835 2020
7561 1479
503 1326
4193 388
4195 334
6566 1483
7412 1332
7987 1842
6323 1435
6924 1753
5215 890
5386 1483
6438 821
6489 1858
6708 436
4724 1574
7120 1638
7798 2242
5124 740
5422 1483
4595 415
6231 1899
6400 515
127 2261
7065 1054
8317 427
9092 2030
4383 480
5087 757
4204 362
4303 361
5915 1833
8020 1842
3182 2104
4694 515
5185 1346
6832 74
8060 561
5378 1506
6269 1845
6802 2020
8766 1677
24 234
5272 1549
6789 1652
7262 1768
4627 334
5019 722
5594 438
8818 1123
9192 1984
4500 415
5513 1585
4220 361
4909 928
4963 1644
5527 1006
662 86
4197 353
5306 872
5757 1067
6272 1385
8039 1908
9015 2242
4878 111
6075 2062
6360 1483
8948 1569
278 1850
4163 409
5044 1764
5685 2045
527 1833
5041 817
5496 1026
5649 344
9450 2030
4370 448
5648 922
8340 1598
5309 872
1518 529
5010 1641
5578 857
6375 34
6499 1841
7799 1308
344 1828
379 747
412 873
4697 470
4953 1757
5504 913
5932 1205
7392 1714
89 1600
173 1850
4183 362
258 17
3870 1599
4358 380
5596 1534
8212 2281
9320 1850
1048 86
6124 1308
2853 55
4684 441
5199 1805
5293 1562
6423 1532
7632 631
9176 2128
4180 361
6201 1385
558 1887
4222 388
4411 388
4690 535
5078 1308
5629 1703
8318 1849
2796 287
5084 696
6982 2007
7123 438
8062 1607
4079 360
4976 1757
5389 464
5825 1692
288 1846
4692 380
5412 1489
5550 1483
4875 1641
4947 817
5286 951
7994 2242
8791 1342
9412 1121
4068 1849
4494 383
6295 1448
4439 415
4820 1541
5131 999
5618 1483
6191 1347
8100 1580
496 1326
4682 707
5677 1596
6462 1534
240 389
5273 1865
6399 1842
8276 1841
681 438
866 325
5510 2229
7127 910
2655 1607
5134 1097
5212 1130
5459 1880
5731 1996
6318 1874
8037 514
8716 1736
259 1346
2716 1850
5650 970
5730 1992
6238 1385
5424 464
5716 1715
8206 1615
255 23
366 2242
4165 480
5005 172
8377 1842
157 1833
3315 1996
4951 1480
4985 840
5479 722
5797 1807
5874 1307
7578 1596
8352 1856
4441 379
5949 1205
6948 1753
8187 1483
4427 365
4565 1483
5168 914
8133 353
4980 1757
6471 1599
7556 2144
9419 2017
1882 621
4718 427
6306 1447
498 1850
5200 1505
5471 1734
6551 2103
7939 1840
6522 1578
8517 1283
110 2074
586 747
3125 1096
5051 85
5137 824
5488 1585
6820 1637
9080 1683
4420 334
4523 1483
6130 897
6296 1435
7344 436
11 514
4978 695
5385 1483
5951 1205
293 59
4582 362
5548 963
5790 89
4639 1908
476 2242
3035 220
4447 562
4920 1308
5053 85
6187 75
7409 2018
8127 1297
3714 1542
5410 1865
5950 1237
4297 362
5487 2101
1790 899
4167 361
6340 736
715 1833
5462 1880
5662 642
5970 1752
6338 1436
138 2118
536 2119
5165 778
9465 2242
2780 1736
5067 696
5096 740
7048 1245
4521 515
5311 1826
5656 1312
8905 1850
3834 1880
4159 1618
4954 1996
4962 1641
5102 821
6784 23
9385 2017
372 1346
4886 1631
5312 368
5396 810
6500 1856
7051 2212
657 608
1481 60
5300 787
284 1828
310 1308
3697 1603
450 505
4704 591
4970 795
4982 1757
5136 740
5247 1019
5544 1826
5768 1801
6523 2117
4515 1530
4917 503
4997 553
5308 1152
7694 2064
8551 1577
9288 1715
529 1346
9178 2135
9403 1907
485 1833
6260 1402
8277 1816
8859 834
554 872
810 899
8361 1861
5009 928
5432 548
5073 755
5420 466
5725 1065
6322 1915
7045 1715
8338 1826
3044 223
4285 355
7316 1802
4390 1851
4967 1474
6395 248
7391 1812
7894 57
8389 1096
2591 1850
6414 64
6943 1620
7092 86
3047 1308
8825 1923
522 1308
1599 42
4354 415
4642 589
4934 506
5590 1242
5641 1807
7790 1707
2683 1599
2839 1833
4241 1826
4659 470
5522 366
7508 1812
3010 1608
4990 1757
782 1607
4280 1483
5062 282
5132 740
303 1308
371 1599
391 1308
489 1346
573 1308
4319 415
5348 1483
5382 1880
5841 1346
5937 1342
6761 74
7626 858
3746 1880
5441 1308
8162 464
8248 2015
8472 1850
1398 84
4679 481
232 1602
6154 2241
6274 1435
508 2242
4413 425
4987 695
6115 2062
6900 23
9009 1833
1382 76
5193 778
6868 1332
7343 89
974 381
5049 1757
5867 1261
365 1833
1060 1899
5997 243
521 2242
585 471
653 2195
787 1608
2627 448
4168 361
5782 1801
5964 1205
6377 1842
6606 1483
8725 899
2225 485
4428 365
5603 963
5655 1812
6552 443
8103 1558
8468 1308
5817 1722
3109 324
5712 1703
6014 236
746 1833
6457 1842
8454 1886
1812 718
5647 344
6772 1311
4630 686
4656 689
4693 1908
4727 2195
4974 1634
8860 1671
4449 443
4609 1574
5288 778
5855 1214
6343 949
156 1833
1418 91
6341 1733
260 1332
484 1833
3076 2212
4288 658
4794 2202
4933 817
5133 740
5292 1805
5535 857
6027 243
6293 1433
6491 2245
4089 360
6485 1483
7084 75
510 1346
3747 2121
4541 636
4622 362
5189 949
5753 1722
6488 1858
8357 1332
8708 1850
5022 820
1022 76
4410 1618
4936 583
5050 1629
5129 843
5998 1910
6025 1910
6304 872
9386 203
7293 1596
7297 487
7446 2242
7491 2240
396 1849
1248 1580
1371 76
1510 873
4569 1850
5971 2073
6363 1477
7315 2020
8693 1326
4386 942
4932 547
5383 1880
5446 2229
6506 2179
483 1833
3117 853
4948 909
5423 1483
6397 328
7577 225
965 1675
4952 1757
6056 1346
9044 899
519 1666
5454 1805
5962 1894
6097 89
6134 2000
6267 1858
9040 1852
4495 362
4564 515
4696 1530
5026 1719
5054 85
5202 1130
5541 2101
7172 755
210 1506
883 1096
1497 1702
2093 1494
5194 999
5198 1865
5528 1006
5827 2011
6380 1492
4166 346
4652 486
5632 1583
9377 1899
9401 2018
129 1506
143 1881
5230 695
7890 831
61 364
4660 449
6146 2242
4151 1577
5751 1651
6490 1556
6625 89
7415 1326
8779 1917
8961 1308
914 283
4914 1007
6419 835
6635 1164
7473 1753
8257 1858
2622 65
3916 1483
7259 2015
8552 253
1193 190
5387 481
6872 1493
7844 1457
8195 649
9277 1708
2706 1483
4768 748
5091 697
6060 2262
9166 1714
846 1850
8092 1830
4798 768
5327 1734
9459 1326
5337 1152
5713 1944
5963 1205
381 1552
463 746
7363 808
9409 1995
4242 1816
4666 418
4748 1483
5205 954
5294 954
245 55
261 922
3857 1599
5139 740
7086 234
8798 1781
8809 1842
9339 2002
506 1308
3800 213
5279 190
285 225
477 1850
1646 76
2094 1558
2969 1801
3495 1852
4872 1757
9357 1833
244 1837
4513 1908
7448 899
8042 1015
307 50
3915 1558
8137 2065
8565 1507
8823 1693
9100 1326
154 1650
4608 1574
4993 502
5103 781
6458 515
2975 677
4966 547
5752 922
6707 1652
6955 1559
5492 1483
8433 1708
505 1346
4772 1106
5784 2007
7489 270
8161 1430
5772 1092
5849 1191
8204 1773
8872 1678
1275 2062
5490 871
5563 1308
6362 1849
6546 1833
7470 2212
4033 2169
5122 842
5334 332
8181 513
5326 1805
5533 1106
7227 1812
753 1850
4944 1644
6232 1096
7295 1899
4746 616
4764 2148
6320 1483
8370 1858
8641 1830
9392 1810
1730 1861
7014 2165
2978 2236
5952 1206
7710 86
8917 1850
568 1721
1360 52
1459 145
4912 1757
4940 458
81 1506
675 992
2663 466
2917 16
4058 1608
5580 86
5714 1807
8428 225
8456 639
8529 225
401 1692
1136 1721
4160 440
6677 899
8022 1483
1478 1721
2857 1229
4407 1618
6030 1324
8241 1565
225 1566
346 1850
4601 657
5012 818
5227 1900
7088 2020
2804 873
7803 720
9154 1971
198 1506
256 2061
817 54
5406 1019
7362 1739
9034 228
954 1857
2991 1838
3058 2212
5508 1671
6310 623
7686 2026
1527 899
3250 2007
4389 1851
9121 942
30 1305
745 2282
1224 810
2832 1655
5992 1096
6053 1310
6336 1423
1832 14
2625 266
4726 163
5368 1152
5525 464
7225 1846
1600 1514
4881 913
5682 834
6230 60
8290 1884
1548 89
5702 2045
8993 1332
44 1871
431 1807
5075 1757
5816 2158
9206 1833
9468 1229
1220 1833
4788 1601
5056 2203
6435 1816
6898 17
2898 899
4450 636
5465 1608
7927 2242
8008 1470
520 1346
684 1850
5059 1863
5257 848
5452 1078
5638 1588
6638 2020
5158 1514
9167 2062
761 1849
4705 1335
6738 1632
6921 1692
2758 1064
2797 1751
5252 2259
5570 1599
8737 0
4751 1574
4836 818
4904 899
6193 86
6564 172
6834 478
7471 1812
7545 2158
686 1405
4562 1908
4763 873
5302 332
6024 1910
6203 897
6474 1534
7317 1047
7958 857
584 253
1752 1853
5372 1483
5582 1851
5941 897
8601 2171
9165 857
9174 1982
3744 1901
5320 1076
5703 1049
7390 2242
781 513
796 1308
2581 1574
3318 2059
3568 608
3572 1137
4749 1574
4937 2164
5081 1644
6830 12
4514 1530
4723 1908
5762 1308
341 1846
601 1308
1841 1241
5057 85
6135 2001
8320 1288
9069 228
3660 766
3745 1901
4750 1908
5111 855
7995 1535
8104 1584
8296 1842
8861 899
6 1863
340 1850
5018 722
5246 778
5532 1106
5807 698
5961 1894
8769 1832
9316 1995
1288 810
4638 1574
4753 1299
5779 1244
9122 90
9408 436
546 1833
2561 378
4561 1574
4999 1863
5085 623
5413 1148
6094 1908
103 92
436 1319
5095 740
5530 515
5592 1271
6785 1807
7044 2242
7711 2154
9431 1708
5495 366
5981 1346
6444 2179
9056 2174
2888 2242
306 531
5160 1472
5598 1750
5678 2255
7091 1738
9269 320
8520 1833
571 1870
651 747
3091 274
8416 1763
8509 1346
9217 1850
473 1833
1595 582
4641 1574
5679 1620
5843 1693
6484 480
7639 1326
345 1918
4683 440
1546 2242
1868 48
3136 1885
4975 579
5046 2171
5341 1483
5644 858
5653 2103
6012 243
9390 235
230 55
5216 1151
5283 1308
6317 1845
6431 1346
6479 2179
6729 1335
7766 1326
8109 1829
8205 1607
3485 190
4273 360
4648 538
5381 1566
3700 2243
5052 794
5186 547
5225 1900
5335 919
5439 707
8108 50
8227 1843
203 1884
2024 810
5780 626
7474 89
7668 1714
7764 1326
8263 2059
8636 1708
9067 1311
574 1833
4485 361
5734 1648
6326 496
6392 1440
6626 897
7360 1846
23 1600
1044 96
3071 1671
3841 396
3842 2116
4259 870
5370 1483
5523 366
5617 1599
6237 1419
8616 2183
1456 180
6029 1323
7509 1699
8315 1308
9301 899
397 922
661 2205
1215 648
8467 2216
9203 1984
19 1012
109 1871
1544 1714
3872 2121
5107 1923
5896 2214
6283 2242
8392 1878
8846 623
9091 1708
1167 1402
1174 2144
5397 548
6281 2229
9060 970
214 1833
843 873
4602 1908
4945 1637
5020 910
5842 1714
6646 528
8984 86
4701 2129
5346 1483
5449 778
5936 897
7492 1033
8829 1828
4657 468
4885 458
5069 1706
6105 1309
6478 1550
452 1646
2442 54
5285 951
5305 1604
5612 677
6521 1829
6753 72
977 194
1321 40
5024 2203
8117 86
981 84
4662 451
4784 1631
6513 480
8358 190
750 1833
2984 1394
6041 2203
6381 1510
8294 1585
8921 1833
459 1927
1192 698
3835 1599
4844 552
5967 1828
7434 897
881 2242
1689 52
3845 1901
4559 1530
8941 746
1621 77
4141 1571
7177 164
3001 328
1421 1714
2416 51
4090 361
4531 1702
5798 1708
6516 853
9087 858
809 1846
1328 1458
2160 86
3869 1599
4722 1908
6252 1445
6804 83
7832 1721
8283 746
454 1308
1487 1437
3089 1678
4516 1574
5271 1900
5597 834
8447 659
8530 1899
4783 1631
5269 890
5425 1558
5995 410
6264 623
7203 860
8132 2163
62 1566
2728 1639
4681 194
5409 887
5844 1899
8446 1671
1085 1409
1197 465
2776 1308
4152 361
4162 681
5340 368
5699 1846
5865 1200
6002 1295
6117 45
6316 1833
6639 897
7687 897
8293 1326
8388 1326
53 1566
456 2242
7617 1080
9222 1671
447 1850
4703 590
6042 1445
6061 712
7531 1345
7988 1816
8043 1869
253 1833
2731 235
3808 36
5691 1657
1242 1721
4615 2259
5080 1644
5658 2212
7082 499
7743 1714
7873 1326
5155 492
446 1332
865 700
1269 60
1613 2229
2075 747
3263 393
4566 1294
4581 681
5700 1108
5786 1715
8694 1858
1304 1833
1676 69
2565 959
4791 2116
8425 897
9451 1850
4606 1908
5104 740
5117 757
605 986
2188 637
3858 2116
3914 1901
5042 547
5123 778
5203 787
7485 1569
544 1900
4150 608
4645 689
4707 473
5979 874
6010 1846
3011 1515
3036 220
6519 1850
4721 1574
4996 1311
8910 946
9153 1977
528 1346
6637 1807
7615 746
8086 1497
8367 1907
9457 857
367 1851
2876 1717
3150 1466
3840 1506
5469 767
5737 1065
6143 1308
6770 1892
451 1832
2903 2242
3033 545
5064 1644
5783 2018
1431 1771
5031 1601
5500 897
7438 873
9252 1679
1576 747
6361 480
8469 1914
9362 2052
358 1850
361 1850
1256 1559
3836 1599
5045 840
5065 1444
6103 1898
6510 2245
7584 747
8713 899
4603 1908
6003 1296
6073 1595
6107 1595
263 2242
398 1308
1461 1536
5112 818
5145 726
6222 1369
6247 1899
405 1833
765 1494
3347 1934
4047 1901
4070 360
5099 740
5692 282
5972 1894
6745 1335
7782 1833
52 1558
74 346
1438 75
2818 2026
5872 2007
6044 2245
6303 1829
6446 1332
2922 1795
5219 1483
5464 464
6233 1899
6243 2139
6271 1355
6798 1313
7516 1739
218 1483
315 1346
375 1559
465 1833
2927 1816
132 1305
468 1708
989 101
1056 1653
1878 1189
5414 1115
6190 1606
6389 1342
6775 1647
7998 190
8712 249
5315 767
5944 1289
6054 362
8596 359
118 210
439 1332
837 7
867 1944
2963 1389
4066 360
4568 983
5969 1096
7602 85
8398 897
8417 1842
3064 1763
4393 1880
4670 615
5119 697
6286 2163
7588 2242
434 744
679 922
1252 72
4155 360
5697 594
8690 2276
8913 1741
9036 141
9292 1708
281 796
858 1319
1400 922
4158 1618
4604 586
4720 515
5118 911
5127 844
5325 999
5478 1556
7358 31
7928 1741
9182 1739
2151 1577
4640 515
5094 842
5278 795
6319 366
7512 1047
8139 996
8739 1644
9332 746
859 167
1227 117
4913 1896
6947 1858
9384 1899
50 1600
316 2008
2815 2027
4651 239
4671 733
5048 1514
5338 1604
5901 1143
6026 211
8845 1904
9177 2215
590 853
1988 899
4074 361
6369 882
6509 707
1483 77
2664 684
4644 1910
5040 1644
6865 2140
8480 1326
8900 1708
49 1877
320 1849
2113 763
5552 269
6074 1595
7738 99
9258 604
597 1391
2736 1601
3792 1901
6081 2232
7126 2028
9068 1190
9363 1818
1170 71
1925 2008
6045 2200
6059 2135
6687 72
7785 99
8297 2177
8971 1761
9213 1264
165 1871
488 2052
1516 194
2038 2183
4526 428
5245 1514
8160 86
8222 1846
449 1776
908 1036
4643 1908
4700 538
8402 2119
3176 1086
5072 1892
5077 648
7191 505
7341 42
9190 1985
9284 2065
560 480
4916 2030
5055 85
5428 1541
5659 2039
6068 1693
6721 34
196 1675
1567 76
5402 1096
5880 1157
6112 76
168 2275
237 101
566 899
754 1850
2612 543
3805 213
6175 1346
7870 2123
217 1127
501 190
517 1346
518 1308
1753 2107
4061 2118
4095 360
4852 2242
5717 1846
7905 1326
8259 1483
3875 1599
6217 885
347 409
2746 203
4607 515
4695 513
5140 824
5814 1051
5938 1342
6701 1335
6999 1728
7821 1345
9002 1326
229 17
374 1206
413 897
2119 807
2637 1506
3591 1939
7869 54
9421 1899
933 1502
2738 1715
3359 1963
4094 361
5624 1942
8366 1326
40 1305
1906 101
3284 1701
4649 1510
5585 2181
5754 1693
8632 888
1202 873
5476 810
5965 410
8006 983
1176 36
1845 270
4157 1618
4534 920
4747 515
5043 817
5074 754
5537 811
8084 746
8837 1569
723 225
1299 96
4558 1558
4698 1027
6591 748
8375 1846
9395 1833
9466 1840
112 932
475 1308
1647 1833
3468 1579
4113 1848
5448 741
7256 1828
8088 2167
9156 1971
1889 2102
1977 923
2112 2216
4001 1269
6204 1869
8765 1759
2772 767
3165 873
5859 897
8304 184
314 2242
429 1926
691 942
5676 417
6321 608
8654 1652
9346 1580
1368 1692
2576 899
3197 2265
3373 2148
3741 1901
4579 360
5159 1873
5236 1244
8105 1611
3151 899
3831 1901
4517 515
4667 770
5088 1514
5593 1621
5631 190
5822 2062
7463 438
7802 88
75 1507
250 465
4075 361
4103 360
5788 1629
5960 1494
6727 1899
8078 1540
8668 1693
164 409
191 1507
1530 766
3148 1089
4137 1880
4981 997
6139 2001
6801 1832
7774 1015
7946 746
8567 253
9200 903
1194 76
4524 1558
5259 827
5435 311
6028 236
6497 1884
309 2212
717 1994
1180 1342
4024 2182
5115 1053
5207 1117
5333 919
8835 1671
8928 897
9300 1313
3804 219
5076 1202
5456 1152
5663 1735
8617 2185
265 623
648 2248
1573 2242
2279 1777
3755 1901
4830 580
126 1066
706 2242
1386 1009
2688 2062
5171 824
5882 1233
9082 1943
9342 1833
3484 954
5221 1104
6465 1550
6507 1550
8130 69
8246 622
1401 76
3126 195
4261 2118
4986 722
5520 2181
7090 1656
7831 99
2822 1850
7689 873
8102 1483
524 1671
5579 834
5770 89
721 922
1222 1346
2989 76
3832 1901
5553 749
5722 2229
6210 1385
6517 1569
7547 86
7650 1391
388 1842
667 1188
3328 1810
3846 1904
5025 1474
5466 633
78 1871
184 251
453 1942
886 99
3837 1558
4112 361
4738 2165
5443 2270
5477 1308
5861 1157
7871 1714
9290 1833
1663 983
2649 481
4778 429
5573 1137
5605 1299
2118 2059
5150 86
5392 1752
7867 2086
9270 2252
9285 2000
204 287
298 1460
1791 1718
3030 2083
3139 257
3784 2116
4276 360
45 2124
142 515
561 1601
654 59
1403 3
2878 2229
3623 1963
5222 890
5224 1117
435 2255
572 960
2783 736
3298 1997
4520 1483
4560 515
6418 858
8980 1342
9223 2023
16 769
2845 809
5083 949
5773 1127
731 1850
943 225
3024 2002
5082 817
5897 897
7057 834
7087 438
7134 2184
7290 54
7904 2242
499 1346
702 205
812 1802
1239 1771
2870 86
4107 360
5039 1644
5365 848
5946 1262
5958 1342
6748 1660
7406 248
8797 1897
393 1800
1189 807
4239 360
5735 1090
5888 1200
8767 1850
9025 307
1742 922
1786 190
2131 2112
4605 515
4669 431
8353 1556
383 2079
507 1536
530 89
1373 86
1840 299
2623 1850
3316 128
3364 1961
5089 593
5431 765
5583 871
5657 1833
6428 1545
136 389
5739 1435
6592 480
7536 632
8326 1850
540 1559
4845 2062
5634 344
5701 1750
7891 1757
8703 2276
537 2242
1087 549
5458 1566
7462 1971
7493 1715
7697 1849
115 1908
589 874
1433 1601
3380 1607
3488 890
5066 996
6787 1917
683 1346
3762 219
4842 1800
6354 1459
6456 1828
9330 2174
182 2074
247 1346
389 2062
1785 259
3548 1579
3873 1901
4161 1618
4479 2222
5968 858
8226 1634
12 2029
516 993
2907 1013
3565 1708
4067 1849
4946 1637
5509 1558
5531 404
6364 1454
6502 1527
6700 2242
8671 1850
9132 857
20 1833
794 1346
902 746
4015 1269
4093 360
6492 466
9029 2242
9417 899
525 983
1261 899
3730 1855
4025 1570
4668 2196
5172 890
7725 1610
8822 1688
9144 855
816 1346
1344 234
2894 835
3897 1595
5363 848
5512 887
5540 1578
6092 1309
7908 989
1177 2008
3415 1994
5719 282
7133 76
324 2265
1158 697
1519 1332
1768 1514
2998 856
3196 530
4972 696
5991 858
6368 2193
7618 1846
7 54
844 200
921 201
2226 243
5848 1191
7723 1762
9134 1229
1385 1899
4053 1483
5241 1308
5374 1483
5408 778
5643 2140
9055 1326
4156 608
4939 60
5604 2130
6311 873
6429 677
6988 1308
8081 610
8382 1708
8884 1828
9286 235
467 1162
664 580
4536 360
4969 794
5395 765
5555 985
5623 2140
5820 1986
6209 1398
6358 1618
6536 2222
8066 347
8368 1846
9214 1223
137 374
3806 1184
5633 17
5684 947
6069 1096
6108 1595
7819 86
7993 10
424 2020
1514 2086
2563 2178
2899 747
2983 1595
4519 1483
5190 1056
6524 899
8681 1566
8776 1693
8888 1833
1206 86
3111 257
4126 1899
4728 1299
5801 1810
5834 1157
5900 1713
7073 1108
8892 757
2221 2118
3260 1975
5101 740
5191 880
6207 1369
515 1332
3502 1965
3740 1901
4115 1848
4467 899
4476 2000
6016 1910
6082 2232
6388 1346
8752 1907
1346 2151
1884 1346
2849 1308
5689 2017
6365 1509
7202 1580
7978 2123
758 2167
1990 941
4127 2061
4484 360
5011 1644
5261 918
5355 1732
8854 1741
1350 336
2636 483
3175 1948
3612 1821
4522 1294
9164 2130
9268 2026
221 878
1706 1884
2542 1344
2795 1639
2966 1595
3163 1988
3233 1951
4005 1573
7016 1692
8238 1741
270 746
333 746
892 1833
1824 1651
3692 766
4401 1392
5284 2239
5973 380
7208 2242
7616 2212
8881 746
2784 1039
3293 1528
3844 2116
4403 360
4475 2222
4926 2212
5795 1817
6227 1361
6942 1892
7093 1846
8427 1787
9356 1787
155 1650
582 2196
897 282
929 201
6279 141
6800 1335
7544 2062
2187 1558
4877 438
7548 43
360 2259
472 1326
5027 674
6944 1656
8158 37
9287 1704
378 1859
1072 922
3905 1901
4101 360
5875 1143
5920 1342
6752 1723
8399 1741
8706 1841
872 2036
2859 1692
5304 1604
8580 1899
9420 248
1678 1669
2825 2242
4991 671
9212 2143
241 428
267 1346
655 993
1234 2216
5197 1078
7726 1692
7910 1884
8612 1583
1207 36
1930 944
5390 1706
5675 1136
6315 2242
9293 1120
828 1850
1169 1735
1225 890
2031 1671
4655 488
6683 15
8159 1308
8466 812
9449 507
51 1850
2030 1224
4673 566
5705 1308
6019 2247
7058 188
7589 1346
8958 953
338 1846
406 2124
432 1997
4144 1566
5560 1078
5687 1089
5815 1944
6038 89
6298 623
6508 1858
7820 86
8816 2116
1953 1458
2624 2268
5166 999
6102 1768
7179 1662
7631 89
551 1833
973 652
978 1826
4086 360
5156 1308
5796 1726
6562 1451
7805 1536
8255 1601
8336 1708
8568 1899
9138 1580
9233 504
392 919
433 207
619 1862
3020 573
3531 1994
4897 1757
5291 1130
5538 902
6043 2245
6148 2000
6330 1454
6589 225
6658 2282
7458 76
410 1844
606 1461
3278 1959
4578 681
5181 2235
5736 1065
6280 40
8203 2242
8528 1342
8815 1833
8891 1828
591 1595
980 1446
6067 1846
6659 2282
6949 699
7292 1715
8383 1518
9187 1828
552 2081
815 1935
1397 59
1955 1893
3951 957
4071 361
4821 1885
5810 1907
6390 858
8091 1683
819 1907
924 1308
1948 86
2235 982
3225 1963
4989 671
6186 1470
7099 1308
7209 1846
8325 1833
15 1618
2582 635
3864 1269
4924 2065
5669 1165
6119 2001
351 985
511 1850
1764 86
3128 256
3752 320
5000 1601
5319 350
5899 2203
6093 311
6184 1308
6607 1842
9354 1346
353 1054
962 441
1047 648
3092 546
3983 1269
4154 352
4473 2000
5626 1754
6062 2262
6141 2241
8583 1850
9467 1846
65 1600
166 253
915 2039
2550 1903
4164 1483
4267 608
5318 350
5404 778
6634 1909
7291 2221
7763 1752
8140 858
66 302
124 1269
319 1311
3183 1564
4080 352
4278 352
4785 1723
5611 1029
9454 922
128 483
322 2212
594 1220
2843 99
2988 903
3993 375
4898 436
5501 898
5576 1900
6047 2262
6140 2001
6172 1096
6897 1346
8950 65
9243 1833
615 1918
668 1077
2626 1543
2838 876
3159 494
5265 1024
5745 944
6086 2001
6129 96
8183 611
64 540
3781 320
5474 1501
6263 1412
6511 1518
6986 1513
339 1868
2761 128
2864 1346
4661 449
5690 437
6797 2229
8249 1640
9364 160
5090 674
5621 1614
5956 12
6299 1666
6464 2117
9418 149
188 1108
205 1678
603 1387
3215 1934
3317 1307
4275 360
6370 753
6902 897
7999 197
2801 494
3034 220
4532 1536
5017 621
5282 54
6379 1733
29 1871
91 322
102 1600
123 1871
174 270
2210 59
4135 2116
5086 623
5162 697
5214 1117
5680 1651
5987 899
6300 1433
7265 190
8424 54
68 515
1226 41
1656 1451
3839 2124
3879 1506
5664 2278
5982 1722
6089 1332
6466 1859
7322 2282
7413 1445
8110 1580
8882 858
8952 75
642 1319
646 218
2727 1802
2970 192
4121 959
4136 1880
5232 795
5688 1756
5890 1215
7959 1053
841 1600
4404 1618
4899 831
4931 1637
5321 1096
7494 1307
8635 2217
235 1483
1493 1555
5179 624
6378 367
8337 1342
8348 1757
2318 807
2985 2116
4140 1571
4918 1596
5910 1261
6090 311
6168 1733
7433 2165
7728 228
7934 60
8885 1678
364 1445
3756 1901
4046 1880
4525 1908
7464 1832
9425 2037
4139 1558
5668 1241
5953 370
6445 1551
9003 1334
9083 1060
158 2196
160 465
207 355
1559 1776
2130 900
2762 126
3926 1483
3988 2000
4925 897
5146 743
5599 1714
5862 154
6983 3
1950 901
3272 1963
3721 1500
6017 1852
114 1305
170 241
3147 2219
4118 360
5940 1458
5984 380
7169 1944
539 1798
1634 1833
3110 1466
3239 1935
3486 810
3742 1881
3853 2116
4574 681
5206 1117
5358 1099
5587 1879
8639 1881
956 1244
1164 2245
3025 1850
3108 1479
3849 829
4835 552
5858 1846
5999 1483
7211 2049
7679 1733
8194 2203
202 1760
1712 1775
2006 2229
4576 360
9011 2109
9436 1036
67 608
69 1483
2580 366
2928 894
3830 1595
4270 681
5743 922
538 2265
2317 875
3386 1597
3664 2081
4084 360
4752 2202
5467 1619
6480 367
7449 2007
41 1600
455 1708
720 1494
5058 543
5388 1880
6091 1309
7663 40
8079 589
9262 2278
9273 1832
337 2242
386 1266
580 1893
732 38
1267 1559
1853 1601
1976 969
2742 107
4257 1855
4264 2000
5536 1493
7562 192
7922 1833
18 1870
1184 1030
5092 2203
5323 1799
6266 167
6483 1188
7818 746
9142 1308
1032 24
3240 1307
6006 1326
9267 1146
211 409
462 86
576 1530
909 1028
3116 766
3144 1708
4983 2003
6064 1310
7557 1202
8065 1444
639 1136
1376 1011
1724 68
3779 1881
4539 361
4957 2244
5143 824
5401 509
6624 325
9299 958
283 417
2074 1826
4737 724
5407 1799
5804 1979
73 1597
567 515
969 1985
1649 42
3442 1994
3726 1595
4138 1881
5209 1117
5405 1099
6018 245
6194 1804
7634 86
0 1813
394 829
763 1308
1455 86
3077 190
4397 2118
4825 438
4959 1693
6537 229
7230 1686
8471 897
8834 1691
8954 2062
1010 1693
2095 899
6048 2194
7857 1846
8225 1479
95 1316
724 1500
1079 1918
1188 1926
3911 2116
5957 1683
6005 1304
8365 1634
2740 107
3078 1736
3877 1506
3953 870
8106 1888
493 2242
1233 1679
1668 1346
1796 689
2997 210
3928 1608
4399 2000
6063 1304
6328 1423
6441 1534
7013 807
7356 1313
7787 746
7926 54
8789 2173
9402 2023
9469 1756
4153 608
5616 1209
6665 1777
7788 1686
7866 1884
7996 1166
8258 465
9157 1899
399 353
471 2183
549 1846
1443 2242
3663 855
4128 1832
4611 190
5008 722
5237 1704
5444 1346
5800 1093
7772 874
8306 1332
8705 1741
2564 608
2656 875
2757 1307
3214 1962
3783 1901
5609 908
6731 1407
6836 1638
7319 764
7892 1803
257 2202
3348 1311
4258 213
4271 361
4529 2140
4927 997
5415 1515
5565 1468
5572 1574
5747 970
6922 1601
8019 2242
9331 1845
266 100
1420 2062
1469 2282
1606 1714
1719 2039
1771 900
3021 2026
3245 1964
3530 1692
4567 92
6604 897
7296 1899
9272 2052
318 1846
1008 763
1954 1761
2145 1884
3691 707
5047 840
5708 731
6132 2001
8949 1804
1042 1364
1245 225
3785 320
4771 337
5832 1191
6020 1777
6425 753
6443 1555
3727 1880
3732 1901
8759 1693
9202 1459
9404 1714
4269 361
5569 1566
5835 810
6244 899
7431 1008
7601 86
9334 538
4527 1483
4968 1764
5328 918
5866 335
8229 766
248 897
427 138
1358 52
1789 1580
2089 1926
2662 2035
1276 210
2803 1992
370 1552
997 21
1683 1732
3387 1929
4977 997
6339 1454
6906 1634
8828 1786
490 1346
2577 1821
7324 1308
8381 1486
9308 1741
308 2158
1589 1451
2877 1326
2938 1601
3851 2116
7499 1722
227 1651
742 2079
775 636
890 201
1699 12
2615 1578
2882 1332
3715 1541
6504 1551
7204 86
7414 1912
8714 1856
1488 549
1874 1358
3015 1850
3038 244
3194 1963
3769 320
3934 1269
4037 1595
5625 949
6767 2218
7961 517
8953 2242
321 1828
827 1402
1741 1152
3198 1833
4073 360
4099 360
4277 1618
5211 1117
6623 325
7761 48
93 1841
2538 1308
4387 194
4819 1628
5253 740
6077 1342
60 958
512 330
678 2268
2583 1599
2679 355
3912 201
5255 918
5263 918
8979 2063
9020 2115
9109 1708
9207 2062
1001 549
1907 1714
2722 1087
3115 1466
3850 1003
5243 623
5290 725
7050 65
7775 1651
8938 994
1429 19
3734 1901
3735 1904
6582 1714
8764 922
8813 834
556 1853
2879 1833
3910 2116
5608 90
5893 1899
6013 183
6351 1464
7667 1708
791 361
899 159
1132 1114
1241 60
2050 1850
2185 2097
2979 371
5030 2082
5524 1483
6799 77
7542 1346
853 458
898 218
3152 1714
4482 361
4773 405
4903 415
5526 487
8319 1395
9434 1603
357 2074
2257 997
3689 1874
3796 1901
3852 2116
4730 750
4979 840
5889 1261
8420 1241
482 1952
3206 1245
4081 1849
5329 1024
8116 1096
373 1599
1574 1308
1971 1244
2920 1795
3138 720
3161 256
5661 1757
5709 2132
6072 1318
820 1288
2459 1708
2680 467
3063 1008
3248 1963
3899 2116
4910 1800
8904 1485
77 819
848 702
1502 1708
2650 2118
3843 213
5157 1764
8197 318
1159 1683
1332 1761
1926 808
6235 1055
457 1559
587 253
2980 2210
5907 1249
6071 1472
7139 1489
911 424
1679 1308
2418 1671
3795 1901
9388 1708
1249 1229
2897 1013
3354 460
3470 1579
3737 384
5666 1015
5983 1757
9105 1924
9186 1899
2914 1850
4756 176
4911 1757
5359 2259
6008 941
331 1346
415 514
635 1595
2686 2242
5884 2151
7266 1828
497 203
1000 508
3181 2103
5919 1679
5974 485
8068 2279
9071 208
3828 1595
5637 194
6031 2232
6049 1887
6145 1772
9276 1833
411 1833
1058 2165
1258 1714
1498 12
3332 1720
4246 1893
6176 1846
6345 2242
6660 474
7212 86
1718 897
2960 2207
3098 50
3758 2121
4021 1269
4731 521
4880 882
6642 1342
1406 2268
2080 1821
4799 2195
5277 790
5774 1936
7708 225
7954 302
254 1510
1662 37
2802 1932
4031 2105
4088 681
6151 1323
9032 2105
637 201
3723 2105
4294 608
4759 542
5322 1097
5945 1196
6009 1828
7741 2158
8475 2118
100 1777
925 1640
3166 766
6262 1601
8240 1604
9326 2013
777 561
1879 2061
6058 1804
6109 1595
6111 2000
6127 180
6373 1148
6998 874
7397 1096
8292 765
8945 1818
9048 141
213 1521
856 897
877 1387
1144 1601
1173 953
1535 1534
3188 1938
4076 1618
5029 583
5125 824
5756 744
6096 2001
6302 1029
9079 1683
71 1877
233 1715
937 2281
3140 997
3949 375
5696 2255
6099 841
7026 1858
329 930
1818 1358
3829 1595
4133 1595
4408 585
4769 470
5356 1714
5903 335
7178 2202
7633 2165
9018 1992
9180 1110
25 814
301 632
444 1099
460 86
939 1870
1062 1850
1733 328
1899 1071
2060 748
3671 2244
4761 521
5990 1828
7066 2067
8644 766
8819 747
1434 976
2865 1522
3802 2116
3918 1281
4083 360
4796 470
7229 1693
8049 783
710 2007
944 2242
2018 2119
5256 1078
5635 1708
5808 897
7074 2039
7081 1846
9026 40
2594 251
2745 605
3027 1671
4020 2000
4252 2116
5749 1620
6189 1369
1152 95
1608 1407
2638 334
2935 2242
5876 1234
1851 1899
2165 1530
2810 1946
4004 374
4248 1594
6831 1691
7613 900
7851 1346
8621 1164
9201 1600
934 1721
938 81
1035 2242
1160 1771
2586 1790
2854 1569
4013 1269
4237 360
4471 1297
6981 2003
7294 2048
7855 69
8028 978
8461 1277
272 1376
874 1086
1033 521
1295 76
1472 12
1826 766
2063 897
3184 2158
4654 491
5014 1878
6586 253
8168 1896
8754 1222
9382 1832
990 1588
2541 1570
3649 338
4745 1514
4879 1615
6766 2219
665 1888
1571 591
2902 573
3838 2124
4065 1392
6167 1470
8498 1893
803 897
1722 1559
1779 99
2781 1360
2953 1535
3127 546
3421 1579
3736 219
4008 375
4238 360
4775 1149
6402 1494
7015 675
8094 1837
9075 1273
299 1610
466 2202
1482 1371
4106 352
6277 1556
6290 1361
6334 746
7382 2164
7874 1224
8774 1899
9031 206
1078 27
1377 194
3134 258
3294 1945
3904 365
4014 375
4754 688
96 834
369 1842
880 505
4254 393
5163 818
8750 1840
222 438
788 636
1129 1679
3809 1603
3874 1901
4145 2000
6437 1734
7779 1585
1452 1846
3324 1074
4119 352
4250 201
4797 518
6116 740
6588 1220
6734 1241
7889 1346
8354 1858
1708 1762
4706 493
6512 1615
6561 1096
6899 1725
4039 311
4809 140
5556 1288
5927 1215
6004 1561
6714 1562
7571 2123
185 1880
555 2115
1107 965
1322 1559
1552 2026
1896 1047
2717 944
2821 790
3629 1951
3631 1957
8929 418
711 1884
3979 1269
4889 1757
5182 1819
5860 1234
9309 1326
326 75
2719 293
2999 1489
3352 1952
4274 440
4477 2001
5614 192
6165 1308
6253 1979
8418 1147
161 1574
1057 65
2990 2062
3876 396
5928 1204
6202 192
6448 1910
6603 174
7304 960
8107 900
8463 880
901 97
3031 1394
3778 2116
5169 932
7223 1575
9077 2115
487 1423
1020 1830
1054 190
4711 1684
6234 2077
6475 897
7664 91
8853 2056
1311 591
1523 1229
3922 2000
4580 360
5683 344
6866 228
9337 1858
904 857
1366 220
1500 59
4882 346
5667 77
5812 1124
7665 2056
7706 172
8080 1540
276 2194
832 1934
2224 958
3935 341
5068 45
5187 1761
5503 1570
5766 1833
5879 1247
6837 1651
7140 1846
7320 2119
7979 697
9234 2051
738 1559
1565 1458
3093 213
3605 1541
3880 1558
4114 360
5281 350
7137 483
7307 1457
9283 1485
547 2069
985 1659
4971 1757
7046 1307
8966 2198
2408 1359
2785 664
3913 1855
5242 1714
6393 858
8198 190
8735 2026
8736 2063
9355 1708
625 204
1550 2126
1570 858
2684 219
3270 461
5138 1130
5144 697
6121 2001
6741 1096
862 753
1163 2062
2926 1308
6366 1519
7478 70
7909 1716
9173 69
9231 1693
269 2216
823 1639
1578 1713
2220 614
2874 971
3749 320
4733 593
5564 1870
6728 1754
6980 48
8912 1693
172 1316
380 2057
5877 1143
8128 485
8303 1230
83 388
120 365
1734 1308
2117 2036
4064 360
5767 1423
5948 1262
6966 1322
7231 2260
9456 1719
5006 1699
6342 1854
760 1489
2051 1574
4035 213
5729 190
5818 1979
6173 1671
7381 1989
8009 985
148 480
907 832
3269 460
3292 1849
3833 365
4528 2067
7630 2069
8146 698
8940 1692
9429 1645
1026 1283
1428 897
1852 1734
1869 1850
2723 623
3900 1595
5098 1768
5672 1669
8844 1365
9239 1012
1196 1911
1413 89
2132 1634
3277 2019
9064 1346
80 1879
220 1996
445 1601
729 1024
1526 52
1965 89
2111 1556
3615 2039
4036 1595
4767 1733
5724 992
6120 2001
6903 2011
216 1068
2572 2017
3285 2036
3713 315
5152 1202
5871 1544
6039 1846
6166 1828
7868 1500
2667 533
3549 1719
478 2081
783 1350
805 1863
1430 1053
1475 194
1588 812
1601 1761
1847 748
3909 2116
4265 1581
4650 1106
5021 840
5100 844
46 2080
1658 2056
1898 968
7027 2095
9445 1686
147 1871
2320 1616
2633 748
3803 1880
5640 614
6406 2193
6919 1828
7906 1521
9397 1718
98 1595
1210 2082
4253 393
4256 2116
5485 887
5833 1191
8027 458
8749 26
8842 633
3757 1599
5610 2040
5909 1261
7085 144
8180 513
1298 300
2207 365
2509 2039
3895 1222
4134 1600
5113 807
5929 1261
5996 370
8890 1008
1809 1926
2139 1572
2856 1008
2867 1850
3370 1964
3443 1994
3791 2116
5447 1312
5482 2242
5864 335
7742 1601
292 1821
895 933
1935 1283
2346 1146
2702 1801
3931 920
5470 1112
5777 1997
6455 530
8933 293
108 1841
187 1269
957 114
1212 906
1522 1326
3032 252
4104 1310
4664 770
5296 918
7331 1828
7816 69
8185 757
9052 502
14 1611
56 1871
418 874
1231 84
2415 1582
2775 665
2929 2066
3505 1964
4072 360
4760 407
5507 1714
7420 1761
7938 1069
9021 1891
9051 1321
1564 1850
3238 128
4051 2000
4646 1106
8455 85
8501 939
4041 297
4260 870
4708 1477
5450 1112
5723 1125
8744 129
3321 1067
4032 302
6159 466
6421 857
8751 2210
9042 964
9152 2135
873 299
1113 942
1850 1828
2570 253
3219 1141
5873 2207
6122 320
82 1558
920 247
1607 2282
2578 1859
3336 460
3399 1951
3907 393
4026 2206
4279 1618
4481 1618
4674 873
716 2242
882 942
1387 2039
2632 748
3754 213
3770 1901
3775 213
4895 1757
5461 483
7049 110
8482 616
9074 631
190 214
223 388
2239 1859
3608 248
3636 2075
3865 803
3921 1269
8566 1530
955 1997
1943 81
3081 11
4725 1186
5894 109
6312 2242
6869 1180
8729 117
8914 2117
9313 2124
550 858
949 2007
1064 1828
1597 2245
1997 2205
3167 2242
4049 2000
4055 1483
4663 490
5763 1833
1341 253
1490 180
2813 47
3149 720
3743 2116
4483 360
5453 1078
5486 1078
9171 2229
362 963
966 455
3498 1935
3613 1569
3868 1855
5924 1262
6858 1812
7440 773
8302 1167
979 1224
2133 1716
4915 1896
7507 2035
236 388
480 1816
930 227
1183 1064
3043 1637
3510 1959
3513 1974
3547 2229
3908 1901
3936 2000
4538 1618
6007 89
6084 2001
3323 1958
4100 360
4400 2118
6185 2265
6436 1651
8458 769
280 1099
610 350
645 815
1775 95
2579 920
2774 1637
2831 767
3103 1189
3569 2117
4777 2194
5188 864
6182 1337
8747 2073
9261 2156
87 1269
562 587
1065 67
2203 1615
3371 294
3557 729
3938 374
4078 681
7100 2019
26 1046
464 1209
709 1202
1091 302
1327 348
1630 1850
2240 1578
3137 1885
3827 1815
5615 43
7529 1917
1326 2010
2883 676
3039 2189
3970 1269
5694 1321
5904 335
8012 1721
8678 1569
8720 1572
8946 1601
870 1012
1027 2255
1909 97
2913 1821
3496 858
5750 1321
5878 2048
6104 1595
6440 1797
9099 254
438 507
725 324
833 218
2777 1099
7124 1047
7480 1241
8453 1899
8814 1846
145 365
3425 1994
3429 729
3939 2000
4653 487
4795 454
4919 602
5438 372
6128 2063
7455 2184
7546 732
7666 2259
8674 1066
9266 2147
502 701
660 1462
772 57
948 257
1246 922
2417 2062
2701 115
2748 207
3385 963
3632 1964
3693 1189
5244 623
5744 2227
7749 1761
8643 234
8787 2180
9228 199
461 746
1755 1759
3112 1885
4480 681
5868 1249
6242 1405
6255 1351
6352 1454
9185 494
1211 2097
1765 2229
2715 1774
2841 1711
4406 1577
5706 959
5809 1435
9023 1310
54 1352
404 2061
1178 1146
1781 1362
3045 2153
3083 1694
3788 2116
3952 1269
4010 1269
5549 2227
6250 1716
8407 1066
9019 1949
9347 1189
8 2277
1399 1535
3158 177
3210 247
4087 1590
7447 623
8907 1662
9107 1828
9335 1259
4 69
685 89
845 1899
1491 237
1819 1024
2035 1868
2073 1197
2253 2125
2730 1034
2860 440
3172 2279
3733 320
3954 1269
4092 360
6655 827
8642 1341
332 1137
479 1952
688 1376
2053 1849
2976 1821
3376 1734
3906 414
4000 345
4146 2118
4900 894
7201 1828
7299 184
9249 294
1464 875
1916 2213
2671 86
3220 2019
3351 2020
3668 2244
4052 1269
8503 465
8543 1566
9033 1767
9151 1225
279 623
569 1273
1134 2196
2751 1133
2863 1673
2965 903
3023 201
5063 2049
5135 824
6246 58
932 677
3343 1958
3767 1901
5475 1556
5562 1104
8571 2153
8778 922
876 148
1077 1326
1266 409
1319 1601
1735 1003
2875 1637
3231 1964
3244 1965
3780 213
3947 2000
5108 1764
5765 2021
5922 75
7702 1575
7980 1803
8555 1738
8704 2068
35 1874
722 42
1808 2282
2952 1821
4988 997
8540 843
311 1693
2800 152
4009 2000
6403 882
7713 2268
8082 2126
8925 71
9406 1709
201 1340
935 2203
1485 1800
1823 2112
3461 1579
5581 328
9103 60
9343 1907
9471 2086
242 353
407 1889
670 499
863 536
1581 1137
2127 1821
2278 1912
4535 360
5639 1862
9131 318
9430 969
714 1800
2026 1040
2654 306
2844 2080
4249 2253
6174 922
8581 1570
8611 1870
8843 903
59 1850
532 1458
972 1408
1959 2103
2814 1030
3855 298
4251 1855
5837 244
6001 2181
6208 746
334 1535
1179 858
1513 2229
1562 1137
1587 1846
2940 913
2982 1557
3341 1965
3527 286
4007 2000
7859 1671
9050 1637
2786 1227
4063 2079
5451 887
6420 1495
6842 164
7513 858
8995 1532
570 2242
1221 1535
1703 899
2986 220
3413 1704
3854 2116
5023 621
8927 897
42 937
57 1611
354 1445
1071 2202
1394 276
1593 2038
1780 76
2427 19
4803 625
4850 2179
5403 1799
5851 1232
5905 1261
6454 1132
8531 1741
8562 302
8695 1288
523 2282
733 278
1016 1875
1024 2283
1051 1566
1410 1521
1929 1868
3766 1901
4006 870
4130 2169
1009 1709
2676 1530
2699 1308
3280 1964
3520 729
3729 2116
5710 163
6737 1224
7833 1559
442 1651
693 1996
1216 1921
1336 748
3200 887
4148 1618
4474 2222
7476 1686
197 1124
382 2254
690 1245
1960 1576
2200 1102
2749 1048
3748 2116
3750 320
3759 2118
3768 2116
4109 1618
4132 201
4478 1269
4577 360
6284 1461
9452 255
1801 1693
5505 1179
7180 1437
7614 897
8274 1811
8510 175
8908 1709
31 516
224 1483
1915 1244
2171 812
5353 1489
6163 991
6709 1096
1910 945
2812 790
3439 2218
4056 1483
4082 361
4732 837
5829 1181
6422 945
6584 1161
7258 78
8770 325
9049 1649
400 930
1005 20
1503 251
1655 1693
2011 1833
2692 2269
3627 1964
4142 213
7452 1693
7807 1588
526 1757
1508 1412
1967 2265
2289 1392
3014 1394
3265 2224
3267 1965
6046 2262
6401 1440
6970 2083
2276 2099
3930 919
4029 2169
4762 623
4810 1757
4812 501
4890 552
4896 1757
6470 1851
6863 1892
7135 1662
9098 767
2964 1594
3688 1204
3902 1855
4787 604
5360 953
8113 43
8755 1995
9005 776
234 505
443 1588
1409 309
2125 371
3173 1089
3273 297
3943 1269
5473 264
5986 1269
8339 2181
831 1568
1294 391
1412 1494
1725 1569
2034 2065
2611 2105
4069 1578
6196 1382
8131 1741
1038 900
1745 12
2017 96
3634 1963
3753 1594
3856 1901
4040 393
4043 2116
4240 1618
6021 1797
6891 273
9215 1406
602 284
735 2126
3357 1961
3672 2243
6106 1595
6136 2001
6160 1569
6199 1369
6525 1395
7599 1796
8273 875
8323 2242
8746 2242
636 2279
672 1639
1254 2204
1349 2277
1444 1532
1941 179
3581 274
3917 1483
6275 1495
6327 1405
8893 2117
206 1733
696 989
1198 20
4054 1483
5577 1897
6113 1308
6156 1323
6549 1621
7612 101
34 1315
1237 2067
1423 874
1750 156
1956 2181
2238 1888
3724 1222
4702 616
6147 2066
131 2178
1407 23
3122 91
3271 1960
5153 2177
9035 208
9090 945
9447 1790
151 819
813 1391
3514 313
4392 201
9017 1069
780 1303
1043 1899
1727 2242
2524 1748
2792 1679
3199 1573
3707 729
5161 623
6757 2173
8848 402
9345 1600
277 2200
2613 2270
2827 1741
3191 1950
4122 1618
7791 1714
8121 0
8994 987
9230 2116
3650 2244
3725 2073
3790 2116
4116 1848
5671 894
6335 1405
7232 87
8054 1370
9405 2266
975 1342
994 44
1015 22
1155 875
1534 922
1568 1994
1972 1650
2157 511
2297 1328
2908 357
2948 1500
3739 320
5660 1990
7112 1615
7888 2205
8436 720
8519 1786
1540 968
2659 899
3114 257
3124 2101
3639 1961
5802 2219
8532 1556
9024 95
88 1611
186 480
481 99
1465 1714
2511 440
2847 1601
3113 257
5830 1155
5902 335
1086 1616
1427 1534
3673 338
3923 1581
3924 2000
5559 1556
7693 2236
9014 1230
9066 1139
139 2080
495 1662
4409 360
6337 2179
6747 83
6764 1821
8561 284
8728 1684
8821 36
9221 2107
1453 2212
2223 1665
3042 245
4045 2116
4658 518
6282 2282
7165 1746
7417 892
8147 350
8202 1806
8524 440
9340 1645
9413 1913
1055 1332
6055 1725
7997 408
212 1841
4533 360
5248 824
5921 1817
6725 1569
6881 155
8549 903
9013 1209
428 436
2044 142
2391 923
3375 1850
3978 345
5686 857
5923 1817
7312 2248
262 1899
869 217
2674 538
2987 1736
3404 2077
3628 1067
3940 341
4143 213
4394 1881
4735 2231
8177 1045
8327 1374
1457 1346
2123 354
2593 1872
2661 1311
2707 2063
2916 1762
3810 690
3933 1269
4268 360
4709 318
5287 953
5908 2068
7437 1209
9183 1532
509 1913
593 2216
700 1437
784 201
1140 1219
1486 1504
1984 700
3374 192
3990 1269
4245 882
6164 2207
7776 1472
7786 1741
8045 1344
9016 190
9149 268
3396 267
3703 2219
3797 1881
4044 213
5316 2063
6052 1527
6226 1397
9208 2120
9298 118
1501 1708
1964 1679
3060 1118
3104 306
3534 1676
5554 1272
5726 57
6198 1383
7456 1188
8647 1376
595 524
1354 701
1866 1693
2347 1821
2747 576
2911 2005
3131 2221
3329 1073
3358 1965
6078 1523
6087 1999
6875 897
8546 1180
9442 1423
226 1148
2172 1849
2489 1564
3153 629
3728 1003
3984 341
4779 2133
6200 582
6833 556
7606 1076
7923 768
1154 1920
3141 153
3919 1558
4042 320
4059 870
4770 518
5652 2118
6313 2120
7519 1516
7944 2123
8584 1761
9338 1674
286 311
330 1576
1937 1760
3903 393
6688 2233
8628 1293
9097 1710
349 1188
600 2242
1283 1732
2559 409
5674 2069
8041 1899
8963 69
9350 2030
153 1269
2729 700
3927 1599
4714 768
6501 1342
8138 1747
8228 99
171 819
194 1777
1095 1718
5727 1789
7064 1682
699 225
1333 1833
1831 897
2441 20
2672 1896
3268 1960
3611 1229
4060 2118
63 1430
79 1315
825 1849
1805 456
2949 1500
3082 244
3187 1224
4077 1566
4097 360
6726 1854
1520 2025
1767 2119
2083 1679
2277 748
2298 566
2646 2040
5178 1104
6329 2068
7442 983
8329 117
22 432
3481 730
4262 2118
6481 885
7369 499
8771 304
37 1673
887 1458
1974 1684
2076 1862
3881 1571
4263 2118
6575 791
7660 1697
159 1272
792 1433
1097 1056
2360 1800
2763 2184
4017 1269
5015 1444
5943 1724
6534 1825
8025 757
8470 452
9440 856
1303 248
1363 66
1450 86
1582 2234
1673 228
2169 2099
8924 1378
673 700
1023 84
1804 2180
1846 701
2660 1732
2677 202
3235 1960
3799 1901
4385 210
4712 1868
5468 1231
6022 2050
6211 1308
6618 1559
7174 764
7342 1828
8153 610
8976 2270
786 1303
1094 2031
2000 1725
5707 1733
7205 1757
7368 1902
7371 1241
7699 2033
9022 941
596 1346
953 1839
1946 746
2052 1824
2138 1888
2764 107
4062 1269
5455 1543
6133 2001
6685 2047
1405 991
1536 7
1633 728
3236 1963
3345 1067
3932 345
7111 1296
9220 1456
2634 1294
3186 2227
3777 320
6344 1999
8166 1406
8451 1209
9172 1704
9317 1437
9463 1146
1021 142
2414 99
2526 1361
2562 2116
3243 1965
3524 729
3633 274
5993 897
6325 1405
7925 55
8489 1819
8564 2056
8623 155
328 1352
695 1053
708 384
789 2058
1325 166
1467 69
3311 1959
3542 1579
3794 1901
4266 1999
5826 858
6236 746
6765 1622
6841 1569
7565 1594
7576 1741
8281 1713
8535 1361
656 629
1209 1230
1329 1775
1632 72
2732 857
3222 1973
3887 1180
3948 374
3977 1269
5885 335
6925 2062
7661 441
8615 2056
9070 2034
608 892
2316 1532
2348 1083
3061 643
3765 1901
4613 1684
5502 508
1759 1850
1981 1299
4537 360
5853 335
6935 2027
7479 584
7520 1536
9047 1170
9175 2187
470 899
1201 1458
1627 1365
3966 1269
4057 2079
6693 7
9289 1680
611 810
1302 1918
2771 559
2937 1586
3901 298
4098 360
5721 1710
5854 335
7436 851
7797 2126
8295 1117
1012 1411
4016 1269
8801 1860
918 2025
1617 1184
3859 2118
5484 1078
5591 690
5863 335
6573 2030
9113 1256
1460 2053
2735 1750
3772 1599
6469 1887
8149 167
8506 2181
8554 2174
1558 897
1892 323
3372 1067
3687 2270
3945 1269
4003 374
5746 687
6605 423
6979 3
598 980
1615 2193
3331 393
3369 1939
3500 2027
4395 898
5836 767
135 1569
215 1435
609 48
1995 2175
3640 1994
3929 920
3968 2000
4147 919
535 2175
1372 1053
1512 1230
1657 1308
2258 239
2645 1911
4396 2000
4398 1483
5218 1104
7943 501
8916 897
175 1763
291 1025
1631 2242
3143 1846
3169 2023
3382 2118
3561 1147
3606 1499
3826 1180
4108 352
5391 522
6712 706
8537 2104
8727 1444
2374 2147
3648 2243
3793 1599
4018 1269
4038 213
5164 824
5627 2124
5845 1706
6384 778
6426 1851
8087 814
8753 380
1142 207
1598 688
3789 2116
5394 500
7812 2206
757 2244
906 206
5771 815
7132 858
8827 2283
8839 2207
13 1870
97 1594
1415 49
2635 2177
2682 380
3365 1965
548 1908
629 2081
2912 1308
4758 541
5758 1936
6733 1405
6839 2038
8553 253
149 857
1141 857
1854 1804
3564 1819
3658 1541
3661 1495
3942 2000
4647 1766
5886 1685
8219 2046
8593 1742
8723 1054
8757 1321
36 351
649 1296
1031 53
3097 290
3297 1666
4734 1597
8182 411
8573 755
273 539
3337 297
4102 681
6224 1384
8600 1485
8676 1318
163 1569
377 1908
697 2192
1870 1833
3590 744
4111 352
8209 749
8692 2124
8894 1842
776 1490
1643 706
2750 107
3406 729
3435 1579
3678 2068
3690 1600
3782 1901
6945 261
7353 2155
8430 50
9329 1648
726 1904
2086 194
2283 1399
2422 53
2675 163
2950 226
4883 1020
8076 604
8964 99
9065 757
698 1666
2921 1794
3330 606
3941 2000
3973 2000
4789 885
5840 1756
7504 2093
1156 99
1537 1144
2280 86
2703 205
3378 1180
3471 1229
4255 2116
8059 2207
8494 1899
8588 467
119 2118
1109 1306
3154 142
5887 860
6155 2241
8040 1566
58 1611
533 1851
1507 2101
1614 958
3057 2061
3258 1976
3546 2229
3861 2000
4468 1725
6221 1909
7850 1365
9078 1603
48 1340
1116 50
3393 267
3871 241
4023 2168
4050 2118
6248 2214
6843 1308
7264 1756
7933 1319
8959 1468
9325 2123
1074 812
2267 1527
3422 1579
3626 2147
4757 1468
5918 123
6694 1740
9147 247
545 225
1751 807
3018 246
5297 1061
5794 1833
6572 2035
7215 1261
7249 2023
409 2065
993 937
1533 48
3129 1975
3164 1204
3860 2000
3950 1269
4012 375
4019 2000
6149 2001
6670 1697
458 1346
494 1756
900 794
2231 73
3213 2046
3218 1073
4091 361
4575 681
5238 1538
5925 1204
6138 2000
7328 1855
7334 2011
8218 219
1084 2244
1133 2056
1383 1563
2307 1849
2392 1288
3227 11
3434 679
4766 639
6276 765
7989 1559
8385 1702
578 1202
647 1361
785 1870
942 1435
1297 1308
1998 458
2670 1648
3355 1964
3920 870
4672 1914
6407 1495
6530 1983
1541 1536
1863 112
2218 2173
3094 357
3893 53
6756 2190
8374 1167
1301 812
1572 39
3334 1225
3482 1579
3593 358
4405 375
7305 1104
8386 2010
9211 496
251 430
748 798
842 69
1310 659
2900 1352
3086 2080
3519 1387
5481 1678
8775 2225
9282 1741
541 440
705 581
1089 2220
1395 2091
2507 701
4755 689
4853 1626
5035 2283
5362 1059
6645 1125
6663 2126
6678 2116
6716 237
8154 1883
8559 885
228 55
1166 1376
1702 2210
2488 897
2968 307
3460 1391
3701 258
6387 2119
6556 1279
8199 53
8435 1541
1092 68
1489 1440
1583 1761
2084 2108
2778 1708
3022 1839
3133 1750
6862 1899
7069 1369
7691 959
8431 865
1282 2279
1384 1956
2206 834
3635 1067
4780 530
6671 2147
7119 2165
9371 1146
2122 1626
2568 1874
4715 1308
6216 1497
7676 1578
7957 2242
8594 1222
8962 954
32 872
192 241
193 1871
275 1132
295 283
1681 2141
2614 2270
3291 1612
4002 2000
6150 2153
6602 220
8064 1720
8333 1019
146 1340
1146 1534
1449 1433
1875 1555
2022 1718
3223 1964
3251 1074
5184 1751
5208 1535
5480 2222
5799 1943
7454 1747
7530 2279
7981 1244
7990 2037
8718 698
9439 2272
620 224
1650 1120
2217 1876
2709 887
4572 311
5231 1326
5805 2243
6463 1568
6543 1816
7364 467
7575 1346
8663 2155
9432 1821
9446 1048
1115 947
3444 1777
3731 314
6672 764
7582 141
8220 99
8722 1569
264 1692
1150 730
1171 647
2126 1744
2311 1228
3449 729
3620 239
3738 320
3776 1901
5489 1543
7357 1438
7521 52
7695 521
8836 1029
2642 1264
2967 201
3403 1964
3888 1180
5070 593
7551 2096
8478 470
8870 1803
9111 2078
249 2032
282 1172
659 485
878 1572
936 1899
1388 1994
3512 1951
3646 2243
5933 2271
6126 1338
6644 1912
8343 2278
884 1885
987 2007
1053 237
1324 1385
3540 141
5106 69
5857 2195
8847 778
268 1060
1191 1066
1334 1493
2096 1025
2366 1327
2710 1066
3070 1683
3254 1965
3452 1579
3751 1901
7514 2144
8597 2193
8741 885
101 1777
359 1357
627 2227
1986 259
2587 441
2711 256
3862 870
5483 953
208 360
583 2212
749 1510
919 1232
1728 1647
1912 458
2798 1206
3346 1127
3459 1356
3989 1269
6852 1446
7653 1366
8684 117
9253 2098
133 1674
1744 2056
1877 1846
2971 2267
3813 258
4011 1269
5738 1987
6033 1926
6755 1306
8931 200
430 2236
638 1779
1885 2010
1945 1205
3866 918
5980 874
6101 1917
6560 2098
6654 1066
6931 906
7654 1346
390 95
1563 897
1934 335
5838 1474
6333 1543
6628 542
7024 2001
8441 230
1029 2026
1030 2062
3068 1761
3467 2219
6088 257
6641 651
7393 2069
7558 2067
7592 1361
7681 1458
7747 1339
8783 1821
743 1604
1820 1556
2435 1981
2788 203
3433 1994
3580 313
4030 2111
5852 1616
7659 577
8557 2108
8902 1500
964 86
1545 1209
2090 1437
2595 1866
2887 2056
3586 1964
4096 360
4402 332
5433 1651
6760 1437
7940 1539
7977 1366
9038 46
1157 1098
1356 1884
1731 875
2868 1181
3508 744
3526 2219
3898 213
6673 2153
7817 145
8499 2086
1451 145
3252 1355
3381 1608
3637 1951
4028 1929
4272 360
4807 1757
5167 824
6374 1283
8445 67
8491 1901
8558 124
8610 251
8988 1098
958 214
1019 2265
1886 1868
3706 679
4786 573
5821 172
6601 297
7657 1689
946 1543
984 870
1135 746
1822 91
4384 230
5120 1757
5791 1711
6461 1798
6487 1550
6554 2103
7969 741
9391 897
762 2270
770 1595
963 941
3670 258
3974 1269
4740 541
5398 1917
6550 1678
8539 1874
352 628
426 12
905 856
1088 127
1347 274
1619 1346
2042 2021
2925 194
3408 729
3483 1334
5352 1308
5947 1263
7481 131
7610 64
8850 89
2334 2269
2458 1601
3342 1965
5093 593
5411 1543
7052 2048
9414 1135
2072 2062
2936 1522
3204 1809
3896 2169
3969 1269
3996 1269
6225 2278
7377 2002
9125 265
408 378
1314 1099
2685 286
3538 14
3774 320
6460 880
7720 1283
514 2120
1375 1709
1688 1286
1917 1325
3249 1997
3961 803
4131 1222
5442 69
8680 888
313 333
317 978
891 2169
1052 2269
1143 1066
2293 146
3192 1951
3499 1964
3539 2068
3625 1951
5881 1923
6636 1344
9057 2246
868 284
1098 1892
1117 260
1473 932
1839 1919
1942 330
3717 1987
6950 1493
7451 2055
7662 943
8096 124
1036 2212
1495 58
2549 2105
3463 729
3501 551
3698 338
4022 1269
5883 1213
6297 1453
6567 1025
6914 1438
7061 1556
7160 287
7769 1157
9198 117
9336 1741
297 2223
701 2243
768 1848
1112 153
3107 180
3234 1067
4034 1222
8481 334
8743 1309
1672 2167
1888 2150
2718 1902
3028 1718
3675 258
7642 808
7992 89
9127 1225
169 875
1687 186
2037 448
2518 1352
3975 1269
6223 831
8024 73
8247 67
8254 69
8760 1559
9010 1786
1317 943
2268 251
3552 1579
3563 1579
3891 1755
3925 1599
1004 1913
1666 1229
2153 1247
5776 542
7404 2029
7407 859
7408 1756
7724 1694
7813 2168
294 1074
663 2016
1251 1678
1280 579
3052 1884
3543 2052
3798 1881
3997 1269
4776 2156
6647 1322
8044 2007
8598 1406
1119 501
1281 2212
2981 226
3095 1030
3216 1964
3507 1067
3642 1579
3886 1980
8669 757
8731 2018
8903 1891
2809 147
3395 313
5728 1136
7330 680
7505 247
8803 307
144 932
612 417
759 1608
2137 167
3807 1833
5239 1277
7972 1112
181 2241
1300 1047
2599 2079
3991 341
4744 1500
5529 1911
6704 1912
7506 2017
8075 1981
8122 1566
8527 273
8686 2186
8781 1063
1698 2024
1891 1026
3002 1996
3101 1119
3190 1809
3594 258
3677 2279
3763 320
7268 1450
7746 2126
8393 1344
2766 1678
2769 218
2840 2234
3638 1961
7350 891
7400 1829
8334 1569
8432 469
8664 393
2068 1979
2146 182
3458 1356
3653 2244
3761 320
7321 864
8089 1717
8742 274
8972 2153
1778 14
1883 1494
2597 1767
3012 2253
3786 2121
3787 2116
5681 1122
5911 1261
5977 1907
6600 1517
7214 1501
9257 528
2104 1319
3667 258
3982 1269
5421 1643
9271 1203
941 1435
1999 812
5400 1821
6822 99
7302 1344
8434 1542
849 2018
1264 259
1700 1785
1924 249
3013 611
3099 2025
3290 69
3946 870
4486 360
5761 328
6396 1651
7257 1353
7376 541
7823 2185
617 2068
2961 1590
3696 2158
6180 2162
7200 1273
7332 900
8262 1878
121 480
916 2010
1268 1684
1887 875
3582 274
3764 320
5516 190
7563 886
7674 392
7893 2072
9366 1599
107 944
2199 1767
3986 2000
6114 1821
6394 753
7168 1756
7313 2051
8502 1604
9041 760
200 540
305 1595
737 1296
1093 27
3171 1884
3462 2219
5959 1706
6806 1750
7323 1696
9210 1189
304 1600
3356 1960
5870 210
7856 1808
9398 870
1122 1125
4822 235
6792 1308
6825 1773
2003 1538
2270 2066
3643 2243
3987 2000
6137 393
6385 2242
7173 1999
8341 1445
8541 541
1517 1698
2472 1564
2503 1253
2530 1511
2848 1264
3515 744
3699 258
4790 1893
5393 1232
7226 1543
7510 2037
9106 1677
2819 1158
2932 1605
4027 1649
4818 2051
6331 1451
6690 346
39 471
839 528
1028 1394
1270 1714
1740 2066
1855 126
2909 1785
3310 1963
5195 628
7658 74
7705 1067
8768 307
9058 1684
9304 1436
152 1305
712 1884
1083 1036
1749 1344
2741 107
2866 1755
3037 245
3221 1958
8911 1665
9143 145
9458 1680
84 327
1378 485
3894 2030
3972 1269
4678 458
4765 1090
7441 1019
8118 1850
8817 278
9351 1127
105 482
179 1871
687 1332
2236 1564
2393 1710
2708 1735
3419 2243
3464 729
4469 1564
5514 1543
5764 95
6110 2001
6214 257
6736 608
8697 510
368 1335
1114 2080
2962 2120
4117 360
6527 703
7810 1704
33 540
403 440
631 1201
1131 1757
1651 53
1904 1833
2363 722
2394 1543
4741 492
7335 1996
7822 1099
8395 1301
8897 210
99 1296
1521 677
2432 1159
2519 69
2833 149
3338 2075
3409 2248
9194 460
804 1831
3296 1950
3400 1951
3430 2219
3560 1819
6581 764
9124 243
910 1125
2107 1238
3130 674
3360 1964
3704 2243
4085 360
5109 1384
5542 1543
6679 220
917 1308
1762 1866
1861 2184
1983 2282
7108 146
7740 53
7784 1501
7880 393
8516 1694
8592 1600
728 1752
1145 2210
2009 1539
2714 1557
4742 883
5429 1075
5742 2167
8867 2062
9370 1741
588 913
626 191
1579 906
5704 951
5935 1435
6828 897
8178 936
8997 1813
9250 2126
727 1329
774 2177
1235 91
1769 1498
2184 1350
3142 855
3472 1579
5289 824
5869 239
6410 747
6529 1986
6650 2064
7629 1365
7748 1605
8379 1541
8627 707
1213 2044
1262 1718
1792 903
1838 436
6544 1624
7326 649
7953 2120
9072 1086
9101 1875
9169 1417
3 1744
1100 942
1320 1713
2269 1733
2629 985
2653 1855
3085 2179
3522 729
3771 1901
6301 1804
7238 1462
290 2235
2369 2211
3535 358
3630 1956
5151 196
5720 668
7033 1588
7423 1844
8331 1389
808 896
2554 273
2830 322
2850 1917
3967 2000
847 1298
1390 1659
1628 2045
2015 2027
4921 980
5975 1281
8125 22
8298 2180
8335 922
9193 287
575 1893
2120 190
2319 1350
2915 623
3146 487
3801 1881
3816 1988
3962 870
6590 99
7625 1886
778 2189
1068 906
1153 1786
1644 1074
1652 1117
2349 621
2765 1833
2851 2221
3350 1028
4743 2068
7218 2016
7756 2272
8157 1713
9112 908
1096 2217
1361 1490
1515 253
1701 194
3289 2249
5916 1725
6790 1556
7154 145
7352 836
7729 1601
7964 127
8673 1064
8968 1495
8982 888
125 2215
1014 1343
1045 2077
1538 2226
1659 1230
1787 963
1911 1665
2230 1813
3274 2053
3368 1965
3955 803
6553 2117
7032 1605
7199 1534
9410 1681
47 1600
177 483
613 1808
1203 441
1396 1336
2687 622
2816 306
2846 568
3088 1188
3426 2171
3451 1579
3528 2263
6794 1069
6913 1676
76 890
302 1117
325 440
441 2034
1313 647
1842 2048
2166 517
2544 2115
3322 1878
3388 267
6123 2001
6997 91
9305 2174
970 2219
2097 1597
3212 1965
3976 2000
9365 1690
1743 306
1893 1300
1903 19
1996 1405
3414 1126
8213 251
8464 243
448 1329
756 2253
1575 553
1620 2109
1738 1865
3556 729
6762 1595
7386 156
7678 514
9043 1772
1161 794
3079 1404
3135 258
3241 1863
3412 2158
4573 1511
8191 156
8785 201
736 108
1462 1527
1547 2103
3080 357
5846 1162
6192 888
6946 2216
7811 1767
8067 264
8658 1362
8670 1665
8786 7
8935 254
1594 1717
1704 1144
1761 641
7245 500
7252 543
7573 2104
8073 913
8745 486
995 371
2551 1831
2737 1460
3262 1951
8269 1297
8807 2160
92 1569
821 1169
836 1265
1720 87
4729 72
6083 1575
6212 1917
8058 1509
8560 438
8710 2092
3005 1315
3073 791
3261 1964
3410 338
3867 1567
3960 803
5823 2173
7517 1999
8569 1569
581 1893
1106 1201
1505 83
1626 1579
1694 213
2834 781
3041 2180
4110 352
8055 234
9407 1741
1240 2266
1402 1071
2451 7
2501 1318
3302 1965
6985 592
189 992
421 462
927 1818
1966 256
2485 1406
3473 1575
3491 60
3600 745
4736 475
8523 2177
8732 856
1389 1678
1654 540
2338 706
3427 729
5079 831
7129 1747
162 487
2381 2082
2462 70
2500 1391
3257 1960
3995 1269
4858 1467
6000 1281
7167 1575
7466 1007
7641 1272
9199 1843
3957 1305
4739 74
5792 1093
7301 1308
8373 1319
8991 1879
9162 167
2782 1228
3314 1067
3489 1009
3584 1976
4774 178
7396 943
7503 1999
8556 1572
8808 1352
9148 711
592 1767
1331 44
1609 1008
1890 2031
2088 1868
3398 1965
3944 1269
4048 1581
4792 1582
5628 2056
6884 1999
6896 304
8314 1648
8709 899
945 2279
1531 1713
2910 196
6598 1389
7421 2078
7886 1538
8547 759
1669 1692
2213 661
2759 1034
5250 824
6558 149
7809 2258
704 1987
1081 8
1110 1624
1692 1104
1980 1304
2385 1124
3709 1575
3963 2000
6205 1067
7911 1530
8944 647
238 1528
2300 2027
2657 1393
6610 2048
6878 2127
7435 195
7527 1672
7730 454
8223 1346
8772 1344
9368 1275
1265 1828
2092 2261
2181 2053
2252 1376
2566 355
3008 968
3353 1927
3521 1579
7675 421
7771 173
7945 1690
117 1225
180 1322
2170 332
2506 2005
3438 2219
5917 1064
6675 1593
6818 1950
8934 1863
5 1044
376 2169
2178 1543
2933 1344
3340 86
3529 2229
3659 1797
3964 1281
6838 2026
6964 1281
6977 1935
650 1605
2159 2213
3209 267
3712 53
5600 1856
6526 1279
6778 1908
9372 1342
271 1346
1342 2012
3362 1965
3440 2244
3601 1579
5183 485
5515 1117
6065 497
6911 975
6958 611
7696 1288
7727 455
9244 1516
641 1291
1108 680
2008 1887
2992 1392
3205 1950
3980 870
6691 1175
8582 186
38 1296
2520 294
3119 2174
3232 313
3366 203
3994 2000
6782 2225
8015 1128
8152 1310
8947 274
9256 2208
85 1782
614 717
1111 115
1287 1301
2025 2062
3228 1965
8613 1240
8937 1977
8960 2282
9012 1669
607 57
2064 1089
2341 2226
2368 1912
2641 1371
2724 1435
3195 1939
4849 2233
6206 1348
7240 661
7875 1502
8275 1884
8495 831
8852 961
9204 572
694 1492
3217 114
3275 267
7401 974
913 1839
1364 1466
4391 2034
6758 927
8609 596
8898 1309
9027 278
9312 1202
70 2177
2140 1368
2896 964
3179 1992
3624 1964
3711 286
3017 173
6640 2196
7836 1209
8101 1825
961 732
1800 46
1923 1941
3065 408
3401 1956
4530 2270
6941 1423
8347 1720
8777 1078
9145 1645
634 539
879 1068
986 2043
1539 1355
1817 506
2101 2103
2689 1306
3259 1961
3335 1964
3588 393
4956 465
6617 875
2154 2157
2423 1391
2471 1661
3237 246
3304 1965
3418 2278
3437 2243
4244 210
7029 1924
8029 53
8715 214
1524 48
3885 1991
3992 1269
6699 985
8542 1848
492 1828
1123 1096
1250 2034
1814 1809
2787 2062
2954 960
3436 1579
3666 1963
4958 565
6953 1710
7055 1576
8083 74
9028 1230
116 564
231 1482
769 284
1102 115
1979 1033
2302 1151
2372 1804
2712 2243
3066 1878
3279 1067
3680 1991
3811 1428
4832 140
5105 780
6413 63
7982 757
9265 1202
178 2079
622 1984
1305 1892
1381 2090
1580 538
1944 1151
2124 509
2285 200
2955 1880
3475 258
4823 2036
5228 1117
6051 226
7263 425
7395 1643
7950 2233
2250 1338
2694 870
3441 14
5976 2067
7486 29
798 1827
998 215
1458 69
1914 526
8901 1491
9150 267
928 2005
1605 1828
2529 1276
3026 1681
3504 1965
6538 287
7459 1465
7597 821
7762 2096
7829 264
8439 289
8926 1189
2010 1844
2379 1290
2943 1912
3281 922
3394 1952
3817 1980
3937 1269
6085 320
7286 2229
7815 144
8351 1744
9117 1666
1120 1346
1710 2014
1859 208
2405 346
3105 2279
6439 1114
7970 2004
8141 1459
8156 566
8833 24
2892 897
7278 2063
8311 491
8869 674
9245 2105
72 1303
682 201
3246 247
3479 2229
3518 1984
3683 729
4105 360
5966 1726
6912 458
7000 315
8236 1597
8301 1306
9229 853
894 2172
2105 1097
8484 1594
676 279
6783 1437
7648 674
9209 655
94 1304
531 228
1774 1239
3760 320
6076 1858
7932 155
8942 2201
9393 1915
9411 1647
739 2067
1726 688
2767 1385
2893 2054
3587 246
3617 875
4472 1911
355 339
1496 2076
2058 1091
2603 753
2754 603
3056 18
3819 2281
6430 1386
8538 2193
630 794
2510 1676
2523 1906
3189 146
3575 1961
6278 1576
7327 251
7935 2279
8282 1515
113 1296
671 1684
2606 1310
3224 1975
6142 565
6649 1197
7652 1369
8047 1273
9255 1500
9415 260
2596 2233
2906 1366
3570 1829
6169 2031
7635 1868
8300 1999
8652 1991
719 75
799 1824
1041 60
1426 779
1860 1154
1928 1845
2275 1764
2690 975
6095 2000
6451 1444
6905 4
1208 2085
2842 593
3450 1229
4781 166
5831 1232
852 302
1070 1389
1665 2188
3193 1964
4814 1645
6880 1684
7138 2001
8342 1999
8992 1454
246 64
707 984
1214 2081
1435 219
1797 689
2483 968
5741 2102
6404 1469
7063 1891
8278 1891
8922 1995
9 51
1137 2026
2271 1316
2326 1
4782 691
5192 1078
5574 518
5733 629
6545 1539
6621 1166
6680 2125
6795 2272
8918 1879
9130 1029
755 1833
861 857
1312 179
1445 244
6684 1411
6987 1878
7318 2048
7838 2201
7865 1365
8603 757
922 2118
3647 2266
9352 900
643 1063
896 827
1362 1379
1525 104
2029 2083
2150 1427
2237 1492
3656 178
5180 1739
5434 1112
5989 264
6125 2181
6563 318
7848 1955
8607 1759
9448 63
239 1665
840 311
1803 711
1872 2093
2525 1811
3282 1365
3411 2068
6619 2104
7646 308
9136 2142
9161 804
2215 1321
2547 1145
5895 182
7422 1514
8474 1809
8576 208
652 579
2398 1065
3313 461
3363 1960
3878 1881
3965 1281
7079 1407
7443 1891
7645 348
8155 566
8261 2157
8444 1595
8640 1608
8799 2258
1509 290
1992 593
3773 412
7789 1129
8874 807
9236 1154
1003 547
2098 1837
3559 1819
3686 284
3998 2000
6153 2275
779 1614
802 0
1138 1270
1291 1648
2019 69
2247 2120
2829 1904
3562 1162
5240 1438
6853 155
8070 2283
8184 1785
8479 1744
356 1012
1439 1951
2384 874
3326 1951
3592 1983
6662 53
6763 331
7719 1694
8036 1230
9380 792
28 1900
618 342
2158 287
2180 696
2308 1874
2330 70
5906 804
7638 2078
7677 1813
7991 50
8142 1361
8788 273
1816 812
3525 258
3863 1281
9379 392
9460 1209
86 769
992 1928
3102 256
3367 583
5437 2120
5850 140
6774 1078
7150 323
7773 1366
7913 2198
8308 1491
8838 274
9455 1183
628 351
1379 890
2652 1792
3652 258
6453 1536
7181 1201
9137 543
1013 1650
1766 901
3384 1111
3558 1819
4129 2034
7600 1840
7609 2010
8943 1536
9358 795
9437 959
741 1243
3229 1406
3307 274
7526 1286
21 1046
1352 1048
1900 648
3309 150
3312 210
6706 2116
7054 2002
8412 1367
8514 2126
1499 1525
1867 2038
2356 1025
3185 237
3669 2244
8450 2047
9254 2000
300 234
1306 1459
1664 1570
1691 584
3596 286
3971 1269
6622 46
7273 1184
7732 11
8167 1605
8878 251
296 2125
504 897
971 2218
1076 45
1330 1428
2322 16
3523 2077
5811 509
8391 156
9369 2069
130 1598
3708 1579
6631 1185
7004 1897
7303 1877
7692 1771
7916 2047
1199 1828
1494 1648
1969 1346
2592 985
5557 1294
6218 1835
6568 1485
7309 1382
1411 668
2261 517
2744 1940
3432 2068
3609 1987
3824 1987
4884 977
5472 1917
6851 1679
7814 1689
8010 1271
8796 2279
703 1665
1011 1353
1480 2282
2705 487
6032 1310
6183 1067
7863 2193
8151 1700
8536 1567
604 1615
1066 2075
1961 1204
6383 1495
6616 1999
7924 874
8782 1837
9226 287
9278 1349
1684 1718
2287 812
3420 729
3454 338
8119 1651
8406 2202
8802 1485
623 2209
3000 1723
5778 1912
8677 1950
8999 2273
9396 2234
996 1184
2176 305
2361 1593
2477 706
2514 889
2924 821
3256 1961
3308 1961
6908 2201
7234 2085
7253 1180
7340 2160
7484 251
8717 1398
8967 1679
9302 404
1343 1781
1936 38
3551 729
4675 923
6661 72
8355 1108
8957 1791
3487 2268
3718 1987
7164 1456
8313 1818
3492 166
3815 315
491 2069
968 858
5934 1980
7394 1304
8758 262
5892 963
6629 1955
6850 1333
7023 1537
8252 1478
9115 2216
9237 1069
1560 874
1756 1363
2055 2257
2794 307
3303 1959
3676 258
3695 111
3958 341
5673 767
6969 817
1441 2187
1970 1681
5234 206
5651 2042
6823 1907
7083 812
7115 901
7500 1564
7647 955
7795 815
8896 938
9274 1904
771 1790
931 2051
1836 485
3247 372
3306 1956
3651 258
3722 1239
6555 1904
6611 1666
7375 1985
7579 1999
7649 2011
8332 1891
8507 996
9184 874
10 348
795 117
1918 1945
1931 1396
2388 68
2905 930
3276 621
7019 439
1318 131
2057 1210
2412 182
3320 2019
3325 1973
7366 1567
8856 1768
959 68
1951 2219
2951 2268
2956 1571
7777 766
8266 2210
8629 2082
8978 2277
543 1958
2383 1666
3456 2026
5926 804
7594 1378
9063 1899
106 1294
176 238
1551 2243
1880 1437
2167 1616
2823 957
3054 379
3383 2053
563 437
838 325
2116 753
2567 483
2668 2097
3157 1616
3299 2224
5670 1922
6632 1404
7094 2002
7598 40
8362 24
8394 1477
8806 1426
624 874
2325 1777
2515 1840
3067 257
3474 2279
3981 2000
5558 201
6571 2260
6959 906
8426 156
9400 1350
871 1245
1162 272
1829 940
3554 2229
7175 1999
7502 238
7877 123
7882 2130
8048 978
8364 252
9062 1071
9189 1568
1348 1899
2103 2165
2274 2280
2421 1528
2958 591
3883 1911
6669 1074
7025 771
7306 392
7355 312
7427 566
7535 1856
7778 1739
8423 1548
1238 67
1682 2038
1732 2215
1813 1080
3201 887
5354 261
7182 124
7533 869
8879 1365
674 1281
1063 1710
5646 1075
6861 2035
6892 1069
7537 2270
8032 1327
8648 1009
9306 46
3550 1579
3589 246
6080 2232
6895 458
7348 1474
8007 2193
8734 1381
1165 2036
2446 766
3455 1575
3585 1963
4677 1764
5824 2195
6254 121
6768 87
8574 90
8866 900
1417 386
3431 1579
3506 1951
8011 1564
8740 1694
9126 246
9170 287
9441 260
1025 1272
1151 2005
1927 1452
2466 2227
3511 247
6050 1590
6197 1067
7096 767
7271 698
7580 805
7604 392
7737 947
818 604
1919 1063
2292 1576
2527 1821
3339 1355
6220 220
6967 1605
7586 1694
7736 287
8512 698
8784 1831
9160 912
27 1461
1757 875
1834 2035
2697 1385
5759 288
7298 1461
8120 1964
8970 2056
9088 189
2067 2194
2192 706
2281 2120
3882 785
6824 2159
6888 155
7236 1728
7860 2210
8830 2086
1090 2154
1939 2041
3379 1304
5511 2083
7012 314
8244 350
8614 2187
1 1821
2041 1950
2793 289
3985 1151
3999 2000
6035 631
6890 1689
7030 25
666 759
1713 1288
2411 223
3446 1387
3453 1575
3536 1579
5317 2201
6034 2056
7379 1433
7920 1684
8097 1909
8490 1148
9279 1528
1392 2246
1446 1405
2079 2137
2973 267
3407 258
3602 1789
6181 157
6960 1383
7759 11
122 515
2152 2198
3253 393
3823 1981
5806 1159
5847 509
7300 1605
7370 1821
8069 274
8090 2158
8299 322
8645 984
2461 1439
5033 947
6702 2087
6927 1404
7428 2026
7834 1097
8619 215
8955 832
1067 66
1624 2120
2571 1855
3466 1579
4124 1535
5575 811
6703 2083
6759 69
7060 361
7070 314
7457 2027
8171 2275
9361 1208
1993 857
2553 1386
3211 1959
3610 2108
5034 1698
6023 1818
7967 735
8492 892
1259 1444
1338 1690
2291 366
2957 1461
3397 1964
7028 103
7067 336
7378 1417
7528 1732
7543 1321
7566 629
9280 1203
1835 1979
1843 880
1908 1342
2263 1350
2533 1200
5955 617
6372 42
7828 1546
8016 762
8990 750
1337 584
3226 2075
3300 1965
6744 214
6954 392
7956 29
4388 1688
4902 80
6991 2208
7718 1608
7876 1319
8286 1204
9104 2198
9128 169
553 629
2630 2174
3476 729
3665 1367
3956 870
5235 2116
6213 1229
7339 386
8359 789
8587 2047
8667 2215
9129 186
111 1300
1736 1352
4710 136
7198 1775
7605 1999
8356 2270
9324 875
1369 1027
1670 1884
2315 1359
2837 274
6817 584
6952 2174
7895 61
8001 702
8052 1202
8235 20
8280 1112
8493 1693
9319 1611
323 2003
1272 2187
2540 1519
7116 274
7418 1710
7532 53
7622 1470
8034 40
8169 1408
9054 244
1230 210
1351 1444
1424 1600
7217 1421
7333 23
7465 1475
7837 32
8756 1203
9118 1435
764 254
860 858
952 298
982 215
1645 270
1952 2226
2312 1407
2768 2030
3006 224
6079 1858
6371 1559
7398 1619
7846 2008
7931 2023
8124 943
8207 1778
9219 1335
9225 901
9303 305
1121 1031
1636 344
8595 1180
1697 874
1973 1917
2290 236
7216 1153
7587 203
8794 2193
8858 428
9141 1878
806 1709
923 1232
1798 69
2359 475
3242 1721
3566 94
9238 2043
1073 1999
1639 1438
2691 1870
6597 1949
6846 1738
8307 395
8977 68
599 1800
1748 729
1905 21
2588 1003
3106 705
5740 1939
6188 136
7973 2059
8773 2198
9423 1110
951 1280
983 702
2021 2225
6940 1113
7917 1129
8004 2273
557 1310
1359 2002
2939 1282
3573 2237
3705 258
5427 252
6989 348
7670 2157
1139 2039
1172 1356
1229 1299
2147 868
2643 1406
3576 1029
3616 1365
6144 1545
6265 1716
7624 1145
7683 1271
8360 2078
9197 2126
9321 2
140 608
1040 244
2658 2078
2673 1440
2807 1713
4824 1810
7620 257
7669 1799
8272 128
950 1305
1737 203
2299 2186
2301 1528
3469 2219
6580 584
885 1256
1611 567
2469 214
2475 1897
2543 2073
851 519
1263 1493
1474 1822
3096 1645
3657 1991
7255 1684
8589 649
2328 2202
3423 696
3654 1328
3720 206
8849 485
9108 1833
1596 2041
2835 868
3477 2219
3537 2219
8017 1684
8072 1193
17 95
889 313
2077 202
2168 1240
4470 1372
6569 717
7758 1128
8230 2183
8515 1697
8805 2242
1772 38
1784 538
1985 2198
2589 14
6518 1315
6593 1611
6779 981
7872 18
8098 1623
8570 307
9061 1110
9146 2070
150 1269
1404 236
2617 2123
3571 1884
3583 2146
6615 2153
7881 1503
8217 2283
9093 1184
9205 1230
9232 260
55 920
6722 247
7770 312
7951 1576
8448 253
43 341
134 162
2091 1208
3075 1804
6968 1128
7496 616
7841 1366
8193 1694
8591 1366
9246 154
1277 1550
1585 1707
3702 2243
6630 1649
7128 547
9085 1940
9102 680
9227 1895
2476 925
3478 2171
7553 1204
2186 2016
2337 69
3069 1592
6965 1979
7983 729
9089 1600
2344 1595
2355 1858
2959 41
7883 244
9084 1738
2994 2273
3123 1168
3180 2176
3503 1964
6809 36
7962 2173
8443 95
1569 1779
2437 1193
3884 1987
6932 156
7142 577
8521 21
8974 2217
1788 136
1994 2198
2304 2147
2713 2274
3062 904
3391 1951
6871 1957
7242 940
7288 1350
7595 1365
8165 1439
9247 302
199 1777
830 1159
3814 2281
7020 508
7701 1850
1018 141
1039 1344
1715 1078
2424 1131
2721 1624
7161 1356
1897 2239
2082 97
3051 2246
6746 2093
6910 1969
7241 628
8404 2155
8969 2228
829 1128
1185 1668
1339 2171
2102 1951
2313 1328
2805 134
3059 2127
3160 2205
3622 1958
5613 1219
6539 304
6793 2016
6819 2027
8473 869
8672 1502
713 1740
1612 475
1721 2175
3516 1956
5793 288
8932 107
9116 2078
669 2025
3301 766
7402 1233
718 570
1982 1322
2033 1982
2173 1391
3305 274
7310 2209
7585 1484
7849 1344
8115 897
8384 1684
8810 782
8981 2179
616 2193
1604 2032
2284 2027
2339 2066
3040 946
7075 1330
8409 373
8649 343
8651 2065
9383 853
740 52
2639 1197
3716 1180
7254 294
7907 115
8284 1920
8586 803
8939 318
9135 354
1566 205
2306 1569
2555 1815
2890 1822
2901 698
8196 1683
8372 1632
9399 58
912 2155
1760 56
1920 1950
2189 267
2232 87
2648 426
6585 2088
6807 760
6883 1414
7279 1285
7887 1891
7898 1351
793 2136
1554 56
2373 210
3100 1709
6579 1502
6620 707
7149 885
893 1968
2032 1921
2726 1317
3202 2056
4848 1641
6037 18
6974 2112
7118 887
7555 135
8200 1171
1938 326
2598 1275
2945 1649
4243 214
5004 486
5534 2178
8287 739
8344 2153
8488 906
9251 698
1125 2088
2262 1706
4570 2116
6689 1579
7540 1725
8172 115
926 1678
1871 1328
1901 1691
3295 2005
6667 1491
6751 1569
6796 1934
7947 1696
8691 1185
8868 358
814 47
826 1908
991 1529
2040 1765
2156 1427
6651 2038
7425 264
7792 419
8660 1203
8666 698
1228 1892
1307 1425
2149 190
2260 149
2640 2099
2820 1949
3545 989
8877 2067
8983 1679
9348 1309
1419 151
1641 2065
1864 1581
2179 647
6682 1774
6780 897
7984 1333
1099 689
2109 200
2331 1470
6791 1333
7148 1112
7151 2043
7714 1682
8264 1090
2020 342
2333 1990
3685 1541
3959 1275
6711 1541
7824 850
8074 1891
1793 1821
2182 73
2216 2064
2428 701
3598 258
7102 1438
7399 805
7596 2064
8985 51
9462 2025
1370 1665
2457 2226
2760 224
5430 762
6609 1616
8465 220
1511 1245
2575 43
3392 2189
7329 0
7569 1890
7842 274
9007 1665
1182 1808
1274 734
2222 1213
4851 314
4922 2194
6936 321
8421 1569
8577 2003
947 1346
2386 201
3448 729
3645 2244
8111 1968
8243 311
8440 780
9394 1342
2195 1528
6668 583
6840 1999
7900 945
8150 584
9297 1839
1101 1926
1640 1391
2743 142
3517 1376
7583 1222
1895 725
2256 1096
2755 1470
3578 2046
6245 1344
7136 927
7903 1063
960 392
1528 2159
1555 430
2681 2173
3072 1305
3490 2093
4901 1407
5037 336
6776 1126
8429 312
8915 2193
1391 343
2208 1790
6157 1315
7221 1756
8483 146
1592 566
2259 2275
2487 1912
2808 1440
2919 210
3719 1991
3890 1987
5007 1539
6848 122
7251 215
7354 997
8190 321
8350 366
9095 1999
9360 2147
854 2035
2062 344
2129 1662
2296 1883
2342 63
3577 344
8233 1709
8986 1504
1932 298
2569 1310
6494 32
7511 805
7560 1624
7607 1053
8513 1289
633 1353
2049 1476
7572 1350
7623 577
8093 321
8687 1090
9073 297
1844 1028
3674 1384
3694 1057
6559 145
8855 897
1293 366
1746 1710
2001 346
2791 2198
6535 1521
7552 260
8604 996
8657 1350
2245 1912
2266 1272
2869 1221
3402 313
6854 129
6926 1133
6957 532
7053 1821
7193 1665
8035 322
9096 1563
1414 904
2134 2258
2556 134
3004 2219
6829 1069
9263 2173
1357 1736
1440 1665
2115 1391
2376 1145
2484 361
2734 1973
5060 479
5229 1757
6652 917
8164 1299
1806 2277
2534 1578
2923 196
3574 35
6657 1545
6743 320
6849 1472
6856 1749
7796 2166
8346 142
988 107
1082 36
2399 189
2490 1564
2495 2115
2557 1663
2918 76
3255 1965
3264 2040
7213 1274
7233 1143
7501 1480
7986 254
8030 1581
9004 2283
658 111
1975 2067
2264 2080
2602 1738
7197 2236
8214 1778
8271 2157
8761 2000
577 1110
1257 2225
1286 2005
2799 125
2891 1926
6179 1883
6314 1569
7752 1585
8626 985
2141 69
2164 15
2353 2157
2375 1528
2464 350
3207 1961
5775 1973
8099 343
8126 228
1050 254
1561 1437
7001 955
7365 236
8951 2112
2242 974
2431 1757
5785 631
7196 943
7361 1544
7804 2085
8572 148
2465 361
2704 1136
3679 1328
3812 2051
7902 915
8622 1912
8730 67
2942 1822
5803 1333
6505 1794
6886 2189
6923 308
7453 2027
8659 1090
8726 565
1292 1564
1693 1648
3618 29
3892 1180
7244 2274
7914 472
8452 1569
875 1975
1471 2283
1556 2103
2294 311
3595 745
5978 27
6859 2205
7901 53
8380 373
8662 1212
9241 1740
730 1611
1244 206
2666 1684
7104 1662
7176 1829
7187 2025
8477 1223
1219 2167
1425 344
6152 2241
7469 80
7637 1501
7640 2216
9139 304
1061 86
1147 176
1247 932
1309 2162
2155 1177
2651 1566
3174 148
3266 1966
6874 1277
7152 540
7603 2269
807 2117
2739 1985
2852 1528
2862 2270
6909 1353
7337 1415
8500 1407
976 2077
2861 1011
3405 729
6962 850
7287 218
7707 967
8936 1315
2108 1111
2531 267
2941 743
4713 2263
7495 857
9373 2047
1777 103
1876 1222
3208 1396
3541 1579
5061 1704
6810 1
7444 2064
7608 2273
7753 358
855 1454
2036 402
3544 270
7157 897
8174 2120
8711 1350
9000 1949
9114 1458
2440 1498
2725 2147
3344 1959
6158 2196
8505 2201
1285 2002
1833 2218
2486 1365
6449 21
6740 189
7439 2078
9039 1888
734 1782
3567 2238
7272 697
9359 67
857 1317
2248 2123
2447 1876
3553 1579
6594 1854
6705 1999
7853 473
9248 1713
1149 1195
2295 1796
3156 336
7897 122
8653 1021
9218 920
1436 2227
6496 2225
7716 1767
8201 371
1124 1745
1484 968
1590 524
2023 322
2631 1950
5003 156
7109 1180
7143 1706
7155 1809
7460 213
8002 321
2362 1427
2497 1266
4571 1110
6528 1164
7077 1212
7717 2167
7975 2003
8270 1986
8811 251
9374 1416
1205 189
3532 1606
4676 1575
6612 721
8733 1681
9341 875
999 1401
1353 2069
1448 1073
2517 483
2698 2112
3644 729
6887 706
7568 67
7721 951
8192 408
8224 1899
8989 1137
7424 1838
8330 705
8875 942
1881 1913
2087 1822
2367 1396
3604 1980
5154 1520
7282 1829
8387 1609
8405 1684
1468 740
1591 1353
2194 1433
2610 1114
6855 1112
7056 1837
7235 2003
7497 1501
8624 1719
8630 2251
1492 1721
7059 321
811 2218
2395 258
6718 1527
6956 556
7114 842
7246 2136
8232 1811
8349 1071
8578 1261
1007 142
2065 706
2855 2250
3162 2244
3288 1542
6889 39
7147 1821
7684 147
1529 223
1660 2193
2406 859
8563 293
1236 1674
1830 2062
1963 2036
2410 885
3145 267
6171 157
6695 1057
6720 584
8525 1819
689 2137
903 1964
1758 21
3319 1355
6907 2014
6978 1750
888 1343
1034 1315
4846 1133
6992 1261
7735 1755
8956 1092
9322 1973
2007 1539
3825 120
5819 2215
6976 728
7267 1785
7541 1694
8442 55
1466 247
7162 1913
8634 813
2 1365
797 1792
9275 30
1543 1298
3333 393
5839 1624
7651 1721
7937 1668
8211 25
1677 1689
2078 1110
3177 1895
7672 1817
7722 1284
8608 808
8909 792
822 423
835 391
1128 1214
2183 774
5636 2273
1695 394
2532 168
2974 367
6570 1310
7195 2031
7755 2024
3361 393
7550 1682
640 1224
3682 1797
3710 1575
5002 1286
6357 1456
7021 200
7095 1999
9367 1595
1776 1560
2081 1687
2251 2050
3599 729
8585 749
1365 2120
3480 1386
6547 1311
6577 1907
8328 26
8763 1904
1075 1270
1637 1111
2733 1074
3203 2023
7373 1148
7680 1090
1175 1582
1279 2217
2198 1201
3118 1137
7426 1058
8312 1454
8618 93
9059 906
1037 1949
1218 2248
1675 1710
1754 1304
3074 38
6467 87
7184 1644
7896 487
8545 166
8590 1877
8762 1273
2070 1084
2377 975
2789 1680
3003 1527
9349 1528
644 925
2590 2115
3641 729
7372 688
7854 984
8487 1146
8987 886
632 435
1667 2281
2700 1790
7224 99
7539 231
7921 187
8906 857
692 431
2143 460
2585 371
2752 1985
8413 319
8682 1476
800 1239
2404 1260
3287 1201
3818 2017
7031 1128
8051 2043
2045 2105
6973 1166
7374 55
7477 1372
8415 3
8646 1371
9120 923
1059 188
1195 1582
1316 584
1345 19
2463 975
2620 208
3447 345
7043 1678
7269 86
7338 254
7523 905
8173 91
8526 1171
2409 2201
2496 1891
2720 1807
7040 251
5036 11
6749 574
7038 2011
2193 1377
2211 1925
2370 308
2946 1595
7277 906
7284 1684
1355 1330
1783 833
2233 1124
3428 1575
7325 2265
8841 1859
8863 1890
1610 2157
2513 2131
2539 1822
6928 2089
7768 1037
9053 913
9240 1405
2056 1913
2288 1350
2474 2047
2871 260
3822 1755
6939 2198
7430 180
1602 1106
2002 2002
2618 890
2934 116
3614 156
6356 1116
7468 698
7968 629
8702 1137
1308 1305
1557 729
2453 1796
2647 1558
6666 1128
7384 274
8112 2085
1243 345
1962 2179
7482 1113
183 231
621 1202
751 363
1273 2014
1782 272
2039 1564
2880 1133
6821 1436
7158 47
7403 1979
8650 1845
8661 1949
8665 2265
1260 615
1296 1448
1821 351
7698 1665
7845 352
9224 314
1204 2126
2336 885
3417 1989
6845 1543
6916 1541
7220 1890
7574 2257
8883 50
9094 229
9307 208
1442 243
2521 1368
6648 1541
7248 1370
1705 2063
2696 2115
7190 2257
8633 1465
1187 1431
2977 775
6161 1613
6162 1694
7156 901
7800 1818
8865 20
1716 299
2413 1391
3390 247
3555 1172
1253 1781
2085 1666
2396 18
2205 1597
2273 1259
2470 1234
2828 1097
8721 757
752 402
7062 1564
8309 1305
8683 2016
1103 2062
2616 1541
2806 547
3820 120
6882 2254
7826 2173
1217 300
1623 1366
1729 251
1828 163
2254 805
2993 2153
3597 2219
6219 1067
2282 454
2972 251
7419 1605
8820 1538
8873 154
1289 1665
2214 210
2443 1917
3533 729
7010 1406
8056 189
8403 251
8544 479
8857 274
1618 1973
2479 1606
6587 1501
6826 843
7166 1968
7745 1552
2455 1950
2693 2193
9119 1167
195 1305
6557 2112
6664 392
7144 1382
7840 1795
9453 1253
790 1797
834 1113
2378 358
6844 1516
7483 1901
7715 2208
9281 906
9296 1576
2309 56
2607 1204
7461 1907
8486 1266
8795 1430
1648 917
2609 1309
2858 2156
6697 2007
9291 1236
8170 2183
8310 1367
8655 510
9422 1928
5988 1229
7985 53
967 541
1463 2278
6653 321
6951 1900
7274 1878
7570 140
2400 1917
8234 308
1577 1827
1625 178
7581 38
2014 2202
7289 2014
8321 150
8919 1338
3416 729
6447 925
6674 2048
8176 1920
8864 741
1987 452
2332 1177
2753 345
6574 655
7159 1533
2371 733
6412 679
6808 2108
7146 1361
9163 1808
1284 333
1873 2091
2473 73
5001 1349
7239 321
7976 2131
8013 1849
8033 1964
8253 219
2678 2000
6904 1305
7003 2193
8018 1015
9259 982
2135 267
6599 1350
8378 333
8606 728
3494 2246
1856 2200
2161 1212
2600 2115
2817 274
2930 2062
3389 267
7188 190
7243 1785
7690 257
7949 287
1553 1984
2695 187
3889 1541
7153 901
7757 1317
7767 344
8698 603
8920 2198
1367 2131
3090 95
6627 2053
7644 1426
8123 2010
287 1857
1223 2180
3681 1987
6803 218
7734 730
8923 1531
8998 2126
1200 859
1255 453
1773 491
2201 2168
2265 2079
3178 1605
8862 843
2305 1950
7731 2167
7739 1067
8631 307
9427 1318
680 2086
2628 1999
7839 1454
8887 1232
2335 2209
3016 1864
7011 1336
7311 1594
7808 1779
8345 760
1006 272
1190 975
2536 2038
8414 494
1685 73
2493 745
7106 2014
7744 2126
8057 1935
9376 1605
1017 2003
1629 2012
1707 21
2456 727
6860 2205
7068 1919
9086 357
1586 287
2756 1071
3465 1921
3607 1827
6723 1848
7538 2031
7827 1605
7835 1995
7952 1330
1957 10
2255 98
6713 2193
1680 69
2066 108
2197 843
3684 1988
3007 1543
6686 1338
747 2226
1549 1842
1603 330
6917 2027
7113 348
7276 195
8144 331
8780 1447
1674 350
1795 94
2054 2005
4923 1009
9433 540
1747 791
6885 1674
7006 2173
7250 1696
8620 1262
8889 2000
850 920
1794 837
3579 1956
7621 38
8371 2064
8699 168
1584 1259
7186 318
8396 25
1046 607
3603 2246
5760 92
6811 689
7110 741
7445 2198
7467 236
1811 2137
2100 190
2219 1412
3053 899
6933 1160
1506 1674
2364 2179
2836 73
6696 1906
8268 1098
1671 1713
1802 2198
2028 1348
2047 1959
2779 1414
1340 2066
1849 745
6805 2001
940 981
1479 293
5032 2134
6739 1074
6847 1369
8411 969
1447 56
2419 1259
2522 1926
6633 1427
6876 121
7367 2225
7801 100
2425 1925
7862 1145
8288 975
2174 1824
6170 1510
6857 645
7037 1575
7185 315
2790 743
2904 507
8899 1377
9353 830
8625 265
2321 8
2354 2123
2884 1376
6827 161
7002 705
7405 136
2454 2113
6066 1291
7825 254
8575 144
6929 2265
7591 2184
1470 1393
2228 2080
2351 811
7593 1172
8285 2077
8504 1995
8679 177
1374 348
2448 1970
7383 1686
1422 1652
1714 1204
2389 1376
2390 2014
2450 1743
2516 2115
2535 1232
3230 246
3457 1579
7336 1199
8688 960
2212 900
6656 2200
8460 1778
2324 1810
2429 142
7189 1316
7280 1695
7518 483
7864 67
864 1403
2229 156
3509 1965
6993 510
7163 1294
1653 1950
2619 2127
3424 38
7098 1829
7219 1684
8046 1738
8579 1827
1380 274
1690 1536
2027 13
6938 2007
7009 1809
7780 2159
9314 391
2114 770
2505 258
2560 1845
7929 29
8459 2215
6995 136
7349 875
8996 80
9264 294
1271 2000
2452 678
2528 1204
6742 1090
8267 1575
2537 1071
2931 1676
3445 2243
8053 930
1454 1926
1827 2031
2106 2205
2202 439
6643 1350
1432 1452
1862 2036
2110 1425
2148 245
9387 811
1476 2278
1504 1648
2420 215
3821 1180
6482 538
7389 1706
9140 1542
8685 163
8840 415
9001 584
3050 99
7388 320
9168 1475
1947 2254
6972 1182
7960 348
8793 2085
2872 1585
8251 1368
3121 1389
6332 1438
7918 901
8548 759
9328 2274
9424 2161
1770 1429
2402 178
6595 1159
6893 1140
8114 1909
1104 1518
1723 2041
2099 1338
2323 1706
2886 521
6879 2209
9318 1392
2190 330
2449 460
2552 360
3655 1541
7103 1605
1232 64
2013 1341
2434 1829
2584 552
4125 2217
6676 1956
7549 2153
7671 1263
8696 1336
2227 1991
7005 1605
8449 1228
3283 1189
7275 1972
7643 493
8476 67
7141 1922
7754 1317
8437 407
9323 813
2327 2179
2545 846
8148 391
8965 46
1921 298
2314 1353
2397 522
2669 1594
7281 115
7387 2051
1393 205
2144 2157
1049 2189
1913 1982
6608 1539
8215 552
8408 1898
8973 2233
9315 1128
1902 1555
7965 1163
1477 1145
2059 1775
6698 955
8145 73
1661 274
2468 1684
6614 304
7915 1095
7942 1420
8279 832
2209 186
2357 1444
2944 1767
4614 608
5828 2082
7308 741
2046 1189
2430 1428
5351 729
9375 912
1278 2019
2498 313
2508 1679
6355 2237
7076 258
7628 131
8071 479
1118 2225
1799 68
8216 2264
4793 1575
7008 599
8599 985
8975 1113
2436 1381
2438 215
3286 1051
8260 207
3170 2279
6520 616
7041 2093
7314 1074
8832 1709
1949 1182
6769 1950
2310 1191
2482 1616
7078 1605
8208 2206
6961 1627
2191 38
1763 1855
2243 56
7750 1315
7963 1088
8508 2248
2548 2056
7042 2093
1922 186
7522 788
6583 1659
8410 32
2401 1270
6816 1605
1857 236
6576 1280
7564 874
2121 1666
7656 1890
2142 1579
2665 1999
7035 56
7270 2120
7919 2173
7955 1019
1686 629
1711 83
2272 421
7966 93
1315 265
7097 1794
7794 1468
1940 1384
2478 322
6578 628
6692 793
8014 2169
1968 729
4247 1829
6681 1545
8003 278
8095 2282
9310 1810
2358 912
2873 1575
6717 1130
6788 1605
7534 1036
8000 1325
1168 1808
3029 1608
7022 1157
8462 1486
8689 186
2345 48
2608 1171
8129 1922
2244 150
8748 2206
6178 8
7636 2035
2444 1799
2480 1567
7487 616
8930 1541
1739 1370
3049 1595
7351 1388
8792 1590
2445 1764
7080 1682
7878 270
8804 1798
1126 2225
2433 2131
2494 729
6877 1783
7884 321
7912 1325
1622 1581
7072 1232
7416 1899
7700 1260
7285 1782
7429 1818
8322 1345
9037 884
1642 1909
7704 716
7879 274
1408 733
7101 100
2885 83
6735 87
6777 186
2546 1427
7283 2166
1933 321
4847 1202
7071 1576
7210 366
8031 288
8175 1476
8871 1557
1069 1814
2136 1156
7007 2209
2621 189
6934 68
8397 1800
2350 318
8701 1956
7685 1684
2234 456
1181 1758
1696 579
1717 652
2601 1701
6918 1713
7107 1415
2241 1782
6963 1511
8143 21
8265 1621
8438 1808
2352 1304
6937 2010
2343 1874
1130 1191
2012 222
3662 165
3048 393
2329 1858
2502 2157
2574 941
6724 1259
2163 2011
2387 1605
2460 1389
801 1631
9076 296
4612 905
2605 360
6812 1131
7183 1218
7703 1044
8363 2198
8675 1919
1186 1327
3155 2162
6548 215
2071 1488
7611 1396
6873 870
7247 1917
2069 532
6975 1976
1437 1950
1848 1545
2128 1368
7034 2000
9242 1339
6596 901
8289 113
8237 927
1978 1585
6613 2187
7783 2191
8605 1385
1532 1328
6996 336
6915 250
8250 177
1323 1194
1958 1372
8210 2155
8422 1098
1815 1862
7673 760
8876 2217
2016 794
2043 2100
1635 91
2175 1961
2286 333
6495 267
7971 538
8050 1487
2403 1181
1105 1541
2881 314
7192 100
9438 1878
2644 1000
7105 1744
7899 815
7222 1111
2162 1982
7039 1671
7380 1316
1127 2173
2196 136
3055 1435
7554 2014
8719 1444
6750 1145
6781 1511
6984 1151
2246 1858
2303 1232
7830 1319
6990 1478
8533 1113
6411 1905
7948 1699
7130 1794
3019 1920
2426 1758
7385 1456
2499 1427
6894 805
7131 1999
6971 373
7806 1447
1807 264
6930 679
8245 905
2504 294
9461 1426
1894 1336
2204 2157
7751 1694
2512 975
7936 1369
8231 1618
2573 2105
1991 1376
1989 698
2340 1590
6468 80
7237 1372
7117 348
3084 1921
3120 1837
9123 1950
7194 2131
7036 1484
2249 944
1148 2109
7145 402
9159 1928
1416 1593
7793 1296
1542 1919
6710 1286
6994 2014
8522 660
1616 2006
7567 2004
9110 57
2467 593
7852 1674
3621 247
2177 287
8831 1288
2382 2005
3377 2001
7847 2270
2492 2283
2481 1392
1825 1964
7861 1995
2491 2063
3493 1249
2824 2134
5280 55
1858 1758
2004 461
2365 2196
1080 342
2380 1331
2005 1964
8136 160
1865 1732
7733 141
2061 1131
8812 307
8826 617
2439 660
1837 1271
6715 2186
1002 1575
8700 1060
