img02c1.jpg img05c1.jpg
5643 7301
7297 10021
4557 6269
4051 4687
4021 5497
4081 5818
3984 5761
3990 5878
5490 7339
4022 4867
4106 4230
4553 6319
4558 6334
1060 15
4660 5680
5433 6659
5085 6281
4076 4687
5509 7873
3136 3819
5550 7934
3949 4687
3986 4554
4692 5680
4339 4552
3378 4564
4587 5956
4387 5810
4556 5748
3989 4867
5753 6595
5732 7374
3219 4698
5397 6862
4105 4555
4661 6021
4127 5574
4727 5909
5296 6862
4019 4230
7328 10083
3221 3904
3536 4875
3948 4508
4056 5449
4054 5945
8000 10706
5654 7339
4080 5574
7537 10291
4169 5010
5233 6281
3985 4868
4590 6319
4020 4687
5605 6691
4146 5240
6238 4647
4514 6351
4620 5909
4011 4557
3602 4874
4057 4468
5575 6616
4271 5688
5137 6745
6470 7977
3467 4399
2800 5342
7999 10705
473 6253
7410 10163
3145 4399
3294 4698
8042 10756
4899 6347
7404 12072
3223 4564
4052 4230
4882 6247
4915 5928
5559 6691
3305 5286
3951 4392
3940 4828
3950 6089
4350 5688
3459 4399
4232 5729
5198 6862
3399 4828
4082 4867
4622 6269
4592 5930
7930 10647
3225 4399
7945 10667
3530 4152
5281 10230
3455 4399
4388 5871
5773 7523
3215 4697
3976 4234
4753 6247
3290 4698
3146 4283
4344 5871
4477 5911
5796 8288
6440 10850
4518 5748
4973 8807
4129 5191
5221 7278
4166 4277
4190 5573
4624 6246
3374 4698
4445 5911
3079 4698
3379 5059
3224 4698
4165 4868
7921 10599
3381 5460
4408 6299
4443 5911
3220 4698
4400 6183
4479 5911
3210 3726
5551 7934
8123 11769
7386 9707
3456 4399
3458 4286
3380 4741
4755 6247
5282 6743
5324 6281
3452 4656
4537 5363
7989 10730
4469 5934
3974 4233
6439 11429
4501 5960
5761 8291
2858 4666
4079 4917
4588 6256
3300 4781
5714 7434
3386 4741
3657 4566
4656 5843
6979 11560
3133 4881
4147 5052
4273 5492
5171 6456
3383 4399
3463 5288
4482 6351
6561 8223
3384 4399
3708 4441
3861 4512
5434 12072
7283 9983
4786 6246
6583 12794
3368 5066
4440 6299
3372 4239
4438 5891
4474 5911
7925 10633
3217 4399
4437 6183
3859 4361
4484 6334
4511 5976
6563 8822
7369 8383
7909 10618
4424 5810
4609 5894
7914 10637
8026 10741
3211 5333
4533 6014
4049 4648
4107 4469
6496 9034
3138 5113
3230 5454
6536 11836
7920 10598
3212 4399
4367 5911
4405 5959
6311 8160
395 3160
3654 4104
5754 8381
2331 3349
4145 5729
4281 4606
3293 4741
3898 4234
4032 3683
4186 4554
364 999
3375 5827
4754 5996
4042 4361
7385 9418
3525 3726
3533 4286
4358 6259
3141 5247
3461 4875
3709 4443
4345 5871
4492 4644
4554 6312
8016 10726
3129 5291
3705 4104
4150 5191
518 6253
2857 5471
3269 4251
3454 4104
4109 4867
4284 5729
4368 5684
4662 5975
4873 6468
4104 4606
4519 6334
269 12280
7371 8274
4050 4606
7368 8781
512 12152
5530 7894
5591 6691
5710 6616
3140 4697
4287 5151
4436 5891
5216 7277
6338 6020
4505 5911
3540 4870
3719 4514
4663 5955
4696 6431
5017 12265
4546 5911
2946 3172
3371 4698
4217 5450
4495 5810
476 10000
5537 12280
4118 4512
7407 9961
3077 5066
4497 5526
7406 10083
3847 4441
7924 10616
3295 4399
3656 4441
5475 7301
6613 6169
3464 4104
4586 6247
4603 4728
4814 6194
5259 7440
4407 6299
3987 4392
4128 4468
4611 5998
5531 7916
3142 4877
4149 4552
4356 5848
5220 7381
7075 12332
7436 7471
3298 4740
3299 4153
3849 3819
4447 5843
3373 3819
5424 7436
3231 5881
4585 6351
3291 4399
3297 5288
3850 4441
4591 6021
4185 4276
3851 4104
4078 4868
5544 6741
4139 4361
4593 6334
3653 3683
3143 4152
3370 4283
4262 4552
3382 4031
7922 10600
7987 10711
3228 5764
3750 3819
7448 3036
455 8054
4442 5891
5706 4358
3130 5064
4218 5052
7459 9560
3385 4399
4323 5810
5217 7278
5477 11819
5508 7873
7460 12121
4555 6232
5345 7376
5560 7374
5539 6692
6404 6468
7326 10230
3704 3819
4018 4648
4223 5190
4130 5943
4541 6159
5501 9997
8034 10777
3887 3819
3462 4286
3603 4154
4830 6232
6288 8735
7074 8382
3538 4691
6521 8761
8150 9777
4572 5810
4483 6021
7463 10217
5364 6253
3804 4690
4649 5934
7389 10144
3137 4698
3301 4740
3655 4152
4428 5526
4872 5928
5568 7339
5742 8291
3460 4442
3476 5454
6783 8009
3376 5059
4112 4826
4200 5689
2333 3399
4725 5721
4883 5435
3234 5623
3377 3992
4164 4648
4471 6159
2838 4535
2862 5171
7962 10663
4303 6172
4406 5961
6471 8189
6803 8223
3453 4923
4513 5956
7431 12100
7559 10125
7943 10666
2861 5471
3846 4104
4322 5688
4713 6014
3754 4614
3904 5241
4353 5848
4507 5911
4958 5717
7983 10707
3726 4361
7325 2943
320 2943
3394 5696
4517 5909
4688 5911
5578 7766
7176 6465
3900 4395
5450 11826
3808 4607
4110 5191
4551 6247
4948 6169
7026 3036
250 6151
3078 4784
3977 4512
4402 6274
5489 11677
3465 4239
3860 3987
4235 5052
4297 5316
4543 5911
7434 10161
7907 10604
3928 4104
4167 5497
4458 5810
8121 6862
927 12249
4111 5191
4528 4681
5545 6614
2932 4289
4502 5568
4850 5309
7846 10215
4298 5724
4694 5719
4806 5361
4261 5151
5464 7494
8073 11718
1466 744
7978 11677
2370 12060
7082 10971
4233 5450
4574 5526
4728 3571
6519 8250
4360 5867
4363 6012
4825 5361
7997 10704
8079 10872
611 999
2908 5471
3466 4691
4285 4554
2852 5172
3717 5454
4749 5807
471 6745
3604 5454
4615 5807
5200 7381
6564 9261
277 3172
2795 4527
3213 4519
3810 5055
4548 5911
6864 8033
2928 5171
3457 4325
5001 6169
4250 5871
5790 6838
3469 5059
4293 5688
4647 5363
4829 6267
3475 5454
3527 4152
4784 5721
5002 9347
7331 9032
1561 831
3229 4870
3938 4317
4836 8735
681 11267
3144 4286
3541 4438
4041 4649
4946 6367
7409 10162
4208 3207
4539 6274
5256 6862
3195 5022
3939 4234
3975 4511
4187 5574
4237 5573
6340 9261
3306 5623
3598 3779
5084 2943
2859 5471
3308 5455
3528 4698
4144 4868
4642 4957
6729 9777
1541 890
4361 5891
7301 10971
3545 5195
3752 4325
3911 3405
2854 4527
4812 6095
5476 7493
8030 10742
3226 4325
3755 4104
3901 4361
4460 5688
4929 8807
6910 11882
3397 4870
3400 4557
4124 4774
4503 6183
1481 835
7402 6657
2914 5471
4216 4315
4349 5316
3474 5195
4131 5691
2851 4251
4470 6159
3661 4691
4542 5568
3522 4615
4012 4317
5516 9582
4589 5643
7734 6745
3897 4870
2801 4574
3891 4441
4544 5568
4655 5807
4404 5524
4461 5724
6437 10352
6520 8505
2923 4337
3139 5114
3611 5824
3982 5193
4294 5810
5520 7934
5593 6813
6490 11401
7588 8562
4435 6142
3470 5455
3942 4361
4126 4359
4849 6247
5136 6420
5782 8365
7059 12331
215 12499
3607 4870
4799 2943
5222 7278
5689 10183
4693 5719
6002 6939
7805 4358
3312 5698
4433 5935
4626 6095
4910 6120
3543 4776
3667 4362
3723 4649
5522 7915
6489 8011
4577 5869
8144 6816
3216 4738
3396 5764
4384 5571
4866 6267
6911 9419
506 7692
2796 5171
4785 6247
4893 5721
5589 11994
3802 5732
4090 4691
4724 5911
5499 7894
7928 10634
4143 4606
4425 5724
6287 8453
3235 5852
3451 4786
4013 4393
4410 6322
5807 6613
3715 4870
4909 5721
8003 10728
3619 5967
8096 10882
3747 4035
3886 4614
4083 5191
5527 6563
4434 5848
4953 5093
5463 12198
4243 5725
5708 6637
3045 4289
3209 3726
4318 5322
5662 8197
3388 4870
5396 12142
8078 10811
8143 9754
3227 4442
3941 3986
5366 4433
5502 7469
7633 9816
3794 3819
4366 5565
4894 5435
7091 7676
670 11969
7915 10638
3756 4691
4666 6095
4686 5933
8092 6862
8101 10934
3395 4919
3450 4659
4512 6247
4515 5437
4516 5805
4625 5605
4637 12139
5061 11242
467 6253
3148 2927
3909 3405
4148 5984
4300 5809
4617 5843
3074 4786
4463 5611
301 12454
3054 4334
4177 5689
7461 10141
3761 5824
6975 12129
3237 5195
4175 5496
5542 8411
7681 9856
3239 4870
3391 4870
3720 4653
4610 5361
4750 5096
3710 4032
5042 5747
5512 7614
6293 8923
425 9120
3757 4691
3856 4398
4454 4644
6593 11721
3265 4290
3369 4739
6202 8846
660 12249
3858 4233
3899 9961
5672 4768
7072 8381
7708 7614
8139 9777
1015 10234
3763 4099
4108 5192
4581 5911
5213 9778
3669 3988
4783 5843
6737 9218
3287 5167
3601 4698
3932 4691
4414 5729
5688 10084
7201 6837
8100 665
3236 4870
4726 5397
4811 6247
7352 11750
3724 3988
5576 10125
6337 3096
3126 4881
3800 4325
4337 5574
655 12224
4330 5753
4711 4957
5190 7247
2220 9401
4043 4234
424 6491
1155 300
4355 5848
8149 9754
514 8516
4326 5316
4415 6016
7501 12121
8001 10708
692 12543
973 10000
1048 10000
3233 4832
3574 4251
4055 5152
4403 5891
4683 4955
4864 5843
5677 3723
6255 7614
1240 812
1428 4681
3751 4740
4004 3683
6312 6429
982 10107
3285 4881
3718 5058
7268 9708
3477 5532
5666 6815
6786 11477
6865 10543
2929 5666
3292 3726
3722 4828
3764 3855
3964 4739
4196 5106
4342 5236
4892 6247
7123 8470
4033 4739
6821 8590
7041 8350
3288 4881
3393 4691
4067 4691
4475 6142
4651 6274
8132 12527
2266 1987
3535 4441
4487 3377
6554 13129
1700 6343
3058 5341
3468 4870
3505 4251
4236 5191
4299 5611
7813 10410
3507 4290
3701 4786
4441 6142
5932 4768
3983 4606
4328 5870
4423 5871
4623 5805
6573 10923
266 11591
4394 5724
4912 5435
4916 6429
5731 6573
6893 11560
1311 7746
3365 5292
3791 4400
4225 5689
4292 5810
4530 4769
5548 7830
7961 10481
3711 4032
6785 11709
8083 8189
2915 5171
3852 4439
4380 4315
4494 4957
4840 4768
6535 11746
257 11916
3181 4289
3303 4776
3662 5454
7929 10636
1416 2411
3431 5328
3796 4104
5194 4361
5487 8079
6648 11746
6781 7910
709 8350
4034 4614
4418 4770
4914 11198
6514 7614
6636 8338
4040 4398
4138 3771
4321 5812
4939 5093
5237 12340
7709 10104
7742 7614
8095 10662
3014 3650
3798 3903
505 10487
4101 4233
7048 9754
4035 3819
4643 6014
5204 7381
354 8194
3214 4738
3651 4479
5592 8381
7536 9856
442 3499
3311 5454
4382 6396
4897 13129
4398 5606
4664 6095
8002 10727
3283 5202
4317 4434
5239 7276
7946 10668
3532 4441
8054 11855
2510 4810
3347 3869
3364 5660
3890 4104
5138 6566
7533 9560
3208 4881
4315 4359
4343 5280
4468 5363
4500 5934
7870 8847
654 6641
3135 3643
3665 5881
4324 5316
4781 5361
141 6268
362 8736
2927 4527
3132 4881
3302 5696
7859 10269
3966 4104
4913 12794
5549 7831
6897 222
3232 4832
3947 4648
4504 5891
4823 5868
6403 7912
6801 7929
396 10125
4498 5935
5582 8014
5744 8341
221 6401
382 416
2312 2918
2847 5996
3430 4290
4573 6014
5770 7766
8125 6816
3473 5532
3652 4518
3934 4398
4906 4911
4960 8807
7728 7669
5898 2884
3707 4782
3797 4441
4619 6285
4985 11378
6907 11437
7353 6657
397 12331
1641 2906
3447 5292
3472 5286
3546 4870
3803 4690
4202 5873
4791 6469
410 6745
488 3377
2921 5171
3296 5333
293 11291
3059 5471
4665 6095
6635 7124
7966 10688
7986 10709
3542 4919
3896 4870
3924 4073
4113 6338
4690 6232
5169 9031
5257 6566
3432 3735
3930 4104
3937 4557
7750 9865
7908 10617
3131 5066
3153 3080
3664 4870
3748 4402
3807 4361
3910 3405
3973 3941
4346 5688
5513 7126
3768 5406
4036 12331
4867 7338
5225 7440
3905 5325
3352 4448
3744 4743
4222 5106
4455 5049
1267 287
2985 4796
3534 4694
4472 5891
6751 4768
3071 4618
3307 4870
3387 4870
3933 4690
4579 5911
5120 13074
6313 7912
866 10000
2864 5257
3666 5881
4069 4398
4071 4317
4224 5689
5581 7523
5690 5688
5832 8430
6375 8337
6581 13129
7234 4358
7772 2943
7790 10896
1490 894
3124 4659
3594 4104
4102 6768
2853 4251
4900 6490
6448 9000
6646 7746
7249 6168
7427 9364
2926 5171
4286 6128
1821 1821
4331 6250
6750 7868
2906 4796
2910 3957
3428 3869
4001 4614
4195 5815
4524 6519
4612 5962
5196 8997
5691 8196
356 10442
4188 6016
4431 5363
5250 7307
8067 11810
4007 4398
4077 5498
5452 9419
5757 8162
6647 12490
261 6456
447 15
638 8054
3057 5471
3289 5164
3526 4519
3988 6089
5176 10359
3610 4919
4465 5363
4941 5782
5772 6563
8112 10957
788 9346
5363 9014
7175 6019
7212 12527
1344 704
3128 4928
3471 4870
3529 4519
3596 5700
5641 7587
1133 141
3547 5987
4063 4104
4489 3678
3446 4659
4420 5104
5157 7157
838 9346
4540 5868
3222 5333
3264 3958
3599 4783
3968 4967
4764 10359
4831 5782
415 8274
649 12178
2867 4527
4234 5367
5622 7215
7016 12465
3927 4614
6407 11351
7327 11412
321 12055
3018 8350
3107 4626
7980 10686
335 11916
2672 4384
5108 1016
4241 5235
4743 4955
4957 13149
7480 12072
844 5613
4162 4098
4381 6016
246 12442
1406 4681
3108 5423
3612 4966
4911 5721
6235 8075
412 9915
1625 2841
2497 2797
3443 5292
3523 7523
640 12405
2754 4849
3238 4870
3809 4649
4746 5361
4945 6359
6674 7575
344 11247
2794 4841
3749 4402
2916 5707
3060 5666
4493 5148
1638 9098
2925 4796
3714 4691
5515 7470
8033 10760
914 11267
3801 4832
5567 9141
5734 8293
6374 7976
3760 5697
4260 6072
5162 7280
5202 7278
5707 6614
6591 6020
6592 8081
7010 11882
327 8384
3274 5295
3537 4324
4100 4649
3885 4104
4296 5913
5552 7915
2860 4251
3204 4881
3205 4881
3789 4745
7733 6939
930 3172
2559 4634
4075 4436
4291 5366
4943 6094
2793 5666
5646 8062
1626 2906
3597 4656
5843 10352
7499 9926
3314 4690
3638 3869
4061 3641
7688 11967
8012 11008
330 9034
590 247
1278 483
4201 5940
4453 5322
5155 6566
5518 7894
5534 7915
339 10500
886 2262
2974 4296
2990 5260
6339 6490
214 11197
3315 4690
4038 4438
4137 3769
7482 9945
752 4864
3360 4661
3972 3989
4399 5565
4467 5046
7923 10615
386 12679
1509 368
3806 4439
4009 4691
4417 4434
4691 3036
5525 10084
3186 4527
3712 4032
3817 5793
4348 5399
4881 5361
6797 6770
7589 9510
573 11267
4259 4277
5811 8287
572 6401
2360 9862
3207 4786
3367 5292
4099 4233
5739 8293
6487 8478
6763 3036
901 2906
2314 3206
2997 5171
4658 5228
5054 6770
5174 7280
5607 12340
7595 12481
1438 811
4810 5996
4991 6204
6267 4392
7309 9238
8126 10880
1675 1152
4430 5914
5526 7434
7680 10182
3075 4881
3284 4881
3671 5695
4719 5867
738 6741
1049 33
1389 10334
3147 5881
3478 5580
6589 5717
624 6566
633 12191
1857 1513
3241 5881
4359 5565
4401 5565
7079 12097
7905 10602
8024 10738
4338 4434
4712 4769
6649 46
7910 10619
8041 10776
3073 4615
3115 4796
4092 4439
5779 8318
6256 7297
482 8736
1884 6664
2090 9218
3663 4776
3815 5821
4066 4100
5228 7276
391 6477
719 8473
739 12112
3280 4881
2991 4796
3240 5881
5486 3984
6582 7483
2610 4386
3608 4776
4028 4200
5212 11977
8025 10740
3579 4796
5474 11160
263 11721
358 10969
1459 11916
3996 4035
6767 6001
559 9835
1648 12096
3180 4251
3218 5160
3448 4329
3698 4244
730 10234
3125 4786
3242 5696
3746 4035
5246 7308
6967 8085
7613 12189
4341 4603
4827 5524
5214 12340
6964 10971
7804 9495
3282 5291
3309 5532
3725 4829
4462 5895
7438 10296
3843 4200
6553 12794
7164 9065
7820 2905
422 12161
2705 3542
3445 4881
4336 4277
5238 7276
8053 10820
944 10487
3127 4881
3504 3913
3640 4251
3727 5502
3793 3819
3795 4693
3961 4402
5197 2950
6834 8479
3745 4786
3799 5655
5192 7247
3330 4500
3479 10359
4242 5148
5073 11242
5262 7438
6444 6244
294 11798
2917 4289
3857 4517
4535 5526
1050 72
3444 4659
3531 4833
3539 4870
4244 5318
4357 5848
4667 4689
4708 4431
567 6401
637 6418
3304 4870
3389 5532
4389 5724
4491 4275
885 11760
3349 4840
4772 8136
4884 5863
5606 12331
6838 9755
7766 5358
3881 4035
4098 4361
4774 4861
5861 11882
7058 10083
2797 3654
3329 3425
3792 4656
7534 9706
89 9582
1800 6907
2310 890
4970 11705
5569 6563
7664 9611
224 6566
376 252
3649 4402
4409 5958
4569 4864
5186 10080
586 7787
3053 4000
3991 3100
4117 3986
4751 5312
903 1162
4851 3571
7110 8381
3703 4400
3805 4691
4316 5574
4580 5891
4676 9742
6468 7911
105 6268
1809 1651
3424 4207
4977 6640
5191 2347
3044 4290
3713 4690
4215 4606
4659 6181
4809 5643
5193 4361
5507 7873
5624 6768
6588 353
7956 10691
367 11512
718 12329
1122 704
2327 11333
2989 5257
3006 5703
3041 4754
3879 7617
3926 4656
4320 5572
4826 5891
5123 10630
7553 9449
348 12115
734 8334
4065 4516
2395 2906
2699 5425
3548 5988
3753 5700
8006 10729
1604 2906
1663 811
4047 4510
5152 8192
6552 12794
8031 10759
3423 3735
4088 3571
4379 4230
5719 8196
7494 9357
7738 12097
1942 8611
2850 5471
3894 4439
291 12543
2707 3406
5097 12763
374 10291
501 12577
899 11845
2753 5030
3392 4776
5156 6285
6599 2906
3351 3869
3613 4967
6307 7370
589 6518
2459 4810
2909 4796
2982 3827
3828 3869
4289 5049
4571 4957
4613 5867
6257 7298
6405 8190
617 6253
1959 704
3191 5172
4549 5843
5079 12129
2841 4581
3521 4567
3873 3869
4597 6478
5040 5482
6406 13224
3310 5696
3637 3869
5183 1987
5280 2594
6935 10971
2930 3910
2972 4258
3544 5696
3790 4402
6344 9034
6806 9290
232 10352
2942 5418
3109 4575
3281 4107
3343 4289
3670 12157
4091 4438
4340 5151
4689 6181
4880 5524
5540 8381
6565 12267
6996 9966
2799 4527
3759 4062
4756 3571
7496 8243
7927 10634
3154 7301
4240 6219
5241 7308
5609 7953
5671 8197
6727 7850
7787 10037
515 9001
2555 4591
3787 4402
3788 4744
4444 5932
4480 5931
2663 4303
3111 5544
3955 3357
4031 4656
4459 4914
4976 6358
7739 9851
1526 803
1741 1430
3270 4796
6122 8539
7126 8609
906 10938
3177 3827
3313 4654
4685 6274
7225 10971
672 4310
1018 41
3892 4438
4006 3816
4729 6081
6963 11882
436 6518
2399 8384
2420 5088
2855 4000
3012 5630
3743 4036
4775 4861
5787 13149
299 11486
2141 10106
4364 5891
4565 3762
5652 4104
3606 3723
4757 12340
6469 6020
593 9098
2905 4753
3848 5700
3884 4780
4397 5442
5852 8362
7631 12239
407 9915
2792 4890
2940 5022
3648 4328
6562 2760
7092 8380
7965 10664
545 13119
3842 4744
3971 4691
4205 2943
4832 6382
4997 11242
270 12269
893 381
2291 4427
3202 5064
3508 4159
3557 3289
4283 11259
4602 6396
4807 5891
1216 10644
2380 831
3114 4889
3931 4690
5470 7833
5788 4506
554 6401
2351 3527
2560 4635
4005 5532
4669 6382
4876 6641
5116 7131
5201 4361
8077 10630
312 9014
1579 6343
2978 4379
3010 5589
3206 5292
3658 4690
4264 4603
5015 5954
970 6714
1577 1119
2231 9218
3189 4796
3199 3650
5263 7307
7403 8470
1520 12096
4039 4398
4290 5104
7122 12350
7204 8286
466 11857
2842 4803
4457 7871
6488 11468
7408 12130
524 3056
1057 100
1337 2927
1710 1186
3786 4402
3888 3819
4044 5154
4763 3768
5265 7475
292 7239
2346 12079
3702 4656
4898 5603
5173 7589
7355 7469
7545 5182
2764 11902
2992 3910
3429 4205
3441 4524
4097 4362
5275 7407
690 3074
2709 3074
3363 3907
4226 5939
4266 4864
4268 5104
4383 5446
4476 5891
4605 5810
4921 6620
5008 4310
5110 11310
5119 8291
5153 5802
5311 7527
8027 10777
40 12657
1074 203
1608 1576
2276 2863
4062 4441
4621 6257
5283 7306
597 2943
693 9946
3959 4035
4506 5891
5127 7095
5355 7560
6486 7672
2993 5124
3583 3689
667 6253
1101 2760
5521 7854
869 9098
4352 5400
5163 7246
7458 7944
2840 4711
2996 5666
3185 4796
5215 12131
6752 11825
5756 8161
6978 2950
7137 8498
7279 8054
8155 10525
3076 5167
3697 4072
5129 7095
6585 7544
766 10975
2405 9034
3785 3651
4426 5526
4499 5960
4863 5361
4908 6247
6467 12575
7967 10689
4267 5104
5141 7131
5333 7563
8040 6282
302 9031
736 12350
2998 5471
3673 5763
3721 12347
3970 4691
7029 11237
7031 6345
963 10083
2377 4947
2573 4262
2673 4385
3811 5194
3889 4102
4301 5442
4632 6478
5078 5053
5132 7158
2981 3869
3052 4796
4744 5934
4930 6489
5164 7280
2092 11845
3203 5165
3965 4104
4029 4744
4607 5611
4730 6228
7269 10442
8004 10743
691 8334
2188 2555
5306 8314
5344 622
5365 1096
7254 8286
8111 10946
452 11857
2805 4358
3198 4930
3819 12142
3840 4568
5236 12347
7498 6269
7906 10603
126 5459
2757 5028
4070 10126
5957 8338
6177 8847
2210 2376
3278 4406
4093 4100
4429 5233
5693 12499
5738 4911
1178 160
1196 3204
1692 6343
2719 4131
4578 5846
4644 4955
4879 4952
5053 8505
6614 8672
8018 10761
574 12731
2747 4379
3005 5022
4125 12159
5488 12720
5543 8380
6708 12055
1313 418
1417 6716
2473 4500
5720 4823
7372 5437
7382 9278
610 7945
1228 301
3575 3959
4058 5648
4534 5400
4641 4683
5175 7280
5312 7497
7387 5843
256 10662
378 5952
1995 9440
3893 4398
4269 5493
2947 431
3016 3051
3635 4337
3958 4109
4681 5810
7716 12454
4096 4398
4391 5723
4427 5914
8154 9754
5667 12239
5681 8166
6590 11476
6976 8214
7141 10971
8152 12832
419 6838
569 4642
3480 4361
3578 3690
3868 9946
4002 5700
5451 11970
6485 6906
591 10000
675 11687
3442 4570
3967 4103
5051 6094
5357 7560
1291 462
3011 5590
3015 5066
3366 5165
3832 3869
4854 1134
2846 7338
4473 5565
6542 9034
7834 10179
2359 3599
3616 5900
4570 6219
4944 6525
6968 9754
7580 9943
236 3172
522 11310
720 6021
2585 5263
2791 4626
3190 5544
4014 5055
4606 5724
5541 8381
7995 10703
716 7273
2818 3971
2987 5707
3706 4693
4628 8430
4847 5891
5323 6330
5715 8059
305 11881
3072 5629
3830 3612
4059 3377
4295 5687
5736 8195
273 6594
318 11267
3854 5732
4095 4398
5640 6437
1054 12750
2856 3957
3634 5260
4026 6657
4390 5722
5425 9871
5649 8106
331 9002
2353 12625
2513 3594
4466 5869
5088 7068
5644 6431
336 11512
925 2906
3116 3865
3829 3689
3855 4100
4452 6128
4741 5102
5016 6359
5398 7495
5533 7873
7904 10601
461 10629
2724 4220
3152 3064
3342 4487
3605 4776
5203 7350
6441 1271
1581 1181
3286 5202
3645 4744
4211 5577
4842 5184
5728 6484
7976 2465
342 9031
1034 10975
1370 591
3688 3613
4132 5876
5288 7307
6516 11110
2865 4334
3692 3869
4747 5891
5760 9002
370 12267
448 11765
5685 8196
7217 9754
7992 8192
971 12112
1203 7614
2521 4901
2903 3958
3188 4335
3600 4518
3826 3575
387 6401
440 6641
3636 3690
3929 4656
4155 5873
7101 9777
149 789
185 6573
1594 1116
2202 2517
2456 4992
3572 3795
4481 5958
4608 5145
4614 5788
8075 12602
2412 3327
3506 7245
3845 4035
4531 5234
4536 4955
1475 12267
2616 4383
3050 4796
3758 4398
3777 4251
4000 4785
5107 6128
6517 8632
6612 7746
7514 5839
544 9350
2620 3971
2907 4889
4393 5400
5063 10739
6584 11244
7078 11891
7136 8380
7370 11538
326 6742
2670 4383
3056 4889
3882 4035
4529 4434
5140 7068
913 2906
3398 4832
4003 4441
4314 13224
5104 7068
6680 11331
603 9088
1501 9098
3348 3869
3866 5694
3998 4569
5789 6614
6852 9349
3945 5011
5248 7276
225 12589
548 12701
2548 5861
3426 4335
3917 3651
5223 7349
1683 1491
2003 12090
3633 7527
3844 3610
4396 5316
5105 7095
5623 3734
5775 7189
7507 10377
228 8286
260 2943
570 129
1231 11901
2977 4340
4707 3981
5334 7405
6347 5051
6443 6367
7076 3074
290 12543
2615 3424
3000 5418
3524 4242
3738 3788
4151 6202
4327 5869
5219 7351
148 6641
565 11741
4037 4398
179 6268
517 6745
2984 4703
3584 4796
3875 3651
4800 5233
5195 1060
5765 8610
84 5720
2442 5390
3943 4775
7446 3089
2182 6966
2365 3527
3639 3957
3871 3868
5128 7095
5784 4395
130 5734
381 8194
1361 9098
1764 658
2490 11241
3439 5435
3642 4109
4972 6243
5261 7438
6884 10732
7591 9530
7838 10178
946 6664
1230 781
1886 9351
2922 5342
4419 5446
4456 5529
4778 5363
4788 6059
5226 7276
5287 7307
8052 11903
678 8334
1322 6253
4221 5322
4416 5151
4722 5891
7040 7589
915 11967
974 4513
2759 11528
5471 1987
5801 12149
220 11977
561 11728
2012 6664
2567 3925
2671 4055
5724 8162
314 6428
4938 12097
5634 3768
7329 12297
416 7338
884 11586
1431 3035
1854 352
2918 5297
2983 5471
2995 5171
3036 3969
3134 5627
3192 4290
3736 3507
4030 4441
4392 5722
4709 4550
5303 7562
685 11728
1307 9460
1331 9418
1349 2706
1364 4768
1621 1301
4723 5962
7342 9212
7769 6714
383 4185
3733 1168
3737 3869
4183 8006
4329 5722
5309 7527
5725 8195
7500 6138
934 6664
1456 579
2739 4582
3831 3869
5231 5597
5491 3818
6515 11882
7100 6401
7435 10162
1397 2894
2933 3735
3084 431
3647 4402
5224 7308
1191 6664
2727 4222
3571 5425
5697 8293
6308 7371
413 4768
1485 8863
1958 6940
2614 3424
2659 3096
3087 4222
3089 3593
3263 5260
3880 4567
8145 9493
365 10938
2662 7952
4193 5239
5245 7276
248 6491
4045 4437
4844 5788
5330 7527
5332 7563
5340 7527
2120 12368
2247 3565
4282 5898
4354 5869
4787 3571
5014 6094
5310 7527
5783 3036
8074 11404
3062 5022
3069 5703
4068 5454
4174 5447
5151 8291
5506 7832
7896 13029
62 9888
2423 4500
3644 4786
4559 6119
4640 4770
4740 4861
5602 9965
1332 11940
2201 2431
2303 2744
2649 4169
2866 5419
3251 4262
3595 4477
4890 5524
4940 5782
5698 6234
7145 6345
3632 12016
3659 7434
3735 3869
3963 4783
4170 5106
4576 5914
7073 12329
281 3107
546 13112
2788 3876
3734 4840
3936 4439
216 12235
543 2745
659 8033
1369 11668
4550 5931
5758 8163
6445 10500
583 9946
4351 5722
4386 5280
6346 3172
7180 1271
7433 12081
7497 9873
7860 10969
579 9623
848 9346
2936 5468
4934 6697
5317 7565
6497 9001
6999 7152
7094 6042
2666 4348
2755 5028
2986 3910
3063 3650
5343 215
6555 7545
6915 12871
7938 2906
181 9928
360 12375
4231 4734
4714 5611
5126 7068
7366 9256
315 12265
4288 5494
5066 9359
5630 8089
5969 6906
2398 3023
2457 4991
4936 3070
5114 7068
5130 1152
5143 7095
5159 8334
6847 10526
7265 6641
7392 11398
7729 11509
5740 4911
7047 6796
7150 8556
568 4275
2594 4042
2962 3882
5771 10334
6172 11509
7111 8473
1163 318
2775 4087
3592 4786
4999 8593
6343 9000
6921 8334
7732 9830
8147 11499
2941 5703
4797 11642
6491 11399
8029 10738
120 6268
470 6418
1899 1664
2798 3957
3051 4792
3112 4078
4256 12543
5314 7527
5519 7832
5741 8341
700 9817
1661 3074
1986 704
2372 3808
3425 3575
4716 5233
4782 5524
5117 7095
5302 7563
5528 7894
6644 7542
7483 11819
19 6573
140 6268
173 4568
587 12685
2721 4178
5587 8064
6357 7567
7208 8839
347 7787
3279 4619
3716 4832
4094 4690
4907 5361
5125 7038
8151 11967
437 7764
3588 4571
4862 5788
6266 8944
6543 12754
578 11541
620 10165
717 5697
2868 3910
4182 9609
5794 8288
7093 12150
1846 12364
2464 3070
3123 4884
3390 5504
3449 4880
4010 12329
5003 11223
117 6573
355 4310
771 12093
2343 3527
2371 11610
3999 4402
4682 5526
4974 12591
5460 9946
6753 8672
7698 4258
308 12043
334 6348
1343 690
2403 4902
3275 4787
4176 5496
4919 12587
5462 999
7388 12433
740 2061
1232 2684
4086 6338
4189 5943
4891 5230
7911 10620
8104 6420
324 4023
1415 7985
1521 1055
2638 3802
3187 5342
5561 7830
7833 10158
2961 3928
4695 6369
5244 7276
1547 1053
2806 13147
3609 4030
4697 6433
5150 7131
6779 11771
254 10079
2653 5425
2807 11247
2931 4289
3362 4107
3674 5695
4604 5006
4986 12575
5158 9928
6132 7856
8131 10870
287 3768
2904 4840
5004 6106
5341 7473
1425 768
1476 11967
3823 6169
7245 1674
341 4427
555 12075
1682 999
3013 5706
3775 4487
5030 6243
7 608
310 877
439 6395
910 10403
1467 983
1469 9034
2338 11553
2729 4264
3047 4664
3762 3816
3923 4615
4220 4552
4853 6397
4924 5095
5686 6816
6260 13106
7752 9866
1708 1447
2427 4224
5611 6431
6377 2879
222 2990
462 9034
584 6566
1171 236
2234 9619
2943 5706
3122 5022
3935 4318
4239 5320
4710 8054
4928 6347
5612 7981
5713 8381
7393 1411
731 5234
2221 2547
5247 7410
5678 7434
5748 3606
484 744
1891 8253
2050 10360
2843 4630
4199 5873
6010 10202
6442 8562
7835 12239
107 5852
698 9751
904 3172
1158 301
1528 12129
2708 3791
5106 7131
6934 11882
7781 10040
558 3080
1566 630
4115 3639
6848 6145
404 6491
2924 4333
3346 4335
3696 5022
4157 6087
7090 8413
883 2906
1363 3207
2342 3206
2362 3115
3101 3883
3660 4690
4024 6033
4194 5190
4759 6227
5115 7095
5331 7565
229 12469
1194 11824
2193 1901
3182 4337
4966 5994
5449 6115
6376 6359
7416 10272
7557 8284
3042 3827
3178 4796
8076 5959
22 11664
1192 174
1669 9099
2281 8419
2661 4018
2939 5418
3516 4372
3614 4027
3960 4785
4310 10104
6523 2855
7415 10271
7666 10043
7796 9974
3732 5653
3997 4568
5144 1152
5298 7405
7227 12465
125 6538
585 6641
867 11163
1424 11962
4846 6274
322 8244
333 2063
1357 547
2934 4885
4089 11529
5322 3357
5347 7527
7481 12156
1759 12327
2566 4677
3693 4289
4790 6348
389 12422
553 12876
560 6491
770 6253
968 767
2698 5425
4116 3680
861 6343
1141 12207
1474 1060
2385 12060
3106 4487
3350 3788
3690 4796
4718 5184
5370 7647
5876 6508
420 3227
2014 6641
2512 4812
2669 3925
2863 5707
3316 8787
5284 7343
6675 876
7109 12350
1395 725
2279 4353
5205 2659
5797 12455
5913 6796
6261 7674
1544 2759
3593 4107
4720 5891
6832 519
217 8541
268 10662
2776 12639
5266 7475
5269 12446
7165 8960
235 11826
618 7787
1362 574
2728 4351
3023 3424
3925 4404
4371 4023
5293 4924
5580 6431
5655 8085
6534 8421
1276 12191
2262 6640
2761 6360
1114 11805
2994 4527
3061 5706
4247 12952
4265 5938
5276 7407
7737 5597
8065 12729
2777 12639
2973 4295
3341 4003
4839 2950
4859 4184
7799 10007
139 12103
669 11950
2393 11536
3922 3734
5818 8362
984 4656
3246 3227
3551 2308
5242 7276
5660 8106
1130 9034
1285 242
1511 11668
2665 3925
2937 5706
3422 4626
4971 9511
5524 4614
6800 9088
7347 9236
3580 3788
4274 5870
4646 4955
6896 11967
2298 4291
3993 3536
7193 695
7690 8085
8133 10889
1450 547
3687 3827
4152 5237
4439 5565
7544 6321
2692 4940
2780 8011
3492 5270
3514 6563
3569 3546
3841 4744
3872 3865
4251 8517
5442 8710
5764 12724
7428 7974
510 6641
1590 12167
2613 3424
3067 5468
5325 7565
6133 7875
7824 10119
1758 2896
1827 9561
2190 2759
3433 4332
5048 4546
5160 8782
5482 7835
580 10021
1077 3649
1339 9884
1892 5976
2392 5990
2988 4337
7233 8958
7472 10358
1850 3115
2500 464
3427 3913
4198 5572
7124 8471
210 12035
456 6401
2042 609
2595 4491
2832 4341
5675 5361
1235 6595
1302 11825
4023 4734
4485 7588
4645 5232
5305 7527
6528 12161
6681 11541
7912 10621
237 100
860 9034
1315 12178
3003 5022
3009 5588
3501 4456
3767 5405
4824 5184
5145 7158
871 11668
1664 1238
5000 11224
5189 12701
5674 12239
5806 10199
186 2555
454 6745
2655 9285
5337 7405
5500 12112
5626 6370
5642 11691
7751 9881
1212 704
2541 4582
2979 12016
2999 5342
3002 5772
3043 4840
3591 4069
6123 6151
6314 7717
1897 5324
4178 11705
1796 6020
2902 4890
4816 6254
5721 10639
7323 11291
21 10215
258 6373
1679 2906
2839 4711
4993 3100
5338 7562
5730 6536
1047 12041
3103 4044
3646 4744
5139 6943
5356 7594
6598 11759
75 4924
1767 544
2325 1296
2648 3621
2742 4586
3029 4351
3682 10254
4959 7871
5131 8192
1323 6767
2913 5297
3120 5295
4227 5811
4313 4734
4552 6595
5571 7984
5855 8429
6846 12041
8120 11317
2416 12609
2618 3522
2911 4334
3509 4524
4992 9120
7611 9579
7862 8846
911 2411
2773 4055
3090 3594
3582 3869
4413 9072
4704 11945
4925 4027
6796 12334
2455 4993
3981 4918
4510 5958
4653 5962
24 236
187 5055
696 352
2374 3292
2598 4296
3113 4796
4478 5844
5350 7560
7798 7441
7806 10639
284 10352
1360 554
3088 4262
3895 4832
5020 9946
5696 6242
474 9034
972 8382
2329 11825
2460 5476
3440 4448
4121 4232
4798 10352
5039 10035
7538 603
7892 11489
30 3913
551 10041
952 10165
4904 6554
5346 7473
6537 11977
6950 2376
513 11259
1257 372
1505 983
2912 5297
3903 4964
8013 9689
73 4924
921 2950
924 6181
1725 11776
2730 3669
3194 4747
4135 3499
6707 12608
7224 6906
278 9087
1584 12090
4532 4915
4870 12052
5336 7405
5348 7527
1241 12218
3276 4331
3962 4568
4595 9652
4981 9825
5072 5678
5676 4870
6103 8786
7203 13147
7515 11464
483 8516
1394 7436
4563 3978
4652 5891
6560 888
6954 13069
7359 4339
1256 344
1258 373
2879 13251
4760 6227
6942 5365
7061 8000
2203 3988
2434 10324
3435 5630
3650 3951
3742 3610
3915 3650
5235 7350
6402 12621
7546 5356
361 744
1477 10106
1752 6128
3102 3536
4600 3851
4955 2475
119 9860
537 13132
683 11975
695 8012
2077 1313
4852 3571
7008 708
7282 12454
502 10587
646 9140
1386 11819
1812 744
2386 3220
3159 4220
3668 12340
4804 5363
4834 6117
5579 7983
7645 9575
3853 4100
4545 5958
5657 8086
6333 2884
6974 12062
729 7575
809 1695
1097 228
2307 4091
4817 6381
5615 8086
5833 9555
6466 13130
6728 8672
2636 3702
2691 4379
2886 3888
3620 556
4064 4777
4204 4823
4395 5722
4496 5102
4922 5090
230 9088
1660 5807
1703 1212
4464 5145
4745 5184
5313 7565
1145 9072
1213 4308
1573 12034
2255 11967
5597 5012
7756 7669
1468 6125
3700 4743
5718 12060
7477 9394
1277 8285
2654 10403
2892 4586
3577 4333
3833 4664
4158 5105
5328 7405
5329 7405
6981 9474
7163 11929
238 6641
338 6418
2445 3289
2522 3805
2881 11746
4103 4279
4248 6015
5682 8194
5808 4369
363 6641
606 10106
2898 3922
4209 12287
511 8544
694 9098
1144 10041
1443 418
1453 12924
1514 1039
3353 4571
4332 835
5504 5709
5817 8430
7350 9257
7827 10054
234 7812
1684 1057
3779 3734
6998 6432
2288 11430
5795 3050
5943 574
6037 3080
6124 11882
7354 7216
931 4503
1197 3107
2758 8924
3267 6297
3436 5703
5230 7438
7083 10971
7244 12237
7677 856
165 3772
1102 12376
1189 347
2444 4810
3272 3689
3340 4754
3354 5703
5074 3980
5264 7474
244 10442
279 10041
1128 339
2446 3289
3482 160
4680 5446
4871 13149
7154 6641
104 6268
1149 11665
1383 5365
1545 1037
1865 12624
3776 4487
4635 6491
5585 7978
1600 2884
2593 4754
2619 4677
2695 3546
2803 12509
2880 11218
3878 3734
4134 6401
4362 5565
4951 6033
23 10635
820 9346
1251 800
1308 571
1548 1054
1709 12336
3017 8034
3838 3734
5354 704
5699 8059
7811 10058
196 7468
2683 3841
4779 5184
5445 11956
3643 4930
7776 13086
1537 10313
4657 5844
4768 11540
206 12146
492 6961
4276 6641
7284 9876
7432 12098
1564 12488
2960 4264
3510 5720
385 8243
541 6401
1775 4308
2441 5270
3502 3487
4156 5572
6807 9291
1095 83
5277 7343
5766 9945
478 9708
758 797
2375 3430
2737 3802
3261 4706
3549 2842
405 3529
1704 1213
2200 812
5709 5994
1081 13224
2596 5515
2789 4849
5218 7350
5308 7405
5618 3722
5711 6284
350 3172
426 7542
2195 2326
3201 5295
3914 3869
7039 8381
66 12669
101 4702
2093 9966
2257 12075
2272 10234
5294 7473
5584 8090
5862 12188
6594 7929
29 3734
427 10143
472 9708
1513 11707
2061 442
2453 4590
2706 5028
4648 5361
6035 6999
6431 7170
6733 9173
6853 2943
1005 49
1253 11464
1295 9140
3262 7527
3401 10142
3686 3654
3740 3734
3874 3734
4888 10663
6384 9034
7216 8804
7330 7493
7817 10639
746 12130
804 12076
2226 2466
2315 2937
2471 4810
3100 3882
3512 4735
4253 6373
5326 7405
5577 7765
874 11383
1021 10165
1072 1187
1523 6664
2158 8944
2492 4176
2509 4590
4008 10084
4776 5102
5112 5577
7763 8009
7847 9558
213 8940
267 9618
1393 693
2340 4425
2369 8000
2462 9619
3486 13109
3519 4406
4219 5404
5013 6176
8014 10701
547 6432
3121 5706
6472 6429
7873 10282
392 9098
1250 3377
1265 4096
6780 7824
137 10084
145 7303
429 607
1053 52
3921 3734
5286 7474
5349 7594
1290 574
1333 605
1701 2884
3862 4556
5653 4185
8110 5955
343 12469
3865 11995
4598 10644
5272 7438
1348 12461
1575 7337
1920 9692
2689 3802
3007 3650
3835 12053
5285 7343
5712 6284
2749 3747
4270 4958
174 10126
319 6019
1533 7520
2652 4629
5249 7345
6558 11902
7785 9990
7901 10923
8 5644
51 3650
176 8349
1445 12721
2373 3232
2411 11610
2579 4260
2617 3594
3489 4813
313 9519
817 9218
1284 11882
2515 4854
2597 5388
3410 3306
7153 11750
7417 7405
463 6555
1665 1317
2625 4590
2884 3886
3179 3959
5258 5308
5316 7473
949 11734
1131 9345
2334 4277
3581 3913
3834 4249
4773 13118
5315 7565
5563 7913
8156 11441
1873 1410
4877 12173
5574 7771
2827 4260
3176 3575
3728 9943
3956 3734
5454 7836
5842 11494
218 8251
1957 8653
2424 5477
2586 5265
2660 5967
4805 5184
5694 6202
1051 73
1225 1187
1464 12509
3918 3651
3969 4318
4795 12664
4927 11705
6706 11259
7594 9558
7722 9811
7950 10962
961 9098
3256 12670
5625 7302
7102 12870
621 343
1673 2894
4246 5615
6210 8486
661 10403
1117 310
1557 12175
3249 3627
4249 4727
5838 888
7512 7216
307 12233
775 4134
1061 57
1338 215
4742 5722
5299 7405
1861 1613
2261 7912
2897 4218
3824 11665
5555 7913
5601 8087
5762 8319
223 3132
346 7239
2966 4085
4509 5931
4629 7675
5403 7696
6758 7247
7128 9708
7635 10017
8015 10743
8022 5966
710 11713
1378 566
2621 4540
2668 4351
5836 12351
7288 11653
504 5951
521 8571
958 12178
1992 9218
3031 3706
5044 12012
5535 2795
519 12338
922 5743
1580 7067
1915 1962
2802 12070
3913 4333
5227 7410
390 9881
2658 11836
2686 12670
3055 5297
3618 5947
4161 6564
4841 11776
4855 1271
5052 5642
7344 9235
157 6768
705 352
2634 4582
3024 4943
3193 3785
5069 11717
5595 12100
16 6519
644 9440
668 12729
940 803
1103 11926
1744 11860
2117 797
2564 4497
3085 3456
3781 3734
4701 1135
4737 11451
5700 8486
163 12112
699 9752
936 9346
1202 11893
1320 8731
1776 1576
2123 8787
2781 10850
3266 12509
5687 5483
5870 9887
6237 8865
1729 465
2508 3805
2830 4758
4963 6773
7358 10233
7627 9554
810 9034
1325 8240
2845 3789
3155 2927
3197 4930
6058 11692
6525 7197
227 11541
351 9708
3500 3881
4869 5947
5289 7307
6961 8281
7969 10712
8087 10860
25 12669
124 5720
178 6813
509 9261
538 11259
1540 7614
2060 431
3260 3702
3513 7303
4675 5905
5371 7647
5514 12112
7856 8846
790 11642
1602 0
2519 4898
3980 4688
4674 6491
605 10034
630 6664
1027 10106
2290 4095
2506 3672
3277 4571
4715 5233
5319 10359
7665 11845
7779 12059
219 6491
401 8449
604 6401
1640 8959
1737 4266
1824 1599
4739 4682
5619 7978
8084 8250
26 12657
198 12876
323 5894
1107 272
2489 5177
2632 12670
2685 3882
5546 6469
727 4607
1038 11369
1760 744
2417 3057
4538 6259
4717 5144
5273 7410
5327 7405
5381 12132
7822 10030
2436 2478
2844 5028
3020 11237
4084 4730
4903 9943
5636 6093
7535 9904
8038 4705
300 1303
2900 3512
3694 3650
5068 4544
5453 7790
5858 1338
7046 13166
85 5583
2078 11586
2820 12639
2893 4456
3576 3788
5209 7344
6662 12797
7317 9107
7843 7721
240 8610
653 10042
1148 638
1852 6913
3271 4527
7243 12237
1177 2411
1976 366
2569 4760
2848 2797
3836 7303
4046 4470
4520 6410
4978 6040
5056 12510
5814 2327
6179 10294
138 5309
352 5709
1099 10165
1441 12971
1793 1570
1882 248
4197 5572
7009 9748
1488 12319
1571 8944
2630 4582
4561 5515
5142 7131
5268 12589
17 11664
858 11675
1672 704
2160 418
4523 11665
5692 101
6032 2894
7445 8005
642 10803
1985 5307
2626 3666
3048 4886
3091 4263
3812 5283
5255 5147
35 5704
349 12259
862 13147
2919 5384
3337 4582
4547 5958
6438 2760
7025 9752
7246 11804
295 4058
1294 8052
1340 624
1634 12829
2367 1090
4325 6260
5498 11868
6877 1557
288 6641
825 8903
4895 5781
180 5435
839 704
1264 12106
1536 4188
2178 9423
2309 618
2554 4180
3883 4402
4154 6105
5809 4510
5851 12351
5911 119
6198 12232
6922 10230
679 2492
1606 1257
1642 7467
2971 4257
3196 5022
4319 4683
6994 10041
7996 10683
8035 10758
18 10215
737 12481
1184 2925
1829 11537
2149 768
2389 4424
3778 4747
4630 5515
6254 6261
50 4702
108 5734
259 744
889 5146
2224 6639
2765 4459
2901 4209
5118 8192
5523 1966
5884 8457
7257 6796
1906 2178
5207 4477
7998 10687
200 12188
359 7787
2056 13166
4141 4146
5362 11776
5799 8287
722 2411
1510 10352
1597 11767
1650 6438
3247 5135
3769 5577
4792 6517
4987 6429
5022 5395
7007 11467
15 11665
688 12782
2628 5033
3149 9819
7140 8628
7285 9046
67 4249
402 12881
2366 4902
3110 4748
6762 6695
628 3383
5458 11956
5835 6838
243 11813
1274 6181
1697 357
4975 8541
7765 7245
7837 10176
115 7523
118 12103
1106 238
1238 501
1507 704
2642 3389
3590 4406
3699 4107
4302 5722
5786 6375
6241 11634
6876 11645
7127 6906
7845 10213
204 6308
297 8214
641 984
2527 3425
3117 3868
3357 3650
3493 4813
3681 4582
5368 7496
6531 13108
786 3851
1372 590
1631 3193
1712 10107
1714 849
2532 4260
3731 5371
5532 7830
7937 9384
1157 9098
2701 4755
3319 2396
3437 9962
3683 4940
4902 12370
6036 6487
1260 668
3771 5899
4584 5958
850 8136
2319 11723
2684 4582
2951 4052
5090 4766
5637 8106
6661 9243
7531 9492
2584 5263
7113 12143
7192 8101
857 6203
2542 5082
5864 4271
6627 9414
6916 11412
6986 8231
7510 9452
7836 10175
2876 8540
3046 5384
4017 8421
5465 7693
5505 8824
5888 7437
1376 574
1527 9290
2748 3835
2817 3928
3026 3592
3070 4619
3098 3841
5467 7836
5722 8163
6473 12463
39 9888
479 877
2744 12670
2955 4900
3345 4333
4526 5709
4596 2753
4627 7523
4865 5043
7491 10357
1880 1576
2216 3769
2472 3289
2732 4301
2894 4174
4203 11412
4920 3469
5076 8188
5167 12336
6120 7120
6518 6094
1472 12971
1876 972
2640 4298
3825 4487
5113 7068
5633 6815
132 4321
536 12089
656 704
1205 6695
1815 2759
2676 4457
2767 4048
2772 3756
2895 4218
3066 5663
3095 3587
3481 4546
4828 5962
5461 6222
6854 9268
523 7951
542 2950
2935 8995
7797 8188
377 10296
1639 11535
1802 693
1834 432
2592 4582
3158 3522
3268 6270
5295 12111
5412 9351
7095 833
7200 8799
7575 9483
7959 8024
3503 4487
6060 8737
7780 9954
4 12175
421 6742
532 11029
708 9876
1746 11569
2545 4537
3336 4539
3573 3789
4803 5144
7324 6420
20 11665
195 8439
271 3642
443 13223
967 8287
1089 6797
1872 1841
7774 10606
8136 10054
1006 5743
1463 3118
1558 756
2693 4043
3741 3734
4931 8961
539 811
1108 304
1261 1100
1324 1161
1487 591
1879 10672
3250 4901
4562 6478
4802 4955
4956 12202
4988 241
5077 11429
5102 7831
6892 13134
63 5704
1617 1204
2779 5429
3064 5418
5009 5308
5290 7497
7218 11791
7913 10635
995 12996
1127 13210
1656 12115
1777 11569
2132 11659
2299 2262
2352 12463
2536 4582
3558 4764
4861 5361
6574 6940
38 5704
978 6838
1515 698
2824 3889
3118 4075
6143 9079
164 9928
673 12062
1262 6664
2119 6913
4027 4199
5459 7768
6342 12167
7632 3774
609 7370
634 11267
772 2570
782 9634
3957 7303
6530 11146
7447 547
1087 7279
3065 5541
3515 4930
4133 5106
5168 12206
5846 8381
7877 8063
496 4023
1019 11815
1593 11819
2335 1206
2821 11764
3876 3734
4815 5967
6182 7382
7430 10145
7853 11676
1447 6740
1848 13086
2324 4267
2588 4175
4822 5044
5367 7496
6011 3036
7303 7827
7783 5434
8098 10657
2277 8608
4192 5494
5918 9665
6054 2760
7784 9989
7786 9991
74 4066
435 8889
2468 747
2589 11306
3200 4977
3520 3650
4120 13135
8009 6853
1109 11375
1388 3297
2209 12314
3245 3035
3488 4764
4272 4860
5826 12317
156 12331
658 11977
707 6698
2192 11926
2454 5430
2556 4592
2787 4494
4878 5055
5958 9135
6345 831
411 10125
801 10994
837 11540
876 2884
1124 5495
2245 3270
2376 3597
2450 4221
2736 3587
2890 4126
3359 5703
3511 4204
4527 3434
4942 4556
5342 7496
5536 6357
5673 6418
7960 9818
8085 10861
121 6268
540 4023
1201 6556
1519 5910
2494 4262
2552 3275
2952 3711
1093 88
4990 879
5093 12326
5291 12724
5405 7643
7851 10112
197 12499
199 1547
840 2884
2271 11245
2387 5512
3630 3389
5389 7441
388 7017
1492 10569
2523 3522
2849 5544
3434 8995
5566 4815
6027 11820
7502 12837
1452 10041
1795 7400
1994 2567
2358 11930
3160 4590
3255 3448
3438 4787
4159 1499
6310 11145
1090 8397
1126 12067
1630 12466
1765 272
2474 3428
2606 156
3184 3788
5300 7527
7452 3651
177 4248
403 8131
623 9287
819 8611
2278 3349
2697 4044
5860 11824
6038 8612
7713 10516
7747 11807
1610 6075
1862 1627
2199 8651
2785 4454
4801 5102
5669 11315
2390 3598
4650 5962
5121 11364
8072 10596
8127 10823
414 12433
671 10000
2284 4268
4767 22
5148 8240
8032 10739
449 6641
993 1187
2153 2484
2948 2863
4207 6374
5572 7913
7558 8730
8093 3045
143 12452
2264 8608
3356 3650
7652 12488
12 13127
1118 8036
2591 4415
2968 3802
4153 12729
5437 6330
5493 11852
7262 174
1516 404
2297 3528
2710 247
4687 5844
6019 12408
6152 8594
6259 12148
209 12410
1432 12832
1936 12488
3257 3486
3344 4333
3919 3651
5279 6371
6679 8590
635 7787
1113 12823
1296 1636
1644 1060
2651 4453
5668 9982
6227 8892
7121 4472
7360 3748
7939 769
114 8970
1693 6438
2878 8010
2920 4484
3837 3651
5335 7405
6121 8164
1407 6581
3032 3456
3766 5372
3818 7483
3995 3734
5610 11554
5987 11587
6336 11433
6432 7325
7334 12834
7579 12527
7694 10483
8091 11871
1943 556
2076 10122
2680 12670
2883 3885
3416 4900
5278 7475
908 1356
2612 4457
2811 4134
2959 3805
7296 12470
849 7034
2432 8876
3339 3802
3617 5763
4575 2850
4777 4914
5791 12398
6940 10443
432 8473
1408 750
1863 1682
2004 11687
2478 5390
2833 3666
2949 3670
3119 5418
3672 6883
4015 12195
4731 8170
4821 4955
211 12814
599 12051
2687 3702
3068 5418
3322 12836
4229 3851
7829 7114
7988 10705
69 6296
1078 4208
1578 11580
3952 11148
5060 12013
5260 7407
7593 10271
212 1249
2421 12639
2435 840
2877 5178
4085 3296
4567 4274
5495 11957
5803 129
7190 9897
418 12367
1731 11804
2401 3527
5390 5823
6373 11442
431 7275
480 12271
493 10165
905 9346
1023 10298
2645 4119
6623 608
128 5459
751 7586
3784 5631
4868 12202
6705 8807
8089 10861
61 5630
78 12629
1845 12043
2031 9769
2735 3969
2875 4182
3587 4524
3689 10861
3839 3651
5492 8029
5737 11477
7146 3716
97 12669
2440 4352
2633 3666
4521 4258
5701 2795
5745 8319
5837 12379
7357 7325
7644 10374
110 5734
193 11145
937 5373
4486 6641
5372 7648
5800 8363
598 745
847 7335
2443 3289
2738 3552
4385 5193
4634 2713
5172 11971
5815 5783
6988 11785
379 1109
2771 3424
7761 5956
298 4967
1409 751
2524 4499
2696 5211
2837 4382
3097 4382
3729 5578
5029 5396
5307 11665
5727 10178
6820 7949
535 1880
5304 7527
5556 9108
5735 10639
7293 9048
1116 1367
1781 1586
2170 2520
2350 4291
2675 4420
3628 5033
4820 10272
7630 9614
8090 11473
13 3294
368 11414
464 144
489 1589
564 12110
1574 845
1674 786
1916 140
4780 6250
4843 5144
5086 12788
5656 11315
5776 4995
6 1067
6046 8710
82 4408
1612 7954
2547 4895
4639 9966
4668 5560
5018 12128
5021 11756
5648 6237
7840 2126
1529 8352
2563 4220
2568 3627
3565 3666
4245 5938
5038 5734
5064 9377
7277 8948
7942 9510
1437 616
2458 3289
2488 4179
2543 4218
2574 5082
3008 12100
3623 4298
5089 5239
5583 6697
6815 7629
1312 7834
1491 13022
1643 12832
1831 2987
1974 12279
2322 12111
2812 7475
2954 3424
3172 11108
3327 10706
5101 6631
5553 7854
5945 6589
116 11611
3001 5022
3174 3702
3629 4456
4838 12722
5596 7913
189 4147
205 6884
892 2009
935 642
2580 4085
3248 6307
5586 3768
5881 6418
5939 8513
7468 9571
7801 10032
2836 4494
5274 7407
5816 8458
7875 5905
233 2884
1111 7035
2426 6225
2768 4049
3675 6017
4375 6401
4684 6027
4808 5043
6412 10509
7179 4005
7364 9209
1112 6072
1385 9187
1888 11553
2481 4762
3183 4748
4140 3940
4184 12204
4522 6977
5187 11399
7513 9886
8153 603
1525 10042
2611 4421
3105 8028
3335 4582
4378 11902
5705 6502
1448 9622
2337 11882
3685 3545
3863 4146
5361 215
6609 9458
6836 9331
7211 12422
834 5810
1352 552
1733 2986
2425 3974
2608 4133
2769 3423
3517 3785
948 12638
1243 767
4446 5931
5661 2950
7552 11719
713 10122
2285 9316
4947 11872
5100 11717
353 11005
1075 8525
2259 11346
2400 3658
4762 7308
166 7608
1400 9040
1780 12458
2356 3144
3499 4582
5034 10739
5270 7440
5824 12131
945 7404
1159 353
2177 2682
2480 4496
3034 11135
183 5272
1024 10103
1208 12105
1403 752
4735 4952
4813 6058
5096 4774
1173 327
1718 11355
4451 6796
5031 6747
6299 9044
6909 7787
6952 8282
460 7868
814 4369
1210 9087
1500 12245
2694 3836
2834 4045
150 10183
855 3277
1552 969
1756 5499
2514 4813
2700 10254
2816 3806
3877 3651
4954 3566
5391 7695
5916 8424
7726 7370
304 4134
747 572
1227 10923
2562 3755
3827 9927
5301 7405
5620 11315
7188 6373
7755 153
2194 2541
2388 3674
2762 3046
5802 12379
7202 8674
7577 6186
72 8275
87 4919
2349 6617
3164 3629
5981 6878
6739 4190
7994 13066
1549 11882
1705 11924
4633 5052
4962 11314
4989 12128
5033 11957
5122 5716
6597 10974
6977 11908
122 11661
1304 498
1787 3157
2485 5136
2809 12017
3030 3490
4172 5691
4210 7471
6532 7516
2225 11157
2938 3650
3730 5620
5529 13231
6457 9178
207 8160
1473 732
1818 1690
2639 3552
3040 4454
3418 3588
6873 8312
7184 10227
8047 12177
70 5852
957 10041
2320 1125
2439 4591
3568 4341
3916 5468
4171 5106
4179 11398
7821 10030
172 12103
1174 5860
1792 1421
2402 3292
2874 4134
3338 3553
5071 1118
5109 11244
5780 2800
32 1778
76 12662
1717 7909
4860 5100
5456 7790
111 4066
791 796
7746 10643
8094 10568
1907 1790
2273 5476
4212 13051
4213 12968
5953 8913
8128 7479
1868 9579
1875 10378
2422 5305
2956 4220
3615 4470
3684 4581
4173 12628
4568 6240
6823 10778
274 744
682 3045
2976 4581
3946 5451
5271 7276
5857 12174
5922 8456
7803 10079
57 3822
1123 12589
1440 11580
2330 6901
2969 4124
3774 6004
6875 348
7993 559
48 12669
2587 11544
2641 4456
2823 5218
3049 4887
5497 8824
191 13078
676 12173
1013 3414
2629 4539
5318 4651
5886 3412
6207 8230
6878 7749
1351 8804
2495 3884
5825 1491
7044 8444
7527 12876
8036 10758
996 9316
1707 11509
2746 3802
3563 5389
168 13131
529 5951
2354 11860
2950 4049
2970 4256
3994 4570
4365 5606
5388 9433
7741 9870
7874 10283
7919 300
8117 8353
64 9888
485 5644
798 2884
1009 6383
1799 11836
4618 5958
5414 7643
5996 10831
6572 10123
7380 9974
203 11107
1814 8485
3770 5794
4819 11414
5967 6606
6808 8026
6869 10831
88 12308
1091 462
1817 11262
2013 50
2032 10403
2179 5435
2211 3978
3920 4407
5638 5941
7788 3768
272 6487
276 9581
375 8364
1317 129
2957 3522
4982 9825
6065 2795
6818 7657
99 10216
2553 11224
2572 3925
4733 10412
5229 7438
6924 6431
822 6716
2418 1152
175 4395
714 401
2887 3889
5895 12521
7107 8161
1495 12789
1572 11993
1993 7092
2431 5553
2703 10639
3409 8859
6802 6073
7096 11882
2256 6003
3157 4052
4560 3411
5621 3838
1826 1734
1956 2177
2289 157
2899 4491
5006 12128
6782 11882
6856 8221
7001 9095
27 9888
154 12918
1896 11473
4508 5962
4950 4388
7223 8910
7377 1534
8082 10818
340 6555
1894 9560
2491 8451
2518 3706
3867 5694
643 12720
2347 3234
2479 5085
2774 4500
4935 3034
5075 11717
1 6156
37 9888
1493 834
2283 10037
2743 4494
2873 12608
3355 3651
5149 9241
5447 5971
7479 12782
7576 9514
8081 9139
1266 1187
1470 412
3171 4417
3979 12683
6596 5884
6972 9964
7773 3636
785 11540
1168 150
3004 5339
4206 4023
5387 7695
5670 12476
6672 10026
1004 5600
3039 4495
6149 7024
6606 11476
7520 11730
329 12157
843 7091
1607 1291
2622 4418
3490 4459
3772 5946
4333 10227
5635 6684
6932 11296
7721 6497
184 11661
619 12147
768 1546
875 704
1121 13173
2725 3592
2756 4706
5019 80
6113 10283
6891 1634
231 11917
306 12277
1534 1123
6047 6473
458 9000
1137 6493
1489 12174
2447 5430
2815 3926
6957 11377
8043 11006
8063 4738
8140 6304
1318 12918
1368 567
3978 4232
4705 7495
4984 6117
689 11901
831 5915
1917 11780
2718 4946
4995 6228
5651 10639
6772 3074
7605 10980
1065 11563
1138 1349
5588 11529
6548 7195
328 12683
1139 338
3411 3368
5848 8430
7581 9959
7609 9511
7748 9825
508 13250
1084 2465
1134 5089
2467 3275
2534 5389
2644 4454
3027 4499
3496 11519
5446 1966
7423 9303
8008 7571
8069 2026
255 119
2217 4559
5955 6487
704 8012
1100 12410
1595 609
4654 5962
5594 7747
5659 10920
1497 665
1498 865
1885 631
1975 6338
2006 4394
2306 3220
5485 8847
6686 11587
759 638
1398 12097
2751 4491
2786 3486
3162 4497
3173 4085
4736 6491
4926 5500
5041 13026
6732 9330
129 12308
133 6573
1272 499
1420 6796
2790 4451
2975 4338
4706 6622
5094 10139
6716 2126
6766 2411
7890 4091
182 4363
780 202
1169 161
1283 6360
1345 5549
2065 13209
3358 5253
4263 6202
5360 7438
879 8906
1066 10751
1554 8841
2466 1777
2822 3974
4858 9662
5146 940
5234 7495
5798 5225
6070 9563
979 12169
1713 1193
2070 8826
2122 2814
2546 5346
2745 3969
2826 4457
6239 12028
6478 622
6825 9330
7517 8892
7550 5090
7628 5563
68 6335
373 10213
1237 6388
2408 12070
7413 11852
91 12308
652 8797
900 704
5723 11625
1136 210
1188 11610
1355 351
3333 4672
5695 6616
6837 9332
7405 12091
7614 10292
7735 10874
136 8724
1426 3148
2507 3424
3677 13026
7679 9687
7974 7204
9 4550
3317 10989
5208 7438
5420 3412
7267 11713
188 761
202 5136
2609 4223
4122 4188
4305 4388
4848 5043
5417 7722
5828 8085
6140 6755
596 5187
1045 741
1699 9218
1901 487
2828 4297
3491 5270
3739 3651
4311 12024
6650 6769
552 11494
629 11162
980 6057
2270 13161
2741 3665
4670 4510
7335 4606
755 4775
864 1058
1761 7555
2263 7421
2292 1570
2355 9840
2896 4217
3252 4497
7055 8330
52 9888
53 3729
1187 226
1570 7335
2236 12370
2254 3211
6995 5751
7162 7375
2525 3301
3165 4351
4254 10538
5430 3368
7861 10309
733 695
965 6393
2198 6277
2537 4713
5603 6140
6721 4029
28 3648
371 9708
882 2864
990 10410
1263 10966
2321 3144
4616 5958
5188 8312
7207 8602
92 5060
469 3211
998 12122
2511 4811
3028 4854
3864 4279
5570 11735
6055 5569
7442 9275
929 5695
1670 10956
1904 1102
4796 7979
5199 8612
5385 7622
6162 11598
7429 4604
7565 10714
43 5631
588 10229
612 2411
1269 313
1335 6343
1429 6664
1730 1403
1783 12245
2778 12639
2784 4126
2885 4459
4411 4023
6379 3218
7209 5730
7601 10658
951 5743
1740 11200
1839 2260
1849 12344
3944 4098
6608 10282
7610 9596
1373 382
1768 877
1895 2031
2186 3610
2438 4418
5124 7068
5774 8224
5850 8396
6335 3239
6435 7427
2064 5906
4631 2753
5210 3859
7454 8605
7650 10015
46 4408
1499 926
4449 6977
4583 5962
5181 12053
6501 9569
1042 12002
1068 6519
2557 4633
3328 4943
4983 12441
6756 9516
6851 9348
520 12034
7381 6421
151 6081
332 13252
2205 2552
2963 4045
4432 1342
6615 11820
6664 11619
7045 8446
7897 3294
1105 11451
1935 1362
2127 10430
2130 2486
2269 10677
6021 11714
7425 10828
8103 11560
1008 1058
1649 8065
3821 3640
4700 10358
6164 10089
6190 6931
6269 7853
7530 9436
102 2662
1076 11905
2296 3220
2637 3801
3567 3447
4765 11593
6125 803
451 6230
1199 398
1249 196
1414 12938
3869 744
897 2411
1820 788
2476 4014
5810 4391
7298 3457
7832 1119
7977 11488
8088 10862
1120 726
1180 11903
1281 581
1479 5308
2529 5348
3037 3970
3498 4261
3780 3734
5005 6408
5517 7833
406 8312
765 6913
1071 12199
1292 9772
3086 3456
4698 6433
5036 583
5805 10156
702 10106
742 12089
4275 7515
6042 9413
8099 7978
1728 1621
6687 9877
7239 8837
7319 9149
8102 7498
106 4828
1770 10385
2238 4279
3912 5095
4525 1178
6741 10248
8010 9596
8106 10801
1026 7615
1183 725
1518 9222
1932 5955
6709 1589
7112 11782
7674 8337
7830 11615
41 3642
430 9514
1059 11705
1086 8851
1305 10283
1588 1258
1667 7875
2650 4629
5240 7347
7195 12724
394 5899
1766 11569
3167 3553
902 5322
1014 12028
1342 12208
2502 10909
5538 11025
6114 6985
7899 7431
400 11803
1275 5364
2433 11061
2953 4346
3323 3289
3326 4497
4771 3035
4969 12202
5007 11194
5466 7836
6512 7583
7261 5937
7725 9289
247 3652
384 8306
743 9178
1356 7896
2348 9881
7006 6927
7399 13040
1044 1427
3870 1399
5859 6474
7222 8719
146 3988
894 104
1082 399
1147 381
1226 831
1773 3211
2265 8251
6020 5503
7152 8234
8138 3300
666 8364
833 12690
1215 1873
1803 4545
2477 3888
3163 9303
4979 11179
5983 6566
6062 6685
7596 11294
369 39
711 6657
2602 228
5252 7307
5297 7565
8146 1153
495 11436
1164 12609
2357 6421
2448 3291
4369 5098
4933 6148
4980 6640
6334 12830
245 12405
1170 232
1396 10041
4347 5979
4702 13244
7258 3529
7397 6640
7555 6435
8134 10410
161 12452
1268 9753
1433 10966
1624 7035
1734 966
2267 2823
2716 9596
6290 10831
6526 3849
11 12785
80 4408
167 3931
1482 0
2323 11661
2713 12157
3093 4900
3361 3651
3902 5923
7367 6124
7675 4176
1037 6842
1058 12542
2449 3301
4994 197
5376 7681
6248 8372
7151 8586
7260 9227
7736 10433
417 13118
939 2282
1094 94
1255 486
1358 492
2664 4854
3166 11878
3412 4049
3561 4823
5511 12067
5834 3783
6322 10248
155 2347
1080 11399
1486 12065
1635 6613
1790 1693
2258 819
2571 4459
3586 4829
3621 3039
5010 5926
5026 4495
5966 9175
3175 3965
242 10299
398 3642
1603 886
2980 4488
3025 3926
4279 2487
4896 5558
4937 4597
6185 9368
7471 13081
1762 9410
3035 4085
3782 6064
5557 5801
5679 11425
6568 11521
7139 12725
7625 9540
7719 10282
8080 8726
762 4965
898 2884
1410 11923
3419 3665
3773 9705
4752 5844
5468 7835
6481 8484
6860 7802
453 872
500 7686
4967 7437
5872 11743
6391 3640
6872 10716
7024 6830
7941 9825
98 12629
562 12066
1286 256
4679 497
4998 8709
5658 4431
7731 13185
651 11411
1591 465
1910 5107
2196 8430
5997 6544
6842 10790
142 2903
665 6494
1052 47
1851 5862
2825 4013
4304 11674
7469 5899
7686 334
7701 9684
918 767
1056 138
1866 1921
2161 11609
2533 6337
2733 4345
6655 11587
36 4702
201 11107
764 12558
1688 10415
3405 86
5899 6487
6226 9931
6240 9650
289 5143
1615 5484
1911 11495
2184 12366
2227 3346
2409 3144
2667 3628
3408 5305
5729 6501
6003 609
6579 7223
6722 12671
7226 9982
863 4536
1402 661
2250 2628
2305 3144
2590 3969
3325 3319
4671 6442
6798 7866
6958 8919
6966 11929
7954 10665
56 5629
805 11858
2470 4946
2734 11108
4073 5500
5375 7679
5703 4450
5994 10443
6541 10874
2157 6609
2493 4303
2720 4177
2750 4043
3589 4406
4421 5493
5111 7440
5243 7347
6937 8372
7662 1281
7695 7761
55 12308
282 10746
1182 5968
2311 9967
2520 4634
2715 9393
3783 5703
6866 5819
7168 8919
8129 10838
2505 4543
2679 3840
3331 4262
6200 6176
1392 600
1508 11788
1542 6032
1823 1479
2483 4944
2688 11108
4309 8475
6151 9242
6827 11654
550 1750
1330 10180
1506 7857
1903 5230
2363 877
2752 5031
6318 1193
7322 9188
7984 10705
8023 7809
1039 13054
2646 5364
3021 496
4721 5962
5558 9099
6353 11443
7606 6280
192 12510
265 5856
409 7253
1743 1573
1867 12160
2103 11700
4060 6243
5012 7379
8019 6078
286 8730
616 9695
2770 3424
2829 4126
2967 4382
3624 4416
4748 5962
6024 9650
7028 11960
7035 9679
7125 8472
7241 8769
7315 2513
296 5501
1151 3293
1190 750
1791 13166
2882 3884
3156 4459
5639 816
6567 11801
827 13154
1551 5004
2317 10838
2344 13100
3560 4901
5473 11885
7172 8292
7266 4965
2233 5302
2965 7865
4818 6401
134 13094
441 5528
1073 125
1176 10988
3625 3842
4119 5947
6165 7057
42 12662
735 4477
793 12023
1088 2853
1496 1349
2501 3309
3585 9751
4766 10981
826 4064
960 5
1035 7673
1206 374
1680 6485
4412 1572
5080 4332
5448 6092
7014 6381
7097 12060
8011 770
1387 11902
1444 747
2251 12608
2326 2829
6017 6860
7307 9108
1562 1688
1807 3035
2577 11108
2808 3046
3559 3301
5880 7766
127 4563
2391 12955
2558 3924
6263 8916
938 580
1460 2950
1950 1956
4168 5404
5185 2766
5750 9413
5965 10648
6229 7113
7485 3023
7819 13209
285 11882
1596 8611
2268 8223
2570 4719
5383 7621
5767 6377
7038 4015
7255 8856
7672 6701
8124 12571
446 11966
989 12261
2415 3033
2682 5346
4734 7097
4761 4279
45 4156
1844 4430
2711 11553
3151 12976
3679 4537
5878 2736
6168 7184
6529 10678
6843 9865
7991 12076
1207 12404
457 514
1750 1594
1921 12658
6008 11318
6127 608
7138 12155
7532 9519
65 12620
1319 13131
2496 4345
4255 4296
7294 9029
8046 11022
947 6973
2516 3557
3691 3869
5733 8292
745 12897
985 737
1367 317
1439 858
1611 7984
5251 7492
5406 5193
5823 2580
6053 5604
486 9034
815 3002
1135 1215
1681 3533
2295 6443
2717 3231
6452 11618
7770 2154
34 1778
158 10685
1160 10165
1938 4568
2451 3456
3553 3274
5339 7498
6533 7580
6888 2069
6953 9753
7451 12230
7782 13018
636 5817
789 10886
1937 9074
2345 2734
2627 12642
2870 8026
6082 9877
6154 142
6324 604
6362 9174
6430 8063
123 9413
1273 9746
7194 9861
7441 9223
3908 3405
5292 5157
7339 1430
7648 1554
7673 7421
7828 8358
14 11738
1539 3039
1690 3965
2197 2612
2246 1186
5103 6965
5443 7790
956 9713
2583 5301
4072 5577
5352 12658
5778 11229
6228 8248
6270 9650
90 9796
96 5769
337 2427
799 8446
1772 12194
2293 10786
2517 4897
3258 12670
4334 2065
4732 10359
6009 7138
7275 1931
525 2607
1971 11394
5882 8360
7849 6080
131 4878
1096 4446
1856 1695
3680 13211
5749 1527
5755 12717
135 10705
576 1291
2484 11314
5547 13223
7105 8303
208 838
1085 11852
1297 2685
2551 10844
2712 11878
4889 5043
5267 12101
5402 7644
7056 5300
7795 8023
7883 10262
7968 10690
1808 1547
5992 9497
241 1564
1613 7372
2081 13127
2241 3747
2561 7349
3555 3289
6130 9877
6393 8634
6881 10829
7649 9617
1181 217
2029 6107
2603 6731
2888 4457
3259 4989
4968 4510
5386 7645
6049 4296
6371 7430
7236 9932
7291 9042
3 8818
1119 6572
1555 1185
6447 8982
7490 6458
112 12427
1413 683
1754 8437
3562 4758
4448 3529
5984 11542
1636 7913
2129 8715
6088 4207
6148 3669
6209 2875
6651 6357
6944 11213
7336 3749
7944 8939
103 1186
625 5268
773 10431
868 13140
1007 709
1140 6746
2578 4851
3420 3802
4856 6621
5091 4818
6191 9069
7171 6220
7376 2816
7865 10267
253 4953
896 1576
1214 10569
2394 12175
5986 9310
832 7349
2624 3630
5484 7855
5928 11194
6368 9051
6566 11542
7712 11478
152 4134
1905 1493
2175 7179
3082 5053
5600 8438
6283 9263
7037 12894
7597 11692
7886 3978
787 450
4025 10925
5747 11948
7529 9861
303 12202
632 13064
865 5821
1017 3533
1062 10519
3403 10244
6392 6968
8086 10104
491 10056
872 5989
941 1682
1605 13127
1732 961
2159 12015
2206 3907
2544 5234
4136 3023
5178 10993
5481 7835
5590 6537
8039 11609
530 5151
3566 12642
4422 5193
5027 10037
5134 5178
5320 8362
6284 7234
7199 10509
7554 9486
7990 10157
8105 10750
1247 13073
1627 1013
1629 6127
4307 9596
6329 2864
6482 6277
6744 4704
95 12669
662 3051
991 5212
2181 3789
3641 8309
10 10073
60 7474
796 11579
2722 4179
5395 669
5647 7239
6102 609
614 11202
1279 515
2150 4947
5985 6434
6479 6778
6775 7659
7503 9052
1458 734
2155 2536
3334 12730
4677 3893
5785 5697
7982 10686
8070 11101
372 8728
712 6298
5763 6542
6659 11619
6740 6245
7592 1768
7964 10663
226 8133
252 1750
776 9274
2958 3804
4845 5184
5179 5295
5897 6683
6085 2883
6399 5744
7276 8340
7346 11480
7844 10196
7931 9510
763 6941
1719 6513
2237 2630
7868 9877
1069 97
7793 8665
8119 11141
2108 7161
5083 5430
7042 8386
1012 105
1162 11092
3417 5345
5382 7620
5410 7770
6784 813
6863 11296
7316 12023
7971 1467
575 13221
962 7983
1314 2904
1461 6000
1601 13230
2674 3763
3494 5270
3631 4258
4794 2836
5050 12872
5863 8396
5964 11695
6013 1691
280 10981
7002 7457
7587 3854
7618 5884
0 7091
794 6520
1129 330
1309 6406
2766 4017
3150 10053
5057 4731
7963 10684
2 6811
1379 12948
3099 5346
5182 6399
6645 8508
7144 2708
7574 3883
549 6487
5028 12287
5065 11705
5177 4472
5479 7721
6028 9936
6369 9625
7248 8836
7524 8768
7562 2030
1236 13109
1838 3337
2413 11198
5892 10374
6064 8457
6642 5202
7134 8408
7457 1901
7933 1217
1092 4269
1609 6424
1689 5949
2071 7968
2731 4222
5617 7980
6683 9725
7281 8844
7825 10745
1221 11253
1259 450
3170 4713
5081 3312
5478 12377
5853 6773
6414 11743
6556 7737
6641 11601
7311 9556
8141 6561
2214 180
2332 3979
3038 3802
5411 6315
7280 8971
7866 7315
1046 12740
2535 3487
4277 2065
6607 9032
6844 7822
7374 10227
7683 10831
1390 550
1421 9744
2183 3142
4789 8454
6001 10972
7333 11571
7692 10305
986 10217
1161 8286
5891 11840
6765 6815
7560 7916
7622 11951
8062 12414
812 816
895 3720
1289 11519
1347 467
1582 244
1952 2087
2526 4677
7724 121
7888 10432
732 4437
777 3040
1401 621
2235 5324
2582 4582
2635 11108
3695 2348
6962 12425
7657 9522
829 8903
1031 11444
1948 10748
2364 10934
2504 3292
5616 7980
6315 9625
7478 8919
7607 9465
2020 13064
2147 6571
2623 4587
5457 12875
7003 10867
774 5095
841 2417
1016 5795
2407 1122
3022 4812
6902 8491
6992 1462
7332 10252
7484 7975
7740 12235
7802 10033
7869 2903
162 1759
1366 491
3081 7934
5631 8058
5726 8224
6095 9138
6446 8891
6484 8961
7018 10941
7156 11692
7379 11656
7563 10387
7578 12115
7590 3328
781 12008
1382 8299
1869 10537
2041 11949
2219 4160
3556 5305
7237 11615
251 10860
433 11748
4257 10217
5683 12762
7213 8489
7250 11820
7749 412
852 13069
1599 675
1933 7323
2318 3039
2461 11177
4949 8062
5455 7276
6075 12502
6971 10511
7487 8464
7678 12143
7975 5043
1698 5398
4638 2670
4770 3761
4923 8389
5627 7979
6211 6315
6378 11345
6777 9045
6845 7823
7077 10438
7170 5145
507 13205
726 9814
756 4188
1658 39
2102 1621
3765 5371
5369 2624
5628 6567
5781 9483
6317 13212
6850 11619
6987 10293
7099 2750
1186 2866
1245 7850
1794 12098
1987 7302
2074 9399
5831 6156
5990 10376
6089 469
6291 10244
7682 9411
943 4577
1419 3194
1546 1038
2223 380
5936 1469
6276 7365
6380 8917
6577 9794
6586 7611
6738 11488
8130 10857
283 5999
1522 1147
2690 4171
3254 4382
6076 10906
6078 7034
7375 11478
7651 12558
31 4510
100 1777
648 11383
808 8265
5792 11399
6602 11743
7791 10648
8071 12237
1248 542
1902 991
2260 7293
2657 5901
4673 7981
5359 12132
6718 9204
7005 9478
7235 12253
194 12647
2469 4223
3094 4010
5752 6535
816 10415
1583 12056
2361 10334
5768 2774
7723 10292
531 9000
650 1405
881 1314
1064 32
1925 6073
2889 3924
2891 9886
3096 4126
3414 4497
5510 12570
6400 10516
7489 12525
677 4722
1825 8187
2681 4716
3413 4498
5680 2153
5819 3822
7081 11752
7088 9265
592 4869
663 720
2452 5135
6416 303
7186 9411
7764 1668
459 7034
1451 11649
2144 10441
5923 8683
6424 8057
6811 11619
7080 10575
7232 3812
7894 7883
8107 9241
1001 4209
1300 332
1651 231
2282 3758
4372 3529
5211 5819
5253 12508
6559 12608
748 10161
4312 10657
5663 1164
5769 6533
5960 7375
6051 258
6426 7633
7043 8416
7062 733
753 12610
1494 364
2437 5087
7839 5976
71 4155
366 13142
2531 5266
3104 4118
5632 3768
6408 9625
6417 1733
6693 11542
6717 1170
494 12874
992 914
1220 11905
1889 642
2030 380
2487 5137
2831 11108
3497 4126
6419 8604
6936 11793
6949 8219
566 2805
701 7401
2248 4021
5717 8164
5999 7776
7979 8377
767 10430
5035 11956
5494 1119
5982 7160
6298 10552
6427 7074
6947 7994
275 10055
1405 8887
4582 10447
7312 12537
7903 8292
311 12008
981 5553
2643 4582
3161 12565
4180 1424
4703 6136
6066 12566
6867 7178
919 9310
1830 2570
6826 11618
7060 745
7661 6536
7831 12126
613 1440
1687 11904
3518 10017
3907 9961
3954 3757
4564 12507
6654 11579
6676 6536
7857 7294
8028 10742
7263 4
7462 8429
7663 8565
836 13134
3627 5346
5058 4544
7981 12305
81 5846
1587 11283
2287 3261
5384 7648
7424 9318
7569 10292
2581 3705
5011 7276
6701 4725
7556 9517
7586 981
1622 12503
1655 12881
2530 4823
4594 641
4738 9660
5206 1198
6018 6566
6184 4914
7196 11317
7240 2230
7584 6264
1380 272
2252 2738
3324 3394
5875 12865
5906 8514
6638 5954
6904 9002
7132 12742
7624 9507
7810 5823
1399 7101
2232 6148
3415 3456
4123 5603
5165 10216
5435 11331
5940 10184
6271 11587
7106 3713
7744 6864
1150 271
1172 10787
2007 2369
5613 11308
6356 11614
6682 10863
7085 9670
7617 2464
1033 7003
1620 2659
1779 8584
2096 11538
6363 7966
7638 12948
7778 8025
600 11779
1143 263
1321 1654
5554 11363
6685 10778
6747 9369
7561 10897
966 9773
1287 8915
1384 11923
2143 5935
2313 6058
2482 4179
4601 4273
5702 6303
6128 11619
6422 10248
6505 6335
7131 1932
7155 349
86 12453
657 1514
854 12861
1198 11805
2678 11108
3814 12725
4252 2504
5413 7643
6118 8942
6221 6896
7313 10386
7918 10396
2631 5346
5844 1170
6839 991
7789 12878
7800 10008
1913 1800
5839 6202
93 6258
1480 9557
1778 654
2498 3557
5889 8454
5970 5312
6163 10936
6730 11730
7858 10190
8048 11024
6059 9325
6326 8656
6570 10534
6684 10572
6770 4620
7953 4026
465 1186
498 13205
750 9906
1234 12591
1550 9494
5321 12989
5867 12137
6908 7318
7321 2987
878 4213
880 3417
1217 12065
1411 10260
1691 122
5949 10552
5962 8228
6081 10832
6275 8174
7174 9329
7308 9215
7754 10065
7852 12194
113 12172
1836 951
1947 2615
5650 21
7189 12503
7486 12045
7753 9920
7757 9686
8045 6175
408 12241
3169 3666
5374 4808
6067 10249
6167 9138
6316 11714
7292 6277
7564 9413
7854 1500
824 6097
916 5452
1167 7915
1900 6811
1912 7586
5023 13143
6348 11743
6493 2708
7707 11929
1010 8112
5059 6661
7691 9513
1404 439
5599 9841
6309 10101
6702 2442
7251 11266
7826 10051
5098 10157
5351 7648
6303 8766
6545 11088
7273 4203
7893 1883
8037 5361
54 4563
2704 10031
4074 859
5614 3768
6297 4219
6723 12161
8108 3144
109 4066
923 1358
1893 12351
2463 10391
2819 5216
5045 12606
5180 5416
6511 10192
7310 10052
7464 10702
7626 10996
1720 3208
1835 12195
6030 586
6174 609
7167 8521
7286 7279
608 11678
1813 1873
1989 13227
5893 1931
6428 7486
6494 8801
6855 6777
7314 12094
7685 10355
79 4188
1067 13027
2475 9506
2540 5033
4373 12742
5912 11038
6387 6002
6755 9197
7052 10117
7660 508
1025 11882
1982 4246
5404 5988
5942 2554
6626 9174
6668 11617
6774 8878
526 9581
926 10120
1329 515
1659 5570
4053 5690
5037 924
5935 13081
6292 8023
6603 12852
6835 9779
6923 8185
1996 7784
2242 8222
3092 9126
4016 4869
6048 9877
6793 10959
7169 13075
7599 10829
477 7125
1751 11116
2063 10253
2539 3802
2647 4755
5995 10115
7419 10304
309 9558
2100 11553
3273 3651
5429 10192
5930 6829
6135 10831
6364 3054
6557 7578
7426 9320
7767 9917
7863 7188
7935 8489
800 8585
1306 8996
1530 6799
1619 2566
1811 1822
2339 786
3554 3274
5743 4860
7872 5495
2189 6285
3332 11451
5147 12270
5822 11036
5871 8454
7602 12435
4230 8101
6328 7262
6941 7178
7440 12025
664 8932
1556 1196
1782 12212
1955 12660
2404 10528
2410 11061
5564 5759
7015 10658
7287 10516
7812 230
684 517
851 11932
1326 12647
2465 12525
3906 4685
5441 7171
6247 7177
7345 10889
7720 10552
7879 7643
7952 10466
1011 11694
5254 10962
6456 5884
6719 10443
6993 7432
7703 7761
190 3529
1293 8561
1724 7340
2499 5767
2576 6820
4793 8831
4996 8720
6087 9625
6691 7095
7231 10052
8020 10995
728 8643
859 11448
1104 11852
1218 1709
1616 11747
1653 12126
5866 12609
6575 7203
6711 11953
6849 12135
6931 5001
821 5821
1224 6940
2814 3925
5049 5091
5971 11312
6411 7362
870 9457
6372 10897
7119 7612
7616 8663
5166 3602
6145 9598
6286 12881
7259 7186
7348 12562
7400 10244
171 12982
582 2607
715 1557
1816 12132
5438 7770
6289 10511
6887 9109
7516 11423
697 11474
2043 8243
2174 6846
4335 7854
5883 12367
6040 12182
6208 12705
6321 4385
7629 9598
8021 10242
2740 3881
5024 2676
5902 8862
6946 7960
7378 1534
7543 188
7985 13016
2240 12338
2275 2709
2429 7666
2565 4497
3626 4583
5423 7982
6320 9527
6538 8916
6611 305
6768 272
7640 7901
1204 7917
1914 2198
2121 1942
2212 9074
2813 80
5025 3374
5170 595
6039 11061
6236 3415
6358 3206
6361 7807
6365 1251
6637 11984
6914 6069
7572 87
533 9654
2872 12894
6499 10959
6731 11619
7654 3883
7689 5184
1211 6935
1748 12668
1847 8240
2677 3666
4952 10746
5573 1326
6074 10855
6080 8221
7147 11107
7173 10886
7704 12823
481 12040
1083 9277
1239 6436
1909 6999
3570 4118
5439 1712
6352 4026
7760 10925
1576 9053
1715 2825
2294 9241
4191 5757
5565 7337
5989 2946
7320 7832
7384 565
7710 10658
7955 9708
445 6223
1244 5560
2605 13044
3168 4382
5399 10685
6410 12006
7456 6794
830 13241
1125 12660
1462 558
2152 2244
6465 7488
1288 6039
2528 3453
5879 595
5919 11587
6025 10483
6041 9505
6175 10184
6351 10897
6381 8961
6551 10685
7290 9665
5993 5470
6071 11625
7098 10305
8097 81
987 10217
1299 6527
1805 4551
2176 2666
2604 9716
6246 13232
7506 8262
1209 11930
1223 422
2341 739
5046 11320
5133 5714
5415 7677
6193 5306
6264 9914
6413 3196
6632 8279
7022 8149
7206 7663
7669 13201
1589 8306
2430 1649
4833 3225
5704 10389
6618 11521
6629 10959
6929 9735
7086 11264
7667 5884
7916 10169
1020 58
1219 8683
1465 9769
1881 12189
2180 2646
2964 5132
5926 12766
5980 6175
6817 12742
6969 7586
725 10182
757 10106
6450 10972
6459 6177
7299 8624
7422 9302
7900 2536
438 308
556 6487
845 119
1535 5695
2503 7325
5380 7620
5873 3535
6117 10402
6539 10649
602 278
912 12292
1918 11537
2702 3964
5503 12098
6704 1462
7815 6387
761 8887
1677 4412
2187 7318
6169 9174
6660 10959
169 7347
2782 10743
3495 8012
5901 4909
6068 7227
7210 9113
7659 12002
499 12286
1354 688
1454 3930
3407 11141
5394 7724
5629 770
5903 468
5905 7845
6141 7749
6178 8864
6214 10593
6576 11617
7341 11796
7658 11123
1336 10746
1457 4903
1801 12844
1929 3533
2091 4951
3421 13219
7521 11421
7670 11383
887 13173
1041 53
1908 3558
6504 7837
6824 11080
7063 1093
7361 4581
7643 13146
450 13147
5952 8664
6262 9665
7017 8569
7187 11200
7343 10600
7887 10281
581 11279
2222 6796
6960 8754
7615 12262
7864 10225
8005 2566
723 1757
1671 5307
5184 11126
6243 3436
6540 3813
8059 4018
153 6009
1282 872
6166 6708
6771 9033
7166 11649
7183 1931
7449 1426
7792 10649
7882 3092
1418 2098
1586 6068
2000 11101
2033 2185
4048 983
4699 7542
6370 9340
7504 7014
8113 10635
487 6191
1666 13034
1784 8990
1934 6277
2025 1979
4636 4148
5422 1458
7161 6227
7542 1440
8060 1155
607 11882
5496 9939
6077 8919
6268 10346
6429 10851
6506 9414
6833 7973
7871 9665
5480 10691
5948 11800
6056 7399
7548 10947
964 12024
5070 11140
5436 4543
6063 9795
6230 6810
6912 9652
7745 11846
1723 9509
1774 7358
2419 6109
3485 12538
5062 6910
5793 5388
7030 6943
7270 8897
7340 9147
7450 411
7600 5923
7926 9527
159 11853
594 3964
873 2896
1637 837
5358 11368
7027 1755
891 4303
1222 2188
1374 12985
4672 2716
5095 11745
6105 6665
7777 588
3244 1913
5421 6689
5909 1899
5924 434
6005 10987
6052 9281
6388 6969
6714 5065
7356 10645
7885 10279
2005 1104
2384 12566
6144 8844
6595 11751
7509 3414
1678 9181
2549 10377
4965 146
6696 2024
7940 11187
994 11815
1271 11965
2124 10317
5373 7678
6091 10484
6306 3357
6390 7079
6394 1907
6633 7689
6828 10831
170 13135
622 8363
2723 4346
4566 12931
6398 9810
7653 7236
7855 8973
83 6313
1840 5946
7159 9281
7205 8208
7693 5951
7881 8687
1738 10979
6474 10128
7604 3513
7842 7811
7867 12633
8061 11079
1175 12261
3564 3422
5092 8643
5431 9669
5894 3432
5961 11040
6098 6954
6106 12723
6161 8371
6295 9845
6948 8216
7019 2821
7711 6879
792 7197
3033 3367
4450 4143
5921 9885
6951 6540
7363 8175
647 750
1517 11704
6097 7152
6748 9522
7000 11085
7362 9118
8142 9138
1195 6868
1842 3229
2164 9902
2274 4130
2835 4045
5401 10453
6549 289
7365 7463
1427 354
2118 8705
6433 12344
7639 11655
1871 10501
6061 7768
6100 6988
7488 10294
7528 4418
1079 8507
1804 4952
2215 3040
5645 12745
5885 9556
6204 852
6678 12911
6928 10873
8066 1818
144 11639
1350 10602
2213 105
4932 11074
6258 1238
6955 9667
7089 5894
7453 436
1063 11329
1657 567
4370 6337
4887 1843
5043 12621
5598 13003
7730 11040
1676 5056
6245 6980
6544 10832
6616 11619
6982 9936
7185 8578
7947 6984
779 8710
909 8690
1036 488
1614 12844
2243 9227
6773 6756
6830 9051
345 6519
1146 70
4087 2553
5716 9284
5865 7383
5959 9975
6332 7825
6939 11654
7718 9721
7848 8327
2207 7658
5432 5950
5444 13208
6203 10294
490 13205
932 1388
1185 8575
2067 13224
6157 1901
6812 11060
7401 3141
7621 6905
147 12325
1098 3972
1179 5808
2027 13061
2104 8400
2228 2740
5664 490
5900 9421
5976 12120
6694 9115
8118 3106
2019 7345
2308 11639
2406 2981
2428 6841
4238 4604
6012 9282
1040 132
1270 11664
6735 5381
6862 10858
6965 9703
7539 9832
744 8526
778 9989
4490 11276
5847 4026
6119 7119
6220 12304
6792 8804
7115 4949
1022 6814
1961 6944
5047 4119
6218 6849
6509 8483
6703 9316
6956 12400
7715 12512
7841 6792
7884 10263
534 136
5665 12217
6197 7149
7004 3452
2397 4269
4374 11877
4918 508
5604 6417
5777 9882
6401 12503
6990 12693
7702 9685
7808 9844
724 3434
802 10732
1142 10795
1442 525
1735 8475
2048 10985
5927 8454
6146 9521
6325 1266
6331 10287
6625 4742
7229 8836
7253 11176
7668 4915
264 4881
6216 9841
6930 8919
7398 4022
907 6265
1810 2888
1991 11539
2044 1185
2945 9913
5562 5879
6092 9249
6508 60
6746 8861
7198 2549
44 4188
595 8871
627 12735
983 11231
1618 1240
1822 7805
2040 12633
3484 5587
5392 11292
5973 7618
6547 10444
6973 11245
7108 6883
7473 10677
7526 770
7771 10041
8109 11303
631 2374
928 8834
1328 4707
3813 7139
4758 6177
5135 5686
5950 10713
6176 10534
6349 10648
6619 9408
6742 7231
7687 10721
721 9726
2783 12821
4961 372
5931 11911
6395 7595
7191 9032
7230 8772
7540 6980
2136 7159
2396 5926
6160 9103
6724 3117
7197 10478
7272 9748
7585 10445
7850 8876
8122 7203
1029 27
2486 4179
6044 1237
6330 1038
6421 11617
6480 3847
7013 7901
7396 6940
3406 11155
4964 6665
6250 9768
6296 11443
6720 10959
6926 12512
784 173
2302 2737
2714 3276
4280 2464
6034 8619
6918 7613
8068 10459
33 6199
818 11344
7306 8138
7505 11617
7623 6570
7671 5476
8148 6512
3320 3125
4599 6440
5813 3021
7508 11062
7641 8683
59 4975
475 12811
890 9929
2068 9188
2089 11700
5407 4316
6524 7558
7049 8974
783 5846
807 5822
4278 9989
527 11798
797 11642
888 1956
5032 5219
6274 8826
7889 7195
803 2966
811 2578
1623 7400
1837 3792
4678 10985
6272 8444
6294 11521
6300 484
6461 11734
1949 4784
5904 7696
6099 2036
6883 7634
7970 4407
1633 997
2017 11802
2098 672
3622 12948
5972 12430
6183 6777
6620 4680
6906 5600
7069 8208
7420 8306
813 6216
954 9158
2239 10707
6341 9625
1930 1354
2229 3230
5684 8241
6138 854
6213 1291
2088 11133
2163 4379
6360 8867
6925 5230
7300 5835
1365 2919
4214 6907
5440 8467
5827 8306
6004 10389
7443 13220
953 1344
1156 10118
2383 2807
4857 117
6155 6902
6460 8302
7902 2532
316 1514
674 1365
6841 7837
7247 8835
7455 7203
7493 3971
8017 2767
1828 527
6688 12451
6764 10959
7541 11025
1152 12214
2280 4222
5161 8757
6652 7138
6859 8656
239 198
639 2365
1154 9025
5944 6570
6115 10713
6212 5001
7149 10876
7612 7034
1070 4955
1246 2832
6219 10012
6510 3756
6667 10310
7656 10857
7823 11557
4308 0
6669 6953
6743 770
6895 2551
1559 4226
5812 9441
6425 231
6788 9174
6791 9398
7051 10892
2253 9766
3253 10707
3318 2704
3404 1810
5829 10958
5896 4600
5946 608
6819 13019
7114 10960
1346 9400
2062 6463
2381 8638
6643 7203
6997 7742
7775 9719
2099 2799
7898 9576
577 9866
5856 8686
5979 6612
7104 6893
769 1078
933 8923
2116 7051
2249 6859
6205 9282
7142 11151
7647 11785
1567 761
6285 3367
6546 9730
7917 4845
380 1200
1327 8119
1654 3089
1727 8849
4142 1768
6278 1054
6805 8897
6879 3167
8114 3489
8137 1391
5 1277
528 9758
6131 10936
1359 9514
1553 8652
5937 9613
6477 7099
6858 8327
516 6487
6101 5928
7177 9606
7465 11601
7571 9001
8050 4042
877 8695
997 1215
2046 11451
5914 11883
5998 10719
6436 7939
7130 4679
468 1349
1310 6301
5408 4187
6026 10015
6624 10270
6710 2580
7120 1204
7135 4295
7221 8718
7305 3534
1543 2037
6634 7715
6919 8324
7743 6338
2058 2101
5409 7724
6016 9665
6354 7082
6423 9730
6453 10588
6569 9174
557 2906
988 11954
1055 5476
1887 5007
2726 3592
4837 1843
6057 7399
7437 2654
7467 5954
7636 8343
5400 5054
6409 7940
6809 11645
917 10378
1301 10266
5353 3240
6458 770
7053 12521
7814 10713
754 272
2368 7972
7700 1699
1769 4755
1962 2176
2066 7042
5830 6513
6700 6856
7252 7131
7470 10662
1316 459
1860 12502
2804 6227
4835 2433
6045 490
6090 6725
6159 11209
7699 2711
601 10579
853 12133
3083 7452
4917 11692
6385 1941
6631 6204
6769 3847
563 10171
1977 3362
2550 1195
6033 7715
6513 12098
7373 12160
7411 10498
1229 12088
2575 3389
4488 1768
5416 7712
6600 7254
77 7643
1646 572
1878 5189
6187 6820
6677 7121
842 4049
1966 11155
5232 911
7066 967
7476 8512
423 7294
1254 853
1422 6068
6610 6709
6761 7571
49 11811
1585 6112
1702 11176
2045 6451
2538 4758
6171 1460
7603 7596
8135 8019
1739 2452
2173 7067
2382 1405
5907 11264
6757 10925
7302 11405
7957 12651
2049 4784
5067 11140
7228 12730
7727 12558
835 5672
1043 3263
2094 6989
6462 5032
7816 10716
2869 9591
2057 8626
6527 9183
6671 553
6898 1529
6181 7425
6302 8800
6690 10438
47 8992
1446 2906
1652 1135
2052 7340
2128 10118
2171 11628
2601 5182
6222 6898
6249 10858
6273 10873
7158 3025
7318 9130
497 11069
645 12016
1003 11641
1484 8606
4163 11954
4258 9989
4901 7796
5082 10139
6093 8765
6111 10508
975 2884
1391 588
1662 1275
2760 2910
5820 7441
6069 8797
6217 7921
6900 9964
2036 7383
3080 12841
6233 149
6695 10275
1252 5372
1979 6685
5977 6484
6134 8755
6136 10511
6158 385
6507 1883
6776 9074
7295 3981
7570 12538
1377 428
2134 11239
2167 7033
2810 12212
4885 11457
6396 5939
8007 1043
1788 2476
1819 1561
3676 1282
5929 10606
5933 6487
6084 9479
6587 10324
6870 12831
7067 3047
7495 3265
2016 7025
2109 10236
6072 118
6500 5626
7934 9482
1560 10365
1745 634
2026 1038
2218 9935
4306 9990
7011 9877
7973 8046
1353 676
2139 3852
8115 1973
1193 1214
6079 10959
6726 3258
6886 1571
7065 5863
7071 8273
7129 10064
7181 11337
950 5664
1242 196
1890 813
5854 8396
5951 8570
1028 807
1843 11578
2047 3292
6029 9093
7394 12801
7684 5140
999 10696
1483 5888
3678 3802
6281 6570
7608 4680
428 1392
1110 11759
1832 4145
2185 2285
5934 1298
1841 4212
4905 12696
6571 5595
325 8840
2600 12414
6653 9093
7148 7486
7762 9919
444 7272
1592 1076
1923 10925
2162 2505
434 7920
1922 11194
2002 10419
6959 8634
7034 10937
7444 7776
7972 10995
828 659
6277 7365
8057 8550
8058 1790
317 9734
1233 10453
2316 193
6301 380
6736 9877
6890 11752
1721 12788
1786 818
1919 3028
5915 8423
6350 8942
969 3540
1568 3813
2166 142
6006 6053
6943 8774
7219 7888
7620 5604
8049 6485
959 8643
1165 8092
6503 8484
7511 9438
3243 7597
4160 1174
5377 13045
5868 8428
5947 8480
6734 9174
7523 10356
8064 8989
6871 8627
6889 10765
7383 9322
3019 2040
5890 11743
6199 9683
6689 11023
6725 6739
6868 1251
6913 9232
58 3253
6628 1082
6984 9249
6989 9936
7351 9281
615 3323
1939 5695
5991 7735
6150 2249
6279 10356
6397 2772
6495 914
856 2947
1833 8149
6617 3896
6905 6084
7758 5815
626 11901
1763 4677
5099 11140
6244 10251
6810 7995
7390 310
703 12846
2169 9298
2300 1574
8044 6551
249 13028
686 8506
846 2087
1695 9315
1941 7260
2097 8799
2244 11514
2301 6875
5917 9624
5988 8154
6749 11473
8051 10517
6225 7225
1449 8520
1503 908
5910 10550
6816 2085
7033 10248
7676 7142
1455 4996
6665 10831
6789 10084
7036 9179
1000 9695
1928 12756
1990 2178
2072 8725
6304 11521
6305 2220
6415 6570
7214 11186
2008 4778
2101 11911
2111 358
6156 336
6522 12627
7518 11785
7759 10218
6107 1462
6231 9275
5472 12545
5887 11044
6109 1834
6673 3511
6901 11714
2154 3785
6137 10468
7182 1625
1864 7077
2191 8170
6389 3688
6640 7429
7118 6944
1375 12168
2414 6978
7264 12138
7349 3962
7642 10128
1645 1300
2607 3846
6663 11546
6831 9665
1931 2085
5055 508
6502 10973
6829 9069
1668 7145
2230 4676
5608 4148
5874 3372
7547 10888
7714 7419
1954 2124
5849 8084
6043 6874
6476 9704
6698 1812
7932 6783
687 11952
1471 7206
2086 8105
6319 7899
6903 13110
7057 2230
7421 10857
1569 2427
2034 6912
5841 9748
6188 378
6622 11617
7020 617
7573 10473
2080 6279
6242 12294
6604 2452
6970 7586
7634 8416
2038 6510
5154 11379
6014 8513
6492 12512
7619 12786
1706 11004
262 11410
1436 7699
6280 5619
1685 10570
6464 1722
6605 10613
6670 9199
1806 7080
1927 6081
2156 1335
6630 11108
7278 2947
503 13058
1532 6166
6196 9215
6327 13221
7215 7432
2763 3047
6073 9521
6814 8057
7412 10960
5804 1370
7117 11584
7256 8857
6434 7584
6804 6783
6880 9025
7582 7425
1771 4453
1999 3934
7958 3484
1115 13058
1334 304
6656 9414
749 8747
1412 4861
3552 3274
6170 9313
6822 7322
7525 9285
7696 6783
7697 2134
7706 10065
7891 12651
5845 11594
1524 11137
5877 8921
7238 6902
1946 773
4874 7605
7418 8444
2148 189
5840 8114
6201 8765
6857 9414
1981 1789
2168 4023
5379 714
6050 3392
6692 1954
6760 8990
6899 11079
1341 10988
2055 1536
94 10946
2085 12344
4769 7715
6794 4017
7068 8175
7289 10167
7768 11150
1696 2386
7492 11617
8055 6984
741 1846
4181 10668
5956 2196
6192 6932
6621 10516
7568 3604
2151 6250
6927 11692
7655 8104
2010 3099
5759 8225
6778 8923
7143 7809
806 7798
5418 13220
5821 198
5941 13050
7337 12933
1531 12873
5908 9911
7220 2074
7794 9374
1632 8416
5968 3270
6023 7026
2137 673
6323 10248
6790 9174
2113 4003
7338 13028
7475 10115
7522 8699
8056 10562
5378 12172
7242 6950
1736 10678
2208 8218
7054 6497
1747 7834
1951 1883
2087 6874
2165 10057
3402 7912
7705 8745
6096 9281
1853 9246
6813 6509
2114 4164
5751 2277
6180 111
6253 9757
6894 9702
7717 8599
942 5203
1926 2756
2079 8072
5869 6444
6112 9726
6195 8704
6712 11601
6754 12392
7549 11730
1298 6942
1502 7896
2021 2812
6116 10713
6186 6802
6265 6426
6759 9136
7087 10996
2018 12520
6382 396
7070 7443
7818 4174
1967 4734
2075 4417
6449 3104
6715 9369
6983 10614
7809 8346
1647 11725
1722 8648
2069 67
6938 7663
571 7002
1381 12841
399 5770
7032 545
1030 85
2146 5800
2304 9695
7474 11838
7880 7149
1598 8907
1716 10974
1984 10051
2138 10123
6015 3013
1859 6833
5483 11196
5974 9951
6251 10405
7567 11618
823 3082
1538 11487
2110 10541
7064 11695
2011 12416
160 2658
1694 3149
7646 9613
6799 7281
1032 9631
2140 11454
5938 4304
7391 10251
5427 6528
6129 9779
6639 7603
2015 8585
5975 9364
6933 8126
7598 7960
7895 11542
2023 3243
2105 6279
5087 11558
6031 4789
6455 13000
357 8921
1435 3229
1798 2423
6083 9174
6223 7032
976 4222
760 13179
6882 9368
1200 6032
6234 3424
7050 11909
920 3410
1002 4709
6094 10688
7116 6753
1980 7724
2142 4876
5920 8390
6885 8206
7160 12388
1711 12869
2378 4543
3992 8857
5428 6227
7414 11368
393 833
6142 12852
6787 1467
1968 8579
6355 8057
1785 6451
6463 8267
6985 10959
7304 11319
977 10493
4886 12974
6874 8617
8116 945
3483 8056
7876 6806
6022 9877
7084 8660
7583 5950
1983 3459
6153 7770
6367 10283
7021 2861
6601 11039
7949 1333
2106 5101
2328 7796
7012 6879
1132 11651
3550 9770
706 10753
1870 5515
2286 947
6454 8660
7178 7878
3487 6467
6252 6627
1280 6159
6483 8655
5426 11871
5469 8001
6000 11479
1874 10901
6282 11051
2336 1702
3321 10262
6418 11681
1749 770
1940 2650
2095 1082
6173 6487
6713 9111
6745 1970
1877 3268
2037 2820
2112 6144
7551 1235
6206 11656
6386 9389
1512 6291
1858 11522
6086 11318
2656 9577
6139 6958
6451 9522
7566 9886
1686 2039
1960 9601
6657 11618
2053 12333
2059 12026
2135 1627
5954 6780
6980 9475
1153 12207
2133 7427
2051 979
1898 11281
6215 12768
6697 7736
6658 10292
795 10514
6475 8765
2172 7010
2871 8934
2009 1154
3820 9112
6920 7967
2073 8062
2944 6754
3816 9333
5978 9029
6189 10837
1978 8511
7439 10839
1303 3005
6991 12849
6498 1294
1430 2550
7936 9307
6147 9368
7133 11808
680 11952
2131 57
2145 10033
2599 2902
7274 6986
2115 3220
7466 626
7519 1833
4114 2732
6359 2426
2126 10694
6861 6986
1563 9984
1855 11391
1953 10611
7878 1922
1565 12815
5746 11762
6126 1738
6840 12565
2035 1556
7951 13177
1924 11195
1963 10708
1504 954
3822 3553
5419 8772
7807 3125
7948 10310
4377 3320
7395 4137
4376 6565
5963 3021
1166 2595
6580 11293
2028 2688
6550 9340
7103 6854
6366 6175
2125 4475
5925 7605
1726 1341
7271 9197
4228 9900
1371 2444
6383 4992
2022 1459
2024 8737
2054 12667
7157 11730
5393 6515
6194 1949
1423 6725
1964 2114
3953 8531
1742 3041
1973 1409
955 2295
2084 5291
6666 9465
6795 2189
1789 1250
1998 3356
6007 6825
6917 5370
6104 11840
1965 5850
6420 3622
2204 1528
1988 1299
6224 6936
6578 7023
2039 3270
7637 8069
1997 1808
4875 12337
7023 9545
2001 2647
6110 8476
1797 4613
6232 9974
1753 8090
1944 1263
6945 9759
2379 10051
6108 9834
2082 1275
2107 10795
1972 7813
1970 128
1478 505
1628 9
1434 12544
1757 6394
2083 11101
6699 10675
1945 70
1883 2380
1969 8215
1755 8377
