img07c1.jpg img11c2.jpg
5166 2118
3885 1465
5178 2162
3409 1017
3450 1017
3428 1017
5449 2256
4640 1870
2830 719
3377 1018
5625 1847
2908 719
2894 719
2927 719
3426 1017
2836 800
3447 1017
2688 630
3850 1472
3268 1091
5789 1947
2368 682
3339 1050
2810 601
3820 1917
3855 1403
2895 719
3543 1328
5143 2121
2855 1006
2300 643
3519 1333
3881 1398
2884 780
2295 619
3375 1017
2263 619
2431 578
4611 1847
4564 1533
2180 630
2429 578
5144 2121
2508 585
184 2342
2449 578
3853 742
3942 1470
5152 2121
3883 1866
3571 1135
2400 623
2837 920
4233 1135
2399 609
4954 2356
2872 808
5179 2162
3329 1245
3345 1091
3569 1604
3424 949
4195 2080
2740 577
5207 2162
2297 619
2375 609
2907 808
3840 1916
2499 631
2289 619
4580 1771
2893 719
3299 1050
2171 578
2269 662
3927 1866
2850 749
5198 1135
2246 630
2396 682
2414 794
3333 1017
3620 1966
2383 592
3854 914
3722 1966
3256 874
3845 1402
3331 1245
3824 1411
3843 2335
2950 687
4183 2151
2905 780
3430 1017
2873 719
2512 631
2854 730
5206 2107
313 1847
2275 619
2386 584
2906 780
4558 1727
5164 2116
2285 630
3300 1063
2934 687
3849 1872
5520 1786
833 769
2267 653
2741 577
378 841
2925 671
5153 2121
3392 1091
3871 1455
3381 1245
2362 773
2876 719
2881 780
2932 688
6339 991
2500 623
3882 1398
3119 1186
5031 2080
2378 711
3817 1866
3116 1011
2835 719
2844 920
702 195
3711 1951
3580 1300
5125 2457
2657 577
2875 719
3071 1125
4694 1447
2831 808
5665 2341
5534 1861
2359 619
3698 2364
2172 609
2254 619
2390 742
3844 1403
2291 619
2401 625
2690 653
2845 750
5488 1966
2504 608
2920 779
3818 1916
6217 2107
741 615
2869 779
2283 630
2458 577
2367 609
2501 586
2503 773
3802 1361
3405 1050
4371 1533
5201 2080
2542 600
2921 779
4774 1515
2609 1459
2874 719
2909 719
4598 1791
26 2097
2251 823
2849 750
2886 939
2871 828
6445 445
5457 1872
4478 2087
2277 578
5606 1418
3809 2335
2408 586
2424 622
4660 1847
5921 1804
2550 631
3944 1455
3065 1125
3302 1091
3810 1394
2262 653
2861 749
3827 1411
2276 653
2510 631
2578 653
2590 619
2933 687
2949 687
5065 1670
2370 631
5154 2163
3350 1091
3740 1771
3867 1402
2363 624
3682 1533
4450 1665
2833 719
4683 1472
2923 780
3150 900
4397 144
2284 875
2286 643
2847 750
2997 865
5232 2136
3539 2108
3912 1813
5574 2356
5142 2121
5519 1641
530 615
4538 1861
2376 586
2260 643
2377 1916
4206 1604
3072 1125
2398 623
6342 1333
2922 779
2395 600
2677 624
4880 2324
2185 578
3726 2073
4617 1847
5127 2121
2384 592
2580 653
2643 622
2865 780
3247 900
3765 1351
2273 619
2372 631
3886 1423
2862 1006
2584 653
3037 1125
4215 2136
5441 2400
5147 2149
3637 1727
4255 1597
4690 1866
2447 577
2498 742
2502 666
3943 1448
5222 2278
2834 719
4016 2087
2897 881
2924 779
2867 801
2701 619
3692 704
5565 1966
2460 567
3316 1842
6051 1771
4717 1473
2397 682
2887 779
2916 942
4470 2356
3822 1402
5879 1577
4572 1966
5156 2108
5246 1674
5391 1804
6216 2108
3080 1198
3085 1569
2505 631
5032 1604
5241 1674
4252 2345
2880 1156
3407 1017
3541 1336
4246 1097
2437 630
3149 1167
5204 2165
3217 1091
5086 1659
2419 623
2511 773
2853 719
2919 780
4313 1533
4628 2326
2270 577
2421 621
3918 1411
2566 653
4674 1641
5476 1872
2700 577
3448 1034
33 1947
2461 560
3411 1245
5658 1819
4630 2341
2892 750
2852 719
5007 2061
3779 1819
4007 1425
39 1964
2885 897
3923 1383
2691 643
2856 777
4635 1411
4641 1847
2868 780
3834 1401
4335 2356
4267 1872
2162 653
3799 1411
4614 58
4642 1883
4702 2335
2360 609
3484 1051
3945 1396
3074 867
4497 1872
5136 1872
2183 619
2890 808
3230 1091
4372 1966
5237 2182
6215 2107
2544 622
4213 1097
2394 644
2507 631
3227 1091
3296 1050
2678 625
3047 812
4654 1758
5670 2340
2268 653
2161 619
2163 619
2417 623
2379 623
4632 2342
5618 1361
2169 619
2555 621
4581 1633
5533 1621
2355 619
2425 624
4172 2107
5175 2121
2843 800
3413 874
5408 2364
2409 623
2666 619
3006 752
3866 1409
5826 1804
6284 2107
2153 630
2646 577
2864 779
3306 874
3831 1478
2579 619
3790 1870
3707 1281
3 951
2293 577
4135 2106
264 2333
2156 609
2586 619
2607 1459
3181 1842
3496 2108
2179 875
2245 875
2361 666
2440 643
2685 623
3785 1813
2882 780
3703 704
3884 645
2430 653
2645 578
809 1606
2631 646
2736 577
2832 808
3035 1142
3221 1091
3262 1063
3294 1034
4656 1444
3544 1052
3312 874
2846 939
5243 2165
2432 653
2870 828
5306 1947
6360 2108
2380 586
2509 623
2582 653
2583 653
2799 612
2889 828
2381 711
2641 621
2842 719
3162 1842
5558 1727
2250 662
3273 874
5485 1568
318 1465
2585 577
2816 919
3073 1186
3303 1091
5406 1463
5554 1844
5659 1465
380 128
482 615
2249 619
3852 1409
257 2306
2247 643
2904 780
3389 905
2428 619
3819 1884
3880 1401
4870 2364
3891 1447
5633 1866
2443 577
2731 622
163 1577
1069 845
2364 623
3856 1376
5054 1771
5159 2080
2365 1408
3118 1186
4292 1641
4627 1727
5635 1786
3337 1175
4634 1808
3699 136
3719 1951
3941 1751
2463 643
2684 624
2979 721
4010 1425
4673 1847
3596 1349
3889 1419
5664 1112
2154 619
2366 711
6054 561
2182 619
2545 646
3344 1091
2358 741
2422 622
2575 619
2611 1458
3936 1455
5171 1604
2155 630
2588 577
2699 1832
2848 1006
3716 1281
2369 646
2694 577
4850 1872
5192 2278
139 995
2863 1156
3308 1091
771 615
3387 1091
2391 631
2405 890
2693 578
3372 794
4802 1533
4026 1456
18 951
5593 1621
446 236
3335 1822
2259 792
2389 631
2888 687
3320 1245
3784 1739
4435 2087
2388 592
2441 619
3325 1245
3393 1842
3745 1870
5432 1343
5799 1872
5821 1641
203 552
2174 1397
650 552
791 1065
2506 667
2760 621
3841 914
4092 1872
4657 1739
2533 1402
2756 624
4336 1633
2264 619
2561 653
2738 619
5653 1394
3542 2108
2302 643
2866 780
3225 1091
4278 1543
4637 2378
2248 630
4671 1890
5195 2109
129 615
4254 1135
4691 1866
2418 621
2563 643
135 1979
2160 643
2727 624
2647 619
2883 779
2955 847
6408 2419
2726 624
4203 1349
155 136
3868 1471
4666 1913
5395 1872
3069 1011
2357 662
2571 653
2577 653
3734 681
5318 552
832 1347
2170 643
6409 2419
2739 619
3264 1091
3842 1767
2175 653
2387 759
2448 577
3147 1168
3535 930
2406 624
4398 1334
1078 1134
2534 1458
2724 667
3324 1245
4648 1883
2986 1198
3022 865
3721 2087
4269 1258
6193 1136
25 2364
916 1556
4216 2142
3925 1378
2402 624
2423 653
3220 1091
3305 871
3969 1052
3894 1455
2762 621
5765 1569
2663 577
3879 1402
4132 2101
2420 624
2952 1198
3457 1111
5646 2341
2173 643
2517 1471
2660 577
2970 1185
3347 1091
4471 1577
2393 744
2703 619
3055 1186
3354 1842
4277 2285
4584 1686
1087 1134
2689 653
3593 1336
317 1847
2258 630
4524 1771
5513 1727
2435 792
2692 653
3833 679
844 1347
2158 619
2371 741
2714 469
3714 1295
2177 653
5141 2121
6416 1763
158 2356
2407 623
4835 1122
3291 1245
2354 577
5570 1707
6340 2322
2940 847
4621 364
4565 1641
2292 619
2589 577
3254 1063
5473 1771
321 1459
2438 630
2638 624
3730 1758
146 1633
2274 619
3001 1239
3438 1114
5026 2070
2426 619
3939 2357
4184 409
5235 1568
2288 577
2728 621
4875 1641
2255 889
3036 1186
3309 874
5462 1604
5818 2108
3835 1401
4612 1454
5426 2188
99 1569
3156 1569
2759 621
5027 2151
5402 856
5529 1621
2299 577
2683 592
3236 1842
3621 48
2551 623
3164 1842
4652 1855
2351 713
3921 1379
3788 1847
4626 1739
5801 1756
2702 1832
4173 2151
4781 156
5216 1526
60 1546
70 1805
3825 2335
2427 624
182 1731
2565 653
3607 1947
4114 1626
298 2219
505 75
751 615
816 236
2159 619
2410 624
2549 599
2698 1832
4917 1531
6186 199
3359 1050
3613 2356
4273 1931
5322 1735
5898 2108
6461 2195
90 951
2166 577
3173 874
3216 1063
3432 1245
4918 1531
5025 1709
6160 730
2758 622
5550 1965
6156 1471
2546 624
3286 1296
3616 1155
3655 1138
3705 1281
5129 2151
5231 2135
5961 495
1029 303
2680 624
2737 653
5478 2165
6395 843
710 552
2298 577
3924 1377
4456 1872
5390 1382
3554 1300
3724 2087
4204 1135
5295 1872
5841 1266
3153 1640
4028 1866
5443 1577
5559 1751
6058 757
717 615
1098 2051
3195 1168
4714 1866
2572 1832
2673 1445
2735 624
3412 1245
5261 2181
5319 2300
6295 227
64 1805
3497 2385
3890 1398
4415 1577
2178 578
2261 619
3931 671
5151 2051
2465 643
3314 874
5161 2151
2165 619
2581 610
5358 2426
2591 1832
3266 1091
5333 2229
5589 2109
2290 577
3285 1125
3342 1174
5791 2053
6245 552
299 257
999 2380
2373 622
2650 610
2742 619
3832 1866
2761 624
3720 874
4223 1135
5199 2166
5997 1458
2608 1767
2642 623
3379 1254
2649 577
3021 1075
3233 1091
344 257
905 1556
5006 2048
6362 2361
548 75
2450 653
32 2364
4866 2324
3293 1093
4193 409
4232 1135
5187 2125
3229 1091
3322 1245
3896 1398
4704 1376
2640 586
2985 864
3046 752
5679 1110
195 1917
727 3
3651 1974
2278 578
3214 1842
3570 1117
4905 1387
2374 599
3606 1771
3876 1473
3878 1866
4378 1872
5173 1309
5269 2278
5843 2324
2462 643
4849 2364
5109 2400
5718 16
197 257
2639 624
2686 578
3076 1075
3196 1186
3933 2080
164 136
2444 1832
2535 1458
2559 623
2662 578
4197 1516
4230 1617
4270 1135
4693 1768
826 1347
3665 958
152 1966
281 953
2630 621
3332 1093
5181 1947
5442 1334
2279 653
2554 624
5632 1418
499 1859
541 1347
3199 1186
3270 1842
946 2071
2294 792
6109 2049
569 2219
2382 586
128 1613
3600 1503
4619 1411
4773 111
162 1386
3219 1091
141 1974
3735 681
4687 2345
5186 1309
5226 1097
5272 1979
2655 643
3185 1188
3622 2107
3754 1633
54 16
1970 1448
2157 709
2176 624
3634 1727
2436 888
2466 1832
2610 935
3048 721
5029 1798
2811 1134
3292 1050
3421 1403
5415 1872
112 1296
3495 2108
3608 1135
3718 1281
4697 1445
5673 715
2552 623
3038 1186
3066 1106
5208 2150
502 704
1815 623
5268 1947
5536 365
5880 1577
5905 2400
44 2050
2635 624
3525 2161
58 1135
814 1613
2265 623
4613 2341
5651 1463
190 1254
296 605
2301 709
2574 577
2633 623
5634 1394
5832 2073
2626 622
2976 686
3826 1862
5158 1938
2252 630
3327 1093
3357 320
3627 704
5909 1118
40 1556
2569 1832
2637 624
2659 643
5883 1957
2696 653
3223 1091
4290 1542
3114 1422
4638 774
6351 325
2983 779
4250 1771
5140 2164
20 2324
2253 619
4721 1866
2464 577
2560 623
2732 622
3362 1465
5820 227
323 1895
2168 630
2995 1187
3028 2393
3176 872
4883 1646
2556 592
2651 619
115 951
147 1752
2256 1409
6294 1977
2392 624
4631 1831
2074 1403
2543 625
3645 1259
5601 2457
3763 1739
5240 2086
6302 1977
187 1862
3565 1619
4609 1343
4682 1961
2356 630
2682 622
2722 624
3870 1376
334 128
362 2306
2729 586
5194 2070
3260 1063
4034 2355
5189 2117
5657 1931
2778 721
2989 1187
3056 1240
3364 1465
161 874
2661 619
5477 2301
460 1347
2167 643
2385 631
2445 653
2564 577
2725 599
3399 1465
3427 1093
5403 1947
471 1556
2634 623
2957 813
2451 653
2567 577
2664 653
3081 752
5761 1727
6010 1822
2442 619
2974 1185
3304 909
2747 469
3956 934
4022 1425
4579 1569
5304 59
5392 1655
108 951
403 1153
2751 594
3678 1314
6134 953
2553 622
3088 1186
3061 1106
4181 303
5137 2061
5174 2161
5652 2341
2730 623
3360 1465
4194 1349
4430 1979
3277 1012
3386 1063
3715 1284
4757 496
671 996
962 1559
3717 1294
3988 1515
6426 1470
542 147
642 457
2734 577
3431 2342
5043 2200
5291 1000
3378 1093
149 2402
1985 1855
3008 1041
3469 1084
3558 1269
4038 184
4758 544
857 1556
2186 630
2573 619
2658 577
3079 785
3935 1401
5167 2148
11 1141
3517 2108
4997 2046
81 1815
2562 653
3545 1930
3660 1533
5932 2107
140 109
2624 623
2817 862
3343 1174
6433 2459
6450 893
1155 2070
5264 1727
566 457
2446 653
3363 1465
3567 1516
5636 833
3067 1186
3370 1404
3865 1459
5756 1735
6173 1024
623 1556
2411 713
2416 599
5113 2300
2287 709
2827 53
3010 2356
3446 758
4151 2150
5733 1804
5749 104
5817 930
936 2161
2988 1187
2625 622
2757 646
3677 1317
5407 1951
5763 1804
138 1709
466 257
2576 653
3054 1168
5870 26
2527 1758
3481 1331
4212 2400
4330 2318
3045 734
3444 1465
3505 2108
5597 1338
1097 470
2164 619
3018 1239
3458 1060
4036 930
4207 2264
4629 1843
156 176
2632 623
2679 622
5949 744
6206 2161
263 1944
2962 779
3518 2118
3917 1917
120 951
760 1663
4019 1931
5737 1951
6270 2241
6282 61
711 2333
2653 653
3702 83
4208 2136
6244 179
310 1636
762 70
2570 577
3191 1188
3592 1516
1051 845
2353 890
2652 577
3669 1313
4312 1628
42 2324
1111 1119
2644 646
3193 1125
3442 1404
4224 2086
4499 2087
4819 1474
5822 1399
1722 1266
2568 653
5297 1771
3070 1042
3635 2087
5399 680
2615 745
2656 653
5828 1979
2518 1445
2971 1185
3522 2301
5267 2086
5609 1097
5713 2073
351 67
647 257
2782 763
3326 1093
4025 2145
5995 365
6364 1401
174 2053
21 1684
1871 1930
3237 1012
3241 1188
5193 2071
5274 2376
6266 2108
303 2265
316 2334
3632 1621
4396 281
5725 1804
6196 90
5538 2241
6376 2110
3212 1842
4756 2080
5588 686
97 2306
2228 1465
3353 1842
4923 320
5748 1706
6103 218
2587 609
2648 609
1039 799
2296 577
3597 1135
3744 2280
3991 1266
4932 1533
5245 2087
5292 2188
2654 643
3516 1339
3527 826
5170 2116
2966 1185
3252 1174
3341 1174
3851 1409
731 1556
1080 652
3154 1239
3287 1842
3491 1319
3602 1542
3892 1465
4618 1397
5020 1979
5537 195
5602 2123
3654 2195
2973 865
3075 1075
3160 909
3178 1842
3418 1316
3579 2133
4823 2087
5871 2384
777 1714
1498 1986
2272 619
3549 2166
31 1682
307 67
2519 1471
2723 611
2733 622
3321 1093
3888 1482
4180 215
5628 2380
3148 1167
3298 1093
5298 445
5710 1866
581 2356
2459 630
3731 681
5702 1266
6015 57
6304 2377
220 673
729 544
2241 1423
3429 1093
3800 1838
5251 2300
5596 2384
5611 2196
5831 1617
519 128
2619 1403
2622 624
2972 848
2981 2305
4639 1245
463 1613
5453 2225
2530 1758
2672 1471
2681 621
3141 1012
3922 1384
4217 481
5101 183
5897 2372
3207 1842
4196 1496
5145 2115
1354 1568
1783 2200
3661 58
3741 1758
4049 1451
4879 693
5612 1861
573 2333
3029 2305
6453 813
2188 1002
2439 609
2184 1409
2456 619
4214 1336
5631 2341
3550 1349
3893 1410
3929 1838
105 1499
2516 1459
2802 1123
3068 985
3877 1828
4149 1567
4667 1909
5008 2061
5708 87
5740 930
1089 1134
2237 1822
3652 1240
3694 1771
4182 1118
34 1546
2636 622
6016 1957
305 615
3330 1093
4152 993
5521 1663
6146 199
180 61
2098 557
4677 1866
5645 1751
5819 227
5922 1458
2266 653
2452 577
2938 721
3263 1063
3858 949
3913 1387
4782 1533
2529 1459
3253 1063
3451 1093
6344 1471
766 290
2415 890
2764 861
3226 851
5511 2287
2558 610
3261 874
767 384
3295 1093
262 812
686 1669
2412 713
3323 1093
5212 1580
6374 1923
616 1872
2748 2361
4532 1872
5126 2148
5219 1604
5728 1399
6227 121
2801 1352
3215 905
3271 909
4633 1849
5249 2182
2454 653
4688 1838
5028 2067
5039 1336
5303 358
5528 2300
547 1771
2629 625
4001 1122
5541 1351
964 2386
1820 623
2800 1123
3786 1763
5138 1197
6392 796
6421 201
57 2306
2771 763
2946 779
3180 1842
3188 1422
4227 1509
4662 1885
3887 1577
4578 1786
5262 1135
6405 2460
169 1981
2621 1766
3398 1465
4282 704
2520 1758
3183 1012
3425 1093
4488 1711
4710 2340
5750 2188
1810 1465
5479 1947
5512 1831
768 1167
2775 1767
3301 1148
3753 2448
5011 2046
6158 367
3020 785
3462 992
3523 1328
4741 1966
5160 2237
5754 1804
10 1878
1084 1086
2612 592
2813 2450
3269 851
4103 1577
4148 1118
5662 1804
5213 1116
6097 1671
83 1964
3836 1981
5180 1626
5452 1567
170 2087
645 2331
3104 2188
4739 2280
5012 2154
6181 1321
2257 758
2539 1767
2787 2361
3235 925
3614 2080
4297 303
100 1618
427 257
1889 971
3082 734
5223 1336
6301 293
2514 935
2628 622
2721 1758
3113 902
3246 1106
3267 851
3506 768
4185 2380
5157 2108
5398 666
96 2349
551 1827
2271 619
4002 908
4672 1890
5623 1746
4315 2115
5916 2154
2695 1832
3257 1063
5255 1135
76 1568
3313 909
4557 57
5182 1771
5203 2237
4023 1435
5082 710
5289 951
6040 365
930 2125
2181 709
3063 1186
3443 1403
5102 2204
5732 201
3577 1312
3590 1872
5669 1568
204 196
763 1348
3494 1207
3524 1207
5190 1815
5197 278
339 128
6167 1456
617 1771
981 2355
1038 769
3404 1866
3646 2201
5320 2202
6412 1538
2697 578
3367 1465
4540 1463
4846 1965
265 769
2627 624
2967 1198
3053 1186
3445 1093
66 1964
297 1468
3485 1337
3585 51
4046 745
5706 549
13 2323
223 1541
2969 1185
3115 985
5637 2356
6356 594
1062 931
2457 653
2620 1458
3005 721
3798 1429
406 236
3383 1060
5492 1542
5709 1866
80 124
176 1468
498 1601
2712 842
3050 1735
5323 1714
6003 2235
6225 1514
3756 2346
3766 1926
5567 1135
341 1791
3764 1804
5690 227
5714 1396
1071 549
1187 2381
3121 1640
4919 2404
5592 2385
6182 2342
929 1463
3078 1187
3122 785
4331 136
4589 994
783 1546
945 1179
3049 1793
3282 923
75 2333
95 1354
539 1617
2433 624
4202 2006
4650 949
261 2323
3514 972
5348 2386
5792 1804
2528 742
3265 907
3406 1093
5503 1641
5802 1343
633 204
2675 1458
2878 1352
5331 2372
5945 2211
2964 1817
4160 314
198 1763
674 1511
2980 751
3905 1001
301 236
5225 1349
922 2374
2860 1155
3231 870
3713 1304
3821 1847
4228 210
5332 145
5687 1866
6397 652
1811 1465
1814 623
1940 1861
2352 1361
2901 732
3234 874
3371 662
3520 1516
3801 1401
4008 145
12 364
2329 551
2665 503
3138 1106
4027 1866
4130 280
5859 1569
2531 1767
4544 2389
4646 2419
6165 953
109 769
2060 1423
2537 1459
3177 851
3408 1093
3787 1731
5780 254
621 73
689 1549
3746 1133
4021 1274
5354 2227
788 136
2616 1458
2780 796
2930 1209
2958 752
3002 882
4938 2181
5366 727
5546 2300
528 134
3437 1310
3992 1009
5680 1463
5715 1387
2821 686
2963 779
3687 1359
304 196
509 293
2525 1767
3143 830
3380 1093
3869 1398
6151 2459
6367 1384
704 282
400 236
839 236
2526 935
4421 571
5790 2300
23 1386
295 121
1812 653
3846 1577
5121 1511
960 1569
1184 2008
2953 1075
3024 752
6117 1458
1558 2122
2767 684
2990 650
3135 1028
3228 851
4253 1322
5655 145
5958 1415
213 1870
3488 533
3675 2080
630 1802
2617 1458
2978 1209
3504 1117
3906 1477
3959 1833
4851 1641
5557 2219
6115 2170
6444 497
1893 1656
2521 1758
3284 869
3792 1813
4548 1387
4549 1271
6343 520
2280 619
2413 916
3000 1041
6155 1321
6359 633
2977 767
5484 2219
6194 1321
578 1660
821 330
874 275
2045 1465
350 2306
532 1546
1828 2234
2515 1458
2951 1185
4225 1815
5712 2195
71 1964
1083 429
1785 2234
4115 1535
4449 1163
4689 1397
6403 928
4 1556
2968 1198
3210 885
6012 671
6106 546
589 2372
1654 629
2282 875
3117 985
3255 1063
4283 1628
4645 1870
5010 2062
5705 549
183 1980
248 1672
320 745
2076 1447
3064 2211
5172 1780
107 1386
1548 1516
2993 1187
3475 1246
4676 544
5907 2107
706 1512
745 257
3017 1143
5678 2188
6161 1239
6319 444
3552 1798
3791 1445
3951 674
6328 1333
2404 807
2709 2361
2913 732
2984 2188
3319 987
3898 1831
6365 824
632 2188
2674 822
3110 1059
3224 1092
3388 909
3604 1343
3636 76
4150 2119
5384 826
5580 297
619 1634
648 220
677 1980
2815 1123
3168 968
5681 2133
6072 1743
6424 2440
587 1828
1993 991
2749 762
3167 1842
3278 923
3468 1307
232 1802
524 161
801 1385
2455 619
2614 1767
3490 1307
3762 2316
4436 1351
4563 1312
4625 2382
4868 2459
5999 1613
238 743
3194 902
4059 259
4243 2301
5514 1949
5552 1732
5824 65
3289 1275
3964 2199
4606 2365
5224 2153
6460 1206
1076 1023
2403 622
2803 690
6283 2457
27 300
3555 481
5139 2107
5165 2160
6121 565
121 637
4716 1446
1821 1465
2613 1459
3031 673
3232 907
4070 2316
4423 1569
4884 76
5667 1308
919 208
1036 799
2623 592
3098 2188
3142 1107
3275 1059
5721 1350
6458 1970
37 1456
2777 861
3857 1403
3920 826
5048 210
9 2333
644 1756
2538 745
5630 1530
6148 293
746 1830
956 1543
5672 1398
5731 24
154 1643
2496 2355
2618 1459
3653 1633
5845 2214
6323 1537
3197 1186
3365 1404
3419 1766
4602 1979
6402 481
685 1122
2071 1401
2187 1403
2912 897
3044 752
3204 1842
3213 909
3547 1086
3619 53
3623 1641
4391 1360
319 1437
1025 1657
2858 1626
3317 1842
5950 2377
14 985
2152 976
2947 732
3670 2448
5707 2383
473 1771
3039 785
65 1533
2783 1314
2928 2168
3013 847
3043 752
3385 1034
3476 860
3509 1133
3644 1700
4469 2323
4740 1921
5607 2156
6118 709
6281 2108
287 236
1185 1522
1723 2200
4582 2278
5927 2276
5969 2356
667 220
1870 1577
1872 1704
6091 1075
6112 2385
1440 2200
3041 1286
3243 930
4281 1872
5487 1519
5517 465
3416 1751
3576 1639
4274 303
4653 1398
5401 1656
5693 1751
55 2401
454 1725
2536 1459
3423 758
45 2060
594 1521
1094 706
2453 1832
4131 2109
5155 1567
488 574
2766 727
3087 1186
3315 905
5435 1641
559 1334
2743 1420
3163 909
3222 905
3900 1403
4082 692
2877 1023
3026 1103
3097 832
3582 320
5270 687
5330 139
5948 2383
6070 2268
2818 1352
2999 2376
3170 909
3338 1052
3410 1093
3704 1292
1024 1458
3693 2049
3915 1378
4801 1827
5383 2344
17 2356
2070 976
3276 987
2281 758
2522 1458
3578 1619
3986 227
4159 1256
868 2400
3095 1011
3361 1093
271 196
2945 732
3245 923
6214 1160
47 2107
2789 763
4647 2228
5671 2419
6116 1567
6164 1628
239 1052
3014 789
4930 1623
6317 1267
1353 1937
2687 1397
5400 2234
2671 1478
6119 1119
2548 1397
5767 1833
2792 1477
3736 1767
5128 1531
6262 417
3340 1093
3701 1291
5266 433
6071 1187
6087 2241
234 275
614 638
1034 173
3062 1106
4665 910
4764 1351
4836 1979
216 1521
1796 1704
2911 897
3723 653
4550 1308
5416 519
3697 1212
5654 1866
5682 1052
5936 786
111 1659
5202 1655
5600 2457
5770 1804
6080 2089
6105 803
125 183
308 1672
928 1211
4012 1966
4244 1503
4780 227
681 1683
784 790
1105 1615
2557 592
2798 763
2838 1123
3310 851
3897 1739
4324 2333
1092 499
2779 685
3531 973
3548 1991
6052 2300
6122 1335
6394 1833
6404 671
2987 1187
3403 713
4669 2324
5273 264
5314 1569
5480 1752
5957 992
6011 860
6411 1819
401 2357
927 2089
3051 1240
3989 674
553 236
3374 713
3980 2400
209 2102
495 2188
2991 847
3134 909
4121 1468
4323 2278
5619 2458
6028 2382
6123 820
658 1468
780 2244
3974 964
5616 1866
1976 1230
3581 2381
3823 1397
6132 1612
3307 909
3351 1129
6205 2040
6448 2037
62 1849
921 302
3027 752
3108 1011
3433 1093
4242 1771
4299 2356
6061 1629
2992 1187
5134 2123
5979 83
6082 1859
38 880
722 2176
2541 1445
2547 713
3144 987
3174 909
3747 579
3928 1847
4229 2440
5644 2265
6180 1151
368 1623
1873 1655
2910 897
3077 1056
3895 1369
5568 1351
2896 2306
3908 518
4473 1266
5553 1979
2707 1134
3599 1586
3624 281
3725 1318
6 2349
251 638
719 220
743 2339
910 275
5337 1613
6447 2195
104 2333
664 1515
3355 1827
3626 303
5450 2229
6188 1342
69 16
565 2312
2078 875
2080 976
3358 1465
3647 1136
3777 1344
4678 1401
4692 1477
4921 1623
6190 2204
529 108
562 2189
2773 594
2975 249
5009 2061
5730 2204
122 2205
1829 1014
3025 1075
3690 2060
4661 1889
597 390
2055 1466
3033 1143
5878 1815
85 1052
603 2303
1073 488
1499 1623
3382 1411
3466 1177
5548 172
6094 40
6451 775
501 130
2720 1758
3218 1063
3384 1254
3474 1134
4158 2093
5349 951
5986 183
5993 1603
267 61
472 1791
1103 1613
1794 1465
3248 2075
3521 1989
3875 1398
5176 1947
5502 365
5896 930
6289 488
715 816
2790 647
2797 1833
2902 732
3657 1833
5575 588
1091 477
3373 1403
6093 1610
1765 1873
1886 468
3052 56
3738 1767
4946 2191
4955 1165
5234 2133
1791 1704
3449 1093
5444 495
2003 1465
4937 1537
5396 1220
6067 2096
194 1068
3105 1107
4245 2133
5003 1771
5615 2375
6047 2167
79 704
668 235
1138 591
3250 1222
3642 2106
4607 1743
5677 1399
6068 1314
328 630
2523 1459
3015 1187
3441 1403
3681 1641
6334 2378
2434 653
3336 1060
3390 909
3538 2155
4703 1376
5433 1970
490 1688
920 1439
3092 1011
3169 1025
3244 869
3391 988
3400 1465
3478 507
5370 1447
2719 1406
3334 1093
3780 1460
5248 686
6277 604
584 90
2828 324
3120 865
4608 563
5572 1598
224 1521
392 2153
954 303
2994 847
3487 1133
5239 1187
3004 1209
3011 216
5001 2040
939 176
1085 1606
2084 1398
4713 1682
487 709
2814 1337
3366 2335
3676 1390
4943 1247
3111 1422
4171 2006
4235 2147
6255 1196
74 1533
1067 510
2243 976
3007 1041
3417 2355
3498 1134
5726 1360
410 318
734 154
808 1167
2592 1848
4134 2384
5365 1925
6032 2137
46 1616
479 1744
1061 2416
3368 1403
4280 1866
5340 2356
6168 2122
6260 2386
421 1581
622 552
980 1119
1243 2021
5397 1473
5626 1886
5641 1399
6381 2044
370 1882
665 1456
1011 435
1093 930
1102 488
5000 2037
5247 2426
202 1818
574 629
3137 1028
3732 1758
3767 1925
5825 705
2057 1445
2227 1465
3346 851
635 1164
2004 1465
3012 1640
3240 987
6130 958
3057 1011
3601 1271
3930 936
279 1512
393 327
2926 1734
3864 1460
5454 125
5493 692
2056 976
2244 1423
5829 2380
6303 1139
2899 732
4447 1331
4601 1236
5162 278
5569 544
6305 820
834 65
2713 2361
2903 2321
3238 1249
4341 900
4571 1872
5703 1380
6124 445
6143 1153
6322 1333
1276 2021
1818 1916
2053 976
3727 632
4755 1752
5975 1613
2676 1445
3422 1404
3664 2057
3318 987
3937 671
5228 1500
179 1376
192 208
2001 2234
3551 1934
5578 1598
337 2267
2820 2384
5357 1522
2143 976
6268 59
207 2265
718 1714
2754 1067
2806 1134
3003 99
3679 2178
4670 1889
1819 624
3100 552
4975 564
6036 1197
1157 1644
2812 893
5183 1688
6019 1247
6373 2320
288 1873
5917 2058
6432 1272
975 1044
1660 2170
3023 865
5210 2133
5911 1322
3668 1896
4722 1921
5200 2237
6285 1630
315 245
3688 2372
5112 2385
245 2202
286 1512
1049 811
2073 1458
3211 909
3755 1343
4542 549
5288 1063
895 1387
1023 640
3279 923
3960 1141
3979 1833
5499 1356
5648 1915
513 1559
571 1771
2041 2082
2513 1459
3789 1731
3987 629
5276 1826
3172 1842
5230 1135
5300 1143
5627 1284
5996 1613
986 2121
1044 757
2956 2265
3101 1011
3202 2280
6223 1161
93 167
330 257
764 181
3502 1537
3556 1522
4891 1949
5466 1771
6279 1903
6456 1970
259 2400
483 58
5697 2382
188 714
1720 2279
2717 626
4885 2264
5284 1879
5683 1477
494 2355
1991 678
3042 752
3106 1011
3978 1688
4067 1680
5465 1771
6183 183
256 1672
489 2323
1441 1338
3932 1379
4498 1380
1636 2021
3259 1063
3283 1106
4992 2195
6338 1508
871 1442
2857 1352
3402 1751
5573 2401
84 1667
1972 1882
2149 1423
3140 2188
3749 1896
3955 1460
6419 1386
527 408
2917 732
3132 1028
6441 1626
6449 633
598 1634
1266 2132
1954 2082
2998 1075
4832 1569
6100 2167
2524 745
3139 1059
5833 2122
963 1950
2935 2399
4198 1567
4318 2386
4871 1771
5437 213
6309 2383
6337 1914
3274 923
3557 1116
3966 1829
5734 196
6438 563
1900 625
3093 47
5196 2382
5772 2373
6006 282
838 1139
3242 830
3977 2087
4020 1436
5642 1400
6293 406
5739 242
5987 546
6361 2361
3899 2235
4291 1631
5369 792
534 236
1018 590
2233 625
4556 318
4998 2038
6095 1256
106 2333
1953 1458
3751 2448
4535 1748
600 208
646 1817
1901 644
2744 633
2809 763
2948 732
3201 2383
1878 1704
2239 976
5285 390
266 2211
1910 2234
4833 51
5211 76
5847 2452
91 996
240 713
535 53
2047 1458
3034 1239
3281 987
5668 2458
5933 1833
750 952
786 1556
3009 1052
4651 1263
4664 1870
5149 1574
1675 2337
3591 2051
4024 2400
5169 249
5587 2358
6126 2156
6273 2460
6286 301
670 366
934 2123
1790 1704
1956 1915
4599 2353
6247 582
67 1247
901 464
906 2126
2229 1216
3962 225
4226 1550
5002 2041
6320 1153
2788 2361
3297 1400
5564 877
652 201
2982 779
3480 1331
4364 282
6141 1074
556 285
757 209
3667 892
5910 1991
6372 2177
1088 481
2791 1897
4288 358
5542 688
5663 2349
16 5
177 785
233 138
714 1837
2954 261
3145 1107
4701 1763
6386 2452
53 2324
656 1932
2189 1917
2497 97
5621 2106
6009 2241
52 1514
1676 1715
4915 1989
5584 1308
2238 1473
5119 1256
5316 2337
5540 293
504 139
942 1568
1446 2307
3737 1004
5490 274
5966 1273
6425 1765
2081 630
3771 1655
6439 259
215 138
6201 282
636 2218
3348 851
3953 254
4104 1474
4508 1360
4882 411
4968 1136
5925 2384
6329 1304
465 953
699 358
2781 763
3083 1075
3129 2188
3812 588
6267 2386
145 2304
1692 642
3414 107
4117 790
4845 364
5941 306
6330 1878
6399 460
3369 1093
4105 1981
6083 183
6231 2177
6442 736
63 1247
322 1477
376 1458
1569 1642
3152 785
3190 902
6176 1119
1186 2008
3696 527
4287 1621
4931 2181
4944 153
5315 294
6059 48
278 639
782 2372
2939 721
3249 1275
5782 1798
6457 1970
306 196
769 123
2540 1459
3640 897
114 635
385 2274
554 1296
2486 557
6358 797
1668 1260
2532 1768
3184 923
3907 1882
5177 2374
6211 1119
3508 1067
3575 1337
4276 1349
5335 2211
5549 1630
5640 819
5719 1135
35 221
352 1762
2082 976
2085 875
2711 1478
3902 1369
4429 2087
4510 2344
4934 592
6104 2109
136 1977
1055 531
1147 2036
2142 1455
5148 2061
1247 2074
3950 2349
4205 1704
5742 390
5816 2053
6378 598
48 434
252 196
716 2303
3198 832
5042 2196
1391 1815
1869 506
3328 1093
5421 418
6271 1274
283 275
1058 510
1079 469
3512 1833
3630 1232
4071 1042
5214 1207
92 1894
371 1106
550 1966
1434 2015
1333 2177
4929 2135
5124 2161
398 202
957 444
1188 2386
1016 1926
1816 644
3768 1926
4991 2108
3136 909
5299 1352
5438 66
701 90
1683 1642
1726 514
2606 1111
4643 1943
5992 2375
6418 2229
948 2242
998 2400
3258 1480
3750 2448
3949 1833
5539 130
6081 1567
6336 2406
640 1866
970 1044
2851 187
3186 830
5647 1882
5976 1833
6079 739
698 220
3493 1335
5661 2452
1578 1642
3171 1173
3179 851
3239 1011
3559 1451
4522 2274
4935 632
5131 1352
30 1829
347 1861
659 595
1316 2075
6133 690
845 2296
1068 720
1973 1458
3560 569
3757 633
6366 772
1285 2045
2598 1848
2915 2168
3102 923
3625 1456
4928 2135
5191 2379
5347 1118
5954 650
6169 403
357 2346
572 571
739 1947
5622 1106
72 1296
206 242
676 48
931 980
1020 590
1159 1923
1887 1465
2755 1314
4949 1340
5722 1648
5956 397
275 938
1390 2057
3401 519
6144 1197
379 905
5551 1862
825 1878
1469 642
1703 1235
3510 1133
4005 1386
5265 427
6048 57
6065 1970
453 1531
800 2338
1019 1458
2040 678
3155 315
6013 1196
86 54
1885 1850
4950 1340
5848 2452
6209 419
6253 1628
1110 1981
1118 736
1533 2080
5163 1118
5275 1165
6046 1327
6459 2385
1795 1465
2960 732
4279 831
1658 2043
1750 1642
5250 1915
5938 1195
1012 242
1950 1396
3587 706
3752 1320
6037 692
6089 1161
157 202
1428 2021
2038 1247
2039 2082
3605 2264
6178 1597
6233 1568
6325 1294
6335 1110
6393 1945
2242 1445
3089 1011
5302 358
5535 1964
5846 701
1082 676
1465 642
2840 686
4047 1760
5483 170
6062 1990
6232 1388
903 503
1309 2075
4075 763
4663 991
6045 1628
6075 467
6414 121
626 1499
1321 1349
2046 2082
2961 732
6063 1628
333 236
6292 2377
592 1474
1597 2337
3486 686
3574 606
3971 1412
4009 2402
6203 1567
6274 453
1022 1304
1484 1642
1898 2234
1986 1203
2052 1398
2795 686
2929 2168
3182 909
5252 1604
5923 467
781 1926
1552 1743
6191 2133
345 1657
2103 557
1050 720
1075 510
2900 732
4006 1122
4796 227
5364 1921
5769 1804
1113 1996
1367 618
1809 1465
2064 1398
2197 1447
2819 843
4314 1816
3133 1028
3465 1223
3500 1398
5753 257
5931 1537
6125 202
6332 1886
15 213
1461 642
2705 796
3165 968
5111 2406
6242 383
274 1805
1000 1035
1362 618
2226 1916
3948 826
5118 2101
5560 2335
6033 429
1804 1704
2029 1656
5244 1634
5579 2268
5980 272
6234 505
413 198
455 1949
2050 856
3733 1767
5168 2101
657 849
5498 1242
6090 1044
6114 952
3099 1249
3952 1042
6241 2154
119 1763
6139 2382
1072 488
2746 654
926 2379
3975 1882
5099 1962
5694 2361
1711 575
3436 194
3748 726
6131 2380
1370 1907
2937 1792
3288 1174
5840 1788
6029 2167
6278 1970
1677 1715
1789 1704
1888 551
1939 47
3742 1459
4234 1567
5301 1143
6310 2377
6454 727
130 739
181 2167
433 390
434 249
512 364
1006 2419
1037 757
2710 654
2752 746
4759 1771
5205 303
5978 747
113 2257
2753 655
5053 214
6353 2457
618 22
2310 1904
3534 2074
4698 1068
5070 259
5547 1462
6192 481
6207 505
732 919
1208 427
3161 1028
3499 307
4971 564
5283 1861
5839 297
6229 1217
6299 2380
6422 346
881 889
1095 478
1115 1530
5990 1269
6254 1994
586 2460
3454 594
5582 1342
241 1479
338 1383
2023 2234
3968 2306
5464 495
765 1500
2807 1892
3016 1187
3904 2410
6184 2046
789 1930
1439 1522
5974 1989
289 275
309 994
346 1139
952 67
1043 2005
1945 1465
2772 594
4231 1197
4351 313
5617 149
5695 1720
6390 747
1106 1256
1365 2075
1574 642
1949 1062
2996 1373
3251 1244
3435 562
5768 1247
6056 1200
356 2196
696 1468
2190 932
4413 1632
4803 544
5610 508
5886 2406
6163 1442
6341 2106
913 1458
1964 1458
2058 1445
867 1643
1591 2071
2859 1068
3112 923
3434 67
5105 1193
5556 2355
5823 1993
5972 1619
6300 1616
6357 2331
246 5
369 505
2134 1915
2718 745
5960 1205
1144 2030
1753 1258
3467 893
5445 125
6088 533
6230 1576
416 1069
604 1422
708 435
3189 923
3492 1161
3776 1388
4247 170
5868 1752
1156 2127
2151 1401
3311 854
3420 713
4055 2042
4065 1313
5417 714
1352 575
3743 1767
5691 1844
6238 2279
199 1314
517 138
1968 347
2083 1398
2708 2361
3926 1293
4289 380
4379 282
4951 1324
6150 1184
6288 800
126 1865
1944 1458
1979 1458
3471 721
3598 2007
4458 1957
4533 281
5227 1332
5857 1482
6440 2423
2049 1884
3151 1239
3684 1890
5935 1405
6377 469
1224 2070
1666 1918
3166 2327
3206 2231
5456 1752
5692 1680
6368 1910
273 1747
947 1497
1907 955
2745 892
5115 637
2898 897
585 1966
974 1389
3663 718
4359 1195
5467 2402
59 2152
1086 2432
1281 2015
1947 1398
1994 644
3019 686
579 2298
933 919
5341 136
6147 2106
3673 536
3729 1324
5605 2283
5943 1113
29 213
470 281
3489 2361
5842 2268
6345 476
752 208
3280 869
3473 1319
6269 1759
6333 1926
2670 1284
3376 1052
4317 1568
51 1605
817 434
3739 141
4668 2416
5856 2071
5988 2356
6174 1342
6219 1480
2002 1915
3972 843
4167 858
6101 705
1287 618
3611 2365
4519 188
785 326
3060 923
3674 1995
5188 1809
6218 1119
6347 1465
989 1537
1571 1642
5656 1974
6321 2001
794 1812
802 721
1512 1907
1943 1471
2146 1460
3639 1051
5489 184
5608 2242
189 1833
1856 1843
2336 2234
2941 2393
3513 1183
6410 2419
1572 1258
2120 1465
2944 732
5045 1553
5385 2186
5629 2386
5809 1767
6027 1185
212 208
570 2382
1917 1656
1984 1398
2075 1401
3938 462
4363 267
4735 0
4960 1999
5351 253
6387 1383
6401 1035
959 138
1808 2234
1906 644
2235 1977
3127 1011
4945 2153
1253 2021
1283 2021
1630 2018
2594 1284
4644 1780
5515 2075
5660 1916
6069 296
1015 1704
3628 1269
3700 1388
3770 1344
4296 2196
4523 1086
1813 1470
4445 1613
4681 2246
6446 668
1046 699
1709 1099
4616 244
3272 988
6000 1687
628 584
3208 851
4588 1687
6149 2122
6213 2456
915 143
1613 1098
2141 909
4094 1949
5339 1926
5700 1762
6220 176
601 1643
1284 2017
1614 1680
1918 1655
2716 796
3648 1481
3998 345
5474 1697
5735 138
6034 590
985 2099
1691 1642
1787 1704
3650 2301
4489 1903
4994 1176
5253 2182
5624 627
6222 353
196 584
508 1647
1021 1903
1109 221
1570 2062
1590 1372
1627 2049
2144 1466
2706 746
2785 1890
3566 2331
6407 1649
137 1869
1177 2021
2006 1444
2331 1656
2914 2168
6004 2382
1502 1350
3040 1187
4505 1293
1454 1826
1823 2234
3205 968
5362 1035
5783 251
6199 2040
1236 2031
1405 2397
1459 1823
1520 2413
1817 2234
4585 1393
5236 1603
1200 2030
1621 1907
3103 830
3439 2403
4251 1581
4431 574
950 2352
2109 557
2808 594
3032 1627
3633 16
5696 2438
5895 372
6200 2456
477 1865
987 2404
1017 2012
2079 976
3415 2349
813 1417
1969 678
4459 797
4865 2307
6435 1755
3090 2188
4053 1878
5049 2371
5899 1616
365 417
968 202
4041 274
982 2160
1501 1258
1592 1642
2059 1401
4731 2426
5977 797
6370 2370
452 1786
1560 642
3453 1680
6239 2225
193 347
374 257
408 6
1667 1650
3124 1011
3187 1059
4468 313
5675 226
6369 1095
2072 976
3192 830
5388 2377
5937 575
568 1507
1899 1465
3109 1059
5524 618
6001 208
6237 512
1495 642
1830 1656
1952 1884
4392 1399
6162 2166
6314 1923
6375 2419
687 1407
1992 1031
2599 1680
2965 2053
4766 1101
4920 436
5081 913
5380 1275
405 297
1521 2075
1549 1516
2116 1444
2943 732
3096 923
5586 2268
6313 2158
260 226
1593 1823
2051 1465
3464 2361
4972 2027
5638 1535
5747 1318
6102 1373
6420 1886
1077 385
1946 1471
6298 2106
116 1685
437 356
1240 2026
2069 976
2959 752
3572 606
5781 723
792 1432
2129 2234
2206 557
3903 1049
4948 1391
255 332
4922 1598
1032 406
2108 557
3470 1140
5336 2400
6138 2054
1257 1567
1433 2021
2327 557
4410 2452
4590 544
5135 2106
6055 1337
6166 1174
7 1861
353 1538
382 1374
612 433
3774 1655
4370 1463
5422 435
1500 1258
3782 1927
3901 1152
4256 125
4775 571
4916 1461
5585 556
6177 1468
1757 1823
1792 644
5545 2305
2148 1458
3459 1388
5908 1991
935 1980
1003 2419
2825 241
3086 490
1028 2162
1384 516
1420 2021
1523 1907
2344 1465
2704 949
3290 1244
5666 1444
153 1068
846 729
1292 618
1696 2307
1806 1884
2145 1466
2313 1904
3540 2007
5704 1421
5724 385
6159 2131
558 1673
1458 2105
4162 214
5350 343
5238 994
6406 1430
1714 2021
386 1977
486 1400
3995 894
4889 571
5915 2406
22 887
61 639
1894 1916
3533 1655
3638 2457
3963 1478
5381 2200
467 1060
1770 1510
2119 2234
5439 790
5815 253
631 1825
1145 2036
3461 410
1047 2419
1881 991
2303 1423
3479 2366
3976 2400
5643 1271
1912 1977
2340 1704
4942 2135
6221 1237
525 1595
5254 1189
294 1478
300 1818
1529 618
1657 2116
5371 1913
5434 816
6098 2441
1040 2083
1759 475
1827 1656
5964 1099
6327 2406
3396 834
3999 836
6024 2114
1170 427
1210 2279
1429 2028
2199 551
2216 1382
5133 2121
5218 2244
5287 358
6436 1855
1724 1537
1875 1704
3131 1012
6311 515
208 1751
229 800
1245 2397
1715 2021
3686 1119
4723 1440
4901 1926
6017 1344
431 208
610 2446
2600 1680
354 1117
564 1688
1035 661
3503 1565
3706 2218
6248 1135
131 2382
723 1674
1402 2075
1517 517
1880 468
4301 1625
5229 2133
5375 358
5486 721
5598 2123
1566 1843
2492 1680
3536 3
6236 2195
6240 2432
87 188
210 1450
976 221
1419 2021
1466 478
1568 1642
2127 1704
4587 188
293 1643
555 571
1422 2272
2473 1283
3515 919
4526 2344
24 1468
205 318
634 595
1524 504
2048 1458
2061 976
2068 1303
2210 557
2489 1680
3970 2195
5041 2088
5083 468
49 595
254 1507
325 856
1387 2166
4056 2277
5122 495
5973 2342
5991 1271
3159 1028
6096 763
6135 2269
436 2377
6171 628
1396 535
1824 955
3352 854
4060 181
5746 1445
5804 70
773 569
1470 642
2315 1283
2784 1313
4446 2099
5334 1335
326 2331
364 1086
388 2350
1256 1086
1567 2061
1864 2047
1721 923
1832 1655
4033 346
5649 2307
6008 1273
236 275
397 673
923 1567
3463 746
3662 1681
3873 1362
6078 751
1486 642
1854 2218
3440 1150
5989 1308
6057 2186
6074 39
6384 294
6391 204
6443 60
856 1737
1033 1685
1172 2017
1911 1465
2494 1680
2931 896
889 784
992 99
1600 1823
1982 1465
2065 1460
4947 2244
5382 1918
6099 1966
142 510
1457 475
1874 1704
3573 1895
5639 1574
5723 282
5727 282
5814 1291
5858 1258
697 1617
1002 1918
1104 652
1707 556
4369 1642
6044 2400
6053 552
6297 1829
2 180
253 1881
292 1000
576 1766
1207 591
1489 805
1987 557
4586 2456
237 2292
355 727
721 2168
875 457
1031 514
1749 2058
1924 1296
1971 1230
2211 557
5959 1680
1074 510
1280 2021
1471 642
4116 1178
5650 1989
214 824
627 544
1983 1398
2493 1680
3529 1704
5064 2218
1497 1986
3537 2276
3546 606
4952 826
5290 1139
5684 1196
5741 484
6228 1442
6243 2302
2200 1446
2326 1680
3708 1536
5779 1621
6261 768
227 562
1183 2176
1784 1704
1877 624
2918 658
5501 1986
5685 146
5913 2111
577 2288
961 451
1496 642
1587 1740
1805 955
2131 2234
2194 875
2214 1680
3769 1384
4083 1878
5699 1316
244 1160
363 1535
414 1613
3128 2211
3643 865
285 62
1915 1977
2196 1460
335 1958
851 298
897 335
1388 2243
1882 1850
2019 1656
2349 2234
2470 1423
4209 805
6018 2361
1417 2021
1565 1823
1797 955
1926 2426
2011 2234
3511 1496
4742 1856
56 127
200 2219
384 1388
796 1680
862 1738
1308 1536
3059 1399
3158 2231
4133 367
4794 451
6120 1030
284 2419
759 397
1150 2028
2130 2234
4175 170
89 1461
276 1342
1235 2204
1761 1421
2487 1230
3689 2059
4268 1343
900 632
1227 564
1543 2007
1788 1704
1921 1918
1967 1093
2223 2234
497 1595
2095 557
2097 678
2128 1704
2333 1916
3761 1442
5928 1446
6129 1163
496 54
971 74
1010 820
1100 946
2027 1656
2213 1680
3130 2211
1647 2021
5738 1967
843 1412
1203 564
1493 908
3175 1250
5676 1286
361 2208
749 1209
1231 2016
1386 61
1485 642
2205 1680
4977 2299
5884 456
6388 2413
815 1335
1447 2307
3094 930
3125 2188
3781 677
4925 2237
5393 1290
258 2375
526 220
1374 504
1392 1510
2077 1455
2150 1466
2330 991
2468 1904
5091 2377
6153 1506
6235 418
151 1636
1383 618
1751 642
2597 1429
3793 2397
4734 535
4967 2017
5378 1761
349 143
1209 2278
2066 1284
2307 1904
243 2202
1275 2019
1438 2011
3683 844
5021 1771
5811 857
6060 1326
6249 1181
725 320
1412 564
4258 430
5920 2382
440 2070
770 313
966 20
1215 2021
1758 1824
1977 1680
2793 1986
4982 564
6038 2115
776 2073
1389 206
1522 1907
1634 2031
1957 1458
2007 1444
2346 1704
3996 2254
4537 1969
5117 2251
5363 1419
5604 768
6066 2096
2026 1465
4298 2382
481 2280
684 2429
1263 2014
1514 1907
2193 1423
2796 230
5324 2414
5591 1596
165 457
166 323
1909 1656
4969 1535
1302 504
1437 1997
1965 1403
2348 1656
3146 924
3209 2327
3965 804
4679 1897
1081 2037
2044 1884
2094 557
4622 1412
1027 514
2490 1680
6324 1537
449 1858
609 952
682 2186
1222 2031
1903 1704
2236 1977
3349 1014
6256 2365
1452 2307
4199 489
4963 564
5317 484
1327 564
1518 618
1737 1247
582 1366
1661 1975
1746 642
1771 1235
2195 1283
372 2197
419 3
1168 2026
1563 505
4814 495
5716 336
678 1886
967 129
4004 217
4509 274
5132 2207
5865 1046
5902 2045
5968 1711
778 2099
1132 2036
1359 2046
1364 535
1861 2337
3813 1134
5788 1060
5834 2383
804 1417
1314 618
1559 1823
1988 1458
2191 976
1232 2163
1250 2030
1782 182
2323 2082
4753 45
5914 2195
280 2408
1116 2115
1325 2031
1413 2028
1876 1704
4066 1448
5461 1990
98 1011
595 879
736 1149
3783 677
5376 651
468 2321
688 1817
747 2369
943 2127
972 2351
1112 562
1690 1715
1695 1823
1929 1823
2304 875
5590 2276
5729 1653
407 982
737 2186
2605 557
5431 465
5866 2353
735 2317
774 1350
1453 2307
2054 976
2305 630
6326 2229
218 1337
373 1388
666 1628
2111 1465
3091 139
5849 1702
6179 2374
73 561
1519 618
1728 1655
1831 1977
1936 1823
2033 1704
6315 2114
941 2010
994 992
1990 1458
5342 1505
5807 1767
5965 1398
1436 2458
1602 2093
4186 294
4547 1856
5926 932
6092 303
186 298
282 570
1249 2028
3659 1500
3940 187
4000 1856
383 1478
521 2427
1981 2082
4123 1009
4484 2052
4924 349
5271 1987
6287 961
1005 2419
1181 1674
1315 2413
1822 1381
3685 1255
4719 2039
5810 916
6195 1710
78 372
599 1747
615 1932
1372 618
1594 475
3778 1927
4973 580
5092 208
5451 538
5581 2451
6136 2251
6398 2391
2472 1848
5919 2141
1351 2000
1376 618
1508 618
1684 1823
1693 1642
2231 1465
2334 1656
3919 745
5420 15
5482 274
6189 383
443 123
1114 1995
1400 517
2062 976
2192 1423
2750 892
3710 1536
4377 1734
1 2105
522 1986
860 2076
1219 1900
1418 2023
1425 1185
1905 1465
2317 1904
3797 1715
4822 1139
5890 2039
5901 1809
277 1238
1385 618
1802 1656
1879 1704
1928 1642
2122 644
2135 1465
2668 1904
6258 1274
1202 2036
2942 752
4834 2087
6202 1468
978 1274
1117 1073
1139 2031
1201 2036
1414 2070
1846 1497
2202 2314
2829 2353
3030 1119
3807 892
6111 1114
6431 1657
779 551
1045 893
1601 464
1762 2337
1807 2234
2225 1465
5771 2124
6170 200
672 1692
683 1977
692 335
709 1861
1399 2096
1615 2046
2311 1904
3397 790
5094 1655
5217 2164
5752 2072
707 1161
837 1318
1158 2149
1895 955
1913 1704
2112 955
2485 1398
3058 1261
3460 1133
3532 1655
3553 703
4316 1359
4504 1569
4711 800
5079 1461
6263 1232
143 1093
673 2287
1664 2201
3586 1258
3760 527
726 2122
1064 510
835 1181
1060 507
3934 1046
4821 566
4941 2270
5343 1390
6400 1456
807 1762
1423 1901
1836 2460
4996 2036
36 2184
965 2313
1244 2021
2147 1466
2306 875
3126 930
3564 2161
6025 39
127 854
492 1618
1855 317
2350 1656
2595 1283
4536 606
2824 764
3967 1052
1355 437
1706 505
2240 1458
5952 715
1407 1182
1408 2223
1503 1271
2132 1704
3452 1176
4084 2195
4404 2208
5313 1916
5527 652
5963 1224
842 1351
1173 2018
1975 678
544 2403
1272 2021
4715 1710
4993 563
5469 391
1230 2104
1254 2021
2137 653
4050 637
6264 2101
803 535
822 434
1685 642
3501 2294
4605 98
4999 563
643 396
2891 1658
3773 1655
4886 827
4988 58
5755 1929
428 1773
695 668
1054 510
1137 1995
1403 564
1937 642
2768 1488
2786 685
6427 87
461 391
1793 644
2067 1466
4718 2014
4853 2208
4872 826
5309 2344
5372 396
5686 1931
5912 581
591 1799
1176 2022
1180 427
1320 2177
1345 2036
1858 1642
1923 1918
2014 1704
3526 2195
3584 618
5046 2419
1586 1986
3477 594
3666 1247
4480 2173
5522 2400
5827 329
327 2343
475 421
511 2405
1052 590
1322 39
1655 1794
2063 976
2217 625
3394 1341
3483 1615
4745 1161
5889 2453
5939 1256
103 2295
611 1678
775 1631
1228 564
1406 591
1732 2460
2495 1063
4017 1373
225 1120
250 2290
691 952
1331 591
1380 325
1868 2307
1961 2082
5110 1672
5373 264
5955 2285
6224 434
1065 467
1798 1704
4583 1859
6385 2456
583 624
1443 2307
1920 1704
2091 2082
3874 1247
5561 1656
6185 1133
1013 514
1848 1537
2086 1303
4724 62
5743 1387
5835 1309
680 194
1217 591
2010 2234
5052 1001
159 635
404 938
629 2303
728 1432
841 1318
1801 955
1865 2060
4356 1927
4964 486
6030 1311
6212 2403
3759 642
3914 1502
4899 2208
812 2377
1348 2028
1513 618
2234 1465
2332 955
5985 1326
217 18
360 1176
996 1952
1334 1349
1963 1680
2101 1680
2774 1885
3528 514
28 1102
1165 2036
1261 457
1754 478
2117 1656
3589 1619
4079 1888
4326 2191
5050 1019
5764 2251
6187 1338
2087 2082
4405 2083
4506 2456
5837 1101
6275 1681
367 312
1460 1715
2015 1656
5428 1771
6389 1482
669 693
2491 1465
5744 358
5998 167
6429 520
520 547
693 1387
1616 2379
1884 557
2232 1093
2936 200
4464 669
4515 2115
4700 2460
6434 1759
68 228
123 182
852 1506
2220 1470
3691 1337
3947 187
6039 513
790 1767
1551 31
1682 1442
1941 1381
1998 1656
5404 1771
1277 2017
1305 2413
1914 1656
1962 2082
3772 1388
4054 2186
4778 1360
4966 2017
4978 487
1319 591
2012 625
3583 2096
4220 1086
4428 2176
4981 2398
5766 1066
5982 1463
343 2008
1528 1098
1775 2307
2009 1656
5523 505
269 2180
1851 1823
1916 1704
3595 2414
5583 2148
5953 675
331 1419
940 1517
1149 2021
1681 1823
2221 623
3957 2309
4118 48
5798 2321
2335 2234
4322 192
4974 1019
990 505
1174 564
1371 1195
1800 625
3958 1068
4275 1567
4696 2083
5689 2418
6371 2321
4789 496
6107 52
450 1535
951 635
1296 1907
1747 2337
4403 858
4855 530
5475 639
6210 1612
231 1455
1653 1993
1719 2268
2036 1918
2769 2361
4779 820
5787 503
117 2377
637 298
865 425
1189 917
1553 2114
2025 1704
2322 2082
4153 805
6413 1704
302 1230
608 2346
1278 2021
1694 1823
2596 1777
3395 853
5100 1345
5307 1771
5967 2314
6307 2125
1603 1715
1648 1995
4754 141
5423 333
1129 1995
1226 1316
1643 2031
1826 1656
1862 1622
2318 1303
4089 2042
5066 188
1297 1680
1904 1465
1958 1230
4414 98
4738 183
6452 783
1004 1695
1160 2268
2037 425
4137 1931
5355 1274
5701 571
459 111
545 2320
606 1285
1166 2039
1892 625
2480 1680
4097 2366
5813 1767
118 197
543 272
1120 2021
1546 2026
1557 2010
1767 2046
1955 1230
2321 2082
2474 1466
4743 1963
5544 88
6276 775
1289 2307
1545 2039
1700 1715
1890 1822
3830 1719
4815 2152
5571 1280
41 417
394 1538
2483 2082
4168 891
5891 2035
6140 752
6383 1980
1605 642
3709 1139
787 1028
1536 2023
1718 2006
2715 2246
5900 2039
6415 2459
268 1166
1030 1598
1710 575
1927 687
2114 1465
4113 1878
4261 2052
418 1985
655 1673
1896 625
5368 2037
1554 973
3829 1562
3993 1856
5076 345
5904 1119
2479 875
4552 951
6308 1616
110 1070
1216 591
2209 1680
6318 511
219 375
713 1441
1966 101
2115 623
4786 214
4979 1209
5356 174
5893 152
6349 1393
172 1548
420 638
1056 510
1843 1384
2102 557
4686 1527
102 1315
549 2454
1662 1238
1733 1456
5803 59
6312 686
694 257
1026 1977
1133 2021
1357 1809
1583 1428
1619 2046
4887 373
1638 2021
4390 1493
5757 2112
1378 1953
2337 1465
4342 426
4680 1022
160 1120
1448 618
2118 2234
2484 1680
3472 60
1108 1073
1891 1230
3838 1055
4485 214
5775 2297
221 972
891 2447
1360 618
1934 1823
2208 1680
3200 1954
6021 1019
1182 1997
1409 2388
1639 1995
2138 1918
3455 2377
5263 332
5717 2286
6127 1256
938 2106
4912 2086
4980 564
6331 1692
430 1819
1317 1316
1490 2337
1766 2046
1774 2307
5620 1989
5838 2043
19 1791
902 59
1070 974
1463 2062
1840 1918
4384 214
5338 1775
5806 916
425 489
754 189
1233 2021
3712 180
5185 1539
5505 1151
2013 2234
2198 1460
4416 214
4551 65
4874 753
5367 704
5984 1484
6175 383
1377 517
2042 2082
2603 557
4620 1820
409 1973
703 2100
1303 1907
1330 2021
4854 1936
5872 1639
5918 2307
6272 522
175 1865
649 142
1042 1462
1238 2044
1274 2021
1341 2030
1474 642
1509 2413
1656 1622
1989 1680
3954 1221
4927 349
5114 2418
4825 157
799 735
2107 557
5778 997
1041 476
1123 591
1152 1811
1347 1182
1451 2307
1863 1622
1476 475
1633 2017
1731 1260
1847 2337
2000 1656
2099 1458
2207 1830
3530 514
3805 1769
3961 2174
5736 257
1395 2046
1595 642
4106 364
4309 430
5075 1357
6291 1610
442 658
724 1697
753 2408
1313 2439
1373 618
2471 630
3482 1151
4015 2042
5830 172
5869 738
50 303
235 171
314 2225
679 1093
1579 1975
1736 1918
3794 1885
912 590
1063 519
1143 2036
1164 1347
1282 2021
2794 1321
3157 904
5563 2435
1398 517
1427 2390
2343 1465
2475 1284
3612 536
5805 1767
6430 1194
272 1315
904 1136
1107 1390
1363 676
1547 1516
5867 76
1424 90
4411 208
4783 192
5078 1918
5836 1101
515 1
1637 2026
1841 1918
2005 2077
4061 1715
4361 353
4604 2338
4840 253
5555 928
1635 2021
1948 557
2215 2082
2602 1680
3084 2444
4111 62
5720 2164
6077 522
1146 2028
1689 1715
4465 2338
5067 247
1335 591
1779 2379
1329 2030
1432 1520
1651 1994
2339 955
4785 993
5844 518
973 1961
2034 2460
2476 1904
2826 635
3775 1655
5599 206
1853 1642
2324 1680
3863 1782
5860 1178
6379 2384
1163 2017
1262 1435
2043 1680
5532 1952
1190 2024
1318 2397
2593 1466
712 1490
1225 1995
1468 1565
1835 1918
2345 1465
4432 1894
536 929
1531 1845
1849 1823
5346 1778
439 2000
1195 487
1204 304
1919 1977
4353 1868
5531 1534
387 1833
1301 2046
1729 1975
2021 1977
2136 1704
2481 1680
2488 1680
5123 2106
6382 2075
653 2370
1450 2041
1678 1237
1908 1465
2218 1656
4383 2082
4958 562
5116 1603
984 1468
1212 2021
1455 261
2224 625
3916 1063
4295 1269
6084 1637
1141 564
1562 642
1935 1986
1959 1680
6085 1093
6316 31
748 2143
1344 2028
1475 642
1860 2337
3649 2101
4373 2042
5507 2052
396 95
1142 564
1487 478
1799 1704
2024 1656
4360 2439
4487 1968
4961 2061
167 1759
1128 2021
1169 510
1857 2050
1930 642
2222 624
2342 2234
2839 2275
3911 992
4422 1318
5674 396
1192 2023
1404 2027
1740 1200
2022 1465
2092 1458
2125 2234
2126 1656
2139 1260
5506 740
5698 1071
1310 1907
1622 1907
4844 388
5411 1248
5930 1934
1324 2023
1445 517
1537 2031
1628 735
4163 1657
613 2186
884 1960
1057 1437
1346 2036
2469 1283
4902 1869
6142 1232
88 345
493 141
894 748
1494 1537
1625 1907
1833 1918
1897 1656
5047 2157
5077 2126
191 1184
329 1609
1544 1605
2319 1230
3795 2083
3973 1858
5069 2326
5093 45
6005 2164
1584 1841
4062 2361
4906 1847
5595 639
399 290
567 401
869 2168
1473 642
5017 1384
3563 1702
3910 1367
4732 411
4987 1762
185 2263
892 1295
991 1548
1612 1907
5103 2267
4760 2042
6049 1798
342 1390
1607 566
1834 1918
2765 2291
4043 1664
4761 639
5328 709
878 2310
1525 478
1663 1539
4058 64
5277 74
5359 1320
6002 2208
2008 1656
4127 2287
5104 2112
480 2286
870 1657
4222 975
4795 1395
4890 406
5055 166
5796 2321
6128 443
426 270
1555 2021
2478 1283
4970 564
1131 996
1506 505
1652 2407
1665 1127
1776 112
2230 1656
3796 2082
4308 137
4337 870
4649 2131
1135 2026
1483 2058
1516 2096
1780 2414
4655 529
4895 805
4936 1692
4957 2283
675 2226
1008 1172
4285 1538
5994 2193
270 2032
336 6
1136 2398
1218 564
1444 477
1617 2046
1730 1368
2325 1680
5097 651
168 2408
1294 1948
1332 2237
1786 529
5793 1886
5894 2184
94 368
855 287
1101 1073
1270 2020
1623 2307
1825 1704
1960 557
2140 1918
4093 1944
4615 649
5325 740
5751 708
77 1777
705 511
1511 212
4265 1986
5887 2456
1467 2062
2347 1465
3806 1769
4120 296
4219 406
546 1702
1220 2397
1366 2046
4044 2274
4805 2277
5353 2344
6020 1893
6157 1592
290 1830
1255 591
1464 527
2822 207
3203 359
5016 2338
5951 484
6380 2010
561 1292
1674 475
1745 642
3983 1139
3990 217
4091 536
4147 2174
4959 2014
997 558
1161 2144
2018 625
4675 2118
1526 95
3107 1399
4321 2398
4995 1310
5221 373
4597 993
1472 642
4165 81
4237 2170
6145 1997
944 672
1014 214
1194 1538
1288 2413
1610 535
1997 2234
3816 746
5259 2046
6137 1183
441 1209
1127 1995
1504 2413
1725 1238
3758 1369
5566 2251
639 358
937 847
1304 566
1575 642
1577 642
1769 2046
2316 1460
3609 2052
4303 556
5130 356
955 318
2028 1655
4869 736
4984 2390
6428 1770
2096 2359
4820 1119
909 717
949 442
958 1885
1258 2021
1564 505
1640 2236
2320 557
4263 229
5745 29
6014 1397
6352 935
738 1194
1442 505
1716 2021
2124 955
3695 527
5095 398
5 1631
230 1720
457 2404
552 1778
918 1609
1252 996
1361 517
1850 513
4080 1195
4136 189
5888 2456
6296 721
171 118
178 1461
390 2076
435 686
1337 1899
1556 2021
1659 475
3672 2080
5280 2042
5800 2041
415 503
720 414
1211 2024
1649 2247
1670 485
4211 1482
4525 193
4873 1873
451 837
733 1998
925 270
1632 2177
1642 1362
1932 153
2667 1303
4072 247
5929 897
6246 330
663 1868
1148 2039
1669 1238
4076 2278
5018 1793
5944 727
133 458
1515 2046
1540 2020
1582 317
4451 1761
4593 253
6007 1777
1213 2030
2104 2314
359 2132
873 1726
882 2254
1381 535
1430 2177
1481 2051
1505 2218
1542 1995
4569 1463
5526 2141
375 64
1734 1918
4434 2272
447 1535
1259 2021
1741 642
2314 1283
4426 1396
4777 571
5087 921
5594 127
5614 535
5942 257
641 1490
995 143
1007 1695
1271 1352
1375 2075
1492 1823
1580 280
358 1295
411 2200
537 1779
2133 1916
2309 630
5233 2243
5436 1793
5530 317
5854 800
1126 2168
1561 2062
1588 1260
4187 572
4248 278
4443 2228
228 1706
805 1702
1702 1270
4425 2082
4730 2046
4800 2112
5446 639
5543 1373
5983 797
1206 2021
1673 642
1738 1918
4064 1885
4329 898
4534 2112
1130 591
1175 617
2338 955
5072 292
1550 1531
2106 1680
5294 446
5308 951
1299 1195
1421 1995
1978 1458
4142 1884
377 1712
836 193
1171 1993
1196 2021
1727 577
5688 553
6437 2427
624 456
880 143
1477 478
1650 2020
4040 1369
4439 709
4939 2067
5056 319
5776 1059
2467 1808
222 414
1456 2320
1538 2024
3997 1693
4018 1986
4799 305
3568 1356
4179 577
5278 627
1340 564
1356 499
1599 642
4320 470
4427 742
4474 1927
4568 625
5293 2174
5019 1846
412 1098
1154 427
1541 2028
4437 1149
4503 1205
4903 1919
1803 1850
2088 2082
3848 2310
4157 1888
4708 2019
1462 597
1539 2031
1626 2449
5013 2191
1059 8
1326 2036
1488 464
4003 2311
4440 64
6023 2236
491 1344
890 450
1066 651
1573 2337
445 1644
1680 642
932 1337
3837 656
4776 1101
5286 1980
886 115
1122 2031
5971 98
620 1101
861 2448
1339 2138
4368 1274
5785 1882
6208 819
607 1897
1205 1811
1307 618
1748 642
1844 2313
3860 2394
3982 1507
3994 2123
4600 1101
5060 1928
5855 1373
602 1790
1624 1680
5711 1792
6073 2021
144 147
1223 2104
1781 2307
4907 430
5497 350
6197 2455
1379 1235
2100 1712
914 2052
1752 475
1951 1458
2090 2082
2482 1680
4543 1846
1293 304
2093 2084
4867 2147
395 478
887 568
1349 2028
2017 625
2035 1539
3603 2135
3728 344
5361 951
5946 813
1338 2138
1435 2021
1644 996
1942 1704
2032 1921
4077 158
4239 214
5777 1904
5873 2025
1411 2272
1507 517
2105 440
3847 2012
4310 430
5215 1143
5504 1535
1198 617
1286 2029
4259 430
4466 121
4529 2310
5427 2186
6043 1941
211 447
1842 1655
4888 206
4926 349
82 287
761 1932
1048 2014
1300 517
1393 1195
1581 1918
2203 1557
4476 81
756 1296
1606 2439
1773 2044
2030 514
4035 847
4189 2310
4300 227
4365 208
625 685
1343 1940
1698 618
5892 1618
422 189
744 2054
1708 2461
2669 875
4190 214
4419 2297
4424 2195
5098 2130
6154 2311
6423 1362
4837 2335
424 327
1291 1907
1323 1316
1980 1458
4068 297
4178 763
4859 592
5005 2195
1478 1712
3615 31
847 1589
1449 2282
1712 2132
4078 980
730 193
1671 2337
2341 625
3123 40
2031 1267
4141 1770
4748 2130
4841 1869
5090 917
5797 178
1837 2460
2601 2314
1125 2104
1290 535
1358 517
1902 1704
1933 1823
5773 2297
5040 590
849 537
5374 1529
1336 510
1415 1322
2219 955
4699 1100
4976 2035
134 2184
898 678
1229 2272
1576 642
1672 790
1688 1904
2804 1919
448 2442
1191 2017
1777 1680
3828 274
4402 1066
1248 2021
1368 1907
3507 1936
4826 65
6350 2359
132 1603
3561 2140
4138 782
340 1384
1735 1918
1995 1884
4045 235
4169 1988
823 1988
1241 651
1510 517
2204 1680
3658 1810
4712 457
5150 2114
1859 1631
4452 523
5377 564
5981 972
6455 1453
391 9
993 722
4733 2099
4829 2286
4908 1139
5004 464
5481 2087
6226 115
6280 444
1704 2379
2113 2234
3872 1585
5874 313
6306 360
1279 2021
1629 2307
1760 747
2477 1904
4319 1612
4511 2310
2776 1959
4400 1366
4797 125
1178 2021
4457 1888
226 722
3984 2461
4088 81
5327 1406
43 1685
1931 153
4325 1391
444 125
660 218
1410 2390
1527 2075
1697 2217
4911 2078
5080 283
879 1829
1246 973
1589 1200
4085 2191
4417 468
4438 826
1001 334
1739 2313
1742 1715
2604 2314
4444 1770
4725 1778
5786 1914
1845 2326
4492 1345
4811 2208
4861 993
848 1851
1242 2144
4705 2042
4933 64
4985 1059
6022 1463
6257 1421
979 405
1369 618
1717 1993
4074 1002
4573 358
4940 1530
5455 284
6064 1868
651 1856
969 1792
1756 153
1974 1680
4048 706
4284 392
5577 1504
1867 2046
2089 2314
5852 1868
5864 1666
101 632
953 1595
1611 2359
3946 1919
4332 1118
588 433
1431 1995
4352 119
432 267
3861 2385
4081 723
4249 636
4831 3
5409 1101
438 2460
458 2087
888 2316
1596 598
4272 1579
4809 740
638 418
983 2082
1839 2426
5022 870
464 650
4087 1864
2201 1712
4174 2263
4327 1349
4858 568
5257 343
4765 1663
5460 253
1618 566
2770 2246
3808 1885
3815 917
3909 1367
4039 837
4262 2019
4695 2171
5120 297
1768 2046
1999 2234
3803 580
4119 158
311 2287
514 1679
2110 625
3594 1904
5062 2323
5184 1996
173 193
4052 2249
5310 64
6076 1326
854 2098
1134 2365
1604 1715
4788 1493
6463 1779
1686 527
2312 1904
5413 1771
5774 2297
1009 207
1214 591
1609 618
1099 293
1119 591
4032 120
4545 2228
6172 1318
662 1097
1866 618
1996 644
6110 2391
1426 2030
2020 2234
2308 1920
3814 654
4057 2196
6050 132
4394 803
4491 1448
506 1433
1260 1674
4793 1216
6251 1666
793 337
4176 85
5881 2255
820 2013
4294 1224
1121 591
1199 591
3562 1345
5418 1993
1239 304
580 1209
1096 946
5096 2014
402 2135
4808 1345
6363 2221
885 432
988 1442
1646 2017
4956 1338
5525 2111
6417 458
540 1953
831 352
1883 449
3811 1177
4727 1819
5882 4
201 1490
1221 1182
3610 2029
3671 1995
4806 2208
4810 2082
4816 158
4860 214
1167 2021
1193 122
3981 546
4293 470
4684 1539
474 1282
1922 1260
5088 408
503 269
3859 1622
4108 2277
510 2405
563 316
740 1637
1179 1995
1251 1978
2841 2305
4387 1840
4486 2078
4842 118
5760 1882
1645 2024
4042 218
4362 1908
4516 1538
6204 2283
6396 902
366 1356
389 2236
1153 427
4481 2033
4877 1216
5405 53
5463 2101
899 1421
4110 574
4827 2387
5311 1885
124 193
456 1438
654 383
4154 1846
4496 486
6250 434
1234 1993
4011 441
4965 2028
150 1926
810 1417
1162 2030
1764 475
4554 239
5305 737
4462 2208
531 2273
1530 2096
1772 2307
4553 1065
4828 2338
6026 2029
6041 2359
863 378
2328 1712
4878 1726
5410 86
429 356
1151 548
4603 253
5495 1536
4401 1913
4433 486
5059 2333
500 415
518 1209
1328 2031
2823 1946
5812 275
523 2023
1620 1873
4013 2009
4086 1864
4380 85
5279 826
5784 1430
829 2411
1532 2049
1608 2032
4566 2186
4856 451
5472 820
5962 825
883 129
1264 2014
4271 1208
5037 1676
348 1086
924 629
4126 316
4610 550
5281 1926
5762 596
1124 591
2212 1712
4790 639
5044 2157
6346 1921
1938 1986
4031 1291
4073 1555
4518 2323
5851 80
2123 1704
4161 1761
4746 1502
5312 1477
5576 2277
5876 2014
593 98
1382 517
4170 110
5850 1247
1482 642
4512 2296
5063 2196
4726 2453
6031 986
462 438
2016 625
4328 206
1838 1918
4166 1455
4852 2042
5073 461
5296 2178
6113 1610
4454 1959
6198 2277
1416 2021
1763 1642
5759 1461
476 2033
1298 2075
893 547
4102 474
1679 642
5468 1928
872 1986
4483 484
5509 532
291 178
5808 640
1273 2114
1480 2058
4990 666
4098 1926
5885 2054
6035 723
1585 1238
1743 1824
1852 1442
4575 1960
5024 2208
1479 642
3641 1550
423 1609
864 1566
3985 2226
4477 2313
4595 330
5516 502
6108 1701
242 1775
590 349
690 1324
1744 1904
4448 1832
5242 505
5282 948
795 115
4257 1833
4339 98
4482 2322
4736 706
5613 320
1342 1995
4191 2174
4389 1243
4817 2195
533 256
2763 2263
911 1096
2805 1458
1699 513
2121 2234
4893 805
5903 735
4051 1114
4636 1205
5106 2244
661 447
1350 2021
4900 476
5970 1832
917 102
6348 1824
5258 980
5500 2320
516 703
1778 2058
4386 1959
4221 2444
6355 536
4894 522
5108 2310
5256 253
4521 2195
5758 2349
507 2049
859 1908
1687 1904
1401 1948
4143 990
4784 2200
4864 1702
4983 2036
5414 1237
700 996
1631 617
4494 2043
560 96
1090 2029
1306 72
4014 14
5084 1761
4513 2042
5940 1558
1197 2021
4812 407
4898 49
3862 2182
4129 432
4953 1477
5518 771
977 1433
907 1388
1140 2028
4467 2330
478 1656
5508 1928
4528 65
4659 2446
1925 1902
5089 2127
772 1176
5794 1751
381 1985
830 2338
4156 510
4857 141
5345 1702
850 1734
4311 1856
4527 1463
4881 1077
557 2094
4090 2313
4218 817
312 2343
755 1537
4412 1888
5107 2015
5947 2397
485 56
1397 351
4128 1558
4355 559
4375 1903
4418 1761
4909 1437
6252 2353
605 213
1705 1980
5853 2405
148 178
332 615
4830 1894
4306 1976
4495 440
4591 1856
5562 1588
1237 2021
4112 1903
0 421
1598 642
5862 540
6259 1587
3456 1012
4100 337
4749 1056
5209 2243
858 337
4340 1119
4460 2387
5074 9
5861 420
6354 2253
1755 2337
4904 837
5496 1555
3656 1579
4240 1685
3680 2014
4531 832
5360 584
1053 2220
4095 428
4346 1010
5447 2208
1295 478
1701 1374
3629 2094
4109 1894
4345 1369
1312 95
4493 2396
4762 1941
5023 1754
758 735
1641 2021
4442 1366
1394 1163
4744 192
908 2112
1713 1341
3804 675
5035 1913
4139 1361
575 123
4409 2208
4747 330
4896 1579
5440 2034
5906 272
4420 1751
3618 634
4463 350
4798 1379
4029 1078
4140 482
4381 2191
4737 94
4876 1919
4063 1972
4752 1856
5877 2210
818 1898
4145 1680
4201 1579
828 529
4539 1621
4729 1928
5030 2286
5051 1477
4813 1506
5875 2008
824 337
4200 1770
4843 1010
5038 1159
5424 495
4624 1602
4913 450
5429 105
4555 1589
6265 108
4122 245
4177 371
4863 1194
5329 2315
8 300
866 1851
1491 2062
5321 1341
4357 954
5071 1562
4124 151
4709 1011
819 484
742 21
5033 98
4914 1183
4500 634
6152 2039
4343 96
1265 2398
4338 2042
4347 1585
4804 1412
4910 1959
4541 1926
5326 110
1535 564
4408 1840
3356 1753
4266 212
4787 64
797 2394
877 655
4096 389
4144 331
4155 1461
4838 235
4264 2140
5260 1552
798 428
4472 2310
4892 1539
5459 20
4302 72
4125 1962
4839 1902
4455 1770
4441 2042
5068 1065
4728 2286
4399 2228
4238 292
4770 105
5344 740
5470 102
5058 1584
5603 982
6042 844
4376 837
4594 476
596 1662
1267 526
4501 1009
5430 2084
324 1967
4769 1856
4030 568
4107 1545
4307 125
4848 2052
417 1662
6290 1232
4388 2315
4989 1488
5387 475
4453 870
5146 1264
2879 1453
4374 1392
4490 2310
4507 1258
3631 1315
4286 2387
4824 65
1269 419
4236 2042
249 2366
4241 1194
853 2013
4530 1693
4685 568
4188 2052
4561 96
5425 180
3839 193
4367 2415
4772 2014
5379 303
5419 2368
4706 1539
5015 392
5352 253
4750 1918
5057 1858
4567 1833
4260 2042
4305 2042
484 252
247 1852
4146 1078
4596 436
4101 529
4768 1919
4592 1846
4807 606
4986 1621
4037 2417
4407 1959
4514 19
4577 1802
1534 2017
4847 2173
1268 419
4517 2228
5494 86
4574 294
4475 772
4395 422
4763 2286
5085 790
5924 1893
4385 1848
5034 86
5394 1195
4366 2152
4350 837
4406 1192
4164 1579
4658 1579
4767 1655
4333 1685
3617 321
4771 458
5389 2249
806 1973
4210 2344
4962 617
4559 81
4720 155
5471 2052
1311 835
4192 529
5014 81
6462 2421
5491 1596
4576 1941
4707 1205
4570 1370
840 507
4479 723
5934 1072
4382 2065
5386 388
5458 1492
5863 2012
5795 1761
4393 529
4520 2420
4348 2226
5510 651
4099 471
4862 1205
538 396
4897 2227
4354 1823
896 1407
4818 1353
3588 2207
5220 2307
4562 1795
4304 1369
4334 1763
4349 1926
5061 1919
4344 1265
5412 1840
6086 2433
876 1851
4069 1729
4560 2304
4623 110
4358 2042
4792 1770
4791 2042
4546 1928
4751 1353
827 1130
811 1202
469 805
5448 1985
4461 392
5036 1194
4502 1919
