img00c1.jpg img20c3.jpg
3593 1328
5829 1345
2508 1227
3551 1204
2446 1227
6224 1708
3608 1401
4261 1365
3007 48
3710 1146
960 135
4122 1215
3601 1447
5231 1452
2661 1227
3503 1441
6600 180
3612 1218
5243 1370
2358 1227
6008 1215
4112 1390
6717 1741
5632 1544
4249 1736
5170 1581
6268 1326
3347 1089
569 1182
6634 1365
6608 180
6060 1795
2819 121
5840 1736
5839 1204
4159 58
5104 1532
403 1392
3507 1441
5349 1708
320 119
3716 1054
3606 1447
667 1644
5978 1324
3833 1530
3613 1167
5571 1708
3033 121
5227 1370
2431 233
2959 1227
3682 187
3576 54
3787 1449
4817 1329
3464 448
505 119
5169 1581
2379 1923
6077 1328
3720 1392
5207 1251
5215 1581
6196 1505
6737 635
2196 188
4153 1893
4267 1392
2919 233
3547 1210
6721 1900
4281 1392
4572 1251
5685 135
3618 55
6435 2093
3102 2044
3578 1392
3132 1053
5832 1204
5849 1392
3108 48
6025 1923
5959 1480
3599 1453
3168 233
41 32
593 191
6490 1312
145 119
3705 1336
4540 1707
6172 1707
2956 48
6704 1530
4165 1615
2606 89
5277 1544
3762 2037
5208 1237
4301 1237
5168 1268
3598 1190
5118 1644
5742 1708
4330 1215
1322 1566
4125 1893
5214 1268
3480 55
6003 1290
461 1218
3487 1401
3553 1215
3039 1220
3089 121
528 119
5770 1644
900 191
3611 648
5495 1686
4996 1141
690 1200
3597 1167
3969 230
2852 1328
6133 1581
2960 121
3561 1141
4596 1328
3614 1708
4211 1376
411 114
134 1823
511 119
101 27
3175 54
863 121
3085 48
5167 1708
397 1459
474 119
3160 30
6124 1707
3358 1377
2770 1453
52 38
3427 656
2280 62
5477 1644
6002 273
718 1211
5226 1708
5757 1329
4373 1644
294 119
3591 54
2697 595
2824 233
3051 30
385 114
5466 135
5633 998
5847 1736
5848 1377
5882 1447
5830 1441
280 192
323 1708
3596 1442
1922 518
4272 1365
4016 177
5063 1707
3706 1147
5014 1484
6501 1795
6629 1741
2942 1707
3617 55
4927 1452
4600 1708
637 1795
6562 1570
2116 1227
457 1441
3644 1442
6090 1331
5609 1536
5555 1644
6247 1795
2557 620
5262 1053
3454 1708
5998 1408
2152 1923
3346 1370
5101 1708
2880 20
3202 54
4363 1573
3393 233
5180 1577
5213 1577
6104 1328
2153 121
4399 1644
5527 1644
5171 1237
3698 1320
5537 1555
727 1459
3408 1447
6712 1370
3602 1175
4158 101
6411 96
4971 1708
5610 1570
6018 1208
64 38
2502 34
2514 233
3458 319
4898 1131
710 469
2467 1371
2589 233
4271 1338
5244 1237
402 135
3520 589
4334 1370
6095 1274
681 132
2289 1525
2544 2076
3942 1370
5999 1473
6549 1570
537 119
3504 47
4243 1392
5641 1452
6548 1581
6550 1268
6613 2093
5508 1379
5977 1073
444 119
4084 1501
4257 1441
3133 1546
2112 1221
4085 1504
263 1708
3717 135
230 1013
702 469
2983 1190
3056 617
4558 191
400 644
573 1711
3131 1492
4350 1362
4361 230
4532 187
281 1329
1873 495
3821 1530
4140 1429
560 1702
5074 1343
5255 135
450 1566
518 119
2428 121
5469 1328
6014 1343
6607 1370
125 21
521 119
977 1208
4584 617
5760 771
824 230
3383 1130
5052 1637
1362 1095
2558 121
6500 1582
1514 1338
5216 1237
6019 191
654 225
2828 1220
2887 121
3214 494
4448 1146
1454 1178
3385 1328
2696 1566
6134 1370
3126 89
3704 1505
261 119
3615 1441
5620 191
5689 2055
5766 1217
2297 85
3072 54
5833 1632
848 225
2746 121
5186 1457
6372 1708
6101 1328
3213 77
5668 1480
3693 1261
3331 1447
3572 58
5437 1343
1161 1210
2863 48
3795 135
4940 1336
5608 1536
6731 522
3264 233
3485 527
4322 1337
3823 1620
4510 1237
2133 1221
4571 1251
5334 2044
5554 1708
6082 1274
249 611
616 1379
2911 1190
4242 1213
6537 1592
6585 180
670 1795
3680 1318
3978 1329
152 27
3042 1592
5038 1637
4161 89
5678 656
6711 1709
3941 1370
6477 1739
6681 1312
2632 1221
2792 89
2848 121
3334 2055
4303 1987
4531 348
4539 1465
2080 1449
4293 1679
4376 1646
5884 58
709 101
2257 1459
3729 1120
3650 168
5279 191
226 1032
3143 1453
4157 39
5291 1618
410 656
3639 1447
3912 1620
660 188
2664 1110
5194 1053
2662 1164
3953 1708
5740 1708
276 1328
3006 48
5875 1708
642 191
2934 101
3652 1653
3841 180
4109 1948
3442 1589
5613 135
4364 612
5348 1739
6240 1708
549 119
849 1451
3979 1620
5276 1377
3653 417
4008 1423
1393 1676
6167 1210
227 123
364 119
4867 1370
5003 1301
5845 1505
586 1219
2304 1227
2816 48
5530 1228
3568 1365
4193 1230
4624 1217
2686 47
4095 2008
2781 1573
3583 1377
4615 1328
4687 259
6260 883
1834 1496
2485 1453
3016 1689
3025 30
4006 1363
5020 135
543 219
921 1441
3620 1708
5173 1452
5193 1370
5791 1210
3463 177
4229 1370
5774 1329
273 1708
4853 1329
6539 1370
3077 233
3723 1274
5556 1251
3571 100
4182 86
6614 402
53 753
2096 1285
2933 29
3635 1421
5073 1708
5144 1632
545 1734
2341 1218
4747 1686
5894 1392
6289 442
4695 1644
1117 1241
4074 883
4915 1426
5714 1480
2739 101
3173 30
3486 1261
5161 1452
6713 2014
884 1484
1185 1395
1527 1566
2242 1227
2484 1453
4606 1686
5878 1166
6049 1725
5618 1708
2984 705
3295 233
4436 1215
6148 1377
701 1141
744 1330
3026 89
3624 1708
2554 100
6262 1297
6266 1312
6659 880
458 47
2462 101
2814 89
4415 230
5688 208
657 1723
4554 1741
5292 1053
58 1453
3822 1580
2117 135
2815 39
15 1449
1572 1566
5459 1708
2659 48
5159 1533
5723 1705
6446 1466
4526 1210
672 132
2264 1495
3032 566
4164 132
5058 656
1797 658
3310 267
4417 1441
5935 656
2529 1447
3577 100
3913 1338
3916 1794
6480 2092
4465 188
5823 1063
5899 1175
313 1689
1314 1686
4207 233
5336 1226
5809 1329
6332 1210
579 219
675 1267
700 1708
5619 1708
988 1342
2504 101
265 226
50 899
288 119
3246 233
5669 1480
2886 1225
3119 21
4552 2055
2793 1221
390 270
6045 1342
1126 1759
2627 64
3770 1120
4321 1881
3643 1279
4724 569
5750 1708
6592 1370
699 191
2694 1208
3189 121
3990 1330
4614 1795
5873 1379
6033 1484
3030 705
4052 191
6006 1678
6727 2084
595 1282
2791 30
3270 273
3897 1274
3998 1544
5190 180
5581 1659
6486 1799
722 1220
3318 656
3424 522
604 1343
2790 30
3697 1595
4546 1379
1087 1379
1506 268
2445 1536
2767 30
5149 1282
6190 467
2486 121
3128 618
3280 1637
3498 1442
3768 266
4045 1869
4694 1328
5022 273
5260 1053
338 1217
3073 48
5181 1581
5888 1216
2555 1453
6587 1312
6658 1880
4012 191
2536 1453
4665 1795
5366 1519
5369 172
3495 303
5519 1328
5761 191
2665 1348
3681 2050
529 1451
3600 1044
5649 1078
5793 2009
27 1603
5113 1484
5972 1329
445 1392
745 1689
2685 1429
3155 656
3187 54
3564 58
4729 1693
5642 1285
251 1269
475 1739
5394 1328
5893 1751
6566 1823
481 165
2780 217
3024 35
3603 1329
4657 256
5724 191
6149 226
124 119
1500 1416
3286 469
3560 1328
337 1377
845 228
2042 482
2452 1172
2888 1371
3428 1801
3733 1285
5796 1679
325 191
3435 233
4029 1376
4367 1505
5881 569
6016 2055
6741 1846
577 72
2579 54
3298 330
3342 225
3429 1801
3594 1392
4015 1147
2830 1168
3243 529
2088 39
2671 1220
2714 48
3145 121
4105 2009
4288 1646
4527 1686
4905 1544
4997 135
953 1208
2466 187
4381 191
4828 1362
6749 377
1335 1795
5296 168
899 160
3380 1447
6282 1754
353 1013
2766 55
3562 1213
3636 1532
4292 1646
5896 569
6743 1972
5854 1641
384 1013
3675 721
5588 2055
6616 1350
542 1581
2633 48
2787 33
3640 1459
4302 998
4780 1380
5350 612
5698 191
5719 2084
232 1032
244 135
2366 225
3409 1095
4671 1209
2403 494
3842 1223
3958 135
5730 754
829 657
6601 528
507 1013
2087 85
2898 1130
3413 233
297 1694
3111 233
3164 705
3235 469
4651 1708
6032 126
309 1708
892 135
1998 482
2912 1190
3389 135
4011 1339
5148 1452
5859 1320
2955 29
3008 1164
3356 1447
4871 941
5647 1708
626 1717
1270 1395
5635 1644
5971 1708
6552 2012
171 1932
215 1823
2174 550
3477 268
4156 165
5911 1210
6647 522
514 1213
2283 121
3188 39
3793 264
6061 1686
3751 264
5507 1823
291 268
3654 1324
4352 1379
4688 231
5220 1405
5569 1708
4 32
726 1566
1051 1004
2444 1190
3035 1324
3719 1329
5857 1459
6577 422
612 1708
3441 45
5681 656
713 1469
1686 1566
3405 1331
4058 883
4091 230
4573 1473
324 1274
3240 741
3343 152
3649 2092
4171 1190
5515 656
5846 1679
5851 1734
135 29
2378 1944
3402 1589
6253 629
217 1582
5230 1632
5480 85
5885 1267
828 1573
3874 332
3995 1377
316 1328
2361 1110
2443 1429
3087 2084
3100 46
3944 1795
5228 1053
2483 39
2532 100
3127 59
3607 203
4149 1441
5235 180
6551 1741
594 1708
2274 21
2844 48
4514 1644
5494 1328
30 623
455 119
2301 705
4043 135
4228 2009
3083 64
3348 1362
358 1223
1099 1147
5950 1708
368 1682
426 339
5684 1686
5784 275
6350 472
430 1566
2075 475
2735 35
3228 529
4479 135
4728 1846
5187 1675
6007 1441
6250 1518
2668 233
4116 132
5145 1750
633 191
3229 121
3471 1210
3967 656
5206 1522
5254 1496
5695 1210
1535 263
2453 1095
3707 656
4332 1329
4372 1686
5197 1649
5765 1210
5785 1708
3582 1421
4075 1729
4513 1497
5204 177
6116 1777
271 1090
3141 30
3500 1297
4002 1288
5436 1708
5941 1090
6211 1801
260 1090
3453 45
3518 656
5090 1795
5445 42
5713 1708
345 1282
1740 1573
4072 273
5661 2055
582 1484
3028 58
3557 1708
3781 1338
4030 771
5259 1458
602 1228
1354 631
1427 557
5521 1293
5883 1447
209 217
252 192
2563 1167
4634 1328
6382 614
1265 1765
1934 1447
3259 1982
3567 1922
3663 1546
3726 293
4160 521
4601 230
5931 1371
6729 521
2535 705
2556 1221
3734 1546
4056 230
4065 126
6083 1708
4586 1328
5232 1451
5333 1461
2592 1094
3307 1218
4295 1492
220 1013
2241 739
3269 213
3546 1141
6536 1741
6546 1689
6510 1814
1230 1657
3253 121
3712 251
4795 1472
4952 160
6563 1570
2578 101
2631 39
3610 1823
868 1182
1201 1349
2923 148
3066 1095
3211 569
4699 162
48 12
467 1150
668 282
1450 355
5091 1291
5880 1204
5902 1329
2794 494
3074 48
3163 1190
3372 1174
5102 1033
5943 1641
6646 619
571 1533
679 1263
1436 274
2511 1348
2609 77
4222 15
5131 1406
5539 1146
6147 612
6574 180
1343 1689
1585 1496
5423 1209
801 2074
1561 1348
3058 233
3662 1210
4126 883
6617 1202
3159 35
4603 1098
4727 69
6723 1049
720 1573
2461 30
2796 620
3136 21
3335 1767
3407 1204
462 1190
2017 62
5715 1377
5753 1370
6657 1893
711 1290
2385 1221
3242 910
3673 1210
5422 15
5438 1708
6747 1975
389 1090
865 1708
2672 681
2989 1767
3147 1324
5218 1570
5596 109
792 197
1605 1878
2861 39
4489 1282
4757 1208
5077 1708
5589 378
5969 1324
6661 1209
6748 2084
607 1496
692 1521
886 1566
4575 656
4697 899
5645 1262
5736 1282
407 1593
850 1725
4233 1538
5332 1094
5938 1329
6692 2000
3670 255
4340 656
5312 1457
5741 1708
5920 1401
812 759
2717 1267
2860 20
3183 1335
3288 1379
4348 1338
5786 263
339 1980
540 742
688 1644
732 162
2931 64
3014 192
3972 1830
5536 2084
6470 1499
460 1274
671 1771
3134 1329
3181 1686
631 254
6716 1445
561 1326
904 135
2768 101
3964 1329
6024 493
6285 1801
6524 1530
369 1739
377 1371
2388 1227
3172 20
3277 743
4418 589
5522 1505
5914 1441
661 191
1216 1329
2020 1221
3015 72
3186 30
3525 1722
4117 230
4906 1686
535 1533
2326 1510
3114 180
3876 388
6359 1985
169 61
378 1090
5616 412
5711 1480
6123 249
278 1679
1355 1220
1629 1526
2769 1429
4661 1210
5007 1644
782 2076
942 201
2805 1290
4449 191
4782 641
196 1651
2315 357
3886 1473
4022 230
4500 1646
4693 152
6154 1282
2195 1510
3622 77
3739 2025
5023 1290
219 214
775 657
3556 1473
264 231
663 1271
1049 486
5046 1686
5976 2055
695 1262
3946 1765
5729 1641
6055 1271
6678 1365
1395 1641
2424 705
2577 77
6444 1326
5913 1193
6213 1324
6582 417
682 192
2575 20
2845 705
4958 273
4972 582
5734 1279
2006 396
2630 39
4652 227
2191 20
2468 1510
2576 85
4435 1708
5408 1710
5811 1812
566 644
760 1644
1208 275
2574 52
3027 54
3994 135
4100 1201
4255 1646
4377 523
6047 1274
6361 459
66 72
621 256
1266 1019
1345 268
1714 1827
3325 230
3975 1902
4446 898
5595 1601
6125 1499
837 1573
3728 1315
243 1546
1319 1669
1870 201
1894 1338
2427 1222
2564 1634
2829 681
4234 1377
5637 123
5643 254
5788 1370
5996 1401
6155 1282
335 1013
1212 1165
2422 1429
3724 1274
3746 1740
4088 197
4152 2000
986 1208
2741 521
3167 1348
3338 233
3558 1484
747 148
2322 101
3646 1586
5604 1285
1141 1120
3690 1686
3695 1708
299 1495
312 119
2176 1222
3103 1678
3355 1204
3488 493
3629 1210
4176 1893
4313 1318
4569 109
5024 1707
6073 1274
6718 1708
438 243
717 1668
2053 348
3859 1669
4131 1421
4174 1649
5672 1120
5815 1261
5956 1261
6648 1392
157 503
887 1395
2932 1032
4048 1492
68 590
146 1433
449 655
2480 817
2777 1324
3309 529
5163 1840
5936 135
6707 2000
286 191
779 229
2884 48
3455 1708
4042 1480
5004 1440
5293 1406
5580 1243
2899 1564
6044 1267
6286 678
76 21
186 1094
1200 1472
3062 1595
3632 1574
4062 1262
4570 566
4892 1644
5655 126
5775 1484
6100 1290
2969 657
3544 1210
4047 1247
6670 1317
34 21
1300 1120
1521 114
2449 1328
2895 469
2900 657
3321 191
2376 1944
3161 101
4336 340
5967 1686
2788 35
3898 2044
4770 1644
4993 160
523 1765
997 1689
3563 1459
2226 48
2227 1231
3086 101
3730 254
3330 1204
4646 1210
4930 1686
87 100
2205 85
2501 100
2608 39
2916 1675
3110 1348
3930 1536
5628 1273
6252 1740
54 1932
1579 1613
2173 77
3203 1175
3357 845
1419 197
2709 85
2866 1164
3079 1454
4130 1421
6586 1141
6736 160
143 805
1157 188
1215 569
2859 1032
3505 1813
4120 1262
4266 1055
5828 1512
1979 1314
3362 192
3692 1564
3875 1251
6179 1052
559 1090
687 1208
1773 50
2239 48
4604 1098
5053 1343
5192 1564
5391 1274
6456 1376
6463 267
63 1923
3197 1243
3519 1447
5989 1389
170 495
599 188
1149 1210
2517 1982
2628 30
3227 59
5039 1473
5084 1523
5646 1484
5676 1453
597 1362
1163 1099
3052 89
3885 1282
4483 1536
4784 181
4928 13
5288 1174
5625 1544
5908 649
5968 1687
6367 1696
6671 1860
60 706
3129 191
4111 1729
5683 2055
1144 469
1448 720
2713 48
3314 233
3501 1406
3794 1812
4039 1620
6606 1331
658 1174
2067 705
3755 1147
4067 1985
4311 622
5357 1213
5808 1311
6440 1297
6547 1800
781 1216
3121 12
3588 1392
5578 254
6251 1519
526 1095
992 225
1191 1416
2377 1944
2745 1225
2778 1979
3374 1210
3669 1369
5603 1329
5650 1285
2463 101
2802 1944
5117 1406
2419 1442
2812 35
2868 1254
5443 135
6685 1609
2074 1449
2580 1190
3579 77
6663 481
583 135
2966 1220
3541 2092
5579 1241
1197 1120
1704 2092
2342 494
3050 42
4335 539
5790 1708
494 1150
551 219
596 1318
2420 89
4188 2040
4865 941
5814 1410
6012 132
6258 1709
6525 1331
102 590
4779 1146
6340 1940
6579 1729
399 1183
973 1019
1657 474
2584 1487
2953 64
3180 1369
3711 1646
3839 292
4068 1338
4083 2040
5015 1439
6225 1708
253 1686
1056 1241
1574 1496
2636 1254
3951 562
2720 1923
3053 1429
3445 696
3479 101
4426 1707
5175 1750
6233 1924
6376 187
298 1329
764 1147
1413 1702
1457 1708
2913 705
4545 1362
5202 1649
5602 1210
6071 1484
6330 2093
6703 486
6709 45
1466 1290
2278 62
4829 1330
617 2092
1261 657
2440 1988
2615 1361
3638 656
3678 1665
3736 736
1176 1707
1852 1221
3633 1120
3970 1073
262 258
2308 1110
2935 1429
3532 115
4181 47
6636 1209
6644 134
1008 1233
4656 191
6098 675
6316 1048
6513 1511
6631 2002
1581 263
2405 612
2469 1348
2756 1187
3012 1944
3260 1564
5002 1362
6305 661
1236 1328
1706 160
3170 1461
3820 1210
3954 1274
2261 1510
2910 85
3573 1484
3677 2041
3910 2066
210 72
1040 256
2862 705
2896 1361
3283 254
3619 264
3754 1398
6150 1523
405 114
856 1573
3899 658
4891 1329
128 805
162 561
355 1694
2471 1944
3078 1923
6694 1639
558 1765
908 284
3336 152
3605 1543
4108 1795
6499 1799
1785 423
3514 89
6580 883
59 1895
341 657
703 1226
2813 100
3139 805
3217 1946
3261 191
4007 542
4583 1646
1548 213
1611 1573
2806 1338
3153 1220
3448 481
3457 1609
5565 1708
2917 1348
4073 1487
31 620
1052 109
4555 135
5136 696
6594 2025
6739 1663
175 1377
498 60
939 632
1044 902
3174 30
3266 1564
4162 236
4333 1376
4907 1644
5446 148
5879 611
6296 1633
721 657
2561 1944
2688 1255
3973 1422
4110 2008
1451 1480
3031 1218
3281 121
3292 191
6576 105
550 1564
2658 105
3586 1392
6278 1859
877 1484
1289 1480
1584 1210
3440 1982
3450 1447
4241 1274
149 931
950 632
1324 192
2719 1944
3297 1835
3371 1363
5964 1235
6379 1940
99 1190
1798 1689
1893 1221
3004 42
3199 1346
3976 1362
4989 213
5401 2092
5492 1943
5570 2078
86 1823
5670 1441
6264 1526
6265 468
735 1770
1455 237
2657 54
3003 64
3763 268
4977 273
5594 1397
185 922
2541 1447
3252 596
3496 1293
4317 736
4744 1583
4793 1758
5997 1347
691 148
1357 1271
1483 1816
1505 1233
3041 2084
4283 1615
4895 1484
6701 1530
306 1678
673 1556
4824 1644
5182 1832
6182 1262
6243 561
6640 1221
1313 678
2451 213
3009 1220
4150 230
6682 1365
1014 11
2038 85
4256 123
6493 488
649 1668
2684 89
2727 320
2779 1363
4196 105
5393 1372
6649 1483
2537 1510
4308 230
4329 1439
4653 1271
6029 1147
67 1431
218 181
1644 1073
2352 1447
2765 1923
3592 649
4981 1371
610 713
2068 1221
2299 1175
2795 1216
2979 20
3071 64
4843 230
5564 6
5780 1308
6439 1527
6665 1641
329 119
342 644
1444 275
2723 657
3379 1204
3542 1241
4227 1615
5644 132
6275 1515
6434 1564
6642 1895
2843 54
3090 1636
3484 1028
4633 259
5871 656
483 321
2295 64
2421 85
2689 1441
4869 941
5942 1392
510 1751
972 1233
1805 1827
2339 805
2708 20
2803 1282
4289 1117
4323 1282
5718 140
5952 213
716 275
2121 274
2367 247
2611 1105
2789 25
5001 1073
5115 1369
5203 1799
5824 1653
6237 1329
6345 508
6630 1181
5 1666
1705 126
1863 4
2390 126
2736 74
2882 1923
2889 1711
3000 21
3660 1546
4195 132
4312 1383
4589 143
241 1148
644 275
2797 1222
3350 654
4186 132
5278 259
1866 16
2839 21
3545 1282
5403 1615
629 1233
1368 135
2738 39
2772 106
2821 1348
3340 1377
3725 629
3803 1329
5812 1480
6604 1166
372 644
678 1708
985 1291
1101 1210
1517 1457
1526 1258
3195 1982
3267 1377
3306 1204
3780 1379
6475 1242
374 1329
567 1559
3099 589
3936 268
4089 1115
4537 1676
6248 1331
522 245
2753 1354
3732 771
3753 1530
6236 1302
6281 1106
6621 1754
756 172
2356 1221
5029 126
5934 1679
6315 656
1125 569
1165 1338
3738 180
4066 1996
4187 1646
4351 1599
5162 1458
5476 1329
6181 1707
6234 1674
248 681
1259 224
2776 1348
2986 1348
5860 1675
5872 1441
5957 378
6726 1982
3104 9
3395 1013
4092 1708
4318 236
5690 132
6206 1226
80 805
778 1229
1573 1467
1970 1221
2323 54
2893 1848
3630 1385
3937 1471
4235 15
4820 230
5722 1520
6360 1772
6378 185
6526 1708
1251 1362
2704 1816
2724 658
3208 1348
3236 1361
4939 230
5912 1678
861 1152
994 185
3694 2044
3702 1375
652 1668
800 1224
2151 705
2340 20
2954 64
3057 1348
3604 135
3840 1383
4783 295
5174 1750
5611 1527
6293 1884
2610 1190
4132 200
283 610
440 582
2891 1348
3326 1643
3968 1679
5844 1223
5925 656
6308 1483
92 931
208 1678
572 364
1006 663
2478 1944
5379 265
71 236
734 776
2518 200
2562 1220
2817 535
3388 191
6219 1223
6575 1507
555 511
1148 191
1210 1200
2159 1409
2479 921
2949 9
3554 1668
5493 1059
370 1708
1373 1641
3184 1994
3237 2084
3245 1371
4137 2009
4471 400
4942 23
5725 1801
5870 1473
5874 1521
6619 481
1301 1377
1761 741
2354 64
3319 188
5597 135
517 1013
2275 22
3345 1414
4135 1526
5425 1342
6523 788
1129 1282
1539 1223
1677 4
5318 144
6431 1136
12 1734
315 1708
1377 1033
1954 971
3144 1225
4046 4
5557 1160
5915 1781
6605 296
564 1530
2721 101
3860 1632
4216 1973
4563 1795
5195 1536
6491 833
746 1033
3076 1290
336 1377
580 79
1977 1689
2607 39
3040 1167
3194 1371
3538 1480
5160 1527
333 264
598 1326
2052 583
2228 1371
2404 101
2494 1922
2771 106
2922 266
3512 1368
4450 1473
4831 768
5229 1546
5356 1098
6664 2003
274 1708
1245 268
1366 1233
3478 1348
3628 1203
4368 1117
6130 194
1175 1329
4759 597
665 1210
1079 263
1203 272
1247 657
1486 1409
1722 266
1897 722
2266 733
2329 1328
3313 1426
4296 177
4680 1290
5921 1505
6097 197
408 630
552 221
2612 1164
2952 1944
3140 101
4282 1454
4778 1241
6415 1495
118 1038
1297 239
1955 2049
3536 1636
3741 160
4470 2092
5843 1329
72 1377
97 1615
188 707
2347 1489
3404 1338
4528 1668
5198 1668
1523 1452
3101 116
3685 185
4028 177
4189 1893
5176 442
5388 1777
5862 1447
295 1147
2277 33
2847 1013
3382 1820
6151 1492
6532 771
6564 1733
3289 1379
4926 1679
5501 999
69 1718
78 896
161 61
246 1484
1262 135
1550 1279
1653 1760
2316 1297
2434 71
2559 158
2626 35
3123 35
3993 1829
5653 1708
29 1709
557 370
674 1210
2981 1433
6279 302
6680 1445
296 1723
614 160
2587 1324
2604 805
3460 1282
3492 1307
3992 2009
5937 1401
47 753
84 871
136 48
1234 969
2328 1707
2629 30
3324 1447
3459 612
4360 1708
4876 1088
6226 1242
6384 448
307 217
784 1625
2026 282
2027 1581
3590 1447
3625 1795
3647 1370
4506 1377
5528 1614
6651 1175
2640 1944
3063 1263
3308 7
4175 2003
4882 1291
37 1017
375 582
852 1573
1375 1395
1920 1696
2144 2007
1503 117
2534 39
2716 681
2870 681
3415 771
4057 1988
6036 45
6103 1416
6284 270
51 29
519 1483
3368 1028
3506 1452
4345 1331
6487 458
464 501
499 541
1065 1324
2107 1944
2401 1923
2464 1447
3642 1492
4023 135
6410 1668
35 1230
139 829
1353 1765
2113 743
2982 54
3929 883
3971 1910
4219 59
4941 1909
6274 1895
6521 1854
831 1363
859 1404
3396 1480
1338 339
1417 1696
3786 173
4134 1055
4607 1147
96 1923
1278 1284
3569 1644
6492 1651
216 1475
1666 1637
2032 1479
2936 498
5205 219
6096 1284
6238 1556
1090 658
2260 48
2585 737
2774 1290
4209 2003
6318 1367
6719 1785
1130 1208
1333 1233
2881 74
4362 268
6328 1634
2800 265
2850 1363
3113 1049
3774 754
3843 1282
5462 1366
6185 1377
6467 1729
6527 1714
870 1641
1096 1312
2259 482
2581 535
406 1739
1625 658
2225 89
3049 42
3225 1392
3276 1371
3432 1505
3585 1196
3713 192
5675 1453
38 1923
1708 1496
1853 535
2132 89
2324 203
2920 1361
3416 1371
3965 192
5435 1331
5769 846
5816 1546
5827 1709
1298 1597
4349 1219
4768 439
4852 1570
2503 29
2854 499
3222 1363
4206 230
5083 192
6242 1694
6554 1105
258 1708
547 1013
650 282
743 1210
927 135
1256 1073
1428 1696
2552 62
2818 94
2961 654
3935 1795
172 706
1568 678
2036 50
3550 1678
3767 1656
4338 898
293 655
570 1803
689 135
1759 722
3411 1362
3701 171
5509 1668
395 1210
2402 89
3075 554
3206 188
4715 1342
4890 1261
5317 1620
5636 1344
5667 1604
6412 542
4244 2013
5948 1252
6673 800
578 1500
803 1496
1845 1827
3239 126
3645 1560
4925 264
1220 1739
3067 1799
3152 1946
3394 1130
4388 58
5103 1812
1069 2078
2992 82
3241 1689
3265 681
3626 1707
3950 341
6746 1861
108 561
433 1377
1915 1447
2637 1220
3406 1318
4094 1853
4953 1276
6288 191
285 1242
398 197
473 1377
820 1972
2296 85
2408 1094
2572 1816
2810 1816
2980 19
3166 1267
3947 610
4476 1095
6091 1751
425 328
2281 1459
2516 1367
4299 1392
5850 1542
6542 1095
1691 1556
5380 1669
6654 929
354 1244
418 1630
1385 141
2465 1175
3233 617
5627 1708
495 1187
822 2067
2595 1526
2740 705
3162 39
3609 188
4542 903
5963 612
203 1013
1058 214
3469 2084
3473 203
5817 1377
6295 223
6404 1020
131 1433
357 1658
2084 423
2111 1045
2505 1232
2635 1164
3287 1618
3555 1362
4774 1254
6391 1553
1046 1233
3220 1823
4691 1392
4884 1104
100 1090
200 968
751 1480
1271 1217
2355 39
2758 211
3205 526
3232 158
931 753
1045 240
1441 1349
2131 85
2804 1361
2930 1001
3957 1254
4038 230
5191 1564
6353 1356
6518 1358
181 561
527 1013
3029 1190
3218 1952
3296 1447
3436 1447
3962 254
6329 1708
6674 1729
1274 1056
1281 275
1346 1326
2321 85
2351 1447
3661 1577
3745 1329
4484 1536
5311 224
5640 1000
910 1644
1143 213
1950 1221
2300 1190
3328 1324
3580 275
5233 1184
1093 1656
1518 1689
1612 1205
1788 1994
6591 1554
1287 1073
2399 41
3107 35
3922 656
1855 168
2441 1823
5184 1479
5781 1893
6588 698
6602 2003
147 1433
805 191
1997 1447
2602 41
3002 13
3376 1318
4310 665
4788 1865
5367 160
5801 1803
112 1853
130 97
463 217
1779 1525
2336 1618
2337 247
3792 132
6653 1922
1080 331
3737 173
6276 223
6485 1033
6622 1603
371 658
548 72
632 1795
2384 101
2775 1174
3034 1110
4118 1282
5284 1682
6022 267
6362 117
347 1798
937 165
1286 1258
4682 1371
6302 269
404 658
491 251
1626 1657
2878 1816
3262 1348
4670 1371
5299 644
5478 652
5590 1926
6280 1951
6488 96
6597 1279
1563 531
2542 1246
3293 1348
3461 2016
3691 79
5795 612
6327 1538
876 247
1412 1641
1477 499
2586 1348
3696 1570
4273 1454
5837 1235
5970 1324
6290 194
2128 1685
4416 350
5261 1595
6180 1972
753 1757
2389 1510
4722 1708
5946 1377
6298 1828
266 114
387 1377
867 1233
1181 557
1283 1801
3098 714
3559 1772
4419 1530
6074 1291
969 1345
2711 54
3043 1799
3094 1213
3664 1520
4667 148
5392 1311
5926 1235
6200 750
6218 1489
6269 1626
817 486
1054 1072
1308 1004
2193 47
2747 113
3735 1371
4081 1513
5929 1649
166 769
1758 1330
2150 48
3991 792
5377 374
5733 71
6287 1777
6496 1524
11 1542
290 239
330 1223
907 1679
1312 676
2663 654
3081 21
3138 817
3928 1518
6422 1544
788 277
807 1497
5439 370
6342 1663
6369 1636
126 561
435 1684
1363 185
2255 1447
2282 1459
2655 64
3122 50
3226 1226
3426 1890
4319 1205
6462 1152
6632 1543
386 1362
1356 239
1546 374
1587 1567
2263 1110
2334 2086
2470 265
2550 1816
2929 1816
3369 1052
3917 1729
5265 1226
6227 1644
2654 19
5234 180
5253 1405
5898 1235
5953 819
257 1682
636 1708
938 46
2442 54
3179 1923
4093 524
4873 941
6623 11
6700 1247
75 1154
468 1520
1745 339
1807 735
3584 1203
3983 188
4003 1473
6668 1195
133 1038
3212 1823
3497 1299
3527 1235
4878 1328
5703 1682
6427 425
6584 143
6666 542
6684 2000
1282 1220
2262 1630
2725 126
3176 570
3476 1900
160 644
945 1518
1147 1095
1253 1329
1294 283
2093 1765
2171 39
2244 258
2313 1632
3023 23
3370 1492
3581 1377
3940 1052
4114 264
4712 1874
6254 1120
6448 1033
289 1217
1077 1637
1531 1329
2325 1216
2448 1110
3068 12
3154 1361
3433 1801
3641 1762
3775 132
4123 2087
5496 1354
182 1038
858 258
1465 1290
2683 105
2750 1666
3285 566
3566 714
4005 1139
472 1122
2031 1516
2700 1892
3834 132
4454 1027
6346 1497
833 1233
1670 2044
1935 535
4221 1365
5031 1760
5524 140
5662 191
909 1657
990 1944
1023 1411
1035 3
1204 1245
1348 1290
2331 1973
3070 35
3452 167
4232 1090
5093 1184
14 1785
581 71
3465 131
4200 2014
6735 2042
206 367
740 1476
1434 1641
1509 1222
2167 1333
2425 535
2460 64
3148 1324
4870 1608
5548 1477
5949 1708
277 197
1055 1989
1255 1233
1442 1282
1810 1447
2811 64
4268 2013
5535 132
423 1505
3999 395
4212 1423
5289 221
6734 94
683 132
952 1015
1382 2055
2864 1860
2958 1853
3142 54
3575 233
4685 1103
5290 1243
5405 1707
6633 1851
6638 1504
6706 2000
1650 1233
2706 52
3238 1200
4574 1262
563 1148
588 898
1494 1739
1643 1329
1869 50
1995 85
5607 1276
6152 1577
6323 1272
1100 742
6498 75
2943 1329
5768 1500
5831 1943
6514 1304
6697 1455
310 1187
647 565
2307 1985
2909 64
3397 2092
4751 2090
5917 1853
6113 1697
8 193
89 1484
167 1542
1146 1886
1394 1090
1662 1590
2567 1560
5467 1059
5699 123
5745 1235
114 58
1135 264
3060 1609
3124 65
6341 2042
6428 2010
544 486
1323 1328
1443 282
3367 1030
5013 1210
5460 334
5804 1708
6092 629
6272 1297
6691 2000
19 1430
1749 1827
2841 17
3508 39
4223 9
4585 1333
5264 1641
5617 1480
6643 1807
279 582
3390 1480
3481 924
3756 1708
6468 2010
318 1641
976 187
1844 1827
2029 412
2908 20
3284 158
4263 1765
4437 1421
4844 1499
5470 1379
6529 1546
2644 432
5347 1745
5390 1274
6522 1800
6571 2092
680 1708
1751 889
4499 1708
4883 941
932 1441
1747 1163
2734 992
4995 948
6733 1489
197 1480
340 1329
2305 428
2603 41
2759 2033
4151 2084
4217 635
5217 821
5389 132
5677 1204
6038 1135
6207 115
6263 1526
6669 116
95 37
838 871
961 1507
1155 1682
1496 1233
2089 705
2215 1914
3084 35
3977 264
195 1554
242 110
326 1473
1814 1229
3207 1174
3361 1252
4731 1293
6400 154
6555 1546
319 2078
708 1577
774 1013
799 216
1285 1637
2346 1679
3684 1196
6455 225
40 1369
780 938
1422 1646
1898 243
3752 890
6533 1656
93 865
140 1718
508 631
1520 735
3689 1451
585 263
3666 1236
5512 570
6334 469
17 1433
103 1430
2495 1300
5799 518
6380 88
1754 72
2175 552
3291 570
4254 1362
6698 1465
851 1657
1553 437
2145 1483
2883 39
4758 825
6742 1679
795 284
2127 1808
2798 1371
5752 1399
223 968
250 569
1813 584
3001 1816
3533 134
4224 2013
5563 2049
5758 1995
393 1974
1846 22
2722 1344
2902 262
3422 1371
3529 1708
4290 2014
4896 230
4966 1274
5762 1323
6105 515
6595 1226
1361 96
1469 1823
1993 1944
3779 71
4647 646
6437 603
866 135
905 658
1849 62
4115 1795
6662 1869
392 1073
1492 197
2065 85
5006 1073
749 2053
920 132
1078 1395
2320 33
2764 33
2869 1946
3438 1924
4320 1987
4752 1030
5483 1327
5810 148
6396 45
6528 1033
443 864
1337 610
4562 143
4848 613
6048 1636
6322 1922
23 1430
448 612
2350 8
4605 692
6294 1884
6569 1524
388 1377
396 154
1112 148
2865 579
3109 1582
1062 1090
3655 1193
5905 1960
6519 641
6689 387
6724 822
1491 152
1767 717
2907 1988
3896 1511
4059 1605
5335 1306
6271 2073
6426 252
750 1110
3271 1348
4258 2013
4786 1304
5468 50
1067 132
1400 251
2094 1674
2380 1923
2512 1318
6421 1546
1956 1251
2265 238
5858 1447
6191 818
6320 61
6505 1504
6740 1851
609 1182
1406 1073
4745 2086
6351 1634
6557 1261
2964 1556
2978 20
3130 1220
4802 1895
6193 1051
1991 1827
2015 50
2168 1807
2407 1314
2487 1371
3621 1441
3715 1291
5983 1708
6413 1634
6627 866
1760 1526
2634 3
3082 21
3192 233
3631 1254
4225 2013
912 1165
1396 1668
2095 1532
2126 349
3091 737
5852 1336
5887 1209
1164 266
1276 1358
2276 9
2309 117
3667 188
6405 389
6473 223
65 736
1967 1440
2037 1440
3462 1324
5421 147
590 1318
1001 2093
1091 1734
2666 1324
2832 1358
3116 1521
4198 1605
5245 178
6259 1853
6738 2082
13 1612
46 1014
446 1441
447 743
1258 1279
1279 1073
1352 1187
1872 482
2079 1524
2211 392
3312 1348
5300 1019
6725 537
164 972
1432 1362
2482 30
2681 33
2879 41
3449 1282
1376 1269
3201 101
3278 1291
4133 132
5751 1577
894 1644
1821 1827
2432 1814
2937 131
3105 33
3493 542
5096 715
1678 2021
2035 339
3333 69
4641 1362
4899 258
4904 1646
4943 574
6402 1768
1043 1739
2064 1002
2382 29
4434 110
5068 1299
5665 1658
6403 1729
221 644
356 1764
1317 258
2170 22
2268 1412
2737 30
2940 1371
3907 889
5057 1362
2232 1725
3986 1767
4478 1447
4924 414
696 969
974 241
2110 39
3106 19
3375 1079
3414 1447
3688 139
4582 132
4698 743
4765 11
6624 1960
434 2055
916 2082
964 206
1829 1447
2001 1586
2237 35
3337 1348
4447 58
4864 1087
5910 226
6283 1673
6313 1646
1113 2092
1640 250
2311 421
3423 1204
3921 1343
350 1668
556 1348
2013 889
2807 1018
3120 21
4337 1329
5402 1615
6314 131
6745 1854
1342 131
1401 657
1707 1447
2799 1510
2831 1498
4208 2032
4538 1447
6171 1721
238 38
2030 1370
2120 1584
2279 1923
5294 1771
6215 583
1515 2041
2693 2064
3317 116
3323 1030
3539 1210
3656 1324
6267 1309
925 1971
1703 1679
2613 1593
2846 1028
3616 1441
4026 1381
5196 1801
5612 160
94 37
769 1107
1179 1497
1729 1937
4103 1679
4678 1770
5836 612
5945 2012
6637 1869
512 1467
901 135
1131 1210
1594 611
2939 1593
3215 1225
3274 1063
3417 1708
4294 2032
4645 612
5295 1603
6420 1493
311 655
664 614
1229 486
1421 1801
2114 1972
3247 1447
4082 1377
4591 1677
303 1090
1667 1801
2591 1274
236 1107
365 238
488 1244
1206 1641
1907 1805
3171 817
6504 721
1074 1750
1246 239
3909 1328
4185 142
129 1972
798 2074
1692 474
2489 158
2752 1922
3115 1678
3282 1267
3320 230
3657 1324
3945 158
4854 1644
5779 2066
74 72
304 264
1152 1120
1744 1048
4901 1941
1041 1839
2506 622
2656 30
4790 296
5947 1688
6445 1772
587 1090
1139 1282
1267 1282
1304 215
2073 632
2568 787
2858 33
919 608
1341 1708
1425 1814
1671 1556
2169 889
2406 1593
3747 569
3804 1362
3981 1646
4929 574
6449 1504
113 882
115 1433
534 631
1263 312
2941 924
3255 158
3272 1324
57 1215
940 658
1424 543
1459 193
2149 89
2357 2084
2400 879
2757 969
4732 1708
1122 1395
2312 1526
2687 1771
2977 1816
3150 192
5172 1522
6394 1291
6652 550
524 1348
1115 1073
2314 1579
4199 1893
5301 1473
5621 1451
6593 263
56 561
2364 1983
5694 1682
5705 1458
489 1451
712 1447
1123 1668
1819 1556
2560 1371
2826 148
5352 1252
6538 2012
2 1722
254 105
270 612
2105 1816
2755 1223
3037 1722
4593 684
4611 135
5441 1902
441 1209
1000 1743
2134 2062
4400 148
4850 1680
5517 1825
5826 1484
70 1038
2253 1944
2842 55
2997 409
4245 1270
4839 1086
6053 958
6321 1366
6641 870
424 1848
704 1702
1168 1645
1981 1567
3219 1923
3359 124
4631 1306
1134 486
2454 983
2553 100
3648 1091
4877 1104
5315 1818
6478 978
138 1279
793 539
1284 187
1549 325
2137 332
2531 24
2538 1422
3256 233
4444 126
4632 1377
4707 232
5447 1471
956 724
1453 599
1682 569
1885 1162
2500 1944
3190 1110
6317 529
6 1210
334 217
643 224
646 1371
3198 1520
5406 1372
212 441
830 1897
1386 241
2455 385
2680 1816
3363 1348
3467 1833
5479 1478
5560 1830
344 1202
479 433
641 662
885 1365
5782 831
5928 132
6066 1192
6094 1223
6744 1911
1398 1402
1536 1549
1965 2086
2950 21
3080 379
3686 135
3997 955
6042 740
6135 1369
373 264
456 71
2072 282
2398 21
4723 1439
5211 1884
5374 120
361 1125
941 662
1733 41
1808 921
1933 692
3341 209
3858 1566
5354 1094
5922 458
201 880
269 1495
1184 1220
5940 1679
142 29
1140 1095
1924 1613
2294 874
3420 1063
3687 160
4040 2031
1663 1827
2645 359
5153 1902
6484 1519
553 1160
935 1518
1119 1416
1408 1228
2375 540
2840 41
5726 350
5955 117
1066 1043
2184 1479
3398 1324
5591 1549
6187 736
6512 1271
429 1321
714 1573
773 72
6578 190
62 1922
176 175
213 664
1463 239
1501 1710
2530 1923
2705 1823
2967 589
2972 450
5716 1567
5975 1274
5987 1480
6093 612
6365 1811
90 1433
275 247
346 144
503 1679
2667 1982
5900 284
5903 2042
88 108
1057 1063
2181 1284
3038 1245
3766 160
4736 684
5682 148
6176 1911
1003 771
2527 50
2871 1363
3061 367
3548 1918
4617 1055
4703 1624
6598 948
168 1013
194 1897
1931 50
4496 446
5237 1187
5863 520
6438 1615
739 1505
3054 1718
4080 1484
4769 1234
5767 117
6461 1554
1211 579
2963 1952
3381 1028
4622 1090
4837 1861
5660 365
5924 1644
6702 1755
43 1793
719 1181
790 1345
3305 1371
4121 218
4955 852
6157 364
123 1105
1172 1686
2596 842
2618 818
3543 1203
6075 1543
872 1379
1007 1000
1036 1341
2039 1367
2853 255
2951 885
3223 111
3377 1318
4428 1380
6502 2078
6708 1800
45 1428
380 486
836 247
1532 274
1757 1073
2990 426
3668 1239
3985 1910
4316 1326
6299 1259
6303 1366
150 1457
205 1428
381 1178
2298 48
3384 1348
5981 903
6153 369
81 217
797 1182
1207 1328
3982 717
4713 1210
5147 1096
5744 378
6291 6
1299 1616
1358 241
2660 1979
3517 1368
5310 1723
5399 334
5531 1269
6447 1583
1194 339
1423 191
1680 889
1731 1827
3097 1371
3366 1371
4564 1285
5209 717
6088 1223
49 1430
806 230
928 1657
1403 1534
1750 1816
2343 264
2513 497
3230 1267
4278 1818
4490 1203
5980 1223
177 1371
1909 21
2491 1371
2551 782
3290 238
4339 669
5398 1542
5658 1566
5701 141
5895 1292
6355 1063
639 1285
984 988
1237 254
1645 1618
1713 474
3301 203
3531 526
5263 860
6347 1290
6686 1070
409 1699
600 678
1145 1132
1153 192
1472 355
2021 94
2510 698
2573 41
3092 254
4455 132
4766 11
5909 665
6336 1689
6371 1621
6418 1740
6672 1852
6705 2000
532 1090
1980 532
2368 2049
2545 939
3327 1493
4445 1038
5236 719
6220 249
282 1271
2147 1823
2639 1946
3196 1361
3659 212
4858 1656
706 1541
1151 1326
2143 1807
4776 1098
4903 2011
5246 2071
6693 1716
267 1200
383 152
480 1801
794 163
1073 1233
1675 867
1847 33
3251 141
4331 1562
4846 1861
4885 148
5735 582
638 239
3254 737
4049 188
4378 696
6620 1865
465 1380
874 1282
1389 1348
1560 1697
1739 632
2726 1956
5783 1376
6246 1096
6348 20
6545 108
1137 1362
2921 302
3509 134
5316 1566
3 193
1068 1344
1815 1994
2499 1944
2619 1884
4627 628
6495 1517
619 442
731 1506
1658 474
3456 1599
1273 336
3894 1722
4643 1958
4968 123
6509 1275
1217 1087
1715 1976
2256 1447
4387 1148
4988 130
5720 1688
513 1117
1081 1356
1868 16
2009 1858
2302 2063
2691 1946
3125 105
4862 2082
6324 1714
854 1657
1664 1282
3963 1705
104 931
207 2
2077 1264
2381 24
3010 715
4226 1615
6239 1402
6494 1854
1024 64
1490 1312
1825 1932
1186 1098
1502 1224
2056 1579
2332 272
4557 208
4894 1183
5241 1329
5355 1789
6122 1649
202 1052
343 1702
796 113
1433 1169
2962 1324
6174 1911
6368 1380
725 226
1228 947
1489 132
1613 572
1818 1632
1856 92
5440 561
6166 1402
6385 1448
6458 1542
173 1430
959 1220
1306 1630
1832 1233
2409 238
2710 85
4536 1684
4663 611
5297 1241
1019 1840
1098 264
1397 1220
5376 1615
5587 1435
6035 1444
61 1430
154 1430
1334 239
1764 603
5143 1775
6609 1226
1016 1226
1221 678
2190 1220
2751 1213
2988 995
4495 1336
4733 1895
5087 1094
662 208
1082 1229
1911 50
2450 1052
3966 1489
5404 652
5622 503
6194 1051
32 40
1180 1282
2539 1245
3530 418
4025 1234
1717 50
2172 39
2892 192
5586 45
982 1666
2055 1297
2749 569
3351 1324
4371 1981
5673 952
6407 1271
83 1709
301 1638
814 1699
2677 977
6425 1467
420 1352
998 572
1277 1258
1793 1014
3022 41
4009 355
4742 1139
148 1430
1461 1480
2712 105
3339 1693
3472 2030
5939 1317
379 369
382 839
758 173
1320 296
1996 39
2188 339
2374 1217
2692 2047
3511 1565
5179 721
321 511
1786 1590
1892 1221
3489 1711
4071 1381
4107 1223
4623 143
6464 1514
349 1394
1110 1684
1415 197
1499 1538
3011 715
3304 1063
6339 978
6690 1905
2333 1816
2733 21
2786 21
4565 1564
5787 1999
5988 1684
6356 1096
6503 443
2157 859
2678 1526
3522 1658
3956 842
6457 160
391 274
1823 1944
2872 1419
4799 1250
4872 941
5487 1496
6204 761
752 1117
1890 33
1964 1299
3048 1816
3490 1631
4300 1614
5183 61
5400 120
5797 328
5985 208
6534 1417
1162 1377
1769 125
3482 871
3523 1799
4718 1502
5763 1705
2885 1956
4755 1093
4812 213
6199 1241
6270 820
6454 1789
362 1435
1166 1977
1687 1233
2082 1937
2146 889
2669 1556
6056 1225
6720 1539
1095 270
1534 1257
2202 1557
3354 1371
4763 1914
5631 208
5907 1513
401 1691
869 1107
1778 1977
2123 1689
5954 1392
6465 1507
28 1932
1881 1266
2099 2044
3135 1767
3494 1129
3699 485
5737 1124
105 1027
184 93
1239 218
1533 266
2258 105
2509 1711
3430 268
3446 93
4497 832
4863 1088
6307 2016
6417 418
2069 2052
3137 16
2616 1099
3353 1599
3574 2072
5252 1329
5353 1252
1326 355
1544 1270
5313 1714
5961 1739
6581 182
119 1447
492 570
1260 1220
4297 263
5062 401
5630 633
6414 1777
808 212
2754 1402
4602 1961
5534 1089
5599 1426
272 1801
906 495
2638 1673
5210 1187
6520 1425
178 1118
705 1362
1661 1827
1938 1626
2763 929
2996 558
3146 1063
3468 1361
4055 1235
6217 1474
737 1381
2148 85
3403 1381
4880 662
24 1432
322 1682
592 534
686 1441
1097 355
1305 143
4139 738
4746 1830
6115 631
6436 1949
211 611
738 1862
1522 656
1637 383
2601 21
2925 1689
3017 1629
3221 1555
5130 1493
6229 91
6599 1494
2223 35
2519 1911
4764 647
42 1709
351 62
1529 1496
1566 1875
1801 474
2136 117
2994 1629
5806 1705
6570 1807
2238 100
4505 1329
106 110
656 1317
3248 1447
3443 148
4954 192
5306 1477
971 1324
3873 155
5838 1271
6565 160
1053 1259
1848 1986
2742 80
5712 328
1132 1699
1676 549
2528 23
5140 2086
6618 1364
234 1173
1597 134
1606 2020
1910 50
4503 1753
5141 1574
1916 79
2104 1255
2303 1979
4677 1274
6081 1398
6202 1467
6628 1831
1806 1977
2652 16
2783 684
2903 1422
5105 164
1094 1625
1108 964
1698 33
2108 41
2547 1892
3534 1725
5798 449
6109 2022
199 1943
471 251
584 1525
987 1233
1525 1354
1835 1978
2252 22
2707 64
5916 212
110 1045
363 774
2625 1993
5219 576
6696 1486
10 1721
589 1887
881 143
1498 1637
2158 528
3570 895
5072 2092
5351 594
1789 33
2743 924
4098 750
4279 2036
4498 1381
4559 1549
6231 201
1699 50
1864 468
3434 1371
6228 4
6540 1641
469 1441
913 1395
1321 1676
1737 1447
2605 85
2918 275
5076 1117
5700 1371
5923 957
6072 403
91 1430
1034 217
1440 1702
1843 1255
2459 1429
3257 1546
4194 1880
4443 1944
4636 1413
4801 647
5238 18
5626 2092
5648 1371
6561 1577
25 168
1598 948
1923 1914
1966 1944
2674 1395
3378 1546
4021 2055
4794 486
6028 1223
1 1704
352 1958
565 2094
871 1455
3386 409
4366 1852
4494 21
5463 583
6660 115
6732 1171
141 1447
305 187
889 790
2254 1944
2642 610
4861 845
5652 1136
224 1815
432 1334
768 1594
1086 122
1908 574
2049 1789
2437 384
2904 421
3627 1824
4309 135
4519 23
5671 123
6165 1838
436 168
954 1043
1622 1096
1822 1994
2217 256
4743 1807
6261 1723
73 1090
132 1430
144 113
1480 244
1604 1788
2820 1180
4262 2032
5364 451
5420 1198
5855 1705
6481 428
151 2055
247 105
1225 1385
1906 1789
3651 1708
4054 239
4860 1027
6553 2012
911 1395
958 1136
1799 1579
2851 901
4197 1605
6085 45
18 707
1223 1601
1721 1262
2062 574
3515 862
981 1304
2189 1198
4218 102
4911 646
5624 651
5674 644
5707 647
222 742
2086 929
2106 16
2200 1561
3939 1178
4172 1236
4550 753
4866 1418
5027 1796
5545 987
6389 1539
1257 2028
1992 1017
2306 286
3316 1904
3491 174
6183 1194
6625 1132
189 1430
601 1477
4163 1248
4523 1054
862 1554
2231 91
4423 1248
4967 15
5242 1656
5543 293
6556 223
651 1284
1557 1969
1790 33
2673 910
5614 1584
1569 869
1688 1747
1914 39
3064 178
5178 938
237 1238
2493 588
3911 1564
5919 1471
6515 180
1106 206
1800 1557
1824 1447
2076 1702
2653 482
5982 614
6354 1356
331 1356
437 1603
2135 968
2348 983
2993 553
4104 1504
6127 147
376 935
427 1705
520 478
1017 339
1787 1385
2498 414
3216 1848
4141 883
4689 744
4832 751
4970 1301
6192 1582
454 72
493 1371
1842 4
3151 1848
3537 1239
6375 1638
225 29
3744 1571
4124 1554
4686 1377
4773 1648
5199 469
6508 182
1011 1198
2192 1014
2233 2049
2285 1971
5800 2085
1182 1767
1367 1338
1512 1248
1926 474
2867 275
5021 1790
5368 1466
6070 1998
6511 878
1730 825
2097 385
3302 1682
3714 170
5247 72
5979 697
6132 208
120 1704
697 269
1437 126
2391 1196
4356 1356
4914 1679
453 1507
895 1657
957 1994
1369 1228
2890 1768
4191 1073
4477 1480
4785 6
6507 1511
6543 564
2363 1184
2690 275
3311 1493
1116 1515
1476 1878
1697 1994
3156 113
4061 1674
4849 630
5444 982
77 1430
933 724
1460 678
2588 1375
4902 2046
6366 1637
20 1430
5861 1346
6612 111
6626 1951
6650 826
268 1235
1475 115
2650 1087
4525 1731
6416 458
98 2032
2208 1560
2221 474
4551 208
4628 1616
5529 1022
0 1704
431 1258
1028 237
2129 16
2290 1124
2836 1903
3149 1722
3332 1736
3565 756
4669 1366
5481 1641
174 1835
180 1709
1075 1513
1679 1198
1732 2086
1827 1014
2165 1091
2353 1963
2744 1559
4851 1486
4998 854
193 1526
1700 1860
2718 254
2728 1702
2823 158
4760 1260
4913 300
6159 401
6471 458
229 1345
482 218
827 675
2287 1087
4341 1940
5035 1148
5864 1356
5886 1794
55 1709
1921 147
2016 50
2698 811
5092 120
5691 1566
1538 1914
4533 908
4956 131
5960 1739
6679 1465
926 1512
934 1740
5510 1799
490 168
1607 275
1694 383
2490 1556
5274 2073
6058 983
190 2051
328 205
966 280
1002 1295
1242 135
1941 1556
1946 2086
2198 1977
3665 1708
5079 1380
6086 91
255 613
605 1036
608 154
944 1298
2590 2012
3683 257
5516 45
6424 1861
6683 459
2044 255
2057 698
2417 1788
33 1265
873 1427
1332 1697
2582 80
5055 733
5298 441
5834 1371
6009 2001
414 1362
1474 1302
1736 1002
1820 474
79 1447
1639 1976
2183 1760
3069 21
4616 187
5418 646
122 740
742 1371
1156 1477
1616 532
3088 1609
3776 534
5142 1291
6186 1625
6352 669
82 1157
574 1233
1659 423
3595 1203
4800 1875
4875 1418
5138 1937
791 152
1331 1052
1372 1073
1865 1994
2974 1517
6395 1224
5126 1062
5414 1259
3788 1879
6406 200
459 175
1484 1817
1879 2004
2214 429
2222 1385
4078 255
1030 110
1784 2067
3047 22
3185 1462
3535 1222
4359 1377
4590 1677
4690 1970
6212 914
39 1080
153 102
625 1220
1507 371
1651 269
4889 148
5664 2045
6158 1474
875 1099
1114 1446
4530 1652
7 122
421 469
1136 1421
1481 1705
3727 173
4287 1040
5533 27
394 565
1488 1180
1510 678
1971 513
2987 144
6078 1132
6223 1800
770 492
1462 1689
4594 1145
5526 2023
308 122
1426 300
2481 100
2620 1884
4205 1145
4740 379
5813 1484
1039 256
6344 240
723 1979
1551 893
2213 409
4270 1090
4803 426
5165 905
26 1267
1021 126
2436 438
4087 1837
4598 796
5584 1522
6160 1856
6390 1541
137 96
1620 717
4692 1102
5433 85
415 191
761 1507
1159 910
1292 142
1545 937
1861 540
2216 450
2251 1820
2565 1462
3234 1063
4357 1464
6023 287
6131 499
6319 958
1235 1707
4992 1694
416 152
1027 1839
1042 1498
1709 1078
1734 41
2914 772
4090 1358
4398 2059
4595 2060
5561 1582
5721 1630
4719 502
5281 674
6297 1304
6730 541
2835 977
3483 1380
3549 1362
4818 1165
5158 1621
5329 1
163 1946
1072 1063
1567 1236
1591 995
2965 1821
5434 1977
5573 1784
6230 1855
1071 1101
1603 125
1891 1352
5413 755
5639 1762
5966 1219
6364 1593
240 1203
1018 1317
1330 1666
2018 86
2142 1618
5575 1054
5794 901
525 1723
1882 937
3005 1823
4452 2034
1089 122
1310 243
2024 815
2971 1579
4567 727
6300 1995
22 119
1020 882
1084 1894
1150 1759
2083 1198
4136 1372
5415 1079
2520 787
4438 1446
6397 1190
1325 1223
2825 192
4874 941
44 1002
882 1097
898 1922
1559 846
1746 1036
1867 41
2012 474
2614 148
2670 1922
4000 1720
4662 254
4787 1061
783 785
949 641
1838 724
2492 1889
4548 535
5112 339
1048 1697
1280 2055
2415 1194
2488 879
3365 123
5505 796
5592 1323
669 1886
2005 785
3112 1642
3329 1546
6429 1904
847 1657
2066 89
2748 1605
2976 1808
3499 1799
3674 252
5704 1164
754 678
2240 1979
6107 1333
470 218
1029 1444
1064 1348
4517 1458
4520 441
5000 2055
5717 839
6034 1676
16 707
591 355
759 269
1562 487
2078 6
3521 253
4813 459
5532 1327
5743 1165
6398 675
1004 1145
1012 159
1378 1064
1725 751
2185 1924
4389 1624
4404 1738
4721 1507
5321 1666
1383 1456
1513 1589
2957 1239
5474 1310
5489 684
763 1917
1983 425
4714 893
5666 1331
6050 722
1817 1914
1889 1059
2194 87
3743 1808
6357 1797
6374 1097
2122 23
6011 655
6722 631
109 1943
1555 1493
2310 1460
3249 1132
5056 2017
5222 601
5457 653
6208 356
6728 623
623 1160
896 1573
4385 1895
4401 842
6037 1506
6245 130
6337 384
6442 1388
823 280
2447 1379
2973 1568
5360 503
5792 1523
5951 1498
6051 164
6106 1775
6373 162
880 255
1782 532
2102 1740
6244 1248
6675 328
292 339
1638 1826
1887 2086
2773 136
3400 1063
3412 1616
4201 401
4215 443
4488 1271
6714 1722
888 1658
1508 1259
2362 1605
4142 1642
4344 1710
4358 492
5411 1147
6020 2058
1648 1431
4277 222
179 1462
417 1458
991 502
1399 266
1716 1816
1899 436
2085 1976
4702 1306
4838 613
5629 1224
5930 549
6146 1636
1636 1937
1939 2054
2413 1892
4502 259
4965 1562
5499 1877
5789 1175
466 279
730 1702
1416 722
1528 722
1774 1447
3200 1814
4405 750
4511 1988
5378 239
5409 1711
5577 1073
6043 371
6111 1131
6688 1800
562 280
1940 787
4534 1059
4767 1502
5060 1988
5944 1152
6292 166
506 1054
4504 117
5778 1963
6676 391
724 1223
2081 1937
3470 2027
6573 461
2901 255
1127 1922
3926 434
5050 536
5381 503
165 45
757 1970
2041 1038
2416 1050
4097 1420
4535 209
6517 276
1288 120
2383 39
5764 2046
192 79
287 1181
1828 1038
2103 1291
3672 1812
5773 1538
239 2079
979 524
1060 341
2054 1605
2109 19
2224 64
2269 1479
2474 787
3169 93
5325 272
5359 469
6273 1411
6489 1585
428 1362
439 1640
1479 1763
1952 1117
3904 982
6277 1293
659 264
2040 1038
2234 787
3679 104
5606 744
6013 1560
6479 1144
606 188
967 1366
1833 1440
3451 1901
4408 1341
4987 1112
5566 281
6040 1435
36 1718
539 146
1359 1866
1447 257
5659 441
1547 393
1617 1789
2199 1977
2524 603
983 359
2533 105
3526 1063
5889 1319
855 265
948 1097
995 1090
1418 1938
1642 1590
2098 409
2682 1855
3360 264
4900 672
765 1806
1063 1695
1347 1192
3474 1942
3771 441
3889 1467
5992 1589
6068 1854
6189 1903
531 658
1022 242
1038 415
1328 0
2022 1051
3789 1040
85 1962
946 1666
1302 1008
2014 41
4620 1758
6567 1210
6568 1777
2161 1085
3279 1239
4804 1654
6057 1920
6175 258
6408 1787
6687 1965
736 632
965 1895
1047 450
1318 958
6483 1905
233 1155
314 1375
332 1939
655 521
1988 1483
2827 1922
3193 1922
5328 887
6168 1670
728 1233
1925 1526
4777 1757
5540 989
628 1410
1962 1718
3938 254
4809 1909
5464 1148
5656 657
5897 91
741 1432
2236 499
3387 1443
4845 756
5341 1173
6214 1797
6603 694
452 1725
4099 753
6452 466
6645 1420
622 193
860 486
1138 609
3425 1291
4285 1360
4792 124
4922 1937
5239 1563
6221 290
2270 2067
3475 862
5111 1687
6069 1087
834 243
840 1559
1105 540
1349 72
1803 423
975 1204
1268 1282
1689 787
2028 1808
2219 474
2456 1076
707 1808
4210 1507
4386 2033
5417 669
6450 1243
1420 1922
1969 1433
1986 1556
2905 1087
5114 1298
127 89
1837 2054
2801 1673
3901 2013
4762 1299
6387 662
1929 129
1948 1433
2651 1087
4610 1261
4836 756
5458 1790
1762 1759
1994 64
3399 254
4004 317
4847 1040
4964 881
5314 1850
715 1274
1912 85
2201 1517
2207 212
2849 91
4370 662
4761 1647
6112 744
6419 1513
1102 257
1365 1257
1635 458
3805 350
4654 1762
5638 1181
6343 1800
259 81
648 142
1059 999
3830 1589
4512 1521
5372 1781
6099 1331
419 874
2423 1459
4014 1362
4409 325
1391 1351
2051 1066
2473 820
3516 584
4705 938
4935 886
4962 889
5518 72
618 274
640 149
4342 613
4650 1886
5125 662
5546 989
5759 71
5807 1543
6326 1845
815 1785
962 21
1092 572
1103 1235
1990 1198
2418 22
3178 1922
4734 1815
5019 744
1193 426
4708 1489
5475 865
235 144
413 544
766 1280
1187 817
1411 1054
6381 95
879 632
4974 1068
6430 552
2430 1091
2435 69
3045 501
484 1947
538 759
4346 1334
4568 272
4961 2006
6497 787
530 243
693 910
1009 27
2429 161
3800 223
4580 744
4639 208
5097 2053
159 286
228 144
515 675
1309 1635
1583 1308
1949 1367
2360 871
2393 1679
3055 1175
4508 717
5549 28
893 167
996 1309
1944 474
3391 1616
5257 474
5465 91
21 850
2732 737
5177 125
5986 1480
951 1224
1085 1145
1504 325
1728 1786
5133 1852
5562 656
5974 1331
6089 1590
6203 2055
6451 2013
155 850
231 857
771 1220
839 1678
1660 4
1857 409
1878 1143
2521 865
5094 994
6393 1777
497 1262
835 1657
1291 374
1374 2012
1630 1852
4524 142
5361 1884
5450 1686
5502 1789
156 1114
1683 169
2675 385
5551 1487
1738 1070
2808 787
4031 355
5819 1009
6474 189
327 300
789 1377
1196 272
2045 1611
2267 384
1414 328
2218 1180
4397 1017
4461 1621
4625 1282
4855 878
5110 412
5156 369
6255 1179
6331 1929
496 1331
3177 163
4036 142
4354 1420
1766 544
3676 935
4291 1523
4456 1379
5305 209
204 1433
819 1367
3589 1192
4789 1405
5124 885
5430 1840
6054 1886
302 1999
1340 1071
1431 1684
1558 1357
2915 95
6667 262
1850 85
4166 960
4976 1117
5071 495
1593 146
1768 361
6178 1287
685 1679
1037 1067
2119 1623
2212 712
2338 461
4822 881
5805 1797
6310 1996
284 1699
1209 1646
1231 243
3158 12
3466 1539
3848 674
6531 418
684 1641
787 185
844 1808
2594 971
3418 1318
3510 1368
3852 1500
3959 1688
5082 1300
5268 1792
1083 200
1755 2048
2894 1922
4230 23
4717 1228
5567 352
1050 1749
1316 1888
2938 1254
2945 820
4509 684
4918 1276
6129 1650
1158 1626
2540 1371
4106 1333
5308 217
5309 1637
1015 756
1252 415
1770 1792
1775 64
1809 1203
3250 2031
4561 142
5407 263
1780 1140
2968 957
4741 813
5585 1435
500 1107
603 895
1537 1789
3996 1978
4541 209
5504 863
6161 542
813 751
1202 641
2649 1892
4328 1726
6516 1427
568 138
1511 1341
2139 1608
2387 1761
3925 66
4482 1119
5150 93
107 1070
504 1878
1445 264
3020 344
5011 2088
198 1433
2293 957
2617 330
4980 687
1315 275
1524 1589
1615 751
2475 1618
4588 861
4739 1438
1695 2041
1871 86
2060 717
2549 392
4327 401
5009 502
117 606
3750 717
3923 2053
4827 260
6469 1546
1183 397
1329 191
1772 41
2101 307
2397 1274
3410 1881
4214 485
4679 122
5044 1826
5431 371
5686 126
6197 1144
6472 831
1452 1598
1641 1929
1947 1827
2335 409
3952 144
5598 800
6004 1520
6370 1404
843 1808
930 1681
1241 1688
1646 123
2731 822
4167 1967
4841 1826
5069 1970
1493 1097
3920 1457
4749 787
4982 1330
6392 362
3759 1305
4154 426
6388 399
1627 84
4553 1306
4859 1764
4969 910
5129 1520
5307 1756
5820 441
1232 122
1596 269
1792 2038
2414 616
2837 1903
2948 698
3722 1734
3827 939
5841 423
6333 386
1189 1144
2100 1601
4544 1378
5755 1321
6241 352
158 1248
635 192
1673 923
2182 380
4017 1630
6222 1474
111 1440
653 1805
762 244
4642 1210
5542 1799
5600 385
1974 1071
2186 1858
2230 917
2250 1103
4383 1945
6084 1764
6164 2081
6432 1801
486 226
864 1450
1672 1613
1765 822
2543 1520
2833 865
5706 980
6615 672
4609 825
6052 1665
6306 546
1167 1477
1654 1462
1802 1926
2050 240
4248 1235
4468 1781
5040 1338
5135 578
5552 866
1174 2016
5424 696
5453 1291
6401 515
755 495
1776 1707
2873 1700
3765 2061
4019 1241
5080 1174
6017 744
1735 879
3919 239
3924 910
4666 1091
6338 1724
6541 1808
1467 213
1482 1223
1942 1557
4379 1214
4462 1514
5270 1977
6506 1794
546 1747
624 1422
857 1854
1840 1104
2525 377
3204 1881
4070 1101
4391 733
5330 1605
6256 2073
1888 1976
4204 1614
5240 1338
1311 1955
1669 1215
2975 361
4173 40
818 1701
1154 978
3769 1280
4144 155
4807 982
5339 944
348 1605
3093 161
4394 1276
4637 1926
6399 694
6443 1249
810 1000
1032 186
2011 201
3877 1278
6466 441
923 1280
1458 122
2477 698
4518 1477
5410 15
5544 1456
666 142
924 1816
6460 786
936 1937
1570 1818
1968 1855
2061 1808
2396 1539
3263 144
4459 1293
4655 1609
5154 52
999 7
2569 787
3908 78
4648 1549
5127 1981
6163 499
1430 1401
1685 1433
2386 1081
3036 1220
5541 1462
5933 2
6441 630
1307 1119
1748 680
2164 1562
2515 1821
2944 558
6059 992
1381 1470
2548 698
6128 1043
968 2088
2426 328
3882 1498
5550 1802
6001 142
576 632
1851 85
4325 9
5037 1689
5067 1282
5482 2060
5856 167
2166 1789
3905 1365
6119 532
1464 1922
2784 392
3118 1017
4037 348
5497 1327
748 49
1025 1079
1693 874
2365 1840
4556 1362
5132 936
5185 576
5200 1686
501 1713
1227 1490
1839 1557
1900 1085
1989 135
5089 1389
5271 2086
5559 1899
6596 277
6656 2000
1753 1447
2809 1875
4432 502
2288 533
2496 941
2822 1220
3431 1064
4375 23
4390 385
4696 1738
5139 2034
613 272
615 287
1264 1688
1937 479
2947 1206
1013 32
2248 418
3814 166
4280 8
4324 1225
4493 12
5166 477
5429 178
1142 1973
1364 1275
1781 1088
1960 1054
2392 1609
4946 446
1275 1579
1407 1848
3835 1597
4771 796
5442 1288
5461 1736
6710 1874
502 1619
611 281
842 1228
1128 1688
3294 1205
3857 1594
3903 901
4673 1818
5802 1749
476 761
1244 1621
4414 1235
4543 521
5269 1790
442 712
1674 924
1928 1480
4917 1121
6162 499
6235 1430
1932 85
2624 845
5030 1633
6041 1175
256 1851
1886 600
5285 336
5538 2031
1061 2088
1880 269
2180 1380
2646 173
6114 2054
6589 1174
993 848
1601 768
1791 23
1804 544
4442 733
1516 1619
1619 1355
1621 128
1724 738
3065 2089
3831 1458
4252 2001
5010 294
1070 1539
1883 787
3552 1454
4079 270
1752 1851
2034 830
2327 1553
3867 1304
4754 1996
4986 616
5373 1513
6198 1697
1711 903
1943 1887
2369 1009
3863 212
4020 208
809 1947
963 409
3740 1656
4948 2053
767 971
1858 1903
4960 1879
5095 993
5365 739
5503 124
6169 1337
6177 1296
1190 272
1628 1356
1712 1718
3980 1295
4950 955
359 2076
1720 279
1726 1048
4674 651
4753 419
1170 1456
1763 1436
1904 201
2271 822
2344 1429
2598 941
3268 1501
6118 1519
821 2084
1978 1099
2130 33
2593 1000
2926 1091
4146 1246
4944 343
4949 782
5287 753
6046 822
6423 1846
509 299
826 198
3731 2047
3927 738
4180 1490
4515 2049
1249 258
1404 1673
3322 1205
3824 1319
4485 2053
4581 753
4834 2081
5342 1140
5601 2001
5869 2001
645 1946
1554 148
3948 609
4239 1490
5323 1207
5708 1768
6257 2072
2623 2060
3117 848
3829 738
3855 1876
3887 1301
4474 1873
5223 2053
5375 231
5754 599
3819 1125
4480 1247
4522 1153
4936 1878
1541 1776
2043 76
2762 1556
2970 1789
4274 1369
4994 930
191 1469
1896 93
2507 1554
2924 1579
3748 669
4756 130
5224 1154
5500 1579
943 1352
2058 1926
2125 787
3658 183
4041 718
5490 353
677 1811
1918 1988
2641 232
4129 367
6062 914
6363 1117
6677 1254
1903 1556
2647 756
1470 1317
2330 15
5746 1152
5803 1749
6067 403
6476 1700
929 1878
3095 1848
3853 490
4945 1264
5756 1490
5867 1977
5994 1559
6433 1300
116 605
729 1561
2439 941
4250 1142
878 193
1794 1433
2349 787
2395 1621
2597 1892
3191 161
3721 41
5358 64
245 1770
541 299
1160 2047
3807 926
5045 1148
5452 434
2163 1680
2203 1091
4932 340
5025 148
1118 980
1930 1002
2160 1825
2319 457
2359 1775
4750 795
4835 1885
2855 1884
5866 864
6031 171
6377 1714
1987 1279
4431 1068
4857 755
5128 1506
5275 850
5511 796
6027 612
300 1241
1875 1714
1913 89
4999 549
5078 2062
5088 224
2571 1924
2643 208
4240 71
4587 350
6079 352
1222 1358
1614 289
2063 1440
2247 1611
2472 354
3019 517
3914 689
4246 1243
5188 734
6102 1572
6383 2042
2090 412
3349 161
3587 1203
4664 2092
4887 1650
6583 1598
733 918
1384 1688
1575 6
4463 239
4978 1779
5304 401
1624 1298
1905 1696
2566 429
3513 1815
4403 424
772 1402
1649 2057
1841 423
2702 1091
3344 1205
4147 1516
4183 2006
4819 753
183 864
575 1105
1327 1039
1449 1875
1471 1068
1816 409
1854 1498
3373 104
1595 359
4220 503
4704 90
4912 1617
5018 1555
5042 2054
5267 594
1033 1240
3224 28
3888 1426
4412 1903
4908 121
2599 586
4402 1077
4826 85
1351 868
1859 1162
2004 264
2729 787
3165 1567
4521 1810
5059 18
2138 116
5484 1096
786 429
4184 1117
5572 1314
214 1943
366 284
1696 1438
4421 1431
4612 842
5657 1114
1656 363
5776 52
5876 1704
6325 182
317 1590
1826 85
2730 1027
3502 138
3984 630
4560 1560
4709 129
4772 1308
6544 1291
2000 255
4921 884
6026 1771
6205 1070
1195 62
4475 628
5679 469
6349 581
1199 205
1771 1869
2985 2078
3818 1281
4672 1868
4975 938
5927 158
903 1876
1543 1862
3444 1283
4658 945
121 881
917 1926
1668 834
2457 1557
4086 1622
4547 317
4748 2049
6699 738
1439 1362
2002 2
2522 394
5337 217
1178 2069
2834 1835
3275 1848
4711 472
5122 1848
5825 952
5993 1366
6063 982
6110 533
915 932
1552 874
1623 644
5473 303
5692 2025
1727 1274
777 1282
1588 2058
1917 1960
3059 1930
3421 1848
3812 1897
4128 1145
5696 1786
955 707
5906 279
6301 115
6611 676
1205 1717
1435 273
3299 1398
4077 1836
4640 1102
5026 195
6530 1427
2526 1903
4238 91
1565 584
1963 1789
4101 4
4735 160
5012 1879
5371 94
698 1621
4916 351
6560 692
627 1844
1473 254
2433 1650
2876 438
3182 393
4644 189
5697 325
5702 833
5728 549
533 1722
4253 71
4937 204
5099 576
5558 1911
5100 1844
6126 1144
1198 376
1862 373
3799 865
4840 944
5086 1934
890 1688
4035 912
4260 810
5343 233
5818 1287
1632 751
1690 409
2010 941
5553 423
6558 300
367 599
2091 982
2622 586
2857 361
3772 958
4453 1099
5455 1071
5877 1296
1010 1475
1655 201
1901 2054
3893 939
5047 2016
5727 1439
6209 1572
1590 201
1985 1424
2928 201
2946 1899
4392 717
4424 1996
5034 110
6005 1945
2715 522
1571 325
4247 832
4879 1621
5028 139
6311 2064
485 1722
776 252
1192 1705
3258 857
3918 1682
4618 485
5048 1560
6216 320
6610 995
1600 738
3352 1184
3989 1885
4425 8
4791 1405
4893 184
5152 1835
6188 1708
1290 1773
2927 1901
3943 1458
4393 1731
9 515
3987 886
4427 770
5709 1124
970 989
2476 1556
2877 1091
3157 2071
4384 1002
4629 1479
5212 1276
6358 2047
1634 247
3273 123
3865 945
4380 826
4888 414
4938 1318
5248 1341
6249 93
6482 2081
1031 1335
4676 1084
4701 751
5049 1300
5432 412
1177 1889
1542 339
2286 862
4251 1617
2272 1385
4096 2075
4269 1341
5821 855
6409 1621
883 1114
4076 1440
4347 1432
4429 1713
1026 1064
1723 1700
4315 204
4433 1895
4806 243
516 772
1224 1567
1589 238
3802 1514
4507 1767
4798 532
5525 446
3862 1951
4355 1879
4951 944
5331 193
832 1466
2220 1807
5918 287
6335 692
1124 653
1388 1499
3437 2023
5221 770
2019 1433
2033 1274
4451 351
5225 1462
1796 285
2273 600
5485 979
1402 1630
2178 874
2761 941
2991 943
3231 1327
4024 2054
4808 253
4810 2049
4934 1099
620 141
802 857
1812 495
1975 1611
3782 1009
4472 989
5121 733
6141 1257
1248 1563
2995 454
4621 1364
4830 751
5051 446
1109 297
1344 2015
3749 1506
4566 1891
1214 1611
1254 2051
2760 1558
5119 850
5256 1947
422 193
4001 829
4775 60
5384 519
1592 1767
2676 1085
3364 1692
3844 275
4305 729
4984 522
5201 973
5326 1677
5513 1069
6064 982
6121 16
4178 251
5250 1502
5324 1090
5491 1321
1226 1185
3798 703
4155 1848
1188 1356
3419 123
3872 534
4069 1835
4102 931
4706 1905
6453 1100
1120 325
1783 474
3838 489
3849 2016
2318 1357
2523 1085
2856 93
5283 1947
5990 151
3879 832
4192 786
6065 1671
6695 743
4577 1224
5251 1017
1250 213
1710 1040
2600 457
2648 1300
3671 1275
5017 140
5322 722
5777 1879
2155 1053
4420 1478
4684 1017
5109 303
5710 1677
1293 287
2284 246
2497 247
4816 1700
6184 1507
3210 8
1874 860
5120 885
5582 1634
978 25
2047 955
2162 940
5008 1947
5382 186
6170 2079
1213 647
1959 153
2179 826
3244 254
5693 1456
785 1075
1795 900
1836 1883
1961 1903
3758 376
3790 474
2999 603
4430 1845
4959 601
1860 1094
2438 394
4013 1726
4833 881
5973 1902
6635 1671
3540 330
3703 807
3883 818
4619 1042
5471 1837
6173 948
3528 1122
4481 1768
5282 1462
5962 1278
5036 753
1339 120
1902 941
554 1503
3757 613
3880 1062
1519 1985
3866 238
4516 845
5043 2036
5081 1956
6108 412
1296 1270
3932 94
4369 848
5041 61
1272 909
1409 2011
1681 1520
2703 1088
5338 1117
811 1702
5303 2049
6087 1590
4738 1981
4909 669
5419 1711
2209 1048
3637 239
4957 193
477 1652
1438 904
1618 874
2546 756
3401 1848
4457 905
694 1767
2007 1852
3760 1248
3949 1170
5568 115
5995 1142
6572 299
1005 1000
3884 1764
1446 2058
4931 368
5157 753
816 252
1919 167
2235 153
4018 2015
4781 394
2906 1539
5032 166
5098 70
5523 1688
6195 788
6590 1617
3808 1009
4737 1993
4796 534
5320 338
187 1126
2118 1416
2210 1103
3046 1789
5904 694
1218 2019
1371 218
2291 255
3955 14
3988 755
4113 278
478 286
825 1947
3791 984
1107 113
2048 1788
4148 1142
4710 1083
2177 480
3439 1619
4010 1490
4284 624
5033 454
5397 2074
5932 1976
1269 1674
1530 703
1633 187
2679 201
4236 1678
4382 602
5901 282
902 135
922 1490
4060 696
4608 1082
4725 1838
6000 1257
4353 1042
5070 1074
1631 394
3315 857
4464 1745
5449 161
1380 1517
3700 1664
5605 1276
6145 976
1429 76
2008 1800
2695 1594
5016 392
412 1611
1111 1101
1951 751
2059 4
2317 698
2782 2055
4034 441
4797 255
5280 913
1360 1467
1945 867
2458 1280
3931 239
5835 1856
2875 1903
6142 687
1599 1008
3869 874
5958 2005
3828 813
3902 1162
4304 1200
4486 64
4811 1295
5451 434
6312 1257
6386 966
4815 1300
4868 1810
5155 2049
5991 1249
1936 1559
3303 1989
5286 2061
853 2061
1336 142
1370 1539
4592 839
2373 1856
4823 91
5106 1563
3796 1482
5189 1700
5412 1961
1303 139
2372 1875
3709 1420
4411 1319
5868 1742
1652 278
2229 163
3813 195
4143 1291
5506 409
5651 1802
1742 1436
5663 2001
487 893
1743 1883
5363 1736
1602 720
2410 232
4579 684
4659 920
5386 1011
1884 1556
4983 1497
5258 413
5345 549
5514 1975
5865 23
6156 1477
4599 401
2838 1604
3933 1027
4422 1631
5427 869
1556 848
4307 1840
6559 1806
2249 738
3868 276
1756 1017
5396 1650
1830 1819
2141 1884
5107 19
1390 1672
1468 874
3837 1458
4213 183
4919 285
4660 1375
4920 1133
5965 1795
6039 1082
4991 184
5344 392
1495 1094
1927 830
4825 1658
1121 1573
2412 1892
3777 759
3878 1786
4897 297
1487 743
4168 1879
4963 1082
5547 454
3851 1042
5842 1349
6136 215
1540 1998
1958 1054
3861 641
4460 115
5302 903
5383 765
3021 603
3816 91
3836 164
2897 1091
3209 1722
3890 1295
5654 1483
2345 751
4440 1369
5346 2088
5520 1563
6010 1362
804 756
1831 1808
3764 1836
5687 1198
1133 221
451 1333
2998 1722
3300 1763
4231 414
1582 1412
1718 1878
2206 474
1953 580
4275 1012
634 1590
3815 795
5853 1002
2785 724
4033 1213
4127 2048
1741 1010
2187 1048
3934 1802
4638 1927
2140 1874
5116 1700
3524 269
3900 351
4469 136
5340 70
5426 1913
914 839
5387 2058
6120 1902
1238 178
2583 1567
2699 574
1876 622
4145 1844
1564 1645
1701 1528
3447 348
3761 183
5615 224
5732 1790
1169 1506
1895 1835
2411 716
1973 1374
846 1341
4881 978
4933 1937
918 157
4138 136
4169 1901
4326 1185
4805 240
1076 1358
1577 1700
3974 689
4466 999
4973 752
5416 744
6076 153
1233 157
4458 718
3623 895
3784 1529
3806 1369
3961 1474
5146 932
1478 2080
1580 57
2874 1424
4675 1947
6201 1999
2003 2025
3850 1845
4374 1082
4985 2083
5488 755
5576 1963
4597 1690
1576 44
1976 2031
4298 1928
4668 748
1088 178
1104 155
2370 69
2570 1526
3895 1198
5266 1375
6117 615
2621 1054
4051 246
4856 1945
3096 148
6535 2
2070 1604
3392 1848
5054 860
1379 1074
5319 1483
2046 932
6309 1301
2701 1903
4492 150
4910 446
5749 549
6232 260
841 1296
1171 1845
5574 320
5822 534
5747 170
6639 1934
6655 280
2204 847
2246 1017
3708 827
4395 1895
5064 1747
630 194
2197 1588
3801 136
4681 1349
5061 769
1982 1563
3892 2087
5984 1633
676 142
3634 1272
4179 376
5385 204
6144 1873
5456 439
5634 559
5738 182
4410 678
1219 1113
2071 26
3826 401
4439 650
4626 211
4730 807
5134 351
4190 190
5583 368
6021 756
6304 93
4635 1594
5448 718
5472 1302
1173 1030
1586 2054
4064 750
5066 1295
1999 755
5593 1336
4259 613
1608 2061
3915 340
6210 995
2092 536
3785 1170
1972 107
2156 22
3044 518
4053 1152
4487 1265
5075 1937
6715 1594
1392 985
3742 517
897 636
3013 1257
3847 189
4720 556
5362 2037
1684 1392
2023 665
2371 1727
4613 1240
4716 1042
5680 328
1578 1818
3906 470
4990 1116
5272 1611
4237 151
6138 166
2025 574
1456 1245
4343 1937
1877 1367
6459 1244
3783 791
5273 375
3832 929
1702 727
2243 261
4467 1142
4842 232
4203 532
4276 1713
5739 471
3825 1462
4027 834
3846 1142
980 669
4576 1700
4886 956
5249 733
4413 1081
4578 280
1410 1346
4814 1526
360 523
1984 1884
1350 15
5065 1140
6139 573
5151 718
947 1510
5623 1695
2245 1238
5108 687
4549 1970
5327 72
5454 1255
2292 1250
4406 1684
3891 1613
4473 485
1485 1281
1387 1568
4202 201
1609 1529
1240 807
2154 715
4726 2082
6030 558
989 1738
4314 1119
4501 1908
1777 574
3960 1278
4630 142
6080 542
1647 164
3864 532
5731 1786
5771 1082
4396 972
3797 810
5005 1934
6015 1444
1665 1082
2124 1018
1295 811
4177 713
6137 573
4264 985
5085 1718
3809 53
4050 843
5891 1735
5748 2086
5428 680
1811 943
3718 1045
4441 1973
5137 1664
6140 884
1957 409
4947 362
3881 1876
1405 1808
1719 776
3871 1494
4649 234
5395 368
3773 183
4923 1482
4491 1840
3811 1858
891 183
4265 300
5486 1378
3018 278
1243 708
4170 1539
4044 151
5772 1671
4529 1250
3856 2086
2115 1882
3817 2026
4821 203
5498 1163
4683 123
4063 2039
6143 1780
4286 738
3810 905
4365 1901
5370 497
4700 1224
5164 1231
4306 150
1497 868
3778 206
2394 69
3854 674
4979 2023
4032 1540
3870 1278
1610 1260
536 1724
5892 482
3845 1901
5123 283
4119 976
5890 2053
4407 738
