img08c1.jpg img12c2.jpg
6261 1495
4906 1611
5588 1084
5126 1091
5769 1389
6259 1495
5607 1293
4365 735
4454 735
4800 1611
4857 1611
5518 1084
5497 1240
9386 2120
5762 1932
5344 1084
505 2246
4453 735
5546 1084
4464 786
4929 1611
4350 735
5176 1858
7047 2065
4804 1611
5568 1084
4463 735
4801 1611
4443 744
5174 1858
4504 786
4321 728
5343 1084
7709 1884
8401 1876
104 2008
4816 1611
4826 1611
7411 1656
2889 2083
5258 1167
350 2008
4342 728
4806 1611
6786 1293
8026 1861
4854 1611
8134 1895
5349 1134
4349 735
4808 1611
4306 735
4905 1611
5175 1858
8551 1539
767 1568
5347 1134
5467 1178
6514 1902
4434 728
5342 1235
8135 1547
5213 1058
4887 1611
6294 1499
4320 744
5913 1413
5210 1058
4337 728
564 51
4305 735
4364 728
4455 728
4829 1611
5217 1060
5460 1285
5260 1167
5270 1065
4356 735
9182 2061
4348 729
5177 1858
5748 1389
5749 1678
4431 734
559 1870
5417 1084
4995 905
8221 1870
4855 1611
6427 1552
4345 728
4817 914
2853 2083
4636 743
4828 1611
5295 1858
4308 735
6195 1861
5630 1633
4598 744
4339 735
4669 768
489 2246
4840 968
4856 1617
4436 743
4841 825
4371 729
416 2008
4304 729
5345 1134
6503 1550
4827 1611
9216 1663
6754 1611
534 2239
5268 1058
8163 1902
425 2008
4994 905
498 1851
4315 735
6417 1907
5275 1065
7049 1698
8375 2246
6307 1495
6450 1870
4309 735
4815 914
4839 1611
4888 1611
8485 2008
824 2008
4307 735
5097 993
6306 1499
4353 735
4620 739
5931 1413
5330 1167
4811 1611
5416 1237
5307 1112
6097 2239
4351 728
5493 1302
5602 1084
538 1932
5298 1145
5543 1858
4289 739
6498 1547
4634 787
542 1870
4329 735
4352 743
4333 735
4295 740
4838 839
4917 864
5119 990
5223 1065
5332 1858
7930 1817
6473 1568
761 51
4343 728
4892 856
4688 743
5459 1084
5555 1242
6241 1510
6452 1552
8369 1861
4465 786
4805 1611
9378 2099
9003 2122
5566 1858
4459 735
4928 1611
8104 1566
4310 735
346 38
8038 1853
5567 1302
4510 735
8638 1870
4550 742
4564 1862
6432 1523
4368 760
5645 952
8063 776
4837 968
4323 729
6486 1562
4313 728
6442 1550
6476 1551
4599 787
4687 739
4331 728
5419 1084
6273 1476
7089 2073
437 38
5462 1084
9311 2008
6416 1547
8376 1877
5262 1035
573 1932
4460 729
4935 905
5301 1234
5377 1236
5373 1303
6295 1495
7391 5
4311 735
343 2008
9262 2102
4556 743
7016 1657
8023 1553
8103 1566
9181 1663
6376 1523
363 2261
5204 1858
4859 1617
5586 1302
5663 1311
6433 1870
9320 2008
4600 743
4462 735
4312 744
4699 636
5313 1175
5366 1145
5642 1633
7017 1382
4511 750
4433 742
4435 734
6098 2239
8984 1763
336 296
513 2261
4444 735
6459 1505
2716 2008
4833 825
8530 2227
8361 1505
520 2246
4360 735
6542 1547
4322 728
6350 1547
6431 2239
7170 2077
5375 1303
4891 856
4302 870
4347 729
219 2008
4341 735
5494 1084
5521 1084
4369 750
4552 744
4503 744
4737 784
4236 740
5382 1084
5942 16
4366 744
6268 1858
6309 796
5173 1858
6131 16
2947 1303
8186 761
4330 728
1518 384
4551 1901
4870 932
4324 728
4361 735
4867 932
4970 935
7450 1663
5364 1035
4554 742
4626 776
4868 932
8497 1302
4432 733
4492 776
5369 1303
5215 1058
5412 1858
4508 729
5254 1858
6274 1495
8824 135
8005 728
243 2008
4442 728
4843 1611
5936 2239
4499 735
4512 1901
5252 1165
4831 1617
4871 856
5130 1122
5251 1119
6193 1722
8305 1330
4328 735
4691 787
4748 1853
4813 966
4448 749
5383 1084
3182 1884
4316 734
8389 481
1709 37
4802 854
6177 1861
7489 8
8496 1076
5226 1076
6320 1520
404 2239
766 1877
5998 62
6378 60
4507 786
6011 16
6100 16
6338 1526
6346 1831
6533 1575
7974 54
5266 1147
5339 1134
6409 1551
8738 1649
141 1482
3132 674
4861 932
4907 856
5306 1112
4955 905
5348 1084
7885 2008
405 1932
5341 1084
5528 1221
5714 1654
9377 1634
4505 786
5380 1134
4335 735
5141 993
5519 1134
7498 1659
8511 2008
4873 952
5410 1858
5898 16
4862 932
5233 971
5527 1240
366 2213
4457 728
4960 1611
787 146
4325 735
4876 856
5703 1331
6515 2228
4336 729
4549 734
5418 1285
4382 740
4548 744
4633 743
274 1932
440 1932
579 1801
4430 742
9272 2102
4596 774
4686 744
5580 1932
6287 1861
6391 1528
288 1731
2826 2071
4594 763
6292 1499
5264 1035
9167 2008
487 2258
4555 744
5110 630
5432 1114
4487 739
4961 1611
5102 1858
4632 734
4680 765
5379 1084
4908 856
5299 1035
5932 1426
263 2213
5122 1094
6305 1894
8324 1372
327 2113
4346 729
529 2246
4515 731
5367 1035
5693 1633
8188 1542
4362 735
4363 730
4694 1853
5336 54
3168 1505
4234 740
5132 1030
6477 1551
6521 1753
4213 740
6040 16
4387 382
4719 1538
1010 1778
4340 744
6639 1757
4461 729
4498 733
4941 1617
5912 1426
9287 2105
5445 2261
4326 744
6500 1885
6659 1731
8241 1862
5331 1145
6380 1526
8895 1714
3009 2257
6260 1495
4989 935
6388 2239
6489 135
4506 744
4565 1862
4834 894
5291 1248
7602 1001
8766 1987
387 1237
6488 135
8880 2232
528 2246
4635 743
6773 968
4894 932
4920 1801
5016 955
5752 353
6340 1528
5168 1165
5994 16
7126 1680
345 2227
422 1634
4151 1514
4281 1516
8352 1877
4560 1862
4930 825
6308 1495
9385 2096
361 289
4521 766
8725 2008
338 1844
5551 1275
5590 1240
4640 1862
4860 825
5220 1076
6146 380
384 1683
5517 1302
6015 849
4466 742
5992 1722
6359 1895
7347 1186
8971 243
9079 661
4501 729
293 1822
4296 722
8021 1546
8891 1844
4192 722
1335 335
7088 1776
9155 2058
484 1932
536 1877
773 751
4553 776
5930 1426
6249 1568
6438 1550
4288 1516
385 688
4587 733
4592 1516
4637 743
4938 904
6349 1575
4496 1519
843 2008
4090 1514
4355 735
4332 729
4784 876
5499 1275
90 2008
3044 633
4344 729
7474 1685
9235 1390
402 1154
320 1884
3109 674
5267 1065
5293 1858
4149 1515
4235 740
6532 1547
5096 993
5196 1009
5970 1759
8061 1566
3058 1816
4865 895
5378 1519
4445 744
4452 729
5422 1518
9008 1390
303 2008
6471 1885
6709 153
7686 288
8800 1390
677 2008
5128 996
5172 1248
5376 1084
4623 776
4874 856
9288 1661
522 34
2762 545
6415 1553
351 1737
6375 1683
9030 2261
6057 16
6118 1440
5222 1101
5303 1076
6070 16
284 2247
681 5
6540 1853
311 2245
4456 729
4992 971
5371 1236
6068 1731
6414 1683
4211 740
4359 735
4591 728
6566 1520
1048 1732
4314 735
4893 894
4943 825
6257 1500
6523 2228
4583 740
4998 944
5136 993
5384 788
5465 1907
6345 1769
375 1826
451 10
565 728
684 2008
2699 374
2773 630
4942 825
9416 2073
1163 1758
7295 1634
4283 740
8550 1826
318 2246
744 1932
4605 1862
5510 2261
6721 1987
7225 2222
662 1932
4437 729
4458 735
5457 1134
4509 743
6347 1842
4597 786
5162 990
5440 35
6687 1599
8419 18
8886 18
9154 2056
753 34
4422 740
5300 1858
6775 512
6865 1631
8316 1865
252 2008
427 5
5477 1137
1136 368
517 2227
4441 728
5249 1162
5292 1858
5731 2194
8257 2238
9362 2102
5545 1134
8203 288
4863 895
8566 1555
474 1663
8256 1568
2996 2261
4869 879
4934 860
4593 729
5950 1413
6324 1495
8888 2263
9466 1823
5227 1147
465 31
4585 740
9301 2008
342 353
379 2008
2888 1607
6434 1581
6456 1839
1206 1763
4451 744
4639 59
5370 1173
6683 2243
6800 420
3568 1514
4171 722
5205 1165
552 48
5269 1058
9080 2133
4697 830
8022 1862
8643 1453
8668 1731
4334 728
5200 1858
5985 749
7682 1664
7857 2245
455 1482
516 2260
716 1757
4993 918
5662 16
5962 1427
8263 10
6262 226
8954 1826
9419 2122
344 1822
4685 729
4864 895
5199 1551
2407 1155
5623 1631
6291 1477
8338 1871
539 1769
5225 1058
5807 650
6753 1638
5133 993
6056 2239
8724 34
5279 1932
5963 1424
7082 2076
8861 2008
9092 1906
4610 745
5539 1224
6231 2239
8339 1894
255 2247
2591 1847
4165 1516
5677 1686
5997 690
6531 1891
6638 8
8818 1656
3697 1632
4299 740
4519 766
5146 1055
5617 1084
5951 1426
4959 1785
6036 21
6348 1894
585 69
5294 1165
5768 1346
7760 1932
8206 1371
469 2257
518 34
4547 1516
4875 840
4500 735
6288 1575
4665 756
4692 744
6389 520
7941 1865
4224 740
4411 1516
5013 955
4338 729
6228 1488
6398 1870
7452 1804
8424 1439
8656 2181
9465 1757
4446 765
5059 944
5573 1290
6296 838
7125 1636
8189 1542
5891 1413
8162 1575
9426 1932
4631 729
5170 1188
521 1607
6484 1516
7493 2123
8179 731
4716 776
5961 1431
506 1482
4627 740
5253 1248
5841 2239
6283 1737
6293 1487
6408 1817
4489 741
6235 1869
6247 1818
6315 2070
4417 1516
4616 740
5797 1292
5944 1420
4393 1894
4746 1202
5031 143
5283 143
4517 1853
5618 1575
5798 1482
8791 1723
9354 1731
4514 805
5139 993
5648 1245
810 2008
4298 740
413 1808
2877 341
5121 1162
7014 1683
420 1932
796 866
4287 740
4518 778
7799 38
8402 1877
8602 2008
173 38
4689 735
4720 1853
5561 1204
6472 1902
8062 1781
921 1225
1290 1754
4595 744
5160 990
5389 788
7177 1682
419 302
4586 733
7018 1646
8776 1731
341 2239
4317 728
5274 1076
5424 788
5498 1353
278 1137
398 1801
2832 2194
5309 1568
6424 1549
6625 2239
8769 1898
289 1932
417 2181
4176 722
4972 934
5544 1112
4221 733
4419 733
5656 1688
7708 1263
8534 38
4186 733
4866 932
5073 1051
5310 1285
7048 2064
8759 2245
4216 740
6814 1648
7050 1657
510 2246
763 622
5255 1169
6240 1499
6386 1549
9179 2058
1368 1607
4383 1514
4484 1515
5185 2239
6270 1532
7578 1686
8277 1523
8953 1805
2859 1429
4370 744
5335 1234
5601 1134
8291 2070
8637 1524
561 1932
4494 739
4601 1781
4704 391
5361 1122
4094 1514
4584 733
7618 1795
9381 35
3847 1575
4794 928
5147 998
7994 288
156 2181
4068 1514
5114 955
7127 1159
566 2008
699 113
5874 2099
8060 803
546 1482
5326 1858
6493 1179
414 1826
4074 1514
4367 725
1812 1067
7122 8
7296 501
4357 1538
4684 747
4909 840
5078 143
5782 2120
6522 1547
507 1738
989 1362
2604 1575
6513 1842
7133 1692
1207 347
5074 956
5952 1427
6360 869
401 2227
4233 1514
5067 934
6229 1490
6258 1490
8472 38
3848 1575
4164 60
4196 733
4381 740
5022 988
5127 1094
473 1851
554 1153
4543 1516
5787 1661
7209 1509
7409 2104
4212 740
4643 59
5387 1220
6499 1841
335 358
4717 763
5085 897
5439 503
5956 1439
9395 1738
321 2222
2770 923
4569 1847
5937 520
6025 62
6552 800
4696 1862
5018 897
5530 1506
5620 2099
7821 1001
5490 1303
5589 1520
7547 344
8790 1860
9384 1634
315 1263
3077 143
3349 1646
174 2121
1193 1932
2160 1801
5012 1008
6008 345
8767 243
9435 2150
4667 767
5843 1691
1189 1851
1428 1808
4206 733
5010 840
5654 1329
6541 1567
8467 54
9316 2066
322 2246
348 1932
4120 1498
5084 970
5271 1900
5286 1161
5981 2239
6867 1656
7081 2227
5038 840
5273 1076
5492 1084
5594 2099
6727 2227
7207 591
8368 2239
391 2008
468 1482
500 380
5314 1084
6400 1538
7448 2008
5290 1248
9081 1699
52 1553
544 2240
5052 987
5825 2239
143 1519
1056 1683
1764 365
2655 1895
5426 829
5584 1302
5739 1494
8133 1900
6870 5
8222 1659
5272 1076
5324 1119
5402 447
8770 1786
9165 1245
308 484
4502 728
5691 2265
6190 1447
2736 1932
4159 740
5259 1169
250 1202
4497 760
4724 1862
5668 1826
5695 1646
8809 1885
503 31
7203 1020
7782 1738
9434 1632
4373 738
5754 1757
5939 1790
6397 1884
8425 375
601 866
5619 765
340 18
2917 671
4086 1514
5893 1757
6761 1683
7093 2239
8961 1763
9390 2120
887 173
4642 805
4783 876
6174 2227
9132 1245
511 38
4749 1781
5552 1257
6326 838
8102 1554
8750 1659
8905 2008
1397 1530
2879 712
7432 864
9195 34
4150 1514
4690 763
5311 1568
7726 2227
9420 1665
4520 766
4609 1781
4750 1853
6604 1844
7798 2261
9243 38
395 2240
908 1140
5491 1303
6167 1821
8694 2238
456 2070
4169 740
4767 1202
5711 2267
5783 2120
6166 1804
6175 2239
7065 1701
8377 1885
1730 1505
4318 804
5165 1122
7472 2124
527 1851
5071 1070
5123 1122
5129 1165
5261 1169
6842 1682
6897 1769
434 2140
683 2222
1398 347
3125 481
4172 741
5357 1119
5522 765
5570 1575
7524 1661
7577 2261
8708 1482
8815 38
354 1796
8077 1532
11 776
450 10
464 1482
1242 866
3047 243
5399 1155
6269 1882
6485 1520
1382 1505
9443 2133
337 1757
9040 51
1683 374
3870 1575
4079 1498
5463 1220
6187 1139
7998 265
423 1801
1044 364
1176 587
4416 733
4932 896
5116 989
6115 1932
6172 1722
6508 133
4372 760
4495 740
4563 1554
4753 1887
4996 907
5169 1248
5533 1257
4607 1853
4695 731
5189 897
6130 1203
7627 2126
4545 740
5423 1220
5732 1007
6210 1487
6250 2263
6752 1707
7360 1659
872 2132
4207 740
4438 816
4962 840
6039 1778
4273 1514
4546 760
5124 1031
5605 1416
6731 1599
574 291
4284 740
5972 1431
6061 753
7260 8
8482 85
9188 345
129 761
715 2181
1621 368
4303 61
4617 733
5095 993
7512 2119
9327 2065
4175 1517
5436 1179
496 1390
2225 777
4439 750
4933 897
8917 2008
4621 733
6323 1469
5563 1803
6201 1452
6303 1753
6801 6
7208 688
8737 33
167 38
2226 805
4191 740
4987 917
5964 1432
9417 2008
9428 1679
463 14
508 2070
4378 740
4414 733
4541 1514
4589 722
4936 925
5142 1056
6067 2245
447 1482
525 31
711 2257
3046 839
6267 2239
7390 2070
881 172
1421 1838
4190 740
4358 735
4604 1853
7092 1428
285 2227
3087 1817
5131 1188
6982 1687
1510 368
4178 1518
4282 740
6802 2099
7559 2070
7631 1429
8317 1891
9082 1415
551 1851
974 762
4493 741
6898 1088
7688 1528
8187 1574
9294 2120
157 31
4174 1514
4491 733
7171 15
191 1485
706 388
1060 1757
4721 1781
5844 1778
7515 1528
7556 2073
1385 1693
1516 347
8039 1781
8198 451
4223 733
4622 740
4625 737
372 2261
883 1932
2772 1156
4194 740
5104 993
7343 1823
3033 890
4327 735
5101 1030
5257 1269
5579 1224
6232 1722
6377 1885
8161 1568
8248 2099
8249 1786
314 380
6815 1321
8739 1635
245 129
4228 722
4562 1781
4602 1862
4705 793
5083 793
7290 1757
8006 1508
1373 1917
4184 722
5157 897
5629 8
6920 1293
9067 907
9454 358
1174 2065
5967 9
7051 212
8390 1371
9389 2121
396 1568
4467 1482
6289 1484
7790 1528
9457 1807
411 31
1072 1263
3857 1173
4153 1514
4449 800
4681 347
5753 1681
5856 1345
7509 1293
8381 1933
7470 2094
9231 1805
1874 224
5571 1575
2683 1853
4199 1514
7266 1808
7905 291
9451 38
782 1895
1220 1763
4950 955
7084 395
7229 1795
8583 38
307 2247
4197 722
6772 2132
7870 2247
892 1932
3915 1532
5201 1102
5202 1035
5441 1137
7689 354
9192 2048
281 1206
1443 1757
2867 1826
4154 1514
4170 738
4630 827
4733 837
5094 1189
5799 385
6124 357
6330 1710
8259 60
1194 813
1907 1932
4830 942
5212 1227
6399 1485
6457 1516
7261 541
9173 1805
240 729
2688 1847
4058 1907
4566 731
5115 1052
5914 1426
7317 1293
8325 1851
8823 1714
244 1202
5066 1940
5686 1323
6215 1482
3197 153
4168 1517
4703 817
8392 1940
9252 2196
310 302
1646 381
4447 765
5657 2160
8160 1722
9223 2256
4066 61
4319 786
4425 1516
4618 741
5346 1084
5413 1035
5471 1114
6094 62
8565 1520
412 1218
1304 1932
5219 1101
5420 1220
6565 1520
7634 344
8037 1484
4376 741
4673 756
2783 1048
7044 1818
9344 31
1573 1818
5872 2094
7228 1663
7619 1528
2742 545
4590 733
4679 788
5194 1188
5276 989
9339 2077
259 468
4103 1514
5193 1119
5606 1329
6010 1693
9449 2260
844 2120
1144 224
3011 1571
4527 766
5000 1932
5525 788
5873 1588
5949 1413
7988 1508
112 1058
438 17
1030 1763
2898 1442
4203 740
5599 1770
5770 1823
8736 1804
3495 1424
4269 61
5632 1294
5755 1331
6217 1093
7492 2099
8882 1440
9202 288
1180 272
4718 729
4763 1826
5658 1636
6304 721
6947 1509
9260 2170
589 621
2706 765
4226 740
4629 776
5372 1084
5659 1321
8358 1390
8433 18
1071 928
4181 740
1377 557
4759 810
5149 970
7256 1783
4390 1913
4522 1853
5315 1136
5454 1858
5699 1659
5743 353
7475 1528
7927 2070
8884 1808
867 507
2580 1853
5009 797
8417 1877
9342 38
4542 740
5476 1155
4202 722
4300 1516
4354 725
4558 1853
4768 910
5155 793
9217 38
9295 2195
3143 1805
4095 1514
6626 1203
7359 1661
1248 621
4670 832
4682 868
5859 2222
8399 990
267 267
568 1861
4161 1514
4177 722
4209 722
5650 1322
9178 1275
4561 1781
6272 1477
9468 2256
1159 267
4217 740
4707 782
4886 855
5941 1727
6075 31
556 61
1328 335
1587 1795
2849 243
4645 1416
5381 761
5469 1114
5679 1678
6419 16
6868 1358
6872 1649
8716 2073
4641 1781
5466 1518
7851 1429
8616 1508
723 412
1948 1763
4374 740
5328 1169
7297 1332
9046 178
9196 2008
9467 2246
329 1530
846 1482
2625 664
2776 38
4285 740
6444 2233
6784 1207
7490 8
7738 3
8979 1684
247 1607
4112 1514
4241 1112
4418 733
4582 740
6741 329
7473 2087
7765 1528
9191 2058
1197 19
1256 1826
4788 254
5385 765
8950 100
220 1760
258 1020
3117 2008
4747 1853
5550 1581
6395 1550
7344 5
388 2233
2664 728
4208 722
4413 734
5148 971
6835 5
8370 1203
8471 520
1202 35
3071 1924
5024 956
5263 1169
5621 1329
8108 1830
8529 1607
9450 1578
586 254
1751 344
4156 1514
4291 760
6129 364
9401 2114
415 776
845 520
1321 1823
1595 1362
2210 239
4490 740
5509 1566
371 1575
1246 358
3311 2021
5062 907
5715 2170
4526 731
6839 1755
9276 38
5308 1285
6024 62
6176 1795
6317 1882
7178 1719
7590 1528
7655 1022
8091 455
9284 2170
501 1390
1752 61
2792 2196
4152 1514
5029 907
5150 1754
5198 1817
5449 1122
7525 2099
7729 736
576 1862
750 36
4075 1514
4652 809
7545 1686
9157 1928
2864 2246
4205 738
4227 740
4421 1516
4628 760
5496 1238
5523 1575
5692 864
5990 1769
7697 1884
4067 1907
4440 799
5092 990
5698 1661
7206 1654
4292 741
4693 1853
5705 1482
6813 812
6830 1659
6864 5
7410 1654
7764 1137
475 2008
4683 747
5140 1057
5897 520
383 1472
3914 1894
3926 1173
5302 1195
6322 2194
365 386
2094 1532
3318 5
5246 1206
5464 788
6321 1498
8130 440
4183 722
5288 1119
5425 1907
5813 2267
6546 243
8020 1885
8337 1723
4544 740
5772 797
6429 237
6901 2139
9009 36
4047 1894
5100 1189
5374 1084
6369 1533
809 1948
1450 1788
3176 1609
5019 991
6208 354
6561 1722
6943 1678
7632 1321
8814 1737
429 2261
1156 1949
1832 399
3327 2194
5099 1030
5506 1159
5622 8
7066 2008
7449 2063
7711 1071
8366 31
9273 10
3126 625
4187 722
4225 722
4242 320
5547 1520
6311 368
7471 2132
745 113
981 567
1371 296
4200 722
4293 728
4559 731
6016 805
4218 740
4525 1781
5495 765
6592 1515
532 1259
537 2261
2818 17
3094 1339
4123 1861
7412 2061
1214 293
2663 1220
3181 2240
4160 1555
4214 722
4220 740
4290 738
5386 1575
7561 1527
20 712
225 1900
7803 33
9464 8
444 1482
509 1839
1171 367
1245 1607
1576 1086
4219 722
4624 733
6797 17
7342 1745
7894 294
9283 1719
476 2259
731 1847
1583 435
7301 447
8195 889
859 546
1497 296
1668 2239
2811 8
4232 741
4723 1781
4978 1008
6748 487
7202 219
236 1520
454 291
934 464
1288 1155
1358 2221
2509 265
4648 767
7743 956
449 10
460 447
1808 1795
3315 796
4771 69
5337 1285
5350 1084
5592 1370
5826 1721
6239 1477
6435 320
312 1362
3619 1329
8829 2221
9044 1344
1459 900
4488 760
4722 59
4778 819
5790 1823
8078 1517
24 2091
103 1362
431 8
1483 480
3166 35
3928 1907
4557 59
7491 1331
7694 2153
9091 2008
1297 344
1868 201
4751 1862
5203 1858
6924 2131
7544 34
8239 1050
9172 1776
1634 1803
2048 345
4513 777
6242 226
765 173
3239 2001
4286 740
4619 741
4940 855
5789 1703
5920 1440
5959 1730
8382 2008
203 724
567 1581
3076 484
4173 738
4412 740
5365 1269
5638 1344
5655 1632
7345 1663
7508 2267
558 1877
5216 1269
5532 1223
5845 1730
232 15
1431 568
2627 871
4204 722
4524 1853
7315 8
8520 1838
9134 481
1430 2264
4980 991
5069 1069
8100 2065
8326 13
270 253
657 1514
5088 956
5325 1188
5969 1722
8798 1206
5134 1247
5938 1440
6203 1203
9015 356
9357 38
9405 712
979 1344
1574 407
1841 35
4189 1516
4588 760
7172 989
7211 1736
7668 956
8671 2008
9158 1398
393 113
1455 481
1478 368
3845 1894
4424 1516
4982 991
7259 5
8320 52
466 511
4377 740
4651 633
4654 789
6462 440
6900 391
8822 2244
1461 1052
3010 1567
4410 61
5020 1024
5171 1057
5500 1203
6041 956
8825 672
59 289
358 372
1133 388
2878 113
5718 1337
5993 1766
8294 1858
8468 34
9166 956
221 1005
1283 736
4603 1781
4997 918
5397 1114
5976 418
2804 35
4657 1418
9207 1668
210 761
746 1835
1215 262
4523 1853
5631 265
6186 1835
7045 1645
9133 1052
9412 2134
6 918
572 1884
732 492
1401 347
4155 1514
5014 1940
6196 1446
7227 2001
7871 369
8690 1954
397 353
2392 520
3091 1225
5086 897
5396 1155
7123 2095
530 1839
3836 1084
5672 557
8746 2070
1083 447
1607 113
4947 954
7601 2258
8042 1158
571 1903
1116 1785
1647 481
4081 1514
4193 733
4423 740
4540 741
6719 2096
9203 2047
1403 416
2978 2257
4914 2128
5597 1710
7781 2070
8644 1826
9290 1482
754 38
3927 1173
7346 2131
7687 1203
3111 656
4198 1516
6116 992
7488 1347
9346 1578
51 2206
2151 1542
5230 1008
6318 1885
9064 2239
4485 1515
5137 1057
5285 1161
9100 1137
4380 760
5050 385
5082 1138
5987 2008
6516 1179
7725 15
9122 591
670 1311
1789 1578
1882 1068
3088 458
4163 723
4482 1515
5049 1001
5327 1858
6551 52
8928 1242
433 724
540 1826
651 1179
1166 332
2576 1345
4126 1948
5044 897
5118 1090
5334 1846
5368 1285
5604 1416
418 272
5676 754
16 2186
1022 347
1718 1731
5045 934
5624 1994
8636 1482
142 1553
642 1325
2550 1216
3834 1575
4404 1517
1527 1884
2847 254
5355 1722
6253 1447
7316 176
7939 1244
8340 1894
9403 2194
2750 545
2822 464
3484 1695
4210 738
4916 2192
6026 62
6060 753
8639 1892
265 2255
858 2262
1847 445
3572 1887
5583 1303
6637 1997
7588 212
1418 2247
1953 335
2581 1781
4158 1520
4297 722
4379 738
4738 991
5296 1169
5746 1369
6285 1841
9034 1666
865 2262
1500 1818
1786 1744
2839 1838
4101 1514
4167 1514
4195 722
4606 1781
4649 830
6044 849
6798 2086
8398 1203
8580 1659
9293 2114
367 1509
5737 1324
8181 1781
19 68
2740 545
6393 1719
7571 519
8642 1969
1487 153
2035 462
4852 1263
6251 722
211 1507
1999 237
4076 1514
4215 722
4407 1515
5635 1442
9187 1830
590 1932
1433 143
1567 1437
4182 733
5107 965
5780 923
6475 134
6799 143
6831 2084
8229 1086
8641 1974
9142 1668
944 412
1465 225
2318 1803
2938 143
4166 1516
5971 1065
9029 1949
2612 982
4903 735
5548 1240
842 440
1469 423
1689 2247
2876 1136
2995 2261
4277 1514
4984 1008
6402 1928
7906 187
8085 473
781 1554
3415 2074
4104 1514
5363 1269
6458 1484
7614 2239
8109 1870
8453 1757
4113 1889
4201 740
3714 1141
4944 1635
4976 991
5431 1939
7358 363
8110 219
8283 480
8296 1860
9337 501
1434 386
1706 2257
4301 1516
4878 603
5974 1400
7434 1203
8318 1542
994 1727
2347 1825
2459 464
2764 545
3250 2146
4222 733
5028 2219
7978 1650
486 2263
2188 827
7262 1743
2970 1330
8980 1440
1544 1821
1546 928
2870 1803
4785 855
5595 1667
721 367
1530 1155
4294 1514
5048 956
5669 2008
9144 85
477 1482
5812 938
5907 1403
7995 283
62 1900
1599 378
6325 226
6502 1877
856 2239
2780 2133
4136 1894
5112 793
5187 357
5392 1070
5763 36
5784 1816
6490 55
6646 2150
6921 1632
9408 8
812 864
2801 1611
5103 998
7616 1949
230 129
261 1607
1047 382
1319 464
3194 2026
4761 792
4991 935
5958 1440
6446 2061
8137 2170
8993 1052
5057 954
5665 1047
5675 1317
5779 2175
6117 695
6519 262
7392 990
570 187
1601 341
2903 380
3036 858
4137 1890
8183 722
53 1900
2895 1309
4180 740
4229 722
4534 1216
4764 923
5827 2141
6021 1866
7414 732
7446 335
7650 2186
214 1851
5005 907
7363 480
7843 1950
9421 520
299 210
1322 283
1656 348
1702 332
2927 1482
3744 1894
4280 803
5641 8
5643 1685
6606 1520
7046 2115
9425 345
874 1776
1400 345
3808 1692
3835 1575
4046 1894
5164 1055
5582 1659
5678 2125
6102 1792
6470 1531
6789 521
3375 1847
4179 760
4611 622
5685 1067
9470 956
524 1851
2728 925
301 320
410 1059
1678 473
3063 1294
4730 929
5484 1248
6497 1541
3092 858
4267 61
5999 1862
6946 1840
7613 367
1779 519
3869 1575
5197 1248
8168 2143
9025 1666
9174 1322
4375 740
4948 954
5072 991
6071 1790
8205 1498
8242 1371
209 1853
4985 934
5786 2099
6009 1808
7415 1052
909 455
2417 350
5452 1055
5734 1767
5995 159
6184 1847
6480 192
6980 201
7749 2264
3727 2184
5816 15
6501 520
6708 900
6902 272
7362 956
817 187
7766 1390
7832 866
7946 521
9045 2122
184 690
977 567
1113 237
3754 1894
5143 1057
5320 318
5644 1753
7820 2258
436 6
915 459
3832 1894
4141 1894
4386 439
4426 788
5713 2010
424 1661
1269 347
4188 763
4731 792
4954 2194
5027 2258
7121 2267
347 1507
729 1738
1225 1014
1988 333
2637 1901
4415 738
5191 1051
5333 1234
7663 1659
7904 519
9258 178
360 866
2857 283
5221 1269
5564 60
6700 335
7639 1390
1582 341
2623 2008
4274 1514
4278 1514
4427 760
4644 1574
5247 1247
7087 1374
7858 1527
8654 2152
2928 35
4638 1781
9011 2168
886 364
4656 756
5188 1158
5408 1122
6316 2181
7584 1155
256 212
7322 519
8706 1877
298 1987
985 1816
1630 386
4078 1519
4080 1514
5612 1297
7485 1219
7958 1723
8019 113
8517 296
654 81
742 1907
1332 243
4270 1515
8428 1936
446 265
1780 381
2751 2223
5915 2186
5965 730
6038 353
9233 2150
334 1835
1152 1566
3234 2028
4107 1514
4121 1112
5960 2213
6465 1564
7134 1684
7617 1096
2565 1236
4420 761
5536 977
7589 688
8518 1516
8827 165
115 1581
188 10
3175 2014
4608 59
4715 1573
4728 1887
5730 1642
6492 2228
7120 2267
7989 283
1221 283
2024 1508
2442 123
3124 1742
4077 1506
4389 1203
5242 357
5404 423
5596 1549
5667 368
5716 8
6112 381
6327 226
6343 991
6564 176
8845 803
8940 1805
306 922
962 748
1008 1652
3499 2027
4237 1514
4531 567
4568 302
6358 1515
490 272
560 1514
1129 1578
1733 202
5689 2095
9459 1184
67 1553
3627 2026
5909 1404
6362 1472
6635 1175
7324 481
8388 1482
9164 1275
725 674
1613 2070
1657 65
3030 1982
4579 1515
4702 1780
4965 1008
4986 991
5717 2239
6834 826
7091 1636
9121 1884
9409 2066
5478 503
5842 1297
6381 875
6582 329
8900 18
3245 2027
4481 61
4845 2008
6238 1452
639 1317
1866 1727
5482 1263
29 1904
668 31
1734 357
3730 1894
5479 971
5578 1224
6003 1895
7169 1996
9006 1181
9069 2168
166 840
399 722
1033 48
1765 157
4937 1656
646 1645
1488 1646
7987 52
260 265
1954 481
5305 1285
5822 2008
8009 1804
241 1853
667 2172
1252 1638
3272 2026
5224 1269
6464 2233
7231 1859
7499 2258
8601 1160
378 1484
615 468
2122 515
4089 1515
4581 740
4774 1676
5593 1851
7438 372
7873 1184
8860 2206
23 186
439 1408
2595 515
2634 170
2745 865
3831 1894
4969 986
5637 473
6820 715
7265 2256
8315 2008
8921 2206
549 1757
4983 49
5488 2171
5513 2171
7833 243
237 427
5237 1608
6233 501
7910 2260
8713 253
1029 1694
1388 337
1853 1732
3167 2261
3898 639
4429 1516
5535 1181
6445 1093
9066 2132
1019 283
1606 337
4109 1498
5979 1727
7013 1183
7805 956
8066 1865
1588 237
5446 423
5900 1713
7099 622
7606 695
8872 712
1663 56
2914 1738
6069 956
6237 1476
2017 423
2926 1932
3497 15
4230 722
6319 1581
7819 490
837 345
1164 60
1224 35
1790 253
4083 1514
4114 1514
4844 942
4904 1344
6113 1803
8116 318
8454 1864
3165 38
3874 639
4024 1559
5615 1816
7293 864
8528 1440
253 38
461 14
1035 2070
4963 1635
5181 890
5541 2229
5581 486
6059 753
7626 1182
7785 519
7831 423
8681 1894
248 661
472 18
603 1290
1722 31
4820 1561
4836 1008
6341 1178
7356 461
8367 796
9286 2120
9333 1655
136 1519
206 1862
467 2128
493 1757
1768 430
1845 2189
4953 1008
5415 1195
6077 1742
6211 1801
1301 434
2558 345
3095 1339
3505 2026
207 740
458 440
1878 2225
3843 1894
5087 1052
5858 1737
7341 364
9052 347
364 1509
775 1539
2030 1344
2636 1853
3151 333
3214 2017
4259 1215
5899 1358
6047 753
218 1862
229 1044
316 1816
1638 1462
4698 1275
9404 386
3376 1760
4613 587
4797 789
7135 1704
9051 1939
44 1904
4240 1498
4741 793
5852 1394
6027 805
6145 21
6479 1870
8088 1515
8416 835
160 765
3661 2237
4615 1165
4666 873
5948 1421
77 1025
1840 1166
2187 1532
3917 145
4408 1517
5626 1088
6020 746
7959 1564
9222 1851
254 833
462 263
600 187
2738 2121
3803 639
5448 1094
5788 956
6591 910
6979 928
75 1507
1192 622
3488 1145
5444 724
5929 1391
9444 2065
1485 3
4403 1515
5751 31
6862 168
7763 1813
7818 296
1429 2237
5186 897
5207 1269
5236 1608
6252 1294
6474 1549
8582 1445
8913 1690
9363 1275
794 1429
1188 2261
1314 1788
3841 728
6002 1574
9329 151
223 1546
1145 256
1313 367
1453 1335
1851 272
5245 1297
5540 1566
6981 1647
7140 1684
7922 2074
8117 650
8258 1574
2649 760
4084 1514
4968 896
6562 1788
1299 364
4898 898
6256 1477
9228 614
485 243
584 672
803 501
2796 1786
3015 1345
6335 226
924 2008
1303 2113
1333 350
2814 1156
3875 1575
5804 2050
6642 1710
7531 1260
7866 2070
8427 1937
8456 753
8892 1052
3802 1894
5458 112
8255 464
827 1501
5043 954
5054 1008
5277 1156
6804 1742
8714 1885
95 1903
1593 1742
2418 1708
2538 302
5159 1161
7909 1732
8081 776
8132 1828
9156 2048
262 621
515 1321
2856 1294
9190 2052
9277 1482
3833 631
4071 1514
5265 1269
5278 1185
5338 1303
5712 5
6988 38
7908 2195
8276 1841
1753 1237
1831 501
3373 1665
5633 1528
7710 2216
8995 720
495 36
597 2186
1222 212
1589 284
2882 1398
4238 1514
5894 913
587 2168
1270 418
1399 259
1523 2125
1570 85
2632 1442
2908 1339
5867 1391
78 2186
386 1426
679 1607
1888 2100
4918 864
4926 2239
5151 1961
6266 596
8446 712
8693 1398
35 1507
693 2063
5125 998
7494 1346
8185 1859
8290 423
8859 1204
1513 2261
5406 1247
6745 420
8158 467
1087 855
2845 1156
3027 1932
3089 42
4915 8
5055 954
5414 1228
5611 1845
5910 1391
5946 1403
8828 1709
8938 2213
4428 763
5113 1803
5598 1156
6509 55
9149 701
9436 1140
332 318
1079 330
5166 1188
5722 2259
6660 1729
6728 2219
8466 372
9212 1974
483 1851
5757 2012
5862 1959
6280 27
7201 1808
7516 956
7741 210
8212 704
4276 1514
4899 962
5329 1169
6194 1759
6949 1854
1261 866
1662 2211
4115 1865
4185 1537
4271 1515
4528 2008
6202 214
6771 1653
7712 1528
8797 1893
9152 2046
9186 720
1929 408
4065 1566
4475 1891
4951 955
5241 1940
8107 367
198 785
1562 318
2113 1155
4971 896
5156 1140
5690 792
5973 723
374 2231
1275 1775
3849 1891
4401 1853
6089 682
9177 2052
73 1371
841 186
1935 354
2235 1110
2684 631
4885 876
5214 1269
5569 1216
7291 2076
8952 113
63 1842
853 1776
3692 35
4660 1409
5702 1528
6401 1845
8707 662
8912 1712
8958 1073
69 1125
3134 678
4835 861
5781 1329
7304 1508
8407 704
4 1827
480 1884
1909 364
3905 1894
5319 560
7934 866
357 1772
453 570
675 2119
2969 2089
7212 407
7890 1695
154 797
319 616
2797 245
3078 838
5340 1303
6549 1838
6792 295
9347 1710
655 704
898 943
1141 375
1462 1719
1791 1573
2564 1498
2815 2156
4005 1559
164 1520
3140 1223
3414 43
3660 1155
5609 640
6863 421
7408 651
8457 1914
8720 1556
1456 298
2998 1181
5117 1763
5461 112
5504 1155
6428 1121
7548 1646
9090 688
9431 1826
81 761
2984 1469
4450 827
4674 295
5653 52
5954 329
6440 492
6704 1589
7961 329
8159 1158
9032 2132
1160 356
1631 317
1870 153
5524 1518
6143 1482
6361 1514
432 1974
3150 1527
4239 1498
6589 1324
7086 826
110 634
3149 588
3916 1853
4157 1547
5889 1391
6185 2186
6536 766
6607 1515
369 1876
1514 219
2093 1767
5684 1316
9332 521
2671 622
5041 1008
5687 1324
5927 1459
7480 35
911 741
955 353
2662 2098
2821 1156
4913 898
4964 1635
5982 956
7816 1530
353 1186
1719 2152
3792 1575
4700 636
5559 125
9330 1941
4248 1894
5560 1242
5682 1710
6455 1654
89 186
227 1398
1198 1757
1438 1794
3809 1632
5890 1404
5919 1689
6658 568
9418 1578
331 462
1281 440
1926 494
5503 1884
5587 112
6286 1505
6310 897
6986 1312
1295 1344
3904 2184
5051 991
5820 2055
6173 259
392 1234
7774 1158
1038 1462
1941 1378
2075 1179
3035 838
3206 2202
3612 253
5042 977
5075 1001
6244 429
8105 1547
185 1900
1810 1504
3745 1575
3949 61
4106 1498
4139 1891
4148 1520
5796 1662
5957 2227
6426 2245
9138 1694
9388 1482
1262 1573
3565 13
4931 1817
6017 1124
6147 1412
7331 1819
7513 1181
441 513
2118 2118
5815 1998
8765 33
1540 172
2131 2225
2731 1325
4734 822
4990 991
6342 1920
6425 953
6441 1753
6707 491
8304 382
8365 1940
1336 332
2561 1537
2646 1972
3931 1216
4162 1518
6948 1527
8127 1904
8735 2261
936 462
1387 2152
2346 1179
2746 884
2951 147
3144 1826
3642 708
5244 897
7058 1692
82 1546
2031 1932
5209 1269
5817 987
6046 753
6334 368
7514 299
8140 1202
8854 1690
9206 153
878 1377
1360 1607
1850 1819
4138 1891
4727 1419
6392 896
7629 1504
8128 778
702 2260
2825 335
3897 186
5865 1391
7397 365
137 1507
394 1237
457 31
866 1786
935 1279
1043 299
1210 388
5443 1205
5991 1440
6165 1758
6312 2261
7357 420
8853 1725
91 690
430 1767
1258 1790
1649 396
4279 1517
5487 2226
5922 1404
9056 1941
9364 854
9456 2254
102 186
1298 686
2935 1949
2989 382
3359 2019
4516 59
5053 991
6284 187
7458 451
7562 294
7728 2168
1741 747
4064 1519
5011 1533
5649 1319
5725 687
5814 2010
8204 1437
497 45
2224 256
2860 593
3060 1094
5206 1269
5647 2252
7536 628
7844 591
1467 440
1481 347
2119 237
3585 2028
4483 1517
6423 1719
7928 1690
8348 1713
145 193
1025 242
5167 1055
5608 2113
8084 368
1564 35
2802 1998
4957 2047
5046 991
6014 805
6019 1115
3804 631
5321 1052
5953 735
8293 1398
8400 1398
8843 1182
9002 1398
2063 1721
3001 241
4070 1514
4725 1332
6919 1783
7015 1772
7530 2265
8764 720
74 741
128 1781
1346 1344
2963 1521
3248 2026
3278 2027
3756 1575
3806 265
5039 1635
5256 1216
5943 1748
5968 1440
8238 1052
3298 2194
3850 56
4144 1518
4473 1891
8043 1168
897 561
1167 2193
1906 33
3225 2026
3712 676
8194 1886
8568 1948
9183 720
109 2186
127 633
1235 928
1376 2213
3098 2245
3352 2061
3746 1900
6390 1710
6466 690
2572 2119
6227 1499
7600 130
7667 262
8139 1068
9055 12
2074 1198
2865 1540
2991 1568
4890 938
5701 1528
7369 2076
7706 907
9107 1830
3303 2028
5017 990
6747 1742
8962 1744
9292 262
1548 1752
3837 54
5068 435
6785 1292
155 840
1001 484
2316 1717
3186 22
3485 1184
3953 1215
4966 1008
5065 955
7542 212
9355 473
9469 2161
691 237
5158 1297
5409 1097
5531 818
7615 368
9382 588
277 1363
762 160
1032 1556
1413 22
1809 425
1885 2219
7575 1757
8045 1073
8106 1902
283 831
443 347
1344 507
3116 368
3294 2002
4671 1273
5282 1823
6236 354
8946 1144
488 507
1196 1781
1423 1462
2095 1153
3334 1255
5735 1339
5808 2237
6198 1446
8612 1041
15 1518
1475 347
7124 2128
7957 1949
224 60
1965 1429
1971 210
4539 1515
7074 318
7292 2119
8079 1517
3805 639
5697 2194
5800 1351
6282 364
6421 520
333 354
665 1895
930 942
2221 141
4128 1898
4536 1514
4949 338
8480 1052
9153 2052
777 1862
1451 1374
1501 262
1879 2194
3148 669
3486 35
4567 1437
4877 845
5996 723
7393 168
7455 1753
8451 1345
9356 2096
2913 1560
5040 1635
6524 1179
6732 334
1051 1891
1420 143
1824 1803
2971 147
3025 291
3385 2248
4803 938
4822 963
6405 1767
7860 1560
1227 249
2050 295
2741 545
2899 1155
2912 254
3840 1901
3930 1215
5056 956
5565 987
6225 1447
7139 1865
435 2195
963 479
2722 615
5577 85
5884 672
61 741
3316 2140
3680 708
5556 286
5719 824
6128 27
6517 1121
7168 1626
7802 780
196 1699
292 1482
938 541
1608 1491
1886 511
2006 157
4133 186
5664 1334
5984 631
6099 1051
7791 237
7867 1685
9060 335
279 991
324 1763
2896 1323
3393 698
6062 64
6506 1860
7776 348
8834 1022
8929 263
1064 1819
2145 1369
2786 1397
5304 1285
5724 1340
6230 296
7463 2041
9151 1317
68 1553
213 1928
1254 477
1522 1932
3851 1894
5145 1032
5766 1932
7992 1462
200 260
4924 2171
6832 1683
6922 18
7775 2197
8749 1742
9308 1690
80 1553
1658 100
2777 31
3064 780
5025 986
5179 2150
5231 1940
5232 1159
6043 1220
6866 1351
7787 381
8082 1944
8154 1555
8227 1896
9087 1823
9299 778
659 57
2784 1148
4116 1514
5585 777
5818 2047
6275 1684
6290 1499
6584 653
6787 1637
698 1530
902 338
943 305
1170 1206
1549 1470
3623 2026
6182 1454
6511 35
7891 1159
8049 1036
202 1524
326 2211
1065 1462
2185 1195
2843 423
2863 928
3663 1204
3784 1894
4576 1515
8420 1150
10 1138
815 2010
3498 2010
4010 1546
4726 1416
4842 98
5091 1052
8357 2061
8383 1523
9300 1699
980 1510
1943 1258
1967 1184
3115 1527
3606 1561
3628 2027
4258 639
4260 1853
5312 777
5388 1900
6093 2066
8297 1472
373 1575
3034 890
3108 1527
5616 256
5707 833
1735 293
2975 695
3163 2053
4882 1202
5983 1713
8458 1904
2990 2008
5634 1328
5736 2260
6654 1453
6843 38
8564 1242
9213 1041
780 145
2708 1953
4061 1853
5058 853
6264 897
8881 1086
182 667
1406 162
2894 1950
8848 1401
9070 177
428 8
1119 884
1867 272
2841 2225
3460 361
3877 1538
6006 1184
60 1243
1095 2008
1452 1769
1676 353
2257 971
2542 1133
5192 1055
5794 1366
7073 2057
9268 1731
2907 1309
3887 678
5625 793
5851 616
6379 1202
6903 52
7980 1026
8008 1924
2000 420
3530 172
4093 1514
4578 740
8354 52
8774 621
1703 2008
2622 345
2672 461
3846 1575
5090 1937
5537 1708
5554 1290
5688 1068
7319 2158
8535 643
8751 1366
738 486
828 332
933 1281
1409 2268
1904 283
3024 1526
3219 5
3810 42
5080 1543
5456 1302
6042 1885
8353 1153
9083 2171
149 974
339 1936
452 2267
965 455
1042 219
1074 341
4880 1120
5023 49
5135 1057
7257 341
8012 1345
8632 1128
9109 2008
9169 1964
406 28
2317 1224
2761 968
4977 1117
6491 60
6650 1679
269 1490
380 1659
598 1246
975 85
4409 1517
4661 1409
6007 1429
7478 113
8180 1558
9105 188
1785 650
1910 909
7869 1462
9392 796
50 186
481 423
548 57
708 737
966 1632
2080 1093
3444 708
3747 1153
4050 1472
4663 873
5195 1741
673 6
1057 400
2701 854
4063 1532
5353 1300
6255 1499
6955 361
9018 1633
612 1417
653 658
929 1246
1619 2246
1742 345
2019 130
3639 2033
5111 1204
7874 249
8747 2178
9371 473
286 137
1077 1390
1146 1823
1903 462
2960 1316
5391 990
8431 1094
9171 1588
233 1347
712 1541
1568 465
5520 112
5945 1412
6925 214
1020 1666
1915 351
3037 1409
3442 1879
4668 756
4752 928
6537 690
9331 1480
2883 968
3876 639
4468 56
4945 715
8329 382
9098 1526
2633 910
2732 1202
3042 69
3328 2146
3634 2026
3741 1575
5603 1221
6076 133
6200 382
6714 422
7979 628
8927 85
9391 462
1058 411
2052 1146
3757 1173
3842 1894
5447 1086
107 1328
3332 397
4988 935
370 1535
901 356
932 1434
2038 368
2579 1172
2757 2120
2966 2225
3830 186
4035 1894
4769 830
5190 1161
5745 1369
362 790
2559 740
3900 631
5576 2245
5694 1663
6374 285
8041 467
1712 1118
1720 418
4135 1894
4257 639
4402 61
4911 421
5021 934
5405 1825
5428 1561
8336 397
8494 462
8703 1418
833 1382
4745 344
5980 272
7892 1830
9270 2170
1326 964
1538 624
2656 1202
2800 6
3630 2028
4775 1231
5211 1269
5352 1738
6051 1866
6092 1922
7761 201
8705 1398
2629 83
3770 1894
4142 639
4772 745
8027 855
45 1112
973 741
1231 1973
3127 890
9031 163
9036 178
1407 356
1457 276
2985 1173
4925 1203
4979 1916
5489 1342
6510 1566
8674 1341
3147 2048
4952 955
5821 616
8870 467
18 1903
717 2206
2217 1910
3183 1179
3807 1482
5407 995
235 1498
720 519
759 1907
863 737
1498 909
1519 1677
1536 353
3113 666
4268 1517
5501 503
5591 819
5640 1369
8960 396
0 1921
2022 486
4946 1533
8092 2171
8509 271
9042 388
1822 2211
4919 942
4999 944
5723 2202
8065 1741
9180 2047
381 1877
1565 1549
3894 1556
4647 820
4799 1419
5318 560
7382 1688
8343 98
9061 325
823 864
1464 1204
1745 1807
3873 1894
5284 1700
8295 1726
8628 1433
1552 1854
2583 1575
2964 2183
3591 1311
4975 1330
6373 1813
8335 345
8611 1903
8778 345
8951 468
9016 1859
168 1290
1534 353
3062 1339
4082 1514
6644 1590
309 484
954 473
1889 913
3139 666
3593 717
1655 1839
1679 1788
3605 1561
5475 1871
6204 61
34 1409
494 2161
2787 350
3020 884
3310 2028
4250 1894
5802 2057
5916 643
6677 368
7180 712
8584 1932
9326 420
1234 1884
1249 283
2781 1511
3880 1891
4650 887
5358 1188
5610 905
5777 796
6581 1343
6983 1438
7026 2237
7431 1294
8723 157
93 1841
512 305
3853 1894
4397 1853
4580 1555
1097 361
2795 925
3734 1894
3888 687
4757 837
5508 2186
9402 1917
8 1504
1063 296
2112 1166
2427 196
3426 708
3844 1894
5572 170
6299 1684
8629 2224
445 1482
1632 1683
5516 477
6547 1386
7179 822
8941 1086
9199 420
479 2023
1493 253
4400 1853
4574 740
6209 1452
6729 420
7057 1204
108 1888
937 704
1282 247
3726 186
3732 639
4939 35
6271 347
7204 344
7823 1726
8846 1700
151 1025
400 396
1361 1398
2525 376
2624 2074
3235 2028
3380 1498
3396 2027
5773 2003
6168 1710
6738 390
6858 2265
9043 9
9440 1723
605 1896
2997 631
3629 2022
4053 1301
5006 1389
6694 1393
7083 1668
97 1147
914 347
1142 468
1600 1859
1819 35
2717 1368
3689 1058
4091 1514
4659 830
5243 897
5356 1052
7665 1830
1990 661
2803 846
3171 724
3243 2033
3504 2028
3823 1480
5474 1562
5904 77
7507 2119
2126 1719
3611 361
3724 1922
6353 934
8224 168
9125 684
57 1903
2042 267
7406 905
7788 956
8152 1506
8753 689
948 666
3755 1575
5886 1959
6478 1564
7299 1168
8617 1299
9267 473
135 1781
1054 1384
1132 2245
1482 111
3038 2077
4853 1471
4900 1326
6385 1757
6841 690
8712 184
1226 423
1241 1068
1356 305
3045 347
3421 708
5744 817
5896 1756
6770 420
8119 357
9071 10
1427 1549
2983 1889
3192 2027
3483 1415
5709 1910
6012 805
8463 1869
1107 1309
2987 1469
2999 1865
3491 604
4060 1472
5835 1155
6387 440
8532 1424
593 1524
1178 249
1341 1123
2577 1825
2615 1547
2861 909
3691 1826
3934 145
4780 1386
5248 1057
7664 1717
8059 423
131 972
2159 41
876 546
1558 46
1869 1499
2132 70
2680 289
3028 420
3212 2027
5562 1366
7307 1527
100 948
1617 1052
8262 1940
8323 2261
8347 605
122 1506
993 1109
1688 519
3872 1153
4809 938
4967 986
6073 2183
6913 1375
7582 1986
8552 630
246 1638
276 1275
608 1146
760 1858
788 1891
956 207
972 1466
1233 1685
3394 2026
7258 421
7654 462
1016 1910
2360 388
3586 2021
4054 1173
5809 2225
7679 1202
8963 396
2026 1106
3386 1475
3740 1575
5512 1097
6055 1738
6354 1710
6384 993
9239 68
1158 1690
1535 1263
2279 1355
4092 1514
5855 1438
8418 1330
594 1413
805 964
1502 1482
2171 329
2488 1723
4038 1894
4577 1517
4658 789
8718 941
724 1939
925 571
978 1871
1052 1851
3951 1150
4119 1506
4701 594
8254 81
165 1904
251 153
791 1515
1440 457
1503 778
2060 910
2812 1156
3110 1528
3433 1342
4231 1516
4406 1542
5765 2138
7943 784
9249 176
1526 363
2127 35
2416 644
5015 2177
5966 2085
6437 16
958 1409
2011 1763
3021 364
4134 186
4394 639
5323 1094
5924 1403
6942 2174
7420 1738
46 1147
79 1409
816 1928
2952 2181
2965 1181
3188 2002
3346 1374
3348 163
3711 563
4099 1514
4108 1506
4974 1940
5903 672
6364 1710
6418 1224
8600 1827
8757 1408
171 948
519 219
660 1486
1179 85
1267 1247
4471 1483
9013 716
478 643
1852 859
1964 1436
3226 639
3536 708
3826 563
6048 1223
8581 1482
9200 1204
1460 272
1533 330
1771 1462
1818 434
2976 538
3086 1753
4255 639
4653 830
5435 186
5553 746
6028 1401
7926 219
22 994
382 343
2238 1567
3104 1225
3112 1952
4253 2184
4755 781
4756 831
1801 1822
2635 161
3548 1297
5878 1394
6483 1369
7264 480
8821 609
8890 1294
42 1109
147 1904
204 1645
3080 1339
3128 658
3179 220
6140 191
6339 1979
8028 1524
8308 1157
1311 702
2541 1871
3254 2033
3879 1901
4025 1444
4045 1894
4777 805
6221 662
3136 1952
3161 675
3422 205
3647 1879
4122 1532
6302 88
8839 688
56 1911
1013 217
1349 1767
1383 1121
2206 1323
2458 318
3443 1879
6189 1321
6618 13
7137 773
8141 440
8447 1887
8455 1025
8779 96
126 614
1000 2065
2130 375
2650 1575
3468 708
4118 1514
6013 1401
9452 664
124 1903
139 1507
264 2227
562 1539
1412 173
1761 854
1899 1654
2775 584
3911 1894
5098 1096
5182 963
6103 1930
1925 2073
5680 1482
7630 2238
8817 1431
8897 928
661 853
1110 1767
3713 705
3886 43
4147 1234
7353 346
7661 530
8558 560
8743 1930
825 55
2526 2206
3107 666
3899 1894
4132 639
6018 1910
6336 897
7119 410
9282 1702
9325 2261
482 2023
1177 272
2072 1847
2749 1337
3032 1935
3083 322
3364 2033
3721 1563
3871 715
4538 1517
5063 1755
8959 1708
54 1125
138 1112
257 911
3289 2168
3693 1157
3989 145
6030 1222
6054 1890
499 1949
899 1381
1120 1936
1134 1932
1611 2072
2875 1339
3920 1216
4479 1532
4807 938
5077 1444
5401 2168
7090 2125
8731 2120
8925 2215
9411 521
123 1904
709 1925
748 124
3425 361
3664 42
3838 1112
4264 1853
5030 1657
7696 211
8669 1763
9020 2225
9220 1304
1173 56
1826 354
2014 511
3051 711
3187 1344
3510 2028
3795 1575
4706 794
4821 1143
4881 1193
5661 1026
6148 1679
7377 1679
8557 425
8695 168
9463 473
328 1899
377 1581
1614 1704
1640 259
2058 1480
2679 760
3052 519
3461 708
3736 1575
3796 1575
9017 1377
9214 70
877 224
1363 2203
2218 368
3008 2100
3596 708
6234 259
7191 2262
8333 1189
8555 1686
2592 1546
2854 1219
3093 1225
3236 701
3609 43
4037 186
8621 1197
8745 1887
786 1903
1930 699
3762 1894
4073 61
5507 1297
7859 341
8178 1290
8481 1514
9414 641
215 1469
523 396
870 1460
1581 1390
1804 890
2563 1506
6394 1287
8519 1444
197 938
325 1579
969 1447
1183 468
3683 563
4006 1215
9130 1307
9289 1704
175 568
201 260
442 2061
3103 1578
3929 1063
8101 2180
330 104
1366 858
1727 2261
3152 365
3200 1208
4028 2114
6223 354
7334 2141
7504 232
8789 480
9334 756
678 148
1816 1886
1823 52
2034 2170
2924 1952
4040 2184
5322 1188
6699 20
8436 338
64 780
3220 2256
3943 1546
7447 897
8087 1507
280 1163
504 1844
1873 459
3184 2259
4399 1532
6410 866
6737 1344
8837 690
41 840
226 1098
758 1828
904 203
990 1442
2638 747
4275 1515
4762 793
5767 36
6107 1930
6734 1179
7889 3
9074 926
9244 429
535 1548
1155 1710
2086 296
2089 720
2090 1754
3527 1355
4570 1782
2414 519
3238 2193
4127 2170
4872 991
8813 2230
9250 1574
839 1310
1212 360
3292 55
4252 1894
8503 1853
8992 1530
9049 2066
9131 2037
9448 473
2253 1944
2289 1853
3547 676
3839 1899
4786 882
5905 1459
6403 1543
645 1610
953 451
1977 1626
1997 559
2921 1244
3260 2031
3678 676
5747 1378
5887 1959
6243 1492
6757 253
8131 1690
8302 582
8306 1390
1031 1629
1736 4
2594 132
3403 2028
3858 1846
4981 1916
6281 400
7625 392
550 1710
939 1903
1169 1344
2051 690
3173 669
4254 2184
5756 2002
5881 1959
6049 1187
7462 2041
8202 1607
9176 1255
208 1472
627 1419
3284 423
3395 2027
3779 1575
4032 1922
7720 202
8904 1203
2953 283
3707 2254
3908 1894
4535 1515
7660 1260
158 1416
555 1857
1266 1182
2511 1514
2771 2202
2900 420
2902 963
3467 708
3535 708
4043 1894
5538 956
5639 1345
5727 1936
7557 672
212 1566
297 2103
890 639
1012 1502
1354 209
2686 2261
3742 1525
3909 1894
4973 1343
5081 1533
8225 1527
8615 139
8819 868
3039 1114
3341 2033
3512 2026
3531 2074
3564 176
7641 1682
8948 1217
407 345
578 564
776 1637
3043 1114
3569 1877
3588 2026
4072 1498
4140 1538
5666 1068
5696 1663
5710 782
7925 719
9368 1424
66 2066
714 1162
3122 173
3273 2020
3401 2028
3865 1103
5163 991
5514 1052
6543 910
9442 42
1389 293
3374 38
7085 201
7855 1823
8292 1398
8964 396
33 948
964 1763
3549 259
3681 1480
3919 1506
426 230
609 396
620 2250
957 1329
1555 328
2320 1491
2593 170
2774 863
3065 604
5144 2195
5708 1908
5866 877
6029 1910
8835 2074
1026 1508
2674 703
3923 1853
6063 1866
6134 1679
6413 403
6436 31
6875 1530
7944 187
8593 2138
690 1372
700 1879
3097 965
3404 2074
4117 1506
5542 1052
5840 587
6045 601
6127 675
6367 961
7822 329
8246 49
349 391
895 1148
949 2133
1062 35
2510 147
6224 1457
6999 1348
8192 1399
8228 267
9430 266
36 1888
2570 1205
3552 628
5750 1663
1444 1753
1975 1618
6896 540
7214 1889
7313 681
7659 862
7723 1778
8531 1690
8559 75
9209 1781
470 55
920 2031
1055 2216
1983 455
4709 717
6439 1765
8949 977
1620 29
2363 991
4057 1532
5774 2003
6756 1508
7033 1962
359 62
492 41
1239 364
2133 712
3400 2028
3412 1386
4033 1666
4646 1914
6765 1595
9033 2168
583 212
2670 1259
3672 708
4398 1566
5394 1325
5574 1319
5940 1369
6935 2198
6941 1138
907 272
2763 2063
3560 1935
3882 148
4131 1116
4824 1693
4883 1856
5758 2194
5771 1122
6366 1136
8313 266
9047 1382
2729 2056
3413 176
3856 1894
4145 1532
4796 1409
4927 971
4956 19
6851 520
7576 987
8094 1878
8498 1922
8524 593
701 708
1394 1257
3240 1786
3285 2139
3330 2033
3437 708
3589 698
3735 1575
6447 1401
6663 604
6703 2198
7529 1786
8910 1295
96 1202
273 649
772 294
2103 1989
3768 1894
4056 1173
5047 1117
5706 1237
2682 689
2689 478
3398 2026
7108 1624
7742 350
8704 2072
696 1971
1390 484
1998 1382
3496 520
4069 1547
4261 1853
7981 613
8395 617
1350 1321
3399 2022
3948 1173
4850 1852
6033 1549
6422 423
6481 1086
7029 82
8146 1142
8461 382
163 2266
647 368
1305 514
2747 939
2933 35
3751 1894
4256 1894
5395 1939
6095 766
648 1369
1559 451
3196 1669
3244 2026
3788 1894
5848 1394
5885 77
6084 191
6998 2158
7931 1398
9117 299
1480 364
1578 1849
2165 1781
3159 950
3800 652
4110 1498
8075 455
234 1258
634 84
768 1291
820 501
2408 283
3114 1338
3640 2074
3813 681
3895 1116
8596 1931
8670 473
8788 564
65 137
99 1915
1135 253
1924 184
2098 67
8149 404
8319 1860
625 2114
1838 1464
2076 805
3259 2029
3715 1141
5089 1789
5502 921
7599 1535
8916 1203
459 1637
1605 1830
1813 313
3242 1345
3381 515
3778 1894
5683 340
6276 295
7417 1193
7535 520
178 555
1211 422
1817 980
2833 1156
3218 2140
3538 298
3775 1894
3789 1894
3961 1106
6469 1535
7320 1870
9317 712
580 1925
2659 13
3158 661
3631 2027
4396 1853
6370 953
2239 1371
3434 708
3636 2146
4773 746
6605 297
7364 1149
8219 2126
8464 646
9184 1578
5 1274
636 22
946 1882
2200 1103
2785 1348
2929 2174
4537 1517
1191 1337
1936 724
2139 1556
2950 978
3534 1365
3783 1575
3852 1894
3918 111
4474 1532
4530 1780
5674 1792
6655 1040
7312 732
8113 335
120 1507
1517 888
2578 35
5035 272
1085 1468
3022 329
3205 2027
3638 2033
8083 364
58 1903
146 1025
2068 2055
2117 2139
3070 1646
6512 1542
6525 1862
6645 1361
7786 1859
8086 1681
8379 1561
8729 382
9103 1345
9112 635
119 191
674 111
1240 2214
1699 1723
2760 1296
3172 648
3323 2032
3824 1480
5549 438
7230 2186
8495 1398
8567 1205
170 585
266 1682
2415 2073
2611 796
3215 2001
3774 1894
3979 1559
5064 1543
5526 1328
5671 1568
5871 296
5888 1391
7433 1649
7465 1898
7811 907
8385 1508
1089 2186
1093 1727
3354 2019
3990 1532
5433 1758
6823 2130
7440 215
2111 1176
3743 1894
4795 1810
6407 928
6624 1935
8475 1113
8691 1619
9397 1013
906 546
3302 2026
3925 1173
4766 911
6159 748
6329 1684
7027 1551
862 462
1272 346
1670 661
2374 2141
3164 2012
3753 639
5234 45
5451 1097
5473 2183
5729 1788
8850 1753
9460 263
186 1514
1023 343
1836 372
2203 1884
3854 1894
3952 1063
5911 1403
7772 1436
8274 63
611 75
942 1469
6101 2197
6530 2048
8543 420
596 1263
606 425
2280 226
3319 13
3337 2019
3592 2046
5704 1183
6838 2218
7128 896
7423 1889
7633 1650
1203 136
1946 296
2979 1488
3389 698
3521 708
3922 1853
4251 1894
4765 1323
6298 897
6363 1649
7850 519
9201 1114
217 570
409 2170
1091 839
2778 1093
6300 90
6629 2198
7464 1647
8218 735
8758 184
2147 35
2170 715
2702 466
3481 1297
3654 708
3903 1894
5455 1825
6005 424
7563 214
8247 1578
8491 1220
9048 2000
1201 1767
1898 335
3939 1532
4790 1922
5853 77
6216 1927
7335 1974
9065 503
770 1294
784 585
2138 1902
2355 63
3910 1894
6090 1931
8393 354
1250 45
1798 450
3324 1603
3545 177
3902 1894
4039 1974
4812 991
125 2051
1986 1321
2277 2223
3057 1685
4130 1666
6226 2016
6783 401
8647 1475
8803 2225
2582 1536
6031 792
6460 988
3135 678
3198 712
3231 2027
3506 2026
7481 572
9218 445
541 1514
2925 296
2932 1399
3728 1284
4732 822
5720 613
6072 737
6119 191
6301 1741
6647 1717
7398 1178
7789 13
533 1531
1667 1453
2767 681
3199 18
5138 1119
5403 1094
7558 643
7642 253
7740 207
8341 2228
8988 1141
9215 1193
9432 1298
9446 1651
25 1929
2613 2225
2827 1637
5360 1094
9471 266
502 45
743 55
1143 1341
1796 887
2287 1674
2710 615
5359 1247
5868 1391
9413 462
905 203
1572 81
2982 1941
3351 1661
3945 1532
8182 1539
9113 1317
9115 131
389 2181
1972 1742
2379 1406
3615 573
4662 832
4713 1316
7404 2210
8894 1888
9340 2125
1916 546
3146 680
6828 2237
7938 1786
9309 473
13 1903
148 1514
1310 792
3540 1415
7328 1893
7807 1086
686 1989
695 1184
697 718
1378 1618
1598 806
2658 276
3725 1563
3739 1894
6534 1220
7217 1946
7413 1723
8744 177
672 1631
2258 601
2524 375
2727 864
4708 2174
6443 1121
9305 1941
31 1903
2831 1295
3791 1894
3960 1215
4051 1532
5079 944
5218 1062
7519 1247
8683 2253
1628 854
1974 457
3723 1116
3798 1548
4036 186
6109 1812
6766 1370
8025 1052
9255 1960
1066 1727
3828 631
4097 1514
6207 1321
685 2063
6337 2240
6726 1920
9102 68
722 1725
1150 1052
3559 176
3646 361
4245 16
4832 1385
5627 1967
6160 35
7441 1189
7784 1756
8153 1514
8223 462
8680 868
676 1953
5238 1124
5289 1055
6065 732
8303 688
491 41
2240 777
2726 1501
3649 709
3652 678
3983 145
4480 1517
4879 1902
8435 1143
710 456
3507 2027
5008 1025
5810 2003
6277 35
7543 1408
8226 338
1379 1035
1650 2114
1759 420
1787 1991
3068 1803
3137 1528
9 612
595 440
3827 1116
5390 2247
6382 896
12 1669
272 1466
819 2003
1036 1632
2105 1728
2599 1483
2962 1571
3912 2184
6448 88
6571 1859
6836 864
8469 806
8901 1889
9219 701
9407 1690
9441 242
30 875
190 1178
1489 1730
1521 1066
2840 464
3322 1362
4044 1891
5178 1062
5287 1055
7662 201
7964 845
8240 1553
1950 545
2519 193
3347 1603
4143 639
5628 1876
5741 154
7332 1533
7812 592
8510 1721
3729 1894
3748 1894
6141 594
8741 1367
9077 1846
205 897
1265 1819
1410 335
1701 962
2667 1535
2838 1526
3081 569
4013 1520
4532 1062
8273 1204
8851 1294
9145 350
1098 795
4001 145
4391 1826
6461 1684
162 1178
471 1508
3209 2021
6081 708
6163 2259
7384 707
8080 1895
917 622
1199 9
1237 1482
1505 1711
1508 411
3767 1575
6058 1159
6507 1121
6636 868
7666 397
563 791
656 2212
2721 613
6132 191
7054 2077
7371 1744
7456 1026
9114 244
159 594
664 942
831 333
1979 475
3766 639
3906 1538
5876 415
5883 415
6970 1156
8177 1275
2307 1579
2660 226
8869 1937
9455 502
275 653
1101 230
2267 77
2956 1782
3896 1116
4735 795
5673 1739
7174 2077
8089 1114
8197 2258
290 1705
619 1179
649 256
789 1168
1027 956
3014 1469
3099 1989
3431 708
4003 1301
5429 1786
7278 1780
7323 418
8111 2248
8118 2256
8836 1239
9024 604
9266 2158
1692 1109
2018 1877
2270 90
3246 2021
3518 708
3988 1546
7451 1616
7676 1483
9068 1494
9108 1763
193 1904
352 126
1139 1344
1571 706
1846 6
3459 1466
4100 1514
5738 2121
8553 1925
8966 1686
9261 2067
9462 1
49 994
228 1739
242 722
880 461
913 1886
1652 417
3358 40
3883 248
5795 1906
6641 1729
7064 24
8394 1651
2703 617
2980 1201
3765 639
3825 1480
3862 1215
4262 1532
5652 141
9063 406
92 1343
1884 1823
3191 2019
3193 2027
3241 944
3470 708
3608 638
3624 39
3709 677
4787 2045
5250 1055
5935 1469
6610 239
7144 39
7355 161
7421 1307
9352 1043
111 607
222 2118
2715 1022
2744 182
3343 1603
3700 708
4889 1260
6004 928
6712 224
6869 399
7157 1356
7436 1111
8521 389
9005 1070
249 1279
1563 211
4087 1498
4902 720
5297 1169
5558 159
7829 152
1151 1085
1381 2212
1386 2114
2173 1824
2829 1125
3772 1575
7268 1512
7350 1105
7997 727
9335 1531
28 1506
313 1842
1609 46
2077 2082
2791 308
3696 1816
3913 2184
694 537
1496 1923
1666 1859
1863 1690
3061 840
3223 2027
3232 2080
3793 1575
3885 1480
4111 1506
7506 2121
7996 1304
8044 2109
8300 604
9021 1923
705 45
1078 741
1117 162
1208 1679
1472 345
1700 275
2172 51
2568 1537
3233 2028
3290 1203
3321 2028
3387 2011
3962 1215
6212 1398
6665 1355
8073 1164
9198 962
305 137
682 635
1724 306
2247 1041
2766 692
2967 441
4384 1205
5483 1073
5837 604
6111 1679
8847 1009
8893 1420
32 1153
76 585
118 741
1859 1604
2141 520
2146 957
3040 1339
3620 637
3992 111
5152 1205
5281 1124
5575 1399
6108 1931
6430 1490
6944 1637
7437 1326
9221 1110
2152 2188
2707 1769
3633 1376
5933 677
6585 578
7138 1853
7702 2079
8120 2059
169 607
192 1892
390 141
1123 1803
3268 2026
4098 1514
6952 160
7727 472
8374 1347
9234 1630
9343 2170
604 781
792 1867
1184 501
1762 1472
1959 1885
3317 6
3590 2063
3780 759
8546 884
8732 1181
1486 1550
2575 711
3296 2027
3502 2027
3584 701
4754 872
6213 1859
9445 956
144 1127
1325 484
1896 2128
2718 640
2986 890
3790 1894
4029 1666
5070 991
6701 104
9208 1571
1877 288
3561 1297
3797 1575
7381 2034
8755 2066
8885 2206
9245 1922
98 1842
1287 315
3451 708
7779 1312
8541 823
8592 1192
27 974
526 97
783 599
984 1109
1045 712
3410 676
4105 1514
5400 262
5660 2049
5681 2089
6454 214
7165 654
7777 263
9439 2266
726 159
1541 35
3342 1311
3345 1376
3811 1989
3892 563
6575 2186
6899 1428
8808 396
368 235
1976 1087
2364 679
2846 64
3427 945
3868 1575
4791 52
4810 897
6567 1539
2735 574
3297 2063
3308 701
3737 1901
3946 145
4002 1301
4575 1517
6248 1475
6279 1935
7681 835
8760 1939
9012 33
9147 655
879 181
1216 423
1755 1655
2759 2095
2974 128
3142 1181
3863 1173
5362 1077
5472 1448
7701 254
752 132
1756 1290
2626 1249
3277 2033
3509 698
4059 1547
4770 1418
6560 1297
8281 1260
629 42
1861 909
3706 1066
4776 1348
5430 1480
5485 1075
6634 224
6684 1469
9019 2014
607 74
1088 571
2441 1745
3940 1234
5902 1282
6603 559
7407 2249
84 1157
421 256
832 864
840 186
1168 1971
1276 585
1330 98
3340 357
4008 1520
4055 1173
5026 897
5529 1542
6197 606
6959 1180
7888 299
7940 1535
8054 1086
8200 97
9050 856
9078 157
83 722
403 1074
1081 2155
1182 674
1405 1622
1550 67
2805 1453
3291 1200
3679 708
4019 1216
6529 2058
271 462
1103 13
1391 1682
2073 1164
2123 775
2283 85
2968 2071
3258 2031
3718 678
6135 191
6619 320
6931 1294
7466 1276
376 1960
2765 2206
4146 1853
5918 2096
6760 1428
8269 332
591 186
951 1734
2276 1316
2988 2225
3438 708
5007 432
8280 2093
8937 732
882 202
900 987
1284 599
3658 1141
7903 1497
8842 1901
8999 684
9072 1677
9230 1878
1669 1948
2101 495
2614 2228
3519 1488
3815 678
8217 1853
9111 2248
983 2207
1914 323
2252 594
3331 701
3687 1866
4027 1116
4096 1514
6091 1922
6297 1676
6730 962
6733 1763
7933 1384
8773 212
9304 1950
14 248
2256 102
2813 108
2940 1165
3067 648
3458 1476
3893 399
4031 2229
4825 943
6352 2240
8068 2257
602 564
1520 97
3972 555
4034 2066
6504 1121
531 2168
873 1923
927 680
2348 1271
4664 619
5733 1158
5864 672
6764 1442
7368 1780
8040 1234
8540 1094
8586 1146
3229 1345
3369 6
3719 708
7442 773
8384 2130
2677 63
2823 1708
3866 1082
3980 1216
4819 1938
6328 897
6689 138
7094 2077
8015 1619
8726 1579
239 214
1213 423
1525 299
1575 1046
2617 399
3357 885
3786 639
6693 1749
7486 701
7693 1936
8571 382
189 326
884 343
1491 221
2092 99
2676 849
6164 1308
7321 102
7699 907
7730 1911
8994 1478
1473 1098
1726 1200
1781 1477
3452 676
3482 628
3514 611
3717 1306
4244 1301
4266 1532
5239 1424
9205 732
9211 891
5398 13
5846 2048
7713 465
8752 1512
9269 2073
1021 1658
1340 1459
1359 2077
7521 172
8445 272
637 137
1086 396
3105 656
3659 467
4022 555
5879 1394
8549 501
8844 2211
9437 1198
2788 1385
3356 570
8777 1530
9257 214
26 1514
1515 858
1887 375
1995 1170
2223 587
2948 1961
3130 385
3487 1298
7612 427
9014 423
1512 2252
1963 1598
2640 1872
3118 1453
6420 928
7236 329
8588 593
8931 2210
9248 1843
199 506
3350 455
4744 2229
7705 2137
8250 524
9251 1932
9370 1690
582 1418
1911 235
2992 816
3690 137
8501 1254
1490 724
2015 559
3211 2028
3513 2021
3688 1925
4476 1532
5934 2049
7019 896
687 1695
2220 830
3738 1894
6736 1537
8327 393
9035 1377
1268 347
1627 2221
1917 2073
3529 676
5557 1782
688 1490
740 549
1040 1343
1698 1655
3210 655
4910 497
6082 708
6396 313
8527 1699
8805 288
9366 639
1053 838
1426 467
1664 494
2562 1853
3995 555
4486 61
8029 399
8627 868
9396 2125
1161 430
2606 1506
4477 1891
5076 1348
6671 2073
7226 1681
8561 1617
9022 720
610 74
1028 1715
1302 207
1900 397
3216 570
3947 1853
4263 1853
7674 420
8000 1628
8801 225
8967 222
919 884
1597 1782
3141 2124
3632 2026
5393 1377
5947 1342
6022 1751
8096 560
8220 1948
8787 2229
9226 1377
854 2185
1499 1852
1708 1757
1778 388
2250 679
2393 372
3597 2149
3759 1198
3801 639
5726 422
6767 2049
7401 1085
181 1222
1154 924
1728 980
2915 897
3213 2146
3698 717
5614 1564
6678 2183
7893 2013
8064 1702
8356 1509
8807 604
9124 690
9143 2235
116 2039
569 41
1009 1301
1317 207
1912 943
2451 565
3075 1441
3515 698
3814 708
3817 1480
6640 792
6672 1170
8441 672
9210 2065
821 2256
1109 1384
1684 38
3816 2053
5854 77
7695 1008
7911 1539
1395 2143
3667 1378
4712 1378
5838 779
6616 2077
6912 614
3956 1215
5411 1825
7691 1237
7991 2242
161 1178
1969 467
5801 2194
7546 1332
8072 1531
8686 1473
8702 1453
9322 275
970 2034
1300 1624
1441 346
3492 542
3750 1894
4912 1008
5480 1575
6679 839
8430 415
8560 163
8852 525
8896 1944
88 1895
1738 1562
2044 1950
2758 1308
3013 741
3119 858
3300 2026
4392 639
5453 1055
6064 1915
6263 1587
6573 847
8573 1026
8607 2106
8646 1706
8908 1780
71 974
813 708
916 2067
2291 2211
3237 698
3463 283
3516 2028
6074 186
6905 20
7232 1398
8121 269
8164 1315
8914 1509
140 1566
2748 688
3881 1538
6778 775
7241 710
8556 472
8771 455
8879 30
613 565
631 1502
1474 428
1956 279
3733 639
4736 783
6001 1475
6114 55
6344 347
6670 522
9336 1690
268 1280
628 1915
869 1351
968 203
1636 2082
1797 1887
3695 557
3773 1894
3950 1112
4672 806
894 1113
2025 2181
2096 747
4405 61
7205 1001
8663 684
8697 1198
1068 1156
2168 564
3558 43
6083 615
6151 1910
9148 608
575 1922
1883 1719
3041 890
3542 708
3643 2149
3758 1842
3787 1894
3890 708
3907 639
4004 1520
5317 1588
6222 2199
86 972
848 959
891 672
1805 782
2023 170
2088 1936
2714 1990
3974 1216
4781 2001
7724 1889
622 717
641 78
1015 1453
1839 655
2166 746
4469 28
2236 1313
2587 1506
2874 1310
4758 823
5486 1097
6985 888
7953 1502
8142 2248
9185 1617
1264 987
1280 1108
2383 137
3406 708
5505 2067
8542 1431
216 2190
1061 1754
2300 2158
2709 1033
3601 945
3764 639
4249 186
6463 386
6538 2121
7476 1137
7592 296
7773 211
8209 381
8775 690
1024 1203
1324 1487
1592 99
2469 648
2851 82
3207 2033
5863 877
5869 2172
6991 1786
7221 990
7692 389
8506 1895
8538 2237
94 974
847 1776
1449 502
2602 1598
3489 964
5989 346
8199 1324
8502 748
8569 1619
8990 929
599 678
751 25
2769 617
3379 1892
3557 1637
3673 714
9028 396
1854 1530
2668 1828
3546 1588
3626 2146
3818 1480
5831 1394
8877 1929
9298 724
2554 653
7428 172
8710 2205
8924 933
9101 204
130 1792
545 364
910 2003
3227 2137
3366 39
3441 1689
3576 1328
5700 603
7505 655
9075 168
3703 2149
6570 63
7062 1343
7510 2140
8207 2225
8610 132
9000 245
581 1922
733 689
739 1884
1209 674
1372 352
1654 1764
2053 1831
2398 1971
3153 23
3539 678
6078 433
6191 512
7635 2261
8576 561
153 1903
996 397
1772 492
3859 191
3861 555
5857 1337
6579 137
6758 606
355 1846
799 1829
1687 802
1811 78
2642 1424
3570 1877
4760 1045
7552 1881
7990 2140
8032 1668
8709 365
8945 1355
728 1720
1767 1664
2462 1854
2675 1177
2737 420
3131 2202
3222 2036
3247 2028
3610 1935
6594 1260
6631 278
7249 2256
7838 1
8397 518
37 1644
1291 271
2959 396
3079 1715
3267 2026
3402 2036
4042 28
5208 1077
6154 699
6987 1682
7286 1855
7372 2164
7533 1251
7647 2106
7817 545
180 937
4675 2204
5240 2253
8284 525
8350 2108
8742 1842
87 1903
2083 272
2589 399
3002 219
3397 2026
6406 953
6892 1786
7435 2250
8193 604
8484 1780
132 1574
1318 912
2730 1325
3411 1689
3891 676
3938 1566
4740 1435
4789 1093
6685 1141
7678 88
8362 1533
8903 1923
2501 217
3174 1461
3819 678
4818 644
5229 1926
6404 2172
6553 1420
1942 641
3295 2028
3391 698
8516 1983
9321 24
3963 1216
6572 546
7303 1574
150 166
1334 927
2897 1339
3335 570
3440 708
3901 1894
4472 515
6365 2177
6911 29
1292 443
1579 1156
1892 69
2661 943
6053 1506
8875 2164
1411 617
2892 1203
3023 1901
3306 2032
3500 2065
3625 2063
4655 789
6556 1401
6762 1493
8386 1348
8523 170
121 1846
3180 343
3449 138
4041 2184
4533 1514
6351 42
8972 150
48 994
547 41
1539 1482
2472 136
3138 1528
3812 681
5830 1394
7868 1961
8070 393
8562 918
9297 532
2107 137
3520 1066
3996 1063
7305 1109
7718 1567
8115 2218
8157 1741
588 1695
1547 495
1740 1304
3657 708
7326 1764
7610 1644
7875 214
8598 1413
9041 1043
918 1989
2184 129
3435 708
3666 2026
4023 1270
4573 2210
5829 1394
6602 2073
6706 1721
7586 53
7923 69
8074 1923
9136 396
9189 242
1345 317
2178 1480
3313 1606
3382 275
3446 708
3776 1575
6554 1860
7924 2237
8122 80
8933 268
2522 1969
2893 2157
5421 1027
6265 2197
6550 2186
7810 2114
7945 2156
1165 1686
3526 708
5823 1217
5834 186
8537 333
2724 1469
2837 174
2920 1952
3454 676
3501 1374
5785 1935
7537 160
8657 1094
9225 1813
1580 1580
2500 96
3162 676
5316 413
5470 2066
8833 116
133 80
1082 587
3307 2021
3420 708
4958 1355
6969 1138
7330 1384
7746 684
8275 324
8465 2064
9175 1338
9285 2156
1844 181
2157 635
2182 2252
2293 68
2692 1954
3069 1205
3405 99
3432 180
3656 1480
4015 1532
5033 203
5109 678
5955 38
7164 2110
8147 908
8444 1941
183 608
852 1571
1834 615
2844 631
3339 592
7376 823
9380 615
39 994
317 1128
1039 716
3464 708
3554 676
4897 991
5791 914
6649 1371
6718 1874
1076 470
1556 1766
1721 1548
2008 1885
2259 2186
3018 1972
3669 717
6087 191
6716 982
8036 144
8599 168
735 585
1945 1424
2230 1577
3195 2014
3276 1768
6759 1203
7735 1814
7969 997
8155 779
8784 2180
9057 201
17 248
448 1816
621 182
1122 215
1172 513
2207 1894
2338 464
2916 2250
3085 639
3578 325
3794 1538
5926 369
7294 1394
7795 1452
8944 1430
1131 96
2308 639
3583 1349
3685 563
5880 2137
7502 684
8344 1290
8479 1721
1331 913
2654 747
5280 1497
6586 672
7199 875
7302 1548
7457 182
9291 1583
3 415
21 1216
302 1266
557 1539
1112 1786
2269 833
4017 555
4714 817
5105 1603
6313 1501
6617 67
6702 108
7459 1277
7565 2183
8440 488
8539 1941
8623 588
8978 928
9104 308
113 1915
1306 287
1615 161
1659 1368
2290 193
2523 659
7216 1670
7834 284
8666 228
8782 287
8876 306
9118 1495
9265 1205
1750 2235
3204 2003
7609 142
8622 1590
8677 152
8907 1927
9084 2100
282 1430
630 986
4743 230
6593 89
7935 693
8035 684
8781 595
9127 1255
1492 1015
2010 1563
2507 1453
3336 2025
3353 42
3864 145
4272 1515
5849 1394
6795 1539
6833 826
7028 519
7096 2198
8554 1042
8942 1640
134 789
1067 1665
3462 708
5515 1824
5908 425
72 1903
718 935
755 443
1875 1618
2237 1527
3056 406
3968 1574
5153 161
8243 234
8772 480
179 1904
1673 1116
2549 2139
2743 1950
3261 2027
3704 2049
3749 639
6794 682
7327 1901
7337 2211
7804 1992
8410 379
1704 710
4016 1301
5870 1441
7677 601
8443 543
741 636
1919 897
1981 1416
2216 2218
2353 2082
2432 178
3304 2027
3419 708
3580 701
3684 678
4572 1495
4678 355
8867 31
9253 2067
2530 668
3355 2027
3550 708
4030 1116
4085 1514
5468 858
5824 1622
6126 69
9162 590
785 1903
3082 2077
3471 1934
7555 1556
8138 1023
9406 269
2922 1136
3820 1480
4739 1804
5228 1042
6106 1501
7271 554
7396 1590
7649 2063
8307 1147
9170 232
2215 1330
3955 1083
6139 191
6725 1093
6977 614
7963 204
8288 475
652 588
2880 1428
3453 676
4895 942
5917 909
6105 1812
6214 1391
7573 55
1594 174
2064 669
3936 1984
7762 212
947 2246
2919 1782
3279 1450
4009 1301
4529 1043
4782 46
5481 293
7517 16
8492 1149
8594 578
1495 2224
1590 1926
1775 1853
3475 180
3982 145
7059 1834
7111 390
7132 631
7597 1107
295 354
1157 250
3731 1894
6544 770
7454 2113
7835 216
8058 897
8234 1834
9313 28
9345 1295
808 777
1342 2075
2180 934
2503 1548
3525 708
3563 708
6368 2237
7620 936
7846 196
8577 2128
9312 1205
638 45
1153 858
2109 331
2848 1853
3655 1480
3674 677
3921 1853
4018 555
7443 1923
1217 674
2954 777
3771 1548
3932 1216
5833 770
6558 182
8489 1141
8715 1409
291 600
3686 1502
3699 678
5921 2196
6545 500
6632 672
6790 1106
9232 488
1312 1292
3993 1520
7238 1505
8013 1861
8355 587
8679 366
8785 111
70 248
1253 3
2169 2249
2641 1487
3799 1575
4265 727
6590 389
7150 697
7638 1138
8434 564
1121 325
1219 310
1320 795
1908 520
2685 709
2866 1989
5108 896
5442 1796
7112 1895
8364 1480
8658 540
8855 1530
231 1385
987 212
1294 791
2391 1262
9146 1307
2167 1501
2422 1377
3668 1879
3682 687
5004 1728
8346 456
617 2224
1697 1727
3228 2033
3392 2028
6192 1124
6246 497
8947 1833
2120 265
2955 639
3275 2022
3299 698
6199 491
7079 1683
7520 990
8046 2109
8373 478
8802 260
8832 63
8856 1138
9373 1077
650 89
1681 999
2271 111
2850 1390
3274 2137
3523 708
3594 1465
3977 145
8125 2204
8298 1570
8673 546
923 1394
1347 698
2447 371
3262 2063
3574 1015
3616 421
3708 945
3935 1679
5450 1208
8090 1785
8783 1618
9139 121
1931 2082
2473 1969
2532 1786
2887 388
3648 708
5836 376
6383 1296
6751 538
7004 2245
7771 2202
7836 1198
8076 1408
986 2161
1003 1453
3651 681
3855 1894
6096 766
8282 1533
8595 705
1890 1710
2275 98
3418 708
4849 560
6278 1072
7218 329
8934 920
885 1255
2639 1425
2694 279
3325 2026
3479 676
3602 117
4011 1301
6161 2162
6188 2179
6806 1528
6821 182
1560 450
3650 717
6884 422
7947 2125
8991 1853
9150 701
114 1903
356 1453
1018 247
1984 1322
2154 98
3388 2082
4779 582
6674 981
6809 553
6819 1456
7279 550
117 594
2603 1780
3031 1966
4088 1514
4848 1503
6886 2044
8652 1140
9010 1168
9374 1846
9447 1310
2377 1143
9099 707
9280 2002
818 938
928 2037
1263 822
1830 1788
2009 502
2149 1673
2208 160
3867 639
3924 1853
4846 1411
6825 1570
7468 23
7670 478
8432 1275
8613 564
47 1842
1307 872
1955 70
2371 987
2630 2130
3102 681
3975 145
5875 1394
6088 717
7142 24
8609 1046
8865 20
7 1795
2395 669
3829 631
6333 110
1327 654
1973 313
3769 639
3984 1532
4012 111
6577 1780
7585 141
8462 2
8915 2112
1731 1294
1893 1338
2213 1364
2394 1480
3123 209
3637 1376
3782 1894
4729 930
6526 1400
9427 2191
757 1734
896 1042
5183 777
5651 637
8635 519
9338 778
9399 1543
704 1776
3326 698
4571 669
6155 2031
6964 111
7379 708
7484 690
7951 368
8619 524
8678 1093
408 1294
1891 701
3329 570
3958 1216
5977 796
6989 1738
7872 1578
8604 365
9128 646
3508 698
5093 991
5161 1700
7652 2023
8233 119
8380 126
8816 1301
43 1506
194 1418
626 2085
1927 1728
3941 1546
5740 1015
9023 1535
9135 530
101 1734
644 1183
1828 601
1960 1602
2949 1557
4129 1647
6372 378
6555 134
7154 190
7235 1678
7580 2210
8997 773
3408 708
3581 2027
5728 1954
7247 522
8093 726
8687 642
8768 2168
38 89
999 411
1384 605
2341 1614
3012 1967
3429 708
3641 708
3878 1548
7104 18
8470 767
9097 1217
9429 1989
1126 2080
1725 137
1820 1884
3280 2027
4020 111
4395 1894
6621 753
7886 1894
8287 808
8696 1721
6023 1451
6035 403
7395 1139
635 1922
798 154
912 684
1351 1055
2158 513
2305 182
2515 492
3511 698
4711 457
5120 1713
5721 1158
6690 741
6852 550
7690 72
802 217
1140 28
1934 1959
3263 197
4026 1041
6906 1682
7024 191
7572 1074
9350 1578
959 315
1375 286
2311 1658
2362 927
3472 259
3566 556
7114 140
8406 139
8902 1557
9001 1968
774 137
1507 123
2936 978
3503 2026
6136 164
6958 635
7129 16
8728 587
9351 588
707 23
922 1061
1251 2253
1531 1713
4823 2139
5761 354
6156 1290
6218 1792
7200 3
7251 1453
7444 1679
7461 20
7920 161
8830 2225
988 545
1509 1046
2910 230
3282 1794
7149 75
7955 104
8010 1370
8213 1197
931 455
1073 269
1092 595
1364 1528
2588 1270
2817 101
3553 708
3954 1216
4710 209
6630 1983
6840 182
7566 1696
7737 211
8574 719
8983 139
967 203
1633 2067
2534 111
2981 2117
3430 2046
4102 1514
6723 1889
8614 268
9106 1987
756 1348
1435 631
1511 1380
2082 247
2334 1500
2647 1483
6673 1193
7683 1370
8048 1036
8055 1347
8421 1836
8512 1342
8625 789
2298 821
3409 1879
3716 1480
5778 1200
8196 2193
8874 202
238 137
1374 119
1392 1545
2673 340
2704 987
3293 1344
3987 1215
3997 555
6086 2077
7052 565
7136 191
7856 3
8721 303
779 426
797 1881
1114 1811
2705 607
2712 1289
3301 2027
3314 2003
3363 1784
3528 2149
7839 2153
7993 305
8034 219
8734 696
9341 168
1070 2108
1710 396
1792 1533
6688 1751
8754 943
1458 455
1862 1461
2003 70
2013 1200
2485 24
2905 1125
2957 47
3998 1301
5002 1541
6494 1344
6598 1107
6755 478
793 1946
1618 1606
2333 2048
2466 634
2228 47
2711 667
3221 1603
3436 708
3450 361
3455 676
3957 1574
5986 146
8145 1459
8490 1866
9423 2100
1084 1964
2097 2186
2733 315
4478 1532
7198 963
1102 854
1277 490
2687 82
6125 170
6588 1041
7263 937
7917 1750
643 527
950 1423
6583 45
6945 896
7887 2130
8165 687
8587 2168
8645 65
3185 824
4792 1679
8272 931
663 1297
2384 367
2527 1298
2596 969
3965 111
4021 555
6144 523
8429 2019
172 889
982 399
1651 180
1951 2048
1966 658
2302 1266
2958 2215
3271 2032
3582 2028
6643 185
7224 1812
7985 613
9365 2156
736 1956
1551 708
2020 1779
2412 957
3966 145
6371 513
6779 390
7167 2051
7325 1867
8166 473
55 1506
1357 325
3253 34
3257 2032
3532 117
6104 1812
6171 606
6881 588
7797 1180
8648 1310
9274 2184
778 2138
1309 209
3017 2064
3722 1502
7116 1834
7876 1937
9193 2262
2937 1960
3309 240
3378 1408
3785 1894
7427 821
730 489
2134 1298
3007 1673
3653 361
5034 217
5928 1664
8608 1344
9160 1635
9393 1812
177 730
1993 1501
2385 1385
2520 546
9197 1842
9303 927
6850 1141
7156 559
7173 192
8796 519
8982 1128
9359 316
1004 462
2084 578
2691 601
3524 708
3543 2043
6331 1738
8911 1682
1338 2156
3705 909
5901 1394
7378 1480
8659 2185
838 1408
2461 934
2506 1340
6996 518
7240 1787
7982 1052
9238 1106
1746 372
1754 1751
2490 137
3474 106
5180 987
7333 22
7422 846
7877 255
2296 1829
3230 2027
7914 88
7973 2118
8508 1447
2327 47
2330 438
2446 439
2810 1997
6121 1984
6574 63
6661 239
7252 1578
7882 611
8184 1885
8252 2253
9004 689
9415 1690
2091 1398
3177 1755
6628 1182
7496 1827
7594 1511
304 585
1424 214
2268 599
2465 1579
2586 1522
3407 708
4858 1933
6652 16
7012 1941
7213 293
800 1477
1744 298
2972 1943
3189 97
3270 2020
3944 555
6611 182
7067 329
7095 2077
7671 1391
8976 1876
2037 690
2062 935
2819 1618
2911 385
3156 1373
3889 1141
4014 555
4677 596
7187 518
7658 4
2057 614
5511 2145
6856 2009
7416 168
7430 2102
7526 151
8391 40
8922 862
514 137
669 2212
7010 579
7023 1570
7739 2191
8849 445
8996 2135
868 1642
941 2063
2295 1841
2799 596
3478 708
4922 458
5354 41
7528 532
1228 421
1716 77
2176 2189
2251 705
3370 2262
5805 2057
6711 137
6953 237
7339 409
8487 1499
8493 1691
807 1877
926 283
976 1398
1748 1956
2329 52
2834 1208
3439 2051
3473 708
3537 2051
6180 614
7215 1751
7560 795
7881 1864
8126 1043
9086 39
9360 1295
1014 1474
2125 1963
2386 639
2723 42
3224 2026
3600 1658
3635 1456
3670 2049
6120 191
7282 1501
7716 1116
7865 1074
8167 237
8478 1222
8730 1843
871 1372
1604 512
2337 1878
2544 1173
2569 1506
3999 1215
8589 1729
8810 2077
9194 39
1 56
176 608
764 1834
1339 111
1425 1792
2739 1447
3269 39
6668 1686
6705 609
7115 545
7896 446
8314 151
8926 1710
9039 1907
614 1495
961 1255
1923 276
2155 337
2262 1968
2693 632
2798 2200
2934 17
3390 698
3575 1384
6079 166
6891 1495
7000 705
7731 710
7849 1481
8231 152
8943 1790
9137 876
195 1734
1286 2037
1369 525
2306 1399
3423 934
5861 2063
6449 259
6822 209
7769 121
7999 1935
1645 528
1732 2051
1880 2255
2116 1730
4921 1195
6467 1814
7759 217
9241 2139
1059 532
1094 646
2263 63
5975 1742
8585 821
632 263
1115 1308
1937 1068
2242 350
2410 417
7400 1244
7841 707
8069 689
8191 1143
187 111
1247 1459
1584 698
1980 1717
3763 639
3969 499
7181 180
7281 336
8156 1730
8359 202
8499 1723
8692 170
8977 941
1635 388
1680 450
2793 1456
3362 2021
4049 1532
5806 668
7703 732
8260 549
8331 1511
2328 305
2697 396
3000 1882
3942 555
7813 1724
8918 56
2 1227
727 1860
1285 2077
1463 2252
2281 1811
2939 727
3821 678
4896 421
5923 1578
6563 986
7021 963
7298 1531
7651 1668
7719 2157
7827 756
8171 146
9054 684
9302 1903
9383 554
2322 270
2678 2145
2719 1874
6150 1400
7068 1626
7932 194
8858 168
8932 207
9088 45
616 1976
826 95
2108 679
2356 59
2375 1966
5534 1892
8017 473
8955 1180
8965 1571
9400 169
1352 175
1928 1939
2349 1108
2557 2203
1271 359
1543 708
2325 1910
2400 96
3383 2146
3424 676
3702 708
5670 1545
5906 1342
7197 1277
7253 616
7898 110
9387 1618
1100 427
2163 2198
2323 969
2648 1483
3190 1603
3562 1935
3675 709
5978 450
6966 1599
7151 334
8279 2218
8579 414
8986 532
9026 1224
592 107
1205 963
1685 2110
3129 574
4388 1248
4676 677
5600 1876
6848 461
7245 177
8651 264
814 1625
1370 296
1446 1722
1758 964
1968 513
3157 706
3217 2265
7848 2173
7901 205
8201 1418
8449 1814
1090 1943
2029 1597
3466 205
3781 1269
5438 186
6052 705
7242 1364
7287 963
8640 1579
1713 1282
1897 2091
2021 119
2140 1792
6887 2201
7375 987
7972 1247
8301 179
8334 620
9126 600
1238 1294
1675 1353
3178 71
3970 1734
5811 2228
7527 1383
7883 1682
658 603
1075 290
1665 1989
2234 842
3371 325
3556 138
3603 676
6600 2178
7032 581
7808 117
7900 1454
8423 1189
8513 247
8981 47
9027 1225
9398 1095
835 286
3752 1894
3777 1548
6157 145
7354 522
9319 89
624 720
1524 419
1696 534
5003 589
5037 442
5832 770
6539 45
6651 2077
7956 462
8935 1833
9372 325
1783 402
1803 1196
2598 1424
2610 2183
2666 1992
3959 555
6954 690
7361 1217
7608 1889
7657 934
8786 978
1096 41
1111 1561
1682 1755
1794 810
2261 809
2918 319
6837 2125
300 507
1417 2234
1504 1767
1766 425
2319 778
2476 837
2518 193
3154 223
3169 867
3249 2146
3701 2049
3933 1734
4062 1559
5235 2183
5742 1181
5776 280
7748 2077
2137 546
2164 1456
3607 708
6133 191
6740 2020
7148 1189
7389 168
8030 147
9458 1704
1641 2145
2032 1654
3208 2249
3417 676
6557 1780
6744 280
7800 595
9369 1872
1737 732
2618 1248
3981 555
6680 1041
7453 1923
7970 874
9256 2066
618 510
3338 272
3645 2074
6997 2215
8312 230
8473 980
8868 717
9059 1277
861 47
2181 272
2301 137
2890 1730
3054 2184
8051 227
960 1530
1118 1782
1920 707
2645 1222
3320 2027
5877 1394
6724 1710
6894 2127
1624 167
2135 698
5895 924
7511 471
9085 503
9229 1344
2489 137
2567 761
2600 585
3026 1180
3577 1767
3884 45
3937 555
6878 2013
849 466
860 1178
2508 1964
3551 963
6110 2198
6691 436
7195 2149
7272 976
7595 1987
8989 331
804 70
2807 1811
2835 70
3456 205
6206 455
6487 1564
6496 1138
6682 296
7352 670
2381 1854
2428 1786
3252 1362
3579 2026
5803 2048
6245 241
6597 672
6620 1548
6696 421
6846 2001
7579 1146
8974 1453
9237 461
1260 63
2352 233
2366 866
2973 2082
7100 1529
7161 1488
7907 168
9141 623
577 867
1011 381
1041 215
1939 1344
3106 1407
5759 300
6520 1356
6675 1454
7063 1923
7102 1728
7503 609
7523 1045
8526 255
1829 2174
3671 2049
3860 555
4742 178
6735 283
6909 347
7158 158
7273 653
7374 379
9204 1521
995 342
3006 193
4124 430
6763 2025
7570 1116
1108 1898
1365 1639
3305 2032
3372 1393
4247 171
4798 817
6622 2067
7175 2077
7254 546
7734 1115
8536 2130
8987 1075
9116 442
1259 1298
2033 861
2284 1834
3465 2209
6451 1741
7587 1989
7952 1042
7977 1588
8215 884
8514 1889
9119 1624
9367 161
1872 209
1982 118
2681 248
2868 1
3160 140
3541 138
7007 204
8426 142
8547 28
1806 362
2571 1890
2906 211
3822 195
2087 1724
2143 1307
2286 530
3265 698
6615 2077
6662 205
6965 2050
7152 2242
8172 1617
8351 631
1895 1030
1901 2002
2521 607
2657 324
2891 678
2904 2252
3251 2094
7060 740
7714 2220
8863 1834
857 689
1648 141
2012 1305
2431 1461
2450 339
5860 795
6599 234
8052 234
8545 1572
8662 707
1034 1978
1415 1512
2620 1843
3365 2029
3367 925
6169 1352
6181 606
7009 2173
7814 2215
8024 732
8309 1465
875 2248
1693 1368
2129 1730
2404 2068
2413 1934
2695 2135
4243 684
6796 2177
8575 565
8698 2128
85 531
1545 1326
4052 1734
7055 1894
7500 194
7551 1632
1124 648
1289 346
6967 609
7495 520
7736 1603
8151 1846
8507 503
8936 1984
1274 950
1414 67
2651 2145
3991 166
4884 1124
6152 146
6453 1882
6972 1986
7244 1750
8299 62
2514 1481
3445 708
6782 684
6885 421
7275 2248
7318 399
8722 1155
9094 646
9394 1812
703 1528
1005 1964
1439 2026
1484 144
1672 652
2041 2020
5636 202
7182 343
7336 136
7487 22
7603 1233
8474 698
9379 253
2104 82
2354 416
3288 290
4385 81
4901 1491
6648 1952
6957 478
8169 1290
8411 152
1814 1741
7020 1964
7306 1221
8442 560
8603 1732
8985 1462
1257 25
1602 174
7141 1450
7792 755
8047 1096
8067 652
8332 813
9306 2205
749 276
1147 1810
1353 690
3416 676
6153 1290
7604 234
7950 1509
8278 1528
8448 901
8838 1990
9278 1704
1149 347
1864 79
8968 1659
940 1878
2049 2110
6580 268
7340 422
8841 1483
1404 1238
1591 269
2245 396
2260 968
2339 1910
2528 504
3005 1466
3255 2026
5828 1657
8794 89
1218 732
1396 146
2529 1402
3312 191
3720 678
4007 1984
5892 65
6720 2173
9271 2171
294 2001
1537 4
3368 570
3476 1085
7300 2220
7895 1722
8342 489
8660 913
8806 83
1799 528
2016 1969
3344 2120
5839 1675
7101 478
7185 705
7289 453
7532 466
8251 1951
8415 1819
8563 352
2809 553
3967 1216
7145 489
7243 119
7540 601
8232 1972
323 571
1017 385
3522 708
6535 1876
7745 160
8688 297
771 1513
1871 1499
2566 1890
2909 1463
5184 16
7824 1110
992 553
5427 1666
6205 2001
7035 321
7370 1490
7607 1052
7753 2069
8235 1530
811 2048
1204 1842
2388 478
2551 1894
2553 1466
6776 316
7403 1451
1187 1491
2396 1697
2498 1993
2993 684
3066 365
5060 255
5988 369
6888 2141
8244 1925
8570 209
1807 531
2007 2108
2754 596
2941 1055
6811 1750
6871 1630
8665 1910
9007 390
1585 2179
1643 1161
1860 888
2070 1363
2110 880
2539 1109
2901 1165
6122 2171
6548 73
6587 1864
7233 1234
8672 1834
2326 1359
2331 651
2429 1980
3571 922
3710 1480
6527 889
7698 1343
7809 1168
8266 1366
9129 152
1419 558
1821 133
1843 1069
2054 2027
2531 698
3145 76
3281 501
6609 4
6889 2196
7061 1834
9140 854
1130 250
2183 1703
2808 2248
3964 111
6854 177
7280 813
7983 678
106 1401
1743 420
1835 1751
2499 2169
3677 626
6085 2198
6895 943
6908 355
7070 1889
7596 1979
7707 987
7796 860
8624 2056
8684 1682
9324 462
9358 989
1468 1187
1784 1290
2153 2171
6183 606
6623 45
6667 422
6853 2004
7184 1635
7653 307
7954 2066
7967 854
8124 124
9095 248
2555 1931
6656 111
6780 1203
7752 2226
8371 168
8866 367
9246 1925
1842 1639
2273 111
2533 2236
2794 1042
6142 89
7477 1290
7640 1326
7828 146
829 152
1343 2252
1494 444
6000 1534
6149 2153
6608 355
7646 684
7732 2028
9096 2022
2144 867
2496 1925
2517 1853
3266 2031
6158 1963
8727 927
8919 201
8956 1469
40 506
1707 389
3618 611
9263 63
1855 240
2036 1704
3447 708
8906 1717
1422 2018
2124 213
2713 789
3016 1508
3533 1800
4246 1888
6137 1679
6569 1020
6874 1894
7034 1964
8793 1853
971 2046
1125 2027
2479 2038
2790 1033
4048 1506
8500 1333
9410 1141
2001 639
3201 463
7553 1601
8270 2058
9361 456
1229 779
1918 441
1961 1016
2836 956
5764 1216
7147 1695
8097 1592
8253 1181
2233 1750
4851 1966
7418 1564
8439 630
790 72
1436 2265
1569 2132
1996 867
2540 562
5061 1762
5850 1262
6956 118
8236 1902
8237 442
2198 616
2653 1979
5925 1664
7483 149
8578 526
864 181
1760 204
1876 1627
2734 1328
2768 1386
6568 1862
9259 1272
2368 732
6697 299
6791 1061
8403 20
8857 1180
737 89
1402 551
6495 698
8360 57
1185 1842
1529 685
2411 692
3072 889
3256 471
7501 624
8261 821
1671 1741
3994 1734
6032 112
1106 209
1442 2173
1553 2153
2282 1946
2312 1491
2313 1701
2585 677
2616 1079
3202 2245
3287 342
4923 286
6923 2220
6932 1107
6990 2112
7003 89
7754 1181
8740 74
2590 565
2753 117
7837 1362
7968 1957
9038 1456
9275 168
2079 1730
2194 499
7338 16
7386 1020
7879 316
8452 128
1729 75
2102 2073
2720 572
6950 654
7622 2197
8173 149
9062 2164
836 137
1329 331
1774 1042
2438 554
2923 230
3676 678
6936 1967
7006 1782
8590 1584
6355 1859
7153 1942
7656 1345
8267 1881
2056 321
2278 1728
6746 1143
7162 1613
7460 2064
8123 2130
8649 1682
8889 1713
1230 611
2643 1834
3133 35
6505 1727
7219 360
7637 1107
8099 1527
9053 441
287 343
1940 2232
2752 1614
2872 2226
5106 1323
7098 1910
7550 684
7757 217
543 434
1639 1599
2186 1408
2264 1811
3599 1002
4470 1500
7419 863
8311 1915
8477 632
8883 2221
2424 137
2543 1919
3617 635
3662 575
5792 1372
6601 2020
671 487
997 964
1175 2145
1416 142
2288 579
6170 1762
6807 404
6973 1328
7429 197
7880 393
8864 1925
719 1650
2046 1436
2782 2205
3976 555
4125 549
7497 1570
7569 1190
893 2248
1408 306
1749 684
2227 2057
3985 1215
6614 536
7237 1577
7482 93
2830 2077
8387 95
8650 1016
105 26
1244 1686
1695 1858
2081 1448
2299 927
2487 1200
3203 2263
3448 195
5437 2183
7583 1919
8031 524
1138 454
1223 1531
1970 1141
2483 2259
6927 1944
8322 711
1660 654
1777 175
1958 1273
2066 2015
2820 2129
7155 1761
8264 1704
8271 821
8920 166
8969 1444
8998 604
1944 1881
2002 758
2065 2204
3264 164
4000 1734
6633 2237
7166 1606
7611 102
8591 95
1279 442
1432 1452
3059 114
6824 213
7053 1298
7188 1184
7598 93
8450 1251
8483 1374
2315 580
6749 552
7426 1250
2430 1956
2628 1042
3101 833
6739 2173
6939 1604
8268 74
8404 168
2457 1798
2516 135
7518 1539
8634 489
1739 75
1793 1052
2150 1260
2421 336
7056 1878
7684 1889
7842 59
8011 346
8699 651
1644 1603
2195 1491
6080 1418
7348 986
7756 1923
8129 58
1905 319
1952 2268
2085 621
2211 1571
2456 1221
3100 1291
5613 126
7071 152
633 1856
1674 2163
1932 2130
2214 205
2369 1654
6559 1678
6940 45
7269 1886
7960 333
7976 92
945 183
1857 1992
7176 770
7949 1603
8405 1141
1922 1255
2266 805
2321 142
5646 352
7624 2178
9433 1587
1677 935
2435 1786
6827 2198
7644 1717
8170 716
8176 2159
680 1628
6817 182
7110 217
7366 1565
8488 1305
1566 1116
2265 233
2292 1097
2350 2038
2460 631
2669 1905
2690 1143
3494 189
6356 1398
7276 152
7826 333
8476 1968
8762 2108
623 872
1362 441
2229 279
2502 599
2852 137
6926 1298
7541 336
7636 168
7948 2195
8190 726
2342 1993
7038 2158
7143 1070
7643 875
7750 64
8909 835
1316 630
2436 144
2601 1627
3073 69
4847 564
7387 1321
7929 268
553 66
998 142
1243 111
3469 138
3761 192
6938 584
7853 1946
8572 1572
8898 1812
747 1467
888 1651
1278 1584
1586 1690
2402 2189
2409 566
2943 1332
3760 1198
7669 1270
8053 134
8098 340
8653 76
8939 447
1690 1366
3544 1377
7349 139
8328 1866
8799 397
9307 366
1694 645
1947 234
2304 2130
3003 373
6907 1706
7288 1834
7685 564
7830 478
7912 1952
8286 1938
8525 404
9348 1812
1162 1703
2067 1200
2597 177
2816 710
3986 1301
6962 1175
9224 2020
1293 111
1477 566
1626 259
2142 1434
2156 1650
2873 1730
5793 2027
6859 853
6934 1138
7758 272
7825 1889
8831 2227
9227 1381
834 45
2486 1837
2977 970
6220 2012
8285 110
8795 1842
9254 2077
2390 683
2945 631
3333 2033
4814 2125
8378 1833
713 1386
1337 1930
1348 1436
1437 2082
1865 1955
2423 513
2942 477
6596 2130
6818 268
6910 2079
7767 69
1715 1099
3121 978
7593 1964
7815 619
1987 834
2078 1868
3517 708
7106 420
7399 978
7479 979
7984 399
2361 1198
2475 1101
7186 2051
7605 182
3587 698
7801 346
1800 1087
2243 1526
2842 75
7747 279
7966 1097
8413 1925
1393 617
2420 273
3595 708
3604 1601
3621 2162
6034 1960
7025 770
7131 2218
8056 1116
296 1114
1856 768
2545 137
2725 621
3665 1445
7919 368
9424 908
8071 560
8363 266
8661 1618
640 1882
692 563
1128 359
7538 458
2389 74
2556 582
6914 939
7118 1034
7234 772
7424 1486
8873 1975
1466 1296
2254 493
2789 1288
6657 1336
7239 1042
8148 618
8655 152
2232 110
2336 1674
6123 620
8245 1319
8633 1772
1308 145
7467 961
8711 1343
1273 300
1554 299
6669 466
7097 770
1099 1262
1757 2196
2040 1678
2297 819
2448 1376
3622 574
6857 553
7704 888
9376 1834
1200 1799
2537 595
3555 355
7383 1859
7755 1303
2373 689
7937 1992
6138 1679
6968 1219
7310 40
7645 88
7008 661
7220 1431
7373 689
8414 1922
8548 1881
8605 475
8804 556
991 1052
1037 2015
1957 2209
8780 538
2359 2208
5882 342
6653 587
6916 2077
7042 976
7744 1146
7852 483
8144 80
152 116
1190 273
1528 2142
1802 1816
2100 1289
7285 554
9310 168
666 1042
2274 2210
2452 1905
3360 325
8689 152
1137 946
2397 1645
2443 518
3573 852
6722 152
6861 1315
7365 135
7840 160
6664 620
6750 2082
8016 2014
2190 73
3004 2049
3480 177
3694 1092
3973 1546
7192 235
795 1750
1050 1682
2201 67
2440 986
3029 449
6816 458
7105 280
7246 1985
7862 1116
8001 397
9093 2195
889 216
2477 1762
2497 1426
5819 2048
6528 1197
6676 40
6793 854
7080 1964
9264 1627
3361 1497
7011 2130
7425 1792
8310 1015
1296 1492
2047 2235
3428 708
7103 1833
7847 340
1445 2145
2099 282
2244 572
2335 608
2607 479
2946 1571
3613 1619
5434 216
7534 976
7913 2020
850 1787
1195 304
2453 599
7078 452
7159 1881
7160 2262
7309 698
7568 1242
7675 961
8606 1784
9120 110
2192 1604
2367 1455
2944 1920
5032 635
7439 594
7564 276
9281 707
830 882
1991 242
6742 1087
7385 2082
8717 1016
3096 2027
7768 708
7916 177
8007 1799
1625 447
1629 1528
2303 1640
2756 1597
9247 214
2345 994
2698 316
5154 2202
8174 543
1763 2242
2189 471
2464 273
2884 355
6612 1008
6890 990
7255 290
7721 1161
7918 2188
8505 1069
1848 170
2043 1397
8667 508
1921 701
2285 2006
2494 1115
9110 600
3050 2259
6788 340
7623 1107
8143 2079
1557 1986
1782 1613
2272 611
6810 864
7190 1384
1849 1066
6518 1978
7367 2249
8620 159
1181 650
1232 1394
1255 2164
1705 1501
1962 1813
8216 1453
8533 2164
8923 1143
2294 1930
3598 678
8265 1784
8544 1750
851 1356
1471 1737
2372 1530
8437 88
1769 2262
1985 336
2455 620
2471 1475
6179 1979
8408 1930
8761 579
6710 516
6963 880
7075 2027
8899 2063
903 2019
1006 1894
1367 2221
1577 415
2114 1630
3053 1344
5351 1085
6880 409
7030 2161
7549 2077
8372 1036
1603 702
1653 394
9058 224
1776 1909
2255 2082
2478 1200
2482 47
6917 182
7248 1018
7717 1470
9438 990
2405 1291
6768 493
7915 990
8522 772
1186 515
1833 945
2027 379
2376 1289
2484 1491
5760 2082
801 876
1992 795
2700 726
6050 148
6713 1339
6960 1450
6984 149
7394 1576
7445 1964
855 171
1827 1984
2193 217
8412 1015
8733 336
1007 469
2546 1613
6873 1233
7402 138
9279 1784
9375 635
9422 316
2115 452
3971 1679
7005 74
7193 28
7778 68
7986 1449
9314 768
9353 167
2310 2108
6613 1833
6686 606
7069 518
8626 1733
769 578
2574 1657
2608 1922
7107 1277
1236 488
2059 565
3567 2082
6178 1356
1596 1311
2039 538
2378 1257
2931 506
6743 1529
7308 132
7722 465
2128 2082
2248 1650
7274 447
8630 2269
1881 1969
2994 1501
6849 1487
7040 690
7854 2039
806 1571
2370 131
2463 1545
2855 691
2419 1181
7673 618
7845 1157
2474 980
2495 2225
3978 1751
6066 449
6576 782
6777 366
6877 1386
8018 2162
8631 2225
1949 519
2493 389
2828 1260
7574 66
1994 316
6855 2201
7146 1604
7794 75
7962 152
2174 538
6219 455
6829 7
2205 887
3084 617
3457 1620
6915 864
6933 578
7001 28
7975 24
1723 263
3477 628
8230 716
9163 1410
2454 1635
2755 471
7581 510
8676 161
8973 252
1717 607
2548 1978
4793 77
6808 2130
2357 1968
2609 1248
6254 366
6681 142
7965 1298
8460 144
1938 1991
2961 1480
3644 681
6037 2230
6482 601
7793 87
1747 64
2199 554
7077 969
7284 1718
8957 1980
2197 1165
2222 1989
2324 223
2399 2020
3614 1042
1069 670
1506 1717
2858 1344
8014 556
9453 1639
2862 1787
3286 230
8459 1308
1612 2068
8114 1326
8175 89
734 75
1773 600
2136 99
2175 1606
2344 1248
7223 677
7076 180
7405 2216
2332 710
6332 619
7388 556
8504 1143
6883 1672
8792 421
1561 2254
6578 833
7591 201
2652 1531
6695 301
6844 1762
7351 454
8811 59
9315 189
3055 1511
6412 515
7043 1466
6774 2054
9323 1923
1637 541
6468 66
2512 2078
5847 2066
6992 1391
6993 1582
5036 215
6803 616
2148 643
7163 2200
7680 146
8349 365
8701 2018
1623 140
7329 895
8210 2218
6357 469
7672 139
8345 2018
3090 643
6995 1963
1479 1872
2696 1860
6812 1190
7715 209
1788 999
2425 233
7628 927
7648 417
8664 804
9161 986
2560 248
7196 396
2106 1436
2513 1854
6845 1497
6929 465
7072 1489
7863 1584
9159 2220
6847 352
7267 495
1476 2038
6162 215
8002 628
1542 500
2621 313
6826 1073
6860 912
9328 1356
8763 1530
6976 2036
7109 844
7113 648
7780 441
689 1706
6978 1990
8396 1262
8409 2014
1355 1996
2930 488
9296 421
3049 186
1532 1717
1616 1992
2177 232
2584 1468
7621 1694
8840 802
1714 980
2449 2173
6928 2161
7522 131
2191 1496
8862 1054
2505 1946
1978 2169
2231 524
7884 2147
1902 309
2246 1799
8820 1861
1770 530
2434 108
9089 1092
2433 1599
2309 2173
6627 393
6961 393
6975 1698
9349 309
1711 26
6769 2025
8321 1526
8618 87
8685 95
2202 2148
4612 643
2871 421
7770 1616
2219 1640
7189 87
1448 588
8486 1253
1046 524
2619 71
8003 161
5001 779
822 1514
1380 758
2631 1913
8748 160
9318 2237
2401 142
6805 766
7806 341
8812 545
2209 325
3377 336
3384 161
7567 2242
1622 1019
2779 643
7899 1452
8033 1572
2045 316
2212 353
2314 340
2869 1123
7117 152
8682 2218
8756 1930
9037 1075
2437 1811
6692 1699
2406 1446
7314 2118
7554 132
9073 2195
1470 449
3283 321
6879 2093
2665 1751
8095 696
8719 138
1104 562
3155 331
8211 317
7897 268
8208 1968
2071 1952
7921 987
8422 149
8150 1926
6876 1129
6918 1968
1049 1540
2204 279
6666 2218
9076 554
1989 327
6951 424
7130 300
2241 912
3074 1800
3170 1614
1610 1872
2340 309
1691 1647
2403 554
3490 209
8871 336
7380 1843
2121 2196
2824 279
6595 783
8112 2165
2444 987
2806 489
6904 1301
7270 1037
8675 789
9236 563
1315 1613
8887 1761
7210 1602
8975 149
2161 2112
2547 1576
1913 474
2055 2127
3493 1897
6314 1834
7469 1968
1002 1969
2426 250
7902 1123
6974 2225
2028 461
2644 301
5775 1497
3048 1640
7277 928
8050 1889
1454 29
2470 2238
2886 111
7002 2041
1642 342
4614 1537
7942 363
2535 1728
7864 1990
8970 100
7971 1141
8057 379
1148 1733
2069 2067
7250 352
7194 204
7041 1736
952 611
1815 51
2445 595
7031 441
7751 215
2491 580
1933 1042
7861 498
8515 837
1447 720
6717 1762
7700 969
2481 1532
7022 549
7283 1843
1661 684
2061 2130
7183 1404
8136 553
3120 20
8214 540
8438 566
6937 137
9461 321
2249 1200
2605 1548
7936 518
1894 387
2467 677
7036 241
2387 91
2885 281
2343 1710
7539 394
1127 215
2468 1601
8930 1141
6781 373
6971 379
2365 233
6411 954
2196 197
7878 2189
6698 2229
7222 668
1080 311
2552 1514
2179 1612
8597 1813
2351 122
1323 1448
2380 926
1795 453
2573 251
7783 138
1825 707
6882 234
6893 584
7311 1224
7037 2147
2005 352
8004 684
8878 684
7733 76
1686 2235
8289 194
2358 149
1105 1761
3019 326
1837 531
9240 808
2881 1799
7039 503
9242 1990
2382 1620
2439 523
2162 658
2504 50
2492 1479
2536 50
2480 1872
6930 1289
8826 1750
9123 248
9168 2091
2004 30
8330 1937
6994 1835
1858 1992
6715 1818
8700 1814
