img14c2.jpg img16c2.jpg
912 1503
1940 2517
913 1503
690 1348
942 1633
1147 1151
1201 1151
1055 1693
887 1503
1079 1569
1094 1732
888 1491
981 1290
1196 1695
1008 1693
1763 2277
1815 2361
671 1186
1035 1693
2034 2503
854 1503
1373 1833
1213 1151
923 1503
1142 1790
1568 2112
986 1693
1057 1693
958 1704
978 1546
1054 1693
971 1693
1020 1546
1902 2414
1050 1723
1033 1693
871 1503
1102 1643
844 1235
1011 1238
856 1462
604 1298
1088 1151
1072 1723
1868 2372
828 1339
1109 1465
39 329
632 992
975 1711
1004 1693
855 1316
1022 1723
1002 1619
1089 1752
836 1650
853 1503
1096 1723
658 886
1777 2321
2030 2503
827 1503
1143 1695
1950 2491
818 1164
976 1556
1432 1943
1127 1736
1031 1693
1106 1693
796 1444
1071 1723
1536 1991
675 1281
843 1235
1978 1991
941 1565
999 1591
1780 2327
1099 1602
1776 2320
1181 1716
842 1514
943 1616
633 941
1810 2366
672 1348
959 1235
1165 1151
1848 2377
967 1723
1070 1713
681 1471
1095 1723
1175 1715
925 1758
1199 1695
1129 1151
1145 1696
1988 2518
2013 2522
1933 2466
1160 1750
966 1201
1060 1450
783 1384
1125 1780
960 1590
1220 1785
1149 1716
1226 2005
987 1643
1120 1694
829 1235
1904 2437
650 1186
826 1235
885 1544
1103 1644
1789 2328
1162 1726
963 1354
1321 1454
1786 2334
817 1262
643 1134
1231 1736
1019 1713
1207 1278
948 1060
1867 2371
1949 2484
977 1590
1119 1569
1912 2503
845 1633
998 1674
1998 1978
1535 2005
2001 2517
940 1691
1087 1268
1791 2282
1212 1779
949 1354
1141 1790
1047 1289
1069 1742
1128 1752
1543 2083
756 1460
814 1124
1030 1569
1818 2392
950 1201
415 783
1053 1643
1116 1618
659 1197
830 1462
1086 1736
1176 1790
841 1385
988 1693
1046 1713
1063 1736
1241 1821
1569 2101
1747 2198
1942 2485
1971 2484
1753 2295
915 1288
1770 2311
1875 2407
1236 1324
1509 1390
735 1460
1037 1695
333 655
742 1302
872 1633
1442 1811
2104 2506
311 623
1934 2466
825 1275
979 1309
1111 1736
374 735
1001 1517
1859 2385
1858 2384
1438 1811
1537 1978
1393 1943
1194 1804
712 908
1219 1798
1866 2369
644 915
816 1164
1884 2401
1015 1779
1180 1798
1283 1311
1144 1760
1182 1570
1041 1267
1862 2387
1419 1765
1954 2498
1572 2035
1158 1770
1852 2363
1093 1732
1583 2073
1748 2263
685 1394
992 1726
1164 1752
1439 1811
780 1475
928 1377
636 853
476 889
1179 1751
1183 1622
637 1030
1029 1480
1058 1644
1901 2426
322 642
939 1703
1065 1736
1851 2368
964 1201
1039 1760
395 725
462 849
1013 1482
1080 1559
1157 1602
356 708
1508 2012
883 1681
1068 1743
1959 2503
575 2320
815 1579
1177 1760
759 908
439 790
886 1533
897 1420
1247 1862
67 361
1428 1909
1190 1253
26 2229
367 686
683 1301
276 613
1195 1759
69 360
318 633
760 1224
1296 1843
1733 2229
337 667
423 771
792 1475
1799 2342
1997 1991
646 894
734 1350
1947 2484
969 1723
794 1416
1123 1659
1209 1807
660 1042
726 1258
1077 1790
927 1289
1756 1802
910 1632
1214 1766
1384 1840
1662 2243
1730 419
738 942
1869 2517
617 786
1115 1769
1735 2333
1076 1549
669 1197
2078 205
1722 2173
1962 2484
253 566
525 1253
31 2222
835 1708
1910 2503
602 966
1124 1437
1126 1570
609 1245
1515 1981
990 1760
1059 1508
1977 2503
689 1497
791 1416
743 1302
1408 1895
797 1431
639 915
931 1060
1117 1733
1433 1901
1970 2484
11 296
1221 1823
1712 2318
0 289
812 1432
182 508
295 630
1085 1437
1549 2158
1819 2362
249 573
1651 2195
1666 2261
314 624
1915 2459
1987 2476
917 1084
1073 1658
1341 1625
108 437
698 1498
737 1302
898 997
1802 2529
1110 1736
779 1631
1007 1726
2026 2503
1243 1763
1278 2005
1709 419
709 1648
1252 1823
93 434
425 811
807 1351
736 1314
1161 1760
1424 1901
810 1302
121 457
1445 1962
7 215
365 733
559 2320
929 1290
1656 2196
543 1720
1574 2473
1849 2378
933 1004
808 1416
2046 2517
809 1475
417 761
728 1416
624 1030
746 1598
369 721
952 1705
1042 1450
262 567
1122 1760
35 2228
766 1097
1118 1778
553 829
729 1249
896 1101
1197 1726
5 284
465 873
1100 1366
1036 1508
1038 1634
1388 1747
1979 2450
911 1489
1025 1435
508 1113
1737 2294
652 1042
961 1546
572 938
1564 1985
1371 1775
1459 1995
103 427
342 676
916 1420
2 268
1010 1450
166 487
676 1247
1846 2469
421 789
651 1173
891 1742
1062 1389
889 1446
996 1394
1105 1726
2063 2466
1027 1366
1154 1789
1230 1812
1434 2115
1887 2418
1894 2435
1261 1270
1560 2109
1795 2331
877 974
1045 1743
1156 1778
360 663
1083 1696
1546 2320
1775 2336
1898 2421
1916 1978
754 1164
1751 2153
1765 2251
1953 2507
1006 1320
1907 2433
1830 2429
640 831
1148 1736
1347 1928
29 2222
1286 1850
664 1427
707 908
187 501
778 1372
895 1165
1293 1855
1835 2443
631 1079
745 1459
848 956
1078 1760
1487 1353
1517 1957
1163 1659
1409 1895
1762 2297
16 305
781 1475
924 1376
1108 1779
1271 1794
1379 1747
1404 1717
673 1158
1134 1152
1348 1922
393 759
1381 1881
64 358
338 661
552 836
1364 2166
769 1305
850 1577
1082 1389
1189 1323
453 827
1625 2001
1431 1954
1931 2521
434 799
653 1348
331 674
1159 1790
1698 1883
711 908
1414 2145
315 658
1056 2218
1374 1765
1996 1991
1897 2431
1701 2115
467 875
1322 1454
1636 208
705 1327
1146 1751
1773 2259
1839 2522
2050 2334
1639 2073
795 1476
1605 1985
1009 1508
2002 1978
793 1475
946 1477
962 1084
1048 1657
720 1057
1485 1888
109 2208
565 785
1418 1765
1813 215
27 205
595 719
1411 1314
2075 208
1012 1389
1630 2170
1923 2519
1964 2484
678 868
1793 2341
2072 2211
757 1416
922 1653
1551 2065
1903 2439
2036 2456
398 776
1822 2394
1871 2381
1891 2413
305 606
573 900
1906 2437
204 514
545 739
1227 1215
1589 1281
2090 208
1655 335
1890 2412
1112 1141
1665 2090
234 558
335 660
544 905
1918 2494
1562 2021
1809 2445
1885 2466
758 1249
1136 1153
1354 1825
1502 1888
1724 2218
177 499
755 1351
1168 1241
965 1201
1066 1151
281 609
1081 1634
1104 1790
767 1352
951 1085
765 971
800 1374
41 328
1193 623
1729 2236
1198 1745
463 909
982 1366
1892 2399
772 1261
1905 2438
1925 2464
1052 1434
15 280
625 853
805 1731
930 1201
1061 1760
1643 2090
1389 1738
944 1504
1607 2150
1683 2264
1447 1964
1784 2260
1242 1774
1440 1956
1838 2448
1932 2514
564 727
1305 1851
1556 1996
713 942
1399 1747
410 770
523 2465
645 793
1552 1832
1323 1454
1989 401
450 872
869 1721
256 580
811 1530
1003 1366
1295 1849
1908 2434
2079 2218
706 1857
904 1004
1049 1657
2087 2350
592 1230
727 908
1708 2503
1792 2345
1014 1726
1349 1923
1558 1983
541 1051
1797 2332
1920 1748
378 737
1320 1440
1984 2498
1000 1403
1040 1811
214 515
1430 1811
191 529
908 1740
1761 781
145 451
1594 1997
2091 2152
404 754
820 1361
1900 2424
60 346
246 590
40 327
1514 2037
1749 2262
744 1372
1138 1085
662 1001
546 739
725 1257
1692 1811
32 2221
984 1366
460 848
1392 1414
1680 2114
353 691
680 1539
307 637
862 998
1417 1350
1876 2408
1187 1277
1245 1888
1355 1775
227 550
1200 1761
1700 1775
985 1366
661 868
1767 2254
892 1742
1256 2508
1390 1747
263 568
1034 2218
804 1111
857 1165
1723 2290
1798 2361
753 1730
1396 1738
1909 2425
146 2081
241 541
921 1653
989 1508
1943 2525
1608 2073
865 974
1101 1506
1644 1985
2052 2517
893 1101
1084 1509
666 1313
894 1288
1356 1839
2014 2120
1178 1751
1766 2253
1783 2269
1188 1762
1601 1985
308 619
787 1250
1811 2197
2005 2505
1557 2510
1883 2400
1946 2492
909 1702
1202 1647
406 788
618 786
1544 2056
1466 2010
1744 1811
619 786
784 1329
655 925
373 635
407 760
1638 2046
2039 1939
1955 2479
997 1601
1893 2466
430 841
1346 2236
1603 754
1716 2236
180 493
454 880
1960 2488
694 1301
771 1274
860 2320
717 1398
932 1290
198 549
1935 2468
86 1654
1448 2112
1005 1388
1210 1808
1276 224
1561 1960
623 1132
704 1525
1135 1141
1171 1824
708 1672
724 1258
1121 1759
991 2218
364 685
878 975
1732 2222
381 701
346 2355
863 975
1400 1747
739 995
1064 1570
1137 1782
1521 2146
2003 1994
341 698
1301 1390
1507 1609
1624 2503
1725 2198
1412 193
236 527
377 710
33 324
1097 1778
1107 1450
1021 1723
620 1425
1024 1434
1259 774
1337 2160
1435 1811
371 520
194 539
1394 1139
1672 2244
1805 212
75 380
1075 1319
135 455
1963 2083
1291 1832
1410 1598
1992 2510
2068 2466
403 782
1974 2526
983 1366
1266 1311
1575 1859
1668 2073
471 958
529 1073
864 997
873 1317
1671 2497
1790 2284
240 559
154 480
474 960
1587 1985
1619 2090
1721 2221
647 868
1131 1241
1888 2417
674 838
1139 1778
1268 2473
1534 2051
1755 2292
438 806
1652 299
1334 2473
1738 1458
74 389
284 595
1718 2221
1806 2441
1850 2367
1911 1959
2101 2519
1140 1379
19 313
1633 419
1945 2476
229 433
2085 2119
456 733
585 1220
1032 1421
1764 2256
953 1366
1731 280
1807 2358
1837 2522
339 1179
1796 2336
654 1001
770 1444
1423 1567
1746 2300
1378 1747
186 538
1847 2375
1878 2409
551 986
1167 1495
1808 1789
426 805
1483 2062
324 2406
1294 1856
68 374
527 763
947 1070
1360 1926
875 1289
1023 1567
2042 2320
215 2168
648 894
457 814
528 1090
556 1662
1865 2379
232 570
649 1280
1499 2041
1944 2475
245 2313
813 1532
1074 1319
1469 2415
1297 1609
309 601
396 717
1407 1934
1739 2338
1965 2485
347 650
607 818
1253 1823
1273 1669
390 741
1377 1738
2080 1819
351 1298
670 796
790 1067
1590 2123
1857 2471
945 1492
1711 1350
1491 1189
1480 1899
1545 2066
1826 2446
264 596
1881 2397
223 536
260 591
1051 1567
1151 1823
1518 1296
192 505
1415 193
1493 2081
302 587
481 911
703 1494
1473 2013
304 666
357 709
846 2320
118 438
299 622
1308 1868
424 519
1705 2172
301 617
1265 1311
1743 2258
1966 2005
222 542
228 535
469 722
1645 2215
1340 1886
693 1412
1315 1880
718 1233
1576 2239
1844 2463
1991 1982
287 621
641 859
1719 1811
1872 2381
207 521
1914 1741
785 1068
1437 1811
153 1004
345 705
1365 1688
261 294
1251 1269
23 322
216 556
1555 2239
840 1433
900 956
1441 1948
1660 1985
1130 1269
1526 2053
1637 1984
1896 2430
268 548
555 727
838 1513
1528 1662
12 434
834 2320
1289 1686
1840 2504
1091 1596
1706 1214
1899 2423
2074 2211
461 499
1302 2012
2035 2293
566 874
695 897
926 1252
1026 1548
1676 2042
701 1857
535 836
1185 1571
1332 1470
1581 2079
610 978
1174 1790
30 2229
2070 756
162 482
319 666
938 1756
1391 1916
189 502
330 681
1646 663
1820 2323
37 335
832 2012
642 1185
557 1142
1206 1824
1870 2396
1948 2488
225 1628
741 1414
782 853
1152 1213
2103 2313
1028 1479
1616 1984
1754 2292
1800 2348
1938 2239
1 33
536 1888
244 617
455 862
859 2320
866 956
970 1366
1567 2111
1621 1985
1169 1269
167 483
9 286
203 520
503 269
1401 2135
2067 2152
354 2473
684 1256
733 1641
801 1699
858 1003
388 765
714 329
50 354
235 543
1595 1998
1688 2023
213 524
1833 2452
210 666
665 1370
257 565
1155 1778
1679 2043
1757 2252
567 1219
539 1181
547 2316
1641 2223
119 439
219 168
749 1002
1317 2154
1413 151
1416 1941
14 1882
715 1649
1244 1572
387 788
1717 156
1205 1277
517 2460
1669 663
628 2147
1192 623
578 938
1329 1441
124 2081
775 1136
267 594
902 956
286 1332
730 917
1540 2140
1760 2326
217 535
2038 208
799 2331
1443 759
2004 2510
386 731
477 890
558 891
1631 2073
1913 669
1299 2459
176 512
668 1255
1331 1470
340 704
368 720
1300 293
452 854
2081 799
65 364
366 1708
1863 2371
297 589
2112 2107
384 2350
436 369
630 1280
38 1944
1610 1979
114 687
1184 1595
1380 1892
1864 2379
271 695
211 562
1860 2376
401 777
1972 277
1211 1437
918 998
1267 966
2076 1471
1481 265
874 1112
1519 1669
1114 1797
1664 167
1710 1811
1727 2302
117 1837
442 871
1529 1960
1759 1207
1421 336
1298 1800
1604 2090
1750 2262
1617 2119
1782 2307
1345 1915
464 1268
1429 1567
110 594
1269 1517
1398 1738
879 956
1235 781
1361 1811
1697 2152
1704 709
747 1224
1204 2392
1682 2150
239 571
283 604
1539 1961
663 1496
716 1207
803 1307
155 489
1395 889
1924 2502
1842 1994
150 1345
201 534
615 1020
1328 1454
1570 2319
1336 1441
1952 2482
899 975
209 391
1772 2251
1249 1950
258 551
132 446
524 784
2109 1245
907 1739
1758 1948
2047 1769
1969 1947
468 849
2021 1765
1422 1567
87 418
82 394
723 1679
1821 2428
1752 2314
81 400
1527 1572
2084 432
937 1755
1335 2154
1309 1553
626 2383
1889 2411
2089 2532
111 450
1458 1989
328 655
1741 2306
1203 1647
1333 1470
1814 2360
968 1085
282 610
1691 1426
1951 2478
1983 1903
702 1233
1478 1980
1778 2310
2020 2218
46 1281
1150 1408
1254 1348
1497 2063
1673 2083
1699 2156
1532 1843
1618 2200
1632 1556
1895 2435
2077 1954
327 659
1548 2500
98 425
1533 2093
719 1857
603 2475
1223 1667
1817 2391
2066 2532
839 1461
1044 1749
1172 1140
1788 2278
173 499
431 833
1713 2114
1919 2490
120 444
437 869
1170 1310
1457 2013
1464 2018
1926 294
679 1326
1695 1825
77 451
1132 1813
1363 1121
6 2168
358 684
389 1524
441 870
1566 2132
2045 2450
1804 1480
92 403
537 836
861 997
1650 2225
197 553
448 864
621 1382
2032 866
919 197
1678 1426
336 2334
1585 1153
447 811
934 1324
2094 409
139 519
394 766
62 372
206 569
316 734
768 1305
490 1013
1554 1728
2086 1394
2114 757
34 943
251 530
596 966
903 285
1272 2320
392 758
459 834
1306 2012
1350 1845
1812 2390
1990 292
300 615
882 1094
412 822
599 1982
1279 1728
432 1941
1707 2163
195 733
1277 1817
161 491
510 1017
1133 1213
205 506
823 1488
1606 2161
1877 2398
402 814
1681 1934
2113 1616
310 641
905 2057
138 722
1563 2394
20 318
220 557
561 1443
901 1000
1477 814
1861 2387
226 568
611 852
1324 1454
2073 1779
1516 282
2111 721
722 1664
1383 2169
370 876
440 613
1530 1952
1453 1977
4 725
1232 1746
1405 2296
1626 1281
1961 2426
562 1117
1215 2254
1647 2023
28 323
94 424
656 281
1113 1596
1311 1454
1661 2137
1882 2398
400 742
446 2239
954 1366
776 1003
1444 1974
1687 2265
160 2055
773 1210
1240 227
147 466
1263 966
1303 1919
534 986
956 1742
170 495
1463 1995
1173 1841
413 810
876 956
1343 1717
1571 2234
1542 2089
1248 1822
1929 2467
638 979
700 1273
1425 146
1685 2073
495 2164
526 763
1351 1729
1657 1984
1794 1814
325 639
1420 1949
1593 173
144 461
1067 1803
1642 2190
158 486
870 1652
1314 1454
622 1358
2107 1443
2115 692
936 1788
1658 825
383 635
1166 1439
1531 155
1397 1747
1832 2454
1845 200
1854 2507
1339 1877
174 496
1352 1814
1599 2000
2037 2321
627 2483
1450 1975
696 288
1482 1111
2025 168
2062 2120
181 2503
1284 1285
1622 1970
1494 2074
122 442
382 411
571 865
1525 2052
1612 149
721 1663
764 1058
1503 292
1873 2382
212 33
532 1050
1098 1811
798 86
635 1748
409 529
1385 1719
2041 77
91 405
761 1188
175 613
1922 2453
274 599
2099 1768
285 586
852 1703
1382 1909
1577 1668
2015 1947
178 1426
502 977
1501 1908
1831 2136
265 597
493 1036
1613 2176
576 1269
1246 1180
1781 1668
1726 2192
1855 2474
72 388
148 2485
1834 2442
254 1817
1257 292
731 995
269 612
2082 2383
89 413
1917 314
1880 2411
697 1327
1282 1442
1573 462
1635 879
350 699
385 777
1250 2347
1975 292
1258 2021
1720 2000
2019 1497
444 800
95 1538
509 1105
1312 1454
1510 1940
2054 319
563 1074
1659 1064
1803 476
2031 1684
21 319
1973 2053
2033 1932
290 1729
349 708
379 1934
750 1554
1520 1424
1985 1961
597 719
974 1035
1191 1964
955 197
1714 2172
692 777
2106 2012
151 2488
279 582
399 753
868 1754
1495 2069
1498 2036
420 832
554 891
1597 2100
1879 2410
847 2082
25 168
131 449
348 717
1330 1470
533 1039
914 1463
1234 1684
1986 2032
55 350
1304 2459
126 458
890 1463
570 1156
296 614
372 573
1715 506
1090 2217
1280 1610
1522 2244
732 1481
1376 1719
1504 2070
1402 1521
1505 2048
165 494
489 1040
1559 1970
1275 220
1290 1640
1318 1869
250 2261
1592 1886
134 460
326 724
2059 2374
1553 1767
157 490
549 1052
774 1175
579 1169
49 342
777 1082
1285 1835
616 1009
1451 1966
677 2437
1475 2033
294 636
405 229
80 1663
2056 2165
1467 1525
1427 1567
1694 2144
1921 1941
487 961
574 874
1455 2013
433 860
1369 709
2117 268
428 762
1239 227
822 1652
740 919
1582 1844
591 1143
1609 1698
84 1454
85 410
1771 1476
1663 1296
1696 2279
1216 30
2069 315
538 775
584 868
1627 2136
833 892
343 823
1602 1970
1648 1146
550 1710
2088 1699
1449 912
1454 1536
224 522
2083 889
501 1016
786 1431
1218 451
582 1762
218 516
1649 1498
184 500
837 1531
1937 2401
2018 2333
22 2484
140 456
699 1552
1995 1147
1092 1326
3 200
45 1093
332 411
1287 396
1614 2137
2016 2052
10 2038
980 560
1588 156
97 66
608 183
2040 2119
1640 1753
1886 2417
18 316
560 1717
2009 2095
133 1995
1598 2261
100 70
152 2375
1270 1831
688 134
1489 2034
1578 1530
1801 2007
2098 1428
129 1947
2049 2362
1292 1872
994 1086
105 440
1689 1567
171 478
427 798
47 939
230 588
614 1411
159 489
1667 1324
445 411
748 1022
458 447
906 2352
143 456
1326 1470
657 1335
2051 1696
1228 1596
593 1510
752 944
682 638
957 1379
43 332
1745 2191
2023 1574
2028 1379
480 937
1841 288
973 681
127 1707
920 1136
1426 1567
1153 1020
208 509
243 545
408 755
1016 1035
1353 2082
168 2327
2108 2107
1338 611
1461 2009
821 954
1224 2415
1734 667
819 1420
1288 1900
1629 128
193 2360
482 903
1274 2074
1233 1683
880 672
2011 12
1281 1940
1313 1454
1486 2107
1511 347
1736 2178
272 1794
422 1648
594 229
612 1687
1359 1929
1670 2216
2092 1232
199 540
344 645
492 948
788 1488
2006 1079
518 1088
763 944
76 1256
613 1392
789 1200
691 1550
1930 2520
1367 841
116 444
995 1236
762 1681
1325 1470
1690 217
2105 2475
548 1493
1471 2045
513 1087
1586 1869
156 775
1386 535
2017 975
2048 1424
172 1882
472 1174
380 2152
2007 162
516 1116
1222 1146
361 657
96 287
1357 1688
8 1029
831 1638
163 1178
233 563
238 598
1547 2342
352 144
851 1329
190 2372
1785 2270
500 904
255 602
1580 298
1823 2405
1584 2172
751 1652
601 814
1465 2039
867 217
1436 1572
1362 1845
247 1517
1550 2158
1774 2260
1928 2512
2024 586
486 1781
196 1792
312 728
1538 649
802 1590
2097 1003
1264 2081
73 133
569 47
24 2260
79 2021
884 1513
1237 1243
1825 2425
1310 1305
1654 2311
1260 2245
531 1470
242 1989
70 1607
806 744
1255 1786
128 1899
164 628
993 1104
1368 535
179 577
1591 1171
17 317
188 504
1229 1165
1541 1311
248 575
1611 544
2012 2025
313 1933
1018 994
2071 507
511 1114
1208 1003
149 1080
451 861
1684 1574
42 48
1387 374
2010 328
2053 1855
2060 2431
54 349
429 840
1941 931
130 2158
1342 1611
1238 1683
2061 981
1043 2249
259 1560
1674 2230
1874 2477
935 1346
1372 244
568 1473
99 426
1479 285
231 574
491 983
1506 2050
2110 2120
1496 830
1999 285
58 356
581 813
1186 1495
44 1242
53 348
1980 786
1319 443
499 788
600 1727
419 839
1728 607
1994 226
530 1049
1366 374
61 357
411 821
1856 1241
598 2380
288 605
1742 2264
520 2178
1375 783
1653 100
1967 2480
2055 1093
306 1525
478 2427
1017 1652
1512 1816
506 680
2008 2348
881 1385
667 1671
1596 151
414 139
577 1021
2095 1762
1490 1376
1686 1815
2116 1848
484 791
397 356
355 2299
303 527
1853 1075
123 72
2058 159
710 816
125 2189
169 121
1956 2049
221 1440
1523 816
104 39
1779 1687
473 959
1327 1794
2093 491
1787 1962
1824 2430
13 1696
71 2178
137 2198
237 813
2022 2144
266 365
587 1002
277 701
2100 970
1406 560
359 238
1740 1434
824 828
1262 466
1446 1989
270 406
278 685
289 101
1936 1337
202 2076
273 759
586 1667
606 2231
1836 2049
56 240
1358 721
252 1205
1470 354
1703 1131
1476 2300
2096 2196
1225 992
2064 1891
66 2179
88 64
418 1415
362 2362
514 680
1828 479
634 1854
435 140
1993 1428
1628 798
605 34
1620 2172
687 1685
63 1270
479 947
488 2035
686 1173
1462 2089
1702 473
1217 2120
849 896
1976 1582
1982 1250
1565 852
1981 2075
1513 1737
629 2359
1693 1760
185 994
320 800
142 2495
515 1404
2057 400
1492 2265
1460 2039
375 1564
293 352
580 1645
1829 794
1939 388
51 1424
280 542
521 365
972 1712
1488 233
540 1975
512 1115
376 1849
1456 1288
1370 1930
475 928
1827 2345
90 732
1600 560
363 626
522 79
1474 1988
485 1273
1958 2043
1316 619
291 550
1769 1404
483 456
443 851
1344 2487
2000 1667
391 2054
1634 2021
36 239
141 489
334 5
52 337
1957 1747
298 542
1927 2102
2065 2464
275 2026
83 7
1307 1088
507 868
2029 1033
1968 1928
1472 93
329 2105
497 392
101 80
2043 1353
102 436
1623 938
48 952
200 385
2102 644
505 159
78 2035
107 2147
449 2098
112 1672
583 156
57 1359
183 276
588 1683
1615 1671
590 2454
1403 388
1500 2230
416 361
1524 415
542 1
1768 306
115 1490
317 274
1677 1746
2044 873
113 359
59 1024
106 1256
2027 217
1816 851
323 517
466 417
1579 931
321 1412
1675 1078
498 416
470 2270
292 2354
1468 2210
1452 1123
136 79
1843 1007
519 2523
496 977
504 1862
1484 588
494 1014
589 2433
