img16c2.jpg img23c3.jpg
2140 1007
2496 841
2503 841
1748 818
1235 112
1324 31
1850 158
1296 31
1544 217
1491 86
1311 552
281 165
1505 129
1752 105
1654 86
2108 789
2336 776
759 1094
1151 144
2460 849
1225 170
1289 119
1532 51
1462 112
1565 217
1811 760
2224 1025
2012 21
2465 849
2180 995
1520 201
1494 144
77 772
819 1162
1843 158
1489 108
2313 800
1268 105
2166 789
2222 791
1579 86
1459 313
1633 86
1713 119
1281 1190
1336 1167
1556 112
1704 217
1101 1176
997 184
2450 1017
2469 776
1503 86
2466 754
1674 119
2005 158
1353 117
1807 774
1416 313
2517 841
1295 144
1920 534
941 1162
2491 754
2504 1082
886 1162
1480 126
971 1019
1194 364
395 51
907 1162
2522 754
1773 105
2301 313
1232 1162
1394 841
2228 364
1161 1019
1947 432
931 1150
1322 144
1555 217
1616 86
2350 818
1779 718
1186 1162
1660 144
1330 170
1387 129
205 996
296 820
1064 388
850 224
1832 439
1546 119
2198 1109
1991 921
883 439
193 676
1519 105
1318 119
1533 217
1662 201
1057 1019
1275 695
1600 170
2287 261
1314 313
666 365
1134 1162
1982 912
1399 313
1362 1019
1385 546
1840 964
1100 913
2115 791
1251 217
1285 96
1112 1176
1176 94
1563 313
183 676
1653 170
1445 170
1003 578
1341 3
1407 364
1497 983
956 184
1741 818
143 86
1344 105
1030 1190
2325 96
401 1076
2014 410
2293 1009
2392 1179
1828 789
1262 112
853 1162
786 1162
1578 108
1729 964
739 439
905 1025
1024 1176
215 841
2225 26
908 1019
1097 1019
2120 1085
693 415
1080 1162
2181 364
1253 388
131 86
1189 698
817 913
1316 86
1350 313
1888 439
2017 1018
2473 849
1205 166
1781 407
1978 927
1454 263
33 719
1502 170
1643 126
2261 166
1717 874
1902 955
161 86
1152 365
1637 144
1514 170
2211 986
227 841
633 416
2173 964
1498 1154
2135 995
1981 1009
2218 1109
358 665
815 258
64 724
926 1019
1797 5
151 841
987 439
1333 818
1361 1019
1766 105
879 791
1367 3
1212 144
86 6
118 53
1430 1019
2136 793
691 802
1045 913
1339 698
1628 321
1785 132
254 841
1177 97
1793 522
1529 313
2126 546
1381 188
1691 1038
1286 96
1375 913
1486 1019
1607 1063
2316 904
1221 1038
1240 1107
1417 313
1508 94
336 313
1475 313
1428 198
374 433
777 1086
1465 105
1406 1052
1433 170
757 43
280 978
78 888
292 158
584 479
1631 313
1951 432
2243 64
1206 313
1620 665
2415 993
1656 129
1983 935
857 21
973 96
1139 1052
1191 66
135 381
181 606
1171 853
1164 96
1615 313
1711 112
2320 439
2362 841
1837 693
992 1162
180 415
1632 108
314 794
660 848
1638 1063
318 1150
1259 1019
764 829
1716 365
2057 201
417 794
1421 126
1833 791
1438 132
235 676
1647 1162
1549 126
1860 165
2519 853
515 763
567 188
1767 439
1123 1018
2221 1113
1732 129
173 820
263 676
709 615
1211 149
1228 665
299 219
1252 1176
1325 849
1747 487
2509 1150
2518 1038
1292 3
1272 983
305 260
1575 313
1842 1148
1315 1019
1441 984
2393 972
846 1117
1634 666
2239 820
1302 1019
2112 472
2229 995
2263 844
1594 188
1720 20
1122 1019
2107 1021
447 859
1278 31
76 724
2072 1009
658 820
1587 810
1458 313
1694 666
1959 165
81 313
1178 712
1410 263
388 1150
1357 818
1448 129
938 177
2508 454
1215 522
1883 789
2297 791
2089 895
2319 1009
409 765
1478 125
1730 64
2234 158
1137 913
1932 165
711 847
1308 698
1518 665
1775 767
293 31
1939 201
2485 993
1449 94
1461 472
1625 283
1689 188
455 28
1706 1103
1852 114
1179 166
2456 1009
1688 873
236 1090
1238 479
1245 841
1536 201
2506 186
224 450
725 966
1293 150
1591 119
808 1038
1261 1006
1023 698
0 571
781 26
42 53
1192 136
1266 479
1710 841
885 112
261 676
1249 1019
1127 967
1736 132
2078 904
1332 209
1540 313
167 839
1393 818
1714 3
1950 410
2131 793
1995 1106
1124 695
1759 136
935 177
1440 253
1820 363
1474 1019
1943 53
2352 46
824 820
1019 177
1135 844
1236 81
294 768
866 806
975 322
1758 119
2029 400
1534 3
1309 119
974 304
1166 1176
1528 1019
1745 666
1298 234
1551 365
1822 365
2310 65
328 101
1709 754
831 13
115 410
1149 479
1369 849
2459 64
2531 62
1450 97
1029 112
150 415
1456 843
1934 373
1277 6
1569 127
2021 165
2083 806
133 160
153 839
595 270
993 1167
1067 1019
1468 239
2113 166
1239 150
2149 166
2167 800
596 283
1111 117
1795 33
673 432
1765 101
2153 53
1673 108
234 834
1046 1176
1150 150
1305 1040
2109 167
144 641
244 1181
1402 546
2361 209
623 209
1623 641
1470 996
1567 769
1603 718
1905 53
2164 966
2500 501
895 820
957 476
818 811
2073 820
912 410
329 313
541 416
752 310
1004 164
2311 65
198 415
1320 666
1836 693
1990 1099
265 806
1679 105
2102 812
2357 365
686 802
1521 128
2327 1009
264 806
1216 788
1604 97
1819 518
722 818
1455 416
2435 208
1584 1172
1742 1176
1746 8
2042 219
156 794
721 597
2331 166
655 820
1059 51
1719 456
951 1167
1500 313
2020 904
2240 1046
286 1149
816 410
990 33
253 665
1203 94
2150 765
2333 983
776 295
1596 1068
1527 313
1655 119
2223 504
2262 262
1798 592
1810 806
390 310
1043 1041
1102 665
2168 166
1768 1150
2187 791
2384 432
48 313
718 410
958 476
1162 1040
2523 3
213 1085
753 528
916 1019
1128 150
1400 313
2145 53
1460 53
1801 101
2425 1146
1363 313
1968 597
158 841
1618 129
2244 993
560 1088
915 1167
1821 279
2172 1162
2492 993
10 976
591 765
1493 665
1676 136
1606 365
2205 166
1572 1066
1573 558
1731 840
1351 313
49 313
1380 665
1476 1190
1845 995
2004 1051
123 53
1222 313
1570 511
1464 665
290 1150
1204 97
1288 1176
1559 130
1903 310
707 177
1079 51
1957 1129
1538 1122
1590 119
295 591
361 597
864 849
1866 53
2077 912
65 166
311 872
419 986
1248 313
1707 874
303 492
1069 561
472 200
486 881
558 186
1728 941
1865 35
1426 416
326 144
1160 1019
1979 205
2260 1163
692 1158
1910 225
2289 1052
1294 1052
1652 1192
245 86
1420 129
2516 1009
277 806
200 615
1103 136
852 759
2170 1113
827 541
1065 891
12 867
209 1007
1267 150
1348 1006
2171 996
2242 415
536 749
1224 1024
1894 878
2478 921
327 313
1419 86
1753 425
2060 370
2483 1154
1749 939
2315 1188
505 836
796 395
1364 1018
2527 502
1436 665
204 1111
547 310
1899 432
582 1085
1545 1176
1800 829
120 432
1276 129
1881 130
1855 202
19 101
1516 129
1941 615
2282 45
397 20
972 1019
1345 410
1844 219
2124 704
2529 304
1167 103
1916 718
2209 998
897 1062
1613 313
1789 209
1816 415
2305 158
741 657
913 35
1431 1195
1466 1057
1405 665
1790 666
2051 250
165 749
672 142
696 304
1680 1126
1944 101
845 137
1234 1024
268 1106
943 1019
1032 1019
1744 129
2212 767
2342 903
939 913
1168 665
1996 853
2489 993
126 209
600 247
1368 114
1762 1061
2075 993
2468 409
740 860
934 1040
1193 665
1304 665
1370 1184
1969 641
995 1192
1511 224
1809 132
2138 283
2148 219
1682 1191
2195 1019
2445 310
678 1184
1297 1024
1398 313
2053 409
2160 167
2189 995
130 53
1542 116
260 166
369 20
1214 310
1219 1024
1863 806
1121 1019
1140 416
1392 800
965 147
1269 1057
2092 859
1550 665
1581 149
1724 136
2219 476
1580 1176
1644 130
1180 416
1794 432
1918 313
2159 665
1098 1019
247 1001
730 1086
1372 1019
1945 201
44 857
1148 111
1241 135
1247 1006
1892 995
457 734
823 415
1566 129
58 101
2374 1083
2394 841
202 209
1145 164
2284 805
155 66
1383 313
1510 972
2 805
1592 718
1912 1129
134 773
1217 247
1447 492
1824 1126
2028 338
2134 167
1686 903
2111 912
6 958
197 201
1693 665
906 3
1471 704
1663 800
2449 910
1158 988
1473 1019
1972 950
1997 820
2154 415
2251 433
812 295
1880 836
1954 261
340 865
1246 409
1469 231
1917 101
1273 1117
2273 452
648 209
884 990
1226 81
1377 111
1609 904
1835 338
2011 409
2414 1014
121 771
1452 43
154 209
1084 111
2046 373
91 53
1041 410
1763 1056
2193 370
2347 1154
2353 479
1384 1148
1851 776
2323 946
256 67
724 416
1000 806
1882 776
2023 836
2280 1100
566 373
1806 65
1839 296
2431 972
1998 119
841 438
1133 117
1827 1179
2437 1146
94 993
991 835
2317 1117
2475 1170
736 186
384 943
1300 888
1515 60
2208 370
1310 1125
2476 432
1961 904
1223 1019
1317 1176
966 890
1509 138
2044 665
2439 645
599 266
1389 114
1483 1159
2383 1154
1187 1019
1208 313
1355 1066
1541 116
389 1008
676 219
769 30
976 953
1687 709
1921 719
404 954
523 1154
982 224
1557 275
758 1001
2444 988
45 862
577 321
1388 666
1756 970
2434 988
685 509
386 20
512 35
1282 1052
24 182
87 167
168 260
1358 734
1823 135
1697 592
1909 101
843 492
1274 1018
1354 129
2104 381
2334 836
2438 982
30 101
788 763
1060 111
1517 133
2372 898
1847 295
84 53
2169 995
54 101
308 1039
1543 116
2250 864
1774 972
1906 956
1937 370
2084 165
2137 798
195 697
276 410
285 304
785 2
998 304
1271 636
1576 313
2488 552
572 953
632 927
581 1068
891 965
2266 405
1264 469
1554 1121
2114 765
2275 1104
768 200
1165 60
1562 558
1933 819
2085 806
2312 1019
1270 1126
335 313
1621 1104
402 591
1146 1006
1257 116
647 872
811 1066
826 1066
1512 116
427 166
813 1127
858 409
2059 167
25 719
171 839
2238 859
95 446
274 939
917 1041
2498 1173
140 903
1589 1019
1712 676
7 808
63 101
598 509
643 861
1287 1176
1726 130
1738 1173
1086 945
1601 492
1803 1007
2008 167
1159 116
1622 123
609 765
646 785
854 534
877 306
20 169
221 1153
142 166
162 939
904 504
1646 300
160 166
682 267
2295 53
341 43
145 776
1401 719
43 805
1141 344
1337 53
1614 313
2256 433
479 981
1526 879
1890 5
2186 1113
2329 1154
2497 64
62 1055
1802 101
616 438
702 1080
859 1167
1553 1126
2507 1150
157 762
756 415
2227 1113
2377 806
2429 869
2524 241
565 231
1256 1130
1677 1105
450 773
16 805
539 127
865 1164
1499 53
2188 793
2236 981
651 393
734 209
1889 984
1323 665
2058 723
196 310
573 840
687 20
708 777
761 310
914 553
1439 1179
2348 823
406 856
829 200
1869 139
1619 886
1896 472
137 310
1229 722
1834 856
2151 1184
2200 721
637 813
1672 943
1893 844
2458 903
529 250
809 803
594 266
642 800
944 99
2338 708
2528 848
347 346
1044 1142
1530 1125
1564 1195
1815 886
110 313
980 1193
1073 544
1626 943
775 1132
1635 1078
1874 65
1898 985
1962 1012
792 806
1885 250
2000 300
2526 808
1444 1163
1799 808
452 597
458 101
695 171
950 1050
1197 1006
1524 584
1924 690
27 816
323 1106
579 800
1434 103
1984 300
2035 1089
315 794
825 416
919 1136
1782 836
1787 712
1895 101
2006 723
2066 945
2324 1154
186 1184
192 826
1104 9
1263 173
2038 997
67 53
1220 1130
2525 26
1901 116
51 862
1868 143
2010 502
2065 802
2248 166
2156 219
2387 904
2413 1122
1481 130
1617 464
1796 127
1848 400
1864 167
189 591
219 65
270 310
639 1106
1639 1126
499 1066
746 264
2037 409
2081 309
75 123
127 670
2197 415
1501 1195
72 101
1422 1078
2505 86
50 805
2086 111
2277 365
508 472
549 158
2194 55
2375 147
216 859
532 438
674 856
1040 250
1153 242
1395 134
1703 234
1233 313
1568 125
1582 907
1695 138
2233 1146
994 395
1760 138
2163 789
2176 309
2385 806
353 806
749 416
2515 1137
667 765
1022 1136
1931 296
2103 903
2267 844
789 385
1657 128
2026 1007
114 107
568 365
1110 565
2101 691
1598 1019
2082 1156
606 657
621 438
802 410
1113 451
1190 60
2457 910
428 65
2501 561
69 297
478 216
555 946
921 847
1949 259
2231 1026
83 562
475 864
1791 150
1873 1179
2110 841
125 209
836 965
963 250
2123 259
2462 472
206 1001
521 953
2308 313
93 965
953 1159
1125 827
2340 701
2532 1045
793 6
694 317
1108 216
359 20
524 35
40 313
574 952
952 808
1093 142
1739 184
1970 836
462 1106
1174 1179
2146 315
179 545
1313 911
2116 934
2254 1134
652 209
800 1154
1702 167
535 651
1669 663
2031 219
451 416
805 461
2090 219
2379 502
1960 856
396 570
434 219
1531 1191
2100 336
2192 859
2481 985
211 1088
502 31
1670 1122
190 1112
208 771
570 820
887 856
942 47
2373 209
2482 318
2484 806
243 968
932 55
1326 848
1627 715
301 1163
1107 241
1201 1046
1303 1052
1356 1023
1715 150
1723 1184
1935 118
2253 1024
1854 329
70 313
222 940
1547 103
1624 1149
1630 169
240 65
1432 682
1771 150
2191 1105
129 101
297 1150
578 225
649 765
1346 219
1668 31
1940 723
185 749
625 788
717 943
848 800
1342 150
1737 1174
1857 47
1312 1034
656 953
681 260
1144 381
1750 114
105 769
2268 59
26 554
1321 1078
1683 437
1875 800
2076 802
322 478
430 665
771 802
794 1157
1938 864
1999 381
1096 1022
1946 261
2376 1007
176 366
1081 1018
1586 849
1593 313
1696 843
1188 1194
1227 74
2117 370
98 844
306 1031
485 309
533 820
723 260
1588 791
138 826
463 856
838 236
288 856
467 209
585 321
225 717
1068 99
1237 665
1886 167
1042 917
1365 765
21 958
1414 24
66 53
765 954
2067 250
203 416
269 989
437 166
556 128
1196 1103
1485 313
1757 581
2298 310
2502 782
619 385
644 1129
2232 839
194 415
1301 6
2355 1154
241 795
988 847
1334 709
1496 990
1537 558
2440 819
705 531
900 151
1376 663
174 839
283 166
1328 1019
445 554
697 961
760 820
889 363
1071 835
1451 1190
2157 169
1548 1046
1808 158
1936 844
2087 1051
727 965
870 820
1054 209
1648 849
1769 785
954 50
2152 615
316 899
1095 1006
2095 111
726 943
902 313
2281 45
228 1184
770 1148
1083 1177
1599 1195
1424 304
1887 45
837 410
892 410
2513 365
354 73
604 665
933 1019
1284 39
147 634
737 836
1327 605
113 1035
172 1184
552 719
704 800
733 964
2479 952
3 53
141 886
925 890
1487 1024
1507 1046
2433 1146
2292 53
538 1145
1299 1078
1352 510
1495 1055
2088 143
1 837
146 892
1523 1122
2285 1026
2432 1127
377 777
449 1104
1061 187
1636 843
2404 859
1597 1019
2276 92
2335 1154
1926 655
675 913
1260 313
1409 1163
1602 125
148 310
1034 202
1453 971
429 958
654 258
2071 860
438 911
688 310
1075 976
520 1154
881 472
1610 806
2032 432
2119 665
1198 169
59 53
531 235
801 965
875 800
346 67
738 1045
772 166
1050 310
1967 137
2127 995
2318 186
324 634
1213 328
4 809
11 810
103 1051
342 709
626 438
996 1066
1147 1034
2395 888
319 1146
1329 1001
1378 103
1993 1164
2272 957
55 313
1390 1169
1397 1157
1642 464
2098 993
2499 857
611 856
923 1084
1985 834
2125 450
2368 432
289 385
683 977
2016 119
29 547
170 1179
313 65
735 840
791 806
955 1126
1094 410
278 1103
868 208
1813 1187
561 776
2217 827
542 31
898 116
1386 663
553 896
1708 209
1942 313
456 556
1119 573
1877 65
112 604
1063 826
1535 138
1764 7
1778 886
1783 150
2369 808
8 816
398 260
671 856
1209 39
460 568
924 965
96 517
631 307
1047 1181
32 205
525 723
569 309
641 1023
720 385
855 1118
1650 697
166 134
212 920
408 253
564 159
1142 53
522 861
607 1184
744 158
1994 239
2332 182
1218 928
2378 806
149 821
613 209
282 385
745 1140
1379 491
1020 1104
106 1012
175 209
588 131
774 1140
893 1167
1859 1129
1290 1046
1804 699
2321 723
2426 552
514 558
1838 205
2052 146
152 1154
287 721
1761 802
100 313
480 222
518 962
1076 1080
1725 150
207 61
387 723
501 786
1734 133
1907 1123
2453 996
309 1039
2007 937
2480 1127
182 615
1477 843
1681 1001
1965 1001
2179 597
803 10
1001 982
1953 1149
1958 604
1427 836
497 407
799 177
1870 812
239 826
1443 843
2093 295
2252 1122
2493 432
1109 1125
2001 834
163 1184
1138 74
1173 911
1780 1104
617 259
1010 1026
1698 104
2043 739
946 33
5 857
400 980
530 997
580 209
669 1158
34 867
1087 729
1913 370
964 416
1306 98
1391 232
545 752
783 697
871 702
2091 961
2237 270
217 1096
2165 66
159 998
842 128
1156 53
1701 461
1818 304
2129 958
2296 19
373 204
1099 911
74 1024
985 504
1154 956
784 748
849 209
1058 85
1552 808
2025 486
394 1073
795 890
1482 445
1722 636
1829 461
2182 920
169 1194
1971 834
830 132
940 1089
1948 381
2158 743
622 416
715 472
1484 510
1605 25
1207 313
548 864
918 1024
1055 986
1185 69
1831 798
476 662
511 848
2304 935
2443 357
1143 896
894 1152
1472 1117
2436 873
139 966
1051 155
1250 565
1373 1019
2226 167
2380 1011
677 209
107 101
664 393
2034 1103
2050 1171
271 803
650 950
1858 1074
2278 272
2360 65
1258 116
1423 135
1849 478
2406 167
590 1012
1743 250
2147 1012
68 1098
969 459
1016 709
1973 370
92 505
806 1066
229 1154
2215 993
2422 13
663 209
2303 809
420 1123
504 1029
1412 988
1429 92
1776 812
2441 155
2511 1164
869 776
2213 697
2430 1063
473 691
638 977
119 971
544 1171
1244 266
393 1045
248 331
867 11
1770 827
1812 827
90 1090
790 1184
1727 1188
367 871
2328 1181
279 754
986 455
1740 752
1525 966
2079 165
220 578
284 415
321 20
528 885
546 800
719 553
1867 133
1884 260
2202 693
465 1120
662 250
1442 259
748 381
82 1019
357 185
543 64
874 965
2143 618
257 716
1382 260
2080 582
489 888
571 532
989 1116
310 861
1117 53
372 717
509 853
872 591
1659 163
122 57
732 785
828 280
909 159
117 1090
1136 1177
1425 385
1463 944
1684 143
1856 142
2345 890
1403 133
132 670
1374 716
102 141
446 833
2030 856
2177 734
79 53
495 719
873 607
492 461
1006 980
1283 928
1690 209
1415 24
2344 133
2128 1172
1629 1019
2106 461
2121 810
2464 357
330 167
981 106
1641 968
2370 486
108 104
2366 568
57 313
635 393
1651 719
2391 450
337 259
557 300
2371 453
23 55
747 1171
2424 891
551 64
2068 530
1437 445
1490 1176
1658 74
2351 627
60 53
332 1195
506 299
668 1083
15 56
2002 1164
184 777
1155 211
1504 290
1664 363
1699 120
2286 327
1754 1157
2451 740
61 101
640 777
1291 133
2184 1154
968 890
820 80
1254 117
410 562
22 53
2097 1098
659 1102
52 693
432 1104
628 20
1966 510
2241 101
716 441
743 1085
1817 627
1956 365
425 1079
471 1009
645 1063
468 806
1106 509
1777 1177
443 415
466 269
742 1184
767 962
250 449
810 657
1692 765
2203 313
624 800
901 56
2105 942
2235 416
39 92
441 693
35 53
80 693
291 945
766 416
2418 1122
267 373
773 989
1408 135
1036 541
2061 304
2510 952
1017 273
1964 1181
351 1172
615 988
1031 313
1595 424
2307 986
1002 1122
364 758
2062 195
246 959
355 978
519 393
2220 182
2255 136
2423 1014
1070 128
1733 74
2178 704
498 923
2074 848
124 437
363 984
444 1184
612 452
1685 4
503 965
1411 776
2463 1108
333 525
1612 55
2299 338
484 1184
1404 1046
1413 116
1830 242
2185 310
97 55
1980 626
507 861
403 1184
698 1034
1751 72
2024 839
2245 249
302 178
1015 980
1784 558
1904 357
41 271
540 541
1891 203
1488 169
1678 558
1772 72
1338 313
1571 135
2055 393
13 53
187 2
833 1174
1011 1046
1718 873
17 101
2359 1154
2381 12
199 61
1675 128
2364 461
2365 1052
275 35
1558 940
1915 646
2390 42
1280 293
979 911
1126 803
2056 1156
470 977
712 1045
2175 1047
2421 980
128 118
469 307
750 584
1922 1
416 1102
483 734
56 1019
1666 81
2118 111
349 722
754 839
2403 949
2495 633
1028 1132
1825 364
2141 404
2288 1098
2294 992
618 720
945 459
1721 69
1952 680
2407 1037
412 1174
2207 944
2132 200
89 1098
392 319
728 822
1876 1079
2265 1007
111 562
583 121
1661 381
88 706
272 870
407 670
550 1140
2447 909
706 531
927 609
1577 1130
1671 159
2530 71
218 33
2096 858
2210 207
778 167
847 890
1908 310
1340 133
2339 827
343 20
1048 254
1072 856
2270 886
360 693
2130 714
2399 1057
177 771
1513 494
433 393
554 1012
1792 138
2279 990
238 504
1066 313
454 902
680 790
1182 254
1928 674
1074 1091
961 91
231 187
2490 705
494 949
1645 971
262 628
2133 469
960 1196
851 11
2402 889
399 228
317 563
700 438
1052 710
453 1079
602 865
731 859
1371 104
423 33
2259 261
920 1
1700 489
2386 502
636 391
1181 155
608 357
1088 533
1640 139
2214 710
1085 133
2144 1046
2467 60
418 496
474 694
1360 1117
2249 896
2401 469
2346 898
2428 951
1202 133
99 169
230 343
703 363
382 191
1911 363
370 517
482 1047
304 70
1826 160
1878 118
2009 413
312 771
439 702
563 1177
896 396
1169 104
1786 712
28 101
1919 521
2162 169
2264 667
2199 956
860 573
948 1185
31 92
53 101
378 209
1243 286
1435 1046
1506 803
237 327
1279 1179
491 425
834 541
2204 56
1230 282
2054 658
2196 53
2257 128
1900 583
2290 1150
627 973
2161 56
701 1153
862 332
233 961
2047 416
104 1058
376 722
689 1000
214 808
620 35
1583 697
258 870
839 82
1735 68
1927 940
1963 848
2247 50
136 916
300 522
2183 525
2472 309
592 554
2099 781
493 39
2412 121
14 816
232 795
383 545
763 427
798 438
440 456
762 531
713 594
714 329
1343 843
266 1046
380 385
488 1048
1163 345
2015 1132
835 361
1157 943
527 950
911 995
1265 803
1335 296
1974 395
1446 580
2306 1184
2486 824
73 712
2063 499
1120 8
1199 56
116 541
513 416
1705 133
2033 1032
36 56
1035 213
601 1157
929 814
1539 606
699 386
936 990
880 839
1231 1123
1805 843
1923 195
226 75
856 151
1184 743
1814 704
1242 972
1853 1054
1131 1047
1977 532
352 771
1788 728
2258 606
18 547
2027 513
2341 187
844 191
1012 990
1129 185
71 101
2300 540
2477 972
814 896
2396 406
1366 133
273 739
338 782
2040 934
356 219
413 620
1349 905
2455 1045
1359 141
910 1184
1195 301
331 192
1925 2
2367 1050
2427 697
259 393
1170 394
2521 1178
630 1173
1082 1162
1975 1111
2309 260
362 715
424 624
1574 912
2064 216
2269 272
464 986
634 1068
586 378
1078 1123
2174 661
1009 372
1467 768
436 501
537 1001
1585 790
821 1173
863 307
1307 939
878 11
978 1116
1018 464
37 56
101 141
9 706
1522 710
516 1158
1560 697
1608 530
368 256
610 956
46 95
2356 629
500 291
422 1007
1021 39
85 1063
1479 133
1862 836
1561 438
2363 502
2142 222
2389 916
1255 977
710 257
1175 565
576 1140
882 437
1037 1047
431 370
461 714
967 1168
1492 878
665 1080
496 965
559 1181
1005 754
1992 207
2122 215
1841 366
2452 309
690 1034
339 687
2343 839
629 592
1879 604
414 856
2382 927
365 871
344 404
1092 563
2039 947
684 956
2337 287
164 777
109 1066
1090 781
426 341
534 600
840 714
381 280
797 1171
2470 928
2201 565
2494 897
888 972
391 890
597 721
751 372
1062 29
2206 965
210 850
242 823
2216 25
1976 710
2420 992
435 1123
2487 395
605 179
1897 905
2454 220
415 848
1049 93
371 1060
1210 1125
1007 347
1955 923
405 620
1872 787
2013 890
2155 696
320 606
1172 928
593 616
657 483
729 529
876 674
2003 814
1914 544
178 1034
510 1174
1418 1191
411 310
970 669
575 535
603 97
1200 67
2405 1130
2302 914
526 540
1014 535
2019 916
2417 1187
442 942
782 654
614 179
2330 965
779 872
804 213
2520 907
421 404
983 11
1930 181
188 564
249 763
2045 1043
2190 596
490 200
2274 808
1026 430
2022 295
589 61
1986 812
1132 1047
1396 220
661 600
1611 734
2416 839
1988 687
1871 562
1755 113
334 569
1013 1179
1116 890
487 239
999 228
1457 100
2291 1187
2349 4
2461 240
1861 871
2446 499
350 555
787 191
1027 298
832 373
1667 1126
2314 1157
1649 1077
481 448
1319 803
2409 278
2049 1042
937 693
255 654
38 1028
2411 563
385 378
653 80
379 822
1118 925
670 819
928 780
1033 470
2388 377
679 953
861 1130
201 141
1989 814
1053 810
899 807
2069 990
2400 626
1105 103
348 617
2398 1159
223 972
2070 1005
191 877
298 1158
1130 432
2397 1128
2408 565
325 386
1025 956
1987 1122
2094 812
1331 495
1347 11
2354 1112
47 185
822 2
1039 734
2410 13
1929 1045
1038 595
459 1104
2471 459
366 990
2419 972
890 814
517 965
1114 399
2283 1123
930 911
2139 318
2018 152
807 1179
587 342
962 965
1115 613
2514 990
252 517
959 90
2512 789
780 618
307 366
2442 1150
562 1019
922 264
375 349
2230 1124
984 578
2048 35
977 728
2322 123
1056 11
1091 53
2448 1090
1089 168
251 242
345 264
1183 965
2271 630
2326 25
2036 1111
1008 945
949 1048
477 563
2474 870
2246 886
448 220
755 863
947 679
2041 537
903 1064
2358 79
1665 566
1846 916
1077 1004
