img14c2.jpg img17c2.jpg
742 1169
29 1161
1914 962
1916 1200
1537 1020
675 48
1109 476
1299 1641
1796 1007
1671 874
1535 146
729 1169
31 203
1296 146
1346 979
1808 181
1732 470
656 816
1942 382
124 1162
713 1169
1381 467
1481 1613
711 1169
35 1321
720 984
1129 476
1655 1217
1417 984
1748 988
1775 1007
807 1169
153 1505
637 1043
1236 146
1848 1520
2002 1200
1165 476
1965 1615
1528 413
1087 206
1915 1641
779 663
1250 502
1235 1734
743 1169
1701 944
46 1043
1089 983
1552 146
1419 1648
1691 466
1972 1615
1128 1313
37 1341
1360 536
635 942
1432 984
1979 163
766 235
1088 476
1147 983
1907 1268
1996 312
2032 784
1409 1120
2036 327
1722 983
1213 476
1954 298
745 984
1508 146
1361 40
794 862
624 332
27 203
755 1169
737 1169
1434 203
1964 1612
1998 1020
1798 1061
677 991
1201 476
245 1278
1286 146
1393 984
139 1162
703 1780
716 1209
1448 1743
1666 1711
318 1225
1809 1235
2073 1684
39 1197
734 1169
1305 1007
9 18
1678 466
736 663
1751 862
1912 1782
1997 312
793 663
1543 1612
633 1043
1083 191
261 1007
1404 203
738 1277
1373 1161
1949 1507
727 236
346 1061
1226 146
1317 874
1214 206
1673 1613
1987 298
809 708
1762 458
1414 1113
2112 151
791 984
1469 929
1846 1007
1893 1782
1984 298
1777 1183
735 1169
284 1321
1424 1648
1164 983
808 663
1557 320
670 413
1847 394
643 48
1576 1402
1731 40
1959 1683
1356 40
1607 421
1734 180
618 1043
1963 1281
1761 1755
650 48
538 1203
2045 982
1711 235
756 1169
1624 1782
1756 1120
619 1043
728 663
1986 578
1205 1258
1970 1506
12 1414
454 852
759 997
1840 315
744 984
792 663
1300 784
1926 1248
673 991
1738 984
1048 869
1945 176
2062 341
698 1644
858 160
523 942
1961 783
1991 176
758 1381
1383 1646
1384 1313
614 1107
1502 1755
1589 218
1519 398
1815 1061
810 1169
1753 1169
709 141
781 239
1433 877
1786 421
621 1123
1341 1636
1971 382
1515 406
262 724
1171 1257
1672 1615
765 1169
556 962
40 1768
1273 154
1662 874
1978 312
1134 1635
996 1782
2080 357
2115 403
1067 603
717 636
1040 40
1418 1647
15 40
671 48
1503 398
1556 1061
1933 1782
1962 382
1245 1755
1766 654
1278 146
2063 1782
1536 312
1725 1088
1948 1620
1441 1341
333 1007
617 1043
1291 946
2101 516
1421 634
1681 200
67 78
1910 1782
1149 1740
1283 782
1754 984
328 448
780 1665
790 1349
148 1615
464 1321
1952 918
933 1505
271 255
757 997
1664 466
2014 437
1947 1269
1560 1636
726 1194
1905 1268
1635 944
2035 31
1938 1007
1411 984
1717 427
915 158
1407 1136
1749 230
1960 1607
1698 462
625 436
2026 661
204 338
1364 467
1540 1528
110 1731
622 1179
421 361
536 946
38 211
1137 510
463 475
150 1484
1396 408
1923 515
28 1061
1454 407
1568 1743
1992 320
1750 230
712 234
1517 1047
1885 1782
476 1634
658 48
304 449
895 158
1114 1654
1729 949
769 372
1181 1321
448 986
702 1169
1192 1637
1604 1028
1858 176
1767 654
1811 1053
714 1023
1268 942
707 997
1148 231
1343 40
688 1097
1377 408
114 661
232 816
2050 421
1718 443
778 663
1170 1650
1266 536
1901 773
2019 40
768 372
1802 1712
731 1210
1257 398
725 1648
977 158
1551 141
1985 1489
1110 231
1034 40
1941 1469
1658 3
365 286
1665 731
2056 254
503 986
665 516
1079 1096
1187 1258
11 1007
158 1528
1249 774
1265 1752
357 78
904 1505
1302 146
1759 1194
1903 773
1428 984
609 221
138 942
152 1288
1408 1119
1643 1028
1646 466
697 632
1374 639
1553 113
1507 406
1716 949
319 1073
2066 15
1392 632
947 1028
1387 461
1437 221
339 1235
1085 191
1555 1028
1480 1010
1805 115
41 211
2038 1061
1412 1223
1583 141
820 708
2078 203
1572 1516
1935 774
417 1213
1318 1625
1851 776
1581 829
1973 808
2030 1683
315 817
337 987
50 1689
926 158
2075 181
2088 1052
894 158
1066 476
1154 883
1733 342
1388 408
1525 43
406 1480
1770 1225
1804 1688
117 1329
324 181
127 23
26 1795
1780 414
281 1248
301 1414
1526 784
1633 1753
719 1209
253 3
546 146
647 774
1394 117
1447 1000
384 177
1730 1754
1911 947
126 1090
632 1258
1238 331
8 1659
335 187
627 1789
1575 1154
1651 1318
216 725
1220 206
1389 408
1908 1268
1990 84
2 1670
848 1057
1778 1638
1527 397
1680 800
1920 661
1019 703
1065 231
1909 1268
263 1414
543 1784
818 1654
1549 619
2099 508
249 454
1650 1594
636 332
1271 796
517 908
1902 1618
1310 1650
1090 1377
1145 191
782 332
1542 1005
706 647
203 1644
1398 408
16 18
1256 146
873 158
1248 1256
447 531
1776 146
892 158
210 1414
799 1711
1049 869
1391 132
343 488
754 1654
1055 1277
1789 622
1791 1082
1443 40
934 146
1254 1257
1363 123
1369 461
2034 1782
241 200
2051 1138
2103 1480
971 1277
2079 167
988 1115
1977 1782
2087 661
146 661
1008 1277
1119 1096
1487 58
2042 823
1182 231
367 421
796 1649
1803 1673
2090 1636
387 448
862 1424
1697 15
2067 63
958 1251
226 884
311 181
565 1523
902 325
957 323
1301 976
1950 1782
425 956
905 407
1035 1277
1617 1136
1900 991
1917 369
610 1090
1127 1313
1209 120
1244 1102
1276 1643
235 480
986 1277
4 1061
718 862
1111 206
741 663
2006 556
109 342
841 1527
1033 1277
861 1725
19 874
1064 1170
1351 311
1668 1278
631 422
1415 1223
1830 312
5 1213
1619 705
1763 634
24 1629
919 153
1355 60
1969 1500
2031 808
1029 1251
1207 1290
2041 976
460 1414
674 362
833 133
724 1382
1004 1277
2098 508
64 1711
602 772
1715 3
1813 1782
6 1617
817 1654
1094 703
1334 1784
1636 181
1747 1088
639 265
995 91
1056 203
1574 986
689 40
1745 931
739 267
767 622
941 422
1057 1277
1231 1321
1645 1474
1934 1782
1091 1527
1483 1064
450 1278
1289 1406
30 238
256 1061
760 1720
1641 1680
1966 85
863 1005
1054 1277
1126 1579
1224 277
1379 408
1639 725
1988 1424
1726 1438
14 1181
847 515
991 40
826 456
1430 221
1380 1763
1567 466
356 826
423 1064
1630 227
1944 1670
805 716
1063 1313
1416 1691
2018 994
1721 378
1193 1448
1410 626
1545 808
21 1473
1562 146
331 200
909 1637
1522 1701
1632 1082
1974 176
1030 1096
1744 1527
1946 786
1713 1278
1626 105
2094 1278
398 480
666 1197
911 422
943 429
1395 33
872 429
1676 427
103 1663
145 1789
274 286
471 1377
561 1033
574 786
1086 983
392 25
446 340
559 908
1009 1251
2021 1186
1899 773
121 18
422 338
570 862
891 158
1031 1277
640 265
772 1630
1106 1277
1116 703
2003 320
645 265
1445 123
215 1636
407 1278
783 893
795 270
1 82
1304 1641
1539 1536
1814 1063
299 295
770 270
1208 160
1514 1611
2091 254
2092 970
1241 1716
1378 408
2074 221
1206 1258
1652 487
1708 1782
2009 628
34 646
1046 703
1699 1401
205 254
1546 146
2076 1720
960 158
1648 195
276 447
753 31
1704 15
1953 411
354 1283
1585 1235
1593 1720
60 1096
866 156
1943 799
177 155
306 1642
1337 674
1382 1114
853 429
1081 1251
1940 1782
156 484
316 1061
2052 1782
776 368
1869 661
2083 475
225 1073
822 395
846 146
192 440
322 725
1440 1181
1659 962
525 798
1210 116
1682 141
272 19
308 743
2001 1683
830 1654
876 1725
1865 976
2077 1795
371 1061
456 1377
652 265
672 1258
825 58
842 1622
1036 1251
1494 1316
1534 1784
1631 1278
987 1075
1482 1190
1656 1773
644 1260
816 1654
1202 896
351 1424
797 669
901 791
1267 772
1755 604
151 783
878 278
1076 203
1297 992
1435 221
1578 1397
187 1743
393 40
979 703
1459 753
1819 1683
1859 1287
2057 1068
746 622
1053 1684
1059 1251
1093 703
1712 412
829 1527
1032 40
1509 176
1050 97
1125 1277
2082 480
2085 80
7 221
372 361
544 1755
557 1114
1586 1742
1608 1278
1906 773
641 265
690 1258
1326 492
1219 206
1705 368
2089 254
857 158
336 1028
1610 91
1797 879
1038 221
1442 221
651 259
1799 1480
254 1097
685 1683
1095 97
467 1097
723 476
344 1671
1102 203
1688 427
45 1273
1279 393
440 883
967 97
1115 127
160 1162
940 301
653 265
695 122
462 1053
828 1654
844 456
907 1731
989 203
1259 1641
1530 116
264 1706
434 396
681 1138
1113 1527
1212 1657
1790 1743
23 404
380 254
886 1641
2084 475
314 448
932 937
2011 315
258 1053
1121 1079
898 156
1184 332
1449 232
2058 463
442 849
1015 1657
1439 120
169 200
1047 703
1078 615
1822 1683
668 720
1371 1150
32 443
1071 97
1180 206
1345 32
1975 377
1190 198
1330 492
669 1258
684 1475
1022 97
1501 412
1573 1691
1904 1463
2028 334
1072 97
1743 59
125 246
553 1542
1532 1607
2049 451
959 456
1637 369
1794 1138
1913 431
978 703
1070 703
1287 935
1405 1169
399 1326
1234 808
1339 200
1399 365
2033 785
128 796
545 1755
608 1251
845 1228
976 429
1423 120
1590 909
424 661
1516 113
286 181
701 647
981 97
1795 46
910 1728
1069 158
193 15
575 319
827 1654
918 1424
1306 146
118 1778
1485 146
1538 973
1570 964
2059 158
1120 1251
1685 1278
1818 224
798 1043
839 419
879 850
1438 120
353 21
1897 955
2109 1725
548 1578
692 360
400 181
404 1061
721 421
1096 97
2025 1720
664 704
747 1210
784 267
1669 1639
469 942
1215 654
1603 480
172 716
342 134
704 105
1582 973
1692 120
468 1053
950 97
1194 986
1800 533
290 311
814 422
25 1720
730 269
1401 473
1849 394
1023 1657
1592 109
439 472
696 1789
900 413
1280 1519
1627 491
2068 1782
815 1228
1152 650
832 146
877 1424
432 1643
1103 206
1246 1448
1810 248
1860 1613
966 97
620 886
1548 1683
596 772
882 1191
1295 1746
1594 1278
1104 1251
1272 146
1390 365
1647 427
834 1523
1955 1628
2110 1465
2114 332
191 1731
700 1304
349 495
1167 896
1195 1654
547 1641
942 329
2015 531
678 772
1204 1257
461 1700
1092 725
1467 44
165 773
181 1782
1112 1641
1757 680
129 298
326 412
956 188
998 703
1230 716
1084 206
1136 1225
1293 1509
1372 646
2013 1782
2054 784
2055 941
214 1480
604 962
369 1152
1640 1795
201 307
693 991
1720 931
1845 78
1188 332
949 97
1172 1711
1493 1162
1837 1683
599 31
865 1673
1638 3
2020 40
2106 146
1006 1657
1420 654
198 440
584 772
1707 458
1719 1076
2047 416
212 82
366 1789
912 429
913 329
1060 592
1550 1368
1793 471
250 1711
1227 473
646 1280
661 772
1013 191
1336 1291
1839 1782
732 361
1153 1774
1512 1041
1275 504
401 219
888 429
973 1278
1724 167
2069 18
33 592
1261 1174
405 181
1052 1054
1531 25
1854 411
1894 772
89 488
219 884
887 429
1179 614
1649 1643
163 1578
659 1260
855 1228
1290 808
1895 89
1243 1257
1765 891
394 1760
555 1641
871 429
1058 591
1229 1630
856 1654
93 716
1358 842
1709 1756
1425 610
1431 98
77 1783
186 1635
244 96
945 977
1609 1407
97 1383
1041 592
1298 1251
310 1020
854 429
2108 1180
836 1593
963 703
975 1301
980 188
1253 519
1533 772
626 1061
1222 152
1660 1136
85 597
0 1414
572 1755
595 513
1602 1441
594 1061
908 485
162 1240
579 1472
438 1563
1591 265
1758 1796
2086 942
1005 1251
1863 1300
481 317
554 786
929 97
1026 63
267 1731
885 429
1247 1379
1263 772
260 369
2040 1617
806 1100
1569 12
662 772
999 703
1787 352
2039 413
843 1527
195 716
441 884
1239 1424
1622 973
178 1110
415 884
1158 427
1835 320
2117 31
80 37
168 992
495 1274
676 732
1123 191
1332 1291
2010 1774
309 1710
508 1782
551 940
1020 703
1142 1251
1788 1233
437 440
660 1257
73 1001
104 665
1621 1136
1710 227
222 799
1098 1228
1706 227
132 216
287 816
1315 369
385 158
1228 1527
368 1539
938 357
1561 1789
1198 221
1842 320
1124 191
1400 365
1309 268
1616 1248
884 266
948 703
1281 116
1282 987
305 1379
922 1622
180 1462
923 429
1657 1441
330 1246
1151 251
182 1700
307 452
1785 476
1080 1283
1510 116
566 786
1133 216
1457 1698
1564 1063
173 1733
824 1138
961 703
2104 1006
801 71
864 1301
2037 947
1925 320
804 1190
1269 1361
62 682
1518 146
1654 1296
576 257
924 57
3 1643
1186 1459
1335 1225
785 435
992 206
1157 427
1189 1159
1866 1301
227 483
560 40
628 1246
1554 1047
1571 962
1951 1622
962 321
964 97
1232 49
860 146
444 1714
903 1424
969 97
1264 1428
22 1281
1011 1654
1329 1291
1563 1625
1587 1136
1862 1510
613 389
850 1052
1277 641
2072 221
679 440
859 915
1308 1182
135 1661
1025 943
1108 1657
1413 971
535 786
539 942
1841 1080
1875 1622
246 1138
852 58
1772 270
1496 958
1831 1220
705 221
1491 1641
149 494
567 224
1625 1063
1792 431
2070 1136
352 154
436 1782
108 82
378 1198
642 1221
683 1260
1174 1079
1806 37
252 344
458 181
787 368
96 919
386 1063
453 1123
1240 1428
1349 1511
1614 868
1782 1779
228 1181
764 1630
1595 91
452 971
484 1476
1321 191
55 1653
420 746
524 397
1331 1291
921 1728
179 1089
220 1246
2097 158
229 1162
946 219
591 83
1529 200
1558 1683
1689 227
74 1573
86 562
268 727
749 1674
1599 1248
1825 1748
578 1523
1161 979
70 1575
603 1789
831 991
868 595
954 13
1989 221
527 397
925 703
1203 896
1340 46
1820 420
79 318
183 802
257 480
1252 251
1735 471
84 1777
95 264
654 513
2004 320
2007 448
694 1257
1122 591
1921 1643
1919 1340
2060 1595
1140 334
240 262
1200 795
1898 985
927 669
623 1663
585 1714
708 908
131 346
1397 1743
1922 426
1983 41
2023 1580
965 97
1217 501
300 799
740 1651
1544 1208
1588 427
2107 191
176 1287
1062 206
2046 1782
1774 669
395 1061
426 92
1864 1300
2005 1683
1303 1641
1463 843
1348 394
329 446
835 1789
939 1424
1042 592
775 654
931 87
1163 614
68 261
259 191
374 725
899 1005
247 698
612 461
821 435
1451 641
955 850
1007 592
2111 360
611 210
812 1623
616 1397
1176 1251
1294 411
76 1185
221 899
867 450
990 37
1001 476
1700 1150
381 1714
786 261
72 411
175 412
327 909
490 1720
1010 592
1386 423
1045 868
1141 1251
581 1678
1077 59
1784 360
1982 1031
897 321
974 869
1612 254
20 110
526 298
1868 1008
1541 744
217 633
762 689
748 1650
1861 1626
586 337
869 1734
1258 153
1325 184
1850 1614
379 200
455 1310
638 1459
1191 622
42 1172
1350 1160
1852 394
465 1246
489 957
1016 965
2048 1731
196 311
341 503
615 618
1068 868
1099 427
1473 1698
2053 1013
573 1622
1117 366
1218 1789
433 141
1368 423
1012 887
1601 1136
1644 1136
571 783
1661 1123
81 1133
295 1462
312 698
1605 1063
457 727
550 1223
819 321
1577 359
880 791
849 1693
569 1032
1385 633
2016 1455
1199 415
1375 423
597 17
803 1687
1173 1480
120 1437
788 1711
811 1703
1130 519
1663 850
119 1246
1486 842
1679 125
568 1049
802 247
364 1076
206 1712
1333 1291
691 694
750 885
107 594
500 1682
1018 58
1168 259
190 823
486 175
883 1042
1824 904
234 1213
663 621
1319 46
715 1428
1598 1711
655 1280
577 1459
1284 982
2116 1271
534 940
1376 633
1169 939
87 1042
607 1688
592 791
133 753
1017 358
1233 1680
360 1061
1105 592
1146 614
1160 415
529 1689
953 13
1196 415
1043 1064
1521 158
928 321
1144 615
1197 592
410 1136
1728 1682
155 1725
1896 738
1523 1290
1597 1064
1764 1645
1937 1100
43 1662
1061 1028
1314 1362
1559 973
1600 463
1968 358
171 19
540 1195
1143 415
1702 101
1781 828
1887 264
345 727
350 1718
870 1052
1867 858
710 1290
75 440
389 1073
558 808
914 82
1455 1698
1771 1703
10 1643
53 1742
1177 37
430 440
1221 75
1338 15
499 1138
2113 556
1856 1042
1014 206
390 1138
1051 1657
239 1224
1159 59
237 783
63 1174
1107 458
1354 1295
1801 25
358 953
562 1774
813 1228
1458 1698
325 1690
1270 1064
1817 195
1883 1454
355 773
774 196
1003 698
1929 468
1993 389
243 1264
682 720
1242 270
2061 321
230 942
285 1296
1511 416
58 903
1307 769
1613 7
279 453
532 932
1021 97
1939 1483
648 1280
1162 37
1185 1252
1477 1698
1251 519
1436 808
838 1675
1166 75
18 521
101 1030
1074 1226
761 654
1422 1657
917 703
1829 461
982 698
1320 621
402 727
1288 556
1352 1278
930 97
1075 323
1629 216
1687 1069
111 302
564 1141
889 919
936 1152
1039 615
396 986
1479 405
593 257
893 669
680 1165
800 885
157 560
1323 191
1444 1201
373 908
2012 561
501 772
1156 698
100 230
320 1742
313 1286
630 1090
1211 191
1327 1742
1353 732
2008 928
1292 672
1873 1454
920 436
1342 576
733 30
1402 427
1426 1735
283 1245
1183 75
1690 436
1492 1520
916 703
1024 698
361 1440
409 440
2024 396
1260 1731
1466 406
472 1720
1311 1362
516 466
1584 1042
167 857
189 942
1262 135
1082 305
207 1020
1853 912
288 903
184 420
751 1052
1478 1784
1812 158
1139 698
1565 1026
563 331
1520 611
1347 911
874 158
1736 851
82 1415
161 1655
140 634
771 669
1118 698
1566 902
197 1515
993 1055
1073 1414
1285 917
514 937
134 1241
2095 261
1994 75
2093 1669
238 1399
875 158
840 1728
952 698
994 852
269 742
935 750
2096 493
383 1162
997 868
429 105
657 367
1694 125
552 1223
116 126
236 350
59 1264
166 1117
223 852
1002 1054
1028 323
1223 1598
1131 939
1693 930
1328 191
209 15
1138 1679
1618 491
1695 1132
1742 595
61 1648
123 1095
414 155
629 503
1367 423
1667 799
113 709
69 890
485 305
511 935
164 969
752 1043
1037 113
1490 169
1828 481
370 1698
531 1291
1000 1073
1472 1598
1132 251
143 1241
763 1043
1872 1725
2081 373
51 530
1362 1160
1429 120
154 521
601 1074
1999 829
303 952
823 1711
2017 791
520 827
667 1471
773 268
2105 1124
985 698
1044 1042
348 942
944 868
233 645
273 40
47 1751
1967 393
1155 698
1871 420
649 1774
1450 951
2043 1305
332 889
435 857
890 672
1097 698
1274 786
1150 519
1611 109
1779 1218
83 1075
587 1629
1741 480
1773 1416
477 727
478 1092
1135 1641
338 794
513 619
174 1733
194 1096
687 1411
906 556
1980 332
71 593
1807 1605
1737 39
376 1272
1366 75
92 77
459 1031
970 698
1456 158
1488 1260
1844 1600
294 734
1857 1694
418 820
1453 1095
88 77
582 896
1620 188
291 1018
600 435
537 786
275 612
451 1752
277 1303
1783 40
44 139
1677 1317
1686 2
1769 672
1927 352
17 81
397 1379
1826 124
1995 1400
1836 488
542 383
881 367
1723 1509
185 535
282 1007
1462 1004
789 130
984 698
298 1243
1313 97
1891 737
388 494
1683 302
1821 36
218 381
837 1675
137 1104
1465 1363
493 650
1880 1469
491 256
699 1081
1547 136
2102 1496
122 1580
777 1629
896 158
130 656
266 1041
1981 1695
1225 1043
512 1246
541 66
208 1562
1884 1469
1513 654
1834 720
202 1486
606 514
2064 925
686 1459
1175 979
1216 1032
170 1655
270 1457
1427 1735
1823 535
1101 873
1596 1228
1740 1054
505 105
598 543
1178 1439
412 435
1653 352
1892 372
2029 514
403 1335
419 698
1322 191
1870 1232
78 1516
951 698
431 892
1476 500
1684 1357
90 1059
159 1227
1497 714
1936 1380
347 503
443 124
605 1084
1495 352
13 1439
2100 1425
504 460
983 698
1504 97
147 520
479 1368
634 337
1606 584
296 20
1100 698
1827 1438
2022 334
413 1234
49 71
251 1443
475 810
1255 78
1888 104
334 532
1237 351
242 1208
416 1042
377 36
851 247
1615 720
487 1451
507 1629
141 327
1930 851
1714 678
57 1249
530 571
722 1410
1956 365
1957 1457
1580 1249
213 1047
362 599
497 917
1446 1698
590 259
968 698
112 1509
1324 645
1634 829
375 1138
340 1140
106 1015
1855 1296
66 666
265 1577
188 166
1746 1258
1312 323
482 582
1406 1672
382 1730
1674 925
1703 1233
483 1410
1924 1149
2065 1188
449 1596
506 1698
48 1679
293 1006
91 117
972 750
1931 326
56 74
518 899
1628 1695
142 1469
1500 1325
1506 1457
211 640
1475 490
359 102
1739 102
1918 1353
115 709
1344 873
317 76
480 1771
937 976
255 949
65 1252
1027 656
588 896
1489 331
2000 1400
445 3
1882 993
492 960
522 853
1461 1599
278 192
1958 238
224 15
280 1420
533 535
1370 700
1833 1314
549 604
1675 1335
248 1716
411 1308
99 28
509 881
1696 333
1474 468
2044 1056
36 1360
1579 411
1881 39
1886 1469
98 125
1316 640
474 1229
1365 587
521 741
200 136
321 1710
1642 108
488 802
1505 1208
1752 320
1874 148
1879 1469
1890 1671
297 1453
427 594
1976 1415
428 1779
136 1359
199 1698
583 242
1452 1360
1524 736
466 1158
292 1201
363 1163
289 994
498 950
1499 1315
470 1376
1357 1128
1878 1469
231 858
515 62
54 1658
1727 1582
1623 55
1670 1559
1843 791
502 461
1760 381
105 38
1768 1554
528 1191
1498 1262
94 714
1877 1469
580 135
519 1245
1468 1128
1876 559
510 693
52 145
2071 1378
102 1182
1838 709
1460 621
144 718
1470 30
1403 411
589 691
408 346
1832 699
1816 1412
1932 514
473 1394
302 1044
1889 521
1484 1192
1928 373
323 1605
1471 521
391 16
494 1055
1464 354
496 1049
2027 1004
1359 247
