img19c2.jpg img27c3.jpg
1854 2110
1959 1718
802 1699
592 752
2131 1690
2181 2021
494 928
1555 2011
2156 1690
628 928
927 1245
1848 1847
576 738
2289 1852
1853 1858
598 740
916 1699
1591 1691
2283 2110
2195 2057
821 798
1582 1504
1058 498
734 784
2296 2117
612 740
613 671
2171 1691
1516 1683
266 127
1581 1685
1404 1880
2157 2024
574 798
1847 1858
495 596
288 598
18 1562
2132 2022
243 145
706 740
454 383
754 784
512 160
578 596
705 784
687 784
2209 2024
819 1517
1867 2030
311 111
424 381
853 930
1170 624
1296 1826
1147 1621
2308 2095
2351 1703
1825 2111
597 889
471 269
610 784
1368 1380
2311 2095
1891 1852
921 1566
1402 1728
767 1526
690 740
2152 2022
1153 624
996 1526
1643 1997
526 1053
1917 1816
2108 2015
2200 2024
1116 1841
644 1380
717 752
2078 2027
581 590
527 722
585 256
1113 624
2140 2021
348 280
1071 1599
246 498
2302 2101
425 711
627 722
591 722
1693 703
2261 1308
403 122
620 465
455 609
1487 1715
2143 1691
647 495
439 561
1660 1741
709 696
1858 1888
545 256
320 280
756 718
2126 2242
735 740
2421 2130
739 545
1998 436
619 465
350 122
360 249
1122 499
2064 1988
2214 2062
629 544
1199 1776
2069 1988
305 1746
487 544
1070 962
336 166
1068 499
1204 504
1145 499
2535 2250
2187 1807
1683 1812
438 514
796 671
2109 2059
2075 1996
87 99
1189 1578
2122 2015
804 1380
1933 1308
861 1566
2185 2034
279 225
318 598
1403 1901
1512 515
1935 1518
1500 2104
590 780
1321 1997
1895 28
1034 1884
602 561
659 784
872 860
618 1908
1936 40
2115 2021
2142 2085
1134 112
531 537
1846 1540
609 827
828 1138
1863 1840
2310 1826
441 292
1082 1045
2173 2047
274 108
2138 2054
2285 1858
1956 1483
411 107
842 1515
702 1271
374 281
566 515
707 819
798 594
2119 2018
691 698
1419 515
2329 1848
2070 1980
1151 193
1256 992
1347 1578
242 145
447 590
2067 1988
2175 2015
601 245
1175 1849
1957 1483
671 798
764 829
1712 1544
2387 2075
787 977
1167 873
2151 2144
2386 1787
1467 1852
677 515
1751 1753
714 895
1788 1807
2158 2055
1757 720
2506 2130
765 916
1129 557
2174 1699
2107 203
2275 1847
408 269
663 485
755 740
2099 548
1851 1807
370 112
1768 1124
2527 2200
1849 40
1871 404
1973 1847
2537 2130
334 349
2526 2130
252 137
361 174
1077 575
2007 1865
1835 1558
1913 2007
528 878
557 585
1909 188
2096 1633
1416 1840
28 101
325 151
1276 1319
1906 2179
560 118
1187 110
1053 1865
1064 1861
1399 58
299 145
2027 1124
525 106
2086 2156
1310 1518
414 1346
331 1658
1530 638
1668 1753
1795 413
2255 1017
1731 1833
1837 922
564 382
1769 1121
406 367
960 1504
1323 2118
1805 1547
251 835
1275 1012
2473 2130
912 444
1115 1626
395 367
543 511
665 654
2180 1756
533 232
1744 458
2570 1657
1149 808
738 596
2301 1802
800 513
2433 2130
1834 1615
356 118
457 280
14 1501
1010 1106
2316 2269
939 1483
2258 2020
572 2009
583 465
909 428
1336 1812
1470 336
440 635
1486 1728
532 511
555 418
774 939
1642 555
2063 1764
2298 1812
573 1513
657 1562
721 355
895 481
45 1523
434 112
870 1380
905 596
218 558
2340 285
907 1565
2382 2212
880 1566
1472 2111
1884 2143
2232 1121
931 1566
1131 1861
715 785
281 109
314 257
499 1908
788 740
824 513
1456 1013
1826 1626
165 76
250 145
1601 1558
2098 248
911 428
2605 1337
2487 405
632 708
2313 1380
2499 2194
642 1489
958 328
681 257
2066 1991
972 1501
1804 695
2540 2130
224 922
1799 89
2468 2194
753 785
923 860
1855 747
1809 2095
365 309
551 778
486 549
2288 1858
1674 835
552 720
832 784
255 108
506 495
556 514
1908 54
2236 2207
2536 429
1752 1734
257 113
641 921
1021 1135
1105 504
338 2065
1796 1840
1733 1633
2163 2047
673 793
1428 1326
1637 649
2202 2080
247 118
626 1015
670 938
1322 983
1371 2118
463 166
1107 1611
1429 1483
2137 626
1634 766
1876 1525
643 935
1023 1501
2227 1308
2381 2226
568 232
752 916
1993 1308
1958 1518
2280 1326
2355 1703
1734 978
1741 990
1992 101
786 935
851 347
1823 1691
718 495
737 696
1965 991
538 1346
1833 1607
1457 1841
2326 895
621 466
1779 76
2068 1990
396 1565
808 596
980 1279
1308 164
2154 17
2249 2179
2394 2191
841 829
881 1505
1258 1335
1266 499
1492 995
1738 248
540 495
1760 248
2060 1988
1593 978
2201 2079
2336 2229
1249 110
2172 1435
2445 2197
2471 2130
2207 1880
2538 418
386 599
672 722
565 514
2574 1483
220 76
391 280
664 1483
769 540
838 515
385 1066
448 364
760 409
1753 1704
1771 1753
1415 1833
1783 248
1475 425
1800 17
1831 1206
2618 612
20 76
964 819
1238 1657
2519 2192
686 935
976 1543
1679 1380
780 566
989 545
1784 1653
2539 534
276 499
724 256
954 1543
1003 1152
1241 2167
1136 899
660 743
1154 549
1666 1703
1887 1751
969 749
1209 1091
2257 165
1335 1308
1380 1869
2380 485
1128 604
1482 1506
1994 1858
452 107
1247 58
1578 947
2001 2165
825 515
930 894
1182 54
2522 416
1012 1501
1877 998
2399 337
1830 2112
1912 1736
2213 1908
2343 1914
516 445
1333 1648
1117 1517
1850 1833
2435 2200
818 1566
2428 2132
2456 450
949 1657
449 708
856 673
2230 23
722 515
815 1045
822 545
935 819
1972 1785
2469 2130
743 270
2513 2200
785 1569
2133 2017
2196 2150
97 939
1427 1332
2159 2023
2626 1571
1962 184
736 673
1205 499
2375 2216
1177 906
1940 1599
2338 138
2333 1584
2470 1766
703 1380
748 139
1328 808
1776 553
272 249
910 1566
588 1723
2147 2019
2407 258
269 166
577 996
968 1816
1213 1621
1596 1457
1864 2165
2084 1123
2482 2130
390 1853
648 589
817 935
1133 1107
238 1692
1316 2240
1022 1604
1625 1997
2222 2080
936 718
1235 873
1278 946
1477 2118
589 1147
2455 940
2604 1578
536 604
1453 2118
2061 1988
2534 1299
599 1520
2220 2021
2203 1515
2554 1600
1514 471
2290 1012
1032 1501
1529 1530
1495 1245
2106 1749
313 1120
2125 1833
2393 2081
1251 1932
1437 1013
515 1299
316 166
500 514
595 657
600 620
1920 1412
529 713
704 918
1283 1824
1619 2154
1638 311
2395 242
733 829
1607 2203
1676 1828
280 1245
1626 1699
2183 55
340 319
2176 1980
575 1925
1845 515
2206 1618
39 84
967 432
2188 2015
943 1380
1579 2195
1977 1816
1995 1856
2022 672
0 991
1513 638
427 232
889 894
955 596
2211 12
289 1308
729 1714
981 1871
1102 1271
1710 1562
1947 1756
392 220
544 480
631 590
1401 1138
2396 2138
422 947
530 404
1528 1607
1894 1283
2058 1991
1106 1483
1780 480
1868 1711
2377 1594
2489 733
1742 1632
1904 1872
1996 16
2521 416
1414 811
1878 1570
1886 2242
539 1015
850 259
1663 75
309 604
497 712
693 611
854 1543
1630 248
2466 2132
363 632
656 1241
1158 1086
1705 154
297 214
493 947
1842 898
2578 1483
768 2154
2278 1693
2054 2130
245 248
282 1006
658 785
864 521
1186 572
1342 967
1859 1846
1345 1868
1720 1537
1856 939
2036 267
417 609
2429 2130
616 689
2127 436
2155 554
742 1849
1970 1722
2260 2039
2550 1595
307 237
437 655
553 544
2235 555
582 655
890 1501
952 1430
1426 993
1508 995
1791 1994
2011 2123
2432 2197
2498 2200
460 227
2186 1712
291 1996
1200 1065
1812 96
2170 248
456 515
594 1571
834 755
1969 1517
2555 2253
1656 1757
2358 1832
2440 2250
1377 1124
1794 1899
2165 2032
2192 2066
2356 237
2450 2132
1535 1457
1568 248
1694 1107
2212 77
2480 2194
962 740
1435 1012
1836 1840
633 441
1159 900
1265 2186
1921 1107
1040 1501
1828 1803
407 311
1524 1600
426 515
636 1069
879 871
1090 616
1586 495
2582 1530
1061 1380
1096 499
1311 1292
1510 586
1811 1686
2199 84
924 404
1123 81
1224 58
2087 1994
2478 638
7 2242
1047 1501
1644 784
2505 2200
464 438
920 918
1689 1757
2452 940
2494 2197
261 166
1618 1757
2121 2017
415 633
975 894
1343 1013
820 743
1211 505
383 515
416 512
611 743
888 649
2035 503
2368 138
2373 1826
2493 1984
34 897
1155 658
428 220
1202 1030
1215 1761
2378 1292
716 840
793 1981
688 780
1367 1013
259 328
1588 60
757 661
1144 504
1303 1108
2055 1167
420 2280
423 449
547 989
1822 1840
2090 1998
586 205
646 740
2047 1967
2166 1171
2169 1986
339 595
1269 1034
2167 2015
2250 328
2518 2200
580 566
1119 1733
1197 2040
1358 1416
908 1571
400 1053
766 785
919 850
1750 2038
2472 2130
807 819
2309 1760
388 253
676 515
2426 2132
2457 2261
509 257
732 1166
2383 2226
1097 962
1546 1482
2500 2130
469 418
498 404
1281 522
1852 2116
1860 2203
11 1332
563 2132
1723 1096
951 1291
1005 718
2510 2200
579 495
689 743
953 785
957 469
2449 516
1816 2185
2458 266
443 205
903 740
2446 2130
2547 518
328 966
1536 1493
1628 1537
2323 213
2434 2130
1312 1197
1488 1377
2253 16
2295 1445
2417 2200
349 1787
1773 438
816 1578
1045 1604
1233 1013
1925 1841
984 1504
1673 1703
2541 403
805 953
940 1483
1240 1650
1293 1129
2229 1925
419 1760
942 829
1413 993
1537 1377
2330 2234
2509 416
831 894
1645 835
637 257
795 1570
1160 1009
126 1721
520 931
758 429
855 740
1688 1757
2006 23
2197 156
478 1085
1185 75
2403 2236
2481 713
324 1801
483 1670
1338 2118
421 249
467 109
484 249
1059 1650
1168 885
1707 978
1 50
2184 2251
2193 2073
2617 368
405 481
1112 1137
1298 2118
1889 1870
2431 2261
865 2175
2346 406
2464 2274
761 367
965 596
1259 173
751 255
904 722
1085 1430
2320 1865
1277 971
1594 248
2335 1858
2558 269
518 367
683 945
1821 1869
1968 941
2454 2130
2467 2132
430 235
2018 2242
2613 2275
273 235
2585 481
845 596
1511 483
2305 1899
638 995
710 416
1232 1066
1589 1708
596 258
1285 1462
1289 23
773 1807
810 541
1230 1580
1670 1733
2224 1655
2532 405
398 425
1069 576
1509 253
2438 538
685 938
806 699
492 232
922 1501
1517 1342
2528 2130
1028 1256
1954 1884
157 194
2504 2191
465 138
1004 1757
1016 673
2162 2064
2354 2047
2418 2215
222 2277
570 576
1379 2039
2145 1739
2517 1225
1617 1537
1052 172
1527 259
1672 1332
1930 2251
2544 229
1782 86
2610 280
809 544
1478 1254
1866 1828
2529 1574
2059 1984
2341 1574
1736 1989
1039 1604
792 1849
961 1152
1295 89
1604 1693
96 89
747 1629
932 1501
1941 2168
2556 2276
829 567
987 1543
1344 1335
1701 1122
2444 2200
1217 2033
1966 2207
206 76
645 781
1476 1558
2065 1988
433 1943
476 1749
840 1256
692 2102
886 843
1263 1570
2542 229
2546 418
468 432
490 1885
607 697
1013 895
1146 1007
1763 1650
346 439
1583 1757
1897 1303
263 137
2017 2123
2371 1428
2496 2215
1060 962
1469 1346
1987 746
2240 86
232 13
489 451
966 508
1261 1666
1288 2051
711 2250
1192 2033
801 101
1803 2038
2000 2168
1234 75
1452 2121
1648 1457
1950 766
1686 2280
2074 1308
2533 2195
2571 1287
287 203
604 285
700 1732
1880 80
1934 1898
2160 1109
2606 2177
302 530
666 232
678 1483
1464 1802
1608 1683
2465 2132
2587 639
1030 2118
1354 993
2379 2169
2397 337
2463 2200
624 1082
2284 2236
241 45
862 720
1716 1803
1785 86
2402 1064
992 1137
1640 1600
1774 480
2497 2215
1318 2186
1902 1296
2511 2219
1050 576
1294 1699
883 1287
1819 1510
1893 1416
1948 101
2020 2186
254 505
803 850
1246 1013
1719 897
1922 2065
2631 1255
669 539
878 1025
811 566
1051 127
1223 942
1687 978
2215 1517
81 1723
244 2242
278 860
393 218
1027 1229
1084 162
1501 1378
2134 1699
214 1063
301 944
963 1543
1169 2165
617 467
1001 962
1268 505
1450 1047
1764 1860
2110 1699
2369 266
1264 89
1739 1791
2627 1337
901 850
1781 241
2072 165
146 1918
1206 1124
1485 252
537 1640
694 515
985 785
892 878
944 720
1250 203
1844 248
2120 1307
226 1096
858 714
859 2228
2182 270
94 60
480 585
1026 897
1985 253
2149 1244
382 913
887 2102
998 819
1178 1320
708 1634
1461 2118
2204 2066
2350 285
1156 1483
1946 2179
2441 404
517 428
1979 15
2071 582
1662 1537
1879 86
1951 630
513 1308
827 1715
1033 740
364 360
1881 2213
1257 964
2391 2133
2453 429
109 2282
376 1873
830 1135
1888 1870
2102 2051
2116 2028
1647 1757
2416 1818
342 220
458 1937
661 126
945 722
1008 1933
1325 2118
1611 1405
1629 1677
1655 190
2218 846
82 190
473 700
21 54
712 276
790 794
1201 1764
1483 110
662 521
294 1714
873 508
1190 1761
2040 1125
2287 1756
2447 2276
728 1708
1534 248
1677 54
2400 1726
479 210
2607 2276
719 539
1221 1997
1557 248
1722 75
1978 1336
89 1003
797 723
615 432
1038 819
1091 1106
1448 180
1890 1611
2531 1279
2632 1872
412 2116
1775 1665
369 1171
1355 357
184 1607
720 2130
775 743
1036 895
163 462
521 1088
524 947
950 1006
988 1757
1165 1596
1179 966
1228 1982
2398 787
182 1653
190 253
1735 978
2051 1952
2485 2200
959 1271
1669 1724
1675 1457
1943 91
2015 2068
1111 2218
230 436
1910 1833
2347 449
1066 1650
1661 2055
1680 1757
971 609
91 86
874 521
891 781
2228 2096
2577 1584
2139 2007
2600 1255
103 1536
466 111
682 191
869 939
1584 2068
2085 156
233 111
970 514
1639 311
270 195
2231 1227
2507 2244
2567 1624
561 930
926 252
995 2126
1139 1345
1520 1398
1797 1840
2590 2276
2 190
1210 64
1362 1910
1896 123
974 2126
1442 2124
1468 1229
1756 1820
1919 2115
1937 809
1990 2126
779 495
977 673
2053 2197
885 783
1092 1135
1740 1715
1801 2025
882 740
1545 1534
741 634
1552 1600
2643 2276
1000 1679
1076 1576
1874 192
2314 996
488 521
2002 971
2082 2282
542 417
549 438
1089 1229
1438 342
1622 1354
997 740
1605 1797
625 1209
740 540
948 887
1939 1679
199 942
394 748
429 1736
1346 2210
1544 1961
1654 1336
2094 2042
2168 1012
196 1619
584 367
2042 1093
2367 2210
826 2228
986 740
1099 1869
1556 1444
1952 6
2112 81
61 36
1916 1877
2019 1527
2580 1287
1083 1085
133 225
284 325
1279 1008
1923 2143
2041 1073
2144 1326
17 1846
431 1109
1327 906
1721 75
2436 2130
76 19
193 1801
228 1692
1496 252
813 257
1695 1670
253 148
2304 1562
300 318
1087 1062
1698 127
2297 2025
2475 1984
2479 940
794 963
1408 1303
1436 216
863 495
1292 1834
2353 2249
2366 436
1143 1336
1696 877
1699 1354
292 237
503 1711
650 2250
973 740
1078 604
2408 1983
519 484
2365 1960
167 76
1915 228
1918 2097
74 1717
1015 740
1988 271
1148 875
1559 860
1770 1714
1999 2103
2562 2126
956 1754
1455 2052
1471 9
2423 2271
652 1798
1054 149
1074 939
2208 1517
2448 275
701 2250
2252 248
19 832
877 1588
1009 1153
1872 1229
2234 1692
2248 1415
237 2242
852 935
1681 1399
1569 878
49 1753
725 244
1270 462
1369 1342
2244 2176
541 565
2073 995
1018 263
1024 740
1778 2061
207 199
1787 1595
2390 2277
73 225
293 858
934 798
1137 499
1271 1840
1892 2185
2237 54
90 1899
345 137
675 540
1120 1326
1748 258
2460 2276
776 932
1291 14
1359 1517
1708 190
2012 1769
505 1139
1002 2126
1813 924
264 99
550 86
1814 458
351 2203
699 1089
1539 1398
1737 2219
2495 405
2596 2261
1631 1394
2419 2130
2491 2215
194 1557
2299 1693
994 2128
1818 1535
2269 1096
1207 148
108 156
902 743
929 1106
1181 944
2081 1981
2514 418
983 259
2003 925
2412 179
2413 1987
249 260
353 2074
857 1474
1150 812
1214 1763
1798 978
1907 2204
2049 1963
2318 318
435 176
941 330
1671 2109
2583 2200
85 1096
799 689
833 1634
1575 1272
236 1311
481 428
1297 1858
2337 1096
2484 2132
1073 590
1532 72
2414 1622
2442 404
1252 2021
1566 1209
1624 1693
1706 1761
77 1693
329 164
759 1908
1171 1320
1260 26
1577 72
100 1850
2503 2218
418 1089
2492 538
22 32
25 922
848 470
1665 1483
871 722
1031 895
2543 1876
387 242
496 521
2052 2261
2129 1430
2552 256
84 1534
1659 917
2410 1988
2474 2132
409 858
1388 165
1407 1268
1766 127
1793 1346
2254 923
2424 418
918 1106
978 149
32 96
1287 1170
1383 2269
1755 1632
2136 1533
2146 1168
2415 2271
80 1028
571 344
1072 2062
1942 1339
2026 2185
327 461
558 1065
750 263
906 474
24 72
511 905
1357 1332
1612 86
116 1915
1019 508
2263 2059
2404 2074
384 1915
1226 3
1447 1124
2062 1979
2291 110
2633 2126
371 325
782 282
947 101
1017 548
1331 14
1394 2118
2205 2064
2282 507
2461 2135
373 1691
1162 86
1561 201
2023 2063
2247 923
2516 269
2459 2276
131 1761
296 32
913 1116
1141 680
1227 1245
1653 1693
1729 1616
2034 1073
1043 2048
1173 1793
2385 642
64 19
1086 1583
1928 1744
1931 2147
2439 403
2595 2117
1095 1336
1499 1294
31 2058
1777 253
1802 1725
2057 1091
2551 310
43 76
843 885
917 1536
2016 115
2191 66
730 2025
654 1188
1049 819
1104 1756
1981 226
847 520
1955 66
2008 1649
2525 2130
99 1861
1222 1440
1440 106
1491 995
2241 1104
2277 91
614 544
684 2191
860 957
315 1228
749 604
1035 1821
1138 873
1728 1636
2219 554
2322 746
275 1096
993 2261
1505 220
2569 1414
1463 334
2348 593
223 1683
1055 850
1126 736
1216 1832
1417 228
174 2282
225 1087
884 2250
1971 805
2135 1108
2303 702
2392 1856
837 689
1063 699
1932 1828
344 625
522 2095
1274 992
2217 2060
2520 1106
2553 1624
2117 1047
2592 2202
651 2229
2586 1689
122 2062
2038 1308
2486 2196
791 688
1410 2118
1580 1644
2079 1739
2226 137
2476 1034
86 1693
849 282
1817 1707
1393 1483
999 620
2325 2231
2593 1127
177 2126
679 2172
2342 465
2374 315
603 1483
2462 404
1484 71
1829 707
2221 66
68 87
474 1714
1481 1671
1900 1451
23 2065
71 1355
546 1045
1244 1106
1883 150
1974 1345
47 1818
587 1536
696 2210
946 792
2589 1337
256 2056
1360 1328
1623 593
13 1460
1810 48
1443 898
217 1692
1231 603
1284 1240
2021 2052
1304 1664
399 2106
472 209
507 470
569 220
1989 626
2315 1833
306 1300
1664 149
3 87
366 1955
1479 1568
33 189
147 103
1376 1070
1862 42
205 1624
312 188
375 251
1515 1313
450 1715
1152 127
1121 88
1140 901
2077 2221
2270 1650
362 2040
1048 699
1418 2255
2331 1332
1330 1739
26 103
1549 1510
2634 1870
470 635
2576 366
2624 1624
554 1469
1290 1927
1553 1538
1305 228
1616 1577
413 2282
1732 1725
178 483
1324 440
504 596
1521 1268
1522 1268
1983 1792
640 1510
1042 890
1109 256
1384 2269
303 1789
459 217
219 1741
1370 1303
1474 922
2422 2244
332 1634
789 1878
896 2249
159 2121
1351 1583
2306 1649
2177 1699
166 930
514 432
731 235
839 1086
1349 2000
1724 1031
1963 1668
2114 1927
2194 1030
1307 766
2602 466
120 2007
772 953
2256 1335
127 1346
322 179
354 240
1386 1239
1700 2016
145 1695
477 2192
783 2279
1610 1865
2262 168
404 898
680 1446
1378 1346
2307 2202
124 1238
1727 1761
2401 179
844 699
1302 1092
1926 2183
2327 897
634 834
1409 1557
1815 1856
2488 433
148 515
777 1706
461 2024
1832 589
868 2056
1062 1164
1945 2031
2025 1907
2101 179
2118 1754
534 1955
1518 878
319 246
1592 1693
1541 2106
2425 2276
2490 1984
372 2190
1337 2106
695 1296
1184 1326
1885 2242
2477 438
210 252
1905 1571
355 2100
630 1510
1236 1133
2636 2276
770 256
982 1577
1253 787
1280 599
1762 145
2328 1887
1007 878
1029 1135
1320 1521
1466 1424
2043 1073
30 1391
46 747
444 245
1572 244
2560 1855
105 1772
286 1507
1526 1239
10 58
121 43
397 413
900 1119
1460 241
548 357
1195 143
2581 1268
655 2091
668 1064
1986 264
367 1874
482 1068
698 1670
1025 1523
1081 2210
1163 200
1319 1756
2225 799
1044 1244
2033 13
216 778
727 580
1067 2155
1571 1288
2603 1337
1717 1775
2352 1930
2430 1680
2523 2131
2561 1287
137 148
1424 1539
1646 1535
501 1285
1649 1763
1924 1760
229 1207
1494 86
2641 2276
2029 265
2080 1096
2332 1853
1176 1857
2271 1132
2483 2244
762 276
991 592
1392 1328
1765 1725
2037 805
110 1123
1585 1423
1650 1377
1462 306
2179 1994
608 466
1075 1869
63 1673
635 2097
1361 1303
2274 922
15 1864
451 182
1620 1305
1711 1627
2056 1967
2566 1287
778 596
1332 2156
2246 1713
2321 85
2512 1328
2545 1911
9 702
185 1837
1598 901
1267 2059
1564 2175
2239 1751
235 2062
446 837
933 781
62 1086
893 432
59 124
211 1292
389 1521
567 783
1157 1771
1632 1398
1678 1326
1563 201
925 1091
1725 1918
1976 717
183 812
1353 172
1903 1877
2557 1777
2616 1874
310 1053
1398 172
2324 87
875 468
2376 2029
2420 1271
1420 2118
1262 1572
2091 1716
267 1739
1772 1535
1843 40
2233 1919
2563 1689
2642 1599
260 265
1057 1782
1248 2280
1497 1541
2251 1678
2409 1012
308 1948
1130 1539
1603 2196
835 104
1373 2118
1490 1399
2575 2202
227 81
1041 781
1340 1723
1412 1500
1899 1080
2388 623
1132 1854
2223 2019
106 146
436 406
1046 786
1309 261
1865 1289
2515 1911
508 2179
823 1119
1423 1650
1454 440
1533 1952
2405 208
8 1714
1458 1437
1570 1398
1609 794
2317 1892
1573 1570
1542 301
341 214
268 2205
622 2147
1110 2196
2349 344
1984 1691
2594 2226
2620 2178
1006 501
1540 1877
2364 247
285 1283
402 581
990 263
623 1937
649 2228
1565 1208
323 1009
937 104
1011 1267
1375 1205
1382 857
2501 2279
1743 1606
2044 1067
781 1483
1576 1327
653 1764
1272 1155
2242 290
2568 1337
2524 1384
1387 1935
1602 2062
2210 1804
175 76
333 603
535 527
2443 1279
1613 1377
462 344
359 1797
1560 335
1658 334
2148 1960
221 2189
1726 760
1600 1829
2266 1452
2609 1574
290 1308
442 175
2300 1683
197 2126
697 258
1191 661
2559 518
485 2089
123 2282
1237 2198
1433 334
1713 1653
2281 2019
2100 1108
2357 1819
744 1980
1709 305
2548 518
1997 1182
723 2252
2599 1337
209 418
894 940
1506 1815
2105 2144
1391 2269
2039 1962
158 12
2141 343
112 128
50 87
168 1276
1180 1872
1657 1437
812 1644
1397 1790
1827 322
102 171
1473 1611
1334 1771
2189 760
2363 1804
2629 2202
140 1763
155 48
2050 1958
2010 123
2621 2195
1929 1661
79 68
1056 347
1444 1568
1493 1091
1761 1627
1188 2007
202 2192
239 1725
1432 2118
1861 1991
170 746
192 1379
1400 666
1422 1240
1684 2174
432 1467
154 155
1704 39
142 99
1196 233
1348 306
2411 503
2164 325
2502 2218
771 555
1255 729
2345 261
1350 1155
1446 1539
846 156
136 1797
368 947
1434 1239
1523 1483
453 857
1172 3
2030 251
2359 611
176 166
321 1874
1315 1097
1606 1229
200 1950
1203 836
1273 208
1789 89
304 247
1124 1539
2123 1800
523 1926
2508 1979
1587 1855
1730 1896
1754 1429
60 2102
70 136
1425 1113
2083 2153
928 1559
1101 468
1961 1833
1562 2175
1898 936
899 1748
606 1707
2601 1268
562 432
1301 1500
1365 1542
1502 1398
1088 1678
78 1534
179 282
357 2126
726 244
1615 1578
1282 1698
2334 1858
2608 1872
1093 2065
115 91
1599 1398
1395 2120
1547 817
1806 1761
1949 282
876 1179
2272 2184
117 1884
1243 14
1507 2109
1882 1155
1938 2026
1094 2007
53 2282
867 646
1421 1595
118 1842
979 344
784 83
1411 1849
114 1461
938 475
2245 630
1118 1979
1299 440
2267 123
2572 2132
401 2135
51 1087
343 1352
763 1122
1125 1244
1239 604
2598 906
2640 11
72 2214
1363 2106
2564 1119
1445 681
129 1371
2048 551
1381 1842
1525 2175
6 1684
914 2029
2279 1693
1459 1884
1595 1493
2549 897
377 420
1183 1579
593 1877
836 1415
16 440
1759 325
814 1924
1715 80
1869 551
335 246
66 1479
262 43
1352 1057
1531 428
2372 1602
104 1228
915 147
40 42
2427 2269
1558 1405
258 1230
2198 1345
1652 372
1702 474
195 1483
1703 901
29 2187
1550 201
1749 1645
1953 905
2014 1274
265 648
1254 2180
41 1030
1498 2187
1548 800
1574 214
1614 1384
1824 1366
2113 1030
605 344
198 1239
2268 1452
1385 306
381 1069
1627 1295
1685 593
1747 2276
1166 521
83 1077
277 253
1554 534
37 659
1841 437
111 753
1839 1485
1551 2120
1682 1433
1982 2103
2104 1980
1317 1715
2286 1988
2294 1773
674 1616
55 215
1142 1326
2089 2227
1014 1566
1242 215
1339 1155
1519 1400
1329 2201
1103 897
1313 2120
1439 1683
36 272
1927 1495
2588 2226
88 63
1212 1911
187 887
1431 353
1164 593
1245 2137
186 1180
1037 1566
1364 315
2292 2237
2293 2246
2565 961
180 1542
1225 1579
1967 1391
69 2035
240 1559
337 1425
2005 188
2092 706
713 357
866 193
1300 1393
52 215
1543 1723
2128 603
1080 1951
1326 1542
139 745
2406 1531
1065 762
1135 1539
152 1259
1873 1725
1621 1305
2150 1595
352 321
2045 2089
2312 1643
27 1747
125 1613
1286 1780
1667 1158
1746 1527
1390 303
1840 925
2032 2268
2360 433
2579 1905
150 800
1396 898
1820 671
2344 2133
2004 2016
2319 1842
2451 2224
2615 224
2637 1450
2238 2100
2339 765
67 69
1127 1579
1314 1233
2093 2041
119 1555
215 430
1306 1755
2362 963
191 1078
2031 1574
2389 2204
502 2256
1220 875
1597 1423
510 258
2111 2035
2614 1902
639 1605
1980 1815
1219 94
38 2232
143 2277
1697 1398
2243 284
2628 11
667 2147
1964 2078
2370 593
1991 1112
1098 1533
2384 274
2573 1872
56 1345
1718 2282
2046 1437
2028 265
1020 533
57 411
2103 2236
2024 904
1449 965
1745 1818
1808 1435
2095 1389
2097 1349
1430 1768
2013 2233
2638 1367
58 1534
1635 206
2276 1612
326 1423
1372 306
1901 1686
101 1766
44 2031
75 2099
1875 1111
93 2187
201 1280
1911 6
1489 1376
330 2002
231 1097
2076 1467
2178 1032
2009 226
475 187
204 1789
1208 256
135 210
234 1197
2361 2202
128 1272
1641 1643
189 1222
1944 1454
295 942
2530 1226
162 433
156 1357
113 1475
271 181
1441 1748
1692 189
2630 241
134 1428
1193 565
4 208
1406 334
1503 843
1633 2279
54 540
1767 1575
1690 1398
2124 1365
1405 353
2216 2133
1758 767
1857 1575
1651 39
1790 1002
1174 40
1389 1725
2591 1394
1079 393
1567 1315
1538 1909
2622 1382
1786 937
1114 1314
317 500
1504 1600
144 1020
92 1140
1229 179
559 720
897 1579
5 99
2259 2126
2584 1367
149 2080
2130 808
98 2207
2088 1539
2153 1110
203 2184
164 344
1366 1049
151 547
1194 647
745 1966
1100 1777
2619 1902
1198 1366
1341 2034
1374 440
130 1274
208 1050
358 1744
1792 1605
1480 2254
898 694
2625 1367
1636 56
1356 730
141 1777
1714 2099
132 432
2623 906
107 6
181 2279
212 900
1161 2127
1691 1433
1590 1689
746 754
2612 344
1451 814
2635 1128
1914 1631
1465 1773
153 1359
35 1616
1108 1818
248 604
410 2052
2597 246
65 1511
213 1311
1807 100
1960 189
1838 1785
42 1485
378 2127
491 2137
347 331
379 1821
138 2077
2265 1272
1975 1029
298 607
2437 698
2611 2273
161 1575
12 98
188 1687
2161 1809
380 2137
2190 2195
95 1159
160 1552
2264 1296
48 143
171 941
2639 740
2273 31
173 889
1218 1542
445 1771
172 1581
1870 186
169 1723
283 1682
