img11c2.jpg img23c3.jpg
991 105
910 144
808 51
1553 921
2085 841
971 105
2240 754
2355 518
435 177
2097 841
2191 921
2262 754
2175 841
700 86
920 62
949 144
801 112
1739 791
2169 841
1018 144
2426 892
769 983
1987 841
736 161
1006 217
1425 774
1838 995
2145 841
671 913
2238 754
922 129
1428 774
874 718
1808 789
958 51
841 1019
2113 754
1017 105
2306 818
1051 388
2342 791
1158 144
2129 754
665 1019
778 112
1164 841
930 964
1822 365
2069 754
959 112
2071 1020
1050 105
913 313
1767 313
938 170
2178 921
1048 126
1197 552
941 86
339 388
1333 439
1804 820
1039 217
1135 158
1024 108
939 112
880 170
882 119
2105 841
1025 112
584 1019
1340 407
1497 912
749 112
2233 754
719 695
828 96
725 1019
895 112
2200 64
894 117
375 258
1604 165
1870 364
2056 754
1665 1190
962 119
1156 86
1097 158
2292 754
2157 921
750 51
827 117
1040 112
1393 789
1065 132
767 129
872 718
1140 217
2252 841
579 1162
1568 432
2095 754
799 649
2053 776
2357 841
730 695
608 1019
1964 841
387 439
1005 117
710 1019
845 546
2224 841
925 760
1389 487
574 983
1263 105
851 97
1549 927
1233 1025
857 313
1245 144
846 62
866 129
931 649
1297 774
1141 86
2144 935
1007 112
810 62
919 170
914 313
596 1162
1674 1080
759 1019
2074 927
1883 718
2211 1085
1471 101
2312 841
702 929
809 546
2363 1162
720 112
1980 785
722 224
718 695
1842 760
1086 193
766 112
1732 1109
1072 170
972 365
1175 144
366 224
2080 1080
2079 818
1813 791
456 1162
1064 105
1613 310
1894 261
2201 45
497 1162
777 117
823 313
1768 313
1421 593
680 1019
741 313
765 695
863 112
1519 21
1706 765
2352 985
1336 165
1971 841
2380 998
687 51
969 718
1753 765
2378 1145
2459 51
748 170
760 1019
1420 504
2050 1146
2379 300
554 1162
563 1162
936 313
469 1162
948 132
1136 268
1165 112
783 111
692 304
1417 504
1440 789
1034 132
1196 439
1284 296
1794 26
1361 981
2089 754
915 313
191 802
511 1162
1119 1106
814 119
978 313
2245 754
681 313
862 62
1456 472
1094 105
1315 279
688 698
1254 105
1970 1179
2256 388
2369 534
2077 979
1192 144
1831 789
1003 313
1273 288
2340 995
1597 224
1848 1109
1019 135
1031 130
2400 1154
742 313
881 86
794 313
1304 296
2439 1192
840 1019
1042 1046
782 1176
2199 754
330 234
751 85
355 224
711 1019
1373 836
2334 996
732 952
1030 94
1145 126
2179 927
657 698
981 170
1112 365
398 258
627 75
1062 97
795 1019
1009 616
1199 129
1131 675
1289 439
2188 476
1669 849
1401 313
242 983
802 86
1323 829
1743 849
2005 841
682 1019
1069 193
870 149
1023 117
1882 844
199 304
2194 935
352 829
1288 132
620 1019
1796 765
2126 927
721 578
733 86
1508 239
1132 365
1343 820
2373 534
907 97
1052 665
1606 818
1402 313
1394 791
1810 469
1180 235
1351 1173
1525 26
600 1019
821 1019
731 698
935 313
1331 1148
1231 132
1376 101
1647 472
1833 166
2151 158
325 820
1383 631
779 86
1217 592
1060 665
816 89
1399 827
1922 170
1259 64
1061 126
234 854
2329 986
1272 288
1429 985
2093 754
1462 955
1036 209
800 695
1124 1038
1104 129
1629 1009
2351 1107
813 1176
839 1019
646 313
1083 144
1085 439
1929 26
1934 567
876 313
1239 723
526 1167
1943 820
780 698
1146 136
1184 841
1410 313
1311 1063
2125 26
2279 367
2455 972
1206 1067
583 313
1556 722
368 275
1010 89
1300 407
2364 839
1134 6
2452 1158
1279 132
946 136
1930 65
2305 527
1819 373
908 3
1079 126
90 188
516 1162
641 1190
1008 1176
1129 97
506 73
533 1162
1294 149
2060 1014
409 1155
1661 793
136 416
822 313
1160 492
928 132
1302 288
575 806
699 96
1142 119
768 164
107 848
633 1041
2447 986
176 954
934 313
1186 1046
2176 946
773 1019
885 126
1657 793
1951 820
2147 806
2375 300
933 1019
609 1019
1923 165
1234 1129
51 186
956 1019
1619 158
1821 1113
1454 1109
2385 899
784 119
1015 126
1825 64
1977 869
683 313
1226 129
1411 791
154 820
1177 1063
1067 1125
1292 231
1390 810
430 30
1317 1063
1521 854
811 698
877 313
1055 119
873 138
1001 1019
1265 967
1496 26
1531 1129
1167 129
1850 105
2061 1146
1092 118
1437 511
2440 1180
2115 432
1861 310
793 313
1786 415
2101 410
1000 321
1016 97
1269 993
2264 64
2399 1085
1207 1066
1735 219
65 231
445 8
2073 260
490 1013
1322 1129
2268 1155
524 883
585 1019
2432 1154
1817 415
1869 1111
1358 122
397 177
581 982
989 642
1854 1117
1212 129
2219 765
886 130
2195 268
2328 985
312 725
2110 806
833 665
1862 995
2142 454
674 1037
1013 665
1298 592
666 1019
1630 820
2044 208
2376 260
2409 1120
1526 1150
528 1179
1190 503
1546 818
2189 765
2393 768
144 219
1056 119
1309 432
1805 818
698 117
411 295
1179 388
1267 666
1409 1019
2320 268
1091 127
1445 313
465 250
906 718
1364 465
1038 117
57 840
871 127
1319 1057
1673 826
1944 836
219 848
897 86
2225 892
70 188
684 1024
1414 1100
1443 116
2237 1080
1347 872
912 64
926 479
87 219
541 1162
1400 365
2165 158
2383 820
1308 432
2324 839
227 966
2406 633
1820 1098
2229 860
1621 373
1255 1056
1403 313
2106 1165
558 144
705 836
1350 168
1841 585
2167 21
598 1006
1463 373
83 247
1032 149
2461 866
679 116
1117 1051
1243 138
1512 713
2168 1076
979 1019
2108 1051
817 133
236 785
694 1019
2370 265
2412 963
996 849
1567 410
2154 806
2457 993
569 234
994 242
1516 432
824 313
879 472
1458 53
1507 1083
561 616
734 1176
48 416
905 665
993 166
1378 433
1598 35
1675 765
967 666
1089 117
1387 370
889 116
1210 1176
1468 966
1731 1113
604 847
927 138
1201 136
1281 288
1815 820
1958 901
542 982
631 1019
1076 918
84 283
632 1019
807 313
1081 642
1125 129
1509 1132
1626 806
752 85
1266 1184
1303 296
1384 487
1809 13
1408 33
2122 1170
2336 996
480 42
1757 1190
644 1019
2326 986
161 365
201 209
1157 130
2333 615
2386 966
1708 765
1978 1068
1041 85
1582 820
602 99
1283 252
2062 988
210 158
775 1179
2265 820
1847 1113
160 373
498 1162
852 760
2002 725
804 462
1252 138
2051 338
787 168
1209 60
139 260
183 861
977 313
1459 313
477 1159
704 416
995 209
1617 209
2197 158
195 765
1232 265
418 1162
1198 1096
1296 839
1623 806
545 234
1423 1090
1686 820
1828 827
2269 1173
444 3
1029 127
1397 1052
1719 1001
1939 983
2341 995
1295 852
1926 45
2107 806
385 567
757 657
1251 136
843 1195
173 800
2278 1009
662 313
921 663
1116 1066
1595 250
1633 415
1725 788
2274 1173
2291 445
884 665
1020 135
2187 765
2309 991
858 313
703 1002
1352 304
1382 844
1766 313
658 276
965 125
2155 806
388 965
1110 365
1391 913
1736 167
2209 841
1004 313
1535 1106
508 201
1447 101
22 250
826 719
1149 365
562 561
637 818
2228 127
2436 526
621 1019
864 1176
476 112
544 65
629 416
676 1157
891 313
1014 665
1515 209
2339 802
1204 592
1342 160
747 1018
990 138
1114 135
1118 1051
1122 167
2322 144
2401 887
149 872
408 1084
1575 201
1758 1019
1128 718
1844 995
1806 166
2109 471
1952 823
2296 615
403 418
453 12
552 321
496 913
859 313
2164 165
2335 1113
202 1085
470 38
1228 136
2162 806
1095 135
1166 636
78 765
1460 101
1502 775
1398 92
2127 946
1634 765
1744 219
1105 918
1559 841
1155 841
1241 503
1931 65
2280 834
54 321
99 765
481 409
963 119
1214 136
1219 1023
1801 169
2303 1085
2365 424
1057 111
2273 754
890 1019
1945 167
1466 101
2285 31
550 117
1518 432
1917 791
2132 410
1102 931
1966 415
2121 993
2257 635
165 785
1163 1086
1444 53
943 111
2057 1014
803 85
951 416
1334 776
1386 373
1881 979
1937 1009
2153 808
1388 487
1860 1001
1872 65
645 1019
615 509
848 119
1500 432
2120 993
2235 260
663 313
1077 886
1171 136
1442 858
2166 808
586 313
1748 425
1763 66
104 827
916 313
111 209
1037 697
1215 97
610 313
1074 1096
1257 201
1855 791
2196 1148
1751 1113
2345 839
520 1179
1028 133
1569 1106
2156 904
592 313
1576 205
130 209
500 982
595 856
1335 400
1375 985
2102 69
2302 26
2381 993
560 92
1646 167
2384 899
172 715
1981 370
433 504
1446 101
36 840
178 1023
756 827
1058 103
2146 806
1080 127
1589 765
2361 1130
1307 1055
1418 130
2316 65
2441 1167
1240 66
1359 750
1406 101
1542 1009
1797 591
2331 219
170 856
599 1019
653 47
1472 101
2067 165
2111 1099
1385 847
1979 370
189 416
1455 101
947 138
1249 1046
2058 1146
454 796
587 1041
1369 873
668 1126
1047 127
909 97
1191 138
254 1184
655 39
1306 827
923 74
1152 571
1330 302
406 416
588 1041
1691 167
1925 808
329 177
295 1009
573 988
356 170
1316 476
1480 995
1176 123
932 116
1276 136
1588 1017
534 1167
964 1046
701 578
1274 810
1655 958
672 177
1033 130
1256 409
1728 820
2087 1154
744 313
1377 598
1435 738
1950 903
145 260
667 313
713 712
899 111
763 1024
2133 1150
1293 253
571 890
2149 806
2263 749
293 438
391 234
812 60
1242 138
1577 310
2205 776
1430 844
798 731
1027 129
888 313
1405 169
1756 219
163 657
576 13
709 1181
735 700
1724 219
2382 1150
622 47
1011 78
1106 886
1514 1106
1903 985
2372 709
624 47
892 1125
2460 472
619 92
988 127
1412 826
192 357
847 85
623 1019
887 182
1616 338
1624 806
1628 1171
2119 806
2181 885
2259 1165
1416 593
1659 839
911 500
1026 119
1088 129
384 21
1651 826
365 849
467 1026
2161 806
2258 432
903 125
1800 818
2049 1014
829 1176
1090 129
724 635
806 105
860 1126
1360 209
28 954
968 150
1640 128
1671 315
73 186
488 13
612 1192
1349 1129
1682 67
675 1040
1329 521
407 965
832 103
1044 133
2287 1113
278 432
320 147
565 13
1544 4
200 866
853 945
1793 1184
67 393
436 806
652 1006
1404 313
1782 167
2170 432
2182 908
179 715
1436 738
1746 167
40 765
1858 1046
32 65
184 1154
1049 130
830 103
1291 239
226 937
664 313
869 133
2203 365
690 471
849 129
1448 116
427 64
282 1154
353 1005
985 834
1818 820
2377 998
108 657
121 733
1107 125
1320 1179
1439 261
1880 1048
1884 55
1168 961
1890 1136
607 1019
723 478
2414 35
259 763
224 943
369 1105
758 1052
961 119
1625 208
1879 1145
238 554
1075 813
2356 415
220 209
893 1024
1668 820
726 1190
1200 1184
1913 53
1676 739
2438 592
549 1006
26 416
2230 776
781 1176
258 788
2017 469
2059 1146
2423 164
59 365
264 725
636 471
686 300
774 313
1522 1051
1573 872
1700 504
2118 993
2419 561
207 715
625 1019
1422 504
1637 295
1692 166
1054 99
1660 465
1905 846
20 1173
1144 125
902 125
1718 986
1802 954
117 219
167 415
640 11
1348 133
1511 415
1760 1019
875 24
1202 97
2353 838
16 1120
1338 202
1379 786
2242 400
383 945
1587 904
1785 1001
1812 167
2123 410
984 111
1195 992
2311 167
151 370
601 1040
1419 101
1990 486
241 1001
567 92
1683 128
6 676
8 953
618 6
1290 806
1603 134
2136 663
2117 589
2159 806
324 410
1641 370
1727 842
2192 927
2402 1106
256 749
1909 1052
1524 1164
1762 66
2070 869
2261 589
2313 479
181 1039
2458 882
364 1173
865 1193
1216 130
2183 818
487 11
611 313
1737 924
1787 765
2137 502
162 697
1580 1129
2078 824
2404 200
708 1123
204 415
340 234
1093 1047
1151 265
1703 219
2413 1022
1172 97
1679 283
1963 65
2308 1045
1473 1090
2148 899
1247 858
546 597
2443 1167
2425 820
970 1078
1648 456
1949 1173
2075 734
55 522
1126 438
1517 343
1645 205
796 39
1915 205
314 438
738 282
555 6
785 765
1396 116
1627 820
1947 65
280 192
1223 1035
1974 167
2408 785
58 166
1413 512
357 1132
1046 491
1474 167
229 365
791 634
842 1163
1649 205
2350 370
2449 1189
492 36
820 966
867 765
997 558
1073 464
1644 806
2202 838
2360 158
1424 261
1866 1113
2327 768
47 776
159 558
232 416
512 1167
844 682
2301 1066
75 820
215 964
503 57
727 120
762 1058
1354 143
1687 838
1829 60
318 227
856 116
1643 788
1811 1026
196 864
594 109
1714 1184
157 209
1120 365
1520 143
1989 1051
2358 1134
484 509
505 1152
1188 74
2160 806
2298 415
1631 890
2046 1063
109 943
194 769
901 1184
1258 934
1607 415
249 820
540 96
952 754
1470 1019
743 313
831 1046
1280 1126
1814 13
1983 1157
2318 167
2347 843
309 591
786 1046
1063 445
1346 904
2010 904
754 168
2416 193
1494 731
1914 271
2371 1058
597 988
1084 286
1108 97
1537 168
261 836
373 965
712 205
1599 35
1614 205
1895 365
2006 1129
2239 773
1946 1019
1957 310
2204 158
580 911
1277 138
2040 338
1465 53
1788 1173
62 532
1339 337
1543 31
2177 64
2323 615
568 888
1002 313
1111 1052
1670 839
1886 1104
1395 944
797 1195
1139 472
2232 1090
673 219
1161 1034
225 843
643 92
651 977
2448 1179
639 1158
689 578
1710 769
1967 42
1705 793
805 856
1356 139
1791 219
883 1184
1450 171
213 531
464 209
530 224
2349 167
457 722
1407 159
1995 139
1583 787
2116 806
2251 576
527 982
900 1046
2299 758
2300 859
367 304
850 1184
1803 1177
2163 806
819 146
2150 165
1994 806
69 800
216 734
451 1049
1601 597
2456 326
1133 1056
2389 922
792 844
2241 747
1185 469
1229 150
1327 1148
1688 1034
1780 410
2276 142
177 219
296 541
346 618
164 1063
1898 682
1600 839
2374 648
243 188
1159 424
1615 1156
1878 1086
1268 150
1711 731
153 73
297 1127
1170 1046
1183 1107
537 833
1469 193
2216 356
1068 1148
1368 900
1779 350
2134 1066
3 848
265 598
248 1083
753 240
1362 489
306 715
372 966
390 250
693 1184
1053 983
1650 1101
878 838
134 836
660 133
1632 839
614 864
1305 1052
140 1023
1859 219
1752 65
221 836
1337 329
1864 839
1733 765
628 90
1702 907
1771 167
137 1068
539 8
1510 903
1916 710
2096 1187
127 856
1792 1001
2158 501
1982 1029
2435 713
416 965
466 409
815 1046
1697 1184
2171 1173
2186 1080
1332 190
1891 1028
789 266
1550 579
1933 64
2450 992
14 386
235 859
1611 820
1765 370
836 1046
716 1024
1642 806
2294 896
1059 1046
1098 259
281 821
578 36
76 1171
230 579
294 295
973 394
1153 759
1885 1122
1996 1011
2243 890
1635 839
1684 839
1827 65
94 849
992 1012
1357 812
2248 846
2290 35
2321 1052
317 859
421 754
1324 363
1489 873
1773 839
1530 165
79 266
302 840
343 363
577 36
1070 716
1415 911
1726 848
307 849
746 1191
1082 138
1434 1098
1678 986
1539 486
1707 381
175 219
904 133
706 982
2048 1014
942 66
1103 250
1370 560
1747 1001
2304 1045
198 800
1563 839
1570 824
1663 370
728 345
818 133
1123 461
1658 1001
1887 116
556 458
1187 438
2047 1014
1071 1005
257 531
1043 128
1837 986
38 1038
244 750
1685 858
2081 450
319 250
630 1117
68 509
74 763
128 865
209 715
1087 1181
1798 1173
1865 131
2033 1095
1138 545
438 1021
499 13
953 219
1536 856
790 856
1533 167
2180 667
245 856
336 310
448 73
566 208
1636 336
1487 838
1769 313
1938 723
2152 966
1100 471
1554 657
1 729
1874 997
2072 816
156 1158
589 128
2098 385
1991 806
61 785
557 56
1581 776
1826 413
548 11
1310 1187
285 1171
463 24
1709 307
53 554
1137 893
1942 839
218 709
288 1174
2446 1034
426 1184
1150 527
1677 381
955 1019
113 438
222 962
311 416
838 313
944 1046
2346 1045
482 1123
2391 2
535 890
2173 487
253 749
986 727
2286 980
1875 955
417 1106
745 1019
564 11
501 219
1367 489
1477 313
1889 433
2099 1106
2325 859
271 803
1965 209
2244 1043
1877 856
2437 279
1639 723
1652 839
197 250
300 725
1109 990
1479 788
2289 66
143 690
1365 465
1478 365
1789 130
2143 1127
39 907
1143 438
2444 798
1873 300
148 209
290 432
1127 886
1759 773
582 236
1742 986
1907 740
56 641
2019 888
1286 158
2295 264
208 307
345 1045
374 1164
551 995
1147 138
1484 409
7 1135
321 606
335 111
376 57
1845 1178
2267 1065
737 160
1985 357
1622 806
2348 861
228 183
518 990
761 345
1235 922
2317 1045
31 195
382 607
252 1077
975 715
1591 848
1261 886
1715 1136
1313 693
459 101
410 971
898 663
2227 791
333 839
739 265
1220 1012
1227 827
1888 433
1911 860
2091 705
647 1024
707 1117
1380 310
1609 849
1113 286
1902 110
2011 1007
2403 1177
2451 300
634 44
650 820
1246 1188
1371 628
1586 416
1754 615
29 870
489 13
1213 74
2214 750
308 128
424 1047
536 882
1464 118
60 747
168 425
205 554
1271 903
1734 373
1772 839
1918 958
2212 35
1908 540
1174 1181
66 365
1672 868
2218 859
635 61
1441 1080
2424 1083
138 20
1997 888
1162 269
1476 219
18 534
1427 310
2418 945
1451 320
1741 839
1843 1105
185 1170
441 307
987 1046
1148 445
1285 343
1698 834
272 822
1608 451
214 363
274 370
570 852
2288 942
2084 996
2368 565
1830 559
131 763
669 565
638 260
1620 839
2193 935
2388 1107
27 259
206 202
1503 1023
1275 127
425 786
1211 266
313 394
1432 535
1562 846
358 959
419 39
1690 1001
2001 887
97 310
538 1158
1532 583
35 954
223 1184
2359 536
11 834
1975 155
504 540
1282 253
2082 710
326 1105
289 895
1538 432
1720 788
380 648
1099 209
1777 169
267 415
485 669
834 1080
2141 409
10 250
279 612
420 425
1992 806
2223 605
246 209
1328 776
1799 1012
1921 7
114 179
1654 307
400 738
755 219
1260 1078
1717 839
2338 416
146 916
447 845
937 1085
1745 937
1993 1050
240 66
1986 808
301 250
1482 697
46 704
52 1026
460 809
1954 205
2226 1171
152 777
379 606
960 750
1262 579
1856 1065
2422 1107
1948 744
2410 777
1485 1012
2041 13
2114 633
980 1160
1704 790
303 1066
347 53
1590 534
606 372
1527 1084
237 393
486 10
2270 1082
147 820
341 1052
966 133
64 239
1849 821
517 893
1321 627
1730 839
999 127
1096 123
30 232
124 260
1035 237
1961 53
24 158
34 131
648 1142
695 292
77 425
837 808
1189 886
1230 25
1680 706
2407 12
1426 820
1897 1126
2397 1026
187 1088
332 615
642 1130
1021 219
2254 945
696 82
697 838
1721 783
2231 789
514 1047
2009 904
855 1090
1022 740
1169 74
1839 438
1612 409
41 876
434 887
715 510
327 460
450 346
605 848
945 125
2029 972
102 179
186 393
1807 767
1857 214
772 55
1667 259
2210 447
1101 254
1318 233
1729 34
17 728
377 559
2217 513
2411 232
188 709
217 209
1574 923
468 53
349 909
626 1125
1610 1156
2135 486
269 833
1716 937
1910 717
442 216
169 856
334 643
25 95
129 346
270 1134
1959 575
33 1129
428 286
1962 1034
141 977
495 965
1561 199
85 661
360 1039
446 886
678 1053
1301 607
1919 1141
2415 821
101 665
292 853
491 791
381 965
776 1162
1205 381
1486 719
1534 1170
1896 1061
2366 286
42 394
2284 27
115 254
1341 836
1956 917
957 1001
1681 582
2307 893
1973 951
1552 887
247 370
2124 951
1740 1105
2271 898
2337 452
315 394
1927 810
125 203
2000 406
2283 1127
1208 932
1392 1090
2007 806
691 895
1449 493
531 977
1066 665
260 250
659 763
1173 72
1224 143
1270 583
1701 70
661 1179
954 720
2344 665
868 133
1560 386
142 283
1278 68
1078 902
1203 72
1653 986
1492 775
1596 409
1372 786
43 259
1764 710
559 1009
2128 768
2172 837
1722 555
116 438
211 1106
1689 530
2131 890
2184 647
2246 28
714 510
950 182
2092 60
354 216
507 1062
1823 1089
386 438
1778 366
1846 1108
2038 13
2130 965
1481 868
593 1188
1664 839
976 1072
338 965
553 721
2086 357
513 80
1618 1156
2031 174
2043 654
529 721
1154 1078
1366 984
45 309
1504 1164
1218 965
1248 886
2281 1046
1250 133
1381 364
2234 1047
118 1140
854 182
929 182
1836 182
1783 846
2208 819
483 53
532 511
405 540
1541 647
1941 1060
2272 357
616 709
1853 476
1920 1098
1244 72
677 805
414 254
1130 58
1969 450
1551 917
1904 261
193 826
1287 903
2213 505
123 394
110 984
2431 793
91 78
135 1119
1548 896
1565 9
88 196
1121 69
1770 693
1045 133
1696 222
2277 916
1893 1179
1355 1174
1932 871
263 1168
389 928
940 100
1761 53
2083 1076
2100 789
1594 499
1699 127
2037 980
437 1063
2392 188
478 893
21 952
1529 861
1253 558
2094 369
1488 166
1784 838
287 82
519 1062
788 213
1326 1184
1438 945
2035 1063
2012 904
2206 766
1452 674
119 1157
1181 416
2367 370
2076 905
2112 71
494 416
861 345
0 142
1221 581
1222 68
740 225
1571 570
1723 976
378 1028
2039 121
422 533
2405 912
1656 547
649 90
1236 95
2253 106
5 309
1238 1089
415 290
547 511
1940 545
2030 626
458 72
1299 719
251 858
283 19
298 1108
1912 1184
1924 1173
122 1115
1749 148
2065 870
273 828
1012 127
1557 674
1662 200
982 464
1483 717
2220 137
323 1039
2427 945
1490 969
2027 972
825 1194
1264 220
1461 547
133 580
2185 782
266 937
543 146
350 1114
654 1024
924 133
304 949
423 383
1182 538
1593 133
2140 378
1605 965
2394 939
370 90
515 677
670 450
1193 1062
1225 937
2390 141
475 256
521 11
1513 926
150 453
171 857
590 293
974 1077
1501 861
2282 446
359 780
98 357
431 639
896 1104
12 1045
1237 329
106 196
392 336
399 802
472 816
276 1173
2275 802
71 228
764 836
1892 141
771 100
158 187
331 972
1115 971
1194 250
2 209
361 499
525 977
1344 912
1835 219
1953 35
2221 987
2016 1132
413 690
19 810
105 1032
1178 75
2042 416
231 1075
617 320
2247 1137
1775 785
729 604
2236 1029
344 822
1491 101
1955 629
2008 904
82 138
917 107
2020 906
2429 694
2198 1147
1863 559
404 971
1713 783
203 438
1968 140
81 713
291 225
1755 447
2174 739
2428 537
918 494
1374 663
2045 1063
2354 647
983 750
1433 326
2453 873
429 159
1602 854
1738 525
1998 502
2103 153
474 186
1790 496
1868 1173
440 93
1312 801
1999 904
1498 1145
402 268
1431 1035
2015 406
63 729
310 1130
1314 587
1363 11
1585 1066
4 337
371 1193
2090 897
132 256
362 693
1816 834
284 542
1928 1157
455 623
717 67
305 91
412 763
2063 391
190 952
522 731
233 584
1493 867
2421 656
13 966
1899 971
2420 910
998 363
1972 1130
15 490
2018 469
86 80
2330 942
2398 11
126 311
462 794
1906 658
72 225
212 877
2310 620
182 483
1325 492
23 974
316 533
2032 980
277 305
2454 1179
2433 133
1558 1104
1505 483
2024 1137
2088 1184
1852 530
1900 437
2023 563
49 814
510 1094
1840 95
685 107
591 888
2250 916
1695 696
80 596
523 928
2387 32
1774 965
439 856
1781 706
2297 1113
770 100
835 922
239 939
479 724
493 259
1584 264
328 203
452 601
275 690
1506 1156
95 723
1693 877
1666 807
2022 626
255 654
1867 592
268 504
432 969
1984 404
1523 409
2004 309
395 332
2026 1122
92 374
180 70
449 101
1457 559
1832 1116
1528 413
2066 911
2054 600
2434 856
1750 545
2014 278
2442 11
509 450
1638 489
2036 992
1592 990
2207 1014
100 908
1345 566
2266 1140
656 115
2028 399
2068 972
2138 1107
50 169
120 482
2445 848
1555 517
2293 283
103 174
2034 1063
2249 511
112 890
461 84
2255 191
2395 807
1545 857
1876 1026
603 115
2104 990
155 873
401 374
2021 916
473 90
37 82
2332 520
396 795
1976 309
1824 14
393 803
44 851
2343 803
1776 944
1566 513
572 1077
1712 781
2362 931
342 1052
1572 1048
1834 633
299 54
502 784
2315 568
93 442
1475 513
1935 34
1988 707
1871 562
1936 812
322 369
2430 562
2260 1158
2055 313
166 513
2003 707
2314 1064
262 1186
1499 795
2025 563
1547 576
471 1028
1453 181
2222 886
613 98
1795 1169
89 287
1467 357
2052 916
443 1156
1851 357
174 965
1901 905
1495 84
2417 974
286 623
250 786
1960 478
2139 446
348 807
1353 332
1579 774
9 14
2319 1121
337 583
2190 871
1564 613
1540 1167
2396 1160
96 726
2013 555
1694 1043
1578 567
351 428
2215 453
2064 600
363 264
394 570
