img19c2.jpg img21c3.jpg
1591 1628
2171 1628
2209 1311
1013 888
1036 888
1796 1454
880 889
1058 619
2143 1628
1999 1423
802 1290
2152 1595
2157 1600
961 795
985 762
1467 1237
965 718
2302 1435
733 846
2310 1452
370 365
764 846
841 846
916 1290
1596 1228
1853 1647
1031 888
1555 1596
1003 795
1644 1240
318 383
1022 846
1078 659
1847 1444
1582 1520
2181 1569
2132 1553
288 337
2313 1648
1568 1223
936 718
767 1520
930 795
1780 1473
1535 1228
1734 817
931 983
1941 1433
1581 1672
255 397
636 512
2131 1319
311 334
889 795
1512 74
246 537
845 718
434 365
1298 1119
1863 1454
1368 1181
975 795
2296 152
2109 1298
1823 1361
989 718
2156 1319
905 703
2151 1603
2285 152
1891 1181
2329 1714
274 325
251 1242
1005 904
865 508
2570 1090
2069 1544
2075 1586
266 334
1061 1020
1045 846
1992 1640
486 594
952 846
2176 1565
2200 1592
1060 312
1887 1361
1769 1632
958 514
1956 1476
1222 852
28 1503
756 718
1149 664
2001 144
2289 1445
1774 1473
1043 734
1534 1234
2195 1319
2311 1445
705 1451
1674 1243
403 337
556 70
1134 397
2386 827
441 498
818 889
2108 1578
978 717
819 1462
18 1242
325 595
953 912
956 832
1433 1078
1750 1454
2375 1714
2257 1640
1809 1645
921 913
1086 738
1324 1120
787 1451
597 1240
1997 1430
585 506
1876 1463
1070 373
1858 1447
2275 1650
1062 999
1470 353
1663 1626
1419 74
1017 775
2122 1578
331 1027
1738 1361
1854 1445
455 629
1720 1243
2280 1429
533 1670
2175 1579
909 693
14 1242
969 987
1039 846
1693 688
2186 1580
1648 1228
1030 846
1371 1112
1787 1254
1783 1361
405 608
320 355
1296 1452
1537 1196
1593 1233
1835 1221
425 628
739 773
804 1714
421 410
721 48
943 937
1958 514
1056 938
1488 1210
457 824
1760 1361
1122 620
766 795
284 342
932 937
1004 719
2159 1568
687 1451
1076 888
527 977
1616 1056
1335 181
2478 513
955 717
424 1221
960 1657
817 795
870 817
1117 1462
2078 1302
1516 1299
1917 514
2393 1729
536 502
1369 1156
2174 1290
1 136
545 424
857 791
920 912
927 1105
1477 1109
1779 357
2187 1564
715 762
933 759
942 846
714 869
1821 1473
2438 1026
1146 350
1848 216
1032 937
922 937
1679 1240
2138 1595
879 795
1842 1452
1867 1301
644 1240
861 983
1890 1469
1969 1249
1112 987
1957 74
2098 1378
2140 1569
754 1520
2229 1502
334 498
924 747
1845 695
647 1265
1710 1084
549 330
699 402
1671 1454
1800 211
2390 1725
1311 1082
1909 1585
460 403
305 1269
1348 1096
2506 1026
1337 1120
911 693
872 811
2096 1273
34 802
1016 756
1158 1385
1401 1616
1047 937
1347 222
19 131
1251 1578
2355 1532
1012 937
1154 636
712 414
2167 1578
2211 1396
2255 1349
61 308
241 235
395 608
1492 425
1751 1378
2067 1544
1170 640
278 1312
1041 736
1153 640
1323 1055
1900 267
2155 1179
734 1451
1385 1094
1057 959
1912 1617
891 862
659 1240
1096 484
1864 147
795 938
908 628
1578 1718
785 782
427 491
1204 640
1429 589
1741 1524
406 608
981 747
881 1247
2115 1591
500 51
1731 181
2230 1626
1235 664
1642 1580
2120 1579
2504 1026
391 824
1209 827
1416 571
1594 1219
465 360
2423 1775
1119 821
968 514
1557 1223
1921 1631
738 775
2184 1597
1155 74
1643 1369
464 385
2295 1662
2007 1223
1064 1181
1884 1302
2127 1676
1103 783
494 1276
828 1290
565 51
904 719
2261 248
376 440
912 73
972 1247
1837 571
232 530
854 777
1608 313
1695 960
1156 1263
2220 1471
310 1776
628 119
996 1657
2070 1545
808 703
1129 622
2165 1529
2118 214
439 629
1295 1377
1879 267
1894 690
1181 852
1297 1156
1256 804
1811 1296
2494 1026
1495 1282
1735 1020
1795 889
220 1503
2188 1578
2308 149
677 610
1322 188
2133 1578
2139 1617
2415 1775
280 1105
1866 127
1454 1120
2145 173
2298 675
778 774
408 522
2288 1444
2336 501
349 378
717 1361
780 1730
1167 741
2283 1445
822 718
2455 768
619 968
2000 1422
2574 64
747 425
1308 1566
2227 181
793 1298
1707 737
722 609
1977 1251
592 1206
1001 312
2079 171
526 1316
538 1407
1187 619
658 795
1267 333
842 1520
438 628
226 201
471 506
724 436
1037 759
1415 1159
1486 1105
2577 1263
954 777
890 1215
1038 835
2 572
703 1714
765 1657
2125 1665
1238 1578
1342 825
1962 626
2183 1585
1411 1012
1113 640
1607 312
2333 52
1052 307
1639 12
2106 114
348 824
492 445
289 179
448 48
638 401
2168 1565
1046 1042
686 795
2351 1723
2444 1026
407 1686
454 1221
1082 895
1137 484
1285 1433
1357 1566
1771 1525
2466 1718
175 272
272 853
578 726
1010 1262
1321 1478
1850 1173
2199 1566
2446 1006
675 1611
1014 759
1510 74
2194 1421
1965 1589
245 1637
984 1520
254 316
1107 71
103 256
374 467
1268 397
1316 1460
1926 1413
365 445
1973 216
813 436
1281 316
1463 1078
1630 1235
1794 1420
2064 1544
584 190
923 673
1312 1081
1349 1097
2061 1544
2536 1026
648 629
851 846
1136 1474
1435 874
1628 1240
1910 1383
2142 1333
243 620
831 868
1068 484
566 610
1668 1637
2320 1451
568 1670
1610 1223
2121 1539
2418 1007
753 795
964 719
1123 309
2335 152
2624 1775
294 1776
601 1670
683 379
1040 909
199 308
620 968
1024 758
1662 1243
786 795
1276 825
1773 516
2166 417
1023 937
704 888
1453 1109
587 440
803 1023
1261 1358
1676 136
1996 1640
2413 1762
350 334
1090 916
1325 1055
1878 1433
926 1009
1232 919
2337 378
1275 874
1175 65
1634 741
2556 1729
887 1291
1299 1120
2354 1472
218 1615
901 1023
2086 1741
547 378
1093 763
388 1710
665 1263
1374 1080
157 304
484 487
1744 0
2540 947
945 1354
1313 1036
1625 1331
1687 1242
273 1144
498 1734
557 693
832 794
850 425
1197 1520
1822 1454
2316 1730
1645 1214
1933 1140
2258 1318
573 1438
629 775
641 868
1804 977
2617 893
279 392
1485 1735
572 1332
1705 640
834 1432
992 549
1626 1290
1752 1628
2073 440
400 440
589 1551
1457 1191
2399 635
1310 1250
1363 1076
1601 31
385 853
1372 1078
1116 152
1877 1449
1186 596
1302 971
414 1407
829 1113
661 1267
1105 570
525 396
910 647
1443 1076
852 939
907 608
995 1023
1511 628
2051 1527
87 122
560 396
1776 554
583 695
902 736
1284 973
2338 621
386 594
657 1657
835 700
1085 846
2253 1641
420 403
543 968
2119 332
2499 1026
504 395
670 868
816 609
1145 636
2532 1046
515 1730
883 96
1131 1250
1995 152
324 322
1063 935
505 389
1402 1105
1791 1296
190 1715
242 636
528 1265
1998 1676
615 749
769 750
1722 1626
2395 1651
474 420
610 1240
1683 1509
2528 1131
440 608
466 325
1461 1109
1579 1606
360 421
1048 758
1230 270
1974 1488
2134 1290
1053 1255
411 396
663 646
1034 122
618 629
1049 835
2471 93
2538 96
281 636
946 1611
604 445
2260 519
651 501
1228 511
1033 815
1215 664
1249 619
413 1496
727 422
1015 758
730 117
959 948
2011 1626
2249 152
2445 1674
2511 951
476 1368
595 648
2099 1312
2196 1564
2367 1448
555 1729
673 703
2403 379
499 628
1294 312
1450 312
2056 1692
2063 1552
2228 1471
2587 727
564 628
570 422
797 861
798 1265
1087 646
1994 1647
2470 1045
269 594
971 57
1799 270
2065 1540
2126 1589
2578 74
571 387
206 272
417 628
967 699
1115 1495
1139 136
1471 801
2368 359
2380 646
840 870
1529 1238
2173 1684
2392 1423
591 977
1377 825
1655 1106
2291 1529
516 693
682 1776
951 964
1102 948
2331 171
602 610
1801 1279
1872 1173
2269 559
1128 502
1785 1383
2539 525
1304 707
1331 922
1836 1253
531 589
1487 1298
1824 135
1940 1473
463 636
1207 325
2529 628
2626 693
314 436
1469 1376
449 609
551 122
762 414
997 758
2543 727
1500 846
39 1566
1021 945
1893 1444
1338 1055
1733 1270
2250 1406
2341 158
1664 902
770 436
811 747
1737 1130
2232 1105
2394 1731
2526 1026
977 835
1409 1053
2116 1293
387 1710
800 190
939 1476
957 83
1009 1282
369 360
614 1267
1223 803
702 1394
2518 1026
299 636
383 693
509 949
205 1775
404 1057
736 835
1328 741
986 758
1913 1294
2537 894
2582 84
815 894
871 719
1935 1474
2449 1045
227 1328
550 235
1925 1458
100 256
1778 1420
495 811
693 629
1213 110
1462 1118
2018 276
664 1476
1189 76
1217 1409
2050 1532
1508 425
1694 1146
338 1369
443 359
632 1777
925 425
1513 50
2482 1026
1987 1459
575 1229
1551 1036
1859 1325
1932 1496
1979 140
2480 1026
83 240
328 874
707 584
1026 1336
1169 1412
2235 1595
2371 1660
336 636
751 435
801 1549
1029 928
1106 1263
1617 1243
2468 895
2516 1131
1436 853
2107 3
2248 1464
1723 201
2400 1515
415 66
613 1412
2206 87
1428 1316
678 1711
760 608
1000 1633
1472 1360
1380 1258
976 959
1027 174
1509 1651
2473 1026
2580 614
1144 1153
1825 1363
824 629
1200 853
1653 1391
1729 1186
1895 1585
869 1410
2469 1718
467 594
627 977
998 719
165 357
685 846
983 425
1421 1078
1171 1579
1768 1565
2496 1131
1084 1101
1846 1447
2448 1006
900 946
20 1503
126 741
224 518
1300 1120
1908 518
2137 988
2456 1104
1007 859
1831 1462
838 609
1199 874
1898 1469
1364 989
2027 896
21 1441
418 1090
1205 636
1410 1077
1524 1398
1905 1467
2585 608
701 1729
709 719
949 1509
1210 922
1589 220
1721 1626
1833 1447
1838 1305
233 325
732 1004
1059 1360
1265 1702
2082 1393
2497 967
473 1509
935 719
1427 1106
1828 122
458 452
1501 1161
2604 1238
2358 1573
849 588
1660 1286
2180 530
2519 1765
2546 580
0 801
437 1238
617 111
821 1655
2110 1290
2219 1637
433 335
2072 1640
2226 1512
2610 96
2613 768
774 782
825 73
1091 1131
1442 1055
426 610
2203 198
540 594
669 1350
1452 1054
1507 1009
856 756
1782 1665
496 749
2498 92
1133 346
1388 233
1332 624
1476 525
532 968
1727 280
2282 1666
2479 1004
729 420
1482 1382
1976 1567
2457 1731
2509 1026
49 140
594 693
576 977
586 404
906 1047
1948 1621
520 1181
973 758
987 777
1303 461
1350 1052
7 1376
1269 898
2066 1544
2378 1547
2600 190
581 1718
752 606
2522 1026
1637 163
2453 1026
302 639
1528 1447
1604 1395
1075 1218
1386 1009
1939 1301
2404 1718
432 408
878 1410
991 616
1650 716
1886 1407
2382 1291
2521 1026
109 1493
1943 1638
90 258
1675 1228
6 306
339 726
344 403
2301 1512
2525 946
287 403
518 608
1126 1361
1959 1656
512 596
771 395
2059 1542
2068 1541
230 1370
535 395
537 312
1527 388
2332 192
666 1670
1830 1444
2057 495
2387 1478
356 106
1730 1267
607 458
2193 1462
2213 191
2431 1731
966 658
1074 1023
1097 325
1271 1444
2510 1104
84 1390
1358 1217
1736 1364
1851 1514
884 578
1202 253
1345 1407
1494 1346
316 106
1336 1514
1920 1626
1993 265
2534 437
552 1321
1083 1718
1623 1346
146 1376
718 654
748 1676
792 1415
1260 270
1871 1026
2081 1141
676 99
1624 1336
2154 150
2277 202
680 1471
1305 1318
2484 1674
481 693
396 49
768 719
864 1673
940 190
1404 1711
2039 1535
43 357
1936 270
2146 1352
2343 1045
2560 608
452 396
456 610
2114 117
2299 1395
2520 1088
2590 1004
517 693
694 1476
1602 969
2420 1131
2440 747
580 747
1055 984
1403 695
1483 1352
1719 1483
1793 276
782 588
2240 1636
820 736
1346 240
1394 1121
393 432
874 653
1447 827
637 475
860 925
2492 1026
1686 804
1499 99
1698 285
1077 1624
1264 1083
2037 1141
2424 768
1395 1036
1178 1579
1185 922
1351 1218
2058 1542
390 74
483 1648
503 394
974 1023
1309 1660
1629 1626
416 628
1206 1540
1706 280
530 747
919 926
1002 846
257 358
291 1091
282 848
1092 1004
1440 382
1517 270
329 286
1028 95
1856 1085
2201 87
2500 1026
97 1260
431 825
541 683
650 101
843 862
1826 97
2379 1502
167 308
1418 1548
2251 187
2340 1045
469 96
1162 1665
1612 1296
2304 1640
2342 968
2084 320
89 142
147 978
2447 747
85 1665
478 1718
679 1092
681 475
2224 1146
397 1098
988 719
1553 10
1622 1449
1666 1723
2535 1729
488 683
1018 517
1165 1720
1788 1514
2019 152
1546 147
1606 1316
994 1068
1191 1334
1654 1626
2513 1104
2618 1162
296 1566
796 861
1099 1458
1781 1473
1971 1141
259 251
642 1657
716 719
1240 354
1542 1036
1638 12
1766 657
2160 1540
2369 1269
873 658
1211 1728
1270 1250
2077 1141
2385 255
640 710
1201 1154
1860 425
2055 1723
2460 413
1333 501
1966 402
2080 1155
2429 747
307 1755
563 1262
579 594
654 1501
1247 270
96 1337
422 438
1951 665
2012 1637
2421 92
2426 1674
131 1140
1089 201
1147 1448
1072 1286
1263 1433
2517 93
1250 1409
1352 1013
1381 1156
848 748
2006 1626
2052 1729
2135 1563
2439 894
1069 553
2486 1007
2596 1775
1266 540
600 1265
1740 1298
2558 1131
276 366
1631 1171
2197 1637
1120 687
2170 1361
2419 1394
830 744
1849 270
2435 894
430 489
506 594
937 700
1712 103
2416 894
2632 99
22 304
806 215
1221 1478
1938 1507
582 628
672 719
980 1026
1054 1146
2021 1524
392 532
1071 60
293 62
479 608
1025 719
1701 1146
2044 1688
2297 168
2562 1162
313 1564
373 114
1143 1412
127 1376
1286 1118
1672 1286
2487 1026
2594 1682
91 1665
577 182
2090 1445
633 647
941 1718
11 623
643 795
1236 1159
1417 1766
1484 1195
353 405
1423 1036
1583 1626
1680 1626
1753 1564
708 1477
775 736
1177 1261
2038 235
2450 1674
2551 1754
1111 946
1777 1755
2060 1544
2330 369
1109 587
1515 1529
1689 1690
1906 1466
2530 748
480 693
497 1768
947 641
1559 1198
1724 1350
1732 1427
1930 1402
2326 888
950 83
1148 1209
1445 1080
1968 1593
2071 257
94 1321
366 412
1160 253
1717 978
2541 1104
384 1256
529 590
1834 1238
544 608
1373 1097
1426 1702
1656 1626
1716 1480
1291 978
1530 513
120 494
653 387
2278 1355
490 627
1019 830
1873 1289
24 1655
1468 1159
1812 1283
453 1048
855 1646
2495 548
917 1551
1699 1464
1855 220
2022 187
749 659
1532 1449
1696 877
1569 902
2433 747
2481 1026
30 855
809 673
1562 10
1805 216
1852 695
73 501
275 420
1954 1583
2214 142
2491 1131
182 289
184 1410
1897 193
2606 79
2607 96
2634 768
133 392
446 1269
238 1493
1121 584
773 1577
2505 946
2550 1257
1008 1766
1378 210
1577 1449
1673 1471
1762 1267
609 912
1011 83
1475 73
1708 1383
2192 155
2252 257
74 253
700 559
1279 871
1757 1228
1803 1518
2239 1378
623 1343
1618 121
2040 1526
228 1325
2020 1594
2236 1583
846 700
1518 902
2434 1674
429 1360
2085 1267
2136 1481
608 1362
711 1734
2324 1642
2527 94
211 1082
542 1718
2015 665
2290 874
519 191
896 483
929 498
1978 792
2412 1737
2427 1373
447 1137
2054 894
2467 1674
2237 270
2241 1701
2262 177
758 405
46 284
895 695
970 589
1050 1750
963 777
1670 828
2284 1562
2643 96
382 220
999 810
1180 1263
1478 1053
1669 1449
2256 764
710 1734
1198 135
2325 1519
2514 1006
2207 983
2383 1674
108 1141
468 749
737 1432
788 1127
1241 1242
1772 250
493 419
1413 1702
2263 1540
1375 1077
1599 1193
2458 945
104 287
695 818
599 1566
1192 1540
2507 413
1533 555
2436 747
268 1721
1464 1515
1880 1386
2003 1566
2212 644
2102 1533
2465 1674
2631 190
826 1224
1819 1355
1931 726
513 181
217 1633
236 1342
561 1493
691 777
885 1207
1560 9
1915 1318
2533 1046
750 1144
833 1477
1697 1151
2373 1248
78 1390
1685 1405
2555 1372
174 1559
301 872
428 1280
1619 121
2244 627
250 594
2483 413
2554 1072
323 270
2042 1687
616 651
1798 124
858 630
882 215
1432 1077
1571 1156
1874 690
2221 1361
2428 1674
17 1336
222 1606
779 594
1902 1475
462 408
1813 1623
1896 332
523 665
631 1770
903 1646
2315 1429
2488 632
2583 768
1159 711
1173 1512
2041 531
2397 1737
2531 93
487 1265
741 1711
1042 793
1839 130
1947 1309
2034 1530
2347 1682
1946 1396
742 514
1231 971
2177 1290
2417 1104
1278 1261
2586 614
86 1391
192 1622
962 1127
1520 1151
2567 1775
624 1492
1151 583
1613 716
2169 1576
646 136
807 834
894 651
1138 280
2454 1006
2472 1026
1605 823
2074 1140
2172 1478
1396 1013
1592 1336
2017 1417
1923 1302
2274 1493
357 783
1354 1702
1739 1255
1981 1430
1970 1017
652 1367
1379 1582
8 1296
569 412
1252 313
2552 446
1586 703
1807 1287
1843 1441
102 559
553 1265
603 45
2062 1538
1183 723
2576 608
178 666
1422 1053
263 898
1287 1166
2112 1141
1051 541
1587 1382
2164 1300
64 802
219 1602
309 621
1759 1630
2452 1045
82 1359
244 1589
1226 1183
1775 1304
605 376
863 1171
1770 1636
1797 1253
210 1009
558 1370
859 627
1496 1704
2401 1727
122 179
229 146
772 188
2307 748
15 1709
32 154
735 1018
1307 1359
1359 1462
2231 1352
2246 166
209 613
784 1312
1258 1440
1504 1778
626 1122
1474 1444
2571 96
671 603
1688 1626
2309 1640
2633 99
398 73
1067 941
1182 665
2002 1640
2595 152
361 485
759 1238
1844 1229
2545 1238
2561 1775
389 1355
1564 10
2254 1477
312 233
634 1117
183 272
612 155
720 651
1984 1361
2300 1377
524 744
706 155
731 1069
145 1266
2493 1124
489 805
1140 1396
1545 1408
1665 1162
1950 220
9 269
918 414
1397 1009
1640 1686
1903 681
1922 1372
2475 967
621 695
684 574
1044 1267
1526 989
1815 1362
2087 1709
688 736
789 1477
1293 1126
2374 1430
170 1328
267 876
118 129
303 501
690 155
2432 1730
1274 1465
1756 1283
1420 1109
1892 1424
247 106
1544 1482
1955 530
2117 418
2542 1238
1491 1482
2477 516
1066 1735
1563 1398
322 348
1661 174
59 286
667 412
1814 307
2323 1057
567 1502
1190 278
1292 1277
827 1370
25 206
185 1382
1095 1335
2191 1510
2350 1670
1446 1074
1904 1410
853 1476
990 117
1678 1316
1176 1529
1818 292
2346 1734
2485 1006
546 967
2544 1761
335 433
1224 270
1237 1577
1344 1488
1339 989
1868 1274
2053 1026
2411 1760
2459 747
862 180
116 1294
892 902
868 1395
2462 768
223 1496
2322 234
2563 1658
596 562
588 1579
1234 1154
2149 1577
2566 1765
1907 1129
1949 588
1985 1372
2569 1658
539 519
1980 1430
1986 1254
805 1042
1283 1251
1314 1078
1444 1013
2035 1329
2182 1565
3 1608
2414 1129
2502 946
363 125
1700 1316
1758 971
2564 1501
345 332
1257 826
249 884
461 1378
2352 1728
99 1251
656 646
2489 1765
1565 7
1802 1488
2523 548
692 1161
1455 539
534 423
1301 1073
2144 1316
1163 2
1481 134
277 1082
472 473
743 1578
1168 188
1389 1499
1412 1009
1820 792
2185 1114
402 332
893 579
2287 1107
470 1711
755 215
944 1179
794 111
2474 1264
477 1763
2356 1627
2398 607
2641 1775
1227 1472
1233 875
1514 790
1588 1503
622 423
435 1613
1399 1396
1498 897
1502 1168
1598 344
1934 1369
2314 234
1179 827
1784 1283
2353 1277
1763 1275
1832 58
2305 1493
214 848
1382 1156
2318 1660
261 1746
740 1269
2441 747
194 1162
744 1576
757 653
2204 155
2451 1752
1362 84
1918 148
2636 1775
253 556
412 535
2396 1691
2218 1202
371 507
450 1370
1580 1333
330 686
674 751
1437 875
1550 1054
2225 1630
2306 1634
2407 919
252 1578
934 758
77 1395
2091 1279
2128 266
2266 155
2593 1567
337 1642
2270 953
256 1395
1916 630
364 1473
761 513
1865 130
790 791
1677 802
514 1047
1460 1700
1615 38
501 332
1704 1151
2215 1648
106 341
2147 1563
2381 1718
163 28
1288 853
239 125
1743 1259
1988 1007
71 1359
354 400
1259 640
2327 85
2362 61
372 1753
799 83
2158 1286
2621 1606
1919 1245
698 7
2605 1339
1073 729
1110 467
1548 1656
367 608
877 212
2208 1462
321 608
1104 1640
148 610
2105 1337
2422 413
993 747
1609 250
38 574
1152 1671
1367 875
1434 1073
237 1496
1765 1427
1989 1190
31 1225
53 200
342 412
662 681
13 1488
340 555
394 220
1289 1702
2163 320
2490 511
262 242
459 312
668 1507
2609 845
45 1701
725 755
1184 427
1355 1340
1541 1714
1647 883
2026 1776
1556 155
2408 946
359 402
2642 1473
2317 1773
1393 1476
1703 831
2217 1557
2267 375
1219 302
1320 123
1424 186
2442 1674
2515 84
368 419
1690 1151
507 1606
1862 154
1882 1284
2588 1682
598 155
2101 1364
2463 1026
982 1238
1195 262
2402 1364
2162 1333
2357 1766
79 1262
166 1711
482 1274
1196 91
2247 180
362 655
1330 1017
2349 1047
110 1009
1343 875
1646 250
68 1608
574 155
1216 1527
33 489
1439 313
1754 1426
2049 1530
2366 1584
2557 1026
63 54
137 1666
2553 1775
1523 55
10 295
264 1317
300 1660
351 1477
1248 333
1764 1213
2048 1534
844 215
1885 1496
2234 665
193 314
1327 897
1536 1199
554 566
1125 344
1574 1751
1142 707
1161 1150
1174 1401
508 757
1549 1048
1990 846
2548 1682
1600 1700
1937 718
1448 918
1318 1154
1398 122
2409 951
660 1656
719 1699
839 1114
1253 28
2602 608
76 1617
1387 393
2089 1154
2405 1600
50 1383
2581 535
292 453
1280 594
179 588
1400 1502
1817 114
625 1250
783 289
1244 475
1525 10
136 665
776 136
1317 875
1340 1766
1964 1287
1081 142
2076 400
1254 1071
2083 1560
72 267
2104 1576
290 1429
2512 749
1881 128
2123 1668
2391 1727
196 608
419 1239
2461 747
2271 1502
444 376
777 584
1329 625
2008 1735
1681 1193
1806 1159
1829 1303
1405 1254
1888 1476
2033 530
2189 739
2549 968
436 613
791 1699
1150 1155
1632 1186
899 1501
1035 1286
649 885
2377 1079
332 182
123 208
225 948
2223 1324
423 1770
1575 111
1924 988
37 669
62 1359
2501 1124
2616 608
176 481
485 1347
1376 315
728 146
375 69
593 1048
2443 413
2272 1441
1490 1186
2410 1544
409 712
260 1101
381 2
1141 1551
1456 875
1789 1554
2384 442
159 1054
915 1634
2348 101
1614 1151
235 278
355 721
876 12
562 1674
837 83
80 1166
143 1606
1290 299
129 22
207 1668
1245 1675
1497 197
2043 1530
2216 175
723 1471
1365 989
1366 1732
177 1121
1360 1469
2303 1277
60 588
2476 1324
105 136
875 650
1088 187
1566 644
1214 1561
1552 1372
1124 139
23 763
1889 1469
2321 1310
645 759
81 332
1334 339
132 1151
333 234
1554 158
2005 1652
635 1255
1094 739
1132 1769
1570 1186
1942 141
286 1547
306 1396
2334 1325
2575 1606
1277 873
1459 210
913 10
1506 6
1576 298
1383 747
1584 1278
399 220
548 1411
1505 1225
2047 1692
297 821
1573 220
142 462
285 286
1709 1724
2268 1289
2425 987
200 503
1098 1518
1611 1296
1983 1416
70 269
112 338
606 340
1262 523
1572 1225
2592 195
1438 1635
1725 1407
2010 262
202 804
1531 129
1899 1466
1929 792
2016 1721
2242 1703
47 894
836 771
2294 418
1101 1765
1208 424
2094 305
763 116
823 82
2028 897
155 1654
2245 1353
2363 1623
2202 968
1748 976
26 139
2046 616
1539 1168
1810 138
1945 1337
216 1325
2503 967
1130 1401
298 298
1242 289
1543 512
1883 484
522 317
1425 1011
1649 977
2233 1141
1684 1437
2388 1625
1875 588
2508 948
1319 600
2372 348
66 901
1114 302
1561 1076
1246 1267
270 1780
867 851
2205 1491
697 1370
2359 69
979 771
1928 671
1239 496
888 1495
158 1442
781 1476
308 395
258 1769
343 968
1659 458
2222 1257
121 1325
1127 723
1172 1183
1458 1607
1006 553
1641 1554
1315 1465
2023 1680
55 262
1243 1626
1961 137
2129 1079
2559 95
1353 853
1816 822
124 627
1166 1642
1521 1718
93 258
2103 1507
1255 1106
2095 1752
40 1391
696 220
1384 1730
1713 1283
2620 643
886 142
2572 1674
639 211
689 736
2210 95
630 219
2111 1571
726 1344
1746 186
1225 723
847 771
1392 1695
2100 1281
2628 1567
2030 1761
265 1359
559 1115
1135 262
204 403
914 1691
1356 723
2014 1272
1840 803
154 1287
812 1522
139 289
1808 1256
231 450
319 1339
2141 1640
58 1407
2279 1554
164 474
221 1218
2345 1769
866 635
2029 535
187 1289
2524 1673
27 832
442 1048
502 1182
326 1159
1652 1059
1408 193
2406 1278
1466 183
1473 95
41 162
948 142
1493 1409
1749 146
2179 413
1020 153
2032 1484
16 80
511 387
1118 1674
1972 1489
1657 877
1188 1629
1595 883
2638 465
1621 193
198 1244
1658 87
197 1263
1282 1659
1827 84
938 749
1203 429
1702 977
2031 1751
2339 212
115 295
295 1605
113 834
2243 13
2547 1679
67 739
215 591
810 1623
401 894
1682 289
69 162
195 30
327 1301
1157 122
2198 1199
52 302
2430 1613
48 298
2601 1476
1431 1254
814 1542
1220 1339
2589 100
928 1252
1361 193
1540 1674
1212 71
1755 1148
1841 1394
2376 1504
304 1046
379 1150
1272 1244
1100 1380
1718 1577
1620 788
2113 1287
2328 1436
1747 951
2344 531
2130 275
2637 880
1326 1502
2615 95
1519 1182
1065 1639
1547 877
611 1656
1914 701
2464 68
2148 456
2640 1680
1229 1754
2292 1663
117 1154
1726 1363
2370 874
1522 1339
2579 1682
2124 132
1080 433
2036 1101
2025 1662
1414 86
186 934
1451 1216
1597 1142
1861 1620
75 1419
125 1305
358 1151
1273 523
510 967
1449 1267
2603 294
134 586
1603 101
2608 91
44 1261
51 948
451 1343
1465 164
2259 1085
2630 1254
1944 1209
1627 45
2389 949
29 148
1963 738
2097 688
1194 1708
2088 1074
271 1514
2573 84
1391 747
2591 1190
1489 146
1108 950
1651 1151
1164 1346
655 1141
140 790
2153 1531
1585 977
590 736
152 22
1952 1405
162 632
2013 1748
2623 433
2360 770
1430 815
475 1480
2625 294
2092 170
54 1269
1953 984
315 661
1869 1281
119 298
1558 604
4 1760
201 1501
1407 1469
1503 1656
212 200
2009 588
346 1157
2286 1281
2361 897
1967 947
1786 906
2565 1262
1927 1646
2639 1654
213 1342
1590 805
2627 1154
2024 1403
240 469
1306 884
149 1036
2612 751
2629 1501
1635 588
2150 542
1479 1057
1370 1468
2599 1339
107 291
341 1751
180 1423
2045 1484
1636 82
2312 523
2281 574
1715 1026
377 1203
144 1125
1911 96
1991 143
491 604
2238 529
57 629
746 1281
1767 1380
2622 223
135 219
56 1494
410 600
1667 982
168 1015
347 1285
1714 751
1857 751
128 667
1567 1675
2364 1751
1691 1598
1193 1495
2276 431
189 954
114 1593
897 951
1538 969
1633 491
138 800
234 1038
2614 1761
169 332
1079 535
150 995
1761 1287
248 621
2568 1679
1745 152
130 837
1742 1287
88 1328
2635 433
172 1111
2597 1101
2004 1605
1901 1187
2619 966
36 85
1692 917
1441 424
98 1350
2365 1746
203 989
101 93
171 1683
352 1380
181 1756
1341 1187
1790 959
2584 1682
160 186
191 546
1406 1414
521 1605
1711 1328
208 10
2093 950
35 1622
378 1739
2293 729
2598 123
156 1759
2611 1605
1728 133
111 1775
317 1292
1480 1767
745 1751
173 97
65 112
2161 465
1982 1236
445 1739
5 347
2437 87
2178 1357
42 1236
12 78
2273 289
92 232
1390 168
2319 152
161 1264
2265 514
188 1675
1792 148
1960 1620
1870 503
713 1605
898 1561
2190 1069
141 548
151 1450
283 662
380 1370
2264 39
95 120
1218 1050
1975 852
153 153
