img11c2.jpg img22c3.jpg
1669 1490
1743 1490
2168 1459
1883 1370
1739 1357
2069 1855
1289 1086
2147 1782
2134 1785
2129 1867
2157 1439
1866 1585
2306 1882
1542 1425
1604 1254
2169 1830
1837 1582
2079 1862
2056 1867
1917 1633
2097 1830
2233 1867
1466 1352
2175 1830
435 403
2145 1830
2342 1532
1862 84
2178 1806
2179 1807
1454 1327
1097 1254
719 1400
2329 1556
2292 1811
2194 1814
1842 1564
2071 1752
1124 946
1543 1484
2262 1855
2334 1895
329 418
2080 1589
2335 1565
2161 1773
2162 1780
1825 1541
2105 1830
972 937
2363 1910
1165 893
1570 1458
2209 1459
1051 378
1549 1440
2238 1867
2120 1773
366 410
2126 1440
1333 1086
1854 1571
1155 893
2341 1570
2240 1867
1519 1475
1521 1414
2118 1780
387 399
1847 1584
2252 1687
576 598
1085 399
2095 1867
1553 1439
490 558
1135 1254
355 410
2304 49
1411 1316
1678 1582
2155 1782
2346 49
1336 1254
1471 1319
1496 1401
2113 1676
1404 637
1394 1552
2085 1855
1878 49
2245 1811
1855 1633
1376 1352
774 637
1472 1376
2381 1789
469 524
1674 1751
1041 814
1164 1855
445 545
2357 1882
2074 1754
1196 1140
1813 1558
2208 1458
1403 1372
1718 169
751 767
1319 1060
1895 1609
2224 1830
1308 1085
436 491
823 649
2170 1793
1007 893
497 1924
700 834
1841 1556
1887 1376
769 1689
1473 1633
2107 1772
857 649
1425 1339
1964 36
565 585
679 695
163 294
1428 1339
1663 1508
1794 1247
2191 1812
874 1039
1008 814
1134 585
375 720
582 548
1025 893
339 433
1210 814
1560 1460
2317 49
1518 1406
574 1355
1653 1460
2116 1780
195 1521
936 649
624 637
1014 1019
2340 84
2160 1772
2331 1899
2119 1780
758 637
48 230
722 661
1398 1525
845 834
1077 1016
645 1372
1944 1652
2176 1752
1559 1845
1465 1372
2312 1830
516 545
672 687
1141 893
1334 1792
261 351
673 633
2279 1475
938 753
1751 1565
2121 1772
608 649
2229 1018
128 323
159 1516
1497 1699
2316 1361
1402 637
1979 1594
1904 1629
2146 1788
848 814
1822 1574
533 545
949 907
704 632
736 1356
1246 1150
702 738
2261 1854
941 893
1347 364
1485 1654
2336 1895
889 805
1018 907
1050 1574
1933 1606
1119 1679
1361 1574
541 545
1140 893
1556 451
1606 1766
528 508
2199 1867
1870 1549
894 1400
1414 1598
1800 1415
57 240
136 285
1079 1577
1149 1098
2256 1063
662 666
2171 1785
800 1400
1094 1574
1582 1734
2200 1486
824 1372
1197 1087
1619 1188
1709 1907
1980 1414
1448 1367
1233 1787
1987 1855
2127 1769
827 1400
1648 1487
1677 1907
605 1104
2322 619
766 893
1913 1096
1039 893
1568 1438
2089 1867
456 545
915 681
1831 1552
799 1988
809 834
1266 1144
1707 49
1463 960
147 361
1611 1465
2345 1659
1156 893
652 585
1732 1571
2057 1740
777 1400
939 893
1017 1574
1458 1319
2167 1703
1040 164
1052 1029
2093 1830
2326 1891
932 805
2204 1792
1872 286
930 937
2278 1589
913 727
631 1372
969 1018
1145 1577
1352 120
1915 1079
813 814
1446 1377
1419 1376
1477 1611
598 629
1382 1369
398 720
895 164
2159 1771
2300 1144
2264 1617
2296 1529
1064 1574
864 814
1838 1288
2356 1527
856 666
1358 955
1947 1594
633 669
801 164
2177 1799
833 1019
1805 451
1476 633
1817 632
1158 907
1686 1734
2108 1677
2459 1988
665 649
765 1400
1263 1574
1728 361
1423 1376
1633 632
1971 36
2378 1357
781 814
890 695
674 638
989 1544
1300 1254
1309 1779
1742 1460
1881 1600
1125 80
1706 1521
1848 1572
1802 49
2324 1594
692 721
718 1400
1310 1150
2165 509
2373 1327
587 641
1024 717
920 1400
2193 1458
144 1792
1455 1376
1470 1369
2110 1771
511 1924
1647 1492
2301 1212
847 814
863 893
1106 1016
325 1154
858 1372
1516 1794
2060 1730
711 649
1061 1093
846 893
872 1039
561 1323
944 970
242 1354
1771 1656
555 585
885 902
341 366
768 462
2133 1777
411 459
592 667
953 157
1373 1448
199 567
681 727
2275 1861
2364 1594
773 649
1351 1266
1786 230
2219 61
499 556
1804 61
1217 1098
2376 126
175 293
2308 1903
914 649
1136 1065
2181 1808
2441 1989
290 1406
928 1026
1447 1377
712 637
1065 907
1970 1690
888 745
988 1019
962 837
1204 934
596 1924
682 649
749 164
161 291
880 703
1192 619
558 619
1245 907
1526 1200
1581 165
849 970
925 1339
1418 1577
730 1400
993 14
2158 1484
2393 1491
1668 361
1009 1332
111 186
1406 1376
2061 1730
271 353
786 970
791 690
948 906
1037 914
1515 1659
1909 637
480 534
2125 1936
2285 1475
545 559
687 1402
1772 49
2235 61
145 126
931 1359
1375 1551
2115 1425
135 279
595 594
1080 1019
1613 285
556 548
1074 814
637 612
646 667
725 727
1179 474
1727 1659
1818 361
2059 2004
910 907
1741 49
2136 509
294 118
710 680
761 746
1597 1475
1734 1907
2380 1809
708 695
905 1019
1023 1400
575 491
1923 110
742 1372
1122 1659
2073 361
828 893
1048 1327
778 765
994 911
1117 1175
810 164
721 1070
90 264
1665 635
1731 1890
534 507
569 567
409 433
625 1372
2144 1814
1756 361
1754 1907
1735 126
2323 1879
1167 80
1850 1297
2006 1245
1914 1023
1000 868
1081 1544
1478 1334
427 1617
1821 84
820 1933
943 817
1175 907
1630 122
1957 1594
727 750
882 837
976 666
1445 1372
1763 1847
2051 1740
138 886
477 598
610 637
741 649
1311 1129
156 289
549 591
862 1400
1798 1860
2333 1903
397 1225
1298 934
1717 49
2237 1589
797 772
83 128
1307 958
1600 1907
2298 632
991 1003
1580 1245
1788 1212
1833 1653
154 1154
632 1372
750 893
843 1910
373 396
891 727
1190 1544
1512 1686
2117 1771
1664 1502
512 556
984 970
1533 1642
748 835
1015 902
2142 1784
713 1524
959 164
1047 1019
1265 600
2154 1729
1239 1105
650 157
1343 124
2440 1985
579 1924
600 649
794 649
1400 1549
66 248
76 193
908 1974
1815 124
1951 126
21 214
296 359
615 612
1006 946
1116 1779
971 619
1386 960
1620 1502
1652 1907
2355 1363
498 1924
951 911
1684 49
671 164
802 777
1858 1424
1104 80
1393 1363
2302 1639
2382 1493
481 548
620 649
1315 1651
1635 1907
629 611
219 299
933 727
1379 1301
2383 1920
743 681
1626 1771
2005 1811
2149 1778
803 814
876 680
1384 1486
1629 1486
1796 251
1808 1552
330 718
1966 298
2259 1728
2384 1437
852 1370
2452 724
638 633
1296 1169
1401 666
1426 157
1546 1686
734 837
784 970
621 667
747 874
1429 1551
221 330
540 1469
1019 1061
584 667
703 688
1304 930
1617 724
822 1369
1283 901
1943 1734
207 318
1730 49
1256 1174
1257 1188
1269 1669
1974 1527
2457 389
906 902
958 1988
1020 471
1114 471
465 1415
1005 732
1820 1633
2087 1883
680 667
1389 1313
1525 1784
1254 1574
1981 1894
2379 1842
916 745
1509 475
75 258
354 391
1500 1398
723 677
1510 1226
1569 337
720 704
1026 814
1042 1847
1198 814
1567 1970
554 1924
2151 1247
1284 1196
1443 1369
390 428
808 164
1965 1659
484 1451
1390 1486
148 286
738 676
1255 1946
1767 9
1034 1574
2258 1775
131 281
526 507
666 1372
278 1829
315 375
1884 1369
453 399
1291 1307
2225 1598
899 970
1161 1065
1184 1811
1346 1245
1949 286
2268 1768
198 305
893 728
1231 1026
2351 1586
1396 957
1444 1372
627 135
759 727
1642 491
2163 473
488 516
1207 1779
2058 1740
20 230
157 274
227 125
1758 1538
2287 1897
2350 1918
124 280
381 408
1888 142
2189 1491
1083 619
1303 1220
1331 1233
2109 33
2311 1361
609 1372
2349 1901
418 635
220 632
2050 1743
2077 1578
2123 384
789 1104
1212 1847
1508 1897
1744 359
130 1481
466 491
1199 1847
1573 364
2082 1458
611 667
979 648
1032 1544
1340 1258
183 83
699 1402
1219 722
1916 1622
839 1369
901 970
1200 1037
1322 1245
2265 237
622 637
744 745
2205 128
1186 1847
1383 1280
1550 1493
1861 230
2243 548
588 658
604 1490
812 1070
109 612
295 199
693 116
726 747
2062 1740
2172 1817
1563 49
1698 49
815 897
955 745
618 572
2338 1900
881 793
1206 1128
1703 1652
173 1660
1544 1469
1654 1884
934 727
1640 359
795 1372
1683 359
1938 1644
829 853
963 970
1132 1080
338 452
816 1157
981 945
996 804
1700 1270
1810 1720
2106 1685
977 649
1044 1016
1634 1491
1926 1637
1003 649
1090 1847
1123 876
1226 970
1896 747
1931 1527
139 370
684 728
1929 1401
1234 1245
1297 1905
1641 1361
1682 1519
850 897
1111 745
1288 1026
1773 1450
1991 1416
2188 1831
1168 1122
2132 1972
1639 1405
2046 2004
2377 1798
630 666
1575 1225
1589 1491
365 65
470 556
731 1402
793 649
1131 1370
883 970
1056 970
1621 298
1890 700
2389 365
524 1428
946 1974
1128 1327
1468 83
1819 960
1864 1907
1511 1642
1930 1361
1894 1370
1054 673
1030 881
1163 1733
2318 1659
2419 1765
352 1235
544 1594
657 1402
1791 278
2359 142
644 1369
841 680
1692 321
2150 1774
2211 1815
2295 398
2375 1984
177 325
698 1400
732 1402
1089 1400
688 1402
840 727
1118 1786
1328 1792
1827 321
40 1250
1232 1816
641 591
877 680
571 520
745 1251
619 648
992 1006
1240 80
416 395
1636 229
2210 1643
1762 1519
2241 1984
831 1847
1335 1242
1421 1325
1474 1901
563 1924
683 667
871 1019
926 1544
2183 1686
300 134
1598 1259
2366 1912
189 1656
280 1830
1176 1115
1279 602
1714 1265
653 637
1171 1544
1306 825
978 649
1049 664
1442 446
2048 2004
1769 1376
2385 1746
589 157
875 666
1387 1307
2053 1734
2305 1070
2309 1640
792 805
1002 1372
1091 1019
1228 1544
865 814
26 1499
733 793
1072 946
1258 491
1271 1777
1859 278
495 475
1294 600
1746 1790
1963 1361
3 201
2404 400
320 419
714 726
2148 1788
709 681
832 994
1595 65
2370 574
58 345
1667 1650
535 548
870 1339
1153 1668
1259 1486
309 126
779 1689
935 680
2083 1458
1405 649
73 118
566 616
1482 914
2135 1786
1057 970
1691 345
16 204
104 1641
184 1662
1616 1087
188 193
230 336
478 1064
919 732
1337 1395
586 667
701 1640
1029 1019
1235 1226
1385 1264
1612 1466
107 270
328 395
346 186
1623 491
2400 1761
1013 1019
1646 1656
1753 296
2186 910
47 124
70 247
1142 970
1618 368
282 1679
476 1765
585 648
1459 17
1670 1515
407 401
457 427
1046 926
2153 1860
2201 1439
46 293
623 1372
724 237
2099 1926
804 767
1903 1373
2280 1659
2401 1929
391 387
496 1896
1201 1544
2369 360
202 1847
1922 662
233 334
319 428
546 80
826 1653
59 914
244 343
314 124
1067 1028
2303 1847
634 650
1380 1642
1522 1677
134 278
599 649
900 1847
1295 665
2195 1065
2386 1761
2402 286
6 200
1437 1026
1764 1537
897 812
1126 359
1844 1585
249 1841
763 728
1536 1542
117 126
821 1334
2299 1070
664 667
1479 886
302 299
639 337
1530 1456
1889 1610
879 851
1031 1550
1138 1033
1152 1988
234 1555
1241 1544
1408 1369
1885 1611
210 1254
508 758
1160 1802
368 291
1095 1115
1503 1405
238 1619
601 728
1001 657
1456 1751
1615 1935
1659 1642
108 241
216 201
1086 1371
1100 443
1688 46
2086 1458
2321 84
1736 1656
2102 1765
2328 1288
149 39
967 1544
1577 1361
1214 1544
32 226
1060 1019
24 211
215 316
775 773
785 1105
1812 345
1814 536
1101 1780
1276 1544
1377 1280
2269 1860
752 814
838 656
886 868
1724 1521
1320 1060
1624 1782
1760 805
2339 129
179 304
2360 1247
961 1049
2067 114
229 937
1021 1792
317 724
1195 1130
1349 109
1627 124
53 1790
1112 1098
444 1765
842 789
1267 1544
1342 462
1417 1536
1603 1733
1675 1491
2192 1754
607 667
303 193
403 736
884 1019
997 1479
1420 1948
1440 1363
2010 543
560 666
760 667
1586 1468
2007 1416
27 212
1143 359
1180 164
1290 1780
1409 1161
1360 1662
201 69
433 1536
552 1831
1075 1365
780 1402
2078 1373
2214 55
54 1651
1010 1018
667 745
1439 1346
2372 1761
87 257
196 1542
909 1550
1782 1790
956 727
1697 49
830 994
1977 1428
952 804
1022 764
2049 2004
1587 1248
1759 1586
97 317
388 475
1011 1016
1725 427
1768 1376
1932 1647
1399 1328
1708 1491
663 745
232 1582
2101 1972
1350 1258
1368 851
1752 1361
2164 112
2274 1799
237 323
578 637
1643 407
1055 814
1532 1226
1599 1936
17 207
1038 354
1070 832
78 304
1499 368
873 868
1004 680
1151 1927
814 837
1679 1176
246 1659
755 760
867 359
1146 1974
636 1779
1243 956
2438 909
1531 1829
1945 1653
2358 671
36 227
1535 1675
1946 95
2348 83
1247 599
1958 1400
1806 1759
1435 1651
1632 1790
767 1497
1576 800
1785 1837
2353 1835
705 1795
1332 1243
1607 1619
344 368
686 1984
1388 1311
756 914
1033 664
1110 935
2197 1254
2212 1748
116 357
2230 129
2248 1635
454 740
1441 496
1996 604
2152 306
757 251
2460 1566
866 80
1293 1049
1757 1530
2257 319
297 190
308 209
1537 1258
185 1425
501 157
1187 359
194 1371
281 1859
1216 1630
1719 1837
1826 208
2187 1872
1415 1223
1869 1593
74 220
313 374
356 662
506 1796
209 864
2044 548
43 1006
307 357
520 958
1541 368
1882 1605
964 970
2320 1761
1317 1964
1410 657
1469 1632
1920 1548
2448 1938
798 701
973 420
811 1402
1489 1683
489 572
1430 1352
577 1
1921 1195
1649 1837
2325 136
225 335
573 1130
2098 1455
746 1224
1069 893
191 258
358 300
254 1515
1994 383
318 245
8 920
1680 668
99 1105
860 682
2291 819
1793 125
1995 564
1286 854
248 1547
264 451
1673 47
1937 1360
538 1088
2002 977
1098 31
1027 970
1460 648
859 1369
1062 1550
643 656
1102 751
1801 1825
1036 611
1068 1495
1230 1096
834 1797
912 1486
1874 1847
187 1553
1797 237
837 449
1330 142
2203 1831
35 1859
311 1790
1177 1129
1236 212
2432 1065
172 270
1174 1023
1285 1315
1891 1244
343 317
1120 1641
197 364
1053 612
1371 1281
1625 513
1845 242
2196 1906
1644 1782
2455 650
537 1500
947 868
1323 1673
2232 1297
162 292
65 1198
186 261
224 1543
253 1361
807 649
975 1415
1035 1654
67 1362
176 297
2182 1808
1695 1505
1950 237
364 938
1092 868
1305 1605
1348 995
2017 1768
612 658
869 994
907 256
2244 1631
602 830
715 746
1505 1389
2289 896
1765 317
1990 1708
2156 662
2283 1740
861 1501
927 664
1527 1791
762 1984
1127 1607
1087 1384
312 1048
324 1395
922 1576
1989 1708
739 653
1554 1493
2399 1555
94 1264
421 407
694 9
2084 1858
2276 1935
783 818
2040 1729
2313 1668
2461 1733
503 1019
530 1639
2070 1836
260 208
340 721
1185 823
1412 887
455 5
1391 1812
10 1443
140 1451
583 667
772 648
2456 535
597 1130
995 985
181 1331
1378 1281
1959 4
2218 329
408 225
892 1224
1608 427
1952 1661
2361 1946
562 1988
1063 1023
1397 637
1733 1899
1799 1379
1985 1458
204 1492
425 1951
960 921
1301 1200
77 1454
1157 1022
1614 769
1849 86
2009 564
2277 1616
336 1671
1610 1464
1209 1852
1280 1186
1321 32
1341 131
1628 1438
2365 1070
1427 1642
1860 962
1787 1479
1839 1792
56 583
917 714
1997 543
2439 658
1687 1837
372 51
986 1038
1672 1104
245 342
265 1006
1381 1353
1514 1761
2371 1984
350 371
1093 2001
2412 1496
385 509
868 994
1588 1142
2447 1661
669 1941
1766 1319
1879 1598
2041 536
2239 634
192 866
2374 1915
2450 1130
345 1646
536 646
1162 1046
1338 1087
1066 1027
1462 1348
1312 1757
121 963
1424 1288
2111 425
60 242
518 494
1318 1897
1574 1932
735 755
2166 1406
1372 1286
1910 5
2096 1984
2437 1305
1250 119
1925 1637
384 120
1237 1382
1251 1544
1242 1858
655 771
2273 567
267 415
517 1088
2446 1809
236 80
659 1441
796 24
898 895
614 863
668 492
689 1576
706 1744
1656 1023
369 1548
790 1594
79 864
143 338
1137 551
1169 119
2254 1409
42 1031
269 357
753 1802
1203 1096
2426 1327
1252 647
567 666
805 1680
982 1657
1130 32
1631 1460
160 1502
459 183
817 998
902 1038
1189 1607
1875 972
38 638
1084 958
1103 256
591 570
1934 1422
1961 1057
1302 923
1313 472
1501 368
1211 1104
1502 1879
1539 1165
1099 724
2228 98
167 14
1150 1099
1487 1654
2075 251
1650 1485
1829 1825
1316 1831
2423 462
293 1792
660 1650
690 1131
1221 1104
1892 1614
1939 1631
1139 225
1552 1929
259 1664
275 356
170 285
1229 1022
1865 972
1897 24
306 360
256 960
1012 1023
2202 1555
970 664
2047 2004
84 69
716 643
1886 179
1354 1085
1538 1786
594 643
353 1122
1166 1931
1571 1726
1737 1535
1148 1023
1224 1587
1434 1550
1517 1768
168 300
434 1931
606 1057
878 743
2019 1791
125 46
904 994
539 1162
658 739
1113 1495
2231 1548
2284 1865
113 201
1661 1312
213 1489
1108 1550
2458 1406
844 1615
1088 1512
1121 558
52 745
855 1275
2443 507
332 320
396 271
2001 1866
367 387
806 619
1133 1938
1356 1259
1395 1270
1705 1019
1843 1105
1880 1546
64 1611
896 894
2347 135
28 74
568 522
911 834
1486 649
1992 1416
691 1932
51 520
782 894
1601 1084
1115 1130
1507 1414
1830 1664
406 1485
1809 1100
419 485
635 672
1481 1831
1529 368
2409 1687
69 346
2008 1786
1147 1000
1277 903
31 221
1339 502
412 319
677 1474
222 1604
417 737
504 2003
661 1115
142 287
737 470
226 815
965 998
966 994
1747 1837
218 1265
1076 1343
1191 647
1272 1293
1993 1710
1645 37
580 1163
1365 1683
2327 1630
285 1212
957 751
1436 1651
1828 1549
2173 732
505 1064
1720 1689
985 1823
2226 481
2330 1892
178 54
217 1450
776 751
1248 1607
1792 1555
127 1542
647 728
654 671
1058 1216
1710 1689
2234 1019
243 304
551 542
728 751
836 49
550 1120
1433 1691
1777 1825
2406 529
7 1455
515 140
1778 1130
11 1679
626 1946
39 1800
360 1106
374 1387
640 554
1721 1413
101 960
903 998
940 767
208 1489
851 664
1422 1536
2122 1972
200 755
1043 359
1208 234
252 1109
1637 1482
235 1594
1096 958
1227 124
146 216
945 1038
247 1527
754 758
581 1669
1129 1549
1407 1337
287 343
1699 1505
1726 1846
1438 1333
1561 296
2449 773
1170 1132
2180 1874
2362 130
2388 906
787 768
1748 1520
1983 947
63 238
492 1319
818 994
258 638
990 1858
1740 365
2063 1569
1282 1182
1325 229
1172 903
1702 1419
2131 191
1520 736
1912 983
71 1667
1534 1360
1676 1825
696 728
1270 1405
937 2002
2114 130
676 624
921 1493
1590 1047
152 25
514 1373
1144 119
55 1370
1215 647
968 993
1898 1615
2267 1431
1281 922
616 1809
1274 1563
2391 1140
1202 854
1480 1018
1655 862
1704 1474
289 376
2263 222
165 1414
347 17
542 1767
1016 993
1982 1631
164 1100
617 628
1329 736
2411 1365
205 1471
206 1190
279 1421
274 1594
257 338
2425 1154
62 1205
182 1482
2286 1969
2042 1616
1671 1117
2000 1469
695 466
819 1409
1082 647
1327 1906
2251 1798
2352 1551
1962 46
1159 962
1188 998
25 494
987 926
1583 1472
1585 1785
5 886
1028 994
1483 681
2367 693
494 1542
1918 941
335 348
1205 847
1873 1652
2018 1719
2454 1150
942 37
123 1009
1954 769
1220 129
2242 583
2453 22
1548 341
1927 1637
500 1211
1253 44
1596 120
1268 903
141 283
468 482
980 790
1780 1771
137 912
241 339
448 150
2282 1242
2397 940
493 914
283 153
1877 1481
2213 2002
1853 1598
41 701
1355 1518
1729 1825
1 1364
2421 895
924 840
1183 82
61 80
1359 1695
1658 527
333 1468
482 1376
1770 1612
2011 110
2029 1995
2414 1772
1299 1062
2410 1986
1370 1683
14 1662
1107 998
1789 292
2124 1590
2246 143
190 228
547 1963
1490 1383
2227 619
1392 1018
321 66
513 1661
2416 893
405 1152
464 1331
2294 457
2407 1718
2451 1211
22 1208
88 539
923 1607
2027 1995
1681 1314
2020 1725
2344 1902
2413 635
228 1424
420 117
1948 1823
685 1595
1811 1537
2137 1141
1975 993
2408 320
1524 2000
268 1085
2033 1458
2141 1776
410 669
1273 1214
1450 177
2216 1795
675 1210
98 1926
570 1577
1105 1343
438 2002
1059 98
1685 277
428 406
429 1185
519 173
376 98
1449 1364
34 1235
118 786
467 485
2422 1586
169 185
1073 284
1761 1374
1451 1185
2444 1373
1488 1027
697 98
1907 1994
2081 83
1856 118
276 222
334 1974
628 1519
1484 1212
479 1277
2014 590
2436 1824
491 1305
1657 717
1660 698
304 615
1711 734
1832 1504
2220 512
1213 839
1278 333
1078 1472
68 1451
1986 1165
114 269
273 267
1591 964
299 1251
1978 717
1260 1121
33 496
1249 1132
2290 328
30 1854
1223 1198
1494 1698
1712 1494
1622 1781
2021 1717
2222 504
559 1870
670 438
2217 1838
1803 790
825 650
2031 1719
383 1467
1609 108
49 1403
2035 1962
1784 1654
151 1901
2045 1390
13 97
1835 1664
678 694
974 1272
292 1198
522 1290
2206 1303
424 98
486 482
1942 172
2012 1120
2368 1070
240 102
1109 1057
1565 854
2024 1717
1154 1170
1893 562
593 669
1181 52
45 1830
1244 1494
95 259
291 1535
2037 1575
1715 728
2092 1007
2270 1857
2418 677
211 1930
288 31
399 311
2392 1651
1908 1621
171 1603
954 1616
983 895
1745 672
2016 1724
223 49
1905 1615
326 1920
918 1948
1551 623
485 1823
507 139
231 1360
543 1602
91 66
1218 1587
510 1537
415 1931
349 1387
1857 1754
788 784
2088 125
2128 229
1264 560
1492 1698
1690 527
2337 1156
1275 1637
29 1977
2036 1995
153 1534
380 1733
1651 1029
2184 320
442 1454
386 1792
1366 88
1716 1825
1369 1390
414 557
1292 1536
81 1430
1461 640
1967 1910
521 1186
2424 319
553 1143
1493 449
214 366
379 1664
1287 44
1755 1912
460 1177
1173 1494
1807 371
305 643
1941 301
2038 1692
323 1583
1432 690
1262 44
1344 1638
2 187
1783 1887
525 546
2140 1932
301 1920
426 50
532 546
2293 1508
2405 543
19 68
272 347
44 1142
887 15
1222 1494
451 1216
2112 50
270 1100
1071 673
529 1213
1357 817
1324 1528
1969 1998
1416 1459
1953 1661
1314 243
1045 994
1999 1714
1998 564
1902 1550
2310 960
12 49
430 843
1261 797
2138 257
1593 140
327 1531
2223 1689
2343 1629
1592 1991
1900 493
1558 596
1779 222
1968 571
2272 1959
590 578
263 1519
110 1040
239 1992
266 1615
764 347
1363 1495
133 1816
1713 1643
472 785
357 1140
474 276
548 1185
1911 204
2143 1130
2445 1252
0 1087
2281 970
82 370
422 416
1940 1046
2236 1721
1194 1221
1491 95
531 628
1562 86
401 63
557 618
1464 1296
1823 1607
648 773
402 1683
2403 1984
1238 810
2390 264
92 265
1928 1980
1774 511
437 472
1836 800
2030 1718
389 1257
999 153
1605 1675
2207 22
2429 852
729 730
651 1522
441 450
2288 72
1193 1186
2066 1987
1846 1015
431 1939
656 715
929 172
1413 1408
18 360
1956 1958
2015 1715
2052 1791
1924 1696
1738 1850
2090 761
2435 559
450 1273
483 1306
203 864
1178 529
1638 705
1976 68
322 1506
1326 1152
2185 1982
1594 302
1955 1887
1795 435
2028 1725
2307 1510
115 393
2023 1719
2076 1769
707 1297
717 578
2434 329
527 521
1504 1423
4 431
2396 1278
463 1505
502 356
2247 478
331 1965
1723 214
378 828
180 672
132 273
212 327
382 1827
2034 1722
86 1383
950 865
2025 1990
1602 798
2198 529
446 593
449 17
122 723
174 428
1776 1585
2091 623
1513 1917
277 18
298 341
1364 807
370 1903
119 145
564 1007
103 176
316 1177
740 1537
1871 905
2043 589
854 1615
2054 1206
2433 367
853 1869
1225 1827
462 119
2250 1710
112 1661
392 1774
2415 457
642 1742
1816 1889
2022 1718
2260 1602
2068 658
2266 533
158 1395
1781 869
361 926
447 1661
37 726
1867 937
2072 1296
1701 207
1749 1356
404 489
2297 321
100 1345
2398 493
129 273
2395 1260
284 968
1868 1616
572 1230
2430 367
998 1528
371 515
613 1816
105 1877
2394 165
649 1576
835 803
2253 1909
1374 251
377 1827
475 306
1182 1756
1750 216
423 1663
1523 59
1689 130
85 74
359 694
1662 1632
458 1284
1495 1959
1935 1494
771 1987
1852 133
1790 1494
2039 1723
2431 105
15 384
1506 435
23 1464
342 578
2427 313
2094 505
1906 1670
102 1211
439 447
1457 333
2026 1987
2174 584
193 1383
2255 12
1919 1000
2032 623
2221 1798
2249 1172
1498 167
1851 1647
2354 273
2420 1818
155 22
523 1171
2104 628
487 1495
1960 809
1899 7
80 459
2271 499
106 1681
1722 3
1824 1559
1528 1781
1863 294
286 1991
2315 1097
50 1079
1452 344
770 802
126 259
2319 472
9 1167
1431 1985
72 1506
2428 1168
2139 1713
1972 26
1584 1403
2130 100
2332 1819
251 370
2442 74
443 1186
2314 639
1579 232
440 618
1578 1531
150 115
1984 356
2065 693
1547 1926
1696 384
400 1513
473 1013
1936 1940
1566 810
2055 667
2100 1363
1973 1953
362 91
1564 1591
2417 1931
1362 1495
2387 1068
1557 1827
1475 162
2103 730
393 1959
2013 1095
1840 1548
255 368
1693 481
166 11
96 813
509 533
1345 104
1572 1563
1666 969
120 1097
1453 1397
1834 529
93 341
1775 1303
395 6
1367 1721
1876 1420
1988 1408
603 814
1545 862
348 1985
2003 197
1901 181
2004 1417
2064 1832
1694 283
310 521
452 546
1353 1383
1467 1753
262 1984
413 313
1555 349
2215 303
351 1980
471 1154
461 987
250 621
2190 802
432 993
337 663
1540 1495
394 1630
89 1646
363 470
