img13c2.jpg img26c3.jpg
1862 1646
771 857
46 538
2214 1662
1859 1646
2084 1523
1792 1286
793 723
593 723
499 723
2152 1581
2039 1483
1322 1581
2236 1257
908 1100
2094 1581
281 494
1785 1289
743 1028
187 521
684 723
27 509
1998 1443
308 1724
769 727
403 857
894 1267
632 723
70 509
2172 1170
811 723
1387 1428
1626 895
473 844
270 1462
1117 467
1793 1538
1300 1157
1559 829
611 857
1823 1306
794 1028
120 521
804 607
1089 759
154 521
703 723
839 1028
923 538
1734 1491
2217 1482
90 559
553 774
2052 1448
222 1724
1604 1254
1767 1657
836 1204
1875 1267
1758 1360
177 759
644 895
95 80
867 792
2134 1541
729 1028
790 709
1838 1267
1581 829
796 678
2169 1532
852 1465
360 1724
536 715
781 919
1660 1646
2124 1246
199 546
898 759
2128 1723
125 546
509 857
807 1028
2243 1300
857 730
207 1064
317 857
871 212
954 415
564 805
2138 1444
211 759
1444 1428
1695 895
59 521
356 676
731 774
2058 1474
279 968
1634 1277
1782 1614
1733 420
410 765
101 759
785 722
1888 401
758 605
510 676
1251 1321
223 573
2185 1161
1494 1209
1798 139
829 895
1614 829
268 559
1411 1250
764 724
2215 209
1822 1137
2101 1178
2120 1559
929 1314
1213 1100
2250 1484
1860 1329
460 1541
1120 1329
35 391
2011 1443
2118 202
943 1183
2191 1621
430 582
1081 1267
256 759
1064 1258
2083 1623
38 593
1597 829
2119 1546
409 667
694 662
1731 1473
39 521
1645 233
747 887
1867 1255
1744 1220
483 676
777 879
802 910
882 1520
1779 210
2160 1360
2155 1170
1864 196
1856 877
818 1028
1540 1071
105 518
999 553
1239 1100
2087 622
1735 1011
44 535
2082 1541
123 1582
1919 81
1169 463
752 748
1275 1602
756 859
1308 588
2022 1011
833 730
2061 900
2168 1517
506 805
2010 1443
2173 1250
1778 1321
2007 1028
1259 1064
1739 1267
862 1128
1465 829
653 724
682 724
2137 1541
131 80
347 703
1001 434
445 464
1188 1012
1788 197
2070 1528
2121 182
284 734
1054 759
1506 191
813 1258
800 709
2213 165
1 593
718 795
1825 1278
1435 1118
636 1100
1996 1028
153 546
250 857
1177 1320
1195 1364
948 687
1339 588
399 164
321 47
167 80
438 800
2230 1176
385 723
461 805
870 1024
904 504
1342 1176
1461 1199
1786 1280
2142 1534
243 759
1580 482
987 1101
1669 1628
212 734
720 910
609 164
2125 1187
25 86
972 504
291 857
1299 1602
189 1360
1843 154
1007 1126
2042 1428
2115 1640
324 464
468 1201
481 164
791 708
2188 1428
440 1108
1577 829
1679 895
135 599
650 709
1827 401
2047 202
2291 1697
214 873
432 641
775 730
2111 1571
774 766
1078 759
1088 759
1541 975
1585 593
1520 1465
79 415
178 734
2009 1443
2229 1289
928 578
2026 1443
2099 1250
1692 1251
1722 1532
2136 1523
437 723
342 118
741 1329
751 731
2112 1559
856 884
583 676
840 716
865 900
919 108
1473 1388
1353 286
587 805
838 1704
318 869
102 687
916 1474
1519 975
2038 384
2286 1698
96 617
1060 1122
1761 1735
369 155
761 709
1376 1621
2202 1362
1638 1254
1699 829
1038 1376
406 213
723 155
1630 356
2105 241
173 1100
236 38
955 1128
2167 1551
220 734
859 708
1711 1254
698 709
798 1258
2273 1371
193 856
208 654
824 708
1809 1302
183 654
263 722
762 728
9 1554
1097 135
1853 1699
204 733
449 895
633 890
2076 1187
128 792
746 1538
434 795
1849 1483
787 188
823 709
830 649
1567 1488
129 1100
1009 1642
1463 112
266 47
1749 0
2013 1444
2227 1280
2292 1395
640 1201
1671 1627
1653 197
1829 1316
2139 1551
533 709
1016 684
278 1303
778 1018
926 305
1154 593
1178 1296
749 709
750 816
795 716
977 155
2153 1360
1776 164
2282 844
2212 1135
136 703
801 708
2033 1511
1787 1538
1891 1025
1090 759
260 1176
381 946
897 1208
334 733
1781 262
130 1100
452 724
195 98
1423 286
368 164
1462 1635
1447 421
2235 1257
231 546
704 654
757 716
172 47
171 654
80 80
163 734
1061 759
1128 1201
858 727
995 553
1832 1668
1959 1430
271 1374
304 654
1661 1158
124 733
788 582
575 1520
835 910
2159 1525
92 1491
159 553
242 738
736 521
978 1723
605 1517
1312 202
361 429
678 730
1745 1628
113 734
43 80
226 353
565 892
586 197
825 910
868 1128
957 351
463 892
637 1100
227 676
1005 351
1727 401
2193 204
423 724
1902 764
2179 1098
152 1100
375 759
2239 1305
373 213
1068 486
355 655
815 789
2277 796
77 617
262 968
297 245
496 1028
1197 1100
1422 112
1750 401
387 759
2123 154
479 709
832 593
382 805
906 1554
937 703
1412 1157
2132 1445
23 1635
730 164
402 724
73 1723
768 914
975 1707
1036 1666
1874 1137
1496 1000
2008 1511
106 391
925 1141
2110 1138
1574 1601
116 47
1882 663
1894 1544
845 730
1831 1137
137 703
247 182
258 245
370 1018
674 1064
290 155
810 763
812 895
1343 1572
1770 139
1017 1479
1497 975
2245 1451
631 1218
1925 409
2147 593
2275 165
1940 1748
2085 1250
283 759
524 846
535 879
683 678
1708 1465
2049 1198
11 442
1250 1225
64 617
158 684
345 1108
652 164
1709 1236
701 155
717 80
1505 1276
1712 1251
241 968
1595 1276
272 723
237 759
1515 356
2181 1586
1221 588
1857 622
234 857
239 80
521 1306
1269 202
1631 1276
618 1028
4 86
789 851
1726 1105
1913 123
1725 1723
1019 492
1805 1676
1883 1329
982 463
1549 1239
320 249
57 593
770 716
814 212
831 1538
391 1073
590 164
600 521
827 847
1134 102
1530 1594
1635 722
2104 1708
1015 136
1851 0
2154 1517
1058 1738
8 1026
400 968
1696 1628
507 1628
372 785
697 1450
910 1727
413 1727
1292 1729
1877 707
2176 1423
1941 1547
2233 1307
436 166
924 1353
185 734
1119 702
2151 1586
2270 634
45 441
482 1303
29 1685
156 507
249 731
76 472
367 968
126 453
184 1727
726 47
1354 1538
690 894
541 1100
469 844
782 961
981 1474
1069 651
1928 1691
2218 1705
192 607
1672 200
1934 1628
1170 1738
1605 1251
806 851
1142 1534
692 792
709 1028
1372 389
454 734
589 1129
745 678
941 1263
1766 1321
292 239
1381 877
1460 1349
2166 1534
566 155
257 734
543 459
2102 959
217 655
1186 1602
384 164
1748 336
863 1243
2194 1428
340 895
1728 1505
1903 1116
2281 684
515 1552
1011 1554
2161 604
30 684
103 1186
1370 1025
1618 1653
1765 1262
1200 1318
1820 1309
1967 1450
1436 1382
1821 1309
94 759
574 1012
1034 1327
1101 1705
2175 1705
1743 1012
365 895
591 1163
331 968
959 336
663 895
784 1204
841 501
983 336
2097 1484
419 1135
597 1594
1211 199
337 805
970 1101
2211 1428
489 464
1587 1089
425 734
348 759
1738 1586
2051 187
28 1685
352 64
1917 1
232 1551
274 759
952 1617
1270 1450
2067 434
65 391
527 217
689 919
470 789
1569 1695
371 738
1176 1152
1236 351
1550 1520
1759 1578
734 894
1410 196
162 47
648 1100
1865 123
1895 1729
296 734
146 662
702 1018
1364 1161
1718 1716
41 684
1351 98
2177 1179
26 1450
1237 457
531 494
2025 1437
735 951
1923 1715
2143 1607
719 708
1070 556
218 856
1666 786
1710 1653
846 708
1740 1653
2056 24
404 856
918 1100
953 660
1527 326
1664 1692
1879 783
634 155
679 861
280 239
1691 1716
1905 189
91 1685
244 703
869 1267
1742 1685
78 441
1035 178
1151 652
1886 1491
2131 1183
2280 551
143 759
687 702
803 894
1908 1394
2232 730
254 1721
1701 286
196 733
940 923
1012 684
1598 1697
1683 202
1880 155
1249 82
1665 1170
2030 1586
71 1685
582 880
1799 1714
1997 86
157 1486
1872 1383
2234 1124
392 788
1539 441
885 964
1279 1588
1107 1208
1885 1338
522 895
577 779
993 684
1578 1383
1586 1662
1995 373
1681 1592
2228 1124
1413 1012
1909 118
620 879
888 767
1055 102
55 1685
705 1403
2170 86
2276 1108
1025 533
1137 434
349 734
1729 1692
330 164
809 164
1021 298
2157 285
2162 910
571 910
628 741
969 316
1717 919
1591 1578
1500 29
1816 1305
2081 1551
913 1300
1687 1279
532 900
776 728
1366 887
253 1727
872 1662
1083 352
1446 347
1341 202
1432 1154
121 648
598 1303
613 307
767 798
1898 829
289 164
486 910
115 1131
826 846
1162 1065
313 895
695 1652
415 30
881 1119
1568 1320
1833 1329
346 1108
837 1218
1224 48
902 866
1155 1124
1932 307
276 414
426 47
612 890
680 910
1143 684
1904 593
1482 304
2257 769
109 759
853 391
1006 1474
1795 164
1892 641
1172 1614
1957 155
722 1509
821 941
951 1590
505 188
744 164
2114 1138
1915 1040
576 779
1562 786
1982 206
2041 1655
2060 1087
884 684
1160 755
556 734
901 933
883 956
2027 674
316 1653
672 1559
2246 1559
592 802
651 694
716 180
932 351
998 1351
1810 1255
2145 1551
255 746
1235 172
1673 1332
1720 1338
1871 959
710 961
1502 1210
668 1108
1311 1168
1682 202
2072 632
759 1540
877 574
1099 1160
1629 1428
2285 1173
474 1160
494 1201
968 340
1048 351
401 762
427 1100
847 427
996 351
1921 955
374 47
570 759
820 649
713 606
886 1403
3 442
267 464
1174 1637
1333 738
2198 1467
822 29
893 371
629 694
783 1005
1187 915
1544 722
466 910
1483 1383
1532 1538
259 438
1621 722
1855 1575
2012 1443
2237 166
860 564
1063 204
1937 1406
82 573
230 759
619 910
17 1341
635 734
122 910
1450 1718
1481 1729
1570 1511
2091 125
2192 1657
447 1008
654 654
748 212
990 1093
2069 1040
188 1685
523 826
150 245
301 731
733 728
849 576
2238 783
302 1637
673 720
956 1328
1256 143
1437 1284
1584 202
1844 1394
1992 1408
647 1712
1024 239
797 951
1059 1290
1071 336
1474 196
1899 1473
465 867
540 47
1751 1284
2037 1256
439 459
700 910
834 708
967 1389
1639 202
1106 1686
1557 1650
2171 1569
1337 648
1962 1397
248 125
1301 738
1876 120
1999 1452
1493 1221
1641 508
1907 937
310 804
665 894
980 1141
1561 1161
2165 1572
24 1538
615 783
732 712
1737 47
1771 1475
2035 279
16 361
111 403
643 473
1663 115
18 663
441 734
659 224
1124 613
269 887
1074 1389
1199 1403
1579 1608
2059 1018
12 684
295 217
1835 131
525 970
1043 759
327 456
1375 714
2064 1207
287 1028
508 164
596 910
1983 288
69 573
1363 280
1837 1719
2017 352
763 894
5 650
608 910
1222 393
343 640
60 1462
205 783
300 1658
724 879
740 252
1480 1467
1790 127
2240 783
485 1720
623 626
808 894
1931 1464
2095 1178
669 33
377 464
1077 1314
1425 290
1443 343
1719 1590
151 47
229 113
563 875
1730 1538
1952 686
2054 434
773 875
1020 594
500 738
1116 1602
1091 1086
2225 583
22 1357
144 734
1291 588
2063 1484
19 1334
1218 955
1834 1630
7 1430
606 931
513 1131
944 1389
81 1097
1002 518
1929 536
2113 1513
1228 1403
2135 1511
386 770
962 684
1378 1383
1757 1338
2247 819
161 704
1216 1403
1688 314
246 1541
557 245
333 1712
504 104
1521 1352
1558 588
114 245
601 884
657 783
170 1290
379 1749
1623 344
1053 29
1207 1381
1503 1189
203 93
335 550
490 557
816 140
676 86
1385 1100
1545 738
1920 108
638 1342
1400 877
1845 1149
754 1403
2048 1155
1495 1295
448 794
1118 1677
1675 1561
2068 1397
40 1495
108 1100
534 694
699 708
235 997
992 1297
1939 877
309 1176
314 1210
1140 630
1393 884
1478 1351
1548 1716
2158 320
819 908
1600 1538
1797 1349
2016 589
117 977
1027 331
1350 1324
1355 738
328 340
879 1350
175 506
1724 1219
1491 151
2130 1364
1283 1141
1777 1717
405 1563
561 610
1196 734
487 759
491 57
602 635
2288 569
1452 877
233 1653
1801 1601
376 877
1079 1268
1648 339
93 398
936 574
1245 733
1340 595
1651 360
2066 204
2140 1671
431 1749
911 1727
1815 865
1427 870
1459 1365
1861 1243
252 98
48 702
607 894
721 894
1037 968
1085 1204
1858 707
805 421
1936 1012
127 421
165 759
1534 738
1971 1431
31 501
1575 1265
190 421
799 714
580 910
681 910
1102 1008
1349 1309
1599 1185
1646 1089
1803 1488
780 1635
844 292
934 1547
1611 360
1694 1378
1863 231
1964 1398
2266 295
537 705
559 30
1004 1686
1258 1346
1716 1124
927 1667
1238 1276
1814 1727
1889 155
1596 1146
1916 1227
2163 1285
584 650
685 950
766 1074
1114 1550
2100 1572
164 1131
110 453
1129 1029
715 252
1543 1256
2279 855
1076 578
1080 687
1330 1364
225 552
1028 1293
2221 1338
1110 709
1524 37
1981 1570
186 1131
1268 1649
1208 1225
2046 352
2108 1559
1371 1496
1451 534
1652 234
2028 1453
180 11
467 1157
519 796
1819 228
303 968
414 702
610 1204
691 1628
966 139
1212 57
219 105
558 215
1693 1606
1175 1531
265 252
1498 268
455 645
1433 189
1566 360
140 438
1153 576
68 403
1100 1290
293 1583
420 694
688 193
1686 385
1804 1602
416 438
964 938
42 1334
89 472
422 1210
484 704
502 570
994 1097
1723 1124
2040 1250
2249 523
526 933
1087 97
1818 1564
1852 9
656 252
1775 150
1062 1507
1189 1630
2210 456
900 599
2149 69
2289 1700
264 75
412 1727
2200 1518
1325 99
2098 1398
139 1390
341 1384
358 1100
480 794
1551 369
2184 285
213 783
357 56
660 150
1046 613
1518 1210
573 475
1529 913
1632 1349
2224 998
546 766
567 951
1746 304
86 1131
2127 1207
649 783
2231 1655
1946 1406
1986 1417
2164 168
206 1268
588 919
1486 290
2078 279
15 1141
562 464
1418 809
772 890
1869 1261
528 252
1296 1549
2274 29
547 861
1108 684
1464 920
1593 1702
51 407
1096 582
905 1689
1439 1057
1887 1695
578 800
1380 738
407 245
707 61
2150 1122
667 599
1588 1585
359 1686
471 1204
1003 1141
1257 421
21 1495
1141 1637
1453 755
843 1177
851 292
1013 1141
1564 351
1993 1407
1526 115
1783 1016
1881 1637
1678 151
442 1507
614 783
714 1131
921 1284
963 214
1159 1362
1690 107
544 482
475 759
965 75
1647 897
198 725
443 472
518 1727
765 636
1247 1723
1374 347
2032 1657
1573 196
2073 1667
210 635
458 1620
201 722
1223 1723
1278 237
1434 1374
2268 910
34 773
315 1113
395 1066
792 847
947 60
1948 1397
1977 697
364 708
1501 114
2284 1575
645 826
896 755
1156 1743
1051 199
83 640
1147 388
1715 1014
450 1210
2205 1454
107 586
942 1184
989 1637
1360 569
1361 1396
1667 1748
595 758
1240 1587
329 371
350 861
539 714
1560 1185
1389 1089
706 734
958 1525
1424 738
1813 582
2259 656
1866 657
517 1101
2156 1318
903 821
1126 507
1802 1628
1942 1404
191 684
351 11
670 1131
1307 388
2178 1243
850 1146
686 635
2183 285
61 463
87 1532
275 1632
1127 1090
1762 447
1161 106
1656 786
1121 848
873 1118
738 689
861 1543
938 32
1287 1029
1659 1511
2031 1633
876 1208
1542 1701
2002 1535
2029 900
63 492
1644 734
1839 32
2 86
1830 1269
58 360
194 1583
708 946
891 178
1365 970
1760 161
1023 1125
32 1480
388 1100
2180 1267
880 1132
1850 395
2186 1575
74 1360
366 1384
581 895
1565 188
1911 1681
2261 1481
1978 643
1276 162
476 861
725 575
922 1671
1229 1403
1326 1746
1836 304
2036 19
62 1356
338 708
1033 1445
2264 1306
1485 738
282 1262
1650 1383
20 702
363 804
572 1131
1826 1708
149 1074
100 453
2216 1514
134 576
1499 738
1662 199
1961 1149
2062 1572
215 1487
1612 127
1966 231
493 593
1272 859
1390 710
1806 170
551 910
711 1538
971 642
1183 1315
145 1131
323 711
552 968
1736 1131
516 308
1582 1697
1817 937
2000 617
2222 1392
817 1139
325 1559
641 900
67 407
112 407
2260 699
737 810
1535 755
2220 1491
389 30
421 720
739 1131
1135 709
1163 569
36 684
181 1576
238 1493
624 104
664 872
1414 429
599 98
2126 401
326 897
2103 1519
2015 900
2226 1685
169 1345
179 783
1094 371
1552 1651
424 866
549 1077
875 1423
930 1414
622 92
828 1111
1253 394
1484 1391
1873 408
2057 24
240 475
1654 784
666 941
1824 200
472 173
855 73
1049 425
1668 172
2093 1385
2174 284
285 1487
1138 1409
1945 616
1947 806
2079 1471
2242 1492
1231 687
1811 1296
2223 583
411 861
1145 1633
1192 388
1309 573
1180 784
277 1384
1313 607
1336 1587
1417 1718
1146 180
1206 1594
1388 328
1965 1182
133 438
221 438
488 711
1922 1168
1927 144
14 33
503 733
1428 1688
1044 1226
1123 1399
2077 1501
594 1747
1133 1290
1356 290
1404 1522
1680 707
66 475
142 586
1399 1511
362 922
306 245
728 1666
760 542
915 642
1095 1141
1884 1683
2195 232
148 1444
848 576
662 756
742 63
755 599
912 1430
986 507
1242 714
1914 1655
2044 1505
530 438
2182 1169
2254 1665
2144 492
617 829
1182 1083
2005 1079
677 1596
892 574
1039 1368
1321 1406
1938 1223
2117 1194
555 570
1685 203
514 33
866 1222
1201 493
1953 1405
974 896
727 1257
2251 1494
675 1670
887 63
1029 1046
1052 700
1217 1403
1429 151
1812 279
1277 82
84 1507
168 581
1050 1356
2283 780
1280 1321
294 689
501 494
1440 226
1479 478
1610 188
1056 780
1157 388
1318 687
1847 1322
1897 224
933 1297
1707 1634
197 604
1075 602
1989 1433
498 968
1980 184
202 779
311 794
1419 151
1979 1399
390 1097
393 694
396 194
1523 229
997 1611
1386 1256
1689 343
1395 1059
1613 1705
1780 1475
1955 1406
2265 1685
1018 1131
1471 1575
155 1565
984 1004
1807 161
2088 1364
1327 826
1943 1142
1367 710
2252 758
1625 663
1086 499
1392 866
1458 34
322 1268
2278 551
1808 1745
1988 1408
305 259
1893 1134
2034 492
2055 24
1769 1465
497 708
753 904
1643 1092
1705 292
899 1522
973 1605
1944 1406
174 873
1000 1041
1416 1234
1487 867
2020 429
988 1545
1171 235
1167 1538
658 1474
946 1377
1409 1496
336 80
433 397
1901 1121
1352 755
1533 1391
2021 1657
2271 680
1846 1323
693 784
1042 209
1950 1398
2201 1222
895 1612
1627 1568
1297 388
1547 1403
554 922
949 431
1031 1427
1319 830
1266 388
200 1078
1047 1215
1132 382
1615 665
1619 1213
1563 1131
1949 1538
2258 481
878 1423
1315 1061
10 205
1466 1733
147 1685
378 1559
1470 1129
511 416
548 1122
842 492
1741 1606
1930 20
2146 169
97 730
2272 1686
585 910
380 1448
1173 374
1670 375
1840 1394
2106 828
56 631
1232 859
1345 710
2204 1095
1991 1407
1185 1740
1842 1174
104 1244
307 1587
457 49
1265 1029
1525 1309
786 1033
1455 209
1649 1185
2080 500
2148 13
1984 1436
50 111
621 755
1504 1590
2014 474
920 1390
2116 1410
451 143
1248 744
1536 721
1657 789
1789 1651
224 1644
917 1467
1260 1417
1489 1315
630 880
2207 1744
2256 660
1026 1648
344 1696
1150 1443
1243 1315
1763 910
2023 492
2043 1289
398 143
394 708
1066 806
1394 991
1970 1417
854 1014
1214 1581
1010 374
1448 1038
1514 1304
1148 1348
1457 9
1357 872
132 575
1139 1594
864 107
1040 622
1092 1634
47 581
1008 1303
2090 1114
2071 1237
2092 828
976 1611
1295 1242
1774 420
655 1395
1968 1420
13 1086
492 991
889 796
1469 1242
2089 502
1045 1141
1158 1416
960 231
1165 1053
1508 1391
1958 1450
0 407
550 148
639 1109
1125 1199
1972 1431
2287 174
176 1583
464 307
671 42
1298 1594
1438 1718
2141 554
909 1002
520 861
2003 1535
1014 1611
1476 144
1244 1315
1704 93
1773 877
2075 1455
1870 1576
286 575
477 438
2197 1629
1241 665
1362 449
1072 374
1406 983
1674 749
354 74
1032 1723
1332 1141
1555 1131
2262 47
642 1477
1065 146
353 417
538 755
1144 1037
1246 848
1697 1536
319 1174
1067 455
1456 34
2253 1470
408 475
397 880
1974 1431
1407 1625
661 1620
1402 836
2065 1076
696 388
1115 1152
1703 96
2209 421
54 779
160 762
429 1364
1098 1519
1721 717
288 680
1935 119
1191 861
1841 1323
72 991
1752 1034
1772 1194
931 358
1190 1246
1468 1303
1951 1183
2208 148
1510 809
1517 1146
2018 394
1152 447
1179 784
1608 290
579 872
2244 931
418 1520
1369 1541
1522 294
2107 1478
2241 1242
1057 1517
1706 974
2189 1267
935 1529
1073 1137
166 11
2196 782
88 424
459 936
495 249
2074 1701
545 263
1226 1566
1854 1705
1956 472
2293 366
604 1575
1181 784
1202 141
1344 340
2050 492
1684 500
1210 198
1933 1103
6 1732
435 1267
478 438
1556 1317
1594 436
2109 588
1475 163
1130 404
1281 1029
1477 44
1768 1265
85 438
417 1559
1976 1417
273 542
1225 2
1511 1113
1714 1087
1791 1564
1320 388
383 1681
251 417
1900 1555
1219 373
1282 1241
1636 189
2269 446
1316 256
1700 526
2255 1193
453 1733
456 759
1348 1565
1926 1591
2004 1407
1112 1402
1403 618
1764 1256
99 382
542 1422
33 698
141 587
2219 1491
1554 1634
646 218
1305 61
1347 499
52 438
1658 1210
1973 1407
625 12
1263 1305
1828 812
1990 1431
1572 755
1848 964
1960 616
2096 1215
1698 1527
907 566
1203 1549
444 159
1230 884
332 760
1896 385
1906 1711
1323 710
1111 1634
228 855
1334 290
312 1510
1975 1417
1878 385
1338 1261
339 1261
1994 1052
1209 177
1963 1357
616 1262
1105 744
1910 1134
428 1464
1490 1306
2206 449
1607 1697
1359 1576
1109 770
1164 229
1601 1147
446 1015
1184 1403
1426 1323
1633 96
2045 1489
1306 1586
216 946
1377 1089
1628 1634
1576 955
1954 558
1113 1740
568 173
1293 228
1379 1391
37 1086
1592 163
118 1569
1553 290
1796 1316
1030 1700
1022 1022
1617 443
1194 1416
462 211
1271 1125
991 1182
1624 1712
1969 1408
626 428
1890 1115
1528 1590
1985 1612
950 1611
2024 1201
75 1155
138 21
1987 1431
1398 707
569 611
1571 1718
1531 918
1642 938
1215 508
1273 1103
2086 341
1602 1740
939 781
1449 166
1747 222
2122 1430
299 481
1324 1238
1397 1679
1616 1731
1754 1590
1431 958
2187 209
1368 839
1204 1634
1755 1488
1609 363
1285 1335
182 92
1794 144
1655 224
627 1010
1093 1364
1868 997
1454 218
2199 1271
53 921
1507 809
1702 296
1314 1426
1677 222
874 1549
2053 472
1198 877
1383 1559
1509 290
2248 1093
1472 1402
1415 918
890 1560
1421 571
98 1555
961 1713
1252 1323
1756 276
2006 1654
1384 1472
1589 664
779 611
1168 1480
1103 388
1136 1634
1284 1725
1713 222
1488 256
1267 388
1328 388
1401 755
2129 1673
1264 216
603 1417
1335 816
245 438
1041 1207
1590 780
209 303
1303 910
985 602
1122 1740
49 1382
1317 1472
1405 842
1430 1402
1583 1562
2001 1734
1205 414
1512 1532
1753 1297
1233 1402
1331 558
2190 1612
1800 332
298 1417
1149 119
1286 1002
1382 290
1513 651
1261 698
1441 1323
945 266
712 1041
1606 558
560 1464
1622 1696
2133 644
1537 256
1254 346
1492 43
1358 767
1290 823
1234 571
261 629
1391 1138
1396 1244
2267 492
1603 1476
1294 1155
1442 4
1538 1569
979 0
1912 1464
1082 1578
1640 222
1262 737
1166 346
1546 516
1637 1674
1304 1248
1302 1443
1918 1571
1445 1514
1131 146
1516 958
1289 388
512 1741
1373 349
914 266
1732 144
1924 1241
1274 119
119 1693
1784 1468
529 1546
1329 272
1346 1443
1676 1722
2203 341
1255 1237
1104 1041
2019 1052
1193 1740
1420 34
1288 34
1310 1242
1408 1184
2263 25
1227 1248
1467 1443
1084 373
1220 571
1620 581
2290 1674
