img15c2.jpg img18c2.jpg
2477 2476
1304 1168
1350 1168
444 2062
10 1365
463 1881
342 2485
235 1168
2077 2459
1790 1312
2325 1979
152 1646
1351 1250
454 252
1361 2267
1103 252
609 1397
844 1356
1811 330
460 1646
456 1934
1769 1776
1347 2485
837 1250
1335 2417
1610 330
7 1168
489 1880
549 2267
334 2485
1843 1250
487 2380
179 1913
459 252
885 2280
2075 2329
2342 2197
1601 1168
1364 2267
2067 2150
1362 1809
1520 289
2480 330
398 1168
579 175
1392 851
81 2417
1339 2161
1096 2062
1940 846
1175 2062
32 2070
765 2271
283 251
1098 255
1714 142
567 2267
194 2000
258 2155
528 190
409 280
1510 2156
191 2456
1201 1537
234 2110
1066 835
1210 2280
539 810
2486 1833
16 192
2267 2268
1589 255
285 1403
388 397
861 1872
1949 846
501 296
2078 2519
2327 1879
2355 227
2398 250
591 776
828 2280
1920 29
494 2386
1289 1168
1433 2062
1512 253
1643 858
2409 2444
271 1825
896 1274
2491 1833
574 1686
848 1542
2246 2453
212 1939
1286 858
199 186
1499 1841
1658 1664
1998 2453
2281 2062
182 1913
867 227
2206 2306
2468 2340
2487 1945
2490 2063
1301 1895
477 1938
522 289
282 2406
824 1808
2266 252
878 1809
2340 1611
457 746
88 1538
2282 2062
925 1362
2315 1426
188 1938
2322 1979
201 1881
250 1538
2358 1252
313 2457
527 2070
1701 1641
1498 243
337 2392
557 124
598 2118
1664 1418
1755 300
196 2113
2271 252
1328 2386
240 1242
378 2406
1291 2136
1318 1811
1604 254
2074 2306
375 1825
666 2221
671 1252
840 1872
107 1228
2441 196
806 1462
2343 2197
2458 2116
484 2406
1592 2453
560 1168
165 686
101 279
2287 1148
589 2386
1900 1809
2326 365
58 352
2461 590
420 284
529 2237
1379 1880
2109 2151
2338 1809
597 2195
1894 1801
779 89
1373 1537
1870 1208
1590 254
847 1628
1415 1808
1642 846
2446 124
832 1492
1023 858
1345 2465
2448 2484
1358 251
1682 2191
2068 2306
407 2386
225 286
505 2036
254 330
167 1710
351 2386
109 2058
406 2330
1419 1293
1591 255
206 352
381 877
1218 1807
362 284
854 2280
855 126
1095 414
1228 243
1374 1357
1699 1880
846 227
1036 2457
853 2280
204 1979
1413 1423
458 916
1500 300
227 2406
2300 2137
2469 124
1323 1844
2489 252
1726 2000
2274 255
277 2280
419 2158
1926 2280
2045 2457
2481 98
1378 2511
1545 2118
897 1467
2433 1859
2476 177
153 2453
219 2043
884 237
2377 1363
1434 2062
1558 1628
306 2453
1842 1809
2345 1223
1638 1266
31 266
170 289
1465 858
2285 2306
3 172
1025 2096
1400 2453
261 2271
2382 120
72 1606
296 2453
1203 2273
2265 2062
163 281
318 2080
572 2131
835 1467
866 2280
962 1939
1395 2457
502 2395
324 2080
1804 1105
473 243
851 2280
1071 252
508 1365
1010 2419
1981 196
553 1149
1537 1097
1626 2116
2424 596
1230 2392
1231 1917
267 2280
486 2404
1417 442
1659 1250
1727 191
119 2235
176 2417
541 2386
585 912
2457 336
272 2280
812 2198
347 2392
1121 459
1650 2457
2313 1111
2460 2079
1495 2406
1580 2118
1213 1893
1448 273
135 778
288 251
2247 2053
1391 300
2321 885
2464 2092
2256 254
374 1919
1195 293
964 1873
96 2268
892 1204
1159 1748
1608 1305
1651 2150
1818 858
2344 2275
140 284
1436 148
2451 2097
612 192
1091 1930
1349 1542
2284 2264
322 477
2356 227
1987 2419
2076 2329
446 252
568 378
805 1354
1194 831
1202 227
2009 1022
17 1844
1833 2280
1229 186
676 1876
399 284
1068 2465
2362 1174
2444 1711
798 1449
512 1869
158 2240
1125 279
2062 254
94 859
569 1293
1366 2340
1416 2267
1633 1296
2474 2063
475 279
480 1822
2024 1676
307 2457
479 2330
521 1293
1422 511
2222 2457
2453 1945
1754 1195
66 2326
169 2386
578 279
2312 1097
624 835
926 1274
2485 1833
82 2421
1097 1233
2363 1770
168 281
482 2070
268 1240
85 2147
433 2406
1703 1478
2475 2500
100 2326
1533 29
1552 858
1810 1181
467 840
566 266
780 126
982 2276
26 1830
2400 1032
629 2383
150 2360
955 666
421 1784
1087 2383
514 1538
1820 1403
2478 124
455 1538
214 688
2144 1574
2401 814
914 317
1283 1762
2288 1448
67 191
70 254
2279 1911
2420 1557
2387 1770
826 320
1880 1266
2318 2043
38 1777
509 840
1577 1502
1473 2150
2330 919
118 602
1617 269
977 858
1268 2062
1319 2150
1356 198
490 1765
1063 2457
1279 2053
1344 2465
2159 2502
295 149
2353 1485
728 2212
1359 1858
1408 1858
2192 2062
429 2306
1158 293
1188 1866
128 378
856 1866
1645 2380
2316 2418
323 511
804 1703
207 330
325 2386
2437 1552
90 974
1348 1995
373 133
1609 1783
1139 2386
1394 214
139 2386
21 2502
57 397
76 2406
425 133
1576 2235
273 2280
403 133
1582 183
1602 1859
2145 958
27 1708
133 2373
451 1606
662 2232
663 87
1892 1628
2090 2306
166 1784
395 912
875 1857
1372 1813
1477 2139
2205 1060
253 1293
361 1293
1176 1615
1376 2459
2135 252
2069 252
2183 2097
1593 252
2294 178
2463 1676
195 2118
583 587
1542 1542
1616 275
242 124
304 2465
2111 2151
2249 2372
229 783
349 666
930 1242
1332 2047
274 319
883 301
1412 2285
1363 56
162 2087
241 663
278 1240
379 2220
2341 2197
64 1606
496 284
516 2185
1383 1195
1930 2419
2208 2306
189 1822
338 1293
811 1258
1102 858
587 289
1713 296
2280 2102
1393 1403
0 1444
172 279
1084 254
1437 343
1639 1893
970 1914
291 485
655 2405
1333 920
2283 2453
159 269
825 1703
2091 2306
1775 144
882 846
1303 2121
2405 1363
464 1784
1661 1122
2172 884
2466 2147
230 326
264 2373
410 666
493 2417
1694 1172
1776 306
2207 1680
1186 858
1329 2360
1573 1911
367 378
1099 273
405 1680
615 900
1174 2459
2388 1271
103 1626
2000 1712
2272 2170
185 659
327 139
576 746
1506 2221
154 1365
215 1293
1382 29
293 829
610 1397
1227 2277
2319 365
228 776
415 284
618 1249
829 320
155 1426
269 55
413 1293
1475 2150
2439 1316
2484 2097
121 352
649 1879
1157 151
1409 73
2201 2137
831 79
872 1176
918 1873
1061 1821
1559 1266
1720 510
2134 2486
2351 214
314 2457
1280 2062
22 2268
238 1808
868 214
1048 2053
1050 2135
619 395
303 2053
570 2387
776 58
2156 2329
2220 1859
1599 1908
1838 757
2411 296
252 746
1296 2062
1337 1467
661 2339
1587 634
330 1426
898 16
2254 2151
852 1502
2413 1705
24 256
1423 2306
2273 252
49 347
543 714
791 93
1502 1145
584 2329
803 83
1877 1741
2423 1833
223 2373
276 1060
1083 2459
1944 2141
2350 2342
129 1269
987 148
1760 2457
2178 2264
180 2425
422 840
1457 2409
1541 1866
1331 2371
1665 1904
1734 360
178 1284
2375 1343
184 2174
641 2367
41 70
245 1426
608 148
2263 2062
2276 2366
2385 2514
275 1137
2095 2383
873 1204
1547 81
220 1561
1759 1148
54 1749
208 1426
1200 1809
1921 1070
2391 1452
630 2502
331 595
727 2238
1410 768
1588 2487
2047 273
1635 2380
142 255
537 625
778 2271
857 1856
1047 2465
1525 2000
633 958
1397 2062
1528 1615
2244 2210
102 1284
652 2389
1399 2358
1548 1542
213 926
2094 2367
270 1936
1190 2263
2209 2329
174 2417
787 106
899 1587
1768 1776
2248 2053
2290 2062
45 1506
249 666
1058 2105
1527 2155
2245 2403
98 692
108 2495
665 1930
688 2403
346 279
1321 1040
2063 2465
2462 676
11 705
164 1052
427 1334
635 958
1819 778
92 974
309 877
1144 253
1513 2268
2187 2161
299 2372
465 1710
592 18
1570 1542
1739 1404
289 1452
363 663
1070 2519
1049 2465
1693 2221
2001 1525
157 1913
2080 2062
239 266
426 1456
504 266
1551 2326
2436 1901
491 912
1208 689
2171 1817
243 1365
1898 778
316 2118
1198 1362
1657 1334
2046 2170
2396 1726
393 581
673 255
1825 2252
1219 227
2295 722
2412 455
545 2386
1199 2280
78 284
559 1426
1040 285
262 140
594 2164
1085 2339
217 174
297 255
354 2102
520 284
1925 1350
1156 2380
2467 562
146 2477
447 177
2131 1554
2438 196
4 1142
335 2403
345 516
2092 252
232 2102
620 2000
949 1609
265 1385
1594 1445
279 482
1806 1913
2278 1934
63 1326
1108 1741
1212 317
370 281
2005 858
91 667
266 1282
298 2457
329 1538
1634 422
2455 794
122 60
353 2164
1187 1032
1725 2145
356 280
650 1785
1162 2238
2048 2457
2262 255
160 1443
1221 1801
2303 1211
2331 243
113 1530
596 1522
614 2070
340 1784
1309 1606
1652 2457
1013 2101
1942 2063
753 1891
2102 2297
2479 2507
290 1452
1442 1336
161 252
2492 2188
817 2198
1411 1418
171 277
1056 2276
2012 2068
2399 1818
52 1538
302 2465
315 2457
651 264
1421 126
2079 2383
417 2392
1330 1554
1861 214
2228 2151
816 2198
944 2219
2421 2471
408 587
2113 1913
2332 352
535 214
928 1250
1295 1784
2240 1936
1738 1404
1060 2349
1549 1502
1611 2444
1641 2175
365 1426
821 1195
985 1343
2323 1172
226 2330
533 279
807 1893
1197 2271
2346 1693
2425 124
130 963
181 1493
203 2235
1595 1350
510 352
1600 1363
1780 2306
654 1811
177 2395
814 320
802 2198
1729 263
147 368
571 1784
1109 2005
1211 1628
1285 1552
536 564
1881 94
2482 1992
525 564
1306 2327
1474 2306
1876 1816
218 2459
777 2271
1178 2218
478 2380
910 893
996 2328
1005 1784
1781 2080
2133 2465
653 2389
1284 2358
1543 1542
2304 1441
25 96
1262 1753
1443 667
2196 2212
2289 255
116 1866
1480 2091
23 787
391 2231
1507 2151
1707 1759
1844 1961
2215 2151
1396 2465
1859 1939
75 1751
319 397
600 1777
1481 1741
1724 2152
2093 2062
42 1371
259 206
744 1166
1524 776
2275 2465
99 277
350 2274
1913 1819
2268 2062
134 1804
761 11
1057 768
1355 236
1523 2433
1721 2175
1912 2263
443 1459
449 181
1352 1766
2277 2047
485 1793
1327 129
1619 1422
1993 633
2217 96
247 1827
257 1784
1357 757
1568 1784
18 724
366 1038
462 1293
1800 2405
305 2457
1773 96
2168 2457
124 190
237 1522
369 1818
907 1173
117 266
383 1626
432 2330
548 1770
700 983
1220 2280
1459 1821
2302 2484
387 1580
1034 2519
1571 1815
2072 1233
368 1784
1384 315
1897 2145
2291 178
84 236
916 498
1377 2349
1719 2280
2305 301
563 757
879 1647
1092 983
348 455
1152 625
1508 2151
581 667
702 2151
1902 2274
2307 596
205 2328
909 2263
1812 1681
1051 1574
2369 1867
1019 2371
1722 768
151 1327
1772 389
631 2459
789 2212
1567 1790
2361 1195
1006 926
1605 96
1737 1023
2110 2151
95 1052
197 336
2357 206
284 1240
394 746
937 667
1124 1937
260 564
1035 2465
2427 2471
39 240
740 2367
1094 969
1426 2080
2089 277
1550 1145
2434 470
1398 2457
523 536
1179 1611
1622 1338
1918 667
1173 2358
1440 1802
1799 2405
2224 2150
400 1708
526 1784
637 1944
1260 1630
1277 145
2306 1097
233 2247
1067 1821
1994 845
2059 515
115 347
1288 1753
1662 2142
1839 599
2199 2295
860 310
993 1801
1177 125
1835 1182
1496 219
332 2403
1134 2
1334 622
495 1137
1000 667
1137 667
1313 783
1778 2459
2221 2135
682 2151
360 796
800 595
2008 2373
886 1075
1777 1918
396 885
915 1628
922 2147
954 2050
2354 1454
328 1286
430 1405
836 240
889 1654
1463 1343
1544 1579
1708 2105
190 1284
729 2198
1401 2053
2329 243
2493 1487
74 1589
148 1626
1189 1893
1745 1793
1797 2320
2085 1327
104 2277
126 477
1003 1769
2150 2357
390 2070
531 821
1621 975
762 2198
1245 2043
1439 1867
1597 2419
12 1052
33 894
604 1286
1069 2053
2017 2168
2193 1086
2333 757
471 1143
2403 1695
934 131
1106 1284
1320 1753
65 644
932 347
1988 2294
555 2064
1534 548
2163 263
2253 1779
1075 2044
1148 206
1585 877
1911 959
389 352
742 1777
2114 2329
236 2431
664 323
722 595
1371 2395
1385 2379
125 177
887 1878
2186 724
973 1403
801 595
301 1821
766 83
891 1195
1504 33
2310 1729
2051 2253
386 394
871 1648
392 1538
418 1426
1093 2403
1957 548
474 516
1562 31
2459 1595
86 2485
876 324
1931 1726
1972 238
488 485
1064 2316
424 277
1578 33
1674 1753
1807 94
2071 2318
813 1350
862 1648
1078 2331
1613 1607
1 1426
127 1641
138 113
192 912
263 1924
827 461
2236 255
106 1371
1758 2372
105 642
358 2431
532 2137
842 135
890 2273
359 2109
1143 368
1171 1284
1447 1811
1497 1504
1546 319
1793 511
1832 2280
2359 18
187 183
333 123
546 1765
554 2431
725 2212
1629 724
1452 835
1640 1023
2255 252
2309 2072
2449 1242
2472 1723
61 1523
414 943
481 587
1761 2465
438 2262
1445 2329
1623 1861
202 1058
2286 2307
2347 785
2465 805
1046 2465
1522 623
137 1343
2151 1405
2296 1359
830 1872
838 461
1553 2145
2428 1624
794 2009
963 1471
1138 2392
1154 270
1565 154
645 2389
1603 667
1493 1108
2096 2062
2125 1032
497 2405
917 2234
2229 2137
507 1840
573 191
1076 511
2112 2386
73 1680
256 1337
561 1592
1733 2210
2379 1442
763 2233
1632 2443
2392 916
675 2465
1149 1542
1879 1825
1958 498
2293 2487
336 2267
989 1452
412 2431
705 1770
726 2238
2034 935
2234 494
1090 1129
1783 534
1789 1038
2454 175
34 2242
372 1924
758 2151
888 609
2250 2372
893 1826
1461 891
402 1679
2022 2502
87 194
1116 128
1183 2226
1259 340
44 2285
788 2151
972 474
1302 2511
2320 2435
799 2151
1181 1485
1579 1825
1821 1070
2124 1217
93 2419
1016 1607
1878 717
1979 667
1791 2511
515 857
2408 143
2471 1918
939 320
1244 2042
89 352
2016 1270
2241 2137
552 352
1680 1463
2115 2486
2167 2044
321 1991
1696 2135
19 2328
30 1284
35 22
1671 1901
1503 231
1767 757
1887 2485
911 2141
940 925
1088 1861
588 101
710 961
1485 1324
1750 2053
6 1793
466 430
2191 898
858 938
1691 148
2230 2306
53 1038
60 1538
470 1880
1052 2268
1147 1214
1234 596
1598 1856
1875 1594
513 1715
1343 2074
2422 1477
248 1779
1243 845
1505 1777
1743 2064
1969 1205
317 352
469 494
644 2300
1615 838
1785 1388
286 1469
538 2320
2372 1426
132 277
683 2406
1042 2145
2116 2465
186 70
625 430
2023 2379
2337 2263
435 768
1620 1806
2033 1861
1805 2221
2311 1284
1834 2415
136 229
200 887
849 214
2141 1780
927 1703
1557 2280
2381 60
577 516
2123 491
2366 1274
1029 112
1586 845
1648 2103
1779 2329
2473 800
1431 2453
1689 2379
945 1397
1681 1584
2299 578
718 2277
1086 811
1236 169
1637 2263
80 1373
795 2165
1072 2358
1937 1153
40 2140
1788 1712
222 277
948 311
951 31
1217 2280
1336 2105
1751 819
2360 2151
198 1217
450 352
1053 2502
1266 2135
2032 2199
616 2287
1748 1151
2042 124
1122 262
511 1337
707 2151
1077 2262
1275 1983
626 1939
738 1913
1709 1798
2365 1167
986 2058
1386 2053
1468 263
1654 1358
5 1037
1390 1292
255 229
724 2198
2383 821
1169 2507
1907 545
382 2431
613 153
680 2151
1009 422
1479 192
1917 2162
519 1944
1407 557
1575 346
634 2306
1830 49
2070 1818
71 974
503 236
971 2132
2155 958
2223 2457
2226 255
437 2495
701 2151
730 2238
1910 2476
2231 2268
2349 1059
453 1286
933 1362
1267 2486
448 263
1471 2239
2397 42
2432 1795
1489 1723
1572 2406
1845 633
123 1097
632 2264
2301 1853
2370 1313
62 192
397 1784
2052 622
2404 1588
992 2328
1272 1371
2414 97
2417 757
29 875
904 628
703 983
810 1284
1831 354
1966 858
111 1526
556 857
1360 969
1982 213
183 1891
251 1922
1612 1607
1697 1602
2314 1759
1305 40
1663 1425
2018 127
211 2038
1032 1954
1270 975
1418 1357
141 1535
156 149
739 1876
1226 877
1683 1872
2242 2372
1841 2141
2099 2302
2410 1406
643 2389
921 1594
976 2149
2030 622
551 193
498 608
981 1538
1427 1453
1484 61
2026 2053
2055 70
1222 1759
1387 1636
2339 1209
1274 2237
1736 280
2426 236
28 2349
1104 2327
1131 979
1402 2379
2378 1271
1704 1547
1716 1683
2243 1048
774 1673
942 1378
1700 311
980 1926
1232 1049
312 2464
839 22
865 1898
1007 257
1757 2135
2118 2249
697 2151
863 1661
1490 2308
1596 1240
2334 2193
246 446
1905 1087
343 1922
416 912
2049 1821
696 2151
874 2088
1142 2486
1389 568
2060 1066
300 2465
1024 545
1435 2
1581 412
377 958
1456 2181
1676 1673
2429 419
1030 389
1472 634
2308 1605
1660 25
1803 2084
1950 112
131 609
2456 690
376 625
679 983
913 2064
1365 153
2367 1182
209 2078
1209 128
1271 872
2087 1835
975 1510
797 123
1247 84
1370 2423
1381 545
1814 861
1975 1410
1723 1098
1796 680
540 113
678 2151
698 983
952 749
961 350
1161 2228
1649 1680
1941 1937
2177 1937
2317 1415
783 595
20 1851
639 256
1673 1414
756 18
841 1872
1338 1649
287 93
2138 1762
723 2152
1901 1865
518 375
670 1170
2431 1552
445 236
1904 2226
690 595
990 1397
1631 2200
646 2389
1322 1311
1039 1097
1888 2210
2452 717
442 1517
714 2406
850 1906
1794 1874
1919 412
2374 1898
492 2299
784 43
2488 862
687 983
1263 1521
1690 427
1702 1310
55 2280
611 340
695 595
1293 34
1462 447
691 595
757 2138
1074 1336
1353 870
2419 157
1430 2240
1771 1446
173 2384
601 1777
1008 581
1584 1864
1644 2145
2084 1066
339 1443
352 2330
764 2212
2044 400
2108 809
364 1030
441 678
1246 115
2173 482
686 983
699 983
1511 130
1679 579
2006 758
36 26
83 1522
708 1586
1163 2136
1849 1918
308 347
1258 2360
1705 2215
2269 1448
294 2117
749 2491
79 2078
706 2151
775 1371
785 2406
1454 828
2257 194
114 2138
796 32
1153 776
1317 2385
1539 989
1932 461
648 1105
1287 2006
1017 1797
1885 50
310 236
606 1860
823 1730
1429 2307
1770 1913
1240 1013
46 1339
404 2383
622 2004
2198 212
2430 1088
809 2235
1140 413
48 106
1114 15
677 1373
149 1522
344 140
1801 2080
2352 6
959 1832
1225 166
2041 1619
2103 1913
636 839
1747 994
1675 2437
320 181
1037 1448
1853 1408
1973 2059
2170 2279
2235 2268
472 952
815 913
1782 1853
1630 1391
1753 594
1816 886
755 2287
1956 192
47 2009
440 1184
558 1793
638 577
1136 1608
2121 2
2152 1139
712 2211
1237 2383
1252 1173
1809 2281
877 2142
1126 1854
1054 17
1850 790
2142 444
411 1592
768 2403
1082 1738
704 2151
1862 17
1026 1519
2324 757
2435 1795
281 625
1756 1876
2086 2269
834 1891
999 2148
1308 1388
2021 330
1167 2239
2105 1163
68 1329
818 83
2050 277
14 1160
1529 1825
2081 1479
1538 1630
1670 192
1989 1300
2088 647
2251 2515
656 521
709 1586
808 1214
965 1584
1281 281
1977 1916
1857 2432
2190 496
1002 564
1132 2132
1666 2138
550 144
1111 2278
1980 869
2328 604
224 2292
483 2078
1464 1956
1735 1746
2442 1316
43 473
144 1767
1828 767
434 729
745 2215
1028 736
2292 1316
2450 2517
69 417
1038 2493
2483 1276
1517 1018
2373 2443
1255 2008
1441 1841
1829 1593
715 2151
1141 1149
1155 2004
1519 121
2336 327
685 983
1563 1825
2443 821
1369 307
244 780
439 489
530 140
719 2491
1518 343
2007 2349
2011 1003
689 1777
1123 1293
1130 1371
1346 1290
1530 2316
1954 1094
2402 2375
1795 1263
2185 2131
603 485
1999 1817
112 2193
782 595
693 2403
1858 1602
2200 2081
1079 2080
1706 563
1827 1927
2101 2307
1686 1989
2264 1531
1494 251
1948 369
1476 521
1555 1408
2219 271
617 1531
623 1410
1110 1818
1424 2380
2040 1881
2390 978
1469 177
2188 1245
770 501
1732 62
2031 942
1455 1594
1491 1105
210 232
720 2491
1172 1504
924 2234
2386 415
905 2281
2189 169
602 427
743 2490
216 1436
1536 634
2202 2382
2389 1389
869 672
1015 2311
1607 1166
384 1522
547 229
1535 1148
1710 683
1953 2087
2128 2361
1205 212
658 2151
672 2006
1762 1567
15 1835
731 2403
1342 1196
1653 1270
1798 2389
1251 2142
2195 1224
692 2406
1766 2511
1865 761
2233 1780
1746 2103
845 2420
1014 1698
1425 2307
1995 256
640 1607
1428 2464
1718 1363
920 2420
1893 687
1983 1210
2097 583
1569 953
1923 878
1290 389
1432 904
1466 330
2174 1622
2416 593
1297 2138
752 1961
929 2252
1314 933
978 595
1375 382
1792 2199
2 1343
193 2344
1406 759
1945 1378
2232 2358
2371 848
864 2140
1692 429
2140 111
966 331
110 362
936 1278
1492 1902
2065 1477
2364 2248
292 881
401 2396
660 2081
1367 162
994 2076
1532 866
1869 1966
1388 1668
1501 1229
1196 10
1871 334
647 2080
717 2485
1815 1405
2164 2197
605 1203
1273 2488
1460 127
2225 2371
120 1670
56 139
575 616
2004 986
2395 483
1160 2006
2120 135
694 2403
1100 722
1560 148
1618 1943
935 1809
1119 2050
2270 2382
681 1770
760 2210
2160 731
37 1942
1294 514
1822 1005
1129 2462
668 2389
1256 342
716 2210
1847 1462
2003 2017
772 1658
1934 1761
2216 2198
2376 1751
524 181
1873 454
1962 1487
1566 1438
2394 941
506 1285
1292 783
1312 697
1414 724
476 253
1668 2118
1840 2435
1914 1715
1636 502
1656 1270
1216 2284
1695 1715
51 1982
77 2343
1891 1869
906 1397
953 1598
1740 1330
1874 2212
8 453
1059 2465
2298 439
1380 4
1765 2443
380 283
790 2198
1215 2457
1763 873
2014 619
2154 495
1890 63
2166 783
2197 2319
1241 1038
564 304
1224 1004
1922 2476
2180 105
1001 782
1625 2017
1711 910
1749 2377
950 613
1223 943
580 1565
859 6
2148 1098
968 232
759 2389
958 1768
1837 1639
2025 2118
2038 1557
628 1215
1107 509
2119 2462
1889 27
2218 1153
667 563
1624 134
1043 545
1278 1406
1453 2488
280 63
599 337
1556 258
713 2389
741 4
2237 415
1012 1163
2143 389
684 1147
900 945
1307 66
1854 444
1340 1028
1561 1506
2418 1438
1908 759
2039 607
793 1161
1687 1339
1813 1858
1960 16
2157 1572
1967 2472
2348 123
468 332
792 1282
1420 60
2214 1650
1151 1093
1249 1851
1065 548
1073 952
1315 858
1927 1963
2153 588
565 1080
2083 2515
957 496
1895 2152
2212 965
2260 1233
2393 636
711 2153
1027 309
1961 1398
2015 2047
947 2155
956 2227
2002 1444
2122 2363
1041 426
1906 798
1531 897
355 2091
751 2491
562 1374
1486 830
2258 1994
923 2509
1164 845
423 2291
997 992
2132 263
9 1444
894 1852
1282 1424
1311 1276
2043 1988
2027 2376
1021 2112
1574 1368
2127 1387
1467 117
881 899
1242 91
1526 297
1868 1607
595 415
1678 2423
2158 1279
750 2491
385 180
1044 316
1451 1315
1554 1683
1672 2469
2146 1876
231 1767
938 722
326 1860
2335 221
534 181
1627 77
357 2103
452 483
1614 664
1253 1531
542 222
1062 2060
1717 2082
2447 2404
912 1313
1446 2386
2176 6
903 319
431 1781
1113 1089
1509 2118
1115 1255
1310 1371
1667 818
1239 888
1324 1058
2126 984
1022 2403
1233 356
1238 1976
621 771
1628 682
1731 361
1996 1186
2227 489
627 410
2440 181
657 2151
2162 739
1646 1666
1826 2439
1184 367
2056 2516
2106 2142
754 1952
1101 263
1684 898
2028 277
1018 340
2184 2423
2415 409
221 110
1166 807
2147 1997
2179 2347
1261 1073
1883 1645
732 2333
1712 1105
590 1966
1133 1374
1405 62
1450 1328
1031 2452
2054 876
428 1638
1341 14
2117 1270
2082 472
931 384
499 780
943 486
1851 803
2066 1387
461 1251
736 2390
1872 68
1118 2165
145 329
1326 2426
1516 1856
1774 2282
2036 1670
2053 1771
2259 329
1191 1637
607 267
642 21
2161 417
2029 1164
2057 1780
1884 1446
2252 1376
311 528
1952 461
1483 1968
1316 194
1964 2291
1514 1323
1089 1147
1168 362
1985 2091
2137 1381
1482 1623
1846 1891
1669 413
500 685
1848 1206
1127 2
97 716
1105 542
1647 1310
1192 398
1655 1937
1802 2492
1896 2388
767 12
1564 505
2136 958
1180 1536
1924 313
902 1819
2129 2311
880 856
2019 945
586 2006
747 921
1515 2228
13 1432
1971 2182
1438 385
50 1106
1269 334
960 1894
1033 2402
1936 782
843 15
674 1531
969 1171
1933 1443
1787 2474
2261 1518
1045 226
1112 1805
2165 362
2239 1757
2100 1670
2470 169
1677 2024
1863 207
2213 1847
1185 666
1444 2307
1742 961
984 6
59 396
1300 1757
2013 820
1257 2339
1449 111
2061 82
998 2196
2175 462
1250 1989
1540 1578
2020 170
991 1371
1117 544
436 407
1899 1921
1997 588
2149 1226
1903 800
1951 492
1741 153
669 533
1368 116
143 906
2064 1789
1020 2017
1752 1263
1004 232
946 1388
1943 33
1946 530
1974 447
771 1601
1928 494
1170 830
1521 932
769 83
1325 439
1852 577
1120 2135
1959 1270
1968 325
1744 458
1817 703
1970 2153
2182 2327
1276 2090
1583 1536
1909 1890
2010 1762
2407 153
1458 369
1856 2452
2073 1225
1938 277
2098 2379
721 1007
820 1742
1145 435
2211 1975
1864 1615
2037 2388
2238 100
2181 821
786 514
1193 2115
908 2227
582 945
1606 2142
1984 738
737 1738
822 1730
1915 39
2406 2043
1150 1842
1855 434
901 1906
1081 444
1265 549
1204 1735
2384 319
1488 2072
1929 130
2058 1095
781 14
1235 2208
2204 343
1248 1648
341 2207
659 2211
1784 1260
819 1649
1860 1832
1823 1381
2210 2062
1730 1202
517 360
1882 1179
2380 61
1685 64
1935 375
1715 796
1182 1875
746 1019
941 1909
1991 1002
175 2462
974 1648
1836 2491
1992 802
1487 606
2139 427
1978 372
1264 430
2194 2382
1976 2186
1824 2033
2368 90
1916 1224
1403 1244
1698 394
1939 1614
1128 2406
1688 1454
1866 1225
593 1848
1867 2174
1963 859
1080 1601
773 1892
870 1169
733 1007
371 410
2107 2025
1135 727
2104 842
1011 2289
1146 2423
748 2491
1055 1206
1986 2017
1990 1694
967 2165
995 7
734 2333
2297 1180
983 2022
735 1573
1165 1912
2445 514
1764 741
919 474
979 1852
833 1645
2130 958
895 803
1728 2130
2035 821
1808 7
1354 2153
1299 1585
1206 584
1298 2498
2203 2368
1214 1977
1786 1026
1254 1864
1207 1161
1955 2406
1886 772
2169 1781
1947 1058
544 1969
988 1648
1478 440
1404 959
1470 2333
1965 2440
