img19c2.jpg img25c3.jpg
1853 1715
1013 871
1854 1713
1822 1459
1036 871
1031 873
1058 692
1847 1530
2310 1266
1999 1517
921 922
2200 1373
318 655
1061 838
1256 1060
2283 1713
274 328
965 736
1796 1522
916 1076
288 628
2181 1646
1488 1256
1555 1662
1750 1459
1593 1298
2289 1713
1467 149
961 923
1863 1459
2132 1611
1591 1686
2209 1373
1581 1373
1769 1698
2096 1334
403 628
1477 1148
764 877
2171 1686
802 1076
1674 1309
931 922
1891 1222
1848 1506
2296 1539
739 676
1679 1308
1302 1078
1582 1313
1973 213
1022 877
861 922
924 635
1093 848
2152 1611
932 838
2570 1051
1645 1309
370 343
1032 838
787 1523
922 838
2131 1372
1512 94
870 838
1347 217
18 1313
936 736
819 1523
1017 714
1734 950
1992 1708
2311 1713
1671 1459
2285 1715
985 976
1043 779
1997 1508
2157 1736
251 1581
880 924
1062 904
1917 1495
1828 1419
2355 1595
1780 1312
818 924
845 736
889 871
2108 1630
1895 1440
2257 1708
1401 1626
2156 1662
439 94
865 541
1941 1494
1888 1550
1012 838
1209 1042
1568 1281
1337 1167
246 690
1134 364
1348 1169
1001 1026
733 877
1821 1312
1154 629
266 628
1003 871
2302 1506
943 838
767 1310
930 871
1823 1686
1005 774
2393 1800
2000 1509
2143 1388
527 826
682 395
2176 1631
841 877
1129 722
705 1523
989 736
1419 94
1371 1174
1858 1305
1047 838
901 874
978 755
2121 1637
2313 1266
1894 851
2329 149
494 1343
1461 1141
2298 1601
1076 847
424 1267
1060 343
486 664
975 871
1149 886
628 1343
1045 877
1153 719
1546 1269
1222 1011
1411 1138
803 874
1516 1610
1687 1296
602 94
395 572
1935 1559
977 776
585 498
1323 1141
953 901
2122 1630
2195 1662
785 845
1296 1531
1119 938
14 1581
441 496
972 838
1074 874
1298 1188
438 553
1921 1093
636 534
1416 1459
2078 1358
406 572
597 1308
2175 1630
1023 838
325 656
905 736
927 1076
545 521
2308 1525
455 553
2063 1477
2075 1511
2288 1715
955 755
1402 1094
2125 1220
618 565
984 972
1720 1309
2120 1608
2140 1646
738 755
2098 114
1316 1059
1933 1193
2174 1341
1039 908
1070 313
2159 1634
1486 1099
1454 1163
1187 692
1910 1435
1034 146
1040 972
1751 1688
1842 1531
1887 114
2151 1662
1738 1456
2116 1380
832 972
1275 1039
1452 1139
1731 178
909 1241
350 692
1297 1205
2167 1639
687 1523
465 331
1783 1456
852 926
1761 1330
278 1456
872 754
1368 1523
1760 1456
2562 1189
1038 776
592 1343
1103 878
255 311
1086 815
659 1523
952 877
1204 697
1584 1280
1676 1448
804 838
284 356
644 1308
647 1328
1433 1135
793 1693
956 756
2142 1387
1113 719
587 398
1350 1171
1812 1419
968 544
2275 1506
1735 950
2138 1385
1186 715
1294 319
747 501
421 404
556 190
1994 1580
2055 1601
881 838
2109 1694
499 565
1205 629
2069 1605
2280 1213
425 570
1369 1205
756 773
1501 1258
1909 1440
957 90
1121 767
1644 1308
2336 1386
754 1523
1977 1495
2187 666
910 922
334 496
1181 1011
1695 862
405 558
549 373
1112 1004
331 690
536 482
2574 39
411 348
1889 1550
1 134
766 871
1447 1059
1912 1682
570 445
677 94
1774 1546
969 1004
1310 1559
1683 1601
1957 94
448 64
1463 1120
712 479
734 1523
908 549
1453 1149
1235 886
1325 1139
564 560
1324 1184
0 1658
1064 1240
907 572
942 877
1396 1137
2261 177
2367 234
1876 1514
2375 1531
1926 1480
311 328
808 736
1800 1543
1495 1084
466 319
933 809
254 361
1729 1327
638 407
1809 1307
1385 1135
717 757
811 614
721 40
1046 843
2351 1601
797 804
1845 567
828 1094
1639 6
817 923
1557 1281
736 776
1049 776
1057 762
2556 1800
434 349
1835 1267
1117 1536
2001 144
2390 1796
532 1798
782 529
1249 692
1333 1129
890 838
995 874
958 544
964 737
1091 1023
1630 1281
471 521
824 565
1979 1454
1612 1259
233 349
1030 877
1668 1688
1778 1455
2188 1694
2229 1573
1866 121
714 877
1470 366
2368 662
1078 721
1251 1630
2155 1543
2227 177
920 901
2084 794
981 614
1377 1059
1415 1220
1795 1547
281 652
879 871
1694 1093
1707 950
1311 1185
1662 1313
1443 1173
224 450
1069 630
1794 1455
28 1577
722 64
960 1313
2184 1669
2115 1646
2186 1651
2386 1059
414 1496
1322 1495
1363 1173
1864 1563
951 961
896 536
1429 1267
1542 1156
2119 1629
24 1512
1056 871
457 1011
484 432
573 1721
1492 501
1811 1420
2199 1648
2455 574
2301 1490
538 1496
923 756
1956 67
2255 1687
715 901
1281 361
1728 1330
464 365
537 1026
2133 1630
299 629
619 1038
324 351
1338 1139
376 416
673 754
338 321
1267 327
1372 1137
1958 1495
474 439
245 1707
1485 1804
1772 1381
310 1851
1462 1169
1993 1193
2403 1709
615 639
1068 652
1139 1585
2165 1655
2260 1360
1238 612
1693 1678
2183 1708
218 411
2232 1094
2253 1708
2418 1860
1719 942
1884 1358
629 736
2338 721
589 1612
1053 1581
1175 217
1596 1275
1925 1538
1156 189
1178 658
1261 1393
2446 1860
305 390
1534 1281
1607 332
460 481
1144 1125
1295 1413
2532 1793
1014 785
1890 1551
1996 1708
2220 1654
492 476
842 1523
849 529
1268 655
1313 1142
2139 1682
400 416
1625 1370
1642 1698
1779 305
427 497
2371 1469
565 1267
1886 1496
1158 1431
1579 1672
724 500
974 909
2145 168
919 874
727 424
454 1267
778 735
967 639
1067 909
1739 1303
2106 114
2248 1565
582 560
800 565
1344 1439
1626 1341
1628 1300
1898 1557
430 444
2305 253
751 1842
822 736
1085 877
1663 802
992 579
1736 1055
2168 1631
241 502
583 571
884 581
1608 314
328 429
703 1784
1788 1510
2526 1034
307 1624
500 1267
1041 832
732 1002
226 947
1998 1694
2070 1606
651 397
1594 1281
1950 1447
2438 1859
838 559
1905 1547
665 555
1228 522
1791 1432
408 478
1170 698
1643 1370
912 554
2099 1374
2440 635
2540 1860
505 444
566 94
1048 780
1102 1023
1285 1283
1364 1115
533 477
1146 655
1421 1137
1838 1407
320 996
1167 852
2020 1477
2577 189
1131 1283
1199 1039
1619 1268
1717 759
1974 126
2007 1281
911 554
1082 1859
1500 877
243 377
801 1720
1900 262
2166 358
1055 958
2335 1715
2212 850
369 718
1733 1328
515 602
2230 1687
572 378
1836 184
1846 1305
971 958
1223 993
2123 1502
2315 1397
2466 1785
220 305
528 1328
795 925
996 1523
1727 250
294 416
670 900
864 1737
1442 1145
1771 1688
2079 168
2137 1647
2316 87
365 476
851 877
1879 262
702 1859
1122 720
1075 846
1232 1056
1336 166
1510 188
2214 148
686 923
1016 760
1913 1696
610 1295
980 569
386 688
555 603
1321 1105
2471 989
7 1496
1145 629
1457 1538
1508 113
415 68
422 1030
658 842
1335 177
391 1011
603 20
1529 1284
2160 1478
949 106
891 832
1388 237
1622 1492
2073 396
374 521
983 319
385 1041
620 1038
765 1297
1536 1276
1721 759
2228 1638
2333 53
2380 563
648 568
1346 234
580 614
1969 1523
242 652
1002 874
1804 1477
272 1043
269 688
280 1076
1010 496
227 1348
1303 429
504 486
729 439
2538 496
2578 67
796 804
1155 1267
1483 1401
1785 1420
2585 1798
232 797
584 190
831 542
1071 550
1128 721
1403 550
1450 1026
2249 1580
2322 238
2445 1738
301 1030
2395 1719
581 1845
780 99
786 871
792 165
840 1834
1342 1059
314 500
1867 1511
701 1800
1115 1568
675 1844
426 567
1111 1443
1106 1267
1859 1496
383 922
413 1496
456 567
1391 1202
2240 1432
685 874
730 117
1096 694
1230 267
1578 1785
1610 1285
2154 1544
1404 1798
1617 1309
103 250
753 923
2431 635
966 706
1231 1078
1752 1343
1768 612
2576 1802
525 348
816 877
2494 1859
1007 753
1732 1471
2610 1842
550 1204
1851 666
2027 653
2067 1608
530 90
1185 890
1374 1134
1469 1386
127 258
798 1328
2250 165
669 1848
704 842
1063 829
1513 570
1650 1252
302 609
568 497
1664 679
1799 267
1878 1214
1978 767
85 250
1171 658
2504 964
83 234
513 1193
1033 807
1189 38
2602 1798
348 464
939 1235
1445 1134
1868 1589
1107 92
1269 612
2086 1614
1328 850
360 442
769 620
1270 1283
1499 67
1710 1313
1985 1624
2251 185
2600 63
437 565
1589 1504
2269 232
2341 190
2528 964
1123 655
1436 1041
1526 1106
512 659
1148 1255
1384 1202
1893 1524
2118 1460
322 1848
418 1051
433 1636
458 457
709 1282
1083 90
1532 1492
1793 1386
678 1778
762 479
1872 1432
2525 1859
873 706
1940 1546
2011 801
2399 427
1530 565
2473 1034
2607 101
279 430
1291 759
1345 1496
2107 1608
770 500
2006 1687
34 942
289 177
1577 1492
452 348
676 566
699 406
1090 988
1312 1141
1537 1250
2126 1345
336 652
774 874
1855 850
813 500
2146 1401
2320 1307
2342 1038
440 558
1349 1170
1656 1477
1705 1373
1741 431
349 1074
595 562
825 549
1648 1277
601 477
946 1844
1965 1658
2535 1464
1200 1043
1655 1612
586 437
895 94
2196 1510
1737 1063
2378 1784
547 453
560 363
2590 90
223 210
1136 178
1535 1275
87 1789
495 754
526 1781
591 826
604 476
1782 250
2447 635
1669 1492
39 135
925 1042
1197 1309
1308 135
1394 1174
1527 113
2206 73
2413 1840
449 64
1021 985
1813 1324
2541 1049
1948 128
1962 530
2127 1734
2392 1517
887 1370
2478 565
396 572
1708 888
1877 1492
296 1430
552 1421
1834 1552
2203 1674
2417 989
2479 1002
2632 67
748 308
976 892
1831 1253
617 1284
998 737
2224 1353
826 557
1089 199
1511 566
2219 1707
467 688
1215 852
1916 1574
752 546
43 305
420 482
496 591
1207 324
2180 480
2192 1687
707 745
1410 1174
1484 1243
2258 1694
432 427
650 1464
1902 1561
2539 555
157 264
869 874
2235 1647
2424 635
2560 558
11 748
940 1189
1019 678
1026 1453
1052 0
1428 1634
1614 1216
1666 1601
2343 1793
1092 90
1481 1464
1807 1379
2066 1605
2291 1626
2626 1547
1077 1543
1258 1570
2072 1720
2340 1793
2618 1798
683 1658
2529 566
21 1487
632 1547
1116 1715
1660 1342
1856 929
1332 1342
1637 158
1029 987
1706 250
1781 1541
1874 523
771 449
2385 249
2444 1859
2470 1311
2643 101
2497 1035
2522 964
843 831
1631 1264
1634 1447
531 94
834 745
1105 378
2 1408
1072 177
1286 1184
1496 1109
663 563
1095 1437
1300 1164
2080 1204
2617 563
476 1707
994 1036
417 566
1133 1093
1264 1182
1360 1202
2533 1037
535 486
2429 671
2506 1049
2520 1034
1037 785
2134 1341
1509 1719
250 377
835 626
1000 1701
1677 942
2642 1798
600 1328
613 804
760 1798
917 1044
1432 1174
2421 1023
2534 337
309 1
404 914
578 757
693 568
2090 1388
1097 324
2017 1508
2518 989
1024 807
1409 1179
1562 1137
2074 1193
416 94
469 636
833 1355
894 90
1559 1264
2256 880
571 382
1569 1234
1551 1142
2449 1036
918 1723
1009 1084
1331 890
1852 1798
856 737
999 799
1936 267
2468 1738
1378 1386
1601 217
1616 31
20 1720
543 1798
561 1205
656 1284
768 737
1654 1417
49 114
1051 628
1138 886
1305 534
1742 1330
681 511
1236 250
633 564
982 1552
2018 266
287 443
708 1355
1042 866
1653 1461
1830 1524
2173 722
94 128
997 780
1518 1258
1833 1552
2246 162
519 64
575 1287
2394 98
2439 1049
2194 1444
2426 1737
2453 964
1265 1771
2419 1443
2594 1744
1260 267
1271 1524
2511 1070
926 1468
1173 1485
2038 1204
2054 1860
2236 1709
991 621
165 305
478 1022
1309 1489
1464 1490
1673 1601
30 1075
1340 1096
1638 6
1824 129
339 561
1773 1692
463 688
1423 1142
1623 826
1805 1514
627 826
1357 1457
2170 1456
850 501
19 138
431 420
680 528
959 964
557 84
344 1
637 511
863 642
17 1406
815 989
1959 1570
2061 1608
529 1846
1147 254
2147 1700
2387 1682
2460 671
276 377
1417 1837
1755 1361
2482 1023
2519 1842
1276 1040
1686 721
1871 989
2044 1591
2401 1791
2586 590
855 1462
2304 1708
576 826
1373 1141
661 678
1195 1472
1206 1080
1210 827
1440 348
443 1601
666 479
758 464
2402 1657
2480 1023
551 115
860 898
2136 1388
363 120
608 1453
854 781
883 101
1266 694
1435 429
1564 1137
1571 1205
1803 1459
1897 585
2314 1193
293 86
892 732
1015 780
1169 1437
2433 617
96 1105
483 149
947 1544
1427 1084
1946 1541
273 689
962 1462
1219 255
1837 267
2397 1196
2469 1785
516 551
594 1241
2282 1620
1375 1141
1722 759
166 897
607 168
1699 1512
1753 1635
2064 1609
1932 210
2452 1022
540 626
1487 1602
2278 1429
1352 1173
1613 1232
394 669
509 500
657 1313
2347 1744
1299 1135
3 1677
750 1092
1754 1480
2135 1627
2358 723
773 1635
986 780
1213 1790
1247 267
904 1477
2239 1388
2295 1728
390 84
518 553
1672 1360
2277 1429
2436 1737
2290 1039
2537 1022
407 1261
1624 1613
1981 828
694 566
1211 1799
1420 1139
874 608
1602 148
1748 796
2297 170
2543 670
935 737
2516 990
261 104
275 439
1221 1686
1766 1854
2284 1709
303 394
902 832
1740 1636
1849 267
1923 1358
2035 658
1011 70
1586 1264
1743 1319
1987 1457
2354 749
2379 1769
1380 895
1618 1477
1632 1247
2169 1040
82 284
268 1788
1140 887
1517 267
1850 1634
2068 1603
32 146
104 301
182 282
393 455
672 737
1165 1787
1826 58
2412 1808
257 341
749 721
1386 1106
1395 1142
1474 1413
1675 793
2477 612
723 529
2382 1093
2428 1842
2454 1737
2456 1022
1491 1044
2459 635
190 1780
1920 1585
1970 1452
2527 1049
2633 67
8 250
2213 92
2613 636
954 781
1770 1420
329 135
789 1355
830 1012
1700 175
1704 1216
1843 295
1860 396
2022 1563
2555 1624
1240 375
1665 60
1688 1489
73 397
291 1702
237 210
1137 411
2326 1495
2496 990
2514 635
479 572
903 1462
2462 635
392 504
2110 1341
718 1264
497 1845
503 460
664 67
634 287
2463 1859
179 539
222 192
945 826
2420 1023
2631 190
1054 1616
84 1496
2489 1723
90 1255
829 1064
877 523
1289 1771
1482 1798
1776 1543
2536 1034
876 1774
1143 1437
900 1033
1027 1162
1476 555
1814 1767
330 821
1234 1771
1515 1378
1951 537
25 223
700 232
238 1359
616 617
809 799
1931 281
2041 468
2207 550
46 276
1287 1401
1329 791
1459 1225
1825 1747
1490 1233
2211 267
2237 267
480 40
1087 1552
1494 1471
1964 124
487 1334
567 1214
737 1282
2441 635
2595 1798
388 1304
711 579
731 1052
1358 1183
2544 1838
882 1462
906 592
973 780
1583 801
1797 1505
1995 1715
366 462
514 1053
1320 1129
1514 672
1553 7
2330 175
640 913
937 626
1198 130
2015 967
2193 1536
1004 801
1903 633
2057 1074
126 850
249 805
987 762
1301 1132
2448 1860
89 120
1475 1400
1545 1497
2450 1738
1418 1084
100 1675
244 1129
353 507
450 1693
473 315
1304 820
1600 1194
1690 1216
1819 1429
97 1559
175 261
185 1189
313 481
2587 1022
498 90
520 1214
1765 1471
2604 1552
1550 22
2407 1759
1393 1560
2398 548
621 1038
1018 651
788 1462
1947 1360
1203 769
1259 719
1966 454
2263 173
2217 1087
506 688
1689 1477
2580 592
389 1429
579 626
878 930
929 496
2457 635
2488 594
490 546
1191 1405
1383 1202
1640 320
2318 1726
614 706
1201 414
2472 89
2510 1049
2596 1842
217 1613
2052 1800
2331 168
2513 1049
321 1802
1563 914
2177 1341
609 873
735 1462
544 189
779 688
1362 1560
1701 344
239 1161
2082 1442
2197 1707
1318 1771
2299 1429
86 1496
387 1304
1471 1345
1478 1674
1844 1281
230 1392
524 1012
2327 105
2486 1006
1939 1682
558 1043
1098 1316
1883 661
2050 1591
2040 1628
2114 117
2492 1859
382 218
1685 1465
2241 826
356 104
790 775
1359 1674
2102 1599
236 1357
761 572
2065 1630
468 622
596 525
794 58
1968 285
542 1785
1241 1313
1915 534
1379 1651
1524 914
2467 1738
359 967
1954 152
2081 1356
2487 1049
605 383
837 1075
1703 774
517 551
821 804
950 1834
1784 293
1801 117
2254 176
355 817
612 150
1976 1625
2204 941
716 1270
857 758
1081 1067
2058 1609
170 228
1723 199
199 305
654 1691
1907 1858
2416 989
2571 101
61 135
63 1576
643 923
1507 1468
1934 1749
2105 1718
194 1189
641 904
706 150
741 572
1179 1786
1226 802
1827 91
1263 218
1541 1139
147 761
1180 67
2531 1834
91 262
2076 384
2201 73
64 942
1412 1573
2404 1785
1961 1700
2383 1845
2606 72
429 1702
690 150
1159 942
2153 1623
2356 1695
642 846
791 1845
2337 441
2484 1006
2499 964
447 618
893 622
1351 1143
970 567
1426 1771
2300 1413
1647 1477
2411 1637
2414 1074
2434 1738
136 221
412 1189
488 603
1190 273
1279 292
1293 1099
146 258
941 581
1570 1247
1744 1631
2037 1356
323 267
1820 1712
2026 250
2149 204
470 1802
472 486
684 519
2053 1859
2458 985
2546 1797
1059 1365
2495 989
2262 1694
2334 1718
2218 1210
846 641
862 179
885 1293
1444 1165
2163 722
202 1446
209 90
229 148
776 864
1182 220
1307 1394
167 302
1472 1370
2493 1048
259 950
436 90
1162 490
351 1355
1560 11
2569 507
118 129
357 878
523 408
1252 1646
253 721
1565 818
541 605
569 462
2266 150
2465 1002
290 1203
1381 1183
1818 291
72 167
361 1543
553 732
563 1738
781 20
1254 1110
1424 1116
489 586
1519 1230
1757 123
1971 1356
2252 1582
2352 1799
2491 499
652 214
2060 1609
2432 603
2509 1023
74 1105
622 460
2505 963
263 1786
461 1688
1588 128
2564 1847
148 72
1523 897
988 1477
1126 757
539 451
1498 1728
1980 1526
22 264
206 264
2435 962
1587 1198
1629 801
2551 514
1163 658
2019 1580
2182 1602
2317 1679
2415 507
2554 561
23 1113
481 551
2191 1707
6 264
247 104
1906 1768
2309 1103
2350 1793
59 284
122 248
1943 1706
192 1654
1661 395
2039 1598
710 98
1528 1284
2215 1523
2369 1845
508 807
646 134
784 1374
398 1546
853 866
2324 126
2498 1022
2500 1785
1696 1800
1972 1500
588 173
667 462
993 1050
1050 630
1250 1640
1544 1569
1561 1165
71 1394
2582 1284
725 1434
1224 267
2056 1756
397 1164
719 1845
1370 1202
1413 115
1604 272
2244 546
1099 1538
2128 367
1151 696
1455 1490
216 397
1399 946
1533 1625
1937 736
624 425
1816 250
2552 1071
109 1496
1919 1541
2423 507
131 1447
367 864
1292 1083
1319 795
13 126
695 950
698 24
1100 616
1446 1107
26 1451
1815 1205
1885 1386
2113 1379
2307 615
2475 1005
2566 1842
1168 1826
2117 1356
1314 1138
2396 1754
2507 1842
1354 1771
1521 1201
1899 1712
1922 1340
691 781
740 730
1327 994
1908 1555
1928 1441
15 888
354 393
839 1094
1598 1256
70 265
1460 1768
2634 576
744 1071
1839 125
2521 1034
2071 1582
31 1296
599 1378
1680 1469
1984 757
1073 988
1120 822
2172 667
102 502
1775 219
2024 1498
2087 120
62 302
1422 1143
1880 1427
262 229
1192 1325
1468 1207
2549 1194
806 1462
963 762
2558 639
207 1055
428 1261
871 737
1257 965
1284 914
1539 1247
1361 1202
1873 729
2377 1146
1044 1058
1160 242
2003 1457
2485 1859
2503 1859
2517 1834
1764 1214
2051 1628
2550 336
2567 496
1109 515
2210 76
2588 1744
133 246
256 537
462 390
742 544
757 578
1458 167
163 786
174 1617
453 943
1288 224
2221 757
123 1789
858 633
1283 149
1573 1137
1709 1590
2332 30
2624 1842
534 460
653 382
1698 278
2325 1727
2162 1288
219 1653
859 1265
2202 1487
2223 1349
2270 1719
507 1845
1592 1406
2274 206
501 1079
1525 1137
214 1858
848 615
1084 875
1334 1476
1798 123
1930 1682
267 668
1202 1223
2373 1291
282 1464
759 570
1214 1469
1382 1194
720 89
934 1462
1028 76
2226 1091
2502 1828
120 1682
459 1478
2231 1374
2321 1272
228 450
1094 849
577 1355
755 1462
598 150
1505 1833
1506 1774
1756 125
1865 139
2312 256
1177 292
300 1726
1244 511
1330 1432
2059 1605
1150 250
1217 1639
1572 1180
2031 1832
80 1646
2129 1312
2234 272
2410 1608
99 1291
312 797
1615 30
1832 562
2279 1613
2374 1717
2409 1799
2427 55
1184 369
2381 670
373 153
419 971
2346 614
2353 1337
574 150
2023 1528
108 1456
799 90
193 323
1955 480
2561 192
1365 1097
2042 1750
1556 1466
2267 380
45 291
1408 1549
1678 1700
116 1339
671 1437
812 1310
631 1195
2372 1791
176 691
340 1655
990 718
1599 1231
1712 971
625 1283
33 455
178 564
1911 1436
2034 1591
2408 1048
155 1578
477 1840
1216 1596
77 272
692 1208
1317 1058
1606 1349
1670 632
1104 1103
1945 994
2208 194
2002 1707
482 1340
775 857
805 187
2523 569
1806 398
2271 535
2323 914
2545 634
2616 558
9 265
342 462
626 245
2085 1456
1552 1189
2583 635
372 1827
409 287
635 1303
1188 1696
76 1353
546 1034
1280 664
38 519
137 1731
1829 1414
2306 1366
623 1695
1127 159
1724 1765
913 1666
1988 1470
2030 1189
2101 1808
364 1183
1008 534
1339 1113
1697 1216
1762 104
827 1043
2033 1438
333 1026
1918 893
2012 1707
316 363
847 730
2112 1591
362 798
1904 875
2461 635
2474 508
1493 1057
743 1693
807 776
183 1569
1035 850
50 291
184 570
196 558
1176 1438
2557 497
375 151
2124 172
2575 1672
554 1723
886 297
875 569
1434 1113
1716 1226
2425 1792
493 995
1141 1452
2363 1324
371 534
649 857
1881 1709
48 299
1990 958
2442 1738
1777 119
2512 1859
265 1414
1549 214
2185 1084
662 619
1253 545
1282 1725
1502 1243
2391 1791
772 187
1248 327
2370 398
55 301
306 221
402 447
1237 1635
1620 1202
335 484
435 1680
836 640
1152 1734
177 1784
225 1007
979 638
1243 1687
783 282
1101 1023
1273 529
1595 1276
53 198
2609 1121
1605 967
1810 272
2016 1788
2481 1034
1924 753
944 1430
1208 478
2287 1103
888 1678
2405 173
2542 83
210 1106
252 1639
2483 463
106 1490
2272 1755
2021 1794
2621 1672
1540 1738
2593 1625
1397 1116
1414 14
1161 821
1802 1422
1125 339
1025 737
2548 1744
1949 538
1262 1279
2400 1794
2530 587
2620 1768
1929 767
2501 1048
2572 1738
345 1636
264 1789
1130 1472
1437 1058
2490 499
1355 1338
1566 1161
2359 1678
2303 1337
2384 495
1448 1808
1609 291
2563 592
1066 116
1725 1496
2048 1596
1246 1623
1726 1714
384 484
1759 113
52 301
1763 7
93 994
1392 1202
1438 1263
2476 1478
1398 1055
1817 1380
2008 1521
2225 1098
728 1283
820 785
1376 718
423 1845
679 287
121 1386
368 1765
485 1404
1272 1171
2581 1274
1520 1247
2553 101
1543 529
1840 993
2515 566
2349 1660
110 794
235 136
1353 1055
2601 1235
1659 168
2189 481
502 1227
1651 1233
1896 609
1953 1190
2010 301
297 96
343 1798
868 160
777 745
1366 435
2100 1348
132 1219
2144 1634
381 2
814 1348
2164 1350
1227 749
143 1672
1439 1743
159 1139
2366 1659
2464 1834
277 147
2158 1634
2091 1364
221 1755
285 851
1862 133
308 486
697 1056
2443 337
286 1757
2362 96
1407 1557
187 142
2222 897
142 430
211 1149
1938 1520
399 1495
1611 1381
1892 1471
2628 1264
58 1496
2247 171
915 1353
1110 498
1225 792
1942 145
844 864
511 1763
40 109
562 590
668 1709
105 198
1400 1573
2348 1858
158 1749
899 1347
1278 1338
2005 1544
2216 1627
2242 1769
231 1203
1758 1078
145 911
2148 1623
1274 1072
1387 482
1652 919
655 1046
810 1691
1944 994
2388 1200
1808 667
112 1340
1531 551
1682 282
2559 76
1367 1058
2357 790
1233 1058
1290 721
2360 1723
660 953
2641 90
1343 1058
2062 1602
129 783
205 507
1580 1387
68 1677
258 1848
444 382
2636 507
79 1850
1157 115
2268 1564
1554 1274
696 669
1787 667
47 1311
2233 480
1124 1472
1212 92
29 1194
593 1429
10 295
292 1747
442 945
1702 1439
197 1172
1242 1239
154 1624
81 529
162 594
200 492
1473 76
60 1339
446 1724
1646 291
2364 1821
1749 148
2077 480
1174 1472
1196 69
914 1754
1006 1350
1789 1664
113 805
2205 1101
630 640
1681 1219
1730 675
2589 1660
938 639
763 103
1649 1270
2028 1444
2389 499
2406 1363
2592 1738
51 1007
319 1347
2328 1507
521 360
2524 1737
2605 1347
1989 1334
27 1388
78 1194
56 1450
2130 1317
2568 1660
1132 1850
2029 551
1020 151
1914 680
2049 1591
1183 775
522 24
1255 1799
2089 1528
1522 1738
115 295
124 1748
1172 827
1621 633
37 80
1875 1717
2043 1591
1306 1436
2637 644
1326 1097
2111 1633
2422 463
2345 1765
1114 1472
1504 878
2047 1591
2294 391
139 282
2451 1827
2198 1462
1142 1084
606 1087
2046 704
1983 1239
645 58
1277 732
823 1022
1718 1629
2095 504
1479 1160
2281 1104
2547 1744
67 849
928 120
2009 183
451 494
1239 465
1641 1390
2103 1528
332 642
1497 194
2179 1858
548 263
1489 1230
1574 1576
337 185
1841 1859
2083 1618
1667 71
1658 864
2243 23
66 1619
260 875
1088 185
867 437
1963 288
1166 596
295 1676
1575 1284
117 150
198 1239
1713 1268
204 1534
1194 1775
1585 1563
16 74
44 1338
1193 1568
1220 1347
379 821
688 832
2045 1360
2286 1828
1245 590
1746 1526
1747 1737
674 708
1548 1389
1861 1794
164 464
1635 1484
140 704
195 1539
1135 1472
1389 231
2615 76
2092 1675
2097 88
1080 473
1952 152
2625 82
326 1564
2141 1708
2032 669
270 163
2508 1035
2292 1730
2376 1051
2150 460
327 1351
1441 1652
1657 826
1986 897
866 436
35 295
1079 1410
1315 1072
168 1221
201 1683
1456 750
2627 1528
215 75
1118 1738
304 1479
41 138
358 295
475 279
1882 776
1430 1768
149 866
1538 1217
1627 20
1425 529
510 1071
2094 304
1991 205
2623 667
2025 320
2245 1376
88 1060
1576 379
2565 1036
57 553
240 1207
1967 478
2640 1742
2344 503
2365 1821
2036 1015
138 441
401 962
1590 1797
134 1074
1431 1251
341 1347
75 1528
1869 370
2579 1558
2361 1558
1691 1484
726 128
1341 743
948 1283
1597 1268
2339 264
2259 219
315 820
212 1251
2088 1133
1065 155
2104 522
1466 180
1108 258
114 1280
191 1774
2430 1012
639 1087
1503 1389
2638 466
347 16
213 1357
1927 1406
2013 1580
2276 1620
1786 746
2608 1838
2014 478
1633 497
54 1765
2591 1264
491 500
69 1623
1792 1760
130 777
271 666
380 1058
746 1355
1558 478
2629 393
1715 1054
1229 1470
1449 1692
2603 1660
2622 161
186 279
1390 1564
1711 1348
1405 1412
2573 1347
2265 1025
2619 219
1547 1282
1451 761
352 1761
1356 381
125 57
152 580
4 424
378 821
180 1517
119 1816
1684 1505
2630 1528
1603 524
2635 492
234 1147
2597 86
172 1130
611 1570
2599 1528
2093 1815
1901 1098
1218 1206
181 849
2238 1263
2584 1744
160 139
1636 79
445 1021
590 1518
346 1012
128 1797
897 1096
189 1773
713 226
1406 1400
1480 793
1982 1498
2598 969
298 283
1465 207
1745 1182
107 286
111 1680
248 423
208 1140
317 1404
101 70
898 1622
1567 293
2273 1419
559 1095
2437 47
1857 1321
36 938
203 967
1767 1493
2639 1526
2004 1213
2293 618
156 1268
173 786
2178 1037
135 1015
92 1518
2614 565
5 1225
153 170
2319 1530
42 1820
144 556
98 454
410 1670
141 148
2612 1791
150 1500
1692 1825
188 1724
171 541
1790 781
2264 55
377 244
689 785
151 826
2611 993
2190 1683
1975 389
12 899
1714 1318
745 1782
95 1154
2161 1822
65 443
1164 495
161 463
169 1629
1870 992
283 762
1960 992
