img13c2.jpg img29c3.jpg
1034 1146
46 521
1120 206
2214 1292
1312 147
2236 1291
1853 1269
2185 1198
1001 843
242 1151
1666 1152
1224 1310
208 1151
183 1151
125 487
1785 1289
1299 699
1089 106
1353 147
96 487
1117 392
2191 1205
1883 206
1434 1131
1169 641
923 414
2172 1474
999 392
995 297
916 470
987 1075
1767 1289
23 548
227 1152
153 487
44 555
171 1151
1143 1098
1708 1060
1435 1143
954 307
1859 1237
1275 607
1423 200
704 1151
894 1136
2152 1442
2134 1419
1291 711
970 1084
769 1368
1567 1413
2039 1020
2083 1384
9 1447
852 1368
35 548
521 1505
789 1574
12 1098
469 1505
2094 1442
2159 1447
123 1341
177 601
207 575
1235 685
2250 884
2111 1011
468 1075
687 777
256 1115
1106 580
928 297
1750 1379
867 538
16 468
1411 1165
1799 147
2212 1505
906 548
77 555
832 418
304 1151
25 111
794 1308
159 297
2155 1474
902 1603
1793 1469
101 615
1021 708
553 126
716 1253
128 340
703 1159
932 552
1142 858
1823 1492
2286 177
1605 228
2038 1526
957 1519
1236 552
2232 206
460 1419
1862 1237
1128 1075
640 1075
1697 1169
1581 1143
1792 1308
943 1185
1739 1109
1300 1190
1634 1143
347 96
1451 1079
1892 1546
1559 1143
2230 1549
45 319
1322 1200
1584 228
2058 1390
1738 1324
2215 1308
1569 1110
1308 641
2229 1289
1822 1326
1923 1206
230 61
244 87
1660 227
1695 1127
714 1600
951 658
356 1152
787 1192
605 1423
1809 1490
137 601
106 548
1614 1087
670 1600
904 297
1787 1469
130 87
853 470
1683 228
2288 1694
173 602
743 1308
2282 600
981 470
941 1672
952 1649
1699 1065
2173 1165
1 182
129 96
403 1159
1011 1084
1843 1171
908 172
1679 1368
2217 1498
829 1308
2160 591
1422 1545
1341 228
1919 1237
1758 1379
2119 1243
1245 757
948 106
1838 1136
2177 1202
955 1672
1749 1183
318 1151
869 1136
199 487
1626 1368
839 1368
1597 1097
1895 1193
1902 1124
500 1151
1782 229
1940 1224
116 91
884 1098
1364 1195
2168 1379
172 602
1012 1098
1342 129
1996 1308
1107 431
811 1159
1541 1023
589 1308
321 68
1101 1325
222 177
300 1505
2007 1368
1682 228
102 601
937 106
1903 495
1339 641
1669 1504
1696 1592
1872 126
105 683
236 1115
793 1159
1965 1510
36 539
993 1649
419 230
611 1159
593 1159
1776 1735
143 96
292 1152
1178 1280
1834 132
1078 91
1914 259
1004 580
1016 1098
1920 503
2084 1414
343 1152
2138 1381
813 196
57 360
648 96
211 1115
1319 847
1463 1165
108 602
636 602
870 1574
1639 103
205 602
1540 706
1701 200
1888 443
280 1152
473 1159
2099 1165
391 1676
1213 602
1497 1143
1630 252
588 1143
807 1368
1722 1372
1053 864
1779 1289
729 1308
1604 1490
162 91
1766 72
252 1048
1068 641
847 575
1520 1368
2169 1431
1081 1136
858 1143
1007 1305
1090 1316
1885 1098
218 1151
2097 1392
927 1098
1860 206
124 601
694 91
919 60
1005 1519
30 1098
541 602
1653 1118
1054 1115
158 468
644 1308
1372 252
2227 1284
409 555
1671 140
2123 1171
4 111
689 1308
1470 886
243 601
924 580
2139 1431
597 229
918 30
191 539
612 1151
1119 714
1134 1673
1798 1504
2118 1300
1333 1080
1414 145
2124 1243
1177 1278
1875 1136
654 1152
1465 1368
2033 498
358 602
1849 1243
2243 1282
972 297
974 753
1376 1346
1433 1389
1864 189
668 757
1562 1080
2131 383
586 196
818 1308
1221 641
926 565
1195 1332
1306 847
266 91
898 1115
718 1670
940 524
2104 1478
360 646
913 1282
1530 1110
65 548
260 1531
1301 1079
1913 1505
272 1159
771 227
2047 1131
992 658
1406 862
1094 829
1628 1004
1718 192
371 1151
758 516
1788 1451
283 615
823 1140
1025 750
1251 633
1412 310
1795 1171
1831 114
263 1151
432 750
1733 1726
1071 580
64 487
120 896
663 1278
731 1222
1692 2
2070 1365
2193 137
962 1098
781 1065
790 1140
399 1735
510 1152
1712 147
1099 383
1187 552
152 35
637 68
1355 1080
1736 1146
59 177
1519 1368
297 883
430 554
2170 328
70 334
1064 1535
1083 552
2234 1133
388 1600
370 301
2042 1178
891 658
1017 392
1462 1203
2228 1276
308 554
1566 228
193 1152
291 1159
316 1735
527 72
1599 1231
1585 418
2136 1414
39 1532
163 1115
1354 1195
1452 1080
269 1708
387 602
2202 1415
1611 228
896 898
944 1513
1186 607
998 265
2147 182
1006 470
1436 1357
258 883
1982 1241
1015 1512
751 188
1061 59
136 96
481 1735
684 1159
798 196
1410 192
1770 1487
2012 1047
41 427
215 1719
1473 1321
1882 615
410 1140
2105 1474
284 1115
1337 1587
90 554
329 367
1832 1498
2246 1588
178 1115
483 1152
1833 1136
726 68
201 1649
1632 733
2161 855
212 1115
1561 1030
1778 1123
2059 1231
186 1600
334 1115
506 1325
1151 711
1917 1075
2102 1185
237 601
1481 18
94 615
828 456
1200 1145
2245 1385
804 1473
841 625
1424 1079
1577 1097
2273 1357
525 95
1327 754
2072 366
220 1309
255 503
575 966
872 1146
1665 1474
290 1466
1548 192
2142 1413
1340 643
1725 426
2272 1259
1088 1115
1188 966
1413 966
78 311
2194 1178
850 1168
2087 1091
2095 1202
2137 1419
79 307
487 96
1385 207
1925 490
317 126
877 368
2023 844
2130 1424
494 1168
528 1600
1097 1413
187 365
2121 317
185 883
969 565
1239 87
698 452
518 999
540 96
2258 1655
1074 1451
121 1708
1526 140
27 896
382 1325
669 1600
2008 1472
2281 1098
2115 1478
93 509
95 101
154 177
768 1075
833 168
1259 426
1879 1146
1196 1316
2192 1139
348 602
135 1603
910 1615
1591 192
1827 4
1296 847
1534 1079
1905 1192
2144 1074
461 1140
514 1600
567 1151
767 1603
1781 1630
156 523
38 182
375 91
438 1608
499 1159
1480 1330
274 91
109 61
1803 1413
425 883
564 1325
1269 103
1525 1319
1761 1686
624 1600
886 1603
1035 1673
1672 189
204 601
862 56
1102 890
51 539
247 319
1515 252
2066 1170
296 883
559 96
747 1473
806 1574
1203 847
1292 1522
1574 261
223 1546
328 1522
978 181
1629 228
1916 1572
628 1519
1137 641
406 116
1544 1030
1146 410
1711 1490
2233 1085
28 480
1726 1403
1744 515
281 365
320 234
936 368
2060 1046
817 1218
996 708
1444 1300
2069 446
635 615
1825 1292
195 929
838 1231
977 159
1570 1231
1731 1512
1934 1206
11 298
73 1098
509 227
2082 1419
632 1159
812 1120
1059 413
1129 838
1381 1080
1048 511
189 591
231 555
7 468
496 1308
1742 1468
110 1329
1387 1178
785 1152
1527 189
2091 1472
1723 1114
1894 1102
29 1444
1238 1178
373 1311
1116 607
1380 1080
2041 1296
276 284
650 168
982 1158
1691 192
157 1211
250 1474
270 591
574 1213
1038 1475
1172 227
1440 862
1937 324
2275 1003
257 883
1363 1126
1797 228
873 655
2175 565
2280 1694
2 111
268 896
1856 1473
1909 1261
1651 228
112 427
151 96
893 297
1550 1407
1681 1655
2257 1098
1037 1519
1737 476
264 61
335 602
342 193
465 798
756 1065
1460 228
774 1574
1772 1160
633 1152
2167 292
2270 56
868 1672
3 1447
352 63
536 1159
1022 752
2022 1301
2048 1041
2153 591
845 168
179 1600
929 1581
1069 419
441 1115
1246 614
582 1229
1110 831
170 377
988 610
295 116
659 1084
1009 239
1539 1431
2176 225
1844 1155
113 1316
571 1316
856 1679
1743 1213
1375 1555
513 91
965 114
26 683
881 1308
1503 228
1997 353
903 1225
1212 1377
1735 429
385 227
414 777
746 1413
1759 192
2181 1141
2188 2
479 1325
801 1637
1265 614
2027 532
1720 561
1805 228
2132 711
1343 1041
1977 530
76 1091
814 234
1564 494
1728 1309
1845 1621
1898 542
788 487
1076 418
1730 1469
442 87
953 454
1060 1129
524 1206
1170 1715
1952 408
254 1615
1062 1146
1407 1240
2143 1465
2235 1291
1734 391
165 997
235 1616
791 1637
2056 20
148 829
355 1159
583 1152
609 1512
1154 318
2081 316
92 1347
590 1735
1524 1670
2063 884
570 615
1378 95
1474 189
2240 502
337 1140
440 1679
647 69
1311 228
1663 252
145 1600
184 1585
578 1505
674 431
1214 14
834 854
2125 1187
958 1049
558 602
967 552
1865 229
331 189
1568 1120
797 1151
1432 134
2085 1165
2110 1241
114 1600
144 1600
285 1719
2128 111
344 1458
533 1140
741 234
1598 498
415 96
486 1316
1281 847
1716 1293
1786 1284
772 1152
796 1104
1002 683
2098 1202
449 1368
563 1550
437 136
1366 1093
150 1600
175 750
234 1159
485 979
815 854
1176 1232
1443 189
1618 1512
1675 498
2211 1352
89 1091
367 1175
1365 95
1765 106
2092 1655
2213 1292
695 106
1804 624
2079 500
69 447
361 1531
885 1670
1491 918
1495 1362
1810 981
2148 1668
475 757
1253 831
1751 1508
1907 865
349 61
426 91
1501 1496
505 196
374 96
404 1468
1140 554
2034 844
1483 227
2062 1041
2179 132
91 1473
474 1152
1108 1098
1579 1362
584 1566
519 806
739 1600
1814 999
2200 182
192 1060
736 177
126 5
166 1318
515 1379
897 431
2264 1732
676 1098
707 1600
1058 683
1127 843
1237 426
1623 252
1688 1451
1545 1080
1638 1490
773 1616
2171 979
722 188
778 1231
1079 175
1532 1035
1709 1550
239 101
1135 918
1198 1698
1857 1473
1929 1367
2052 200
2241 1022
392 533
615 1600
427 602
1419 886
1727 390
2278 1706
933 658
1863 1186
1690 1513
142 111
454 61
74 736
2054 843
439 1471
901 1603
1043 115
1852 12
2113 1212
309 1549
489 358
730 1735
822 72
1855 776
2057 54
761 1140
821 1186
824 1637
18 51
372 1422
638 288
775 452
5 468
692 1000
365 1368
271 1339
359 1259
882 966
1668 1035
1820 645
345 90
921 1715
436 1735
2030 1065
2093 1169
2182 1449
82 385
836 1192
2067 662
40 1364
614 601
1455 886
376 1728
421 278
685 121
1962 1183
2244 895
265 1600
340 1308
861 1649
2046 1306
467 1424
800 1145
2101 1335
55 1357
455 1600
618 1278
759 1419
1583 1004
2051 188
67 111
1077 37
1874 120
652 1735
938 658
1941 444
71 1503
413 1615
434 708
683 607
973 554
1201 614
1447 459
1867 981
206 97
443 1698
876 431
2238 1146
658 1438
1226 1620
2166 1566
660 140
871 35
975 1523
738 82
859 1637
1272 614
1283 970
1476 1393
1966 1266
117 997
301 582
368 1512
1197 1600
1225 16
784 1176
1932 1454
601 1471
2009 1039
966 1487
1091 1589
1505 103
2135 498
131 101
167 101
327 1364
827 671
1287 838
1748 1199
1999 897
2029 1010
313 1368
346 1690
381 1574
1998 1039
2277 964
600 1471
1745 1171
127 324
1278 1735
1771 1479
357 757
1521 293
1268 140
1575 493
1746 1122
783 578
826 159
1461 955
2049 1379
504 602
1816 739
2247 1407
846 1281
1321 1307
699 1637
1055 1727
10 195
369 159
857 168
735 1151
2016 555
17 288
180 1722
643 792
1880 159
2145 1372
146 535
617 1143
816 1475
1350 1274
2050 911
544 808
631 1512
2026 1047
1222 580
287 1120
732 708
1019 1213
1587 84
535 1512
2251 884
831 1234
860 376
1208 796
1496 524
1871 1304
1374 134
1586 1292
1578 1095
1773 1698
1400 796
1023 14
1330 684
1650 1095
810 651
1456 753
1485 1079
1686 1395
679 1239
1115 1232
1565 1126
673 1321
2291 573
587 1140
667 1702
1821 1603
1942 319
0 427
1027 189
599 143
837 159
1506 1192
1721 533
1904 367
2114 167
423 159
1806 335
325 548
723 159
1199 1603
1645 979
2037 1243
2218 1196
267 389
1070 1271
1100 413
1309 643
2064 1306
591 445
709 1278
1270 1330
1826 1076
1851 1091
503 602
762 1637
900 1164
1020 640
1817 1201
2239 1147
226 495
760 581
1370 188
1549 1479
14 695
97 878
107 111
705 1695
1024 227
1044 1460
1155 1133
229 1048
706 51
526 82
883 554
1190 1621
324 464
366 1273
1231 51
214 944
546 1574
1124 581
1216 1694
1595 1504
1740 1472
2284 1571
733 1273
849 1646
911 1459
1080 1316
248 1531
744 1735
780 1446
959 1236
1046 624
1656 1151
463 1512
566 445
748 1670
855 84
1096 554
1162 1294
147 314
431 527
710 1735
753 834
2140 420
2162 944
103 1431
466 892
1580 1616
2237 167
31 606
32 377
1159 478
1558 711
1657 1269
2010 1047
697 1546
543 464
1164 754
1840 1376
196 59
946 1307
2151 1368
246 1419
556 883
1886 292
2077 1629
279 192
139 1322
2266 62
238 1157
557 883
879 1624
565 1512
1492 272
1967 1330
749 168
232 1719
577 748
616 1600
809 1735
1223 181
1280 452
363 557
2252 1633
48 48
1085 1406
1791 1555
934 1108
888 1010
905 1344
848 1646
1641 605
1649 1231
43 792
60 1719
622 1164
634 638
1652 1499
1138 643
1850 436
2000 1255
942 844
2154 711
249 582
802 855
1717 1141
892 368
1573 189
1662 1122
2107 1363
656 1600
844 140
989 1475
217 1159
1542 1231
1729 200
1801 192
1870 122
740 1600
795 1735
1126 429
1931 1292
24 1367
678 452
2028 1047
754 1603
1063 1362
990 711
1837 1500
562 400
653 159
715 1600
1502 1513
1644 658
1680 1231
1876 128
745 159
1161 105
1472 1240
613 1676
757 1735
994 1577
2226 1503
1659 1454
1891 1034
2120 1444
620 159
1499 1079
627 108
1028 580
1175 393
1664 1236
1928 146
389 106
1396 1570
1921 840
278 607
377 358
523 203
971 391
2112 1477
2195 1065
2221 1380
188 1732
875 1218
899 1422
1121 725
1211 140
1295 1239
1450 1417
1510 1056
608 855
619 1282
2078 829
241 192
1811 1500
350 1259
805 4
1661 992
1901 693
799 717
2036 10
2061 897
203 806
333 1615
1478 261
782 1512
2100 1204
2268 855
1036 1497
1307 1448
1596 1320
1981 629
2089 425
66 1643
289 1512
1815 69
190 1624
672 480
700 1282
1395 923
1594 162
1949 1447
310 614
1256 1504
1685 958
843 844
1830 210
1878 1076
1957 1206
2035 244
197 37
306 883
1123 711
1125 380
1271 40
1687 553
1899 146
889 881
2040 329
2292 213
225 562
1908 907
21 319
606 1519
1625 503
2157 1653
2163 1653
538 1048
983 1178
1938 1242
645 1229
681 855
727 234
446 1608
629 632
1961 1091
2164 168
470 1664
851 137
1593 1293
84 1600
696 935
776 1273
1228 1603
1887 1106
1948 374
2024 844
115 1600
725 48
1258 1386
1813 1687
1936 4
100 1419
488 324
539 963
1552 362
482 159
1429 862
1667 1224
1893 911
623 645
1049 1186
1351 929
1111 816
532 1550
1207 1526
1529 977
405 645
83 1649
1995 129
702 1454
1457 12
555 1674
968 1131
1189 565
1842 259
396 1513
493 367
657 1282
842 1424
986 372
1032 1588
1466 553
445 346
920 1422
1715 406
2076 737
75 1612
1884 922
1471 1570
1678 1129
508 1512
1437 1652
1747 1160
1783 193
293 1422
1631 134
1763 1668
2013 1385
353 1719
680 1282
701 159
1945 374
2222 1270
1148 817
1939 1708
1052 1259
1174 1475
517 367
682 972
1147 873
2158 971
307 735
490 1183
572 981
1361 1329
1402 977
1619 309
1694 84
1724 1501
1777 1147
80 101
422 1233
581 1661
662 111
1869 1136
1935 401
2156 1145
2189 1641
1394 695
1979 1021
34 48
2011 1314
630 1229
2259 1650
717 101
1229 1603
1643 162
1873 1347
1889 159
651 1273
764 669
915 1725
1560 1544
2276 73
1313 574
2018 281
2285 1589
1658 1614
277 1321
450 1233
686 516
750 1269
866 1211
880 1545
1946 1646
1600 95
315 1614
1930 1134
233 717
1233 1240
1446 1337
447 451
164 50
491 1468
1105 1412
19 1605
20 503
865 897
458 789
161 517
354 1239
341 1321
863 233
1486 898
728 1674
1493 367
1790 1241
1877 1399
2126 711
2201 1211
412 1615
507 1475
1279 1446
840 1350
1031 1307
1482 1572
1635 668
1764 1620
1881 888
56 1144
362 69
688 459
752 578
1232 847
1710 1531
2265 1732
15 970
198 836
1386 1620
1991 1021
1332 970
400 189
1133 413
1915 992
691 1350
1086 377
1762 1127
262 196
770 1735
956 197
2254 1687
305 1272
314 1253
1582 370
1647 1088
253 1615
720 855
1160 898
1836 1362
2025 1380
2262 1664
330 1466
433 382
1290 780
1464 768
1349 741
1392 1603
1114 1447
1835 102
2032 1292
2106 1489
1866 836
1167 1438
497 1273
1769 1261
323 8
1158 684
2210 306
122 892
1204 973
1698 366
87 375
472 1730
2043 1285
2207 630
2260 1687
925 970
1033 843
2150 1140
411 1239
1555 1653
1780 1362
1897 548
1551 1122
1802 1475
402 1454
547 1239
576 1574
610 1389
1409 711
1848 14
63 311
1794 1160
2006 1605
407 1600
522 1120
1494 1490
81 1377
724 1643
1242 1585
379 1259
1218 997
1610 137
737 1557
1398 1070
1479 1184
520 1333
1828 1643
2015 487
2220 547
58 1720
595 45
1315 727
2044 1006
22 306
99 590
302 1475
1163 1603
1254 852
1523 1653
2096 1160
665 203
303 494
386 1695
2184 1653
1371 991
2225 1676
2088 1703
484 132
1008 362
1557 1272
259 1225
429 1698
502 1164
594 1730
671 664
830 1472
1122 780
1705 140
2289 195
598 159
984 1108
1156 892
1165 847
1627 1462
213 1292
1087 342
1824 309
149 882
2249 386
61 1421
390 5
1896 1572
1963 1646
322 50
664 1273
1846 950
1951 858
384 1472
444 1403
531 409
931 1325
1000 1724
1819 758
42 437
1508 1070
649 106
1642 991
6 1516
351 1318
501 118
1118 1548
1426 1668
1858 1399
332 1408
912 1426
2127 1306
2256 529
219 1616
917 1330
1266 1448
2021 1283
134 1588
2055 54
2274 72
820 1735
194 1422
1273 1240
2279 1615
602 572
719 1637
963 209
1247 1329
1352 1694
2261 1297
1103 956
825 841
221 1225
401 1466
2178 207
708 69
878 1339
2017 184
1612 1550
1964 1049
395 166
646 98
960 1485
1357 895
1421 845
1518 1321
2165 1204
2223 788
1166 973
1789 396
210 1048
282 98
1112 1240
1181 1408
922 1687
1328 816
561 981
964 100
2198 375
452 578
1219 852
607 1229
639 187
777 1206
1517 309
1613 1526
1947 1477
1393 963
1757 1090
1636 1092
1911 1118
86 915
1180 143
1944 844
1369 844
1252 1620
453 133
2116 1336
2187 410
551 1567
1609 1056
1732 1160
2271 1668
1389 609
1498 1070
2108 1732
275 1703
1240 735
991 1224
1425 143
1514 1239
2065 1062
2205 1381
1741 1585
1900 293
1065 185
1153 284
1622 1004
1854 1526
1344 865
1959 1098
2149 996
336 101
397 1614
1261 1620
2269 713
1890 1306
228 177
1689 267
1927 1003
62 377
1145 1334
1607 259
511 638
1943 547
548 1266
1157 1448
675 1466
980 814
1983 1299
1602 1045
1654 113
742 1312
1173 324
554 69
1563 1600
462 148
1958 1486
1250 1014
13 1229
1468 607
1616 1013
1621 668
1775 153
1257 1218
1774 7
2080 521
140 1147
2180 1136
416 1494
1003 1398
1807 271
1818 1555
1926 844
364 632
1241 143
1808 1055
1194 456
1439 1044
1646 213
755 882
835 855
1092 816
8 1036
240 450
711 1234
1057 1173
1263 1657
1360 138
1430 1240
471 1176
661 1715
1141 1058
1297 956
1336 60
1487 1568
2045 396
202 113
457 1318
1975 530
596 1280
1276 1150
949 1131
1282 940
1978 530
1288 1240
1459 1614
1829 1327
1922 343
1984 1046
498 680
550 1664
2174 1429
895 1616
1042 1078
1484 194
2031 1256
68 1679
1543 1242
1796 166
2020 1531
1404 742
1039 1307
1202 871
1700 624
2216 1000
1193 780
1399 1295
1441 753
792 213
909 1676
1655 1092
2231 529
326 1589
1113 801
1703 1135
552 680
1522 594
1760 1550
495 1637
854 309
1589 1013
642 1541
133 580
288 1614
1210 1267
155 1051
713 585
1014 1321
1624 571
655 177
1418 1568
2073 111
542 183
2287 171
1956 1183
2090 579
766 896
1490 1244
1719 658
1416 865
408 1719
480 1099
534 632
1051 132
1359 749
935 322
1136 816
2196 436
1388 1207
1755 318
568 1033
224 1425
418 1142
2183 1662
294 100
693 121
1554 1056
286 1587
476 1146
1427 1735
1684 902
1030 183
1318 1600
2146 167
2255 249
864 1530
1504 1055
380 260
1082 931
2242 578
1428 512
245 735
580 1280
1130 956
1171 970
1458 1570
169 642
1095 154
1244 208
1670 279
1673 1041
1041 792
1075 1066
1305 892
1442 1703
1714 1694
72 892
1546 1092
930 1108
2224 789
478 108
420 632
1335 902
394 1239
779 94
1182 1615
2005 1191
573 1010
603 1605
997 416
33 943
53 735
1511 1321
1556 817
545 240
976 1321
1267 621
2219 1301
1132 1703
1294 14
1533 1455
104 679
378 1433
1910 564
111 640
132 943
1191 765
456 1115
677 82
1050 413
1861 1133
168 364
1955 1477
1980 1220
181 1494
1040 1184
1073 1647
803 672
1812 251
1098 183
1329 1484
1420 753
2068 408
1617 1615
1674 1262
398 1004
1417 1348
1706 154
641 1147
1469 1313
1953 1415
604 1703
2141 1303
141 554
666 1306
1847 156
819 203
1408 793
464 1591
1383 632
1571 1417
947 504
1918 1698
1992 1175
2209 606
2283 1647
1184 138
2117 971
2197 734
174 1239
424 1603
1347 317
338 632
2109 711
2206 1347
1972 463
808 672
1633 409
1707 1568
54 70
1029 252
1067 440
1968 1604
182 1617
1289 780
1320 1448
2003 1609
492 892
1248 1332
1507 666
1183 742
176 1735
451 1350
1648 1262
1756 1677
459 978
690 672
2074 640
311 632
1754 1055
2293 1349
299 1634
1243 1657
1500 72
1976 1544
1192 1161
1215 14
1702 902
2002 806
273 174
47 530
887 138
1249 866
585 925
2014 366
1056 816
200 943
721 148
1304 1017
1377 38
88 1679
592 1176
537 1070
1950 1203
2199 194
907 482
50 236
516 978
1206 814
1093 456
435 1239
1334 1064
1453 898
2253 375
621 1048
1293 1045
1477 66
448 632
1072 992
1185 621
1971 530
417 859
1323 1045
1576 695
251 1315
1415 1205
393 632
428 1256
1405 1648
1954 1332
2186 637
1713 1588
1367 1515
1391 1044
1066 1304
1362 547
85 1494
1018 915
1316 299
1839 703
319 1459
1047 471
1590 1526
1368 1044
1390 1515
1179 143
1535 898
1906 712
1933 871
138 21
1331 1257
625 1722
1045 628
1298 628
1536 1568
49 1357
339 816
1753 493
312 153
734 148
1379 1042
216 769
1010 265
1489 1317
1615 812
1217 1603
1553 1064
2075 532
383 1530
549 231
569 1048
1989 1191
2053 1571
2248 193
1131 780
1284 571
1356 898
765 121
1230 640
1345 722
1592 1026
1324 1230
298 22
2208 285
1326 1471
579 1024
1449 1295
1528 1033
1205 190
1601 1709
1139 639
1152 1266
1606 749
37 1309
1382 898
1325 772
1677 1092
530 808
1209 1483
1985 555
950 789
1260 662
874 1083
1149 845
1588 445
160 1422
1509 1092
1986 1604
1109 1702
1768 1507
1303 42
2204 1077
1752 1102
2190 457
2133 1046
1676 1177
209 1573
1547 1657
1513 1257
763 707
1969 1027
2129 1356
1013 970
1603 1123
2203 564
477 1651
1990 1634
1277 1451
1168 336
979 780
1150 1629
98 606
1234 915
1144 1643
1637 1540
1026 1274
1704 769
1784 868
2086 1178
1516 1376
1693 1338
1841 845
1448 472
119 1644
1264 208
1262 1643
1338 153
1868 301
1317 1683
1373 1376
1993 1553
1994 906
786 309
939 112
1531 712
1475 1033
1302 1135
1454 51
2263 1614
712 1056
529 9
2004 463
118 1494
1970 485
1488 1627
1512 1374
626 128
1384 749
2019 906
1220 844
1987 611
1960 530
1431 1491
890 277
261 1695
1467 1044
1608 898
52 1651
1924 276
1286 1277
1438 1515
945 192
985 198
1274 751
1988 1234
1285 1656
2001 1010
2103 1374
2267 1714
1912 510
1974 485
1640 1092
1572 1092
512 1048
1358 628
1346 1610
1397 590
1403 1332
1255 276
961 1485
1445 269
1348 806
1620 438
1973 977
1401 1092
1537 1418
1084 1153
2122 1194
560 1240
2071 1703
1227 1703
1800 743
914 1077
1314 1253
1538 1453
1104 13
1310 1055
2290 1611
