img19c2.jpg img24c3.jpg
2131 1725
1591 1807
494 804
2171 1807
628 638
592 918
802 1238
2181 1667
1308 1371
576 626
1058 474
2289 1454
506 856
2156 1725
916 1238
540 856
1848 1832
1854 1454
1555 1346
1846 1504
245 1784
2132 1711
246 383
2209 1749
288 205
1368 1274
2195 1725
2336 1928
1863 14
2376 1931
2175 1724
579 856
821 789
2143 1807
2120 1695
403 678
756 977
2152 1711
2351 1358
1853 1459
2125 1650
958 1132
613 725
2296 1840
2200 1345
266 383
1796 14
2280 1833
2075 1633
1847 1453
2145 1701
2236 1697
739 977
779 856
798 648
1581 1345
1809 1839
1485 1449
1895 353
2140 1667
574 789
2393 1962
2283 1454
602 836
1106 1327
1825 1829
2078 1674
2311 1839
1450 1662
1001 239
687 921
717 918
1769 1805
2229 1556
2240 1814
2109 1793
705 921
2214 1732
2157 1345
320 494
1167 514
1780 1665
1858 1508
2285 1838
853 964
1071 1293
1155 1327
1876 1839
996 1202
318 184
2586 1997
1256 728
644 921
241 911
2151 1710
325 678
591 715
787 1025
754 921
385 668
2099 450
527 675
311 1805
618 891
1153 359
1060 239
610 921
923 976
597 921
2086 1629
2341 1193
218 784
1116 1149
1891 1454
1064 1467
2522 448
424 985
578 520
1082 907
348 494
251 971
1671 14
495 963
1917 775
2188 1695
2122 1724
1694 807
1416 1409
819 1025
909 1303
1582 1161
365 644
709 626
1321 1795
2297 1806
1294 239
1204 444
2269 55
671 789
1322 775
1871 389
1026 1845
1791 1545
1642 1281
1973 1832
2329 1467
439 836
960 272
1010 1120
1770 1537
2176 1686
2257 1723
467 856
734 921
374 495
1512 787
1992 1723
455 600
512 372
1156 1179
305 416
690 789
1052 573
2115 1667
1683 1358
575 559
1842 1865
1601 1288
598 789
2119 1660
1470 205
765 1202
2170 1264
2133 1686
64 1845
2121 1686
2213 1766
338 1730
557 682
1170 444
1113 359
1752 1675
612 789
927 1351
566 787
828 1805
1003 1130
1932 1849
2355 1657
677 1297
1145 212
1335 1882
1719 202
2499 448
1867 1380
1731 12
1779 1301
1835 1327
703 1078
1328 514
1040 272
2313 1467
1261 1803
2275 1444
722 1021
1668 1784
1977 1315
2167 1695
587 413
673 902
14 971
706 789
1909 353
581 882
425 985
1347 1528
2187 1358
238 1342
2232 1672
466 239
627 715
1855 1734
499 891
1893 1643
109 261
1419 1179
1415 1366
1935 1436
2070 1621
2207 1755
289 1882
441 655
457 494
924 1893
1310 1018
454 507
1643 1795
2098 1675
232 879
659 921
2387 1414
1910 1650
331 1159
1467 1435
224 847
2255 0
2308 1839
2018 1415
2302 1832
50 244
2159 1669
1940 1293
714 580
1588 1609
1868 520
1487 1339
2298 1358
2108 1724
2174 1372
1771 1774
1821 1665
2068 1621
471 811
1823 1807
91 170
2134 1688
601 1994
1404 1295
1706 503
2127 1259
1833 1299
767 1161
533 494
538 1415
414 1823
804 921
1626 239
707 575
815 907
1238 1398
1380 1440
1469 1849
1822 14
543 825
2455 1224
1175 1436
2138 1345
2340 448
1500 320
989 977
1788 1329
1795 433
1577 1608
881 783
632 1243
822 977
1134 239
1532 1608
1023 272
2333 1335
1090 1521
28 1291
564 985
1819 1541
2069 1614
2107 1695
1034 1332
1047 809
1482 1525
2617 683
619 731
805 1009
712 253
785 1207
2480 448
274 184
752 1015
2163 1714
702 1893
1189 1328
2506 508
350 720
360 621
872 955
1077 784
1402 925
1496 1449
2061 1620
1887 1675
252 328
1933 1587
1859 1870
1920 1282
1511 1456
949 1329
8 175
1782 159
1297 1541
1894 157
1962 1658
2106 1800
715 872
1750 1531
2310 1435
1076 273
376 413
1186 372
936 1108
2027 728
2154 28
1774 1322
278 862
1941 1217
2330 1806
220 221
1129 359
1296 1424
585 811
2137 407
1149 514
1359 1272
1403 1295
1426 1875
1429 1327
1185 219
2509 360
272 668
600 994
961 1148
2318 1858
2574 1469
103 1379
531 779
1912 1546
2096 1260
2155 784
1760 1807
280 1159
1073 1338
1957 836
2047 1599
391 644
842 778
1579 1857
2540 1234
2356 424
438 1820
1666 1358
1951 200
1377 428
1516 1667
2305 1831
1783 1675
2199 1291
282 665
1032 272
1401 1655
890 783
1283 1217
1738 1675
1053 1519
1888 1835
840 1229
1486 1351
1969 1440
2084 1911
18 971
1336 1358
2158 1712
2539 442
1295 1414
2228 1780
879 580
1794 1841
984 272
865 809
889 1148
2201 1754
950 1229
1013 1148
1837 91
2278 86
2570 1329
413 1415
670 1183
910 1303
1068 212
1705 236
1886 1870
2367 81
1593 997
2421 585
2 1420
255 184
1187 474
1333 1104
525 479
930 1148
1856 1448
61 430
1625 1795
2066 1614
100 8
259 291
1530 1448
2407 340
96 1746
460 550
774 1207
1851 1290
2225 1799
11 227
1472 1829
2007 561
2399 1523
526 1889
921 1303
2470 906
537 239
620 731
762 334
313 984
2521 486
449 786
735 789
1427 1382
2395 1959
2537 1893
302 357
433 1693
434 239
629 955
2249 1794
545 811
55 1357
817 1148
1956 1516
476 1784
738 1070
1826 1538
2067 1614
2316 1476
1205 212
1630 730
2362 1915
1998 395
2173 1713
873 1076
2058 1621
529 1027
641 1207
226 30
968 1323
24 1608
487 994
686 872
1751 1784
617 837
2396 1868
800 1820
1012 1122
2263 1909
755 789
408 811
642 1191
1866 11
1958 924
2126 1870
233 239
1517 165
1586 1070
1624 1828
2082 1491
45 1551
473 516
737 626
932 272
1734 997
2468 1893
2390 1963
1 1821
263 1897
922 272
972 1122
1357 158
2168 1678
626 1034
801 1947
2203 1752
39 1371
926 1449
2323 1450
1679 960
1785 1420
870 921
975 1148
1699 1608
418 285
2166 1934
2386 728
2626 682
1117 1272
108 301
2504 448
1251 1398
2186 1281
2243 1790
2258 1576
279 621
851 580
912 1525
1996 879
1036 1148
1107 671
2165 784
1733 902
748 395
1200 1618
448 670
2478 851
704 872
796 1156
90 287
880 935
1105 1341
1768 1543
2223 1806
309 445
856 772
1800 1108
2335 18
721 613
1131 1274
2473 1893
2577 1335
427 644
1995 1317
2049 1598
317 452
647 648
838 787
1235 514
2380 732
672 588
736 957
834 575
1677 1828
551 0
751 1027
2172 1739
2446 1234
349 413
1178 1695
334 552
1778 1514
2529 1516
1159 939
1645 1
2532 1168
1285 692
2315 8
237 1373
411 263
1281 1688
1879 142
651 668
931 1525
1644 272
1994 1515
2288 1445
1249 474
2183 1826
2326 897
718 856
905 963
1922 489
416 1297
2363 1917
1804 715
324 1398
753 1111
1568 730
2433 1893
624 990
2164 1706
2453 448
911 836
1510 1516
1607 239
1921 1306
2197 1784
2538 398
7 1870
287 311
835 1094
2169 1365
795 1035
614 856
1346 94
2220 1667
648 1021
1546 1282
2343 906
2498 1000
2535 614
769 802
862 784
1686 1656
20 1301
943 1122
965 1108
407 1083
1592 1828
966 856
1008 1565
1836 1433
1900 1480
254 516
2196 1886
2610 398
307 332
816 974
2001 1929
2394 1962
2493 1612
2079 1701
84 1823
131 170
556 1297
560 479
964 892
1722 324
572 255
935 250
1830 1834
484 668
515 659
1810 189
1884 276
2202 920
2469 1893
609 872
636 496
2371 443
2375 1315
532 825
573 639
594 1303
1965 1875
2534 614
412 1231
464 356
1122 212
390 1335
832 1122
1195 10
1494 1379
423 882
603 1469
1091 677
2300 147
2378 320
85 104
1147 1334
2211 1817
775 1009
863 856
895 779
1727 503
2440 1893
788 789
2072 491
2528 1234
528 648
553 994
1271 1643
1934 1083
824 1820
1845 787
1877 1929
2403 1722
190 752
450 1466
452 479
1513 851
2373 1424
733 1148
2073 182
513 120
682 1873
568 494
1219 309
500 1820
710 1000
1475 1150
388 1219
1031 273
1528 1328
2471 1224
1753 768
2541 508
665 1032
675 802
688 830
370 184
1158 1672
2526 1893
955 714
1223 1756
2117 1672
2536 1893
165 221
793 1677
937 1094
73 1870
400 413
516 1244
831 1148
850 1662
1062 1185
1457 1429
1508 239
1864 1282
2494 508
167 221
1197 272
1559 976
1872 1286
2429 389
480 1297
861 1303
1171 1695
652 1870
1495 1372
1028 693
1115 1538
2022 1077
2192 1707
2260 1252
541 987
662 770
1673 1358
2253 1723
2527 727
1360 1825
1660 1908
1904 1468
789 1155
82 1767
383 1297
952 1021
1022 786
658 872
2219 1774
2241 1850
2261 1587
2381 567
577 1034
908 851
1005 829
2550 1513
845 1108
985 1148
1216 1934
1264 1758
1797 1433
1913 807
122 206
920 872
1354 1866
2065 1620
2500 1027
657 1202
1776 902
2060 1621
2337 1889
2517 665
443 439
2204 1707
184 700
291 1623
1002 1448
1968 847
2210 1764
43 293
2456 486
2543 910
228 241
691 663
732 844
1139 1821
1222 1145
1818 1551
2000 1217
2497 1140
539 462
1182 241
1971 1105
661 856
983 239
1228 1464
1775 161
1889 1471
428 492
2080 158
2295 1838
694 787
2055 1657
2547 647
939 1327
1247 1740
2160 1949
2441 1893
520 291
363 792
1316 2007
2558 360
126 186
257 197
386 330
1897 937
1070 504
1202 630
437 985
589 1206
1707 1486
426 787
604 697
1440 1780
1615 941
2555 276
773 768
1834 1328
1948 1291
2230 219
456 787
797 978
1061 272
2320 1161
766 872
1536 1282
34 1817
536 610
1123 720
1744 439
678 598
742 1436
1230 165
1984 1698
957 1893
1066 1336
2301 1657
387 1968
2012 1673
2063 1929
1544 1596
146 91
243 274
1209 428
1234 709
2634 878
780 659
858 854
919 1448
2458 416
1148 287
1268 184
1388 1291
1852 1182
2020 1307
1241 972
2252 1826
2358 379
2438 508
833 1155
917 1537
417 826
1154 212
1622 1608
1269 1897
1378 1404
1027 1057
1221 1795
1831 1869
2081 1246
2142 1759
329 1371
599 1109
1987 158
2418 1234
2116 171
2580 398
2139 1791
415 731
980 389
2546 390
1213 1313
294 303
1096 212
1199 707
2338 322
97 719
2191 1659
361 317
1021 398
1102 1893
2180 1723
2431 398
431 1949
760 622
1417 1449
716 575
1345 1703
1468 1432
2444 1937
2542 290
582 761
813 254
1055 1448
2618 836
339 587
608 1227
809 1070
1413 1875
2482 1893
676 787
2040 1569
21 1828
199 5
583 731
588 1909
1499 1516
2102 1677
405 779
818 1129
1045 786
1133 807
1663 219
447 721
517 1297
892 856
1766 379
995 1448
1488 1408
633 1297
807 892
827 1466
959 1234
1019 1046
2110 1688
1144 1281
1674 997
2481 486
175 1874
373 1
389 1068
392 756
586 283
2185 1680
2452 1000
663 837
978 932
1908 1409
552 1109
2487 906
786 1148
942 786
2533 1168
2368 428
700 58
1672 1750
1676 1822
1174 10
1179 707
1557 730
1628 997
2011 1640
2206 1312
999 976
2118 1562
492 494
683 1703
1693 1085
1793 1415
981 1472
1600 1411
1605 1142
276 1912
550 1188
1016 772
1030 1327
1136 1587
1619 1282
1741 2007
2385 344
394 1061
497 1027
825 787
2347 540
869 951
1617 272
1828 0
2212 1734
2398 822
2413 1365
2505 727
643 1111
953 1111
1764 1518
1811 949
2554 1067
273 439
530 1893
1931 1623
2035 1248
2064 1614
685 1185
1168 934
1736 1618
1930 1748
244 1857
465 322
2290 1934
764 580
1307 1405
1925 1861
2051 1572
2227 193
561 1845
2445 1893
730 1669
1075 1665
1944 1628
17 52
595 1820
757 733
1039 1021
1399 1740
102 1379
1128 311
1369 1823
1514 986
1688 214
2489 585
1318 1866
1659 663
2578 1179
229 1626
1289 1866
1634 514
1813 361
2485 1937
681 254
1259 359
2250 1865
2465 1027
1083 1893
1478 1486
421 621
640 1232
2518 448
1545 591
2038 115
2436 1893
2551 1120
269 197
570 710
590 830
1119 1497
2582 275
344 428
1089 1057
1146 706
1181 2004
1687 997
1946 280
2350 1994
267 1117
284 496
393 1724
729 30
743 1398
759 891
1805 1161
2105 1746
2513 727
2516 1937
2595 1861
406 779
1240 277
1332 1908
2042 1581
638 477
2607 947
646 789
1675 155
1529 683
1850 1588
2382 1404
49 1718
398 1483
547 1873
1224 1740
2287 1343
2317 1145
1069 252
79 209
89 1783
230 395
396 985
887 884
841 1148
2354 1714
236 1886
740 763
781 1469
2420 1234
277 564
808 1108
901 1207
1498 2002
1945 138
310 1889
353 495
565 1297
724 313
1265 1866
693 670
1583 214
1916 986
30 116
261 355
1087 1055
2247 1292
2369 416
768 575
830 1027
1492 100
1648 1843
133 1402
1051 256
776 935
792 1436
962 789
1578 278
1999 1515
1226 219
1270 698
2149 768
2531 693
1358 908
2006 233
2054 585
2246 79
2552 313
2562 1666
13 270
1059 1251
1085 320
501 572
878 951
946 802
1004 588
2604 1299
0 1928
885 1078
1608 314
1670 1801
296 1371
474 303
631 882
1637 901
2417 1956
2434 1893
299 355
440 27
1773 1686
2034 1570
2402 2003
607 1206
1162 30
2383 882
518 1193
1236 1379
1266 212
669 1463
998 751
1701 197
1735 997
1740 573
2147 1806
1000 1689
1086 1440
87 167
275 303
758 1000
1524 1396
1966 668
2123 1722
2144 1057
2162 1728
2342 651
2472 486
2447 389
852 1207
336 856
1072 1750
2248 435
904 588
2184 1460
2218 1052
2448 389
340 426
430 252
747 100
2023 1735
1716 0
1938 1549
1985 276
22 293
976 1545
420 550
1799 939
1801 1671
1815 1541
1890 1471
2277 1821
2435 906
59 236
637 375
803 1207
2322 1874
1017 977
1137 856
2059 1613
2222 964
519 1021
701 1962
2332 637
656 1561
971 951
1342 428
1589 1734
1860 100
2019 1317
2274 1823
750 1884
1662 272
680 1389
1206 303
2520 1140
2556 1962
918 1028
2053 1956
1623 1683
2087 1286
2461 1893
1505 1809
1919 1643
223 1415
395 1335
1007 976
1211 1688
1989 1532
1112 1098
2449 878
2519 389
2587 1168
206 1649
977 772
2085 1180
1215 948
1298 1666
2392 1317
2454 1893
2606 342
1074 1207
2146 1259
2303 1376
80 968
328 1949
782 1258
1056 1185
1092 1027
1409 1877
1720 997
2135 1305
580 659
2256 1145
2324 1850
2585 779
256 200
1476 1327
1772 127
2600 1335
46 1867
2464 665
2492 508
1483 301
1477 1666
1604 1841
481 1297
940 606
463 274
1781 1322
1936 200
2074 193
2266 1837
2346 419
369 322
660 790
157 430
486 197
562 931
794 485
2291 301
2304 971
907 1193
1163 1909
490 778
1169 219
488 1033
692 884
1802 1544
2510 727
345 246
1710 1108
1832 1542
1926 663
1939 1414
207 1464
848 882
954 1545
1509 1554
2150 1738
2511 1613
147 235
699 668
1009 1376
956 1046
1177 156
1392 1825
1653 1828
2017 1415
2193 1025
2415 848
26 48
312 879
829 827
1669 1608
2002 1800
2077 1343
2090 1632
2112 1688
2424 1954
2496 1028
2569 1523
555 659
653 1859
1428 1833
1874 1662
2353 1880
2514 1893
664 836
1095 1277
1138 1055
1312 1322
1698 379
194 17
584 891
811 1472
903 789
1038 892
1275 728
1435 1873
2037 1654
2101 1464
2583 1000
283 654
1078 252
1260 160
806 292
2233 1214
222 1857
596 340
728 560
859 1078
1048 1608
1712 1315
820 830
1011 1229
1130 10
86 1831
351 805
886 806
1655 1206
1695 997
2272 422
554 954
1330 1117
2015 241
2571 947
2643 398
83 295
1993 193
2043 1559
2284 1879
1207 428
2177 1688
2432 1893
883 947
2299 75
1292 1880
1464 428
2366 395
2425 1995
1902 1482
2244 662
994 898
1063 271
1541 1450
1654 1277
253 1398
772 1783
2400 1899
2613 1999
1143 1277
1237 1402
1305 1901
2254 1292
2491 1234
2596 626
356 1246
74 83
1276 428
94 1291
1278 1412
1534 781
2616 598
250 274
446 802
1150 1814
1777 1721
382 979
1398 358
483 1435
1481 672
1798 997
2235 1281
498 1893
1732 175
2379 1556
708 1155
1081 81
1454 867
1656 1307
944 784
2331 1413
945 588
1471 233
1569 976
1571 651
1974 1544
2423 848
2590 947
860 473
1610 559
563 225
1907 1864
1950 1734
2314 89
567 960
1190 948
1708 686
2545 2001
19 1100
1447 2007
1849 39
183 392
213 729
542 487
731 1375
951 936
1816 1432
214 1097
268 57
1126 1675
1304 1911
2182 1466
2419 1478
571 451
826 822
929 1028
1602 1750
1739 1284
2136 1782
303 984
535 212
855 789
1253 1122
1527 239
2457 1995
357 1442
623 1581
666 494
720 1893
902 1009
1665 1178
2401 709
62 70
854 1545
1609 300
1640 1101
281 274
285 93
791 1168
1814 808
2507 1954
906 802
1018 368
1455 2006
2221 1729
2642 1182
31 1878
290 1587
1361 1825
925 1320
1990 843
2262 322
2306 1710
2377 1487
2412 1496
1885 1415
2309 491
713 632
2621 1776
15 1814
1596 28
2016 181
2576 1499
322 1776
399 915
689 1174
725 345
1351 1322
1954 1936
2479 1224
844 935
1606 1669
1353 309
247 515
478 1027
1111 1234
2093 1645
2560 1497
99 921
166 1484
846 856
874 987
1501 1083
2325 1806
1803 1333
301 709
549 322
982 1257
1210 219
1580 1728
1612 242
1784 1707
2631 27
969 1114
2410 1613
544 454
1152 121
1754 1511
2349 1851
170 1874
314 312
429 1636
843 1009
1947 97
1054 274
1104 380
1383 1825
138 1930
235 1650
1549 1541
1572 1442
1812 71
453 1521
650 659
1303 1688
1535 28
1097 678
1252 1667
1277 1443
2476 1237
974 1448
1255 1914
1371 1666
896 1143
970 1335
1033 789
2208 1658
857 903
1723 7
2512 585
810 660
1311 1486
2205 1728
1484 219
1737 1234
1943 25
432 451
884 1224
2237 160
300 1858
771 212
1046 273
1878 1518
2397 1963
2557 2009
25 823
435 447
2474 455
2544 290
719 721
1594 781
2026 1930
2062 1606
2281 1860
2328 440
2495 585
621 92
625 1132
749 252
1997 1304
514 993
1955 879
616 509
770 254
1748 1530
1817 195
1829 115
2003 1371
2414 1937
156 1041
524 702
1787 1434
1979 1843
2439 508
2442 1893
364 397
2426 1027
321 1499
1124 10
1497 1199
2056 1599
217 797
1355 1443
2224 1902
123 1491
504 1070
1448 324
127 209
1050 1374
1160 129
1436 1464
1647 214
1906 1932
649 860
1915 496
458 1581
1217 1398
1756 1377
182 168
947 258
727 550
744 1621
1099 397
41 176
654 281
1201 709
1631 994
1862 1993
1453 1666
2408 1603
2633 1253
239 1061
1180 1308
1526 1449
2548 647
6 183
306 1039
316 479
505 428
1231 653
1379 184
1461 1322
1474 165
1518 976
2029 475
1165 1703
1616 1288
934 789
1537 1344
877 979
1267 1687
1280 372
1491 1093
106 1543
242 1246
1789 939
77 86
315 517
882 789
1263 629
1506 1425
1523 606
1959 1555
2071 1733
523 1529
2033 1624
384 1101
941 398
1759 1799
967 1051
1757 1034
154 317
1192 1620
1384 1825
2609 941
1279 1735
1562 1450
2282 1875
2515 1471
9 1376
32 1928
216 0
864 987
33 220
508 1469
741 1193
1763 1336
894 1893
1049 892
1196 635
1729 65
546 1140
761 670
871 588
1658 27
2486 585
292 557
372 1933
485 242
1334 1357
1928 886
2129 1440
2459 1893
2475 1031
2484 585
104 1378
461 559
973 789
812 346
1563 1460
1903 854
2194 1589
1598 216
1646 1548
2234 847
208 534
468 741
615 854
1689 214
1883 197
2462 1893
2563 1437
200 1585
469 509
1084 412
2467 1893
1323 564
333 1510
1700 413
145 125
319 268
419 1108
2525 907
1121 1608
1458 912
1978 1608
2450 1893
2352 1558
2460 389
116 314
1043 279
2270 1848
371 496
668 619
1566 514
337 1751
1291 235
2216 1883
293 606
2215 1467
1157 875
503 450
611 790
1439 1828
2091 1890
2198 1751
2466 1027
992 659
1587 1327
2490 1612
1452 564
2588 487
326 1896
110 1256
593 651
1408 1825
914 1806
1101 585
2416 907
397 325
459 653
1542 1425
76 1739
163 342
1184 1252
2021 1247
120 1306
1337 341
1880 1409
227 1654
1552 1460
362 1647
1067 1448
1639 1101
2307 1477
444 228
1173 1769
1709 167
2217 1679
2602 779
27 195
849 1258
1029 1139
2636 626
558 573
839 1319
868 1267
1109 313
1246 1246
1551 1460
2226 1578
2271 1641
2374 14
1460 373
1988 655
1696 1862
1678 1669
496 1943
1214 1875
1293 1351
1370 1825
2279 1837
366 756
402 1953
988 1307
193 1543
323 148
1550 1460
1717 214
2267 1914
23 1748
1449 134
1024 1608
1961 1480
40 1068
489 659
1320 992
354 278
963 1545
1443 536
1721 219
1824 1438
270 331
778 1718
2327 86
1362 1471
2041 1584
2321 1742
2463 1234
899 1079
913 792
118 1445
1976 1736
2567 398
343 524
784 1784
1554 1257
381 1724
1953 635
696 1055
1661 1919
105 67
1306 1712
2114 1669
790 903
1135 309
1250 573
1560 1397
2008 1829
1882 1370
2100 1645
71 1767
711 509
891 1009
1618 1929
2428 225
1418 1252
297 302
2632 1253
409 1230
1044 1657
1565 1204
2050 1598
900 1056
1287 1389
1786 1544
1344 270
225 694
2045 1154
2057 413
2624 848
783 340
1015 789
1338 1666
1343 1443
1515 1655
185 1335
1125 1780
178 1456
888 901
1412 1556
1394 1322
93 287
2359 684
47 906
81 1389
948 1534
1381 1643
1924 1846
2603 1030
63 1277
271 595
404 1280
1243 1142
1462 348
2404 1857
1309 548
1288 668
1806 182
2630 1484
375 290
569 1748
987 1545
1257 668
1896 328
295 112
1037 1119
1414 242
2411 1374
148 836
979 848
997 789
1191 1683
2030 666
262 1780
70 1378
1244 1028
1899 1837
265 1413
479 1193
2189 1249
72 1379
1548 512
1629 751
29 1445
196 606
367 942
1613 102
1892 1432
176 856
521 632
777 869
986 789
1314 194
1227 1192
2641 522
124 822
695 783
1391 1825
1715 288
1725 1529
763 1402
1386 1719
1387 252
1522 582
2477 1678
2549 651
1325 1322
1410 1877
1923 1636
1861 1992
1132 1818
2005 491
192 1690
472 1567
482 1953
933 1502
1423 1996
1898 1825
1918 1131
2052 950
2427 1437
679 1100
2239 1807
1540 482
1881 162
2627 1917
1232 668
2010 1357
205 848
622 1346
1865 1377
1724 1990
2566 746
174 67
875 585
1680 214
2312 1837
1242 370
1299 607
2251 548
1120 1063
1254 1923
1442 1877
1905 935
1667 1392
436 419
507 1028
1035 1405
993 318
1042 935
68 116
634 607
1620 855
1437 1246
2268 1269
1352 1913
990 1247
2334 20
1248 1916
1564 1877
2039 1597
1141 218
1456 976
1982 1515
137 308
249 1388
342 1718
1521 855
1755 161
2488 2009
359 1529
509 349
1543 1550
1553 1396
548 129
1327 888
1284 1513
1844 1556
2292 1940
1937 490
928 352
1151 2007
1331 210
2422 1606
234 849
451 1218
511 1859
2443 1956
1057 259
2231 1090
355 276
698 921
723 1043
1970 61
2339 327
136 1870
847 660
1561 1450
1762 144
2357 496
2523 1027
2638 1029
1098 1349
1718 91
1952 594
2502 727
1172 1388
1493 1510
2592 886
121 1703
1324 348
2561 398
78 1404
286 1295
1843 280
2388 1883
2503 1613
53 0
195 1131
2028 319
202 1365
1041 1303
2044 756
2553 947
1981 440
2242 1918
1697 1282
2581 618
177 1728
1664 1070
1114 10
1411 1436
2095 2000
2564 540
142 1529
219 1057
534 1636
1533 756
168 607
823 377
866 1899
684 1986
1556 1837
1425 437
264 1928
112 297
1400 1556
2575 1092
179 315
1176 1655
2103 1819
639 1802
2406 1455
69 307
159 897
1212 1471
1743 1858
2405 1556
1765 1545
442 1068
1395 1460
1584 1529
1366 1695
1573 692
66 1124
1339 1388
1685 940
2097 940
2286 1614
2598 44
1430 1500
60 358
1382 1643
1367 1246
1986 1397
1006 368
1652 1877
2046 1033
1827 1022
2608 635
298 517
422 667
1422 1877
1641 1849
67 1726
470 441
2130 78
493 1990
1302 62
1365 277
2014 1995
10 1068
1525 1396
2148 1594
1014 935
837 541
1094 1373
258 709
1188 1389
1349 1634
1110 2009
1466 1978
51 694
1433 341
2048 1600
2620 1150
2601 482
158 1012
1702 208
1393 1470
2483 1893
655 1782
1025 751
1531 1312
1208 253
2365 1645
2530 929
2594 1028
1444 1425
2430 1145
1319 1292
2559 647
1258 270
522 828
1103 590
2036 1684
2128 141
630 855
645 830
876 1460
510 695
1376 311
2589 1785
56 1544
2104 1621
3 1054
1140 1443
2111 266
211 564
1220 1844
2245 1715
867 1356
1315 1927
1356 1856
1239 808
1326 1511
1638 1803
2294 1343
209 1221
1424 14
1432 1877
155 411
1340 1218
38 937
52 1357
1290 737
1389 1480
57 985
991 802
1272 547
1374 547
149 1451
378 323
1397 1522
1575 541
115 1842
1375 1322
2389 318
1463 325
117 196
1300 607
1407 1825
2384 1765
44 191
143 1776
1350 867
58 1635
697 2009
1348 536
1611 127
1703 102
2345 1697
1118 2003
231 1237
915 330
1166 98
2179 1998
1233 632
2451 1933
836 1608
1372 1336
1020 341
2141 1597
187 913
1088 777
2591 902
606 54
1507 1719
1841 1893
2508 1367
2092 1626
491 1979
1093 1726
893 713
1983 14
1446 14
129 598
2605 1461
54 802
330 535
152 607
1574 35
1726 122
1730 1246
304 631
1649 715
1929 1712
1262 1727
1967 1626
2025 908
2629 1068
221 630
1363 1436
1790 767
1972 1515
210 1449
1373 840
173 643
2391 1974
2370 1305
2623 1029
1286 536
2593 976
92 2000
477 1543
559 1155
1520 65
1650 102
1421 547
1341 1680
2573 1079
150 734
1595 1119
2083 1639
2348 419
2409 88
1682 1307
1873 1741
1431 1500
2572 1997
260 1079
799 1027
1504 1460
1502 1019
401 1994
1245 1120
2032 1220
2161 1762
1142 392
1301 1556
2113 83
635 1100
140 568
197 1448
1364 124
1684 1280
2153 1678
1820 996
1914 1637
2639 1964
1183 594
2614 1171
1473 1471
2031 1227
42 138
2501 1158
1681 1019
139 1385
204 1125
1657 626
1949 311
198 1444
358 25
1438 1265
1621 1825
605 644
2124 71
101 1158
1451 1490
1875 14
2009 1635
114 1216
1420 1877
1434 277
1194 1826
667 1623
726 293
938 1894
462 898
2089 281
75 1642
2276 1704
1390 151
1489 295
1080 1462
2004 1873
341 268
814 1677
1385 348
1396 1336
1746 1198
502 1701
2599 1030
1273 1556
1749 1833
1490 65
1274 728
1317 573
2615 539
1869 1922
1585 1946
1632 1019
2622 34
1742 1947
1313 1425
1713 219
2024 163
2094 1353
2360 1851
2568 991
1633 1106
1406 1500
1445 867
1329 620
1711 386
189 1219
1539 1019
2524 1168
37 953
1758 1262
674 1851
1479 980
111 905
1065 833
1704 1269
2293 1019
119 1183
308 1565
1927 1828
1570 1019
2372 1818
1558 1671
1840 945
1747 250
746 1975
1203 1918
1459 167
180 347
201 281
1100 1437
1728 1265
1807 1438
2088 123
475 214
1980 1336
332 1070
346 1594
1964 161
1503 512
1838 1084
2076 1917
327 1804
335 1917
1465 1314
1635 1276
2565 360
1547 626
1636 42
1714 1855
2579 647
2344 1029
2640 355
128 440
1576 1330
368 802
1567 855
2625 1030
1599 149
1942 326
191 1460
1519 81
2611 63
2628 355
1597 1248
98 1691
215 390
144 1241
2273 71
1229 1990
2612 34
1405 1499
88 4
4 550
130 821
172 563
186 214
134 2006
1282 1776
2178 1699
132 978
1627 1779
2319 1525
2013 1794
125 1634
1857 140
1901 767
1079 1227
1651 1747
1808 1102
1767 1031
1127 944
1911 1548
36 422
2361 993
160 1285
171 1792
2637 2000
410 620
1198 1438
164 1533
1441 1533
1745 1697
377 1980
1692 961
161 409
188 729
1538 1413
2619 63
1590 1114
2190 1029
203 189
1225 1551
2238 557
135 20
1691 60
48 288
1963 1322
2364 34
1690 1210
2265 1482
898 1818
1839 1134
1161 323
1991 457
2259 1935
1193 770
240 1286
2437 105
1480 544
212 200
1614 65
16 1457
380 1250
745 1602
1792 1154
151 1683
2597 835
153 1966
2584 34
5 48
1603 98
113 1712
1108 1027
897 1331
379 1639
1218 642
1960 1189
1870 1936
181 1307
162 733
2635 36
1164 569
2264 1482
65 25
141 574
12 290
445 1367
248 1422
35 1509
1975 1938
169 328
347 1971
95 1926
107 1054
1761 1947
352 1894
