img17c2.jpg img25c3.jpg
1782 1688
1530 5
1534 5
146 1337
1529 5
230 1312
1535 5
449 850
992 1702
1020 1373
1602 12
874 1455
962 1611
983 1495
976 1370
413 1655
1611 1602
141 1397
1725 1648
22 217
1377 850
308 37
470 1495
1088 1531
1734 319
1143 1336
1155 1336
306 37
566 16
414 1682
1149 1495
368 1011
183 1634
572 12
1084 4
406 1610
1643 1196
390 1336
1161 1531
21 1162
1663 1798
636 1274
1266 1042
1615 1694
782 1059
159 1606
551 12
332 1009
298 1646
203 1240
823 1094
908 480
60 1538
548 12
622 58
382 1336
1666 1267
532 18
942 1438
1321 544
153 749
550 12
716 850
313 37
797 1336
160 1726
1154 166
473 1223
883 1455
708 1241
944 1283
218 1009
536 1042
956 1339
1612 1694
420 1066
467 1559
820 1163
462 1291
982 1611
397 1641
984 1267
312 1358
1521 527
1788 1798
1156 166
1636 1205
1613 166
1225 1413
1414 851
516 1850
311 1291
1610 1774
1091 53
206 1291
772 1043
1061 1496
1731 1626
959 178
18 1397
547 12
1200 1614
49 1726
784 1336
1295 1495
1616 1631
972 1614
1194 157
1630 1011
946 1099
176 1696
198 1026
138 1631
1784 1440
1235 1455
1665 555
1169 94
1313 1559
609 37
424 1634
443 1530
1507 1636
1127 1546
1644 1197
897 1614
178 1511
988 550
375 1489
549 12
1281 1637
1102 1601
255 993
227 1514
1484 166
283 1637
1135 558
436 1010
17 1055
292 1637
1023 565
25 1268
862 568
1120 217
307 23
1660 158
816 1337
156 698
319 1341
31 1610
193 178
1104 1541
545 540
158 1469
1740 542
1380 1241
1505 1
929 1631
1766 542
1248 1364
107 1726
82 1453
427 1397
1083 6
119 1780
285 1637
569 12
340 523
661 797
239 565
979 1495
407 749
987 852
233 1026
1757 1538
957 480
1675 1672
1714 1850
1358 1802
554 12
1209 85
612 7
652 157
315 1662
1789 537
1059 456
1474 1693
1780 1784
1748 1839
1711 1453
725 178
479 113
829 203
1075 1304
1764 562
1251 1656
1654 1719
539 1669
1114 1546
133 1490
865 1224
166 1702
660 1784
393 1601
787 1384
1082 1473
305 1495
1506 1608
284 1637
357 1240
611 1370
1220 561
1670 1386
447 267
1424 1543
1073 850
412 1339
647 85
986 1577
154 1432
458 1559
1473 1608
537 1636
1541 1
1621 1693
175 1099
542 1719
1191 1767
236 553
552 12
1703 1738
567 540
1536 18
513 1502
796 1485
254 1448
1795 1716
8 1162
463 1465
1519 534
398 1612
639 190
1743 1393
1277 94
543 23
1683 1456
1768 559
1754 1413
134 1220
1574 653
240 552
394 1630
456 1624
743 1162
1739 1718
40 1488
211 217
920 398
221 1285
262 938
601 1304
56 1337
1752 1057
1755 371
1011 1
377 1337
1007 1162
421 1397
852 1467
1189 1655
1767 63
364 1748
646 72
1620 1630
481 851
635 564
1003 1636
411 117
1699 1440
228 1559
654 597
828 1066
941 1630
1076 1525
131 168
712 569
608 37
165 1649
181 266
288 548
1257 496
1170 542
120 1310
334 1270
997 555
1573 662
1790 1549
1167 1716
1583 1109
879 570
1773 67
78 1841
235 568
663 41
884 136
1448 1497
724 850
485 1748
1217 188
998 571
1700 1339
451 1748
48 1845
161 0
757 1052
1022 1201
116 1342
267 1744
282 1637
1594 534
403 1850
675 95
571 12
860 555
1648 19
562 1719
112 1337
1691 1658
578 527
1329 1549
1213 1467
1269 1608
317 1539
401 313
1609 6
808 372
234 568
343 1748
416 1437
1005 627
1009 1060
878 41
963 1693
1737 1555
526 18
767 1758
151 1009
361 1337
155 370
110 453
502 1367
316 48
43 1489
748 1645
410 1748
1619 1609
1779 1572
111 0
168 1337
293 527
509 1850
1133 1601
24 1105
360 150
602 1719
113 168
480 210
89 1055
322 1611
487 178
1258 1738
544 23
409 1837
947 1344
508 453
1097 886
763 1794
1463 1606
1029 989
341 1469
617 4
30 1667
163 1736
774 1693
858 402
1733 348
215 1585
705 177
1674 1672
1774 190
294 749
422 1695
1197 188
1052 1723
1090 1798
10 1534
268 1764
1035 1090
671 852
1113 562
187 851
541 23
1100 1408
69 1554
105 1841
653 582
265 1808
756 1839
967 544
1077 1607
1607 1478
1604 1631
430 548
607 37
1735 1459
419 3
241 1838
63 1448
384 548
940 372
1542 2
1402 1397
546 37
592 218
731 1432
1204 1767
369 888
650 99
800 177
1650 1859
619 1774
1244 1757
1288 534
1516 534
344 938
99 1511
132 1304
1173 1196
123 58
325 1748
440 1397
1089 850
448 398
1744 450
1751 1614
201 1304
1153 1621
1564 107
258 1838
450 1269
1347 1557
1715 1459
568 4
766 665
1183 1394
1750 1459
1756 1459
850 794
1310 1167
117 938
641 1552
645 808
219 1677
323 924
1488 1079
1673 1624
519 1030
685 865
1787 67
88 536
1283 276
50 1839
804 34
1278 177
1495 2
626 554
975 1636
1210 577
1684 1223
1523 699
1501 1734
1502 609
1596 2
338 1162
1027 1693
1050 1723
250 1324
366 238
243 565
342 1566
1028 1397
1145 1267
1528 116
1600 435
1634 1205
1271 964
1517 534
896 1785
253 119
489 943
973 888
180 178
1150 1211
53 1541
1037 534
1386 1626
11 119
324 1364
1024 1724
1032 1284
1068 1109
1649 78
108 1839
200 1413
327 1610
476 1495
527 18
597 922
1265 1283
362 1055
684 53
1119 32
1308 1366
1646 1772
1713 1657
276 612
191 763
39 80
190 620
591 218
600 35
32 178
793 1304
814 850
978 1224
33 140
204 1497
321 1462
1641 1100
210 548
445 319
345 807
855 1546
499 911
681 549
1111 756
1160 1546
1168 1798
415 523
620 787
85 319
1588 2
98 884
167 557
1738 292
237 1767
598 33
634 570
758 1052
1387 905
1722 1459
122 545
553 4
1614 1057
275 653
452 1656
918 1055
329 548
1042 1680
1423 850
791 627
1537 18
614 20
1047 1795
277 612
1794 1522
1786 1549
590 48
739 1392
164 1336
466 266
224 574
596 45
418 536
659 860
1390 555
1503 310
225 1044
1142 662
226 198
248 188
585 23
843 1093
656 1547
964 1371
1776 1291
4 242
798 371
877 563
1659 1624
379 1748
570 12
1129 29
1446 1727
790 610
1527 1299
1741 1555
1121 1477
1442 1432
1664 204
58 1804
279 783
861 555
1633 1255
57 319
533 1767
632 217
1298 721
1793 1557
965 177
96 1397
928 1336
1033 1274
1690 1496
37 1480
1267 1637
1429 1796
291 1692
1051 1723
1361 1826
761 443
194 177
1012 1693
1126 67
1635 1160
1638 942
511 1061
12 1656
356 1584
510 1220
1057 697
1294 1432
1671 477
1763 1539
80 1449
628 1678
707 1255
371 1162
687 162
1326 850
1412 942
1783 1459
207 1393
475 1716
1203 1090
238 1798
835 84
1212 1487
1406 1634
404 2
1449 395
1742 206
669 1724
785 1609
1151 1495
1428 207
91 1462
1228 1288
1425 537
1718 450
1747 1631
28 1597
270 1765
457 548
523 435
678 400
904 1047
799 1640
488 1487
1182 1638
1232 1432
104 80
385 518
759 1637
930 453
431 452
518 420
854 83
1138 826
625 1147
727 115
1010 612
1688 1748
41 942
247 1469
1382 50
1678 1860
408 1393
603 1474
1647 156
391 851
55 1039
177 1265
162 612
389 1575
1465 1727
372 599
726 152
432 1127
853 72
806 1071
919 154
23 1172
486 1666
1260 532
1639 968
1520 2
170 1543
1753 1522
67 1318
94 1719
1628 386
66 557
286 851
935 1067
991 1020
1338 1561
1400 521
278 665
990 522
1162 1191
1236 1736
121 1554
515 1771
604 1157
1587 1109
87 1462
185 1554
376 1337
454 245
1186 1267
565 0
1021 850
1043 477
871 1274
62 1580
531 1208
788 1771
927 1606
1657 1223
1760 1497
1105 866
1159 1461
1509 1059
1312 1291
1389 1550
1775 1550
435 1790
1008 1621
1287 331
1771 156
196 996
642 1241
892 569
1141 1631
1625 1374
336 178
429 1624
222 1194
257 565
280 612
1 880
1110 267
188 1477
522 1609
792 6
1060 1767
59 1488
174 1580
618 1139
1563 1051
1745 1007
3 266
885 1422
1388 850
589 1539
686 850
703 601
817 1394
826 881
889 1572
1452 1621
347 1533
1629 1672
245 1515
836 903
130 1678
679 586
179 536
517 1057
1341 68
1689 1748
1792 1551
1096 134
1223 793
1268 1040
501 1771
561 4
783 1478
921 1769
1381 568
1632 281
1637 266
365 1682
505 1478
1306 1113
29 1498
115 1580
863 983
1252 80
1658 1854
715 199
1617 942
1706 1455
335 574
623 68
1301 1695
1732 1555
7 242
114 1666
704 451
1001 1329
1499 534
1785 156
1350 1391
1459 1347
492 1780
387 1336
753 1820
955 1860
1669 1038
184 1772
199 1162
881 852
1475 1692
842 1226
1117 48
1456 1633
1656 411
1622 1662
1631 1771
395 1793
478 352
299 1774
994 1181
1720 1790
1181 1504
1455 1627
109 122
261 1793
564 1
264 989
400 1329
498 1796
1163 850
1437 1255
1548 524
1662 1785
197 1337
209 1161
269 1311
468 1422
1553 1091
195 1845
779 1487
833 85
14 1105
328 281
1240 1838
1293 1162
1443 1196
148 579
672 1075
1195 551
1570 914
137 1696
777 1490
1769 1291
577 1109
637 1224
747 1336
1290 1786
1447 1384
1589 435
864 60
773 1478
1655 78
1680 1672
1721 452
1483 1634
35 826
320 30
1079 1288
469 1313
827 87
1318 566
129 1337
771 1440
1395 1201
143 281
1053 1386
86 851
886 1414
490 336
1407 636
1464 1059
809 1780
1728 757
905 1367
1207 220
1470 1540
169 1337
290 1052
301 518
737 996
309 765
706 646
803 1780
1320 59
1374 53
84 1337
339 1329
1289 528
1511 534
214 1194
1383 567
1593 1284
1598 1103
127 1841
849 275
399 1462
1746 1644
673 186
584 47
971 1434
217 1546
97 1437
252 1715
530 1630
694 897
667 585
917 499
1002 104
349 1841
1196 989
1253 3
446 996
464 49
471 305
1101 1489
73 125
768 1693
497 1464
786 611
851 1213
272 1640
388 601
556 1573
795 1213
314 217
1369 859
1396 600
2 319
1045 1524
1123 451
426 23
1270 611
483 1260
491 1624
1762 864
521 1478
909 1675
15 121
503 1728
605 32
633 1284
1241 217
1736 1656
891 600
1118 1560
540 1770
674 1449
1561 1468
439 1311
444 352
504 1745
434 251
616 938
1496 469
999 190
1239 875
958 1826
1304 1147
1490 1693
506 1771
1152 1226
202 1674
977 87
985 986
1778 1549
192 599
1462 1129
1518 534
1569 540
1772 156
208 860
974 1609
1349 564
1554 1020
1796 190
42 1435
77 146
358 1565
869 1364
1276 251
1618 1540
363 1837
1072 256
1777 39
346 1749
696 1313
438 993
875 559
1651 577
152 1491
437 150
1415 200
1500 1635
256 91
72 1730
326 1276
1006 224
1522 788
474 611
1166 121
331 1009
580 320
876 92
915 1478
1064 947
1174 1196
46 1453
147 1639
1013 1839
1115 85
1727 1453
95 1160
1273 1540
1477 89
220 574
318 352
525 1467
103 450
1791 190
643 551
943 975
1557 1804
1038 1424
1497 1742
1749 1393
34 178
61 1719
75 1846
948 1364
1193 64
354 1765
762 1189
939 1821
216 49
273 1360
1190 0
1385 1543
461 1576
630 73
1048 481
124 582
845 85
172 1666
1094 786
1274 132
1360 157
1692 1420
13 729
494 388
1069 116
1092 1537
1661 1798
378 1798
1491 0
74 281
232 1329
557 1666
337 104
1046 190
1063 1406
1577 1530
303 574
144 548
629 39
1136 134
1158 1408
1188 553
16 242
911 126
1171 1686
19 1105
776 309
1221 6
249 1324
1014 1693
102 1270
352 1542
538 0
1230 1798
93 1279
662 99
1508 1502
1328 1202
1559 478
1568 1748
367 281
1124 1357
1469 420
742 1080
1729 146
260 1324
1146 67
244 190
274 612
417 1077
558 8
1231 1173
353 574
1180 126
1716 1826
441 1793
1562 1485
575 5
1510 666
682 618
750 199
1004 456
711 27
1256 1013
6 143
271 636
507 1622
1247 924
251 1347
1070 1854
1427 1733
1723 1481
281 612
1392 1477
428 1749
651 58
931 1045
932 1449
689 1568
1578 1235
555 1279
1730 1459
1679 1081
289 630
54 187
752 70
1489 326
310 1491
810 913
1303 1672
266 941
624 14
923 567
1781 1223
1179 177
1224 1784
118 1653
142 281
887 1612
1627 1841
465 574
981 1286
1317 1738
1030 613
1137 1507
1147 1853
1379 172
1439 932
383 783
529 267
721 1015
1340 88
1591 90
745 820
65 938
738 1705
1375 356
1480 1381
1626 387
1080 1541
1605 104
1417 357
1172 1284
396 104
484 1837
242 70
1198 262
1214 1291
1582 1837
136 1276
442 1836
213 281
231 929
844 1000
1687 1800
302 1677
359 358
890 1549
1405 1311
714 1472
755 268
36 1030
1040 610
676 583
1458 1501
1531 1041
246 1515
287 1584
717 77
44 1491
229 752
1642 303
1000 58
1036 1799
1316 248
100 1587
1095 1312
70 178
1299 666
1701 992
857 1364
402 816
1279 435
1185 526
949 1480
1291 1501
1571 1674
1707 1788
186 1616
732 1021
802 1590
838 150
295 146
840 790
893 1745
1445 1496
688 1768
1078 1778
1645 1274
296 1439
90 116
205 1480
749 1609
882 851
259 599
1034 190
392 574
801 1511
405 1603
834 1541
900 582
1219 1801
1603 1786
27 518
1667 513
45 168
26 1656
263 1162
751 1625
1205 232
968 1410
1580 1155
825 226
1144 293
1234 1567
1245 942
1606 1640
1242 958
1579 544
1695 1754
455 1624
680 576
348 1618
841 1104
1263 143
936 1495
528 267
1249 293
51 105
386 887
665 1400
1560 1575
1704 662
1334 148
381 829
472 1255
989 1061
1227 462
139 70
859 550
1128 1556
746 258
460 1439
500 1311
778 1107
1026 721
1514 83
493 935
1107 49
1319 906
873 280
68 1586
794 1667
1413 248
1685 144
1393 1799
937 1462
995 947
1399 1582
373 1840
1259 1834
1438 1712
297 637
729 133
1421 1714
1108 1213
1307 529
906 1023
1254 248
837 1509
1368 873
848 888
668 1778
697 292
1472 1464
38 669
1373 281
621 787
702 1769
1592 1734
830 1080
1044 1290
1486 429
573 23
1513 193
1471 267
819 1541
171 1601
380 302
996 1080
1693 403
657 1549
1710 145
173 1127
1233 1121
1165 669
1426 192
1599 1042
1365 1358
145 268
1515 781
535 1593
902 1365
945 1716
1357 50
92 1370
128 1836
1300 1094
482 186
728 960
1356 1561
0 1782
818 1517
907 1021
993 1708
1297 1072
1335 1219
1565 1491
1572 1042
594 1383
1698 1717
1359 634
1538 1643
1601 1808
1226 1568
868 1032
764 1162
1039 627
496 1464
1292 1408
351 109
1450 351
1201 1434
1526 1267
1041 1778
1354 1412
81 1078
925 229
1296 267
1461 1088
1543 1475
760 534
1055 1774
815 1711
1441 1634
71 1745
140 986
1130 1762
330 1469
1336 75
576 819
1031 296
1430 886
894 1432
970 960
1355 1561
1758 562
1457 122
1724 1747
615 1214
1652 49
149 1781
606 83
832 1761
1672 109
586 6
1018 1449
588 1415
831 124
1726 229
1330 57
1539 439
1717 220
1367 1146
713 1576
1065 1696
64 1205
514 1037
1433 210
870 1542
1419 1364
1584 1055
1422 70
934 423
1487 1742
640 1284
1401 1567
744 1596
924 784
1581 421
1761 1121
903 1405
1512 1350
1019 1318
1363 770
1315 878
1398 256
718 1383
1246 148
126 1496
610 23
1238 1039
1765 1559
423 194
520 1848
1595 0
1705 1070
1056 327
534 1591
579 1774
1476 716
1709 111
866 1804
1262 1113
182 1667
355 1839
1255 975
1184 1191
1420 770
1378 1578
700 1739
495 233
1485 1054
613 1776
1623 1082
1453 1368
83 106
1049 1163
1125 332
789 1106
1157 880
1694 469
631 599
1712 111
769 1689
1074 1469
1132 1653
1677 692
1139 1364
1331 557
966 1567
1222 889
1567 909
1322 1522
1702 1527
1348 86
1576 1616
101 1533
1176 797
1272 1795
1211 1585
741 1113
1261 120
374 1489
1309 1778
1202 1466
1352 19
1468 1835
1624 375
223 1569
951 1434
821 1213
20 1709
1397 57
1597 402
1364 199
1493 1520
1416 1284
459 1583
1216 220
1435 816
560 1747
1085 4
1451 463
1533 1070
856 1562
333 1120
933 529
574 1770
730 1022
1017 1396
736 176
740 1091
1668 588
1436 1064
901 1214
1566 992
106 1300
1218 1492
1460 331
350 65
1708 140
150 1803
953 1140
433 1441
1327 1801
1403 1348
1681 76
952 1407
370 1580
644 1025
1482 744
1575 964
1362 109
1498 346
1590 1074
1280 1843
1343 55
1099 1226
813 1364
1286 267
1339 594
212 1701
1103 147
701 1226
1314 6
587 286
1370 1381
1558 816
125 162
1466 0
595 510
1337 1389
926 1536
1122 1183
961 1705
5 745
627 1465
691 27
912 750
969 37
1431 493
1454 1781
1549 1381
699 614
453 1469
1384 899
1546 1609
805 1495
1086 24
1324 57
1199 820
1770 1038
733 99
135 981
910 1104
670 1290
1532 492
599 27
47 245
690 69
9 1496
839 709
1140 280
899 1574
1759 866
1305 1474
563 529
582 1383
1366 193
512 733
1494 292
1109 1568
1302 1589
1391 558
1175 1207
79 928
698 218
735 1772
593 26
1719 1338
425 344
1372 1316
695 596
1409 594
1547 1422
693 1687
1087 15
914 860
916 1169
954 1021
1682 965
898 400
1177 988
1025 1453
1552 770
807 234
938 897
1067 6
1131 1283
895 1051
559 1591
683 65
754 1317
1696 1527
1478 1689
1311 1221
638 1202
655 163
811 1553
812 957
1323 1573
1556 439
1250 295
846 240
1187 1716
1411 1761
1524 1046
1525 164
1164 582
1208 1055
1206 1509
1481 1357
880 544
524 1569
719 147
1432 82
1282 706
775 360
1062 1709
1112 181
1093 866
888 775
1071 1718
1134 981
1345 1189
1545 1664
950 1592
1353 1844
1148 44
1284 739
1551 1502
1653 850
666 287
709 750
1371 568
723 1496
1608 1027
824 421
477 1568
1697 1242
1550 1502
1676 589
1058 1772
1408 916
1440 282
720 933
1333 1727
770 69
1586 1797
1116 365
1081 124
960 155
1215 1690
1054 1494
1264 1777
734 1732
583 1383
1640 791
1404 1311
1418 1380
710 860
1544 1801
913 1820
1342 1761
1332 1670
189 1765
1492 257
664 1412
1540 848
1394 19
847 1410
1351 15
692 758
1015 1843
1192 1251
1346 160
76 89
1555 1032
765 300
300 988
1285 853
1066 380
648 1436
1275 47
1410 1305
1098 1191
1585 1008
1686 76
1376 997
1467 1556
1243 241
304 1472
1106 1200
1434 86
1325 1558
822 1562
52 1316
649 1561
867 766
780 1315
157 1473
581 1202
677 1318
1178 575
922 1584
872 1268
1229 969
1444 993
1016 556
722 263
1479 495
1504 849
1344 1513
781 183
658 998
980 899
1237 270
