img12c2.jpg img22c3.jpg
2141 1439
1646 1425
1656 1475
583 433
1861 1574
2156 1806
1877 1585
2150 1800
2126 1785
37 1354
1611 1400
1664 1439
2122 1782
2087 1867
1871 1578
2158 1812
54 1532
843 687
1688 1188
1524 1327
1488 1280
1609 1401
1476 1280
1870 1584
1663 1254
1389 1254
2151 1800
1665 1484
1048 893
1568 1552
2101 1703
2106 1807
1276 1086
603 410
2065 1751
1112 907
923 740
2207 1811
552 410
1831 1552
1293 1101
636 524
571 464
1023 893
2120 1780
1440 1266
2138 1785
558 410
1331 1067
1577 1654
2064 1752
2060 1862
1088 893
2114 1793
2009 1875
665 545
1907 1633
1987 1414
2157 1754
10 110
8 109
1878 1597
922 652
61 141
2098 1669
52 1565
1876 1894
1499 1298
1551 1339
2123 1744
2116 1782
2238 1897
1566 1319
1649 1414
903 652
34 128
884 652
1742 1460
1655 1754
974 798
1007 893
2084 1855
1858 1370
573 399
1258 453
975 970
904 781
1895 1376
2071 1703
721 619
1008 814
2131 1830
881 661
700 598
1570 1359
801 727
1020 946
1466 1283
2117 1782
5 109
692 581
90 156
917 837
2231 1895
905 708
637 524
1472 1297
896 767
50 136
2105 1780
860 705
1014 1019
745 641
2247 49
921 721
1677 1254
1912 1225
2044 1830
902 721
285 240
1317 1150
859 733
2090 1855
2180 1018
1523 1316
920 738
1067 893
659 548
1950 36
713 559
1392 1254
1857 1563
900 706
1884 1549
796 1486
994 817
2067 1754
828 649
1552 1339
2073 1439
7 110
1490 1283
1383 1176
1756 1532
1865 1572
135 1584
730 667
2230 1894
1078 1019
1500 1280
1562 1340
2152 1707
2159 1807
1563 1339
2239 1527
667 556
1550 1344
1902 1609
551 408
1679 1458
6 110
633 1924
985 893
1617 1402
1631 1406
2062 1687
1199 907
1236 979
737 666
2024 1830
2226 1891
2259 125
1275 1100
788 637
802 649
942 719
1635 1408
1049 893
1848 1582
1037 1019
901 720
1854 49
919 721
955 814
1475 1280
1988 1862
597 399
1154 907
1330 1140
2086 1867
878 834
2113 36
1076 1018
1060 1019
1133 907
1203 960
1567 1367
1201 1006
1783 49
964 946
894 793
1104 1019
656 547
863 708
931 946
657 536
925 677
967 893
1047 893
2176 1867
890 834
940 710
857 793
1065 843
1285 602
1569 1544
647 1924
341 280
1126 1598
2115 1669
2165 1821
1325 1102
1698 1484
2058 1739
2076 1867
1444 1577
675 547
1722 1734
1924 251
760 745
898 705
2187 1830
2097 1782
1058 1019
354 908
2227 1659
2246 1515
349 323
1509 1307
719 1354
1224 939
1538 1372
1685 1492
1111 1026
422 1359
968 765
1155 937
1926 1635
1166 1577
1217 1098
1346 1669
2194 1751
984 893
1981 1830
2234 1571
918 1356
1822 49
883 707
965 717
1046 946
1124 1327
1432 1239
1491 1285
1493 1286
702 629
741 656
747 695
1328 1061
1335 1141
2170 1486
353 285
1547 1376
18 1328
1636 1411
897 734
1134 1003
1505 1552
1532 1352
895 777
933 893
952 793
2235 1875
2099 1772
740 648
906 781
1661 1782
862 738
932 893
1806 49
2221 49
936 837
1022 946
1070 970
1254 1026
1553 1369
2182 1676
1302 1574
1528 920
1940 1657
2203 1475
2219 36
1817 1336
2137 1799
1853 1372
949 946
2083 1867
357 361
605 675
2195 1410
714 581
958 757
879 765
1257 585
1575 1372
1885 1897
951 893
1462 1642
763 681
1542 1377
199 886
983 893
871 667
1984 1458
891 1400
1237 907
1481 1598
1704 1444
749 667
1223 571
1011 970
1087 1811
1841 1551
1482 1328
1852 1891
2228 1897
2232 49
2256 519
769 673
1059 881
2146 1785
210 193
1321 1254
850 649
1521 1302
2095 1771
1647 1795
541 433
1312 1905
845 735
2121 1771
1353 1060
1915 1629
51 1357
993 897
2053 1746
16 1371
1181 939
1755 1632
2241 450
954 1071
649 556
743 1372
62 140
973 897
1303 907
1511 1302
1823 632
849 727
1278 985
1837 83
1168 1093
970 814
1650 1815
1839 960
992 970
1355 1222
1633 1235
1900 1622
766 140
776 1319
916 733
1519 1372
1632 1438
567 1415
926 759
937 796
977 1555
1179 937
1844 345
1176 1026
803 681
1539 1334
1093 1016
1520 666
1300 1370
1471 1353
848 727
1883 1750
654 591
780 874
807 874
1443 106
1478 1286
1936 1649
2211 1903
212 198
1527 920
666 556
939 737
750 727
764 637
1757 1656
1186 80
365 1734
892 794
1692 1415
623 559
1616 1404
1680 1460
734 649
751 667
1642 722
1492 1286
2055 1740
739 1372
814 727
1468 1310
1754 361
1842 1600
2244 1903
455 1829
584 401
831 524
1139 1847
1501 1310
1484 1372
839 717
1038 1544
2261 1761
686 591
972 970
272 230
333 291
1029 970
139 174
736 157
1183 1104
797 787
1030 817
1736 1460
971 1049
447 1872
915 893
395 1462
950 753
1263 1144
2134 1784
1147 1019
2213 1659
1036 1351
2199 1410
258 224
697 1924
1039 1544
1178 959
2057 1738
1526 920
1917 1644
1372 1101
53 137
869 1372
1127 1019
1185 1847
1218 1080
1235 619
1425 1207
1745 1907
1069 970
1240 958
1670 1410
1801 361
793 1070
1019 876
1668 370
910 914
1498 805
2094 1425
1102 1109
1530 960
640 1924
1061 1974
1910 1610
2154 1814
31 66
688 724
729 1372
1050 814
589 401
1130 881
329 275
1271 906
1369 1233
682 558
2142 1807
1105 1544
664 1128
865 781
1137 128
1683 1462
1758 361
1935 1939
693 1088
825 1402
829 680
1830 49
591 1048
302 257
550 395
1099 1019
1486 1548
253 291
1546 1319
1714 1907
877 1400
1159 814
100 185
744 649
1359 475
1081 1039
1892 1605
1341 1088
1314 602
1948 285
1920 1635
2186 1984
651 1104
914 1400
1340 1102
1427 901
1510 1308
423 337
1174 1574
1463 1551
2258 519
728 637
1357 1188
1044 1069
1128 1327
695 633
824 1397
1175 935
1101 1019
1426 1220
1428 1479
1659 1594
55 1574
1557 1326
134 960
22 116
853 1400
559 662
746 651
1638 1414
1725 49
1153 619
1816 1492
338 279
777 746
786 667
1431 1207
1561 1564
296 264
691 1924
774 667
1313 934
1802 49
1889 1572
69 1924
348 281
1211 1544
1210 1019
1785 1907
1937 458
1660 427
661 116
1192 1974
1110 1097
372 1660
680 592
893 1402
1518 681
2008 1641
572 396
856 1402
1360 1087
787 1372
1152 1026
380 450
33 65
1954 1690
130 1527
1005 946
1690 112
1862 140
2155 1867
1131 1133
1788 278
1803 1521
481 1734
753 669
1006 946
752 667
838 787
1358 1404
2233 1894
835 672
1433 1207
1851 128
812 705
1202 1524
1362 1904
1489 1299
1786 1063
2119 1773
412 447
1607 724
1187 878
153 251
1135 906
1763 126
816 1372
1364 1060
2257 2000
1028 970
1424 1220
1733 1502
1847 1641
706 605
1932 633
2192 1860
187 185
800 727
847 1606
1691 1907
1939 1668
2179 1069
267 1515
870 727
943 513
1071 992
1838 1734
2202 1768
1793 49
113 337
347 1415
602 429
696 337
792 1984
826 1935
840 717
226 201
627 1069
1982 1439
717 592
1148 1544
1198 1574
1429 1361
2243 1849
219 199
1765 49
250 214
545 395
673 545
1710 1499
2096 1740
1479 1302
2268 635
722 1
1749 49
966 893
1121 1016
1781 9
1916 1635
924 1802
1245 963
2181 1831
704 548
674 585
725 745
1323 1030
1327 934
1512 1313
463 886
819 888
1098 1019
1348 1871
855 731
1644 1529
542 375
785 649
1090 970
1308 1506
1595 1390
2263 237
21 1883
120 1831
32 278
143 1831
723 745
731 649
1408 1254
1608 1398
48 1984
345 285
1738 61
1886 1596
129 1882
515 1377
1503 1302
1743 1837
2178 1598
2264 296
851 747
1026 1049
1645 1437
56 138
650 157
1024 814
1310 1031
1667 1174
184 185
671 612
1100 1544
1381 1744
1712 1907
1255 1115
1292 1779
2048 2004
172 185
1921 674
808 672
2124 1772
569 892
653 1469
1009 970
1709 1354
1737 1656
1025 948
1142 359
1216 1023
1287 1128
2222 960
15 193
1222 1934
1775 293
716 1650
1695 1487
174 1375
678 1064
1723 1266
2260 125
85 1062
150 1882
982 1400
1272 1098
1354 981
382 864
448 323
1397 1245
2229 1893
1119 1122
158 323
553 385
1072 1016
1682 1443
1771 1884
1931 1637
114 1814
512 1429
1637 1226
2118 1772
127 451
1167 1019
1829 1578
2189 1728
123 594
634 635
1021 946
1162 86
1010 970
742 666
1177 958
1182 939
1259 1029
1487 1299
798 649
827 695
775 667
1574 1611
1753 1557
1860 1585
2050 1730
733 648
989 1049
815 727
297 1641
852 673
1122 897
1898 1401
1995 1416
2133 1850
440 1515
738 656
876 1397
243 61
1559 137
1701 1462
9 74
1027 970
1324 1088
1666 1469
1901 1319
560 1356
2104 1398
1469 1313
2089 33
491 1429
1794 80
2070 1265
1933 1640
934 814
873 728
1495 1486
685 545
360 427
1086 1487
1958 36
2252 1953
108 261
188 612
724 1666
765 1524
1035 1019
1417 874
1517 666
587 428
284 66
622 157
1395 1214
92 158
748 666
1759 1837
2193 1492
858 788
1516 666
384 721
886 727
1089 80
1118 970
1197 935
669 1088
1113 884
1160 1049
1206 41
1207 80
1994 1245
125 695
421 338
885 1802
913 1360
1031 970
1062 664
1808 321
2206 358
1158 823
1508 602
2047 2004
202 192
709 636
2190 1775
1671 1814
2240 1693
1573 914
276 46
537 886
1221 1099
1370 1964
519 1859
581 946
638 1326
944 758
1541 83
1693 1594
507 389
761 1372
1051 970
1819 1542
462 1670
1347 1174
435 346
1219 933
1974 1428
641 1924
1371 1223
1818 286
2056 2004
473 1415
999 768
1294 262
2245 1907
361 237
368 316
1004 918
1213 1544
1721 244
2153 1458
288 1883
451 1455
1220 745
621 286
864 676
1145 1019
1581 1372
2262 1702
237 201
472 1406
846 497
912 731
1548 601
344 258
1079 899
1250 1544
868 177
1204 287
1329 1779
963 1780
1891 1369
1262 278
24 362
1506 1024
1228 1544
521 65
593 494
1703 769
1760 1751
1796 1918
2128 1726
165 183
643 1501
995 994
1437 1766
259 220
988 1049
1351 1714
1418 830
1752 1619
2063 1617
263 248
658 581
1504 1879
1652 39
1387 1245
1669 1466
38 1899
402 1882
1117 970
1382 1780
403 1792
959 758
1373 1200
2265 33
59 1538
557 428
624 1847
391 1847
1908 747
2251 1328
269 886
960 782
1161 359
262 1328
1125 1019
1494 1286
1687 1865
609 451
1041 843
312 293
1795 1642
762 680
991 135
1063 1000
1697 1248
907 491
1731 345
662 323
799 667
1107 1905
1893 1019
36 61
1676 132
1770 1899
1913 1361
2269 1988
503 1574
703 2004
1769 1515
1804 1884
1821 296
2174 2002
948 673
1413 1220
956 1105
957 1802
1043 863
1244 963
1648 537
2045 1935
2225 1584
2236 83
13 114
1040 956
1083 1000
1151 1023
1297 1412
1345 1831
1366 212
2254 519
833 1597
1699 1259
2237 1901
87 155
1234 1023
1657 1542
478 190
1311 1719
1625 427
1403 1229
1513 1551
1654 1175
2012 564
17 118
81 153
1052 359
1322 1065
1846 1551
660 1064
1899 1114
2214 135
12 1792
1106 1022
1927 1874
2168 1469
1269 903
2061 1795
2255 1917
486 361
997 840
256 212
201 320
350 1154
439 65
708 2004
961 743
1091 970
1578 198
1634 1594
501 1656
986 921
1911 712
265 157
998 839
2001 1786
694 1235
1064 1000
1304 1004
185 504
1514 1297
1571 1373
1720 782
1855 1907
1230 956
1554 681
60 1611
899 1935
1193 1000
712 77
1439 1642
2215 1672
1096 926
2041 1732
364 1998
1241 1045
1380 1254
20 960
1290 1117
484 537
1929 1654
320 1549
1778 1656
2066 1165
500 371
1165 903
1195 1370
1256 1099
303 259
1231 1544
374 325
574 567
1280 1544
1555 648
1903 1611
1032 973
1894 1079
2166 1814
283 319
1282 1544
45 133
805 140
834 772
996 970
1129 1022
1732 359
1928 887
182 514
427 1904
98 755
941 1802
1400 1251
813 1415
1109 1024
239 1907
1361 1103
1184 1734
1415 109
1436 1616
1805 1144
295 1500
133 172
358 287
830 789
334 323
1073 1016
1229 903
407 324
1727 1693
335 118
487 1264
735 649
1344 1651
1388 1199
1588 1809
1827 244
1906 1949
2143 1484
3 337
1477 1285
1773 1935
2171 1589
1075 840
1909 641
292 1594
332 1328
1390 1154
411 922
1653 1466
43 1741
1267 1339
1766 1907
2223 55
168 1570
369 1491
413 1619
990 359
1150 1550
715 1039
1225 1373
1483 91
1925 1195
1522 1343
1790 1516
874 1518
356 337
371 1518
1084 1622
928 1816
1378 1152
1599 1414
1684 1594
2172 1224
1337 1065
289 914
1082 903
1944 933
241 227
351 1659
287 244
495 371
644 611
1214 903
2161 1686
179 1773
255 221
854 1400
1094 994
176 109
2 1478
14 291
291 1820
468 274
980 720
2034 548
1103 931
1274 1099
1384 1102
1744 296
1896 1615
2197 1861
795 764
68 430
103 427
520 1361
2132 1360
224 1415
771 664
1289 1130
1537 141
417 995
1485 1369
178 462
779 643
2077 1458
1248 1015
1367 995
146 1297
1826 1549
164 182
1309 87
396 226
962 886
1140 359
314 345
390 1443
668 1064
1296 1495
196 1540
726 449
866 1104
1989 1917
1869 1847
1941 1890
215 1855
227 1686
381 39
480 316
1726 770
409 1882
1268 903
820 1984
1845 75
718 2004
987 895
687 548
976 760
1938 1486
1998 1780
220 204
337 131
376 300
1264 1544
1767 1536
2224 1542
757 1562
19 300
1141 1343
1172 1023
570 495
945 1733
207 1212
1904 32
2085 1913
397 322
466 1212
809 168
773 727
821 728
1315 1210
77 152
818 773
1013 994
586 1442
1295 777
64 701
1825 237
230 187
1549 1509
1772 535
2267 1467
362 297
477 1872
1080 903
1385 1246
2242 1512
44 1780
594 1244
754 874
1054 994
1374 1937
1502 1311
2140 662
35 1641
86 1922
385 351
418 1553
1238 1115
2175 193
1143 1974
1170 1544
1866 1594
42 40
476 360
2042 536
2051 1130
467 48
1949 1361
2125 1777
1480 446
1525 1605
1662 130
1922 1121
254 1500
2167 1821
1169 256
1467 1286
1815 251
379 117
1576 1383
1586 1389
57 139
1435 790
1458 1299
1828 1551
1411 1229
1875 1551
2013 579
461 1259
2003 604
317 1265
400 118
732 1933
1163 994
1565 1018
2074 61
2196 1588
1398 122
1558 648
1686 1438
145 1611
1840 1558
1108 993
1681 1872
318 124
330 276
1033 994
1694 1360
157 1447
2198 1812
245 210
1719 1653
2208 1874
386 258
1273 1210
1393 1421
1132 1000
308 34
1001 1036
1810 242
190 261
1205 1183
1715 1393
778 1223
1700 1917
420 339
672 164
1386 1853
1888 1373
252 886
630 1808
1251 903
1707 1782
154 1594
626 724
1423 1229
1138 1070
1194 1023
1306 30
1914 24
929 672
2210 1740
299 254
1414 1423
1540 1459
1959 638
91 127
978 1877
1074 1024
755 660
1261 477
1332 747
1456 1274
1689 1790
1964 22
1316 1128
690 1057
875 1615
102 351
222 1907
1068 1208
938 470
433 1441
1407 109
180 1066
2023 1768
1338 551
1887 1595
208 1144
214 316
2139 1406
163 1409
1533 1459
1890 1868
598 1162
1003 751
1751 1556
804 745
1560 129
175 1985
225 1831
274 1235
1281 903
2011 564
1171 1550
1343 954
1461 1688
236 1447
1156 912
1319 1152
1277 1007
1401 869
1334 1065
1675 1464
2049 2004
1034 973
1416 873
1953 309
388 185
969 894
470 248
1114 835
159 1019
681 548
1377 1780
246 319
561 1388
1776 1437
464 357
1718 54
1239 574
1442 1549
1180 866
1365 1226
492 276
186 1473
205 41
414 49
294 1415
1164 903
548 1898
908 710
1301 637
49 1787
346 117
614 1088
431 80
568 1536
953 894
2216 846
430 343
511 337
425 1594
97 1688
930 751
1864 1574
2100 724
911 1378
1702 1405
1791 1371
106 2000
408 1928
768 1946
1564 1491
375 14
410 335
909 724
1173 366
1741 1825
1934 129
514 1885
229 207
562 439
756 650
698 628
1678 109
1534 1459
1053 926
1242 1502
1288 1060
1326 219
2205 1845
231 211
429 1916
378 1414
1363 229
1824 1548
270 1490
23 31
889 940
790 728
279 238
1850 1598
181 188
887 650
144 1759
822 751
1336 1118
2173 1643
1320 1587
2091 425
615 1173
1136 912
1260 1835
1422 925
1556 1481
1997 1786
415 338
1735 769
459 1792
1673 1154
784 672
791 752
2010 1786
2102 1510
406 226
676 548
720 1594
1420 1227
1615 271
1740 1689
727 996
419 1542
1739 638
271 520
604 1614
1146 868
1200 1005
1412 1214
1515 648
758 1272
244 1960
305 125
625 1941
1705 1393
147 177
434 1284
532 1490
979 720
1097 994
1399 471
1057 928
1191 1022
1000 760
1807 1656
1930 1486
1996 1708
2052 2004
1253 1023
1149 1000
494 291
1452 158
1018 768
2184 1019
111 618
882 1935
2043 1510
861 1935
177 1456
1368 1233
1639 971
1780 317
1961 1343
1962 722
582 1678
770 659
590 384
1212 1858
1622 1698
1012 840
1232 993
2004 1496
160 1680
1077 868
2017 1711
228 1936
1092 1564
2072 1985
2149 1804
1279 279
1579 1367
2212 1969
1252 1023
1835 212
1474 1274
663 129
2075 1858
482 1594
27 1029
872 436
1209 903
546 481
1473 1390
631 1019
1350 1046
398 293
544 1860
699 1060
1409 869
1056 1038
1233 32
2109 1865
1265 647
1410 992
367 276
1708 1491
63 143
293 242
1266 44
1299 44
2007 1429
438 321
95 1115
162 1628
1470 1288
585 1902
617 481
1055 994
1246 1373
151 1886
1641 1785
72 1590
601 1965
1123 972
1711 1460
1342 131
1391 1182
1307 1007
1792 98
1859 1516
192 1605
392 1365
315 12
639 1019
343 1118
1713 800
2160 1874
456 1603
1120 1343
1545 1335
1651 500
2006 1714
479 1626
1157 843
1430 1811
646 99
67 1062
140 43
251 49
1971 1691
110 330
1243 1384
935 894
195 1740
277 314
645 72
1658 1226
2253 1838
29 1893
209 1259
670 278
1190 1849
1849 962
1188 1607
457 451
867 322
888 1816
947 558
1095 994
1405 1194
112 1634
823 1653
1283 647
1189 1607
1144 292
1196 1057
880 511
1379 458
424 632
1396 1217
1451 1390
1872 1213
373 1662
1208 1016
1960 329
405 1115
522 1049
453 338
490 229
2249 75
282 1859
80 154
817 24
2046 2004
399 328
247 62
2217 1912
465 746
836 774
101 612
1603 1709
2054 584
781 1595
1643 1587
1784 1104
1956 1843
635 614
1965 1621
927 1953
1779 1681
2250 1912
1777 1414
363 338
1402 1237
2147 1303
705 1888
39 130
1624 1929
264 228
1598 603
496 302
844 2004
1717 1450
1734 1494
711 653
88 498
1729 967
1782 139
2183 1638
156 1697
1730 527
1999 1786
1507 1202
1672 1917
1454 1495
306 1926
1247 1607
242 494
2200 1439
2021 628
82 1922
116 1948
426 1409
2031 1995
2002 1714
2022 1717
2035 1965
1066 744
618 493
2266 1614
240 200
2040 1100
191 182
837 1153
2033 1719
141 1196
1572 780
1674 1011
2016 1986
811 98
331 277
689 1537
249 1208
30 750
1227 1825
1536 3
204 189
1626 1104
1249 292
1419 1065
223 232
234 862
1270 1548
193 1062
206 1328
217 196
445 1284
2015 1120
592 1568
1406 1214
759 762
1226 281
58 329
70 1000
275 53
1339 1033
1375 647
1867 129
75 367
446 1615
513 1154
832 650
1811 67
1856 972
1973 87
642 1046
1970 1688
628 211
613 479
782 20
1969 1683
2108 1213
203 1138
260 1049
2000 1786
2148 1243
161 151
564 150
1376 706
189 884
588 1657
1465 1683
261 49
404 327
1449 1288
565 338
595 1933
389 1509
1952 1157
148 177
211 223
280 2001
325 1085
1116 1388
1594 2000
40 1722
842 1969
301 206
1610 1414
377 1100
1447 1390
313 267
2110 1318
524 191
841 1497
2201 1412
1291 1297
46 911
286 939
1943 1024
28 1765
1585 1915
155 1232
307 1908
1215 1494
1352 1528
266 1031
336 223
1115 673
449 248
608 143
620 620
1918 1027
2036 1725
73 1509
298 320
806 1224
599 1056
2014 110
2127 1255
2080 506
1789 672
2204 1686
810 578
471 827
1596 331
169 1044
1879 2003
328 18
441 604
1544 1341
1972 656
1356 92
469 1542
677 2004
1543 166
1947 308
109 886
1748 672
65 1660
530 1257
1298 44
173 51
1404 1182
1813 782
352 1531
136 1
170 176
1531 329
460 248
701 1010
2177 1838
41 97
1580 1955
1587 1071
1966 84
2103 1971
268 689
1946 1117
2019 1715
1863 1482
89 91
216 1982
1836 78
74 149
167 843
1453 654
981 1512
531 334
946 184
525 1596
1583 1018
1728 130
1764 672
528 1666
539 1203
652 578
576 1750
2248 1838
2027 628
115 1070
502 1299
789 752
1809 992
1882 1092
2092 1162
629 1185
84 580
543 98
619 516
1923 1000
118 719
1459 344
1457 807
616 1387
1421 1293
1640 1958
2038 1692
137 1574
1535 1569
1800 1737
450 1540
1349 1539
1441 1277
1446 1269
416 64
767 1844
2163 192
79 251
1724 1314
2093 130
142 277
1582 1384
1919 941
94 471
655 1185
1286 806
1333 518
1460 1333
1619 1126
104 908
213 1428
393 866
2136 1394
2185 511
278 1146
2218 1626
1085 1404
1967 1765
194 1375
710 1202
1834 1160
1951 667
1015 760
2129 760
1318 616
4 319
648 1185
1897 816
534 1092
1955 1650
235 1992
1445 1269
387 672
575 159
1284 44
527 347
1589 1005
281 1496
2069 99
310 554
523 390
99 623
83 1611
233 209
1627 41
2018 597
2020 1724
1434 1280
1874 1144
578 993
684 786
505 618
107 162
238 431
497 1903
1979 1408
2032 1718
1584 342
1438 74
11 1961
458 1424
606 514
1002 1404
1768 1208
197 116
71 868
1614 1995
2220 144
1881 582
117 142
1017 938
443 336
355 1395
1464 1724
1873 1399
1880 2003
485 1506
547 1132
1618 914
47 1471
257 1883
2037 591
316 260
1613 614
2026 1717
290 1568
1590 1989
2005 188
607 6
311 157
66 529
1 589
1593 195
794 940
200 573
96 267
600 1334
1042 862
538 1284
1045 1385
1716 1217
596 1913
535 576
707 1526
679 125
2028 1990
2029 1717
198 1484
555 152
1455 1495
1833 1824
579 1206
772 1219
1629 535
2025 510
1812 941
1975 877
326 269
1968 260
516 118
444 1478
221 1201
632 596
1761 943
508 32
1016 1869
1868 1186
474 1177
1706 969
366 1482
119 482
1799 232
78 779
138 803
437 1623
1605 1984
2079 220
2082 628
132 1940
359 1314
536 447
122 1193
2209 1971
428 1345
489 472
2068 1450
611 560
1448 1873
483 31
442 696
1978 684
401 75
152 1892
183 1860
1394 1091
1990 1977
488 1991
2135 1049
218 167
323 688
126 172
783 686
2081 1512
394 275
556 1894
2191 1253
232 213
248 9
1762 146
319 167
580 775
563 563
304 611
612 1912
1601 1396
300 47
2039 1723
383 1067
1305 190
124 2001
1600 1517
549 630
1597 1589
309 503
1986 354
25 940
1630 1912
131 451
26 656
1497 1960
166 371
1820 1837
1798 28
128 1537
1529 1256
105 341
324 1927
2088 1079
1496 341
2112 1868
1991 1940
2145 862
509 1985
1977 1650
683 1229
526 1343
566 993
577 2
1606 1722
1450 1269
499 10
1696 801
340 1816
76 1006
1983 1830
2030 1965
93 1963
1787 32
517 1912
1746 1466
1976 1375
1980 730
1623 1723
342 145
1985 660
1797 1494
475 446
171 829
2107 1485
273 1878
1604 803
504 1637
370 1912
506 772
529 147
121 941
339 1978
2164 1417
1620 582
1750 1517
1814 1494
432 1302
322 813
2169 1165
498 515
327 368
533 492
518 380
554 759
1942 1905
2130 181
452 145
540 863
1747 1919
321 233
1957 1645
1832 1902
1992 1643
2144 247
2188 193
149 147
2078 214
1993 1155
1628 232
0 332
454 810
1963 728
1612 791
2162 1995
610 628
1591 628
1602 1569
1905 1168
1843 1680
510 151
1945 1762
2111 1302
436 1388
1621 1559
493 1810
1592 1258
1774 553
2059 628
