img11c2.jpg img17c2.jpg
2074 1200
2071 962
1641 1636
2400 1061
631 1169
584 235
1455 1648
645 1169
2342 203
857 663
1549 1020
2069 1782
1739 1088
1577 1636
741 984
666 1169
624 1169
615 942
2121 797
2302 1755
1553 312
2165 361
609 1169
2126 1020
1546 1731
1050 983
2107 1612
1336 146
1361 470
1411 470
841 239
710 235
1604 146
1442 536
2191 312
930 1377
2389 935
1515 181
1855 462
1768 1217
2110 382
773 1169
2300 181
1017 983
1398 652
972 1073
641 48
2179 163
1083 476
2322 1170
1870 1740
2053 1007
682 1169
1665 105
2200 312
2426 132
1471 984
610 1169
1135 146
1175 476
1064 476
913 663
2262 1782
1097 146
1881 230
2108 1612
625 1169
436 1542
646 235
1470 1169
1804 1007
1018 476
1447 1648
1401 984
1403 646
949 476
1822 470
2051 1268
621 234
2287 1795
1052 1711
1158 983
1192 476
1094 470
1402 984
1454 1088
2383 1248
2163 1615
914 984
1655 1529
637 942
1626 382
1943 1007
888 647
2136 479
2274 365
2135 1518
2151 146
2176 413
1569 1061
1613 200
2381 929
2384 797
1443 984
2080 992
2355 357
711 1169
500 991
2178 315
1263 983
1423 1648
2457 1143
445 332
1136 772
1794 146
2061 1268
2147 1612
1343 705
1798 956
2148 159
585 1169
1445 984
2157 315
704 1789
1642 1204
2378 1088
743 1169
1831 462
2340 1763
1418 462
2356 874
1400 1740
2079 1782
1674 992
2238 1782
592 235
1394 1161
742 708
2240 1782
971 470
2118 1574
794 997
1448 877
1629 992
1419 1648
1623 1505
2278 30
2149 1615
1732 1076
1949 1637
1446 1648
1404 1277
795 835
600 997
725 984
991 983
1611 141
1981 33
2132 787
26 1448
622 1169
721 158
823 1169
1164 1782
824 1169
936 1209
490 156
1966 874
2162 382
232 1737
608 1169
683 997
1825 874
2385 277
583 236
136 874
1786 1225
2161 1156
2404 1288
1465 1277
1917 467
2345 181
623 1169
2117 1620
1951 1402
2188 716
83 725
1254 1740
2101 787
575 1484
759 1169
2195 1714
644 708
1758 1318
2106 1156
466 790
1616 1748
2432 1644
1034 1313
2123 382
928 983
2129 1782
1289 146
1472 1648
1813 944
2357 1725
1882 988
2155 1506
876 239
1833 1711
2265 1248
220 466
1678 1753
542 991
665 235
1780 272
709 1194
858 1169
1929 1755
1805 1731
94 957
2351 1321
1003 663
365 986
681 1764
1382 984
1991 1613
1478 641
629 1789
632 1169
1909 1277
2119 1507
2153 298
768 1505
760 235
934 861
1406 984
1409 835
1444 1169
2115 176
2120 929
2146 1620
979 1169
586 1169
596 48
1861 1225
2306 1782
352 1725
480 1043
1245 476
533 332
2372 1061
604 1784
611 236
662 647
1934 1189
1516 298
2352 473
993 1711
605 1123
1110 1579
1112 1579
2073 725
915 1169
1511 1636
1757 48
2201 315
1496 946
364 1636
1916 1169
744 997
1989 394
398 1725
1587 397
933 984
2291 191
875 1350
300 957
1065 476
1526 1248
1663 1737
1815 183
774 1277
822 663
867 398
1333 146
1542 406
497 1043
920 422
2373 1088
1624 1505
2233 1782
201 181
2125 1155
368 449
219 255
573 991
1340 146
1858 416
2159 1620
1197 782
2134 298
953 141
1537 175
581 991
1198 158
1458 984
1887 877
588 395
1339 791
2211 437
552 449
1247 168
48 874
121 295
1767 1217
2393 154
1944 154
932 1120
2142 146
1063 191
579 48
736 156
2292 1782
70 187
320 1517
680 239
758 1320
829 158
2056 1782
2269 365
2324 1636
713 1663
1308 155
59 1181
524 1641
1957 181
2419 603
496 1654
790 1789
343 1634
2085 1782
2156 397
1317 1671
619 647
1500 796
2084 167
161 449
1356 1625
1456 1743
1473 1648
1580 397
910 1780
1323 451
1405 626
1771 883
170 200
317 852
891 634
1300 153
1979 1636
282 1714
1179 445
1239 1248
1311 1671
1375 1150
612 395
1122 1636
2169 1782
793 235
807 997
1630 800
1556 957
1938 1183
554 48
1031 592
1890 653
2111 1142
1328 817
1760 1318
2382 18
90 1321
679 1648
1714 1061
2113 1782
2364 1225
840 984
1101 1600
1884 984
1132 1740
705 427
847 158
1933 412
2160 1506
1387 1739
195 421
839 663
2439 224
1091 1096
1410 862
699 1654
1850 22
148 964
798 78
511 1043
607 1169
745 1318
1266 883
1847 342
2177 365
456 1043
1711 815
173 180
785 1028
1134 1257
1923 56
2298 181
1008 158
1408 1169
2459 858
935 984
938 1641
1746 1053
1766 1023
599 235
1466 1120
1947 181
992 651
1922 1641
2205 391
558 1780
1869 1632
712 1169
821 239
2167 1731
694 708
803 158
2133 411
1002 1169
1396 1647
516 1043
1257 962
1279 983
2219 194
1862 1795
2455 335
871 1096
976 1194
1074 158
156 1235
1653 1735
2339 427
1706 421
1098 1181
1177 271
1744 705
856 1209
1385 1784
1866 317
2078 60
2374 446
1727 181
2264 992
2402 1061
1414 120
1305 217
1817 1448
2252 1782
2097 1782
375 1725
1155 1728
1288 1313
1606 1725
1617 181
673 704
1271 1406
2171 298
2323 63
620 1169
826 675
1207 155
2441 105
128 908
469 1258
1376 660
1913 646
2412 422
1119 509
1269 774
1360 1213
1388 1220
1848 1088
1885 1022
2109 774
2175 1782
1568 531
1895 1648
2145 1782
2311 1638
259 1480
2256 946
2460 1673
224 942
1117 1589
1149 1740
1451 1318
1844 482
2070 327
467 1330
655 1649
1683 705
107 725
196 15
1397 1358
1800 1731
880 456
385 377
792 984
109 942
1116 155
1315 1716
2365 1042
1519 146
1838 1160
977 1169
1477 623
1334 817
1669 942
1598 1626
1743 942
2326 227
87 255
1001 984
1756 800
1508 1795
2006 176
2204 340
329 1734
865 158
2057 773
144 440
978 1169
1872 874
319 1731
541 48
2406 508
99 1248
833 1115
1258 1288
2321 475
1459 1787
2377 218
145 1007
481 774
1640 705
961 158
1751 238
2154 1484
184 1061
1670 1053
1788 956
2313 539
20 200
140 1251
1004 861
46 935
2341 317
215 286
1853 949
411 1644
563 48
1210 158
1347 1699
311 1053
587 269
54 286
66 1414
325 1248
506 982
1533 1636
1118 1500
1358 40
1647 414
955 998
1880 60
1703 705
1633 1213
1965 852
2452 403
295 874
1509 397
1619 146
551 53
877 862
134 448
2349 1739
808 422
167 488
2116 1507
409 413
1837 1754
1736 1053
1796 884
2067 361
2380 515
1217 1321
2229 60
1735 141
172 1265
719 422
1742 1715
2317 15
630 1350
1842 227
1930 1638
2370 498
1518 531
73 1213
652 1258
757 448
931 1654
1915 1105
1460 639
2316 1638
669 215
1041 158
1060 226
498 896
1206 896
1351 1636
1570 320
1469 1735
2082 590
667 997
905 342
2386 403
813 158
1231 1313
1631 1722
1731 53
40 725
1883 227
2259 138
761 622
2122 516
278 176
860 1649
1196 1755
2105 1782
1393 462
1582 1248
1682 63
890 1647
1000 591
1461 1577
1708 424
1974 181
864 158
1029 1096
1497 312
1854 203
1987 1782
519 1046
674 661
249 1278
775 372
2095 1782
1531 419
1632 466
2060 1463
2312 1625
2376 1183
163 324
2363 196
1350 415
664 236
1378 1180
1791 800
889 854
874 227
1977 1253
956 984
997 427
1309 525
1440 1161
1691 1053
1903 1646
1931 1235
453 1725
1342 1517
1567 1501
1346 176
1627 141
1656 625
958 422
1013 226
1688 1714
2077 203
948 983
1104 703
1161 772
1820 458
1886 238
488 265
657 1673
863 429
1133 1703
549 1257
663 234
969 40
1047 1096
1265 1654
750 429
843 669
2087 1061
692 1424
1636 1064
2192 1020
2237 30
1093 1663
2164 146
2397 250
1139 1220
731 1673
2331 141
633 310
1891 654
578 647
1148 191
2309 341
1259 1220
1646 1053
147 725
1841 227
2335 342
2228 1096
57 454
202 349
225 334
302 454
653 1169
1298 1321
569 1424
769 40
886 592
1014 1277
1234 843
1686 800
341 1663
492 1358
544 1636
1782 1053
2320 502
848 158
912 1220
1174 191
1371 105
2075 977
2305 1
2304 254
47 1414
1294 1654
1525 146
873 592
1474 707
797 669
76 1700
727 1630
1996 1301
2189 424
845 1527
1167 127
1232 1674
1485 123
1596 784
2170 956
2437 311
809 1228
1379 1743
154 817
1322 843
1793 1643
2062 773
2246 876
111 447
726 270
1644 1519
921 1734
1718 1735
2448 224
45 825
988 1096
1085 1755
582 1563
267 503
796 1649
1048 1251
2040 159
130 412
828 429
1819 1711
1964 1782
477 265
884 1096
2235 1278
2241 1720
1051 798
1878 63
2258 956
2181 156
3 338
1039 1228
1873 1246
1080 1096
340 786
1295 1688
410 310
852 1632
1659 1053
1672 868
1601 265
75 1278
668 218
1559 1683
1384 1220
1399 1161
1576 378
723 790
1035 1186
545 1424
693 480
842 1649
941 429
1428 221
1740 935
1910 1146
2301 808
2328 1684
67 908
139 440
749 456
1425 221
1522 1010
561 1683
911 1527
1124 1728
1274 589
1306 716
1697 480
1859 1278
2308 1212
454 1688
566 772
687 562
1622 1505
1724 424
1980 842
1994 776
2197 146
720 1527
805 1795
926 1251
1390 365
1482 1181
1163 1101
1212 703
207 826
951 222
1806 1730
1835 1401
218 1061
294 480
752 107
1290 759
1450 1635
1704 617
1995 976
2280 1053
1430 988
2353 1042
217 1061
455 1655
1489 44
503 694
2447 221
197 908
210 340
765 1228
1561 973
2089 1782
159 154
508 322
1152 94
1550 508
1140 1251
1260 603
1575 962
1963 1166
2245 1731
314 340
862 422
2037 985
2334 1076
297 50
518 877
565 1258
242 40
778 456
916 997
1296 488
1313 654
2296 63
324 786
724 1294
1199 703
1621 1711
1950 1480
2361 1050
597 991
1581 183
2279 962
221 1364
528 224
97 447
701 519
1153 858
602 1043
735 160
846 429
1628 178
254 480
465 1731
872 227
959 456
1224 940
2150 799
2360 946
859 663
1700 1061
124 440
390 1784
927 592
1219 962
2194 1683
2224 1782
356 1641
985 1159
2102 1689
355 798
671 1301
686 884
706 1475
970 415
1006 1228
1971 1625
2375 508
878 321
476 1673
512 265
816 120
851 592
1821 342
2346 15
179 1423
309 1278
2440 516
1437 231
2456 918
58 3
312 1251
384 797
1373 369
1427 1633
714 877
1233 479
1607 488
1927 545
2050 1268
2166 964
1027 297
1226 703
1797 194
555 1260
562 1221
1044 1073
781 158
1220 1181
2007 1287
814 703
1111 997
1926 1082
2399 247
756 1028
766 429
879 1641
1255 1703
367 786
989 1251
2295 404
2303 78
1218 940
786 97
307 440
817 427
2329 227
636 1003
894 58
1707 1136
1970 1671
2199 1782
229 481
427 414
1081 1251
1675 424
1728 800
538 772
748 429
1463 1636
234 436
318 447
1137 772
2058 773
2244 994
820 105
1386 1136
606 634
702 1725
1067 1703
1079 203
1108 615
1919 1716
2187 1183
1205 616
1145 1075
2011 1520
762 267
1932 1779
2230 935
185 1700
200 450
899 703
1615 1173
537 440
908 1654
1574 784
1808 467
678 122
963 321
1812 181
391 786
1599 1516
1752 480
366 1656
546 127
580 251
1420 1274
1639 398
160 1235
589 141
1337 396
1521 326
1864 1166
444 1659
1204 1321
1534 1588
772 1194
2193 320
595 447
810 429
1535 17
2401 1501
893 224
962 703
1237 50
397 1523
468 1773
715 622
2268 413
176 15
1759 1103
2047 773
116 440
2048 1268
464 431
1125 703
1422 295
2208 320
2423 1572
806 476
964 97
1462 1527
339 1755
944 97
1036 1213
1753 141
482 844
1625 787
1839 361
2450 395
849 703
1042 360
601 224
1037 1181
2284 976
690 1003
763 1651
1190 1251
16 1635
56 816
1121 1734
1709 1136
1832 1354
2127 1301
189 447
659 1480
925 221
1090 703
253 226
290 531
1007 429
1062 592
1321 654
1937 406
199 1424
834 414
1200 97
1335 1539
1733 1441
177 716
576 1258
1009 221
1692 1711
1830 1379
1879 979
157 1760
345 219
1586 964
2336 167
2449 39
1318 1437
32 480
418 218
1802 15
2098 45
279 178
24 113
708 1313
1945 46
243 1321
639 1061
1589 421
2350 475
574 120
882 703
1958 364
104 311
487 1459
643 1310
1291 1636
1380 200
1429 473
2391 58
515 1397
238 1639
1049 591
1055 158
1679 1754
2307 1595
117 440
1415 622
1843 116
1010 120
2005 1782
2232 1648
53 883
227 1691
837 951
885 1251
1283 1291
1468 1443
2225 40
1024 58
1069 1657
1195 39
1595 1731
700 1228
131 448
198 1278
303 1700
499 265
968 113
1330 1703
1417 1274
1573 1784
2243 772
261 1064
387 146
1120 449
1191 415
1677 1136
1156 429
1304 40
1914 1277
1057 703
2261 785
730 58
1769 1647
1827 480
2152 788
689 321
866 703
1142 703
1426 1064
1141 329
1223 441
1256 393
1560 1722
36 1158
973 1527
1433 1417
2218 1721
2359 712
191 21
1086 473
403 1622
78 193
799 1228
1275 62
2083 320
65 46
264 826
887 91
747 669
1297 120
235 1721
269 440
638 704
1280 1649
2438 1097
2446 502
222 693
1536 1789
1668 800
1109 302
153 322
526 265
1368 976
1487 639
248 63
252 208
627 332
939 429
1952 1191
2276 941
175 1278
514 238
800 58
994 222
1284 40
535 772
642 1475
995 1721
1015 1076
1021 361
1512 1731
2093 1782
1588 322
684 72
1184 1782
1267 1654
241 687
296 1183
484 1782
1992 394
265 909
984 703
1068 1429
1722 1771
1737 1795
8 1020
850 97
1441 68
827 58
1348 987
1787 884
1818 1278
204 1634
1773 181
1925 1609
1303 1291
2318 480
336 1053
898 1232
1165 1622
2333 1136
1043 996
2044 772
149 1326
556 362
1314 1147
1514 403
2203 255
2325 443
2461 341
1033 592
1634 424
281 15
1331 1675
2275 817
937 332
1201 1251
1762 254
1877 560
328 397
501 440
1186 703
1412 1711
209 1163
435 198
520 970
1100 237
1597 1656
1754 1136
2141 1745
2182 1679
2202 91
1040 329
27 1181
408 1641
1811 1669
216 336
245 356
895 429
1327 504
1539 1536
1985 320
2239 851
1648 12
1734 82
52 1135
718 58
946 1654
1240 127
1281 1180
1544 92
1160 340
187 1138
2059 1268
870 221
2369 12
369 1149
1424 227
2299 158
1238 58
1502 842
2273 1683
380 1074
1106 1054
1286 116
1563 1136
2183 1731
1025 429
308 510
787 1736
1391 562
412 1370
733 210
1032 1251
1698 1063
2001 118
1061 40
1492 815
1702 1020
1905 1072
74 1138
534 1258
922 69
226 352
647 654
831 703
1030 221
1481 1414
1720 469
2196 1729
2379 920
947 592
527 1475
550 1641
812 158
1600 1063
2283 1752
2348 480
1510 398
1635 1063
1654 1637
360 358
313 1733
901 97
1530 361
1667 959
244 1480
618 1260
1082 415
1684 1063
675 1671
802 1527
1185 193
31 799
69 965
1235 398
1673 222
2414 1047
567 854
855 40
975 1784
1755 815
2422 1295
64 344
346 1207
560 1374
838 663
2158 1020
2436 288
1320 654
767 703
2390 135
151 98
186 1162
417 791
2277 1617
208 1136
1338 1001
1620 1136
1772 1136
433 127
1789 1377
1809 1258
213 185
577 1382
256 480
688 210
883 97
1023 58
1180 1301
1538 1511
2425 1007
507 1773
1131 1657
1293 1645
1849 1445
650 1064
801 456
861 1138
1056 703
1680 1129
1990 1489
716 654
1349 1611
1741 1136
1894 227
974 1428
1897 270
746 270
2234 545
536 532
1171 1251
459 1126
996 942
1961 864
2290 530
791 592
1020 259
1214 1251
738 278
1092 1283
1541 1698
2443 151
634 1678
88 742
181 1061
1193 244
2242 508
61 727
906 1251
1114 259
1434 458
1765 1296
1978 1253
183 480
306 971
783 703
1072 456
1228 1251
1452 1074
1828 311
383 791
616 1061
540 1654
570 201
1875 926
1997 1301
919 1641
881 210
1717 1136
142 412
359 1087
1480 1646
1608 74
1939 471
614 1152
1011 1054
1246 75
784 321
1215 887
1372 1743
1507 416
237 908
909 216
2367 1795
206 521
1763 516
457 1782
347 643
1128 1079
372 788
777 58
315 1733
1088 185
1310 904
1761 1773
113 705
1089 1728
289 777
1168 360
1354 1707
1389 365
1826 773
2046 955
698 58
703 790
844 1623
1221 1316
1816 1438
656 463
779 1684
987 943
1242 415
1520 176
2172 320
2209 1683
900 703
1019 939
2010 1510
178 364
274 503
280 474
804 158
1251 1654
1316 716
1383 633
293 440
696 654
1059 943
2019 1622
79 1731
283 746
406 1220
943 703
1730 1136
1099 431
2214 851
553 1090
1392 1763
1565 57
660 209
358 503
463 1494
1583 949
10 1283
505 1280
1169 427
1355 1138
2458 796
236 127
672 445
1664 15
2337 949
1046 943
1113 896
2368 368
285 1713
2168 1735
1719 91
1918 619
1302 191
1476 141
2286 763
2358 650
593 261
815 97
2012 1300
1183 994
1710 469
2388 1046
1486 1727
2009 1626
292 388
22 487
84 1700
2263 1729
1612 808
1652 1136
1921 1233
1946 243
2416 1568
298 727
661 220
376 1660
571 1006
1395 46
1241 1251
1439 202
108 1379
1301 935
892 267
1115 1271
1146 1654
1157 206
43 1181
330 1424
1532 742
1846 714
19 541
751 158
1252 415
1276 1251
1747 1042
30 56
478 1280
1129 1265
1421 120
344 727
1250 427
1889 712
335 1680
640 1669
1494 815
1705 836
950 1660
1053 942
1324 1188
1657 1749
1726 957
2184 358
1814 763
2049 773
2254 790
51 1213
594 1678
598 732
1449 935
448 1689
1517 1452
1687 1042
1243 37
2409 1725
1643 1415
1661 1749
1725 1162
1792 463
1823 1515
2217 107
42 16
981 422
11 1061
246 1061
917 662
39 994
494 693
2186 41
990 415
374 1141
361 1211
1650 412
1976 1085
2114 81
2347 25
301 336
737 1001
789 193
1407 616
722 146
734 158
960 1294
1249 334
1911 1635
119 1303
1087 689
2086 320
2137 976
1076 1657
1126 869
2293 1753
2344 707
539 264
780 1641
1993 1614
2223 1774
1610 140
732 120
1272 911
1229 415
354 1733
1273 638
1603 450
2270 1568
1154 850
1562 1438
1715 1246
2226 1059
174 1184
967 1654
1209 1042
1959 1211
1182 1241
101 80
1143 183
1748 101
2072 464
247 443
896 919
1138 1428
1077 1361
2180 13
1189 698
29 350
1216 37
1975 37
564 259
1123 1190
1552 829
923 427
1075 744
1285 452
2000 1626
228 1180
952 1782
1107 427
164 1671
414 578
897 1046
214 945
230 366
2431 1749
123 1723
1012 323
1319 497
1344 532
287 977
676 1196
1366 1160
1857 897
2033 320
14 1742
257 15
1892 876
2018 751
437 39
1026 158
2294 1515
1660 77
1783 1438
1262 421
127 15
1513 1465
1829 1042
1799 851
2407 1782
1527 31
138 1162
194 1076
326 199
2251 1488
739 703
146 397
429 1240
1211 1283
1982 1251
95 1044
428 1459
1151 1427
1548 1698
557 614
980 1687
1095 1042
626 1052
1016 887
1187 1064
1483 680
137 29
1202 113
1435 837
1503 850
1888 1645
349 484
525 770
677 1609
755 750
188 19
62 1276
470 1429
1438 1299
7 263
133 498
1983 461
2403 76
483 978
530 915
2405 793
491 1130
493 1593
1332 917
1566 67
2257 1246
1352 161
1676 1438
691 1014
1529 1698
2112 1714
271 1276
559 1289
1172 887
811 1527
1005 1728
1524 1102
2327 959
125 1462
825 1703
1203 302
1807 482
2131 753
2453 139
425 1743
446 547
907 592
1341 869
1484 808
1 886
438 1180
728 468
1230 302
2002 1251
2207 405
1479 661
333 1245
1227 427
1491 639
12 15
182 1698
965 427
1778 1271
211 1714
2444 1242
1898 669
2338 489
135 452
504 772
1956 1667
2088 480
34 88
2041 955
2096 107
1431 1629
1912 126
2413 815
1801 1247
2392 1089
1084 259
2008 394
1181 1617
1781 871
1986 58
2248 513
2144 426
1277 887
171 419
223 1063
377 1480
1779 328
305 733
2063 1364
2081 1061
2371 1259
1370 842
1948 431
1999 1518
110 208
373 1641
635 703
1147 415
1690 899
6 1782
529 1105
591 720
1810 521
495 1182
753 1424
143 6
321 1377
1865 868
2140 1014
489 1174
416 1733
754 850
1038 58
357 1270
485 714
617 1242
2289 416
258 1568
1543 1683
1785 91
2285 84
2227 944
118 1632
1645 91
1924 213
2198 1695
658 133
2099 9
2216 856
353 97
1054 332
25 1394
1144 427
386 817
1127 698
1505 1698
28 852
486 999
1436 1716
1904 1646
1590 1076
697 1660
1166 1731
1381 458
1554 973
273 857
2247 1605
334 586
1874 838
2267 1070
903 427
1270 742
233 448
1268 113
192 883
1105 1657
2424 842
434 927
942 71
1103 1283
1188 427
1236 987
1377 38
405 772
1729 188
122 1642
60 1340
2124 513
2213 1024
2411 744
2418 1693
112 1595
332 727
0 1393
162 909
1178 0
472 1246
1609 957
548 259
1777 91
1066 1786
1130 1790
628 1629
2043 1600
1170 323
1213 698
277 271
670 1629
776 196
1248 698
1593 865
1942 82
1359 884
2451 991
532 981
1893 524
2410 930
362 644
1685 813
460 345
853 1124
854 1660
2139 139
1803 158
1968 268
982 868
288 391
954 14
1681 1667
1776 1187
1896 1459
966 1226
1591 995
38 1111
1176 752
205 204
707 1049
1022 446
1770 1329
2435 1086
327 1523
543 791
1571 1189
654 1210
832 1054
1585 802
169 3
510 770
1329 1598
1614 91
33 976
71 942
260 338
1962 883
2429 429
590 945
929 1660
165 127
388 915
830 1054
55 227
275 889
1071 266
2454 107
818 987
1940 915
2362 136
1973 36
2408 1667
1745 188
263 1136
41 899
382 670
1955 1072
180 1577
521 1649
2128 1100
2250 520
517 772
2038 1174
68 120
1969 1429
1488 688
1504 843
1920 219
420 1077
430 762
426 480
304 1258
717 1192
2212 530
1868 365
2092 896
2017 1725
449 211
986 1361
1173 302
1712 216
270 1258
998 697
462 1206
1150 1252
531 1781
1102 368
1860 1660
1096 497
1208 417
1278 302
1307 242
2029 139
421 301
1253 579
1464 1765
1784 239
337 1384
342 1360
836 63
1501 1698
115 799
102 139
983 1106
1282 587
2 103
203 1163
2421 148
251 1139
1998 1626
2282 1013
168 1150
1159 249
1605 20
1701 378
2020 744
2143 974
350 1128
522 289
35 1643
268 1427
904 1226
1058 1276
2091 1258
141 1077
2433 873
1292 1729
1723 744
1856 166
1953 1420
2024 1469
2031 1469
1618 1698
1662 293
49 1208
431 409
1902 1130
547 1361
868 698
129 734
1326 1629
1357 714
2314 1128
17 1180
1028 873
1551 815
231 1789
422 943
568 299
1863 1552
1649 238
2036 104
381 155
407 397
1637 1174
424 1660
1070 1260
2281 97
474 126
740 1781
1244 1352
2035 1259
764 973
80 1296
1658 1042
1222 1218
404 268
999 937
1287 795
1345 544
2028 895
2231 191
1871 916
648 1052
2065 528
2094 506
105 571
1984 500
441 1136
240 82
1073 1008
1194 47
1721 931
2220 1219
2042 1373
695 649
1499 1698
2055 308
152 1665
729 1681
2394 910
1493 1195
924 1226
1671 1668
2030 751
902 1291
1651 616
1750 786
85 1577
132 1164
1900 666
2027 264
323 1136
1836 238
2272 4
1716 188
2420 539
266 1042
2173 1308
1907 584
473 527
1299 1660
239 1591
475 934
1312 8
869 1226
419 1559
572 493
2415 1074
378 124
2054 1020
2366 250
284 709
389 1033
1845 302
2138 1444
299 1389
114 139
37 640
782 158
1764 988
2442 279
392 138
2297 1578
1261 698
1416 1017
2206 110
835 742
1325 995
310 1752
1374 225
1954 247
402 1050
439 1698
1365 152
685 1593
1490 606
1264 628
1162 1077
5 661
396 1698
86 1698
212 738
1572 19
1876 707
2255 895
479 331
513 1722
2430 1653
2288 873
82 750
13 190
272 687
72 1636
651 182
2428 1408
2445 1444
1523 964
322 1453
1899 39
2249 251
788 624
819 1048
2068 148
2271 563
2310 503
1689 136
442 1077
2066 243
2427 1152
451 604
2185 1367
1225 1547
2076 186
348 1336
2253 870
1506 1605
98 1457
957 1249
1558 1080
193 1577
1528 1506
276 62
1967 896
1045 1226
401 139
423 1350
1738 1478
2016 1605
158 1742
1557 381
2332 1066
1693 783
286 820
291 348
940 1468
1790 1129
1960 1605
2045 732
18 771
21 1657
316 1362
1699 1193
399 96
106 1399
945 579
1364 842
1774 1405
1908 1258
2260 1746
15 379
379 1685
2130 524
649 913
2103 326
1584 1682
91 698
1928 1296
4 1062
2354 220
1362 730
395 461
447 741
1363 520
393 38
1432 1097
1592 1138
2034 139
1594 279
338 1733
77 16
458 1081
2398 1459
126 805
150 1215
613 1675
1775 501
770 939
1369 904
63 822
450 464
2039 1671
2090 58
2174 80
2210 1042
1694 186
2236 1782
103 994
1602 87
2221 1336
1851 106
2343 1291
370 1394
89 672
1666 703
81 831
2266 1770
1555 587
2330 267
1749 982
440 589
2315 1188
155 139
1695 1368
1867 1049
415 434
918 1629
331 1175
1367 1598
1413 1698
1078 986
502 1017
2026 1608
523 882
1840 302
1498 1366
1713 25
1467 1317
2032 1280
2014 307
2222 540
100 839
371 1229
190 819
44 309
400 1055
120 1103
2064 1694
351 583
250 1136
471 1210
2021 728
1495 1095
1935 381
255 1335
443 842
2025 521
2434 245
50 637
1579 1335
1795 425
23 1498
1972 1210
2052 493
92 1642
2319 1409
509 1629
1353 606
1638 1123
1906 1658
1988 709
2104 664
2015 497
1453 1608
1941 1303
413 1363
9 576
1545 887
2023 1134
2396 1674
1475 136
2387 482
2395 67
1564 37
2417 1116
432 535
1834 149
1547 1482
461 1245
771 1405
262 497
2013 348
1457 587
2004 1325
1852 1538
2100 950
603 913
1540 1429
1936 1486
93 387
363 1492
2215 720
2190 475
96 951
1696 237
166 139
2022 1422
2003 70
452 789
1578 1232
1824 1425
1901 679
394 610
