img13c2.jpg img22c3.jpg
1862 1673
1666 1400
1853 1574
1766 1376
1745 1462
2084 1785
2236 1532
46 399
2094 1439
1300 1425
1859 1855
2214 1894
867 403
1696 1414
1016 721
916 722
2152 1439
1785 136
1327 1232
1400 1317
1823 1592
771 793
769 1018
1793 1048
894 1316
954 464
2039 1589
923 1086
1106 939
2185 1440
1534 1311
1792 1571
1435 1359
2134 1780
2138 1669
1322 1806
857 933
2172 1814
1 509
1306 1206
1451 1294
2136 1785
1424 1311
1102 1220
1110 1239
1605 1515
1782 1673
1011 781
1129 1196
2137 1782
852 1018
1443 361
1767 1570
1301 1311
2215 137
2123 1859
1581 1039
1117 378
2059 1640
90 545
1259 1225
1381 1302
970 722
154 545
1739 1316
1626 1348
1169 1102
1731 1462
827 837
993 721
212 637
952 721
2082 1782
1779 84
1253 1207
1597 1344
1559 1344
1354 1800
1838 1552
953 737
242 1400
987 722
644 1018
794 1598
1444 1659
2061 1100
1452 1302
208 1400
928 418
1054 681
183 1400
1135 1196
171 1400
704 1400
839 881
1333 1311
553 765
199 592
281 524
2058 1800
2118 1594
1269 450
1530 1332
1638 1632
1081 1548
1755 1407
957 291
929 1352
1165 1219
729 881
1436 1326
906 740
59 1924
207 433
1364 1807
999 378
811 793
1380 1311
1562 1311
187 545
743 1093
268 545
807 1018
1809 1582
1703 1390
865 1100
1376 1814
1239 1525
1378 920
2159 1800
1633 1390
2124 1486
1919 36
866 780
1090 1372
44 591
1343 1458
764 814
2142 1703
125 585
904 1063
1064 122
1860 1586
2083 1781
211 1372
1584 1515
1353 230
1411 1247
2097 1754
870 1061
908 1319
1287 1207
862 1367
1735 1174
1909 39
243 745
1004 939
96 591
781 1124
927 721
1540 1136
1142 710
2191 1459
1120 1633
473 893
793 777
2160 425
611 793
1462 1866
1574 278
941 1376
177 1372
564 1003
1461 1484
343 1400
1697 1408
1341 1515
1541 1344
308 1924
1281 1205
1786 1556
9 740
804 164
1005 291
1996 1598
227 1400
483 717
2281 721
1683 1515
1875 1548
120 1924
469 1564
1046 1010
1902 1354
2070 1761
1758 109
955 1376
593 164
653 814
682 814
1614 1354
796 814
318 753
536 733
1822 1609
703 893
38 509
1021 908
1296 1181
178 637
1750 109
1708 1359
409 591
948 681
718 979
1423 230
2168 1771
128 382
981 1356
489 525
1660 1846
1107 781
1679 1354
813 1734
2022 1174
2250 1754
1224 1352
1355 1311
731 793
1634 1340
2227 1556
499 793
1134 1352
1164 1207
830 897
1089 681
1519 1359
752 814
1251 1609
1275 1852
853 1356
1604 1460
284 637
2229 1894
1567 1490
2282 1988
1532 1329
1653 128
2047 286
605 1669
1803 1568
884 721
1877 853
2099 1247
218 1400
1671 1328
291 1822
324 556
1387 1659
356 717
2033 1733
1099 707
1213 1319
1548 361
410 1003
106 1800
153 591
633 946
684 765
783 837
833 933
1200 1196
1711 1632
1849 1589
2105 1814
267 556
1645 635
403 793
27 1924
775 933
869 1305
1843 89
1235 134
1340 551
1856 787
882 1775
962 718
975 936
1187 908
1197 1306
1497 1359
77 591
129 648
868 1367
1313 1317
432 1088
800 907
2119 1486
250 1822
995 418
1499 1311
1730 1443
2007 1018
2052 1670
855 1027
1061 681
1485 1311
810 1049
1025 1088
521 1564
1203 1205
1545 1311
1206 1033
1656 1397
932 908
1783 1429
2154 1773
856 1083
1826 135
2173 1401
57 509
1669 1847
70 545
1356 1300
1550 1775
1695 1348
1832 1897
2245 1735
524 922
632 946
1048 291
1319 1216
2111 1697
237 745
747 788
818 1598
1684 1407
35 740
1463 1247
877 676
1425 1300
1342 125
1830 1614
64 591
193 1400
1699 996
829 1039
2155 1459
940 722
1006 722
1015 1449
163 637
506 1003
972 1063
39 555
380 415
812 1598
946 741
423 1070
430 545
741 1633
1802 1424
434 979
2128 1919
587 979
1323 1285
1366 1317
1520 1354
2243 885
1825 1585
1007 1891
222 1924
1776 41
2112 1808
1527 278
399 1847
751 359
2042 632
387 637
65 1356
1913 1564
1128 1483
1797 1619
2147 509
873 843
1177 1577
2212 1564
452 814
823 907
1725 1919
1308 552
201 718
1265 1220
1799 1594
2234 1551
105 1065
836 1516
2101 1406
102 648
271 1616
347 1369
1630 293
48 869
640 1483
840 817
223 530
493 448
1831 1377
2087 1699
678 933
943 112
951 782
1328 1229
777 970
1761 1933
1432 450
1034 1372
2217 1693
716 1549
1744 1530
2235 82
969 218
992 782
1088 1369
1358 1274
1012 721
1668 1329
173 1319
370 1070
683 1070
1465 1344
2091 1414
1139 1033
1299 1852
2165 1817
377 556
468 1410
1639 345
1795 1461
871 907
1001 446
1114 1103
1312 230
756 1124
1692 1515
348 637
496 1598
637 141
1781 193
406 140
1934 335
304 1397
402 814
795 817
1663 1899
2011 1730
1712 1515
445 556
1211 129
205 745
361 520
612 946
2104 40
372 1957
778 767
785 945
937 1525
1083 825
1095 1031
1701 1361
143 648
360 1924
1143 721
2280 773
838 755
1483 920
20 869
509 793
687 176
609 1847
1038 1449
1883 1276
1888 389
723 814
1787 1415
482 1555
1221 1767
1713 1399
1320 1229
1577 1344
244 648
101 648
847 735
1339 446
654 918
774 1150
279 1250
832 509
34 869
770 897
1101 602
1311 450
2110 1368
30 718
254 1927
1682 1515
2230 724
113 637
419 1370
1864 1734
2080 1407
130 648
220 637
571 637
730 86
2085 1975
2151 1018
23 740
156 462
438 834
1882 10
29 1896
1677 1399
1833 1558
1998 1740
454 637
1196 1372
1474 361
2239 1611
26 1679
1999 2004
2181 1018
481 1847
1178 1541
1664 1907
270 1677
368 80
124 648
225 429
1068 1102
583 703
820 897
236 16
902 651
494 1483
1188 1175
1027 964
1585 1401
302 1576
757 817
1827 109
1865 1830
1412 1438
589 1327
792 779
958 768
1515 361
2008 1847
256 140
1433 1795
292 1988
1718 361
2177 1603
414 1538
577 1060
815 956
1867 1551
758 728
1069 1007
2135 1815
381 981
1121 1207
1729 1907
1829 1629
79 464
159 418
172 648
565 1847
1503 450
280 946
787 1777
1119 1538
1146 1220
1611 321
300 1564
689 1327
694 666
1246 1207
2286 1910
185 637
263 918
1629 1515
1759 1831
1925 1789
2009 1730
425 1372
505 1777
736 555
919 9
915 677
1788 128
1981 1596
2175 1641
2153 1665
676 29
204 1372
858 1039
507 992
1570 1640
234 1822
510 717
588 1370
1017 474
1019 491
463 992
1176 1780
1569 1332
1905 1493
2121 110
123 1442
591 837
790 1574
1074 867
2273 1661
2035 1415
334 1372
1496 1235
109 745
543 516
788 585
1631 1907
1347 1274
2081 1780
11 382
789 1061
1770 1859
2093 1408
891 800
1872 793
2129 1643
2194 632
2240 745
1029 784
2257 559
317 793
1440 1195
576 1060
296 637
876 781
486 637
374 637
1566 321
1591 305
897 758
1742 756
1778 1367
1898 678
2169 1772
2054 1087
636 141
1035 95
2193 1984
1009 1030
231 571
373 140
1880 75
562 525
802 1019
2108 1808
41 567
455 656
1250 826
152 1319
320 1377
331 331
371 753
1929 1490
391 1128
533 805
837 1049
2132 1731
768 1225
1256 1497
1727 1677
1894 573
1126 709
2233 1593
1045 1046
461 907
523 1016
798 1734
1237 1475
1747 1407
2102 1412
834 1053
898 666
1746 1664
385 164
1422 1783
1726 1262
1236 908
1733 400
436 86
845 1097
1130 1229
1272 1219
1470 1181
1748 1541
2166 1807
45 425
114 1902
137 648
702 1070
924 1653
1460 1515
382 1003
479 933
1137 1579
257 637
944 1641
1587 1233
2051 119
650 907
1505 345
1688 961
2238 1902
117 1113
1595 49
1921 1567
1124 1010
1544 1317
2277 1173
1599 1640
126 541
598 1576
2167 1174
91 1896
746 65
1060 1363
1635 716
15 1375
658 558
1186 1852
1580 516
2210 393
82 1679
574 1779
631 1903
1579 358
1738 1231
936 652
1385 1525
437 1822
449 1018
797 1400
413 1530
500 1400
590 970
1195 1829
1288 1179
162 637
1071 885
1508 1320
1801 305
404 918
508 1576
2075 1683
2145 1772
541 1319
883 1128
1650 1329
1874 1377
278 1555
896 1006
1372 361
1879 1369
563 1946
1903 825
260 588
934 1802
846 1003
1014 744
1691 1920
158 706
328 287
337 1316
349 637
557 1902
759 1772
1434 198
2288 1965
698 695
1560 1640
2131 1784
384 1576
596 207
1820 683
2013 1746
241 218
272 1822
2180 1548
965 1334
1478 278
1618 1847
16 718
330 1576
386 1984
1199 1117
1546 1283
2292 1672
648 648
1885 120
2192 84
73 120
1539 1772
1557 1884
2120 1808
1233 1179
1724 1523
1737 1319
1957 1827
2213 1551
3 386
214 1096
247 432
1410 278
189 1771
333 1927
977 75
998 770
1232 1183
1665 1325
460 1782
2049 1467
826 922
1105 1131
2063 1754
230 1372
424 748
634 1070
2010 1740
252 1006
465 750
724 970
1222 939
2107 1698
400 1104
1649 1640
1709 1506
2188 276
258 1372
375 666
1732 1399
51 706
663 1598
782 86
989 1497
1399 1318
1058 1065
2157 222
831 1686
618 1544
567 1400
1672 281
913 1524
1079 2
801 931
2232 933
674 1254
720 1019
918 92
17 379
2098 1259
597 1830
772 918
1673 1632
355 1402
1486 1292
1723 1370
2064 1263
136 1369
1154 509
2046 1263
186 1902
886 472
1292 1307
12 721
18 10
276 400
467 1860
744 86
1055 1353
1298 1031
1578 1329
659 1483
990 1929
1076 418
1834 168
24 1568
515 1773
1171 1033
157 1688
290 1070
1077 1605
2170 1970
1932 1827
1170 1065
1291 552
151 648
532 1100
635 637
701 814
1923 1049
269 1988
1080 1366
2211 1670
685 967
750 1022
1334 1300
310 902
535 970
1837 1671
2139 1772
519 1186
28 1896
67 1395
116 141
735 918
2275 1918
926 823
1149 1178
108 648
1453 1300
1608 1292
1651 1361
2067 1243
761 933
849 1939
5 946
808 994
1345 1285
1995 320
487 745
881 1577
1332 1033
1904 509
2040 473
342 1766
345 746
726 666
1917 1258
606 1098
301 1263
709 881
791 931
1279 1258
1623 296
2 429
956 1118
780 1188
1078 666
1734 1969
2143 1836
2179 1545
60 1771
388 1902
722 359
850 165
1013 912
2284 1566
107 495
1020 1007
1482 1827
36 1131
71 1765
1473 1487
1506 1777
2218 1080
103 1437
274 637
713 672
1749 1165
1201 1195
144 637
232 1772
327 462
1097 1766
2041 1635
861 1769
996 299
1542 1322
1155 1288
488 646
580 207
697 1065
767 830
652 1847
933 800
1024 164
195 1117
441 637
1895 179
1494 1460
188 1765
226 451
997 785
1172 612
1765 1622
614 637
584 718
1151 552
2026 1743
192 1075
690 994
1266 1182
1524 1634
321 666
692 1063
978 1919
135 670
289 80
249 1263
287 1689
392 1974
1414 1948
1772 1415
2114 80
217 1822
1743 1467
695 666
1937 1936
2113 1748
749 907
814 907
816 1903
2076 1932
835 98
1805 960
669 745
1283 1375
733 931
872 366
1140 1007
1480 1675
863 1551
1370 583
1459 1607
1502 1545
1855 1589
1535 1300
1558 1774
1892 1088
357 1251
613 1984
994 188
1835 50
2237 86
762 903
1108 484
1174 1576
1481 69
2068 1709
203 641
238 703
1681 135
1722 1772
447 1544
705 472
859 931
2072 1969
628 726
1939 1312
255 727
146 1369
1680 1640
297 1524
369 75
1446 1790
651 1550
765 660
2095 1860
442 648
586 1250
806 958
1409 1929
1602 1309
2065 1858
1644 1837
1702 1407
1728 1750
2279 850
415 648
976 803
340 1974
525 946
1185 1177
150 1902
295 140
1118 1937
1553 1292
1821 1117
161 728
575 383
1086 741
1655 1399
1798 48
1062 1319
1564 908
679 15
1575 782
1533 1318
2202 1768
246 383
1051 77
2200 1929
93 718
980 262
1871 1936
2079 1510
112 429
1662 1664
2016 581
2048 1434
213 1585
938 769
1167 1568
2100 1821
7 706
309 588
548 1550
710 86
893 403
1543 199
25 29
491 708
1965 1635
427 141
615 1524
1484 1314
1501 360
522 1018
688 1587
753 673
1033 1705
262 1250
531 524
540 648
550 1220
620 1555
945 801
1941 1469
2027 616
2161 648
175 1088
966 67
1920 1057
2270 1369
405 728
600 524
1889 75
266 805
283 92
745 814
2125 1730
660 1328
1002 556
2289 562
401 814
556 637
566 1049
673 1630
1568 1598
1740 1847
526 683
1464 1081
2069 583
306 1902
346 1612
513 637
89 1896
376 625
968 287
1059 688
313 1018
440 1251
734 994
1003 262
1116 1008
1694 116
803 994
809 86
1159 799
1495 220
2028 1746
110 1587
959 983
1549 1491
1876 44
1997 1775
824 931
1161 91
1190 1310
1413 1438
1922 185
773 1084
1418 1285
2126 30
2171 574
1689 305
206 2
675 1957
1375 1151
2060 1234
503 745
196 1372
514 745
825 1019
1361 1786
1952 544
595 1550
599 1117
925 245
1297 1182
1309 551
1437 1536
1720 705
1967 1728
0 495
559 648
645 1016
1075 784
1661 770
1037 1650
2246 720
601 1083
1162 1077
1268 358
1344 1408
4 29
961 784
1420 1179
1455 1181
1632 1642
2249 1728
335 745
1593 1681
142 1395
1026 1033
1113 1177
485 1151
1158 1714
1406 1195
2144 1786
573 1064
1022 1474
1491 1196
1806 1451
2130 1794
949 1031
1208 912
1641 918
69 337
303 257
92 1087
699 1550
822 1352
1044 1508
1379 1320
2012 2004
2025 1732
475 139
754 1946
982 1102
1042 601
2158 264
140 1185
706 745
1389 1233
2272 693
253 1928
365 1134
668 1334
983 163
2162 1622
623 26
860 662
1659 1303
1916 1827
680 207
805 109
1899 64
885 1096
1091 1373
1561 918
2023 1939
1337 1195
1573 361
1775 634
2030 1340
2088 1786
55 1974
80 1129
624 1902
1815 23
184 790
277 799
608 1512
878 863
1153 741
1529 1081
1857 1402
517 759
1349 1117
1773 1310
149 658
358 1306
888 1100
1141 1049
2050 1939
2176 1829
1907 887
912 1970
2264 1895
191 876
1891 1365
664 1550
905 1667
1063 220
1657 1574
1816 1942
843 1782
1031 709
1487 1285
1636 1292
2228 843
40 1677
657 745
2216 1702
2291 701
1138 551
1183 1934
1419 1181
2266 1469
582 1016
647 669
714 648
1189 224
1010 784
2247 1793
1594 127
1819 156
61 1936
229 1223
681 98
985 784
1717 1039
967 1641
1690 1558
1911 1660
316 80
910 1928
1447 537
1716 1556
94 648
235 849
1053 805
1498 1322
1810 630
2115 519
828 1587
1552 1640
1248 663
619 207
672 1981
1407 1179
1363 31
2000 591
470 956
490 503
1396 1179
139 1691
367 1250
610 1493
629 1858
62 1401
165 1043
1148 1177
1216 1129
2225 1946
1479 1496
1526 61
1621 792
1719 1837
190 756
530 485
1863 1490
841 478
1043 3
1278 64
1429 1195
248 80
527 649
732 695
1028 939
1814 747
1360 1942
1845 1566
1959 1755
1983 1330
22 1748
115 656
851 77
971 737
1395 997
776 664
901 1117
1245 143
1554 1291
21 393
537 730
960 221
1393 1083
148 1731
539 516
1184 1965
1238 1790
1351 1984
2265 1566
474 1356
1070 520
1966 1490
197 626
819 840
921 1816
578 1564
617 600
717 1690
1844 1663
1163 848
76 1261
821 1766
1307 1194
1330 1714
1367 1285
1652 1681
2205 1740
466 1019
74 424
1147 1182
1350 364
2002 1804
351 1503
570 1319
592 895
1244 1624
986 677
1000 1064
1207 1002
1588 1874
1978 597
727 1297
892 676
78 425
329 1766
453 894
1180 772
1390 1285
1811 1594
2089 719
1123 1032
2251 920
874 862
1036 1957
1910 1559
344 1908
700 207
1893 1939
121 1469
1613 602
1936 383
2038 128
264 1334
528 1902
1600 1766
2034 1939
738 748
1509 1292
1521 1827
1624 1386
1886 425
14 884
504 1019
742 1280
1247 1587
1285 1278
1404 808
1586 1585
2017 299
1861 1288
2268 1622
748 1097
1115 1064
2062 1458
964 1595
2184 222
900 26
914 844
1915 351
2231 1889
665 994
1858 836
725 1185
1280 1376
1869 1353
2140 1064
1160 1006
1582 1910
170 1776
844 1872
879 1802
1157 1819
58 321
396 1549
739 648
848 1939
1111 1229
1273 1179
1643 127
2015 591
421 725
286 482
721 994
1085 1516
1439 682
233 1576
670 648
1982 1761
167 535
1616 1284
1555 1257
495 1550
1873 377
363 902
498 1250
784 576
1228 1690
43 2004
763 994
1807 1472
2164 1574
1047 100
8 1931
472 894
719 1000
1374 345
1325 1386
1596 758
1173 784
1942 1784
1094 1032
1931 1901
2223 1966
87 1767
164 1504
426 648
642 1995
2066 251
2198 1675
1751 1536
1223 109
1687 329
1961 564
122 1019
219 21
649 637
1231 745
2032 1894
341 799
691 86
1254 1229
484 1562
2029 1129
552 1657
210 748
1382 1300
443 1261
1175 1701
1270 1088
1962 604
2274 1376
323 557
431 939
84 1306
407 1902
2106 1119
433 486
1023 1474
2150 1548
638 509
1851 1896
1908 1663
450 1607
911 1948
1658 1651
1710 1847
2222 1067
100 677
395 1157
817 1421
1762 1354
1365 1035
131 583
1368 1390
2201 1923
572 648
602 828
1646 1233
104 1823
1191 1569
1258 1067
1456 1213
1715 1976
390 541
1928 1883
1686 1664
2014 536
502 516
1945 523
520 15
686 714
1897 1157
2195 159
95 2004
1218 1097
1598 1049
1980 1986
2224 1152
2078 1242
19 1253
198 174
1946 1416
2156 619
439 545
1866 1497
1182 849
1612 1666
2003 1962
6 100
1940 1635
1977 570
1122 1177
1771 31
1850 526
1493 240
889 1129
1416 1331
2073 1667
389 637
1315 909
1948 564
99 1387
1194 1714
1289 1177
2189 1558
83 946
1757 374
448 647
1678 137
740 657
1198 1310
1675 1915
1217 1690
350 1622
974 941
1293 1285
1500 15
2276 667
81 1253
1647 953
2149 1
31 1067
799 750
259 485
1145 1585
1392 848
2182 1439
2207 1395
2221 109
1192 338
666 1657
1523 151
1103 1228
2037 1486
1219 1179
1685 451
1790 1536
1949 1048
2258 535
2285 1458
1817 174
1450 1910
1813 535
1267 1177
1667 1322
607 994
147 1668
942 1939
478 1185
696 626
1514 175
667 748
1314 1283
397 1016
760 1010
766 1211
2044 1600
1938 1360
2020 447
585 207
917 1935
1943 1786
1956 1496
145 648
364 1858
518 1946
1769 1689
1212 1970
558 1319
854 1226
1887 1323
422 1607
1468 1892
379 1900
546 962
63 432
511 751
662 1587
127 425
737 747
314 66
1229 700
1388 277
1394 884
1808 1444
1964 1714
1992 1990
984 107
1065 51
42 1678
728 591
899 889
909 135
66 1066
1040 710
1112 1182
1510 1291
2242 1497
1039 1717
1852 1474
2261 1691
708 1115
366 1549
581 1522
1736 1366
2031 179
1202 1194
1794 1430
2163 1563
471 1695
677 515
875 820
68 436
457 1372
1551 1827
202 1060
1918 1566
1979 1714
2226 1121
1242 1128
1556 1331
1565 44
544 1233
1950 523
2256 132
643 888
1469 1494
1276 159
988 1677
1415 1335
1780 212
1944 1708
2187 1630
711 65
1828 1948
412 1927
1619 1226
13 72
56 542
842 1661
1066 379
551 98
1449 1318
1953 1709
1615 751
715 648
1846 1566
179 745
497 1545
2141 1808
1056 1646
2262 151
1252 1473
285 1590
880 1426
1348 1269
2056 1458
1706 858
353 1064
1930 1856
134 1456
428 1671
275 393
534 256
2117 1455
315 1630
338 256
378 1765
1824 1154
1836 311
2090 185
10 130
2220 1708
312 1548
621 1223
1032 707
1476 71
1518 165
1049 1787
1127 1243
416 485
1133 1677
1536 682
1531 1335
2208 70
622 1964
1417 242
1525 91
1204 1229
1401 1292
1421 1156
1018 1585
1741 1933
630 138
2005 1717
1971 628
420 1858
2259 767
224 1199
1371 61
32 1691
476 1622
1789 1070
1517 1142
1812 1279
1914 1635
429 617
418 731
1777 962
293 1553
2254 174
359 174
1100 688
111 436
132 1373
547 1023
641 1100
1295 91
1471 1496
1881 1202
265 648
1511 1284
1986 1717
325 1195
1386 1301
2146 83
86 1373
639 1587
47 628
221 485
1321 1416
1357 291
326 975
922 185
1136 1291
480 1858
930 1423
1008 1007
168 570
963 1251
1426 1260
2196 277
53 1980
352 1808
655 1615
2278 1222
755 728
579 1550
973 1008
1674 797
1277 1279
1096 545
1947 1784
2006 1064
2043 1584
239 1774
339 77
1125 1484
1156 338
1763 1638
1901 1146
1804 75
2092 1915
2260 605
155 1948
451 98
1260 1715
1610 31
1988 1718
2252 1633
1181 772
1654 772
398 1015
903 485
1958 1675
383 602
1209 1872
1490 1877
656 657
1087 888
1241 772
1522 119
2077 1691
501 1924
1072 895
1764 1310
2057 137
97 1963
920 135
1243 1623
1572 1292
215 1691
322 1613
947 1334
362 1099
336 1211
1841 1121
2174 1882
180 666
549 1018
646 143
282 1902
1475 1837
1609 1285
194 135
555 748
1230 1934
1362 1786
2024 1939
200 182
1698 1386
1714 529
561 1471
1705 129
1092 1291
1352 1006
1512 29
1796 1207
1818 808
1625 1614
1428 887
864 1367
2055 73
1179 1945
1263 13
311 647
2127 299
332 772
394 602
305 1653
458 2003
1576 884
1721 665
1840 1663
408 1064
1052 1503
2178 183
2241 1494
1302 1386
1848 1001
459 786
2204 1242
273 406
2269 1327
1318 648
1628 1424
2197 1873
319 38
895 1964
1448 1068
931 1574
1346 1390
1528 1837
245 546
2109 552
2244 482
1082 1178
169 12
444 625
1214 1806
1282 1194
1926 1939
1377 1337
1985 1995
2021 136
1402 882
1627 1664
1984 505
979 1178
1257 1360
1976 1724
85 1185
464 1553
240 513
542 1969
707 1306
1954 188
2074 1838
1547 1690
1166 1203
1489 1624
354 1548
1955 1784
393 256
2148 1473
1563 1266
294 1244
1472 1179
1991 1768
75 1434
786 1262
1369 1168
1933 1559
1326 1943
1622 1309
1927 93
446 1905
2209 392
1648 279
1890 1264
1642 1292
72 1019
1427 1948
2018 1207
1752 1480
1073 1538
1193 1177
1338 1545
1441 1473
935 1967
1168 557
2183 1213
1304 1257
456 1372
1093 1714
1707 605
1960 522
411 1180
1972 1725
462 1016
1870 1227
1791 1224
98 457
693 1945
554 1099
1336 1372
1951 1262
2116 1466
141 1495
538 1006
1331 564
1842 1615
2206 1989
492 1900
907 1005
1466 1227
1968 1365
2271 1195
54 1010
1670 123
1264 1623
887 7
1210 131
1391 1390
604 617
1896 319
939 1365
2036 68
627 1185
1442 1179
1693 1998
2287 1096
417 1469
1753 1627
1249 212
2267 1396
1989 1990
1993 1768
1220 1177
307 78
1057 462
1305 1266
2186 1699
228 574
1383 1298
1513 1495
2004 1725
1290 1168
2103 1770
1963 759
2086 1360
37 1374
251 1816
1970 1717
1756 941
1438 242
1607 1887
594 15
661 888
133 2001
1398 1640
1987 1962
2248 57
1150 1130
435 602
1316 354
1900 319
1050 755
1067 473
181 485
1847 1567
160 814
176 1243
1504 782
1774 1388
33 1373
49 1668
1226 1832
2283 367
1754 1444
50 53
625 1503
1098 1770
88 456
119 1980
2053 613
1884 852
1457 503
1507 1610
991 105
1760 93
1839 98
1132 617
216 1234
545 203
1403 617
1906 1897
2293 318
288 66
2045 1952
1467 1290
1990 628
1274 1178
2096 1375
2255 116
166 1680
1041 2004
1700 445
2290 1167
477 485
1640 146
1973 1718
1603 1991
950 1173
299 37
712 1576
2219 1969
1109 644
1329 1770
261 498
1144 1948
118 1838
1868 477
1854 367
1397 1478
1240 1427
2203 268
779 712
1583 116
516 272
1617 1530
2001 1725
1405 174
1969 505
298 247
1152 1981
2122 1046
1477 639
1704 1444
1430 1179
1205 397
174 1494
1261 604
2133 2004
1408 1177
671 366
1590 628
1878 235
568 798
626 165
1768 1837
569 660
1215 1753
1324 1386
1431 1494
1935 1981
1974 1719
1359 1798
1492 1668
1030 1969
616 171
1303 207
1601 1230
603 1643
1227 1312
1445 1764
1335 655
138 1220
1994 1591
1384 1495
1571 534
1606 564
560 1204
1262 772
182 1980
1592 649
52 485
2071 1511
1271 1434
1373 292
1294 1753
2199 970
1676 1230
1317 19
890 273
1284 1386
1458 133
2253 1764
512 466
1637 260
1131 1177
529 1409
1975 1717
1454 549
1924 1908
1537 188
1589 888
1538 1892
1516 1472
1225 8
2190 1255
1234 1178
1104 1106
2263 1073
1912 692
1255 1177
209 238
1488 29
1310 1494
2019 1559
1800 1413
1286 1625
1620 628
1084 1602
1784 810
