img11c2.jpg img19c2.jpg
1742 1822
2194 1591
1837 1796
2334 2283
769 251
2178 2195
1653 1822
673 241
1007 592
1040 494
895 494
944 821
2162 2175
1025 494
2439 2394
786 821
939 494
2157 1555
2155 2120
883 821
1604 802
254 109
2299 2251
2252 245
1944 1791
766 494
1156 494
2126 2209
941 592
1039 495
2134 2181
2287 2249
905 853
846 494
1003 424
1739 2310
810 494
387 1058
857 455
871 853
280 108
850 612
2147 2120
1945 1819
1200 612
1946 1832
1091 853
882 613
1909 1071
1165 494
2105 245
813 576
1549 2209
901 821
2119 2175
1917 1347
2335 1853
864 576
366 403
828 494
849 821
629 238
831 821
1141 494
435 288
815 612
1336 802
1974 1932
2342 2329
1300 927
2118 2175
2161 2176
227 87
833 853
1471 1156
1008 576
1509 1694
1714 1469
2121 2108
2164 2110
1866 2296
700 592
863 494
2275 2225
1881 1780
1056 613
722 1058
1678 1750
750 494
1124 872
1454 1368
672 274
1759 1513
1870 1917
824 439
848 576
2315 2259
842 581
2136 1294
595 224
736 1170
1167 2255
2440 2390
1938 1770
2191 2078
2341 2296
749 494
900 821
339 403
1887 1846
2056 245
794 424
1097 802
2273 2219
2279 1470
1210 576
2095 245
1862 1853
1289 802
2233 245
910 1500
2160 2120
1168 612
2080 2075
1411 1310
778 494
2336 2289
1024 495
1560 1822
355 403
585 454
693 237
1445 1512
2074 2086
2169 245
1085 246
1908 1748
1569 2336
959 494
1463 1026
565 441
1051 318
2209 2171
936 424
1029 853
167 34
2292 245
1646 2278
748 628
984 821
242 18
962 613
1487 1115
1047 853
1610 1334
1674 1321
801 494
1006 495
1090 821
1104 2255
1155 955
1296 561
329 1070
1207 773
1842 1809
249 91
1142 613
2171 2140
1166 599
1765 1498
1626 1251
2115 2140
1402 677
1822 1917
2305 2256
1847 1847
845 592
1009 575
1266 538
1621 1719
2175 1668
742 1419
2129 245
1013 853
2179 1581
2097 245
704 238
799 592
1553 2156
2237 1221
210 11
576 441
796 581
988 853
2146 2133
2329 1848
770 346
1080 853
1122 413
445 348
885 2289
1333 802
1766 665
1767 1512
884 853
1125 821
1409 632
2071 2132
2060 2058
2276 2226
574 1674
881 494
1014 853
2158 2157
2167 2186
2120 2176
702 1113
858 602
1394 1296
1542 1516
2085 1751
1064 1322
2393 526
809 592
899 821
1706 1415
1895 1858
587 2522
1444 909
1140 495
1543 1483
2145 1771
2107 2122
293 62
913 455
2360 2303
1199 2255
1472 1846
1556 1779
2340 1116
1212 2255
1234 1133
1496 318
720 494
1883 1809
1736 2278
309 85
774 1071
807 2539
1041 709
1465 1403
865 576
1074 527
569 218
823 455
681 424
713 619
964 821
2312 245
516 348
1473 1858
2176 2132
1061 754
1950 1818
2163 2109
1403 1512
1468 1034
2207 2104
943 821
1073 552
2269 2172
163 1910
802 494
1639 1660
1198 527
2091 2014
1458 1155
1948 1789
2229 842
192 19
579 305
1116 773
1196 288
1595 1308
1854 1891
1831 1296
1663 1416
1727 1859
827 647
1647 1261
248 1577
991 1500
1573 1308
1269 2570
671 2099
714 2380
777 647
1094 1917
1145 1368
1398 1429
1048 2289
1460 1180
821 618
971 1500
1718 1750
1448 1189
925 767
1404 1071
916 425
1226 613
2285 1483
436 460
596 305
652 334
375 1170
948 641
949 714
969 996
1804 1731
1931 1778
1964 1887
2168 1591
1079 1368
2159 2133
184 7
1248 590
1470 1795
608 455
1446 1175
1691 2278
2087 2018
554 305
398 1170
1913 909
2322 851
906 2289
1771 1859
631 1795
829 576
1418 1064
1459 1419
1841 2275
456 305
666 454
609 454
1179 1134
1443 454
1943 2125
2109 2119
1746 1932
914 439
935 618
1519 1470
645 912
682 454
2133 2159
391 281
2225 734
1018 714
1054 967
1894 1053
961 707
979 454
1017 714
2243 2182
1005 798
1135 802
1423 1347
2426 1831
1015 752
1354 763
173 1215
1386 2278
2306 2257
783 613
605 226
760 618
1055 576
1057 821
1455 1347
1970 2440
2188 1933
641 305
876 424
1160 1158
1263 1322
563 305
733 628
1184 245
1929 1626
1447 1846
1478 1858
1977 1930
2075 1791
59 394
624 1071
743 602
1042 613
1050 1310
1233 331
1850 1347
558 2378
561 1760
919 647
2106 1316
512 712
1613 1719
1971 245
779 628
781 527
2262 245
1243 609
1485 1826
2093 245
2384 1998
975 312
199 218
1309 773
241 13
822 455
2077 2310
680 424
1060 853
2230 2214
2232 2201
2300 1859
1311 2054
1559 2171
1611 1335
497 348
938 717
281 123
533 348
1038 506
1419 1858
1580 1694
1659 2278
1069 1202
784 613
630 721
963 821
894 647
1923 2134
1298 641
2067 2079
2258 2228
759 1512
1286 589
1979 1794
931 494
109 1895
111 224
1408 557
1838 1925
2208 2142
170 1951
1211 626
741 824
1987 1751
2177 2140
2224 1771
172 2212
1425 1582
1515 238
1782 2278
2238 245
541 348
1034 1310
1618 1334
2355 1842
710 455
1089 528
644 454
814 613
1761 1531
224 1895
1732 2329
2110 2133
48 1295
872 996
1758 618
134 1782
453 255
874 1053
1158 714
1352 2127
1400 1917
2165 434
2457 1238
365 1308
1099 303
1231 641
1514 1165
2419 388
1670 2278
2053 1415
1818 1782
1819 1026
320 433
2455 2518
1606 2199
2073 289
235 73
773 454
1396 1601
1760 1513
2373 2313
2382 587
1731 1893
409 350
934 424
1428 767
699 494
866 2255
325 2125
679 1846
1127 590
1965 414
2057 2058
2200 338
744 531
1164 2098
1632 2278
550 2356
915 602
481 743
604 1308
2050 2068
2061 2068
2380 1354
318 74
2402 2336
633 2536
1982 1924
1072 495
1827 1026
1981 1271
575 460
927 609
1872 1793
2089 245
610 531
653 1475
1825 1778
2240 245
1607 17
1773 1604
2256 1626
2400 2336
1844 1116
1855 1935
397 403
2254 2189
544 1794
1358 996
2326 2302
662 531
2378 2313
2149 2109
600 424
2125 2166
2142 2232
1322 1133
1406 1107
1686 1782
1957 1794
1751 2285
2005 2191
2069 2106
2345 1859
476 307
665 455
1361 1917
2108 324
725 424
800 717
1914 880
877 618
1004 618
1985 1945
1254 1310
1401 1835
808 495
1376 1347
1791 1335
403 1096
1087 435
1123 467
847 527
1002 602
1951 1879
2123 2108
219 513
1813 1296
2364 1859
147 91
768 1128
1213 590
1597 1470
683 424
1667 1346
1260 388
663 424
2113 1401
1185 2314
1421 575
711 602
1103 626
2187 2079
2274 2172
1373 103
2357 1992
58 2278
330 512
958 628
1189 590
1279 641
1890 981
1466 1601
1001 632
1221 539
646 455
1397 531
1414 819
1629 1867
1933 1230
972 1167
1197 1256
1343 1731
2324 1794
795 909
2372 414
1619 802
490 1769
839 455
1568 2196
40 513
1083 1322
1630 2125
1794 802
2172 2162
2278 1912
880 628
1065 714
1186 613
1387 1297
1382 1821
1669 206
1319 840
390 22
888 448
1112 641
2321 1781
1245 714
1439 2320
1884 1835
265 83
2051 2169
555 441
1316 1589
1664 1604
1668 1335
57 1894
1582 1785
1878 1676
2148 2176
2199 245
620 424
705 1612
1204 641
1633 1719
1711 2397
1821 1116
2079 2257
511 305
739 244
1347 1308
1442 925
2385 1773
930 1855
1429 1919
2304 1676
614 223
1217 641
1937 1867
498 305
1437 670
1516 2228
1624 393
1026 576
1947 1794
1966 1295
234 1864
1297 573
667 424
920 2099
1220 1081
719 2096
767 613
1932 1750
816 597
1728 1782
1756 289
2219 1731
732 628
891 424
1031 609
1453 898
1916 1795
2241 2393
2356 1469
966 660
1075 599
1134 334
1175 1322
2379 1907
3 2269
953 2080
1817 1799
477 545
480 320
1991 1251
136 1837
273 113
588 2504
933 424
107 1894
220 2234
1734 1026
715 663
552 1933
556 418
694 499
70 285
1294 865
1131 657
1255 1010
597 2410
804 591
1915 880
1980 1920
1526 1661
1684 1604
875 448
1763 2255
1768 1107
1348 1168
1848 2310
2351 1935
2234 2207
340 463
352 1204
495 257
692 1077
2058 2070
856 449
1315 624
1327 654
20 1778
841 424
1707 1932
2363 348
612 2522
745 437
727 769
1499 1135
467 297
1708 589
638 226
977 455
2151 802
1180 2154
549 1010
1238 371
1859 1782
1342 1178
1648 1307
499 712
1393 1283
238 1677
2333 1676
145 1027
602 2538
1240 2255
1331 669
1934 1402
2399 1864
311 146
623 454
840 425
1317 1871
2459 628
367 1068
687 2099
926 1854
1216 609
1743 220
2182 2163
302 126
805 1919
1128 610
1795 1636
202 1920
1030 2289
566 2402
657 494
1307 2517
843 601
1405 425
1652 1604
2265 85
1020 2517
1023 798
2301 2196
8 1823
584 455
758 532
1252 363
1600 1604
1249 1877
1635 1604
2201 2184
2246 2213
560 557
780 494
1062 609
1077 805
1710 1805
469 533
524 428
571 272
790 256
1304 1467
1476 226
90 624
1510 1660
1521 1920
99 1708
889 448
890 632
1076 575
1340 802
1239 400
2245 245
526 471
586 909
1877 1726
230 50
625 439
1288 1310
1497 1867
211 79
1093 1404
2264 2075
177 1933
466 393
757 2125
946 1593
674 278
1577 561
1786 1295
2104 2036
488 471
1118 2187
1741 1604
2144 2239
2181 2173
947 609
545 873
592 1795
688 628
996 1895
1010 659
2166 1867
1525 288
1688 1345
1295 1047
1567 2355
1889 1897
296 122
1508 1116
1772 1604
932 942
1570 2142
2150 2110
803 576
917 616
1052 1090
1192 1310
637 232
709 912
793 455
1136 1200
1735 1723
619 721
622 1071
701 2248
1641 109
168 41
319 22
1665 305
245 1946
2303 1676
56 1492
956 424
1563 1604
46 1811
128 1895
2170 2119
2325 1847
582 418
879 1625
1815 1801
2116 2120
2228 853
156 1416
1805 2199
712 1071
1623 309
1395 868
2350 2295
632 425
751 709
1644 588
2004 1914
465 296
698 647
411 683
583 2539
1541 1334
852 2007
1102 446
684 2535
731 494
859 455
1926 2550
2186 2105
419 306
730 2096
1456 1867
1798 1608
1903 1053
2348 1866
157 2211
922 2255
1206 2537
2313 2395
74 1468
139 2080
354 560
385 1060
599 1795
1257 1642
159 2240
2062 2066
2376 2125
765 2096
75 1900
201 1859
1143 2260
1335 1199
418 305
535 2407
1337 356
1415 617
2183 2180
261 103
706 827
2381 793
726 2383
976 449
2203 2227
338 486
862 647
1548 1219
2268 218
1833 1571
2280 1886
2377 1201
343 1264
792 448
1284 1467
1303 1047
1546 2199
1032 754
314 1357
967 752
1682 2277
2346 1676
1511 1297
1960 1857
534 441
721 391
2452 279
1802 1866
1958 1733
154 2125
621 424
1474 1571
204 64
832 688
1486 1196
1803 1804
78 2315
294 1469
627 2371
782 796
987 646
1800 1308
2401 2290
194 27
993 34
1533 1794
2117 1316
32 1932
618 334
1424 1805
264 1779
1482 394
1930 1794
2006 1694
2084 2244
1096 1028
1351 1369
2204 1427
1044 1168
1259 1643
1375 2285
1703 1089
2111 2101
2349 34
188 1333
388 257
489 681
695 2547
830 688
1000 1855
1035 1115
267 90
520 2517
989 597
2059 2068
195 1706
752 904
1305 406
2197 1158
27 2367
131 1900
1451 1513
1864 1026
148 1932
307 102
519 177
567 557
1793 222
67 1895
288 68
1146 752
407 463
924 660
1177 702
226 834
1012 931
2302 1626
47 1855
1346 1694
1385 220
1730 1604
179 20
589 1723
1717 1604
2316 1026
1114 2517
734 834
981 798
1410 632
1928 1745
492 939
904 660
761 1890
806 879
384 748
1709 1026
1769 1528
1277 363
907 609
1334 82
1617 238
1810 1495
216 2260
506 2353
517 681
873 609
886 609
1616 2027
1839 1659
2180 2158
2226 2149
867 1428
1885 1889
191 2125
470 314
548 319
738 505
997 103
1027 2255
1271 1027
1306 625
1949 1778
2242 1342
2361 2489
130 1230
1195 959
1640 1089
1886 2335
1941 1792
1975 2218
690 242
1477 1106
1744 1089
1752 2018
356 1186
1808 1283
1190 687
1642 430
2328 1116
1704 2377
1861 1799
1101 393
1232 2284
1258 2120
1440 1296
2449 2516
598 374
1111 2602
1388 407
2223 2129
1324 640
2323 2277
1677 1026
2318 2018
1283 1842
615 1895
860 1578
928 1310
1627 1335
1912 1725
1922 512
1598 81
187 1732
197 296
269 82
703 2301
718 2096
1700 1333
2317 821
2375 1907
647 515
1620 1604
978 618
1151 2236
1796 1791
306 99
1379 407
236 1185
1505 1219
643 721
789 513
1163 2020
478 2407
144 2038
912 338
1063 861
1399 625
161 1894
295 1794
607 425
811 494
1121 233
1828 1322
373 386
1174 861
1882 1940
2239 1081
2383 1860
333 1624
1110 670
278 80
861 1732
1812 2278
2386 1165
496 2356
1972 1901
26 1295
650 1723
775 2506
149 2310
616 258
1100 284
1149 624
1390 1643
303 1921
870 767
1384 2172
1313 1529
1420 1333
232 1946
1081 610
160 21
175 85
1106 805
1529 1135
1634 1811
1683 1089
1849 551
487 304
578 398
1187 2260
454 1831
664 618
747 1514
955 424
189 238
2205 1731
1059 646
1631 1822
66 1147
837 277
1275 853
1016 609
1391 1643
1910 564
2308 2255
347 148
636 1744
689 2248
844 630
1235 1660
209 1779
1036 224
1098 1346
1654 2299
2192 2138
724 1910
951 1297
2327 122
2339 1811
1037 1346
655 447
1132 624
1274 1968
2048 2160
2137 1694
1724 1731
2296 2255
562 2356
855 1241
1067 815
1427 96
1651 797
1757 2340
2046 1737
2189 1811
2211 2192
272 56
381 467
427 1517
1501 1195
1628 1921
2153 2196
1022 496
1320 2455
1589 1910
2218 1789
577 912
677 1638
1360 146
2319 2264
116 102
364 1026
1105 575
1229 363
282 127
546 2255
1412 389
1814 441
2122 2126
2261 1686
2389 1818
505 2407
611 2539
908 1854
1657 357
2461 2371
54 1894
1119 2236
43 2367
1157 1941
1512 2199
7 170
1780 1487
1209 1222
1422 174
83 1335
176 1828
573 2489
368 1136
408 978
528 2455
1086 739
1290 1744
2154 2188
2320 2402
1536 228
1978 1931
2298 1297
2370 1578
594 2431
1806 1932
2235 1415
121 1545
518 2380
897 822
1028 660
1671 2457
1799 1270
108 1772
893 758
1120 1855
1308 2196
341 532
826 1090
1053 2193
256 86
322 98
1170 1877
1656 910
1996 458
2101 2301
2404 309
279 1913
970 691
1033 609
2270 2243
1215 691
2450 2528
1137 712
51 133
1301 2158
1615 1228
2135 1417
10 1779
146 1598
892 2340
965 382
2311 1719
1219 1009
1293 707
1636 700
198 131
869 660
308 289
601 2535
1291 2285
1963 1026
2195 279
416 452
990 609
94 1895
1986 2008
22 1588
433 2255
606 1511
2078 1821
2369 20
1518 1867
2259 2068
1201 703
1879 1764
371 111
838 455
923 382
980 514
1907 1747
2070 2387
345 1143
537 2367
675 2441
1599 588
2403 2370
285 106
639 2336
903 382
1575 1470
1869 2007
756 1138
1021 82
260 71
1267 752
1323 2199
253 561
274 90
1544 1059
1692 1026
1740 85
1969 1862
2193 2142
737 393
1524 1165
1698 1676
290 116
1276 597
1338 1276
1586 1951
1643 923
2049 2493
2447 1610
851 609
1202 691
332 147
448 190
1242 363
1256 1487
1462 1023
1820 958
1853 1764
1176 282
501 241
995 1545
1754 561
2044 1200
708 1846
200 2063
686 701
812 527
1265 2379
1129 1941
1726 1996
1797 1791
1171 687
1733 1811
468 2600
634 515
2031 1544
317 538
2102 1854
2437 1296
215 1167
247 1297
1049 859
2295 1052
87 624
2297 2245
1381 1270
1762 1828
1888 2381
2017 2051
2412 1470
53 1837
2406 2400
1364 1681
1507 1920
2441 2412
1500 2149
17 1676
258 2193
2132 2301
463 197
1251 752
2002 1644
2309 2371
233 15
346 1859
798 675
1843 691
76 1469
763 992
1148 818
1753 100
1139 2387
2432 1034
11 1345
508 2354
1531 1133
2064 1960
2331 85
1380 1264
1603 2399
2127 2096
581 2069
982 833
1312 948
1705 2626
369 1926
937 554
1228 687
1247 1163
1961 2529
2007 2258
1046 671
1214 687
2444 1197
504 681
668 533
755 2
1019 2517
1172 691
785 691
1829 1804
2033 2595
2047 1737
312 801
459 853
1092 1941
1503 1009
868 590
1126 2260
1417 946
336 136
521 201
542 2413
1161 1010
1989 302
2096 2052
2152 2011
2156 2146
2289 2255
61 1185
1997 623
1084 1028
817 382
507 2562
898 857
500 2497
1350 1486
73 1837
178 461
207 1634
344 55
1897 829
1188 382
1223 2397
1601 675
1787 103
2453 2511
1147 363
1246 214
2456 2101
127 1951
221 976
1117 773
1152 2098
538 418
1939 31
315 1598
503 760
1781 1554
952 1176
372 1034
181 216
1697 2018
2337 1497
1328 1001
182 26
723 1128
424 191
14 272
484 1798
1241 703
1530 2225
1537 2084
2409 801
2438 1634
183 1828
259 1609
474 155
1133 1082
1281 998
1679 2131
1325 655
1587 1694
1 219
69 131
2227 1500
2352 2595
1426 550
2338 1224
297 2112
797 662
1464 1117
1858 1784
1565 219
2347 1802
38 495
140 461
1680 2417
196 1331
313 257
1572 1218
1770 1528
2443 305
2448 2499
1891 2316
77 1278
104 1917
300 1895
1191 363
475 186
486 725
1484 773
1502 1654
246 84
746 791
1107 382
735 1309
2001 1769
1625 2570
1788 2220
1481 513
2083 2142
52 367
98 42
640 741
818 1548
1720 1805
1725 1278
1925 1643
71 2033
444 1809
530 1766
1237 1730
1675 589
986 688
1857 1652
229 46
1438 866
2010 458
289 1173
564 319
1330 2537
1719 1669
36 61
79 20
113 2314
909 691
2358 2447
515 375
2391 2163
753 1077
836 1676
994 1297
1153 2229
2009 2042
2458 2403
968 691
1321 1833
1480 2595
1581 1427
1441 2075
2099 1724
142 1837
1430 1835
432 208
921 983
1383 59
464 1789
1469 1750
1596 2187
1993 2301
324 1766
764 2348
1729 1804
2371 1907
326 145
1349 2298
1368 1643
1550 1415
1809 441
1865 1777
335 2334
540 2379
2000 1008
237 1895
772 1774
1538 1915
1896 2347
65 2192
328 560
2283 2160
165 1185
218 2336
1138 1355
1517 1308
1645 613
243 22
321 89
514 2377
1992 1008
425 1516
271 372
376 1475
2040 1111
206 263
527 2413
1095 950
1661 407
406 1321
973 1221
1898 1916
2022 2365
124 2315
212 33
2185 2095
791 1634
1088 797
2082 2142
1874 612
1904 1902
2257 1468
2353 2248
628 1033
945 590
1450 772
117 2214
911 1221
2446 1965
97 74
570 221
222 1653
1068 422
960 790
383 1683
1270 1660
298 1353
396 52
1082 363
1370 2412
1522 1666
2020 2056
2214 1415
353 551
1043 691
1994 1387
1995 2034
1268 691
1339 1683
1574 299
2307 510
1527 2382
2460 1555
1144 886
2425 2125
1109 2241
1433 867
2359 1408
84 1321
696 1147
1230 818
1655 1524
1775 1466
6 822
1737 2392
185 2382
2024 1544
34 62
118 1838
1673 1320
1952 549
2086 2142
1389 339
1449 89
1583 700
1880 1893
31 464
2131 2094
2098 227
551 1919
2397 2363
422 180
2196 2255
2367 1946
2388 878
1811 297
820 300
1236 948
1357 1928
1867 1337
954 2387
16 2152
35 1866
1490 1098
1356 276
1535 421
1715 992
1792 511
2423 1128
1011 772
1483 694
1832 1381
1479 2183
834 1939
1169 103
1588 219
1959 880
434 1179
101 1026
358 41
1434 1263
138 1909
1310 2455
1622 460
2018 2051
217 10
223 2011
635 946
1285 1648
1520 1625
593 2532
660 1322
1150 282
1280 815
1594 147
1702 2209
2124 2282
2141 546
2288 1258
386 110
1494 1920
2291 2241
244 1609
1372 1261
1873 2179
164 1082
1392 1241
2008 2034
2112 1345
60 2317
2021 2049
1273 856
255 1135
1745 1804
902 688
529 1986
553 2323
2263 1828
654 515
539 2458
762 662
1789 2280
186 232
1302 2022
1860 1693
661 2535
2030 2365
301 94
825 2538
1224 243
1826 1357
2202 654
123 798
208 634
1590 28
2011 2352
2072 1270
39 2138
205 1159
1108 1659
213 1210
2041 585
1614 1693
225 1583
169 1219
252 908
410 2510
55 1752
152 1775
536 384
957 541
1875 832
1250 103
1892 1904
2019 2356
2114 2147
878 593
1203 831
2374 1222
1227 2280
1341 976
1183 483
678 1615
287 8
457 1909
658 1988
1716 1804
1785 1344
2410 2352
374 1455
2286 2021
1962 652
2421 2408
2451 1988
460 508
2173 2088
351 161
1801 1693
64 1522
1807 1918
12 1810
276 1640
337 153
349 505
887 1832
21 80
1650 1230
24 1184
580 1028
1416 2116
2081 7
214 2642
1457 897
151 2105
2036 2047
193 26
2244 2309
228 1685
787 1800
1366 1253
1830 89
1968 2383
1990 1485
1690 1804
451 211
1435 1565
25 728
1262 1236
2032 1690
2344 608
1999 2034
257 182
1115 2527
1835 229
426 87
1371 2587
1539 2356
642 2410
1253 89
1488 1073
1561 8
1672 2287
896 777
1208 1955
389 1020
417 2403
1493 277
1576 1693
1649 1693
525 2029
1193 1670
1318 2288
1378 2587
1605 1881
648 477
1967 2538
2251 2401
277 37
1272 2204
86 1098
2025 2047
1154 2186
1662 1875
430 1086
2184 182
137 74
455 1362
2027 2047
1355 1494
1687 1693
305 992
2277 2139
62 2203
1261 1892
1920 1285
275 1715
1205 2587
2424 1546
1609 2072
28 1828
125 1345
2014 200
171 1378
42 1160
421 1068
2413 2318
1608 2183
985 2017
162 1346
268 1345
2023 2047
2332 2273
2407 2051
2429 1979
2436 18
1534 1000
1637 0
363 169
591 1080
1363 2605
437 1743
1554 103
1905 2255
250 95
1998 1066
2354 2292
1045 660
1585 2140
2130 2100
1532 1660
1314 395
143 1836
1660 306
2250 2584
1218 356
292 1784
1162 2002
1282 737
776 740
942 777
1747 2363
494 1789
659 1772
707 968
2416 1931
1612 2570
2284 1884
2415 1398
1748 1945
754 1356
1159 840
1940 316
1902 567
41 140
49 1130
270 2432
2037 2408
378 164
559 1867
716 1481
728 435
1676 2246
429 725
1856 1949
68 2199
323 1174
240 1943
974 2029
572 1055
1407 1182
1779 2222
2365 2430
483 2633
1921 1284
1591 2287
1689 1390
33 887
1863 103
2143 2410
2408 182
729 810
1492 156
1329 1077
2210 1390
1571 1418
2213 2634
402 258
2414 1487
1332 2528
2012 2034
568 2078
1790 1590
2281 821
327 336
1927 2377
153 2154
2294 1329
2063 15
1461 166
85 26
382 249
2411 1947
491 1542
2029 2449
2217 2281
1784 286
502 1715
626 554
983 790
1113 899
1846 776
669 2256
141 118
1712 807
106 2191
360 1185
1058 688
1130 2097
1489 2587
1778 2489
482 2378
88 104
110 795
405 143
2035 2416
2442 1451
1287 2241
1776 640
2247 914
379 85
380 1688
1299 2530
283 619
590 2576
1696 914
412 1772
1555 1161
1491 693
1721 1390
334 1979
485 1981
1070 533
1244 818
1374 1491
1973 2412
1562 1804
2405 2306
543 213
1777 1804
1954 1804
2045 2286
1292 2011
1942 1653
697 1139
685 2346
771 347
1181 1936
1658 1804
2398 2364
114 1857
717 442
2236 2039
19 1550
676 2551
1701 2246
2220 587
1722 1615
357 1881
1359 1872
1362 2605
557 1601
2140 2112
1377 59
2042 96
2043 1949
1685 2010
2076 1976
2212 1515
2368 2001
2016 2049
45 1277
72 1745
656 1609
853 2411
1956 0
2038 1737
670 2248
2267 1051
2418 420
1918 2203
2422 1285
135 2152
0 2027
651 2028
1699 853
2390 1856
691 1861
2248 32
1750 1449
91 1389
2290 2146
1602 855
493 2617
2015 2049
284 66
331 2492
992 1081
1983 1649
1924 1946
30 1183
1900 2565
291 29
439 142
1584 1239
29 2113
2092 2430
510 260
1953 1844
532 2141
819 327
1513 2325
420 463
522 1387
531 260
1173 2241
2 2274
18 167
2282 547
617 1074
5 296
1222 2241
239 1191
1066 583
231 121
2103 435
414 636
1078 259
2034 2047
2454 2471
446 159
1504 2301
998 665
119 1702
442 1630
1194 22
359 125
1764 1940
1552 1123
1326 2082
1344 2550
1278 2241
392 1303
2310 1613
37 2380
950 1665
362 132
1540 491
1911 1842
1755 2397
929 1940
2128 2240
377 993
399 1791
1551 2551
2435 1675
112 1814
304 815
2427 1466
401 2497
1365 2587
13 1938
316 114
1681 2396
1845 435
133 2403
395 1729
1868 1230
473 1877
918 675
1178 310
180 1716
1369 2418
2222 569
854 1637
513 1671
2206 2399
2253 2248
115 2010
2068 2416
2394 2286
2433 187
350 1918
2216 854
999 853
1225 1920
1593 908
1976 2023
2039 2365
438 1920
2088 414
2314 1108
1523 523
266 457
1436 1941
2255 471
547 1572
2293 1822
2392 1562
2054 1914
1432 609
1723 2314
82 2331
1984 1748
342 2585
4 1318
15 2161
1823 1497
940 709
2231 1285
2065 286
174 1964
1475 326
44 27
203 6
458 1777
1666 1911
423 632
1545 1949
2260 236
1893 726
80 2376
102 2254
1264 794
105 1506
441 1789
479 244
1836 1942
2434 1968
1182 2029
450 2267
95 2117
413 181
2055 1420
23 1334
2174 286
404 2541
122 1954
462 172
461 171
2028 2049
449 2333
299 1362
431 1417
2026 2100
1774 2347
1528 2168
150 92
509 1282
2090 2249
1345 1141
1738 1466
2138 2314
428 2456
1071 2022
2266 268
472 1790
1413 2116
1566 2023
440 155
452 212
1452 790
447 120
1899 2130
2272 1498
81 259
2431 191
2249 1711
158 614
415 1989
443 2501
393 2031
2420 2395
310 88
2066 375
63 372
2395 2349
1919 999
2052 569
1871 818
1816 1899
2417 1803
361 2377
2366 2363
93 1901
263 2089
132 655
1557 1025
1783 1899
1824 1746
1852 248
1638 616
348 762
129 1784
1367 2591
1431 542
50 111
2221 143
788 226
286 1687
835 139
1558 1079
1906 2103
400 1564
603 541
613 946
126 1576
740 1498
1955 2266
1498 2323
96 66
2198 2330
370 776
649 646
155 2511
1693 1976
1840 2427
1876 899
2100 1142
1506 1976
2013 833
251 1255
120 1531
100 1556
2428 128
1749 1113
2271 1417
2430 382
1578 535
1834 1515
103 655
2445 833
190 1174
2343 312
1467 90
2190 347
523 785
1936 295
92 87
2094 432
2362 462
1353 2360
1694 559
1592 1020
2215 2190
1935 161
9 268
262 650
1988 2619
166 1857
89 1081
2330 2248
1695 1986
1713 2359
2387 1408
2003 2233
1851 1945
2396 204
471 189
1901 200
2139 2301
1547 1960
1495 1684
1579 2088
1564 231
394 2244
