img16c2.jpg img19c2.jpg
1503 494
2289 1404
1491 592
2140 1485
1654 494
1533 494
1556 494
1579 494
1633 494
2320 246
2361 1886
1616 592
2218 2283
966 385
1290 821
1462 494
2005 802
1991 2131
1288 591
1723 612
1569 853
1497 14
1201 821
2328 1826
1978 1581
1711 592
1393 232
1843 802
1455 238
419 1796
1514 717
1732 2255
2517 245
2498 2181
2112 1261
2211 2275
1934 1026
1294 1404
1591 613
2221 1847
850 403
2500 2157
2228 1917
2357 1856
725 87
1289 613
2153 1957
2051 1308
2321 1770
1354 821
1426 228
1742 576
2229 1853
987 1058
1477 707
2484 2175
2504 1555
1350 1512
2194 1513
1298 218
2208 2296
1399 455
2331 1819
1460 439
1444 581
2227 1853
1351 602
1691 872
1710 955
1235 494
2334 1791
1590 576
1465 1322
1620 853
1703 540
796 1769
1643 2289
1544 495
1905 909
917 2499
1232 305
1427 241
1627 312
1693 853
1546 613
1713 613
2222 2310
1377 821
2014 2355
1511 311
1765 1347
761 109
1330 628
1793 642
2296 1404
2496 245
1656 2255
2476 2140
2483 2018
1166 796
2083 2133
2187 1935
1941 1034
1060 821
2151 1469
1186 305
1332 224
883 1058
2503 245
1309 613
1317 591
1653 923
2277 1858
1944 1846
1416 424
2473 20
931 2330
2485 2108
1236 796
294 2125
1549 1368
1134 305
1518 853
1850 802
1390 1694
1704 495
1943 2333
205 1467
327 1419
831 585
1339 494
1286 717
280 251
1237 853
1400 602
1758 613
2456 2075
1133 2356
2173 1917
2332 1832
1380 853
1674 613
1030 348
2319 1867
1245 245
2301 1512
2117 1416
2145 1835
2236 1764
1631 424
1268 1310
1833 1296
1779 642
281 916
1580 576
2459 1643
154 1469
1852 1917
1920 1368
2135 1116
121 223
323 2336
2287 1053
658 1900
1563 455
2297 1347
1257 1846
1767 331
1148 821
1565 628
2318 1230
1578 578
1445 628
1795 2577
2123 1346
1348 441
1211 494
1832 802
2212 1847
2295 909
2362 1887
1168 853
1545 576
666 1894
2202 1528
1436 853
2293 2075
2180 1116
1102 853
1964 1115
1252 576
1542 1347
2522 245
290 2330
1405 853
1493 853
1773 1322
175 1469
1398 424
1314 424
1344 1917
2088 1237
208 2018
336 618
1080 305
1164 494
1708 303
1337 439
1519 1917
2243 1778
1249 454
2311 1778
264 1251
1464 853
2325 2099
222 2296
1284 581
1311 2386
414 1174
2115 2310
1406 1404
1475 425
292 1427
1789 538
1982 2075
173 1731
180 1719
2056 1334
1385 592
1916 2320
2154 96
941 305
1508 1368
1208 424
1139 1404
2262 2378
2336 1415
907 305
1353 647
86 2538
1480 1854
1550 853
789 82
1325 206
1161 455
2345 1789
711 220
792 309
1318 613
1618 2255
1969 2145
2126 739
254 822
2509 2159
1417 455
1650 394
2193 1148
87 414
819 305
1717 1917
1811 1582
1420 796
1720 39
215 756
1276 613
328 556
1603 1368
1384 581
2223 222
2508 2232
1303 1071
1662 1470
126 1859
1308 494
2507 2330
59 1107
1077 283
1414 449
1680 2340
1962 1826
2350 2257
213 2255
384 1895
2392 2440
2406 1932
1065 328
1797 996
1901 1189
2171 2308
757 533
1296 1470
401 1591
815 1170
1151 714
1316 494
1806 561
1019 255
1253 318
600 1894
1046 796
1084 613
1459 455
1587 1643
2196 1531
1540 424
905 288
1197 441
1642 552
2469 1415
908 454
2092 1859
1336 305
1448 613
846 1958
2149 1297
997 1776
1121 632
1193 853
1752 1310
1802 1846
2234 802
194 1297
489 366
1950 2355
402 2214
1712 599
2425 2070
1572 773
1638 702
1981 1261
1212 1935
971 424
1194 1310
1655 576
2394 278
1153 1517
686 1727
1262 494
1612 449
1722 626
1936 1071
2491 1771
764 1204
848 131
995 2522
1223 908
172 1469
1304 619
1681 435
1881 1064
2189 2249
1097 618
1259 618
1566 613
2426 2070
891 386
1973 1416
655 2125
923 965
395 2099
778 90
1241 2517
1277 334
2104 64
1486 455
1868 1237
186 1469
1766 1310
1885 296
1996 1034
2168 1026
2488 1316
1679 1322
759 251
1615 1835
2046 1719
2181 1310
2267 1821
198 1719
669 228
760 91
1801 390
786 305
1226 613
1847 683
163 1469
693 1719
1639 815
886 305
2248 64
2383 2126
183 822
1160 632
1529 455
2299 1737
1483 601
2072 1868
2415 793
1137 494
227 872
2342 1818
633 1837
853 533
2292 1795
1660 1322
1874 1026
2308 618
825 2299
1744 2255
432 1852
1407 1310
1500 2539
1502 647
276 2351
369 1909
1820 608
2012 802
2203 1529
1494 851
1743 626
2437 2058
1346 2260
1555 592
1474 424
7 2184
1295 714
1470 881
1355 773
1450 609
2443 1945
296 2125
1278 246
1333 2253
2197 1859
326 816
783 83
988 296
1176 2289
2300 1748
1225 578
1860 1427
196 1794
1281 320
2438 2067
189 2214
991 291
2225 331
2307 1822
1729 1917
2355 2018
2373 303
1301 374
1932 802
2059 1859
595 220
703 640
793 712
841 71
992 305
2198 2310
447 1859
963 165
1179 34
1458 455
1741 2155
799 108
866 2188
1532 628
1707 1969
143 822
1031 449
2114 1782
2172 1804
1369 28
1600 592
0 778
2465 206
161 822
1029 2356
1699 946
1892 1805
2329 1866
123 2333
195 1346
2335 1469
724 1230
2393 2417
785 403
1702 413
1375 494
2195 437
926 424
1527 455
1575 722
730 2006
1093 252
2466 1771
868 418
2037 1487
1361 2626
1909 1180
2254 2316
1362 618
1394 872
2489 2120
1726 609
1489 2099
1884 1027
1402 494
1824 1010
692 1469
1505 2255
2275 1071
749 1946
1543 1846
1101 796
1796 853
1983 1591
893 762
49 1512
942 1071
696 1068
1057 424
1275 647
151 739
1261 457
1875 1706
2166 1296
130 1107
956 1776
1736 641
2120 2255
63 584
1632 528
57 908
1326 513
1516 2255
1880 103
2266 1716
1731 1779
2008 1859
2087 2042
2268 722
1095 441
1798 641
1956 394
1672 1971
2023 589
1610 2120
1940 1801
2044 1026
1207 449
299 1335
1830 640
1947 2196
2020 291
2192 1997
2429 1930
1521 2260
1748 1401
1912 1921
938 318
1613 417
2253 981
305 1731
781 1626
1433 647
1512 417
1553 2381
1593 396
1251 592
1302 455
1888 266
2119 1026
547 1295
707 288
814 1219
1778 590
1785 641
1931 1774
2170 1893
329 437
1217 2367
1528 424
2152 2011
639 2336
1162 2421
1499 516
1840 1322
739 266
1042 441
1067 454
1647 2537
462 2123
2226 413
311 1909
1730 1934
1810 2188
1189 494
2460 206
2531 2137
900 1186
1064 325
1921 196
1995 1165
2185 1796
1607 959
2525 1281
687 1909
776 32
864 43
2108 1296
2134 868
133 2114
1382 226
2109 1297
2160 1297
2478 2151
879 2329
1287 576
29 2201
885 307
1271 1308
1854 356
2450 2086
609 1910
2073 1879
2242 96
144 2145
1328 1846
1895 1835
1576 1846
1709 1401
388 2159
1043 601
1322 714
1387 797
1476 2456
2065 1782
2164 87
1248 455
90 1846
830 974
1191 797
1775 2296
2057 802
2327 1295
1834 1517
212 1847
42 1512
943 564
1883 1941
2175 2377
147 89
2079 1660
200 2255
790 123
277 465
1621 1404
2060 1853
83 2201
236 1189
245 965
1224 2534
1541 1347
1807 573
174 1859
1272 1674
1096 2552
1364 769
486 387
859 471
915 712
1539 1959
1617 552
2182 2550
2515 526
556 1933
676 1933
1614 455
1663 103
2315 2521
340 1308
505 2269
921 1357
1917 1155
973 1240
1000 2107
1705 590
772 1026
1449 2289
906 2356
935 1766
697 1688
824 1731
68 2201
219 1719
1937 1297
2028 1988
1596 592
758 1344
993 2340
1124 1868
1147 2402
1165 576
1373 2206
1441 881
1100 2099
1363 455
2324 1469
808 1581
918 2509
1206 632
1780 1404
1781 802
919 2580
1146 374
1177 609
1609 1921
2516 1867
225 602
741 50
894 2407
41 912
2176 1278
2353 2229
748 297
953 2522
1003 391
1024 2423
1028 525
1233 448
1321 691
1757 789
2089 2570
626 170
1381 624
1768 400
2150 8
2468 1238
1227 590
2384 1921
118 722
656 2171
1696 818
117 1833
1358 226
1478 382
2148 1910
2305 2084
568 1147
1098 1835
2075 2027
261 1596
520 2126
1263 527
2497 2139
1866 2333
1882 1346
560 707
642 1706
1004 309
2239 1427
2282 2550
2441 2218
660 126
1315 455
2316 1625
2434 2068
91 908
474 2539
1174 2535
2098 2107
2444 2069
185 1
722 1895
1059 1868
1622 282
2514 2036
823 34
1461 1625
777 716
1430 455
167 2299
591 2269
843 350
1152 1167
1196 385
1324 1998
2244 1238
508 2382
681 122
897 865
1180 1545
20 1637
153 1859
2313 2125
1001 2407
1171 1413
1887 1825
1517 1168
12 2184
541 96
816 443
1389 643
1762 840
1782 241
224 669
2013 1334
2215 230
1145 460
1370 2336
1686 2159
1697 641
1763 815
2431 2475
2506 272
624 1900
1357 232
1439 282
1598 437
1791 363
1967 2337
2029 1988
1715 363
1746 830
2113 453
2186 1116
2188 2222
2209 1200
235 822
284 223
1637 714
2528 599
1440 707
314 1415
1159 454
2529 2170
857 2127
2107 2397
229 1859
438 1858
2377 1008
594 1779
1112 576
2006 526
2263 1835
216 1825
514 2269
1948 940
811 2115
904 551
974 1068
1269 2531
2184 413
570 2080
1108 2382
1260 564
6 388
877 657
1044 2588
1949 1858
165 2017
1573 589
2021 2263
2042 1879
2261 1571
702 291
872 85
1352 2380
1673 528
1997 1785
2369 458
193 872
599 2212
649 1910
838 2055
2167 2125
58 1189
417 1811
1466 282
268 2403
457 1782
852 1831
1338 1529
19 1835
1240 641
671 1810
713 1440
916 455
1910 1148
1959 802
374 2587
1178 1090
1205 1090
1428 682
1961 1417
2053 2187
285 1077
858 273
998 1077
1594 624
2232 1794
156 1346
849 146
1345 2298
129 721
427 1852
709 2255
1825 1270
1865 2127
1222 1107
1510 2343
65 1719
1554 541
1564 858
1626 1996
1246 2107
1429 448
2510 2162
2518 2098
951 374
1023 1240
1094 460
1267 609
2401 1544
17 2201
640 1775
1438 1935
1570 785
721 1034
845 2337
895 550
1283 2380
1760 715
1837 1189
40 722
286 2280
1750 715
197 1855
1218 2380
1442 1346
2102 1928
434 1782
511 1894
1312 2126
1823 840
1122 618
2011 2355
2165 1756
411 1174
585 1855
2257 1659
812 133
902 455
1045 494
1187 2617
1689 624
535 2367
1821 624
944 2538
2445 1271
1597 424
1625 1517
1771 363
79 2333
1498 1966
1551 1856
1669 589
1828 1296
265 1251
2110 2183
2085 588
181 89
1877 1026
1214 1893
1266 2289
1747 1643
1842 669
523 7
643 2336
1589 632
2224 927
889 1264
2101 1307
2128 2175
335 1510
1040 329
1203 1891
674 1936
1368 363
1520 572
1659 861
150 17
386 1895
1827 840
2017 2022
115 2298
1190 527
1221 1642
1526 922
1857 557
1999 1026
2360 1885
72 722
611 1810
1794 2196
1839 1380
1285 2099
1413 449
2433 2070
566 2278
950 749
1634 765
1960 228
1930 898
114 2424
617 239
1244 265
1388 752
1694 765
2519 1413
110 1835
982 274
1531 554
1803 2395
1198 543
1366 590
1142 939
1282 1071
1599 496
766 1946
933 2617
1648 102
1716 641
467 2234
733 1855
1769 551
404 1819
1156 2478
1239 691
2116 430
1383 583
567 46
1422 609
1889 767
131 822
623 1837
662 22
667 1215
887 1968
1103 642
1270 1010
1942 1512
2347 1469
1809 641
476 1639
795 699
279 1738
501 1517
1123 1514
1951 2196
77 2078
1482 861
2137 1996
2354 1843
2439 2068
1485 455
2310 1026
2457 388
2526 1867
89 2201
1300 2356
827 1791
1411 239
1468 2285
1481 859
1822 656
1957 2196
359 1969
1111 647
2505 1591
578 90
958 2212
1845 1925
2130 910
155 2255
1238 2289
1657 691
1701 381
81 1512
817 2099
1623 1492
202 1837
502 1357
678 2082
754 17
912 2355
1219 2394
2143 2278
2158 2323
1041 252
1320 765
2240 1716
21 388
1725 363
972 2626
1473 2617
2453 2244
293 2127
968 2407
1571 282
2312 1511
132 2380
1127 2289
2364 1863
282 2145
1107 509
1299 1660
1918 618
398 1602
934 555
1562 1427
2341 1777
43 2184
1066 1846
218 2577
734 2336
1452 529
1844 1661
2435 1228
543 1260
1898 573
2078 472
289 2079
396 1418
1557 691
914 1740
558 1837
719 699
960 111
726 1895
1130 271
1586 28
1733 590
1902 1032
209 1485
1149 2289
1228 1090
1817 1833
48 1510
771 1089
1606 624
1619 775
2004 1666
2256 2381
128 1285
479 1917
1534 2283
1790 2283
1867 1168
1984 310
347 1169
428 538
925 359
1628 1589
122 1463
341 568
672 402
1069 494
1714 2283
723 1731
1210 2547
1581 2218
499 1516
884 375
1913 1794
2024 1604
24 677
546 1147
752 1837
1154 1411
1630 602
1864 1571
1908 96
2124 45
2237 1858
616 2080
673 773
682 19
715 1230
1421 1891
1636 818
2423 2493
538 1894
881 1230
1192 1593
1329 662
2358 1857
2527 2228
392 1414
1683 524
1994 2142
573 1894
353 309
1075 1798
1415 449
1899 1683
1258 910
1431 601
1939 2165
2002 1173
2081 1355
2374 1699
1471 1811
1588 1107
1601 539
8 2606
515 45
580 1794
621 2080
1676 752
125 538
361 24
946 2577
1668 1483
2213 958
913 2127
2076 1494
892 2035
1604 609
1629 1846
1204 691
1698 2540
1903 2387
2493 2196
1873 2369
263 1648
691 2125
2523 1854
397 1962
437 1119
791 1251
1022 515
1372 1846
1970 589
2000 589
2067 1357
2314 1745
76 1578
957 1855
1032 632
2241 2632
1559 1941
2387 458
2492 2119
718 2355
1740 245
82 632
134 1858
584 1876
648 2211
704 131
1109 2383
1199 1858
1367 2289
1453 2418
2276 454
270 1893
67 1476
632 2235
158 278
2238 868
137 2211
794 2552
2284 1643
1432 630
735 1190
1305 2535
221 1034
740 2253
1138 590
1851 1661
2082 1228
2375 309
652 1859
744 1708
1213 2367
1256 2410
1292 2289
1738 2172
2050 1252
732 147
763 1440
2481 1774
1113 2183
2451 2158
94 1238
190 1394
287 2222
409 1136
579 131
2031 1089
103 1683
157 245
204 1825
1158 2489
1509 1941
2231 297
622 2300
1055 1973
1819 1842
2169 1918
551 223
1568 805
1061 232
1835 2400
1954 657
619 82
924 257
1229 1308
1671 1522
1774 815
2251 2543
2391 1862
1220 418
1392 1190
1451 348
1863 588
2205 1297
753 1917
1567 575
111 912
1538 2634
2482 1228
1 293
390 1837
509 1214
2475 2126
54 722
1293 609
1297 710
1419 822
2370 2040
2513 2322
2235 1932
2280 1117
10 483
1677 691
301 40
1695 363
581 2288
1341 865
2035 2117
98 1835
275 104
1756 1992
1938 1034
145 1731
492 743
712 1810
66 2606
406 1908
939 578
1721 233
1724 2283
1800 2199
1896 1934
2449 388
33 1957
80 1616
677 1794
979 319
1886 868
253 21
646 1812
247 1139
607 73
1923 867
148 228
1034 1492
1641 2387
1759 752
2138 1934
932 565
1855 1276
465 1705
1110 2256
1728 2231
1953 1428
318 400
742 73
2111 1859
152 0
295 1731
717 1895
727 1186
990 1429
1327 865
1349 340
1504 833
1831 94
2061 1145
244 1693
387 2159
1424 276
2317 1131
525 1206
874 1280
1068 883
521 822
829 309
954 2489
1535 363
1968 77
1985 2277
2090 1089
557 1468
698 1469
701 79
1644 795
1955 2043
269 199
1215 1202
1401 1665
1836 1189
1128 609
1530 2340
1624 1428
2250 2011
2286 1827
2323 1153
430 1853
1684 2228
549 1508
1799 1867
2003 1130
16 388
39 438
1185 342
1437 861
976 1800
1423 1028
2247 1603
577 1731
598 165
663 146
1209 2383
2080 2268
2380 200
745 257
2146 2440
2179 2255
171 1
613 90
1584 2120
1989 1135
2058 850
70 1510
240 561
315 2316
909 2295
1764 2285
120 2196
756 453
818 307
1085 590
2258 1754
2405 1901
665 1608
1150 691
1856 1178
2001 1604
2077 1867
1099 1529
1652 533
2366 2529
2452 1914
2030 1000
1893 2378
31 912
313 1794
451 1951
644 1440
2100 700
75 650
288 256
1869 2170
2129 1639
1753 2285
135 1090
475 1810
647 1308
833 68
2219 656
2414 2065
107 722
542 2117
869 2080
994 340
1247 374
876 1135
1524 1634
1816 1719
182 1828
606 1772
746 1896
981 2248
2156 1602
2255 881
2281 2550
108 2471
382 1952
1273 1285
1792 363
1890 659
2159 86
389 1736
2103 1801
2352 2229
32 2206
139 133
1140 1297
1692 103
1054 1789
2532 1676
11 2184
274 2147
455 2631
865 2355
1804 1675
1135 448
1577 757
9 1616
458 1475
809 372
2436 2511
1310 2347
2378 324
2524 1228
1971 86
531 1266
880 1439
1234 1481
170 710
1076 262
1079 2099
550 2016
898 1337
2447 2008
445 1837
695 1855
106 2201
572 2154
1403 688
1472 399
1808 1708
618 798
688 2237
940 2395
1592 642
2430 2408
50 2184
806 106
1425 2260
1343 861
2034 1229
689 1732
1071 2075
1783 691
980 675
1163 2547
1719 59
2424 1111
708 1167
84 2562
736 224
842 126
890 55
1507 671
2404 1859
463 1951
168 30
1907 1003
1974 1231
25 1956
1525 300
2348 636
955 1578
1083 2415
1924 1195
452 1333
1342 691
1745 752
1838 1956
2368 2298
2501 1422
952 1643
1990 1111
539 1
773 22
836 1883
1536 2354
1849 430
203 1837
2217 1215
456 2617
1106 28
1264 599
2026 1485
2278 1284
522 1938
30 448
2136 2554
2178 2324
485 232
529 59
986 261
62 1028
308 306
330 608
1188 2538
2062 2287
2298 1938
138 1756
590 1468
537 1756
1020 1780
1155 1477
2204 1528
52 2427
192 1943
443 1517
2413 2470
1070 2159
801 257
1408 2582
1946 1893
5 388
472 309
1216 2183
710 33
1274 1916
1313 1511
2371 1008
146 2086
283 1719
1635 691
870 2125
166 2001
373 2432
2091 690
2125 2255
2351 30
1334 1378
1447 1402
1548 1877
800 127
896 652
1812 625
2458 2114
321 1909
358 1090
460 1074
604 64
2245 839
206 2251
1776 1670
1848 1199
69 2201
854 520
2096 2010
102 2517
2071 2193
199 551
400 1455
1761 89
2131 357
2333 31
1365 103
1463 1928
1972 268
124 447
100 665
324 1959
512 2146
2 388
2385 1008
2440 1830
278 2401
1979 1693
2084 1527
768 636
2052 2400
60 2606
1751 818
1787 640
1965 777
668 1622
1523 2470
1651 2381
1072 2015
27 1601
256 2255
554 1081
1379 776
1386 650
2200 2222
596 2305
1456 707
2233 2511
2279 1337
22 1795
2365 2574
394 673
2068 2324
2127 1918
410 1322
2199 931
356 85
1376 1508
1952 896
2132 1875
239 868
407 1347
1410 998
2304 1671
565 2082
1515 709
1537 1427
1935 1117
2487 1991
99 1454
564 619
507 26
1646 2534
2462 1230
160 34
774 2151
1002 2537
920 1078
184 1775
303 1769
548 1812
1687 306
441 1888
2010 1867
2376 1485
1195 177
2174 2549
2177 1612
142 1297
737 103
813 1342
1047 1637
1435 880
249 1952
435 2029
1170 2016
1754 1333
2379 887
788 45
1009 375
1202 886
1605 2427
109 1440
1894 1791
2063 1172
88 603
211 30
300 293
169 1481
482 2031
1690 1908
2121 387
2463 636
555 2186
650 41
875 145
1675 691
731 123
372 940
1670 2544
95 2511
2499 1867
2086 613
246 2113
495 2381
1945 1304
346 1
654 2200
2007 1622
61 603
765 1943
826 1516
1922 866
2054 1653
119 2541
1966 794
232 1242
297 1389
1513 1579
1870 797
3 1476
51 2323
805 81
1495 994
355 520
1360 1846
1434 772
1688 2511
2490 2014
1813 2455
34 387
1184 2323
1582 859
533 2214
685 27
44 388
1891 2382
1926 925
439 394
588 2253
989 1995
1012 1189
1522 1457
483 1791
641 947
1859 501
2343 561
319 2286
241 1195
449 1853
536 64
1291 886
770 1026
1010 479
2093 360
2163 958
1319 660
78 2078
97 721
1104 2379
1335 869
2395 2356
747 1187
961 883
187 586
1487 2316
1126 886
1678 1236
2265 2357
2421 1743
162 103
675 1868
1919 1608
720 2260
2252 1888
2285 442
1050 1271
637 2152
582 2001
468 636
716 147
105 1752
615 104
113 2518
1340 886
1915 1223
513 1938
847 73
856 835
2464 2142
2359 668
149 1095
975 1069
331 1909
1063 1882
1081 1514
1814 1081
1602 886
1611 1141
1900 896
466 1277
1086 1000
1125 2079
1772 363
1073 190
45 2326
762 1242
2403 1736
738 1595
71 1433
112 2529
403 53
1479 660
320 249
370 987
1307 2348
1454 807
1492 790
1501 562
2303 1943
2432 2059
310 272
381 226
1016 244
1734 382
1993 1666
393 551
408 818
929 1997
2066 2187
2273 2271
534 1550
714 263
901 1941
1265 590
1658 886
1906 1443
1378 688
64 581
423 1115
15 129
1506 660
1770 382
322 1163
910 776
1488 1637
141 688
354 361
497 1153
2118 1484
13 1795
628 1909
873 1468
1356 839
237 423
260 2277
553 976
530 1938
344 249
657 26
1141 738
784 2382
837 2355
500 2384
2064 2382
250 249
1976 2029
1574 2550
1484 2535
255 2124
470 338
1608 337
1958 581
1374 967
1727 840
2399 2449
2418 2416
1706 2336
1963 1335
2260 593
2381 1105
1090 186
1306 829
234 1469
291 253
1231 2626
2147 2393
433 1278
1052 1323
1818 1483
1933 19
2390 2425
56 907
705 1130
1547 688
2191 925
684 1314
694 1936
532 82
2047 1810
1927 118
2157 1906
444 1778
506 1951
2220 1513
176 1952
978 912
159 1784
332 2381
1404 776
35 2542
238 1333
608 1945
882 2089
1007 204
2133 226
1144 769
1173 341
220 1181
271 1307
1739 246
1788 2268
228 87
1737 2316
2038 1026
2055 1145
343 461
797 1237
2306 1725
750 15
834 1611
1011 2011
1409 34
53 603
631 508
965 252
2479 592
559 415
755 95
996 1753
28 2333
259 312
1412 959
2344 1959
2402 1988
92 2587
217 1877
867 907
1119 71
1443 880
1645 2541
226 496
1200 442
446 625
597 26
844 1334
985 1928
1136 701
1829 2075
664 1895
504 629
1560 2380
23 185
524 2136
1359 2536
1172 2531
116 226
569 1277
1784 89
2372 2152
2016 613
1323 1090
544 1881
362 1969
450 1589
860 100
1078 1443
528 61
1117 1180
231 2247
127 703
1132 412
1872 1494
412 617
493 899
2032 586
2216 1590
561 2280
55 1832
377 1779
516 2234
376 1775
405 1873
1254 1867
36 2427
399 2337
1255 335
1904 1945
2201 666
601 222
700 62
164 1308
871 1589
429 1506
1552 277
1841 1759
2249 1754
2388 200
136 1132
334 104
2363 2034
18 2201
363 1720
574 495
802 2355
1082 810
855 1470
1561 1660
1649 2029
178 1469
243 561
945 810
473 46
1786 1665
2043 2363
416 1175
1998 613
2095 24
769 725
2290 1544
2367 2301
683 1517
967 2036
1418 2548
638 2029
743 1864
1395 2001
257 249
2455 2126
14 2606
101 319
488 1488
1661 2587
37 129
1175 2248
1815 1565
851 1715
820 1671
391 264
2520 656
230 167
267 1819
1005 1122
2264 2393
74 732
140 1027
1074 669
2074 2233
2162 1940
1250 794
2259 1902
1116 155
491 971
2389 1080
690 523
970 1893
2045 1203
233 2412
306 306
469 1624
1749 2256
592 1160
1583 663
309 306
1280 1986
46 449
337 656
2511 1165
1862 1791
2210 154
651 22
494 2439
562 2545
2428 1870
552 343
1058 527
1397 637
2294 2148
2015 1881
464 887
1735 2241
304 2618
2040 219
425 2384
634 2156
1157 901
1279 2455
1879 1824
179 1807
2407 2151
1980 255
273 1
630 2220
436 725
828 1791
367 224
2099 1004
610 89
1667 726
1805 1786
316 1788
563 883
699 1936
1826 138
2142 2147
2270 688
1131 2384
1183 283
2530 1345
1242 2343
2025 926
364 2256
1666 1693
2207 29
635 1775
2349 1844
242 9
424 189
680 1836
1182 1006
1169 2408
420 1833
2471 1960
431 1482
2386 2034
4 2014
2214 1852
1685 896
2036 1218
2427 3
927 848
1755 1803
2339 2315
85 2471
545 2303
1469 1157
1490 2001
383 1277
378 1951
2337 611
612 104
863 1242
1230 213
1496 1818
351 1543
964 76
207 856
503 74
1640 276
2408 200
371 1824
478 1630
2106 2275
627 1576
350 1465
936 2014
1006 1965
302 254
379 1952
2512 1142
518 1837
782 573
2206 2510
2417 2047
653 1320
775 420
1446 777
73 619
526 79
659 1589
832 34
969 1033
2467 1974
338 2451
1021 2381
415 2247
1049 195
1391 1158
575 2348
519 61
1664 1327
679 1483
2420 2047
1595 840
339 2086
527 1177
1181 2080
2288 567
422 1364
1143 1741
342 810
471 2075
26 293
603 2331
1051 210
2139 1976
2309 2158
1167 590
2272 1652
2472 1202
251 111
487 1945
878 1715
728 1389
368 315
625 1277
262 1646
1467 2286
1035 122
1053 1272
645 1871
2161 2427
1243 1953
365 1219
1013 2534
325 272
1878 1120
413 1297
1914 1477
2409 2047
1036 1213
2097 2280
593 2229
2480 299
93 247
96 394
1027 187
822 1841
1457 347
1777 587
2346 1790
2470 260
214 1563
1018 372
2009 1276
2494 203
480 236
352 1398
2442 1910
2411 2047
188 2208
481 458
948 992
1037 912
1088 168
1118 1715
583 1745
349 274
2122 1561
2338 1653
490 1788
888 2483
360 1528
1396 2588
317 2635
839 1900
2410 2047
780 1498
2474 286
1871 399
2477 2416
47 184
258 1940
586 462
861 1447
1129 656
2422 2422
38 1846
210 1839
2330 1758
357 2457
2495 2147
2105 1906
248 1865
2398 341
2419 2365
787 226
835 1685
1371 2421
2144 2312
670 1994
2033 725
2326 2179
1911 608
2412 2365
911 1116
477 2031
999 467
1331 1759
1062 449
2269 2203
421 1024
1039 208
2027 1714
461 725
2461 2287
1682 2498
418 993
459 1071
496 1636
821 1778
1975 2131
380 2057
252 1646
312 78
2069 1020
2400 2365
798 248
201 901
1015 2198
1987 2543
2141 1584
1853 2458
104 1147
729 2272
1114 1818
1897 1976
1558 1319
928 1627
1858 2078
947 1462
1929 897
540 104
576 1751
804 129
620 1814
2416 1613
375 2619
2446 1242
1091 1511
1092 101
1700 1441
2502 392
1977 1023
2397 2443
2521 435
453 1475
2048 1239
484 222
2356 2401
661 2635
1347 1529
2070 1546
426 2642
1089 172
614 1857
803 483
1048 1267
2022 1208
1056 335
605 37
1038 2639
266 1139
366 1929
498 1058
862 1241
2291 2565
2183 2140
1988 650
903 161
1026 1241
2039 1508
2271 2286
2019 1938
1087 1926
2274 1726
1928 1682
440 2086
1017 1635
510 1802
751 295
1925 2384
571 1328
454 2377
767 1715
298 127
2230 1125
629 31
517 2382
983 2588
307 55
2382 1199
223 2487
602 1456
930 101
1876 2344
2396 2048
899 762
2340 337
385 461
810 2348
589 2123
922 1820
1992 2205
587 2117
2018 2621
2049 327
177 2236
348 2374
937 1189
1115 1790
191 385
2190 2169
448 2598
962 127
1861 1264
2302 4
272 777
2486 1838
1846 2344
2155 876
779 71
977 666
1120 2415
1025 2630
706 1839
636 1161
959 776
1033 1033
333 2160
807 2527
2454 2598
345 1949
2322 1590
840 2587
1718 2524
984 2625
442 92
2283 1482
1665 823
1986 1571
2094 42
1585 1406
1008 2376
1014 1168
2448 1873
1105 1323
2246 2026
949 1484
2041 2088
