img19c2.jpg img26c3.jpg
2131 1581
2195 1581
1821 1313
1853 1289
2069 1444
705 1028
1591 1170
936 993
2075 1483
2156 1581
246 427
2296 1662
2127 1338
845 993
2157 1582
687 1028
1058 500
592 844
965 993
1809 1306
2171 1170
818 954
2173 1559
717 844
266 538
1848 1658
754 1028
1107 48
1847 1657
1555 1169
318 397
1876 1306
905 982
921 964
2180 1560
985 1035
403 457
734 1028
802 1201
2184 1575
709 748
1643 1149
2308 209
1859 1719
989 993
1368 1119
1064 1299
2147 1519
2047 1431
288 427
2143 1170
2186 1534
2108 1551
1070 504
2229 1382
1816 1311
861 873
1891 1119
1916 1317
2310 1257
2181 1523
2375 1257
916 1201
819 895
597 1028
2059 1452
644 1028
756 927
1516 1157
2078 1530
348 521
628 857
659 1028
961 1035
2283 1286
251 1465
533 459
629 890
610 1028
739 800
2051 1407
302 502
494 857
1483 1199
2122 1551
2329 1299
715 952
1467 1252
1487 1152
808 890
1796 1302
1512 759
2336 1176
245 1600
2285 1668
1450 593
2070 1451
2242 1619
1296 1123
1858 1321
881 815
1822 1254
2522 1045
636 576
2289 1286
14 829
2107 1541
2159 1524
714 1050
677 759
975 930
2151 1165
566 759
816 212
785 817
311 1635
1912 1336
495 844
647 654
2120 1541
2109 1623
578 676
1082 900
471 464
872 890
960 975
2115 1523
2176 1552
2209 1161
2236 1548
457 582
953 953
955 982
455 703
585 503
1593 829
1734 180
2313 1257
1668 1544
787 895
1581 1161
1788 1491
1780 1313
2132 1554
767 871
2590 480
2302 1658
1863 1302
1642 1534
441 546
1031 1035
1295 1229
1676 1628
738 890
2152 1554
1994 1464
1308 1194
2175 1551
978 970
820 894
320 521
735 961
2167 1521
1769 1635
786 860
2058 1451
765 897
842 895
2055 1450
1 140
18 1465
305 1724
2200 1161
964 846
2067 1444
538 202
1010 767
1854 1286
1119 1693
930 765
2290 1479
339 877
1644 1129
2099 239
1835 1314
699 417
962 961
1823 81
1419 759
942 212
889 930
2155 1366
2119 1520
2367 290
931 861
704 789
1683 409
2001 155
1470 1635
1842 1257
2133 1533
408 464
1380 1307
1005 993
817 930
2098 1544
986 1042
1890 1305
1469 202
774 837
1189 1128
2125 1627
2518 1074
753 740
996 727
722 662
804 1129
2145 189
272 533
391 582
1750 1254
997 1042
1973 1658
2298 99
545 503
2082 1284
737 748
766 930
901 730
576 748
853 910
1785 326
338 1246
350 1064
417 663
439 759
1001 593
1752 1170
828 1064
2220 1364
807 846
325 467
590 680
1977 1699
365 445
424 703
1401 1534
779 951
920 952
1917 1699
1751 1646
1791 807
958 1329
1347 1329
2203 1586
657 975
1958 1705
670 837
1015 1042
255 578
764 709
2106 1648
641 837
903 961
1321 1483
425 733
1625 1148
527 678
855 907
2480 1045
2121 1517
1771 1544
1935 1329
658 789
2386 588
1116 1255
1429 1100
2466 1721
1510 217
2040 1397
688 680
1134 578
2507 1403
413 202
1589 1210
609 740
564 733
2311 1663
2275 1280
1013 1035
2358 371
1017 993
1034 1138
2333 1100
601 494
1158 827
2140 1523
803 730
1061 1129
1256 588
949 401
1800 1350
798 722
672 1005
1887 81
2499 1045
1187 387
2574 1100
840 1036
1415 1258
1582 1465
427 445
2123 1333
2280 1258
822 993
602 759
643 694
972 815
686 789
1992 1689
890 825
232 232
2138 1534
2165 1534
2257 1656
568 481
506 951
1671 1209
1783 81
331 538
673 982
1998 1338
2034 1405
449 662
2371 1511
870 1029
1092 480
1778 1296
1662 975
2570 1011
385 641
716 891
879 930
1833 107
2228 1604
528 786
788 961
1738 81
703 1008
1727 1214
662 760
768 891
973 1042
1626 593
1886 202
1957 759
922 815
1197 975
334 535
733 765
2258 100
537 593
1871 1403
1974 1394
932 815
984 897
1131 1299
707 846
671 994
454 703
994 884
218 1547
706 961
832 1029
1837 336
2050 1419
613 879
1500 709
851 977
956 993
1889 1305
2436 1403
1663 125
2042 1397
2064 1444
682 188
795 930
943 1029
831 765
2456 986
1283 1122
1910 200
274 516
690 961
434 593
438 703
1856 730
1884 1149
492 481
856 1005
1956 759
2227 197
1178 1541
175 323
466 593
927 1201
1261 1223
1760 81
2011 139
966 951
1036 1035
2261 197
1156 1100
1693 178
2533 1045
2610 714
910 964
370 504
1003 1035
1060 112
1310 1329
1617 975
2188 1360
573 1695
2199 1560
1032 815
1238 1521
2197 1600
2068 1443
565 215
2087 1475
2299 347
349 1739
556 215
604 445
841 1050
904 678
1074 730
1294 112
2255 1653
2320 1118
2079 189
2249 1657
1297 1353
374 653
2230 363
1996 232
2240 807
531 734
2137 1617
642 975
1744 420
2448 1403
2498 598
689 680
2288 1289
2207 1327
651 429
1222 1602
2340 494
252 440
500 702
540 951
513 323
1046 1049
1820 1312
1892 1311
1897 1308
1925 1243
2387 1369
238 1428
416 663
464 408
2174 1201
2116 1536
2341 215
309 1377
1624 1349
392 472
1027 1014
1053 1586
1517 340
1604 1276
1793 202
1934 1325
550 333
1316 1343
1740 1521
279 1439
294 1239
443 484
923 890
1112 933
1895 756
515 933
934 961
572 1554
1160 1288
1867 1139
2301 1490
2521 1045
560 552
1846 1137
2536 598
102 1207
220 232
543 783
1023 895
1794 1714
2455 1073
1719 1374
411 552
1047 848
2531 779
2543 831
587 450
1055 730
1989 1355
182 373
390 550
751 667
2160 1437
1513 645
1879 196
793 1186
1679 983
2509 1045
555 933
84 1251
685 837
1012 815
821 716
952 212
1209 434
2039 1430
1866 139
2007 1695
2126 1176
2139 1607
2235 1538
1137 684
2440 1403
530 866
1913 1336
1236 1214
752 975
815 900
892 951
924 866
2338 377
919 730
2056 1420
2537 1045
484 641
632 712
2135 1636
460 527
1024 1042
1251 1551
503 558
1155 214
474 652
833 1026
2049 1418
1804 724
2142 1589
882 649
1022 977
1731 1716
2519 1403
21 1292
1845 759
2506 1045
724 1620
1674 309
2471 92
797 725
2269 266
2510 986
679 610
583 783
968 1329
1530 702
2232 1534
998 846
598 994
2577 1100
1492 588
2453 1045
2460 1403
2504 1074
388 3
2343 1074
1894 305
2066 1444
2183 1648
96 1378
314 771
830 956
1171 1541
2225 1632
2494 1045
226 430
525 552
574 994
776 943
1249 427
2393 98
2399 1429
1893 1126
1921 1553
1096 684
1175 1128
2513 551
532 783
2072 232
28 990
430 453
691 973
933 658
579 951
615 760
1969 1129
414 202
748 1338
1071 734
2452 598
865 919
1145 361
712 514
796 637
1038 846
1085 31
2355 401
600 722
755 907
1307 1388
1335 197
2260 731
652 1719
995 730
1966 641
2438 1045
873 951
1091 966
880 861
2096 676
852 882
278 1111
291 1247
469 798
701 1592
1241 1077
1379 1512
2214 150
869 730
1098 1143
1477 1505
1900 196
1139 143
1230 1363
2154 1617
2330 1640
324 484
1486 1101
1660 1150
1868 622
2158 1475
498 599
969 933
1851 1491
476 295
825 759
2061 1444
2196 1520
241 731
789 1026
967 760
2481 1045
902 928
1909 1614
109 1284
843 880
1040 1465
1257 1671
1333 127
1495 1201
34 245
1686 1533
103 333
1342 1132
1428 188
2617 1009
400 525
1932 202
2166 182
504 686
805 880
24 1628
551 125
757 665
627 724
1030 212
891 928
1774 1507
77 1349
909 964
1083 956
2084 1101
257 407
1628 1048
620 734
857 802
1268 553
616 798
619 50
612 994
680 618
834 846
2421 599
2496 767
2517 54
2580 481
526 188
1004 678
908 108
1527 112
1123 504
465 510
1828 154
452 513
458 558
860 911
2117 1183
2429 1403
2514 1403
1706 1731
2505 598
256 347
1532 1628
2335 1289
1720 815
2193 1586
2351 409
769 785
980 1075
516 663
591 748
638 588
730 1096
1710 963
1933 197
2368 1480
773 1520
718 722
1072 150
1358 1255
2090 1494
792 1318
957 599
2439 551
935 891
1608 1157
2342 245
557 47
1075 1053
1700 1641
2191 1600
1941 1122
1985 1549
614 1744
971 773
1529 1108
61 1194
418 495
263 440
2187 1539
2474 1403
1062 985
883 72
1336 1552
1416 1251
1508 593
2168 1517
887 987
937 951
981 669
912 69
32 1706
1264 1711
1484 1628
700 782
1830 1657
2395 1685
720 620
721 1100
1106 1262
519 662
595 215
732 956
1063 1042
1707 180
1860 1040
2062 1452
2284 1467
2447 1403
2532 1045
280 1635
1033 1042
1048 834
1221 1166
1089 430
376 525
1645 829
85 306
275 602
1051 442
2086 1379
2201 44
2546 620
666 459
1402 1201
1427 1150
1779 1129
2316 569
2487 1045
1045 977
829 1067
2163 1559
509 771
617 1108
1128 492
2134 914
2607 480
448 645
1426 1680
2074 968
1993 968
2482 1045
599 781
884 473
1181 1303
2277 140
2317 1690
2500 1045
1404 1327
2373 1123
2403 1439
2407 475
463 407
589 989
777 845
1533 1407
1665 70
289 1039
421 614
1090 50
1177 1141
1773 1479
199 541
237 192
634 610
681 474
1275 588
1346 290
2558 791
373 241
660 894
780 1563
157 536
2035 1541
351 1004
917 306
1217 1290
74 465
512 398
951 861
287 492
648 215
850 194
1019 951
1122 684
1388 118
2065 1443
369 510
426 663
838 759
1205 361
1322 805
1494 1214
1577 1628
1008 1406
729 1239
2381 1057
529 494
2022 834
2326 790
2426 1403
1213 115
2192 1628
2538 481
2626 47
284 499
383 964
1185 373
1378 192
2038 197
2473 947
2551 529
1068 684
2445 900
133 840
694 759
1488 1223
1699 1628
2552 474
487 722
742 977
864 665
1741 463
661 951
1021 956
736 892
1113 391
1753 1520
366 493
1377 1132
2418 1074
2441 1403
224 258
809 722
1146 504
1579 1665
2540 947
575 1118
894 599
1588 7
2314 968
2497 96
2479 1073
1578 997
1631 786
2550 1574
2223 1641
2337 1537
296 1016
422 651
456 759
1609 1275
2380 1321
702 957
976 379
1612 731
344 1290
2468 900
1043 1027
1735 180
683 1439
2085 1677
2529 213
447 105
959 947
1269 1521
918 998
1481 134
584 215
2054 1075
2073 350
2567 481
94 7
307 1549
1056 911
1782 333
2041 1416
522 1003
581 1727
1311 1505
1468 1253
2433 1403
524 1666
1095 1637
2379 1685
360 533
775 928
992 1563
1672 1150
2354 923
473 420
1129 1064
1655 959
1896 381
1930 1574
1962 153
2463 551
131 343
1204 391
1607 593
1795 964
2012 1544
2103 1515
1147 299
1200 518
2102 1334
100 197
547 486
1143 1637
1950 838
2465 956
2478 702
393 453
450 1450
1694 967
228 1428
1995 1668
2015 1671
2204 1561
49 993
328 588
1359 1065
1472 1149
2252 1600
2394 445
2398 1586
2450 1403
174 1284
1965 1680
2295 1678
486 586
1041 928
1801 1014
1954 1735
2060 1444
8 807
794 1085
1568 1695
2219 1597
2467 1403
586 471
676 759
1403 1327
2520 1045
2571 480
1270 638
1695 1048
2114 110
1902 1316
1052 492
1182 1279
1825 1244
1872 137
2444 1045
518 713
906 785
549 484
1266 684
1514 867
405 1100
663 1321
1077 1617
2528 551
954 1351
1049 846
1102 1403
1345 1448
2470 1074
2527 551
2643 956
415 734
624 1389
1765 1291
2555 1247
596 547
1722 125
1864 1637
1955 312
1115 94
1152 442
1971 1677
2566 480
674 1669
945 1585
991 761
1571 1353
1634 838
1819 1353
2535 1081
950 851
1637 178
2250 682
2464 766
2587 831
73 840
167 1200
1002 730
1708 1040
2018 202
91 1601
297 629
1836 1126
2027 1462
1440 552
2110 914
488 665
1247 1279
1812 154
1834 1321
2431 1403
2446 1045
461 852
1413 1680
2233 756
2324 307
387 39
895 663
2170 1600
55 1167
313 1528
1511 108
1565 1105
396 702
750 414
1601 174
2378 1505
429 1149
607 189
1811 807
675 785
1153 391
2454 1403
1126 295
1190 1731
1772 344
2383 810
2578 759
1028 851
1039 212
1278 1225
1818 1370
2063 1511
478 1727
582 213
1476 1100
2613 639
259 1320
420 660
552 353
580 626
772 211
1810 357
2162 1572
1016 847
1219 375
1285 1267
878 931
1042 972
1206 434
2177 1518
2525 1074
1099 160
329 1194
1586 926
2322 323
1281 1624
2305 318
520 1119
863 951
929 1620
650 63
1630 81
806 961
811 933
1648 1538
2424 1081
363 728
2020 1580
184 1269
233 593
1666 999
2469 714
493 443
778 801
1978 1637
2253 1017
2356 508
2642 1688
993 480
1133 967
1394 151
1673 1012
561 1256
1097 553
1922 1165
2243 1615
1211 1479
1721 125
553 738
1250 1290
1435 1636
1948 1538
2021 463
2037 1677
2297 1640
911 703
1669 1297
2432 599
2483 1403
983 1624
1330 1202
1534 1135
1653 1748
468 867
1305 1500
2146 1109
2600 252
483 153
826 673
1757 195
1803 1302
536 1377
1279 1293
25 1719
669 1089
708 1026
1215 1389
1831 1129
1951 347
2382 192
127 335
508 1740
2493 1452
39 990
386 390
467 951
977 892
2397 1606
230 1361
281 407
1258 1394
1506 472
1528 217
2271 1626
496 665
1357 231
1544 1408
1877 1218
2057 486
2300 1378
282 766
1940 1507
849 711
854 1351
1661 1630
2362 1742
87 1176
1018 615
2182 495
30 1592
762 514
874 888
1888 1304
1919 1255
2111 1187
398 1327
1764 1299
353 710
1482 1327
1766 457
1805 1124
2562 31
0 1138
43 541
505 660
517 663
693 687
82 593
451 485
621 245
719 1727
1920 1628
227 1200
254 182
727 660
859 720
1274 1346
1557 81
1852 783
2241 304
2347 608
2516 1082
1117 895
1797 1285
2202 285
2435 1074
2112 1334
235 150
310 1239
330 524
813 474
1276 434
2205 1572
1303 624
2003 1194
2315 316
2417 796
2206 1268
22 1016
1136 1137
1228 771
1371 1505
1436 595
1984 1648
2246 1380
665 1100
1011 884
2077 1667
2017 139
190 1685
1824 149
2221 756
2 1239
223 240
1059 1211
1170 1160
1826 1263
731 1198
2006 1473
2390 1665
267 352
489 933
1026 1353
1054 57
1640 1246
1733 640
2604 248
354 630
1202 317
1154 448
1260 1363
1292 1064
394 938
800 215
2172 1571
2248 651
2472 598
1081 638
1770 189
1799 336
1961 1627
2304 446
1354 1609
2002 756
431 1496
433 377
633 746
740 761
801 990
871 678
1518 843
40 1174
142 1179
273 470
534 520
2044 1550
2458 956
2542 213
2547 689
1654 140
1736 518
2369 1724
222 1666
342 479
747 117
946 606
1168 880
1309 1704
1485 19
1903 760
2019 1711
2363 1587
2595 1688
941 480
1159 253
1475 759
1369 261
261 586
276 1723
569 508
1732 1275
2263 935
2561 481
243 407
622 479
656 780
743 495
1148 1642
1162 314
206 243
637 546
1165 1478
1677 1349
594 47
654 443
758 459
1167 352
1289 1609
2256 1018
885 881
1210 373
1622 1637
2457 1403
428 398
608 1219
1768 588
2239 1621
2272 1748
1990 741
2539 663
165 541
1596 1538
126 352
395 1100
444 594
1725 1058
1850 199
86 1706
499 49
999 982
1149 351
1207 516
1235 1389
1501 738
2596 480
570 527
1009 1208
1457 1124
1899 1312
136 429
761 645
939 687
2000 1122
2449 1081
618 702
645 894
711 569
1687 309
1698 387
2307 646
2385 769
2495 598
322 651
626 1039
1569 843
2459 1403
1723 1046
2636 480
1265 1609
1583 125
1696 1697
1849 1332
2423 481
2585 245
1979 1646
2526 1045
122 1258
839 1076
1240 622
1656 1429
2005 232
835 951
886 835
1163 208
1455 1478
480 662
239 305
1076 1035
1592 1349
2033 1667
17 1349
99 1069
1176 1191
1705 650
2621 998
432 651
1515 361
1675 650
7 1176
104 1206
497 587
1224 1279
1629 125
2366 1338
974 730
1898 1309
2169 1444
2211 1642
2278 1174
2303 1208
423 1727
1471 1276
2247 1004
146 840
2091 1233
2400 1427
990 502
1078 510
2632 56
106 1424
940 215
2291 1667
1880 1226
2081 1667
2306 1165
1549 937
1639 13
1874 593
2309 1366
148 49
1855 1384
89 145
116 1179
625 1098
907 575
1602 150
653 1602
1304 1199
2442 1403
64 286
2279 1748
402 433
1360 1309
1915 1222
1918 210
2251 1651
2488 583
2618 31
1739 1294
2586 647
440 1131
1323 1505
1573 1105
2332 1100
2559 689
301 1542
407 1149
535 686
611 680
790 858
1201 1303
1344 1394
1878 1261
1997 1103
2331 329
81 421
541 784
664 759
53 1562
1947 231
947 1617
1353 1457
1559 786
1946 1279
1885 139
2415 481
20 1538
1087 661
1936 336
1029 1036
1111 674
2136 1536
858 721
1664 970
862 1366
1724 1666
1776 1350
646 907
1138 805
1447 588
1939 1189
1999 165
2149 1557
2534 639
1566 1210
242 407
554 855
896 1559
2144 1640
2402 1471
170 1200
1007 951
1101 1403
844 896
472 686
1086 1313
1987 323
2274 202
1110 1620
1474 1229
1491 1496
1843 393
698 1003
2461 1403
1199 588
1814 414
2118 1170
120 1607
253 1290
888 1747
1169 1637
2541 551
1576 1151
2218 909
2511 1452
1066 1184
1678 1524
2052 1592
2420 885
963 177
1263 1098
1587 1262
1907 1636
97 709
1463 30
1685 307
1717 1041
925 434
1318 1609
19 1714
539 1039
970 1263
1499 1262
45 344
1712 897
1454 30
1509 1685
1789 1276
2325 1708
2334 1678
1813 403
2254 1117
108 1594
2198 1673
2215 1586
741 663
987 177
2427 1242
437 1108
1777 693
1908 1332
1959 1381
219 1146
382 720
412 1078
2026 1311
299 86
361 1350
1351 209
2416 551
2484 1403
1105 1474
1253 859
1398 507
1536 1715
848 821
1109 503
2569 732
90 1448
1535 1538
1594 1135
1926 720
710 598
2212 351
236 1478
1580 1572
2489 577
16 89
217 347
1324 30
2434 599
2485 551
356 86
1121 1637
1216 1362
1186 970
1234 1609
2633 663
207 1738
336 86
2606 68
475 362
1337 30
1688 1020
1865 141
2428 1403
80 1539
406 783
1037 962
2353 1146
1759 1537
1943 1660
2492 1045
70 1206
1198 149
2080 200
2412 1704
877 1221
1298 1507
523 1671
1140 317
59 203
303 840
1271 1662
2222 285
2396 1739
292 1639
2105 1678
300 674
567 1382
1641 1378
10 1203
1931 1574
511 542
1192 1532
1541 1318
1815 1662
749 434
944 1538
1412 1382
1564 1105
1726 181
2237 336
436 635
1906 1749
2605 1746
1252 1364
1546 1429
2410 1444
2491 1082
824 759
1448 1680
1988 1491
1689 125
1284 991
2583 598
389 1159
1195 1373
1312 151
1619 164
264 839
1844 275
2392 165
2419 957
2631 252
1232 506
1464 409
2594 1564
63 1380
249 1352
453 1159
2092 82
1299 30
2553 480
988 678
2048 1418
9 1208
2053 1081
481 663
1282 1472
1418 1201
1832 77
1968 336
290 305
1184 1588
1938 1112
2627 1746
482 1631
1226 363
1338 830
759 1305
1646 1275
304 1576
678 1743
1376 484
1658 30
1680 125
2352 1142
62 1064
2226 1462
1132 1706
1964 142
2194 1270
2268 1391
827 1152
1231 1362
2318 1447
1600 1278
2216 1636
270 416
479 575
847 670
435 572
11 1188
1141 177
31 1299
514 606
1179 1479
1399 250
262 1672
1144 1384
2270 421
83 290
1057 177
229 186
723 618
2634 639
419 927
1362 54
1410 830
1605 429
2327 50
1325 1505
1505 648
1545 435
2414 551
695 1029
1014 658
1069 1462
1670 625
2557 784
15 838
782 711
2515 1305
404 1575
810 705
1243 1083
1784 1647
1829 247
2374 1684
1259 1407
2413 1444
836 675
2345 1666
163 17
542 810
812 625
846 640
1125 1604
1478 394
1550 24
1575 113
1807 1088
640 1193
1389 1233
50 385
1616 549
1817 1034
2282 1467
2589 1335
192 1523
397 1652
868 1282
1067 773
1267 499
1383 1309
1659 296
2321 1429
76 1546
2349 481
875 865
791 494
558 506
2486 1620
799 866
1223 1389
2346 577
2350 509
1615 217
2409 434
2563 1317
364 1307
577 201
1798 172
2089 443
2231 987
2556 480
216 1653
1166 307
1332 935
1553 1105
2043 1418
2582 56
185 16
319 438
692 1244
2524 1083
1084 1576
2462 866
926 934
2554 607
316 1723
1611 198
900 863
1104 1689
1681 1740
60 1604
603 1268
760 783
1300 30
1442 209
1649 1019
1701 1643
244 206
667 643
23 1567
71 1221
507 1727
593 1159
1334 1175
2609 48
477 93
1073 820
2071 309
2475 957
1623 155
783 363
1461 1505
159 709
250 1430
1562 1318
269 586
1610 693
1781 1507
2213 759
2408 1725
333 1091
548 340
571 1724
728 836
1452 1505
2624 582
2641 480
1433 30
1453 1505
1716 237
1923 1165
2185 1208
2224 1639
6 1200
1151 208
2576 104
1244 875
1904 1269
46 915
1025 678
1434 34
1327 1141
1349 104
1521 1309
345 440
1983 1402
79 1720
1157 1172
2615 85
105 152
588 421
1498 1678
1328 1389
2404 966
409 1266
1180 102
1320 122
166 1131
1237 1063
308 686
367 896
323 1293
1035 1210
1331 1195
2411 1377
1287 1702
123 1428
193 1398
312 756
623 1547
1606 1524
293 23
763 1216
1044 420
1554 168
2560 1262
1288 595
1970 807
118 160
563 570
1173 999
1537 1223
183 781
2323 1248
33 471
2287 231
1572 151
145 384
2602 1688
1114 1143
1386 1382
2016 465
630 1159
770 487
1291 373
2234 1428
1150 1171
1802 1352
1050 1090
2128 328
56 1043
359 417
1953 1147
214 62
26 132
2405 1328
2512 551
68 98
1381 1266
2544 702
2545 639
343 1749
446 855
265 1384
1756 1710
194 31
562 606
1598 262
1422 151
2601 213
893 867
1124 146
2377 910
147 1042
459 434
913 51
814 1452
1775 203
1937 993
1280 461
2129 1313
179 421
129 22
635 944
1861 1470
2548 689
631 1720
1873 1391
1439 1157
1409 1505
1563 1575
2262 1541
1883 390
1928 1740
2523 809
2150 1566
501 433
1524 1323
362 153
1417 1190
2501 1476
1905 964
221 625
744 1451
1174 133
2443 592
2210 54
158 181
544 1131
1000 683
1382 1266
1618 678
2388 1018
2502 796
13 1595
196 33
1881 1732
177 212
298 396
371 576
1242 346
1763 877
1088 846
2401 1706
1393 217
1191 155
1277 1141
546 515
1120 1630
1432 830
2391 401
2266 166
178 68
1355 1225
247 476
1737 1452
462 1413
1248 1368
655 241
2208 1703
1293 1399
1620 1315
1709 1456
2370 1132
52 375
2008 1591
155 1449
442 438
697 475
1142 1611
381 576
876 9
2244 804
2312 181
44 1215
2503 900
490 447
606 1385
2217 241
2592 705
2616 1688
1473 85
1924 927
286 1507
1981 1402
2010 1206
2328 210
205 699
209 626
340 1502
358 691
1172 363
2422 473
321 104
384 1571
982 1137
1135 289
1942 142
2477 565
1301 1382
914 1641
1006 615
1161 524
1350 30
1462 30
1525 1105
1556 140
1574 1693
401 1460
1319 374
1396 1105
1952 864
335 581
375 157
2549 1353
258 1727
696 1261
1384 473
2575 570
1239 507
326 1401
1214 1467
1365 1184
306 533
341 696
285 372
745 1447
2564 986
510 547
1196 60
726 135
1638 1149
1431 61
98 1542
2598 1010
1787 991
1183 1134
240 1510
1754 668
41 144
1367 843
1929 892
2076 1413
2476 1454
1130 146
2406 683
78 1289
181 1593
1458 1537
1718 452
1561 24
1806 350
1400 1382
195 70
1560 1750
1657 621
72 412
1255 1537
1387 527
2425 988
121 1448
355 524
372 384
1411 1120
1493 1503
771 686
1547 916
2245 1301
27 1034
668 1448
823 986
2104 1451
2593 856
112 552
197 212
915 1639
837 933
1613 293
2625 55
3 1352
1188 1364
1507 1382
1729 146
1302 1550
1366 1224
75 315
485 731
1841 779
66 162
1976 1222
1080 1155
1945 1589
93 1688
1227 1105
2359 1265
200 697
225 1620
1647 125
35 1603
368 1666
1496 1184
2348 80
1290 1537
58 417
1414 82
1650 993
470 544
1225 380
1862 1446
132 1268
1340 1619
1552 1247
2581 213
1459 154
1702 925
277 151
649 952
1391 1309
784 1600
1343 1288
1882 1195
1245 900
1407 213
151 422
1444 1105
2031 254
2508 1726
2588 998
187 1595
1875 1402
928 1475
1437 843
1460 1131
1944 1711
2046 737
115 1576
202 80
1749 145
1424 1402
2161 1629
1542 39
2113 144
215 93
2179 1475
138 454
189 979
1103 1256
327 1336
2614 1010
2025 508
140 109
2490 1445
1443 991
2619 689
684 863
1595 1218
2620 725
605 1344
36 1749
1748 474
2189 1422
1352 895
399 836
2357 1559
899 1010
979 109
1375 830
1220 438
1540 1159
67 143
201 1565
725 1614
1438 701
1392 1309
1711 1324
1585 1718
268 144
1526 3
2267 749
1446 1302
2286 1641
128 15
1558 916
2573 85
1065 485
1456 940
1522 213
1543 1371
2628 843
1839 1710
2579 998
1408 1315
1747 978
2530 820
2023 1472
2294 1677
1397 668
1523 33
1551 1302
1703 461
110 1737
152 1730
948 1210
1212 217
2430 1018
29 160
47 796
1262 618
203 1279
2451 643
1423 39
1927 1673
2101 1532
2130 1079
154 1572
1100 1403
315 580
377 1460
1982 1633
2339 197
2097 1347
2148 1431
1949 492
1901 1626
271 1723
1127 177
1246 756
1233 1324
1762 442
2360 583
38 626
1385 30
176 722
1827 1717
2608 1010
1967 1563
337 1526
897 935
1348 30
1584 1041
2640 1430
2384 698
559 1026
2045 82
51 1565
204 471
1651 1348
162 583
346 385
1315 973
1373 151
332 201
1704 125
231 350
1306 828
1020 780
211 730
137 471
1633 1527
57 619
119 850
639 1385
2009 1625
124 563
143 998
2565 900
491 1620
1682 373
1972 149
2603 55
357 936
1273 1382
867 686
1286 30
2164 1180
134 1339
502 1675
1118 1721
2032 1568
1208 568
1254 1148
2376 1187
1374 30
1652 1750
2094 330
4 499
1094 1138
938 760
1697 1090
2124 146
1466 205
1272 610
1786 917
12 575
781 896
1203 177
1420 151
2030 685
1743 1339
2437 1281
2178 1466
2572 459
2389 1620
1597 1537
180 943
1390 1438
117 1680
1497 1298
1520 373
866 1097
2141 1598
1356 1388
1093 558
1548 303
1599 721
1363 30
1531 1652
2028 1141
1406 1131
2029 254
1317 1011
1326 295
2100 410
1425 973
1715 466
317 1093
42 121
1539 1090
1714 1182
1361 1315
1538 1113
1746 1684
101 1476
210 34
1570 373
1911 115
1314 251
1364 1382
1372 472
1986 1482
2629 1747
1691 799
2638 697
1490 1348
1489 755
1504 23
2083 1173
2292 1634
1479 789
1603 665
1758 312
1632 1348
2293 1562
1445 917
260 1010
2014 157
2281 1489
1194 1591
164 220
191 910
1229 568
1636 586
2637 843
378 555
2584 998
69 262
135 438
2361 121
2365 1407
1713 363
1730 471
2036 84
212 388
379 489
1755 147
1991 159
2095 744
1519 1113
2597 1576
139 551
1808 167
521 124
37 598
1838 144
1449 1544
1869 86
1614 125
1621 1458
2004 194
1079 1587
295 313
1635 1033
2013 1464
2153 652
65 812
1590 98
1840 1438
1395 39
1745 250
2639 1043
1421 801
2344 698
1684 1244
2093 313
150 680
1980 13
2276 651
2088 1241
1627 95
54 810
186 1134
1690 1634
114 943
1341 1153
1790 571
2273 289
234 789
248 1485
48 267
160 1302
1914 1355
1502 760
198 1371
1430 1749
156 1718
898 678
2364 1431
2630 55
2591 1689
125 936
1329 1134
1857 1696
5 1364
1313 76
1441 998
2024 160
713 278
2238 431
2319 210
2190 998
208 698
1963 1100
380 1038
2372 1198
172 1459
1339 1241
2568 1335
1405 55
92 711
168 1740
113 1555
144 958
1480 51
746 922
1193 1144
213 420
1465 1093
88 784
410 1456
149 972
2622 235
2623 1010
171 1240
1761 1736
188 1651
1667 78
130 404
1503 680
95 119
2612 651
111 762
1692 1732
1792 82
1108 1729
1370 1315
1567 888
1742 147
352 11
1451 1301
2635 1010
141 1669
1728 149
347 24
2264 599
283 410
2259 1010
2599 1746
173 1426
107 411
2611 366
1218 1127
1870 1515
1164 958
161 369
169 432
2265 1128
445 1436
1960 1419
1975 1498
1767 1719
153 828
