img17c2.jpg img27c3.jpg
962 1992
1169 413
327 2075
413 1992
146 1321
60 1592
449 746
984 514
175 1123
312 2065
957 2
183 1326
1061 2242
48 337
163 299
234 411
1009 1035
982 1993
1200 1993
1161 1826
972 1993
897 1993
823 1728
31 2053
983 871
235 587
1020 2024
206 894
298 2021
320 1700
406 1683
467 1849
89 199
1574 203
1615 2015
942 92
382 2015
176 2007
975 2017
1155 2015
967 2104
1143 2015
470 871
708 427
236 411
476 960
1073 808
1414 1850
315 2057
908 16
1277 1599
239 587
773 1990
862 609
1154 438
782 1033
1186 1618
1671 2197
156 124
1647 1540
1321 899
200 89
414 1996
1170 1518
424 1326
153 1312
663 611
1377 873
1612 1801
1711 897
797 2015
843 1646
790 218
992 1711
99 1996
646 515
193 1326
1162 16
1740 960
158 949
390 1801
944 1849
828 1993
1295 871
105 323
85 2003
1613 1932
462 1826
416 1336
997 534
1650 2130
1043 266
1789 1692
1082 1830
502 1064
504 944
860 415
43 1764
940 170
516 2242
1209 514
22 1826
335 659
1766 1861
255 1308
322 1992
1189 283
1648 1607
829 1332
1743 1580
1102 1638
1120 1558
1156 2280
647 635
772 1048
230 1430
17 216
325 1992
716 899
1644 1868
509 225
1788 465
311 1816
1089 899
1313 871
1699 92
203 1380
398 1332
956 2021
1620 2017
257 1910
30 2008
1703 2194
420 1993
724 899
876 1908
1754 1840
1037 1069
343 1992
1784 92
192 659
877 1578
133 1802
1520 1932
1609 311
40 2073
1646 360
1097 873
228 1849
661 47
394 1944
1047 1704
1088 1848
1737 89
1127 1881
796 1639
784 1715
1007 1833
451 1992
1521 1069
148 659
1265 2183
340 1332
1517 200
403 225
641 1859
1380 515
120 1537
1312 2125
1725 154
603 242
1347 1618
166 2144
725 1308
1194 1584
1278 2062
231 2224
254 50
332 317
410 1992
214 89
1197 1530
151 337
447 12
1666 443
1300 1949
208 1869
221 1499
364 230
397 2212
835 535
1649 487
1008 1634
365 2046
816 1332
864 563
461 1401
618 213
1654 1650
625 213
12 1992
181 1692
1782 1753
1220 1600
1616 438
443 1858
104 659
218 337
791 1311
458 1816
1689 230
1032 1615
1268 1986
1579 982
167 1998
319 2003
1096 930
1641 149
1057 124
1133 2052
18 1833
1005 250
1519 228
107 1480
63 1345
650 1621
1003 438
492 1236
1085 2120
1660 649
408 1409
441 323
976 1997
354 323
372 659
774 1981
1484 1307
195 323
623 1483
653 1871
753 199
1657 1583
561 1582
419 744
1203 282
88 1992
1688 230
1636 1342
341 1480
132 1992
1253 2065
1622 149
258 1911
1714 1868
97 699
293 1069
1530 311
879 638
154 1229
1767 514
270 417
1221 335
137 2008
1163 746
1225 89
1023 513
1076 2095
1258 1045
1665 588
404 1704
1424 527
1769 2125
601 302
669 640
1251 1457
1390 1908
1505 282
946 112
1602 1995
941 1307
1751 2156
654 486
785 1980
1114 1392
134 1833
342 1897
748 2017
1588 141
1248 1053
1448 89
1664 1926
1684 1583
1635 766
188 1892
636 424
883 922
1764 443
705 1326
1510 1141
123 628
1713 1868
253 1992
987 766
1780 347
124 659
1260 2195
929 1988
1014 2035
1326 2214
127 88
1516 200
918 179
671 873
1611 1715
170 174
1341 1618
55 1012
1630 1746
1718 12
1281 1715
297 1763
362 225
1029 2130
1289 312
177 2228
211 1578
481 808
626 1618
11 1992
1084 1995
515 507
959 1833
1511 1171
407 1992
485 1992
979 1861
1022 1911
138 1802
294 1992
865 1571
1219 486
49 1764
851 1862
855 1599
1507 2015
1716 960
1318 1908
201 1992
393 1167
1423 899
986 92
1587 1258
602 253
766 234
1217 1530
1266 1124
1621 2017
1381 415
1501 1307
1632 2180
452 1992
703 1017
854 355
1397 214
1471 69
1113 1392
1382 414
91 628
1213 1346
1317 1280
356 2179
1160 1842
1773 1483
357 747
39 405
562 253
1021 899
1320 425
1383 415
379 1992
422 279
1257 1106
62 2270
634 637
998 380
1188 2245
72 2191
361 1332
427 86
660 872
1562 180
1374 355
506 2186
238 2103
377 1086
224 712
1474 2015
1500 1258
479 2003
16 1008
113 1739
1083 1600
53 1842
1142 2280
207 1379
1145 1618
1010 438
1135 409
243 513
436 949
1027 250
1700 43
360 2066
1489 1171
861 443
1509 1124
1760 1840
305 894
1757 1592
463 1892
1678 2197
878 1584
814 747
1033 708
1443 96
264 2135
536 1091
896 1085
1319 1185
798 1832
852 1346
1011 235
1276 873
1573 235
59 1869
412 2021
525 1244
1151 1570
1729 2014
659 482
1168 537
116 1162
431 14
1100 1714
191 937
1518 228
179 2176
1673 2011
251 243
276 234
448 86
1240 229
1465 1498
1741 89
2 1739
7 1009
1659 335
292 2017
513 1789
1075 1992
1534 311
1721 1692
415 765
622 1540
227 1489
250 243
1149 871
8 1833
1223 17
220 659
1752 457
15 14
160 1764
41 69
1748 1124
178 1683
826 899
947 190
1024 323
272 2033
277 992
1287 701
1731 36
310 429
1488 1073
1768 428
498 1064
771 746
988 1599
1734 2003
499 1283
850 1257
1425 1461
1783 1840
1308 1916
639 1540
792 1995
1607 1012
309 2156
1012 235
78 591
285 2017
1183 1332
1787 1565
237 1819
756 1988
1126 366
1388 899
1147 1268
1402 1326
1529 311
1600 200
1643 1884
240 513
275 2033
1563 1715
187 1283
1755 105
418 2156
799 259
1235 89
1290 1007
198 2003
247 85
269 713
353 659
684 1853
787 2052
1594 1069
1663 465
1535 311
1090 201
869 757
1181 1850
1358 537
1728 751
334 2154
510 1096
591 894
927 2240
1349 686
1119 1558
1196 1027
1236 1466
1306 1239
1738 854
1742 83
473 1717
1536 301
675 465
1750 83
25 1453
1463 1971
29 1717
42 1096
445 1086
1105 1507
1638 1454
1720 1391
299 2174
329 90
465 2191
1214 707
121 2048
174 1842
632 351
1167 2179
1662 1267
108 436
248 1574
265 2074
317 2117
777 1793
1589 200
147 203
286 899
874 922
1228 545
488 1846
159 1049
411 2234
155 2096
1072 1854
131 2003
597 1566
1631 993
194 1326
592 935
808 1807
1763 1825
580 2065
884 1833
1069 228
95 2176
686 899
1195 95
225 190
1634 1899
469 1869
1110 922
1121 2171
1350 440
680 1870
1190 458
1288 200
1691 1884
352 628
853 1599
1191 203
1619 1980
168 1298
1795 2119
521 1049
652 1619
857 1326
1210 2276
130 1843
1002 1971
115 2115
783 1971
1241 1866
10 1767
50 1987
94 220
395 2191
437 2066
928 1987
1794 1672
141 190
249 236
1259 1279
252 1842
426 1998
366 1761
1028 1326
1480 1472
1035 1073
21 1833
109 1748
439 713
32 1850
1077 55
363 1767
604 1506
164 2015
450 2154
737 1746
1502 235
98 2115
284 2017
368 1746
990 2052
1361 808
1639 12
642 1558
589 2179
801 2030
1537 1069
842 1452
483 1379
1626 1168
331 1166
833 1507
1406 1326
6 31
344 1733
421 677
530 2051
1779 79
86 873
1111 1747
369 190
259 402
57 500
605 2124
1473 2017
1527 1734
1301 626
316 1392
336 1732
1776 872
871 637
1523 1832
429 718
487 1308
731 1326
1193 480
93 1221
475 2119
549 1650
554 1650
1506 2017
392 659
268 2197
590 2000
180 1308
202 2095
1735 12
4 12
267 239
1150 1416
1578 2115
24 89
635 514
999 2107
1180 78
1739 2179
973 2077
1153 504
190 591
518 967
788 2207
1674 2202
58 1633
56 1321
260 402
323 1566
490 2115
532 1916
539 253
1242 60
1360 1877
96 2220
678 560
1637 1692
1730 1840
776 1935
803 2159
881 766
978 2126
963 1715
1442 1096
245 2115
768 1801
1732 89
45 1732
103 54
761 287
1614 2280
1756 1840
836 1571
1499 1258
33 1445
117 1733
345 2048
349 1653
456 596
1542 141
794 2053
1141 1812
727 97
763 2052
1483 989
1604 438
921 2228
162 1896
303 2191
863 1584
892 2275
1495 2033
834 2115
1454 925
1568 2180
110 1472
1623 1510
472 1798
989 2202
955 1984
1001 505
1791 2125
480 2242
935 1833
1013 1988
1234 1523
743 1326
885 2081
1762 1901
615 956
522 2017
964 225
977 1671
1675 2202
1722 83
1669 175
508 1423
66 2228
283 2017
531 82
1018 1762
1610 311
70 942
1310 346
378 1904
545 1995
568 2189
261 2194
1470 1319
489 834
507 1764
143 1717
707 857
1553 1787
87 640
112 1321
385 154
645 463
1774 1255
196 1746
371 812
1680 1648
278 235
800 1833
1298 140
1695 990
551 1830
564 700
1375 1141
226 930
282 2017
786 2018
129 259
1049 440
279 1155
1596 2017
517 1109
409 1767
541 2147
90 1767
1775 1303
75 712
210 90
308 320
535 288
1429 1561
1727 1837
44 1612
338 86
630 1310
651 769
845 1483
906 2132
1309 210
215 2044
611 1936
991 2192
1068 1258
747 2015
1063 1346
435 566
793 1995
199 1761
712 516
27 343
84 1086
401 2003
795 1821
596 1392
1004 1788
242 243
694 2178
1246 1559
1744 1692
1793 1315
400 701
271 2192
1330 214
1539 1306
233 2003
51 89
817 1332
633 1859
1389 1911
1541 2017
617 213
742 1741
757 235
1174 2132
266 2165
542 1650
1475 2035
494 944
572 1995
1446 1823
1564 1049
1618 2240
1683 248
1129 1269
767 2017
1283 77
1441 2077
1458 386
169 500
430 2097
600 320
1503 505
565 1091
893 947
1104 374
1557 1222
161 505
376 701
882 77
111 479
384 2097
391 1850
505 1053
578 140
759 2017
931 1686
974 2017
1059 227
1130 1462
1786 1303
350 907
380 831
241 1911
732 2186
1747 438
484 228
537 2015
1042 1843
19 922
82 903
14 906
523 282
696 2073
1340 418
165 2147
280 438
184 1264
706 643
1232 1739
1304 872
1777 1315
444 259
560 2252
820 346
827 1671
1030 516
1274 96
1796 1315
274 992
314 2160
1212 2123
1745 2035
1244 1507
388 1763
1531 1989
656 1598
1182 2158
423 1408
491 1254
662 1279
566 201
637 1296
672 651
197 259
288 90
1528 1650
1554 1624
119 253
324 1326
471 386
593 2268
1108 1326
219 937
533 168
529 1580
1041 332
1753 630
1405 2194
186 154
760 1932
1771 2163
34 942
291 2035
313 320
503 875
1299 2020
1580 1594
1508 1065
1656 584
621 1291
1070 2205
1091 585
1159 930
216 2210
1053 1918
172 242
457 2097
519 1428
526 1830
970 437
1433 2061
501 1764
1379 260
607 1179
875 1268
945 241
217 1507
629 1619
804 295
47 1615
256 1709
548 1995
1522 218
1670 225
1736 2032
326 1493
915 1010
1438 1800
54 1864
762 834
1173 1166
1269 203
1577 1887
281 1987
511 207
1469 1109
1490 1981
23 916
1279 2162
1749 1600
858 2146
911 1371
65 214
302 937
482 1842
306 320
1165 1718
1396 1910
1407 2250
185 91
1706 1899
540 1204
806 277
971 1479
1452 16
321 1345
616 214
1781 1842
614 920
838 75
1095 1197
1115 1507
682 470
1617 855
718 341
152 429
339 259
246 2073
679 1323
1303 540
1792 1303
144 596
905 1868
1399 1707
262 1733
815 1912
900 659
46 1459
307 295
222 858
937 740
114 242
546 1582
547 1995
1247 1706
538 2017
556 2175
598 1506
609 314
1651 517
396 2035
466 1840
1172 1859
182 1189
1733 107
440 1601
301 860
744 1124
1040 235
1157 1029
555 2252
681 1530
1204 120
1462 1346
1271 2130
61 1039
126 1534
689 1910
1118 2118
454 77
1060 1258
1633 1899
1136 1828
628 1345
715 757
917 992
375 1480
619 1600
1294 1671
1437 1899
37 1864
69 64
1094 462
1146 1574
273 765
1606 2240
981 1894
1629 524
936 1310
961 1980
1401 260
1449 995
204 1846
552 1650
948 757
1052 433
232 701
1491 436
74 790
726 33
386 1254
544 1995
1048 1311
71 540
80 1148
704 45
1038 1069
1138 87
1017 1487
1273 234
122 1392
809 1202
1080 903
373 1987
687 1718
825 1962
996 757
1567 1005
92 273
1297 1050
1778 1578
1245 89
389 2250
904 1243
1045 1527
1704 146
36 1677
1497 1916
1593 467
1627 1884
685 2121
754 1564
1329 1297
77 2246
567 1204
585 320
1316 45
1601 2162
1701 287
1723 1889
575 302
1291 1292
1293 1708
886 1229
889 38
1455 2186
932 814
1078 2103
1625 1436
35 949
571 1204
779 930
919 1798
1267 2017
606 1608
612 1600
739 1981
1431 343
330 2188
387 436
844 1558
1373 2144
367 2011
1386 1737
1457 1771
434 77
1239 1574
674 465
758 1639
1064 1096
295 1534
358 1477
698 1097
534 319
1412 1666
455 1179
1661 241
497 1006
665 1811
717 1255
1362 474
528 2105
949 1886
1496 1435
374 1480
318 259
1046 2125
1690 1868
985 2052
1715 1840
1101 1453
244 1910
1392 2171
1176 102
1233 1296
1790 1870
1270 167
1472 1063
102 85
478 259
930 190
1413 45
1571 2095
1583 1723
486 1123
868 1682
887 1059
1565 256
1364 45
1395 322
1456 2052
714 1539
1655 1910
136 1493
569 1204
446 1757
610 1567
1117 1999
1698 83
1256 1597
405 1985
1417 152
1044 190
140 187
859 1904
1264 2264
1428 55
1252 1044
1224 77
713 1877
1 492
1667 1452
527 1222
750 1096
1079 2097
1152 1452
355 1981
909 1850
965 2062
1628 2028
287 2179
399 1455
891 1876
1054 865
1137 8
1570 1582
1746 1807
1371 563
1685 877
670 794
1447 199
1459 1381
543 1995
673 224
296 10
608 295
1464 1980
1652 1272
1603 966
3 922
720 274
995 1682
1158 1671
1561 252
624 811
1238 2035
752 291
778 1068
1512 1050
402 1132
588 290
697 875
1421 760
1036 228
1761 1604
73 2069
577 1050
337 1987
895 1089
802 1331
912 1694
0 2209
1359 2079
1026 1834
1393 168
1487 1937
599 366
841 1850
26 2043
359 1086
920 1423
1139 757
1185 2281
873 885
1705 1823
1403 2043
958 1185
849 1437
1328 1328
1498 134
464 1886
695 2247
290 2017
347 230
500 470
550 1995
1415 343
688 649
1254 45
1363 1917
1006 26
1679 1038
640 1866
1772 1584
1230 1483
818 2270
1285 1709
38 1376
100 1666
438 1710
381 1493
830 1109
1485 2236
1207 922
676 1876
880 1082
579 843
586 1204
994 84
1124 1244
1354 1842
263 812
846 679
13 1725
512 170
1132 1741
1262 2120
1476 234
1065 760
1292 1326
1785 1608
738 2219
1387 426
1418 1919
1559 256
1109 958
1658 110
643 1855
924 1461
1031 1763
1166 2056
495 60
894 1761
1726 2051
1128 2064
118 765
1712 2018
693 65
1400 2281
1548 2250
1642 944
770 238
1687 593
1280 1180
1758 1577
926 1894
1338 1883
741 2251
1419 1741
1249 1724
810 332
1426 1763
205 1886
346 2174
417 181
468 2081
939 1006
149 1833
1719 479
1365 2065
1218 1706
1477 438
432 1886
1445 1244
1466 325
746 1454
923 413
1296 12
1560 1787
1538 193
139 1031
1302 509
1305 1650
620 1158
1056 1943
1103 637
1558 1061
595 1305
1198 1096
1356 1883
769 1402
1123 45
1551 750
1693 1469
1411 2233
171 1638
145 1665
453 2099
934 1126
1131 362
1144 859
749 270
1122 1552
1597 553
1624 1331
1645 1357
668 1483
1000 649
428 1527
1605 114
213 2115
1709 2213
135 926
1668 1328
1051 792
1199 1229
1586 1873
1201 1471
5 651
173 1999
553 2176
736 1878
1039 1311
1216 30
289 2017
951 321
1546 1988
142 1445
383 2048
1055 1344
570 2169
1493 1840
1107 1363
789 304
840 2034
907 1026
557 762
856 1658
1420 729
1581 1529
563 1529
1263 39
558 1309
67 404
1322 912
1025 1709
1724 1889
1515 2166
966 1291
1385 1885
655 1877
811 1297
1148 361
1692 2081
1702 1439
1275 2268
9 10
442 2029
460 791
819 2179
1092 919
1569 1582
627 670
1099 1148
514 344
1514 1822
1572 604
459 343
79 2274
1697 189
667 1316
1492 1160
1086 1223
1348 1433
229 1981
1211 1345
1598 1210
1486 2250
1368 1350
573 1600
83 1703
755 1684
813 1741
953 272
1653 1344
1050 733
1427 1868
1707 2198
1494 906
1205 1714
1591 1605
1171 142
638 1291
1125 868
1552 1579
351 1746
1272 436
1367 1594
1074 2154
128 1981
1019 2192
1179 1994
1556 2203
328 1179
910 1708
1286 1795
1677 316
209 1714
1765 1567
890 1611
1071 1713
1582 228
821 1570
914 946
735 1269
1345 2116
1672 737
150 1109
729 14
866 762
903 1678
1451 68
1640 1729
81 170
477 1440
520 944
631 1299
1202 2063
474 139
657 450
584 1994
807 743
745 1559
1717 922
1549 371
68 2144
805 2156
1231 1790
1513 955
730 2227
644 2182
348 2153
832 2233
1284 1322
1334 1917
1416 1883
1034 95
1681 926
1696 1823
28 1197
1599 1920
1112 477
20 2213
711 920
223 925
1430 194
848 87
1439 1350
1759 2113
702 1098
691 322
1584 1982
1352 919
212 2026
1708 1868
433 1748
1093 890
728 402
943 85
700 1521
1087 1352
594 2269
993 16
1710 694
1422 2129
101 265
1177 731
969 2156
913 2277
1526 1322
493 274
899 1304
812 1780
1450 137
1595 1968
559 557
751 1878
1592 1943
1140 2173
1327 1425
1357 353
733 430
1576 1691
1545 1443
1694 1950
968 2056
723 1534
1440 97
764 191
64 1899
1315 616
1222 1800
666 1521
1175 1405
1482 1659
1355 1883
925 874
898 219
1226 565
524 2041
902 2253
1307 2208
683 60
189 1560
1410 346
1532 1711
1206 698
1453 294
847 493
1575 2204
938 306
690 1837
1333 1512
1409 615
300 616
1324 304
721 267
613 1567
1227 1940
1370 2274
1682 2282
1066 1676
1208 199
1331 1000
950 1641
1343 1297
425 1612
699 517
837 1568
822 1406
1067 1067
1081 887
1134 274
1378 143
952 244
1369 2069
1432 210
1547 1438
1550 501
1314 298
1404 660
1676 2277
1608 1968
1468 1200
1590 2162
1391 210
1261 2034
1366 1594
583 1575
1116 2217
370 1851
496 2220
649 1768
1398 2070
1461 172
125 1594
106 386
1524 1084
1353 2195
1335 39
1250 2048
1255 1718
740 168
1543 1779
1436 1385
1215 2016
1178 805
1187 2187
1686 520
76 261
870 1345
1323 248
922 1304
1325 199
587 1200
775 188
1408 1862
1351 1584
960 68
1336 430
1770 897
1346 2233
719 2000
1481 1704
701 715
780 1869
1098 923
574 213
872 73
1229 1625
1184 906
1058 1890
1372 142
1311 1594
1337 100
1376 87
1525 1581
1339 733
1062 1620
831 1576
1192 542
1479 1815
576 1168
692 1581
1467 961
664 380
839 1204
933 1845
1394 1780
709 1517
52 2045
1106 1474
1332 2217
1555 1015
1342 783
333 1796
1478 760
722 1259
765 348
888 794
1164 1833
581 1579
824 2231
1434 1281
954 1136
1533 2276
1544 1363
582 1328
677 126
157 1154
1435 123
710 333
1460 2133
1540 915
1566 1809
1015 1935
916 274
1384 1318
1585 270
867 2246
734 2217
1444 1348
658 2187
901 1570
304 1883
1282 16
1016 579
980 2087
1504 1239
781 1111
1344 103
648 1674
1243 1605
1237 1072
