img21c3.jpg img27c3.jpg
1647 1858
657 498
1553 2072
331 571
972 282
629 657
1587 2022
1308 2022
557 1007
913 1566
337 108
1628 1691
585 651
1596 2011
319 962
528 1007
1657 1504
406 108
1319 2011
1670 1746
1435 2101
1600 2010
918 1048
1273 1633
1444 1858
1311 2024
1595 2022
638 498
1178 1390
457 256
712 856
537 498
1277 1086
619 110
688 651
1169 1390
1550 1683
1632 1121
568 110
1270 1633
343 598
1290 1699
1476 1483
1112 2118
596 508
1592 2010
325 962
666 483
1253 1840
595 1007
397 108
415 108
1569 2021
821 1733
983 1566
693 428
373 962
334 111
1445 2095
383 506
584 651
1381 1658
1649 2119
1105 1312
1245 1583
676 651
1474 1867
620 508
1251 1826
1555 2010
541 151
1552 1764
711 858
640 124
591 430
540 508
1672 2148
94 659
365 112
1514 1807
695 562
708 651
1549 101
506 256
658 508
181 1308
498 292
152 2117
725 858
1090 1657
1372 2065
1520 1504
1714 1848
1177 1377
524 483
516 438
1237 1852
1438 2114
1578 2015
1591 2140
898 1034
1463 2114
1640 101
1645 2095
517 250
1138 2072
1161 1379
1369 1997
1462 1852
991 2118
388 1091
1084 835
649 659
610 515
742 858
1614 101
119 928
1212 1505
1297 1672
1302 2143
315 438
446 256
1294 1683
964 1566
1140 1308
1027 1007
1641 101
1301 2030
1200 173
526 526
467 281
827 1124
1674 2132
554 574
709 810
1126 1658
1447 1888
1603 1690
421 249
804 1034
1307 2075
1467 1571
1568 2023
1586 2075
1655 64
1362 1733
552 508
1330 2030
1260 1867
664 810
1629 2007
1650 2109
1255 1583
136 1828
1299 1683
1651 1650
455 324
621 604
1626 75
1077 2118
1451 1517
1777 2181
513 609
439 262
598 532
609 514
895 1271
1095 2118
1452 1826
1298 1715
589 514
889 1566
1621 101
379 994
1429 1326
1204 1463
1589 2242
677 766
1181 1852
603 651
1332 2009
680 659
578 659
618 602
1058 1773
1221 514
1585 101
98 515
1224 1524
628 513
1544 1988
65 514
505 324
622 1007
1207 1844
220 1816
538 508
514 983
358 107
482 256
491 232
492 256
1361 1754
435 232
522 349
79 515
1406 1816
967 1045
1162 1392
211 928
582 531
1130 1271
74 515
848 1136
988 2076
309 962
874 1012
1232 821
1242 835
0 458
1233 1844
825 967
1191 1583
124 1670
636 126
1206 1734
1258 1848
149 1852
1601 2028
646 485
1510 1759
567 556
690 807
1235 248
590 659
1296 1671
673 1747
475 256
570 504
1214 1505
811 860
1652 101
569 124
366 551
114 1754
138 1828
392 225
1579 2015
660 1138
72 657
471 227
216 2114
484 558
66 637
474 292
558 1312
1156 1342
407 173
1227 637
853 1066
1231 1524
1109 2118
947 1271
1378 1751
155 2066
1580 2022
1250 1824
1676 2020
270 12
594 549
1326 2028
1573 1121
587 2281
832 1754
1265 476
344 104
1627 1650
312 598
1119 2118
1333 2085
937 978
1064 1571
140 1670
310 107
641 648
683 769
945 1135
1643 2101
948 1271
1173 2023
1291 2212
1617 2007
417 438
536 531
150 2045
1509 458
1648 2216
60 1507
608 367
1176 1378
1249 1826
1402 1582
1219 1481
802 858
1473 480
1662 1858
1234 248
1397 1830
222 1866
1276 669
1502 1500
384 107
1263 1483
1386 1751
529 508
1240 784
667 430
1229 248
1512 503
1663 2262
1213 1524
1230 1481
551 526
1088 1106
1316 1229
1545 1988
1483 2053
396 107
579 432
955 184
525 415
766 947
48 361
224 101
350 506
436 256
445 292
1198 1378
643 1752
1164 1377
741 873
1223 248
1248 1852
1556 1690
637 556
1045 1119
174 1326
1239 1553
1557 2084
321 104
846 829
1631 1683
320 1187
611 659
179 1308
1189 1390
1217 1416
1442 2101
824 1746
1503 76
527 250
847 1135
127 1828
1327 1750
534 256
1220 1505
1247 1562
1718 1085
73 425
165 328
323 438
805 430
1091 2008
1282 1312
1368 1754
927 1571
1165 1390
161 1618
1179 554
1564 2018
1349 997
744 947
409 990
1358 1409
696 2247
1407 1797
70 514
357 76
1624 554
849 1733
535 534
647 483
1383 1096
1391 1693
669 450
1286 1326
318 107
627 1195
949 276
1196 1377
1197 1364
96 418
1529 2032
1723 1703
461 1091
1180 1786
1755 253
1131 269
1145 2081
1730 2275
313 2140
466 240
549 430
1004 1135
1478 1997
1548 1047
968 465
1121 2118
1422 1462
1437 1851
1364 994
371 76
697 1299
787 947
583 172
607 90
1283 1820
1238 1530
144 1892
1153 2072
1448 1621
1542 1990
258 1899
353 1187
1540 1990
424 292
205 1321
432 227
564 418
571 922
137 1833
495 1787
1457 2092
501 2242
1188 1409
1199 1493
872 344
896 992
1511 2015
349 1981
617 549
1355 1693
1635 299
147 1354
360 438
675 1812
1360 273
894 961
987 1137
1274 509
613 418
747 2276
1768 266
1582 555
322 438
1637 1730
511 256
737 978
1065 1571
1570 173
769 430
1680 2075
64 514
335 438
50 637
63 514
122 97
512 325
919 1066
544 275
1269 1746
1318 1943
1780 195
694 655
1083 1527
1325 2242
419 947
655 1747
1215 1501
1536 1980
550 508
1454 2109
1688 1930
1458 1795
53 514
93 1267
1615 554
977 722
1390 1840
507 325
561 180
639 530
1132 1597
1604 1850
276 922
382 106
1583 2207
803 1710
1026 1271
1387 1762
1513 1916
530 16
1404 457
597 172
1342 1311
1344 101
1410 1888
539 1793
1226 2101
1254 1595
917 125
348 344
393 227
1459 812
1702 1884
185 1671
437 2275
651 450
1405 1892
1658 317
55 856
648 655
369 995
414 292
483 1206
508 545
1133 2002
556 580
355 309
1288 1580
1350 1031
120 2169
726 1394
1306 1124
644 747
14 1995
451 625
553 503
1538 1167
565 486
795 1152
51 514
351 107
885 1864
993 2118
1097 2118
71 1611
515 436
1143 992
1055 2118
1528 2164
118 1229
870 1166
1765 2192
251 1721
488 1787
718 1747
1470 1409
1735 284
238 2039
1007 1045
1345 1750
359 438
5 1995
107 992
286 76
1677 2028
555 1658
1689 1010
604 256
580 690
1210 1377
203 13
1335 88
1418 1809
1707 1869
441 227
845 2118
1359 1601
1492 1850
1554 2056
1634 2147
403 200
773 1747
1415 1852
12 311
1565 438
1665 86
1321 1670
1475 1883
145 2251
462 249
88 658
327 1634
1081 2118
1384 1030
1412 755
1443 1850
1543 1988
307 2020
1122 1015
1367 2056
1480 1800
1616 101
1159 1714
1348 752
1028 1998
1106 1332
1351 2141
1489 1842
1396 12
1729 2081
750 591
1261 55
23 149
1731 2276
869 1604
1546 457
1577 1120
920 2024
698 540
1356 1064
1759 2044
1322 817
425 259
1043 1571
1661 623
6 311
1439 1552
1769 945
1366 1229
493 1069
572 86
852 1029
90 1483
328 107
1069 1120
1679 944
1002 1903
1433 1570
201 86
826 1011
1175 1359
1409 203
520 227
817 978
1038 2118
485 17
798 808
1597 1830
158 1849
198 1277
893 1569
214 1751
1209 1288
1426 931
1190 1404
785 810
994 1566
1108 1566
387 344
518 30
1734 2250
560 86
1054 2118
255 719
1070 1245
1336 1693
326 1996
1146 2212
1377 900
450 967
1107 1756
728 418
794 978
1144 140
818 1302
248 1308
314 1801
324 522
478 199
345 438
1046 1186
116 1610
362 104
410 249
702 1747
1337 1288
1684 230
1726 2265
1020 978
1183 1653
1420 1342
1566 84
61 465
1623 944
1687 1937
52 585
275 807
97 920
779 2097
936 1302
368 1746
866 1569
1104 2200
1382 1855
139 1701
877 877
1432 775
659 625
745 546
1194 525
390 344
703 1747
192 1908
1461 994
317 1753
1029 1170
1425 1693
11 1995
171 1332
1037 2118
1395 1828
1599 1741
187 2081
1331 1997
1370 1715
576 2118
1539 1988
190 514
148 2117
1262 1045
1008 2008
1572 2075
1535 1638
8 1995
163 1483
189 1584
363 438
663 832
1267 1896
500 1069
1507 1868
1668 1868
510 275
661 631
764 1029
867 1569
1683 2144
7 17
377 2242
1431 1823
1471 2007
1727 530
34 2001
299 1536
1137 487
1168 1362
739 1683
25 2001
80 401
126 1648
463 604
1117 1259
1266 812
1715 1236
195 2202
405 317
626 1549
915 1569
1193 1362
1256 1600
1771 2227
1056 2079
1134 1332
1638 3
330 522
338 2140
891 1566
1110 2118
68 659
215 699
284 192
775 643
1656 1718
374 168
87 535
257 1562
1525 1749
888 895
487 249
665 922
289 48
376 947
496 227
1039 1096
1472 1312
1760 1311
2 200
56 1578
863 1302
1469 1859
1496 2242
17 320
682 540
687 2156
1170 1394
1606 1648
209 1321
339 153
391 1787
1374 1601
1441 40
1516 1916
89 515
768 2275
1259 1606
1021 978
1547 1881
1728 1047
1141 1896
1243 835
1613 1029
470 262
1541 1990
263 156
756 672
1171 1404
1324 191
1686 2253
154 42
329 1801
715 280
865 978
346 181
563 1275
143 1528
1519 1095
452 1947
121 1757
256 1536
710 858
767 1746
868 960
400 344
430 1064
296 347
1087 1166
1309 1663
1642 2081
58 655
59 514
819 1152
502 604
861 671
95 2129
615 690
1477 2203
108 1657
316 438
458 1739
631 521
900 92
1711 1483
27 2118
733 1747
1079 1430
1491 2149
1779 1723
1279 1927
1681 498
566 690
1005 1243
1135 1300
237 2062
250 1678
1082 1292
1099 2118
1114 1129
1354 1892
1741 2156
681 429
887 2097
85 897
113 1635
1125 2215
1660 1480
926 1604
1044 1569
1610 1477
102 2202
1257 1595
1446 1566
1228 1466
1066 1166
1732 1123
1312 1628
197 1684
354 1685
674 548
729 470
1482 995
30 2000
207 1750
762 1152
1427 1892
1479 1679
1671 1832
997 978
909 1869
1314 2082
623 648
743 876
1508 1751
1524 1124
679 470
1487 2007
1691 1726
1704 252
1063 1164
1455 2052
1678 2140
1006 1045
1203 1372
1699 1914
573 860
606 2228
1449 840
632 690
99 515
796 1569
942 1569
1323 1750
1353 2082
480 1947
790 474
1016 2118
244 1833
844 1152
1773 949
385 138
1533 2020
39 1578
333 2059
111 2269
378 1787
1303 1321
1398 253
186 315
202 71
1003 563
1192 1361
35 2000
654 1389
782 1083
912 918
151 1887
1611 1469
245 1833
1035 1197
1329 140
422 625
1116 1858
24 320
103 1544
311 438
592 540
1244 2101
200 1828
182 1634
545 2281
1622 1409
1092 1858
443 1947
770 540
1085 2224
75 465
469 190
714 1237
801 2242
981 1569
1057 2124
1408 1534
1534 1010
332 1028
652 474
692 2176
999 1569
1605 1702
1644 1843
49 637
1352 508
1493 1840
1682 1766
370 55
1218 1848
599 648
781 1569
820 918
892 1569
859 1747
15 1995
44 608
719 1757
1136 1063
1669 1648
1208 1861
1659 1913
438 947
1551 1714
142 1559
1633 1679
304 1669
1072 335
1762 1981
110 2275
204 248
559 86
1403 2097
1495 1813
1609 1547
125 1714
588 293
494 2007
1636 1543
670 877
10 302
188 2104
342 522
542 1810
601 630
67 563
635 1477
1300 140
231 343
448 1166
146 1850
879 1747
929 1087
499 256
748 470
950 291
1468 1875
47 2079
1770 590
92 2130
472 1937
1071 2251
562 286
1722 2280
1744 744
234 1332
86 1597
226 89
364 522
1460 990
1618 1679
416 107
924 978
678 834
946 2130
1701 1535
1775 2271
173 1332
634 596
1154 64
1166 1313
532 509
970 1012
1184 1404
1581 1889
1766 252
31 2079
727 429
1167 1998
1700 409
352 438
440 1873
807 540
860 667
1584 248
1737 179
217 1750
789 2131
1392 1771
180 622
280 2062
828 834
1498 1847
645 2161
792 673
857 540
963 895
1292 1096
20 314
389 140
630 1877
1465 1035
341 1802
1365 2010
1375 393
236 248
1047 949
76 1608
624 631
1497 1535
1113 471
1440 1718
206 922
784 1746
899 1389
372 1801
928 1006
1068 688
1293 882
1024 2225
1385 1121
699 432
1017 45
1567 816
984 711
1222 1404
1486 1095
1561 1764
298 142
653 540
1098 306
128 1346
973 1179
1423 2103
106 992
951 1823
961 978
1484 1241
1278 1522
1464 1415
656 752
1619 1624
1127 814
1129 2250
1466 1900
13 320
37 2118
134 1671
81 515
477 1166
531 1127
1379 1688
243 1588
1 576
1620 1657
1705 642
706 672
713 1121
829 791
1717 1319
253 1008
18 320
1187 1419
1590 1120
1754 349
1763 992
931 1747
1750 1726
57 609
519 697
614 540
959 1864
1271 1332
69 195
210 1884
420 190
814 1183
600 1168
633 1394
1421 1030
1527 1930
101 2192
914 1569
84 1530
716 1747
21 320
306 1647
939 1569
1195 71
840 1566
901 1747
1399 1795
1710 253
175 1053
1246 1462
1488 1892
1518 2049
1753 1564
303 154
730 432
855 748
402 1789
765 856
166 1345
922 23
1776 1053
548 405
738 1848
1664 1744
442 274
1725 1048
577 2000
806 540
881 667
1172 1526
906 699
1053 1202
1709 1021
486 1746
944 1710
684 672
763 2251
897 265
1103 1006
1417 1887
340 2032
401 995
911 1569
1742 584
159 1527
816 1566
1363 1572
153 2067
930 1092
1339 944
1499 1725
4 228
239 1754
356 199
1155 1332
1163 563
208 97
1666 1764
1767 2254
212 1162
749 432
26 320
704 643
240 1850
717 642
720 1566
836 2048
1522 1644
1526 1807
1747 373
16 2001
952 1045
1531 2280
722 606
1712 748
1041 978
1394 1271
1500 1971
1343 1955
281 897
1481 2109
1764 310
755 1436
886 978
1118 306
1720 503
1721 2205
975 1247
1521 1899
132 1701
1201 1750
1574 1332
308 1647
771 471
978 31
1719 2274
969 86
1602 765
178 32
408 344
1713 1765
157 1859
394 1937
213 101
995 1197
1675 2137
1703 802
986 1166
1042 333
1746 555
593 495
1101 1709
736 842
1241 2045
890 1569
1608 87
156 1527
1341 1313
460 309
883 1757
956 15
1532 1812
1690 1757
105 1610
123 1748
858 946
982 1566
91 1910
724 906
1123 2132
177 2020
489 604
691 858
1093 1246
194 1872
871 1008
1051 2169
1264 2132
62 858
521 1127
184 191
602 2146
605 293
668 713
797 246
777 869
809 1747
910 1302
1211 1404
776 672
1436 882
1186 71
176 139
1120 440
1411 1030
1515 1802
1761 1908
233 165
760 57
943 60
229 26
404 205
1654 2229
1413 765
1593 630
78 1859
117 2255
523 206
941 244
1014 1197
230 216
759 1566
219 1693
278 1077
423 1955
925 849
788 471
83 1267
938 347
985 2130
1205 1466
758 1213
1778 2071
428 1614
46 1578
235 86
1160 1376
1724 2278
399 2235
1373 919
82 731
841 978
473 1463
503 1950
1376 2242
1490 2242
246 1346
453 1937
957 1216
1752 2177
734 2048
934 1263
131 149
1280 1996
38 1578
183 2138
459 569
267 86
761 978
875 1032
940 1566
998 978
1419 1666
168 1764
1000 1569
1062 482
1388 1771
413 2261
823 1797
54 441
808 1747
1667 1818
1698 713
40 920
274 1669
285 127
1371 1335
292 1833
780 978
1022 785
1147 2010
19 2124
33 209
398 1436
468 248
754 149
1158 1361
671 2136
1139 1346
856 791
380 604
735 2048
1048 857
843 1569
958 1183
880 1389
835 1263
434 1947
740 1123
882 1757
873 1009
904 1747
1060 939
1281 1271
1537 2059
822 2265
1317 630
433 1810
1607 2023
962 1406
1630 1640
1067 1243
1400 465
1501 1458
193 1315
252 1718
721 2083
905 1234
1346 593
933 667
990 306
1708 1195
1009 2108
1738 271
1030 226
1202 931
1100 192
1151 1653
1225 1503
1673 2131
834 1183
1506 1804
996 31
169 2
815 814
1434 1815
3 200
839 1302
1111 1566
1148 55
971 2221
1575 675
1174 329
1272 1813
1015 306
1716 2040
479 1937
411 1947
1576 270
29 341
878 2136
241 1662
1389 1759
864 1598
916 616
954 252
1414 1829
9 898
268 1520
612 1875
218 1750
965 851
1023 60
1089 769
1252 810
45 1618
1393 91
1749 1972
1424 661
1695 936
265 1245
903 667
932 667
228 205
923 953
1347 902
1401 1539
774 1223
1185 2242
1268 242
1504 552
974 1144
1102 2225
1124 1984
1334 661
586 623
172 62
813 1155
490 1127
271 1665
1059 978
1639 1168
481 11
960 1869
746 639
1494 1523
1517 159
1588 2023
28 341
104 470
444 1939
1295 1659
1275 1628
1530 1934
707 631
1328 1684
42 1607
191 1908
953 1650
705 2048
980 978
1040 1669
1052 334
1149 2217
1774 189
418 1723
1086 1569
109 1135
1001 2224
1284 2048
164 35
1758 1594
115 540
850 1926
282 1846
793 672
837 672
979 1796
812 1223
36 341
732 854
902 1747
1428 1505
935 52
1692 1638
1693 2218
395 508
830 126
1031 846
497 1809
1061 483
1685 1218
447 2235
290 45
842 835
130 1820
685 604
167 149
283 1437
1733 2061
465 1127
464 2211
574 291
1050 2270
1453 2052
575 2118
547 1852
1236 1796
112 344
791 794
854 975
242 2007
701 150
862 1598
272 76
427 925
1745 623
907 1576
1558 1423
1150 2127
277 2062
1696 2258
876 1735
1094 334
1594 1453
412 220
22 1420
426 2241
533 619
1182 550
1357 1704
992 1566
1287 1665
1505 1730
581 1478
1034 1182
1076 898
196 913
295 1212
454 1436
650 470
1598 1433
1096 306
1320 1848
294 1804
810 2206
302 141
1315 2002
227 874
301 1735
1562 2236
221 1908
1036 306
1743 1031
1380 341
1304 1665
778 743
300 1750
686 2083
1310 1480
1653 1854
43 1392
543 665
41 1392
160 2079
456 1969
1025 1710
1625 623
269 2109
1080 306
1338 1203
431 1906
509 1949
1049 923
1560 2155
616 540
1563 500
375 1723
757 1212
672 1389
1751 210
831 126
77 2128
247 663
1019 1216
546 1995
347 1436
1523 479
1736 1456
1740 1006
279 100
1128 1605
199 2233
1694 2233
800 191
1739 1722
1289 1718
386 2127
753 108
1612 1713
170 2210
476 252
783 1078
1646 1130
266 1313
921 47
162 104
1485 1883
1013 1144
1074 1239
1011 252
1340 832
32 2012
731 126
291 1808
1430 1182
262 143
799 1789
1285 201
367 1985
908 2069
1416 1078
838 1598
976 1511
1772 1764
504 343
1078 334
1559 74
1010 2175
288 100
254 1016
786 964
1216 1191
449 1500
966 896
293 1647
1115 1313
1075 1246
1450 1864
1313 817
1697 2118
259 1854
260 62
1152 458
361 22
1033 440
1756 2238
305 142
264 1486
1157 1349
989 1672
1757 274
884 1523
833 1223
100 170
336 883
1018 778
851 646
1073 2101
1748 1827
751 2041
1456 1177
232 1097
141 1743
223 1750
133 1366
429 902
1706 215
129 1733
1142 1809
135 1366
700 104
1012 440
1571 947
225 209
249 94
287 1228
1305 1681
625 252
261 890
772 946
689 618
752 8
723 1579
1032 1203
381 1189
297 2154
642 2100
273 221
662 2052
