img24c3.jpg img28c3.jpg
678 276
1625 683
383 199
184 211
1454 861
1238 717
1148 389
1711 1062
1521 1480
1749 1151
737 96
249 234
1372 717
1793 1035
1037 389
1718 1151
1346 742
474 263
289 199
1345 740
1840 1254
205 199
1791 1198
1295 702
1317 140
1459 875
1242 680
711 409
1130 389
1906 523
1725 742
504 325
1322 942
550 339
516 244
1821 1251
552 238
1234 491
1630 1061
1803 1061
1224 485
1508 1479
1556 1001
310 263
1309 875
1839 1243
416 234
1235 717
362 234
1647 1067
1748 1132
379 231
583 253
706 307
1328 1487
997 923
1411 907
655 238
1674 1150
305 234
431 199
436 231
1670 1127
1529 879
333 234
610 320
1303 944
800 487
537 253
1444 109
639 1280
1805 199
1880 579
1152 1282
455 253
1546 1198
494 234
1832 109
960 923
1274 923
1299 1479
1590 1125
1344 1119
1672 680
951 487
1822 1263
1504 142
1804 601
337 199
382 1038
1144 1282
692 829
1467 923
644 253
720 96
258 737
1759 745
1380 1111
1140 473
1319 1103
1043 874
356 215
891 487
1469 1453
425 274
1453 875
1249 681
1848 1134
580 407
1710 1071
1754 26
571 561
1493 916
697 253
1161 701
1739 1061
430 1038
752 1720
1692 1098
371 1038
1351 680
1636 1071
1686 1035
1867 1368
28 134
321 265
1167 407
1341 1146
1667 736
405 181
1515 1254
1185 389
1159 680
339 339
1207 446
1245 26
202 764
1337 731
1843 1108
779 714
851 278
917 399
1089 446
1291 1282
121 199
687 1280
1882 105
1656 1093
1870 1385
353 1038
1753 743
495 274
465 339
1693 1094
1807 1007
1722 1225
192 199
719 829
1633 1887
781 42
1723 1282
1629 1067
1398 1094
1890 988
1000 310
1018 407
1298 1487
1664 1212
1376 680
1120 502
385 339
713 335
1323 1437
1643 875
1315 896
1798 1211
1507 1311
561 1280
276 1825
925 1212
278 234
659 384
322 250
1137 349
8 1073
375 238
811 303
344 134
1213 485
1445 875
1866 1516
423 339
320 703
485 212
1290 1998
1025 923
18 140
338 1038
256 178
873 853
872 1426
1624 1125
977 386
1024 349
597 290
750 407
1244 916
1675 1007
506 376
1443 735
1729 1007
221 1038
1347 743
1875 1378
1404 103
187 1539
1247 678
1838 1254
899 411
1845 764
1705 1061
897 407
1538 731
312 398
148 174
604 1426
1893 1347
885 403
709 1516
1252 680
1901 1291
1113 446
700 1487
971 423
1156 349
1928 1385
652 1768
565 1282
1191 405
588 348
712 399
1552 1282
1697 1225
553 376
1734 141
1857 1165
372 1722
567 411
1327 721
394 198
582 264
255 752
1651 532
1301 1282
825 1567
1768 1067
297 181
1657 94
1139 472
311 243
1055 433
1528 829
1650 1073
1631 1409
1810 109
1887 1067
160 811
921 404
1525 916
975 142
1830 1297
787 714
302 264
406 188
907 502
1195 446
621 362
778 1011
1149 907
1649 1282
651 1480
1281 752
444 308
710 305
1449 1482
1535 601
1784 809
1852 134
104 166
701 376
1841 887
318 189
1334 1492
559 1280
1118 349
1357 805
1479 1952
407 737
476 33
662 430
754 423
15 889
677 1652
1202 405
1304 860
1949 1878
618 1480
1077 349
1243 944
1198 879
12 1222
1335 115
1074 446
1458 874
1823 903
239 344
271 60
1027 2035
181 1762
1478 859
438 265
784 759
906 1652
1898 982
1911 1952
1021 22
1833 760
298 197
253 398
272 1329
459 33
1279 579
21 142
1420 1406
1897 1450
233 1429
1061 589
387 629
1038 579
1297 28
1877 437
1576 94
606 1970
1615 1043
1620 1043
1726 873
1878 1249
1050 310
1435 861
1703 1894
230 474
491 1282
1658 532
1994 1976
283 820
918 10
1828 1520
413 201
602 33
342 27
1436 77
696 1000
1527 916
702 44
1660 1098
1771 101
578 1280
668 293
993 347
568 953
693 485
1108 134
252 182
852 487
1661 307
775 141
1419 691
1849 978
1673 809
1885 1212
836 714
1373 718
144 184
390 427
741 426
1222 830
1382 995
587 33
1503 702
985 278
744 714
1795 1887
14 900
251 259
1284 380
10 159
599 376
1293 714
1440 405
1669 1100
358 243
1463 807
1681 1205
948 846
1776 1448
605 829
829 403
626 348
1519 1053
1940 426
1177 1329
1909 761
816 953
874 433
1730 1887
439 1495
1080 1998
1914 761
1312 23
1800 1125
1358 812
1366 920
1441 1754
848 1812
376 291
810 253
845 63
887 923
1413 808
745 403
428 790
924 433
828 508
1767 101
175 1258
422 1240
1653 1998
968 1098
1724 761
496 304
1101 873
1846 958
102 735
457 291
954 335
638 33
809 1720
1028 1358
1865 1249
1783 59
225 1578
263 294
1774 809
1953 997
328 215
493 1281
1414 998
177 199
566 1461
657 376
686 719
2 159
934 480
477 251
585 296
1666 1401
456 302
715 348
743 944
804 33
846 310
1342 811
814 399
1163 1236
1248 678
1354 717
1814 166
1957 1205
862 419
1259 1614
1472 324
1869 1883
1954 1718
64 1109
562 747
1717 1209
868 376
1919 1239
470 217
570 141
984 879
1253 27
1835 904
207 926
417 291
521 33
1078 923
1456 32
673 1722
1536 184
1575 1308
450 1015
776 579
1051 335
1746 1039
900 334
1057 726
1589 783
1197 1280
1732 59
1903 1067
1042 874
1461 806
154 199
853 944
167 1516
973 380
313 303
511 349
1183 407
0 50
1424 691
573 275
243 1375
364 944
1433 860
786 1435
963 386
1175 430
1300 916
1829 1540
489 1198
854 1710
1379 179
1405 101
1457 1485
1808 1126
759 510
503 1239
574 1643
726 1280
1165 371
1468 1441
1812 1198
2009 321
301 97
518 487
882 1861
1229 485
159 166
401 308
860 63
1181 701
1831 889
1336 1199
2004 1760
451 338
722 33
976 386
1022 1440
1186 1098
1545 166
1908 725
735 1573
1884 94
355 265
1761 1766
82 811
481 376
698 399
640 407
827 418
922 371
81 163
127 1258
365 1734
1013 487
1480 884
1900 284
304 1281
500 1281
1371 1038
86 888
469 773
953 334
1146 1280
1225 1887
783 490
704 403
760 1751
1138 388
1662 101
1864 1369
614 384
724 348
1091 561
1465 405
49 159
479 329
879 612
191 235
325 944
658 944
682 3
717 430
823 718
1016 416
445 1495
1701 1054
1886 1996
761 376
1837 1404
956 348
1033 347
1169 579
1806 1208
1959 1281
179 976
1752 1446
1811 1080
1871 1250
890 1038
182 105
672 384
765 42
75 1472
94 163
395 1379
625 33
548 1147
730 809
1231 1169
1889 1073
771 403
1020 376
1464 1046
90 51
434 33
1008 349
1665 942
520 1281
1045 399
1487 1567
293 1024
359 737
530 3
600 714
294 262
799 376
1095 349
1272 861
1537 170
97 165
367 1000
389 1649
501 719
746 348
1462 882
653 798
576 701
613 1461
1288 1751
219 1207
1359 601
1549 632
96 1007
572 215
764 1722
1678 1571
91 879
694 1789
1434 1773
883 335
1093 292
1180 1001
1721 380
1813 1153
1905 1076
822 1011
1012 874
1408 802
1648 1175
1763 921
1132 696
1707 1391
665 1648
1257 1492
1305 1092
467 376
1179 32
942 1459
1128 1280
1386 38
1516 721
622 714
909 839
1104 1795
1826 134
617 1280
1067 874
1769 843
193 165
486 1660
1695 761
473 846
510 1281
674 1281
1690 1111
153 187
748 701
1415 1520
1622 1043
122 802
896 853
1497 1867
284 398
1485 836
1609 1080
1332 84
1466 816
1617 1439
515 187
1060 873
1429 907
324 1516
429 134
1150 714
1608 999
1772 884
1110 1280
497 1461
1107 1125
1196 746
1417 632
1554 1281
1794 1725
603 923
615 1281
714 360
1574 103
354 1374
1116 1856
1492 231
974 142
206 822
871 923
1164 430
1339 1094
1543 2038
1370 632
1015 430
1958 206
507 1432
1562 1016
1001 371
1056 1731
1616 1282
1659 97
731 1465
1006 427
336 376
902 1205
1655 759
1773 59
849 407
1879 1225
1934 1431
488 10
793 141
1502 944
1816 49
50 1685
1541 888
1847 109
287 887
1820 487
671 1709
749 853
911 155
1068 1462
1483 714
369 308
842 853
876 529
895 1426
1685 1125
58 155
1634 322
1687 1059
645 278
877 310
928 278
979 497
1747 1126
308 1342
631 674
721 1861
762 487
995 642
1287 1423
1510 867
116 107
107 49
343 376
388 944
768 936
1049 594
1955 1718
685 33
844 472
1221 668
1654 96
540 600
1145 1986
1151 1795
1212 958
1514 887
1348 745
234 1423
1780 329
197 181
307 799
957 349
1092 1959
1426 135
67 137
273 569
290 1440
1698 1125
1859 1174
267 244
859 468
1324 594
433 1709
52 1175
303 316
1122 923
1581 281
1381 1198
1999 427
43 147
1102 873
1294 1053
1883 1553
1663 111
87 190
756 424
967 530
1365 1571
1397 1771
1442 1784
1569 281
1621 1042
245 559
348 1755
412 1769
839 1459
368 1850
834 1428
1173 760
1190 923
863 75
1563 1094
57 1362
110 955
1035 371
1090 682
1308 116
334 270
384 1015
990 141
1002 454
1032 487
1326 499
584 376
648 1722
1053 388
1531 1230
1618 1046
490 747
619 1894
894 527
523 1280
636 14
773 1280
788 349
1797 998
30 1414
149 207
555 335
935 570
1192 680
628 430
680 308
817 1459
1286 280
139 1239
352 51
826 1567
1168 1731
11 137
180 1070
357 1998
689 430
986 550
526 22
683 529
448 296
1389 1064
1499 1773
1750 725
802 347
1860 1157
216 313
449 1513
732 1479
870 1754
1111 388
1728 745
32 145
443 1899
554 376
641 390
718 1259
830 480
527 174
1588 51
426 1852
667 373
936 1391
996 514
1217 696
699 399
1211 174
1460 874
1764 1983
813 142
1071 1280
1484 1773
1486 405
1990 1528
441 714
531 367
989 1808
1470 724
801 16
1329 275
1802 1884
1968 1852
664 829
165 1887
557 1199
155 1423
1587 165
100 95
261 1520
285 989
905 315
949 166
432 376
1266 1080
1565 1612
1014 319
190 1038
596 1153
1004 903
1277 1251
509 384
1600 1025
332 1825
361 185
1491 784
236 308
815 459
246 236
1834 1254
170 1222
987 347
1072 388
514 846
955 508
460 268
837 1440
349 1238
1578 1613
242 474
1062 349
1639 624
360 296
442 487
947 1890
1923 1001
1214 97
398 992
492 1825
538 291
1076 386
1677 1042
238 262
881 278
728 1483
1400 691
186 1245
250 553
1455 830
560 687
681 1272
1401 692
341 1755
705 349
966 1808
1396 1846
1895 961
1998 435
666 1271
676 1202
1044 161
1083 873
1316 1734
1338 418
656 487
738 51
931 86
1081 1665
1158 641
1981 1596
176 692
1313 427
1614 631
1713 1410
792 1259
89 165
366 1513
1402 8
1766 115
932 450
1070 1722
1476 324
454 942
98 107
120 186
635 212
1731 1499
363 376
939 978
1523 1835
1868 1408
669 853
725 953
1262 773
1273 896
1526 1392
1736 1102
1988 956
1059 1710
1362 1068
1540 977
1962 1895
1430 470
39 174
766 480
1727 1098
943 430
1063 725
965 1426
46 902
577 1459
820 446
866 115
1276 1540
1733 441
831 1699
1745 1117
549 1990
1368 755
93 1443
1956 1719
223 1587
833 812
62 1007
335 1844
684 1921
1009 480
1127 308
541 7
1264 97
1929 1352
108 59
210 207
703 486
926 1569
1561 846
217 811
13 1038
857 1469
1632 685
524 527
2003 1112
1302 149
1155 670
17 1465
83 1887
92 1924
1353 816
1809 1669
1856 1259
529 376
1047 349
1786 141
1325 72
1613 1012
1937 296
53 1007
447 212
1239 885
1333 720
1679 745
277 1883
1086 1280
458 1709
532 1469
1098 1818
1142 1385
1199 653
1228 1375
1285 713
1289 1254
466 1825
1226 1011
1412 390
1517 799
1858 1892
1 1016
248 1769
772 1469
920 527
1097 485
1689 447
1918 1903
199 902
7 166
675 642
753 1125
1106 104
128 207
201 1176
209 800
226 1070
414 1281
420 1825
544 1259
821 495
1947 977
274 39
1471 905
157 771
808 1839
843 1565
1260 767
1827 499
254 303
1374 768
381 268
435 1455
393 1429
1553 743
468 953
581 1906
944 1573
1182 1555
1688 1431
1916 1571
198 775
878 1170
1064 1308
1477 1710
22 1452
418 1578
542 10
797 901
1206 523
1100 875
1215 1374
1623 1071
1755 483
228 1440
1052 430
1162 826
1863 1506
630 561
646 1861
661 480
663 1426
1124 10
1131 1457
575 1900
1306 682
1488 702
410 193
1023 378
211 1038
886 21
1431 135
1912 1632
26 151
805 1936
1638 809
3 1024
142 51
579 1259
707 1571
930 383
914 826
1482 913
1567 1308
2001 1181
25 1456
1737 486
1872 1277
446 151
688 480
742 1976
908 928
1133 924
1251 769
933 953
867 1751
1619 667
1963 1834
204 51
637 1808
1416 811
1481 600
1899 1683
927 474
649 953
1498 1584
1579 281
1842 1476
1817 1175
670 367
901 359
1935 655
275 212
314 1064
539 487
1267 811
1641 1259
1896 93
791 430
1646 2032
266 1998
419 1468
919 480
1117 166
727 491
858 480
1069 1195
1995 1594
1573 441
1891 111
134 1629
152 151
774 853
1904 1015
218 208
1756 1414
1094 443
71 1236
1258 1381
1511 826
1976 1899
299 775
453 1457
505 703
1134 1795
1760 811
279 527
964 527
1356 203
1548 1229
1041 1139
1125 1685
1203 1205
1369 1094
1114 1723
691 1808
1292 155
1982 990
841 1573
1558 1103
1892 1488
1448 1493
838 427
1172 1070
1825 1577
777 495
847 147
1143 1121
1280 698
1671 1246
291 696
437 1338
758 63
1393 718
1450 703
158 1024
189 207
747 514
818 388
994 1205
1377 926
1996 874
1352 1040
785 1882
1085 368
1570 1632
24 144
281 1251
1915 1560
1311 855
1709 800
898 315
945 1793
978 953
2002 1253
129 795
912 884
1034 670
1241 1345
118 1414
260 921
551 340
819 853
1539 2038
1694 1830
397 1457
623 324
235 1236
593 159
55 155
224 1825
2005 1105
770 602
115 165
508 296
598 803
850 1751
1193 1271
1275 1423
982 485
1799 99
212 1713
690 1573
259 537
1696 405
1758 745
424 1281
482 1925
1039 1726
1349 805
1775 1573
374 1825
856 336
1533 1660
2007 1036
229 1975
1007 443
203 39
929 411
1989 215
789 953
855 335
471 134
627 480
1719 1134
1796 632
1403 1278
910 400
1881 1218
1129 13
1216 1233
1941 233
988 1426
1948 983
1153 1001
1547 1200
1913 662
319 1561
803 134
78 1454
188 532
807 1308
1438 65
1874 1068
282 474
2008 456
1945 396
88 1100
166 1519
937 1170
1550 97
1744 1825
440 1544
884 830
1017 853
1219 1134
1640 1516
794 1839
780 450
892 349
1046 443
1378 805
1626 167
463 1573
1384 769
1566 1308
79 60
528 1769
757 303
1307 1391
1635 1230
1815 1248
1544 1229
109 1720
329 772
1256 1905
20 1462
1154 977
1714 1816
591 174
1489 953
1571 340
237 1443
1375 775
1873 1893
168 1429
650 1979
73 1047
77 1000
1187 749
183 1454
292 1710
1712 1229
1409 718
169 1080
1230 836
5 1282
729 1838
1223 670
1691 200
373 1773
19 434
421 1013
992 549
1087 388
1518 1426
136 198
327 186
1861 673
1237 1683
1246 1356
1936 778
241 1383
1652 92
1967 772
70 532
1907 1026
1946 1683
769 405
1851 1405
214 1200
1582 281
61 1977
594 675
1282 1499
1564 1094
865 274
889 1299
1862 1890
1910 431
105 166
616 953
1997 1675
309 193
1932 1728
1513 346
227 1454
629 1426
736 418
1270 423
590 1480
1126 874
1188 822
1568 340
952 296
1987 1046
288 159
806 480
164 766
200 174
345 598
915 505
1361 1131
1542 732
1676 361
1036 1395
1121 1699
84 113
1427 687
1557 1293
1991 1766
135 760
300 1449
536 1557
1720 549
1751 536
740 434
1123 1253
1208 707
1577 746
1585 317
1939 1454
119 441
487 1798
1432 179
875 1509
958 1057
1283 1038
1801 632
1944 756
1978 1023
1612 321
391 1850
556 1147
569 480
840 490
1135 1001
1580 1094
1390 691
1993 813
1331 1179
1501 764
244 1403
411 1429
1073 394
1178 895
2006 834
60 326
1194 451
1950 1361
174 1454
370 193
171 1016
1974 1588
861 879
1136 180
40 151
980 480
1475 400
1788 1680
1119 570
317 1051
643 1446
1926 1397
716 480
1702 759
1777 1855
195 441
400 1247
95 1286
1425 1805
257 1542
462 754
1010 1560
1902 1071
904 239
1605 1946
85 955
767 1573
132 1090
162 191
222 658
1592 1026
1790 533
33 151
35 895
392 101
27 367
1387 1693
558 615
723 348
941 1435
1105 1024
1606 1668
940 845
634 485
1109 670
114 653
612 1755
946 1410
959 480
220 1576
270 555
4 503
923 1845
1596 1117
1147 451
522 1157
1607 971
23 842
1495 497
1551 1449
403 1132
1240 1478
1818 996
396 1271
1522 688
1850 75
1350 1050
54 653
141 728
782 1164
1844 886
72 1527
1157 60
1209 1368
1099 1098
1597 559
1992 631
213 719
247 1587
346 322
1029 1619
1920 93
350 1329
1964 643
519 315
961 356
1970 867
1421 1926
763 1859
1166 451
1423 1535
1708 1226
380 773
1407 1138
1505 346
1642 66
37 175
280 1460
1364 315
1048 808
1410 1799
1500 1480
1591 1146
913 69
1474 900
415 1700
695 631
796 553
962 1663
1938 726
1961 1667
998 701
1512 1909
1735 1541
751 1135
1437 2001
1668 1254
63 186
1079 1769
1406 673
6 1950
1921 1346
608 958
1220 846
1922 1308
1960 308
31 1272
480 714
564 848
950 1327
265 658
835 310
147 876
240 1449
316 241
1271 690
1278 707
660 1638
888 1216
1451 527
1683 75
74 728
1876 997
351 709
196 1732
708 503
1439 1773
101 1210
1586 1417
475 374
1363 1568
138 1253
331 185
972 380
1388 1328
262 227
1232 1639
1310 1064
1888 1687
399 194
1054 1395
1933 454
44 1970
739 104
1227 1561
1534 1698
981 1903
1789 1682
156 735
916 829
1740 1233
1757 342
1894 459
377 1474
1975 1043
864 1629
340 1740
1263 162
1201 615
1395 1374
1233 864
1741 1375
1205 1254
1321 1063
1005 827
1559 1869
1854 1455
264 696
484 316
47 160
315 295
513 1207
611 803
1583 340
330 1722
586 1637
1532 419
1682 639
1343 826
427 1149
1320 1381
1930 201
163 1376
1985 256
1218 1811
41 1631
624 90
1265 1730
1742 642
103 380
1716 759
1972 1586
1983 1868
231 1542
543 480
1986 1369
161 423
1924 1171
1644 1933
143 151
1952 333
1943 1781
126 1506
59 549
1917 232
499 420
99 169
969 725
1026 1408
1261 632
1715 626
1951 1266
66 1848
1176 1459
1096 239
1385 1497
1628 1253
1572 1679
113 1545
1792 1685
733 558
1340 994
790 520
1112 1395
1204 1907
1824 1263
1269 1424
1779 1719
1927 1606
620 280
824 1977
1040 1730
1160 1564
130 1229
150 109
151 1295
1250 827
1645 915
478 223
1003 1407
137 826
1473 1773
146 96
296 1149
9 1263
1506 1730
386 219
65 1374
208 227
546 860
1082 163
1496 641
1699 706
402 958
178 1109
1066 1730
609 943
125 2013
1781 1079
268 1584
1971 411
983 1663
1383 838
286 152
1355 996
1494 1438
29 1772
1836 409
1255 769
589 1698
795 1960
215 1527
832 1648
1509 24
1603 321
1103 89
1530 1548
798 1423
347 1590
464 1179
1088 760
1268 843
1367 238
1428 1565
607 1162
1391 750
1399 1455
1778 790
1555 1699
133 1137
1560 1132
1584 300
601 1942
1170 1907
1706 1606
734 480
1743 1584
1931 1097
404 2009
632 915
1314 1414
1019 1429
1520 2036
1184 786
48 926
893 520
42 784
68 1242
755 892
1980 246
76 130
679 1871
1700 1046
512 480
1330 505
1611 665
2000 317
295 693
1452 527
1084 1137
1785 355
123 1376
1610 1667
306 661
1200 370
1819 265
51 219
1855 53
461 1684
938 81
326 908
502 102
1171 1541
1490 939
1782 1016
185 64
903 611
1141 1016
36 1759
1254 646
654 1052
80 1593
1853 355
1704 807
517 835
16 1271
232 1163
647 1316
812 142
1011 1990
1318 403
1447 27
1296 725
194 153
1942 448
472 1695
69 1883
880 1863
999 1396
563 1411
525 1572
1422 1872
1977 1868
1969 1683
1680 132
111 1388
1595 20
1189 1092
991 1309
547 1533
34 1610
1602 1667
1524 1999
1965 1673
498 1589
1065 1883
1058 707
1394 21
1598 1025
1601 1117
1973 1992
1593 1034
1446 1437
1174 280
1418 1782
1738 1341
56 1735
378 334
534 1482
633 63
1787 34
1115 1684
269 153
140 1242
545 1549
38 97
1627 1885
145 707
106 1662
112 7
1684 1214
173 66
869 30
124 707
1925 1553
1392 650
483 1455
1765 974
1360 339
1599 1117
1604 1875
595 1293
1966 1683
1031 665
1770 1515
131 1050
172 867
1984 1760
1762 1366
45 1576
1236 1141
409 1264
642 1005
1030 317
535 2008
1979 1324
533 1793
970 420
323 773
1594 1022
452 92
1210 492
1075 1014
117 1007
592 1364
1637 344
408 1739
