img20c3.jpg img23c3.jpg
225 1038
1227 695
635 313
1691 675
1646 818
1686 365
233 718
539 395
1634 946
1237 165
589 313
699 565
1215 791
48 313
1231 698
1336 64
1053 158
486 829
1674 666
1276 921
1330 841
60 805
1285 367
1335 64
542 137
1596 1037
569 365
1502 910
1923 53
1251 165
1739 1034
1328 476
1150 718
1290 219
1630 1194
1272 946
1200 279
617 1029
1651 818
1408 791
2084 1024
1349 874
515 578
1880 1179
462 388
612 166
1123 1100
172 1162
293 471
1195 791
1705 370
1620 765
1141 791
883 552
1449 410
998 165
1204 791
1210 415
1379 776
273 841
1220 365
1987 1179
1600 946
1772 43
1497 509
1074 769
1225 117
1555 1167
1028 1190
2092 966
1342 219
1656 1106
645 286
1900 972
319 388
541 237
2082 1067
1644 260
1312 1154
1625 1001
1463 1029
1689 818
1159 718
1197 985
1393 791
1603 805
1345 964
1924 202
1707 219
619 1019
71 1148
1878 790
1690 629
1985 8
1580 367
2018 913
1734 1106
391 388
1466 1073
487 578
1566 754
230 745
1178 1081
1186 1081
1676 818
1751 159
1309 817
1146 805
1846 1063
191 219
328 1150
1089 395
595 439
1637 953
631 166
1282 365
1365 964
1573 849
483 388
1457 1009
1904 972
1138 718
1177 675
135 260
1515 26
902 201
1384 986
1545 1020
866 400
499 137
1584 829
267 451
113 826
1182 675
1547 927
599 237
1729 887
1823 116
1496 546
1895 796
121 175
1061 1009
1324 964
2093 869
1343 820
1400 261
73 675
1948 340
1094 1034
1758 1017
1858 1063
306 177
1770 1001
1126 542
1632 1009
676 286
107 313
1421 844
1599 158
648 313
1406 165
192 768
506 313
1914 64
1260 835
1504 552
231 794
265 834
494 313
498 156
326 177
1164 675
1143 487
431 578
1522 410
1213 765
1542 866
1771 16
1958 571
1577 806
236 791
264 310
1675 479
1679 370
196 986
1202 985
1483 666
200 606
1072 235
739 424
1233 785
1984 1190
845 972
735 144
1391 885
1759 171
1798 1044
1495 866
1643 841
442 137
1956 931
397 388
771 552
106 1019
518 6
1710 998
2069 966
564 418
1224 788
1111 589
1171 985
1140 829
1218 313
148 768
219 165
1669 996
528 388
115 381
1107 445
967 1049
1532 806
1670 1137
171 788
613 286
1261 158
417 439
1489 991
137 676
662 1036
743 313
1812 410
447 282
2055 310
133 676
532 199
575 313
1130 1066
180 806
185 137
1095 1158
1592 268
629 1051
472 224
1062 469
188 219
1121 142
1881 1136
1363 426
1376 887
1530 806
337 395
386 13
644 166
1370 1051
419 395
1748 923
925 719
1970 985
481 546
1452 1009
459 829
1538 21
1859 215
1959 53
262 818
844 665
1033 329
1120 558
1777 998
114 841
366 578
399 578
1404 410
448 21
1982 105
153 940
382 424
1117 854
1301 841
1098 454
1131 439
1149 616
759 186
1151 1100
1358 861
1740 208
69 1179
1073 416
1179 224
463 578
119 581
1451 1066
1476 1155
1038 979
1247 806
997 988
1097 259
428 388
820 1115
1544 1009
2026 1014
79 712
451 578
1367 364
270 989
350 663
742 825
924 982
1166 130
72 415
1172 616
1427 410
1156 1095
469 791
1469 313
1050 1190
2032 211
229 976
408 478
475 1025
1264 1074
527 282
1262 864
1586 1009
359 177
1019 818
1568 31
1902 921
1459 791
1972 1190
741 147
1241 1009
656 166
1003 1049
61 805
67 313
1593 1154
630 565
1078 1082
1736 364
563 177
982 1049
1518 1106
304 177
941 1063
971 509
1722 1086
249 841
493 1019
683 1024
899 271
1211 996
484 418
1553 1193
1340 1073
1152 1154
1549 750
1750 165
141 1085
211 976
1055 818
571 175
1386 261
59 313
480 13
1372 979
1492 806
504 1019
1118 762
1169 675
496 895
1721 1085
1348 66
30 101
520 313
1405 168
1248 1080
1382 130
372 388
677 444
1507 236
889 1049
1207 1035
675 1085
1800 338
2034 1084
296 165
232 451
533 147
877 252
1132 766
1137 616
1614 390
1997 913
94 1179
1209 48
1737 493
1792 774
819 719
1163 585
1362 1184
1269 432
1597 1120
1949 1063
565 1120
654 866
1649 1150
1299 432
1337 439
1601 921
2044 1009
1239 838
362 164
1696 866
1104 988
1413 986
1893 1196
420 578
1488 379
510 237
1565 923
1616 901
1666 718
837 984
1709 1179
2003 780
596 170
1317 1009
1968 123
177 806
926 1023
1801 1158
387 13
400 1106
620 53
187 35
1277 927
1390 996
333 578
259 946
556 170
1581 806
818 988
1221 53
1339 1082
31 581
77 313
162 1062
1128 616
441 193
753 719
1158 616
1831 410
488 890
1520 370
1564 432
338 198
367 589
696 112
1966 1134
829 1179
1167 313
1445 998
1602 927
1796 1068
1399 165
1420 1095
1907 330
1960 717
54 313
1203 364
1615 1034
611 363
1115 750
1129 1051
1582 471
1608 1122
216 798
423 147
1591 901
1717 1106
922 42
1478 1012
500 147
859 984
995 1188
1409 1085
1245 734
159 996
1414 261
46 101
1105 719
1610 927
1499 1150
40 719
404 567
471 282
791 479
1755 459
2016 996
522 313
566 170
1761 1041
691 984
1468 26
1473 260
1493 385
2049 1043
2 168
132 954
1274 1154
529 170
294 388
781 984
1578 806
432 1154
505 313
562 895
975 271
1853 1179
202 313
792 571
1314 553
1869 201
490 13
647 831
1226 365
1943 1052
275 765
1645 96
1208 776
1329 416
1524 1050
846 887
1244 707
1647 1009
152 1046
402 6
1287 935
1417 31
1619 607
1743 665
1979 1055
86 101
199 986
254 456
174 1148
314 806
1919 71
2040 793
733 592
1191 927
1192 996
343 177
1535 806
1354 365
1093 542
2014 265
422 1106
425 42
598 170
1971 41
2078 930
827 227
158 1046
1465 806
2008 413
1567 75
1741 31
1242 295
311 177
477 589
681 665
1439 841
453 1050
1991 1134
93 123
523 712
557 715
1884 1168
485 161
1897 6
2076 775
659 309
1168 616
2062 1044
0 993
1754 168
479 147
766 984
1480 1015
340 257
805 53
1861 286
1954 1070
256 260
98 1041
909 159
1795 1106
116 26
508 201
1641 961
1184 567
1467 1015
1933 1024
160 997
85 55
101 313
561 716
750 592
1230 53
1352 92
1659 1162
303 1
363 6
555 895
1279 1154
1776 998
1180 559
1626 866
6 1007
170 393
1341 1097
1443 364
228 1029
1051 993
438 13
1174 723
1377 310
1697 1000
1975 1190
47 1019
525 1024
1392 1113
1148 370
1501 165
1326 128
608 561
749 984
45 313
374 1158
536 1179
1589 1009
1765 509
2019 1070
173 393
906 1049
1147 558
1996 1112
421 137
514 941
2073 148
39 313
227 818
852 1049
1693 1126
591 6
1288 754
1359 97
618 1019
239 242
1157 116
1441 767
222 818
263 558
375 183
377 1167
1190 101
1350 995
1546 663
1297 410
1735 705
1012 1063
1559 776
1001 1049
1263 964
544 197
1516 923
1521 981
1699 1088
398 112
787 1168
901 486
1494 1137
2030 611
197 765
307 1051
1017 1049
1806 1086
1228 219
458 590
815 592
1570 993
908 1049
929 619
17 1044
1576 410
1822 116
1980 611
1718 1195
392 663
547 917
725 1041
1618 921
1909 1119
126 954
740 400
2060 1161
56 1055
223 1171
1136 786
2066 268
1268 410
1983 1190
4 254
295 806
606 1179
1799 993
580 1051
478 890
2010 6
996 1187
1356 606
1781 1162
143 864
521 313
1862 19
181 26
516 1106
1550 1153
1653 1009
1711 1150
351 164
1418 1165
122 966
880 271
978 107
332 1129
220 976
310 471
702 1106
1106 1129
315 1029
407 589
456 1159
1096 1187
1756 1006
2037 31
123 591
590 1179
406 1029
1291 31
1733 1182
66 313
117 922
597 147
1738 296
358 1
226 986
1486 1137
1629 545
80 719
582 363
1222 941
1874 286
1255 486
49 313
83 676
1471 820
1757 1157
552 99
712 1094
1479 417
178 766
633 1021
897 592
1461 64
1648 1104
601 453
762 1162
811 1136
946 296
1331 1158
124 757
426 477
1183 1094
1344 386
1429 101
1929 669
1320 558
1369 887
1455 387
1762 597
592 1024
1410 846
1433 693
2033 1025
789 409
550 1019
1407 1048
1519 158
2009 413
779 984
1219 665
1574 409
213 381
1969 144
2012 1181
90 271
679 1136
1561 99
754 209
1660 986
1957 1050
1994 808
1992 1177
1311 1106
1636 16
1932 101
977 1187
1013 166
1278 1088
38 116
240 209
235 1090
320 578
1732 764
870 296
578 542
339 1154
581 765
1175 1019
2071 148
1579 203
1668 800
1978 780
1154 304
1803 806
134 820
437 1159
70 1057
752 511
600 46
1060 1187
1088 988
1886 1157
502 136
1375 907
932 537
1510 707
577 1195
825 1172
1267 820
1401 1113
1426 898
443 282
1032 710
1101 841
10 913
52 1044
89 101
395 1066
678 856
1043 836
726 1195
1832 165
1198 845
272 848
348 916
1716 899
1254 1013
258 260
1672 160
828 193
841 592
1112 1065
1611 449
1682 749
2002 1036
1805 46
1974 1113
885 1049
1432 693
1708 209
147 808
302 1066
360 220
806 1187
822 265
1995 43
559 917
933 984
1360 329
396 224
416 31
560 421
701 444
1898 882
684 726
900 16
1526 1167
1990 1067
723 1108
1187 283
373 589
1037 984
336 177
1347 166
1633 912
1944 721
649 1179
705 1019
864 565
1323 761
1041 1080
1259 1171
457 1021
594 561
78 169
440 506
497 407
576 1024
727 938
1458 1009
1785 297
1808 1172
1090 661
1428 144
1595 1009
1865 1172
1613 1122
1764 335
1816 940
1828 897
1952 995
411 13
821 1106
1223 1154
1029 469
1064 1096
1071 224
1319 927
588 88
786 363
958 1080
1887 209
543 1106
572 590
993 568
1069 972
1621 943
5 1007
1273 835
1685 1135
22 940
2064 265
887 1049
1415 995
831 1126
854 726
1049 1125
1302 1009
427 427
1346 370
1920 669
850 296
1554 0
1730 1041
616 6
734 592
1472 365
903 820
1394 848
1243 158
1536 806
537 1195
1020 1088
1305 1075
1543 670
1334 958
1856 971
664 1024
1271 1158
1783 619
2028 992
674 1017
1437 966
1531 806
1548 935
345 580
936 592
168 717
1165 818
389 455
704 136
1575 409
1794 410
1905 1008
58 101
100 1090
1605 766
1901 971
1910 811
3 471
88 446
1099 728
1266 309
29 55
355 509
383 164
824 278
1023 984
1176 925
1316 423
1786 858
283 800
1447 1047
2065 1193
586 6
1817 559
2011 1044
13 1049
796 769
980 1143
1293 432
1442 53
554 418
190 919
365 35
1453 205
1562 1190
1583 808
379 1
979 479
1715 1
214 818
324 1066
553 1162
868 1007
1731 547
1234 1106
1338 219
570 224
682 628
1042 935
1402 597
1533 1014
2038 245
444 1084
21 805
247 836
2000 1160
807 1179
464 589
785 1160
1791 329
2007 409
863 568
1018 335
1109 1030
1205 125
1430 53
1993 1047
42 53
253 1029
538 1050
193 843
813 533
994 568
1052 409
1673 205
1694 415
1867 13
87 1057
636 1136
1505 209
1855 53
797 561
1063 417
1229 363
2074 187
433 387
1004 501
467 1022
671 561
919 1094
1525 806
1728 1099
1745 1088
364 1051
409 869
241 209
1854 199
369 841
473 151
1604 856
217 209
693 985
1308 268
535 53
1083 495
452 386
695 602
782 1044
985 713
1890 968
449 1066
1462 765
1961 94
2068 116
378 641
1310 1013
1470 1122
1706 1150
84 1090
429 932
495 1019
945 296
1797 1018
953 984
1560 107
1642 75
349 35
361 1106
1513 65
1327 827
1527 993
194 633
857 263
1624 750
64 56
325 471
1678 167
1833 1144
2027 992
327 578
774 1195
55 101
250 836
531 217
1955 1158
352 869
507 426
670 561
32 808
1300 1077
1963 1112
2006 1047
403 13
1079 469
1815 812
2059 910
1155 816
1572 813
1918 1163
1946 19
154 990
1232 1122
1654 836
621 433
1487 1165
767 1044
1383 1051
1988 511
2013 780
1108 785
2085 875
184 849
809 409
1059 1049
709 561
27 1007
646 461
1270 250
1514 917
1951 154
37 313
1374 691
1403 257
1511 552
393 1106
1216 365
169 1181
482 1019
2063 1190
861 592
1813 326
11 810
412 254
551 1040
869 958
1322 167
1809 137
268 836
1820 142
1371 127
1922 237
329 899
692 271
721 1158
803 1044
1416 802
1422 656
1475 923
465 916
257 723
717 209
1081 491
1448 1137
1652 1045
105 116
1257 1171
1639 578
12 1082
244 393
653 1043
760 757
1965 1134
2050 1009
842 568
920 1107
1380 905
1829 1007
476 1029
643 477
290 635
335 806
1939 323
2021 1010
51 1044
430 51
1454 819
2025 26
96 899
245 1029
1681 205
1767 219
2036 1047
714 1044
524 706
1999 278
567 158
1000 818
1046 53
1284 1170
1650 1009
2075 703
783 144
817 568
1009 568
1512 65
627 160
873 1087
898 1044
1875 587
519 806
1256 569
1763 24
2089 895
157 70
300 1023
661 1189
1275 926
1684 65
384 453
833 192
955 592
1839 881
331 200
642 1017
1236 627
1315 550
732 984
1930 1046
474 858
1103 512
573 309
923 1187
1217 310
1385 1111
509 164
610 827
632 856
698 723
984 670
1253 779
1292 160
1389 986
685 149
224 1103
587 1022
1423 329
1571 502
1250 1174
1866 1175
2017 245
658 802
1940 300
318 1066
930 1126
1258 636
1712 999
1760 953
843 592
1304 945
284 836
526 226
1206 873
91 719
120 545
182 939
381 1043
1612 1122
1917 719
1989 1010
7 164
110 944
663 1019
1091 980
1477 635
2057 43
1145 267
1628 565
274 128
800 533
865 511
1658 1000
1793 703
1440 844
1491 137
666 123
871 1006
875 1094
1412 453
947 803
1125 961
1928 637
729 561
886 721
665 1018
1509 1063
1778 630
166 984
466 1084
2043 1182
8 1007
102 313
205 1031
491 1022
1366 65
2077 1180
624 726
968 526
1541 75
1749 460
1819 499
2031 164
322 806
812 1126
989 150
1333 1097
1857 1189
62 53
707 433
808 1063
1030 995
1100 385
1199 980
282 690
607 716
956 565
1110 641
145 846
212 252
446 461
668 43
713 978
804 1044
1915 340
97 552
413 264
1941 55
2042 1088
9 45
853 716
934 984
1057 979
1361 159
1835 1179
2005 1172
206 734
209 752
651 748
1435 906
503 592
689 1015
1425 139
1585 208
1836 1151
802 1094
1588 495
1977 611
1015 710
1188 1084
973 984
1283 878
18 1044
603 1166
622 1057
2088 715
118 120
255 631
1134 316
1160 984
1214 984
1782 638
1027 135
16 810
357 806
667 6
1381 129
1702 1138
342 254
773 716
1434 641
1609 1070
75 313
1119 187
1212 117
1238 259
1657 749
1877 790
1912 705
385 888
434 453
1556 794
1698 585
1714 633
260 266
874 1116
1142 727
44 313
1821 263
251 128
1034 872
626 600
823 1126
1523 329
2041 1170
860 57
916 864
2020 1124
2048 1121
2086 1007
579 234
584 502
341 806
1355 859
1534 413
1663 1015
835 263
261 1162
768 141
1587 900
501 458
893 61
948 1000
1664 419
455 453
203 518
309 455
1045 271
1431 101
625 622
912 1126
125 504
669 726
722 763
1054 924
1395 541
41 757
790 228
1847 1179
266 856
1181 773
1481 1099
604 1047
700 415
1851 92
104 1019
574 680
736 209
769 511
1113 935
1665 166
468 461
757 269
1127 927
830 1195
1124 1186
1973 712
112 340
1557 875
1899 1164
969 725
1364 45
1552 1150
1662 1162
1185 959
1830 806
23 1082
706 1018
939 141
1135 1186
1844 882
1814 1181
2056 409
445 2
641 432
784 592
1661 693
390 806
834 643
884 672
1075 656
1692 1083
1852 511
218 186
424 410
634 1189
24 816
82 1024
370 203
745 561
793 1024
1598 449
1617 95
1931 548
108 1190
513 1179
623 1195
1807 200
354 1084
686 149
862 565
43 116
965 1049
2061 408
95 295
657 836
858 1123
1824 159
788 949
1981 114
165 56
308 1009
1506 2
33 1044
1726 399
688 288
891 1192
892 726
140 1177
1139 1009
1162 761
1825 1019
1903 1018
221 158
558 453
878 57
186 581
694 679
964 92
1539 761
189 492
1446 922
1826 432
237 250
1039 271
1703 844
1742 313
655 167
1563 1178
1942 271
353 1084
746 297
368 431
109 143
179 818
1818 1026
2046 1183
35 116
210 879
99 101
1235 1132
1640 980
1848 939
1307 437
1517 887
26 70
208 665
640 288
987 346
1934 292
2053 118
959 935
2090 926
2029 875
292 432
765 150
1500 165
1779 735
1876 19
879 1049
1594 541
111 509
450 1073
15 1007
1086 1187
517 905
144 78
1424 265
1378 819
346 1066
454 406
534 453
931 360
639 394
489 1169
2072 821
638 726
1744 858
167 370
839 57
1724 345
511 1094
966 958
50 1047
131 129
1133 488
687 1176
371 471
999 105
940 568
1173 976
1246 1106
410 427
840 978
1397 553
1840 941
1080 714
1784 578
207 984
716 476
751 141
1047 998
1252 723
347 806
583 818
1725 203
1804 899
1896 1099
65 1090
1280 896
761 1012
810 484
1353 754
1677 1001
1723 842
74 56
1811 997
1827 897
724 1012
961 1110
1170 959
1318 840
312 922
1116 224
1774 1025
344 960
799 297
1474 1146
593 716
2058 59
814 1077
1892 135
1937 595
278 965
356 203
778 331
942 1108
974 1123
1005 477
1842 66
201 693
888 332
1746 732
1687 209
1766 328
914 324
34 56
1011 53
238 818
281 404
1286 310
2067 709
637 1021
1419 991
1768 26
415 1066
935 127
1916 333
1351 309
1485 208
418 1129
1938 416
1590 1007
1911 1031
492 461
703 550
1863 1024
20 53
730 533
435 542
1623 593
461 1171
881 141
2087 796
103 1123
1638 1173
1860 1052
68 717
896 670
252 771
954 53
962 958
1014 92
1540 473
992 253
1834 518
1845 561
1196 1098
248 986
1508 158
628 409
650 345
1450 1149
1713 1026
2051 990
1058 1019
737 249
927 547
1864 352
301 203
321 203
1558 541
14 707
380 195
867 1108
1303 303
728 726
1398 1164
548 1165
660 1122
1789 1034
2052 159
156 522
970 720
1838 989
1193 911
2023 1141
183 669
19 1049
1357 728
289 822
436 1084
720 279
710 299
672 533
1085 592
1484 370
780 205
1065 1107
1006 984
1087 1014
1296 949
1070 706
1201 986
1671 169
1720 924
243 890
512 1078
609 1043
986 726
1962 1026
1002 958
1 471
334 203
1068 565
764 288
2045 338
540 438
911 1041
917 293
1084 651
151 810
161 691
1464 965
1622 396
176 996
1683 809
277 197
439 254
937 990
1388 861
1460 635
1927 504
1122 1139
1189 986
1240 779
1321 1154
990 1094
991 1094
1153 1154
198 1014
772 1122
1438 432
602 542
1482 939
605 1018
615 384
1719 237
1753 863
1906 340
323 941
545 754
1092 1083
76 313
816 565
1444 231
1325 209
405 203
907 958
1194 917
1411 409
758 993
826 27
1022 531
1503 1174
1788 1034
719 859
1787 250
1841 200
1926 458
330 432
915 600
1026 565
546 384
1161 927
2004 13
1289 596
1373 48
1700 580
1368 35
715 373
938 511
1036 856
1747 1012
155 663
388 916
1007 565
549 1089
894 361
1024 979
128 966
775 726
164 803
1249 824
921 592
2024 899
943 958
1040 568
2039 18
1035 961
57 313
28 53
1144 927
1529 565
1102 216
1498 1156
983 547
1021 531
401 869
1056 232
1655 35
2015 431
951 543
697 186
832 726
1082 357
1306 374
1281 1152
139 749
25 816
36 25
882 42
928 671
731 70
748 205
1680 300
747 288
944 332
1048 873
957 1040
1775 446
652 263
1016 547
163 110
279 966
313 143
470 234
708 726
1396 576
1872 1046
949 324
1868 299
269 851
614 417
1537 1099
847 540
287 293
895 584
246 85
1704 293
988 543
414 65
777 297
1889 845
1936 403
848 537
288 252
142 959
1780 549
855 1087
960 1007
1843 725
1967 37
851 332
1810 565
204 687
690 1123
763 585
1802 338
92 1055
680 145
2047 247
276 147
1265 1062
63 816
972 324
81 972
836 1123
215 228
1010 565
1945 211
981 990
1849 74
1885 942
127 268
1998 669
1913 211
376 200
1953 190
738 942
1727 1190
175 366
1294 969
1976 859
755 786
849 956
890 754
910 697
242 64
394 1030
838 70
1635 512
1031 332
1790 975
744 726
1888 1157
2079 233
1606 1152
1882 106
317 648
1773 827
1490 418
146 1104
673 445
1298 943
1667 1024
149 332
297 847
195 567
1528 437
1964 457
950 483
1313 1117
1925 693
1947 14
795 965
801 253
1076 270
234 161
585 1169
2080 0
976 911
776 1025
2094 26
1569 993
1114 1098
2054 135
1008 943
963 1007
1066 565
770 758
1332 842
905 1007
1067 1107
1044 1123
1436 539
913 726
872 272
1688 890
1850 313
1631 629
2091 1157
298 818
2001 707
904 1007
280 779
53 93
129 504
1891 270
1837 1035
285 566
271 479
876 533
1695 1049
1871 614
952 1123
1295 973
2022 1089
1387 256
1879 1049
2070 179
918 70
1894 826
1986 677
316 898
138 959
1950 447
2035 376
286 850
1908 351
305 31
1025 568
756 1168
1607 971
1752 1117
718 2
1077 511
2083 555
794 516
1627 1192
530 845
711 445
1456 687
1870 837
1873 1125
460 849
291 754
1883 123
1701 286
1921 179
568 845
1769 1066
798 179
150 551
856 822
2081 615
136 517
299 541
130 100
1551 978
1935 1123
