img21c3.jpg img24c3.jpg
537 383
1628 1807
1553 1711
1596 1346
1454 14
528 706
1319 1346
557 706
1445 1839
1647 1459
619 192
1614 1843
1549 1144
1502 1556
1311 1749
1543 1793
1550 1630
1621 1843
179 1882
1649 1840
1587 1711
1444 1459
568 474
1290 1238
1308 1711
1359 1405
638 706
657 289
947 1234
1641 1723
1511 1793
1277 1880
595 678
1579 1695
1651 1848
1640 1723
1105 1238
1600 1749
1637 1698
1617 1791
331 504
640 236
1253 1433
1544 1793
1569 1667
319 504
1539 1793
1368 1589
1595 1711
149 1435
415 504
1369 1458
136 1821
1555 1647
471 550
1616 1144
127 207
406 504
432 311
1126 1235
1386 1589
383 184
1298 1793
1632 925
1181 1274
1326 1753
1585 1144
1655 1830
1420 1514
1529 1655
1091 1710
1364 1464
1496 11
558 1192
1578 1398
393 550
1258 1486
1592 1718
827 728
414 284
397 184
508 752
1394 1478
622 383
1510 1590
1645 1839
541 383
804 728
1027 1235
1260 1323
709 473
325 504
598 359
609 613
1729 1962
1597 1848
407 1341
440 413
1615 1144
1643 1832
1130 1234
1652 1843
1467 1303
0 1258
373 678
629 1820
545 711
514 1055
1302 1636
152 1838
666 868
1435 1832
1670 416
360 322
1361 1589
1270 780
244 107
1381 1159
1090 1329
1007 1234
1603 1674
1273 1260
1372 1636
1564 1692
74 1179
451 550
513 1032
1261 1401
1429 1650
606 769
60 1483
795 1148
1474 1528
1542 1793
1383 1420
403 550
501 621
628 1820
1237 1435
1374 1413
150 1846
1503 1624
334 205
745 571
1220 1181
1447 1299
1677 1753
589 531
1665 206
1591 1667
309 184
1586 1791
72 1456
1138 1711
895 1234
337 184
441 550
1478 1546
1657 1161
569 236
1333 1759
530 1144
1714 1467
782 1207
119 638
741 514
967 1234
1611 1857
1131 1234
1525 1638
1141 1246
1723 1657
1650 1444
455 655
1316 1057
1589 1703
307 394
211 1108
1221 1179
1735 1719
1540 1620
85 1521
320 1281
948 1140
114 1675
435 249
1213 1721
1545 1793
1565 1686
520 339
1248 1454
726 571
1556 1725
1224 662
637 423
1606 1776
1349 676
1064 1303
1573 1319
353 255
1307 1804
1200 401
554 401
607 778
79 1179
181 1882
849 1497
1634 1710
988 1647
343 184
1570 1745
1242 971
1452 1467
611 953
1336 1828
1378 1675
165 1315
1065 1303
1212 1161
787 451
535 364
505 537
1039 1188
1375 1462
1777 1328
1462 1025
214 1589
512 496
1759 1707
1251 719
1520 272
694 1820
562 711
1415 1315
1451 1025
124 1846
396 191
1180 778
507 496
1547 1322
137 1588
544 583
811 976
186 14
421 621
773 1108
1629 1667
345 322
573 862
579 883
1084 1108
1580 1711
693 1243
1390 1823
525 761
1233 921
1493 1823
1624 784
270 148
365 184
570 1341
937 997
116 307
610 787
744 451
819 1148
821 1497
1672 1345
660 236
1269 802
498 655
1229 781
1676 1793
252 87
284 183
335 322
1507 1709
1707 1486
315 322
357 265
377 1722
1473 1665
502 311
664 473
1006 1234
1299 1667
852 451
762 1148
1344 371
524 1243
1179 1723
470 668
590 1050
644 1734
1662 1459
526 460
1601 1753
286 1301
802 651
1206 1675
1363 1455
571 939
647 388
855 1061
1406 1734
1490 1426
1577 1692
679 899
1240 997
1541 1793
898 728
378 413
1438 1810
1274 1336
491 494
844 1148
1043 1303
1235 781
1249 1467
522 312
636 297
1250 1419
370 641
559 911
496 550
1294 1667
927 1303
235 58
911 1207
1255 1161
1227 670
1627 1336
1722 2007
1476 1516
888 1148
1286 1750
234 1405
894 907
945 278
999 1207
189 1179
216 1832
869 1148
968 1521
66 1013
436 254
492 425
1407 1870
1463 1810
587 711
350 184
358 405
675 1657
738 1486
889 1441
1636 1814
362 321
1135 694
695 779
1377 160
401 1173
417 322
790 713
1382 1497
1648 1878
98 787
567 423
1208 1518
316 516
1143 1247
384 216
1042 273
220 775
1732 1914
832 976
1214 971
65 1297
847 1224
1276 771
1325 15
1088 1140
1145 1761
1626 219
1223 781
1566 1371
430 621
764 451
1207 662
1291 1306
1083 1211
224 1301
486 451
680 953
1262 1120
1471 1953
900 1624
1514 1358
1768 1027
690 514
487 621
344 216
987 1098
2 1724
424 253
457 811
1635 1345
510 697
439 621
1546 1615
1004 1224
428 515
582 252
280 1919
355 494
391 413
1557 1347
493 376
1046 677
1342 1886
222 1323
1140 170
485 730
925 1207
64 1335
1137 827
1263 1335
155 1707
48 613
1058 1846
70 1297
392 621
578 1050
1725 2003
482 425
648 1820
324 1543
410 621
555 1279
205 1242
296 1486
461 1949
477 451
1282 1242
1239 1573
201 1188
1330 1812
1337 1100
1663 741
1245 1149
1339 1461
200 1821
518 847
1348 1729
1509 516
515 1884
618 460
276 847
323 1717
591 1050
55 1521
310 405
467 495
1483 1726
53 1335
318 405
463 550
1551 1701
781 1207
1119 1666
379 984
1219 781
446 2009
669 953
766 451
825 728
1232 1161
1288 52
1769 1776
767 451
86 1061
699 713
1711 1469
868 759
1296 8
1671 1885
171 1771
445 655
422 550
462 621
737 997
939 1113
1610 548
255 96
506 811
596 372
1681 289
138 1822
295 280
551 339
768 953
1159 1480
1362 618
1599 1911
474 811
534 425
1391 1845
1730 659
140 1843
1104 1158
824 305
673 976
1395 1830
1515 1899
409 413
1773 1145
1582 258
516 1656
1572 1736
1688 680
108 1329
59 1335
388 303
770 713
1638 1821
1658 713
73 743
667 659
1475 1482
278 182
460 451
268 135
594 197
1669 1857
1737 1523
371 265
796 1207
1358 1408
122 1928
539 1653
94 1050
203 879
718 977
1404 728
312 239
848 1224
174 501
275 120
1752 101
983 1525
1026 1234
964 1441
1019 128
52 974
714 752
1408 148
1489 1445
368 644
1567 1737
466 249
697 1050
912 1148
411 756
1410 951
1698 487
1755 1848
352 322
448 451
1234 1180
88 1150
374 298
49 670
250 98
617 297
1422 1424
1461 1857
1265 1260
488 303
820 1148
719 588
1153 1711
290 230
913 1303
215 1821
500 376
180 1302
681 986
885 273
251 514
977 675
645 769
475 313
641 1625
892 1089
1548 737
416 405
91 801
1301 1380
828 1416
1144 1249
1402 1346
1536 1620
1231 1721
1332 1345
1513 1260
1518 1589
148 1317
190 1335
405 644
785 462
1631 1791
1720 1958
597 252
1022 273
1183 219
1776 413
1133 1639
1487 1849
561 810
826 668
1728 737
646 732
677 473
256 948
1433 692
1718 278
1379 810
484 784
563 783
1412 725
649 659
1686 1803
1 550
1355 1830
30 1634
369 413
896 2007
599 1734
1306 1949
1400 1521
87 342
536 252
1000 1207
1112 1666
1238 1299
1568 1669
659 311
1448 1114
1504 1899
321 216
328 405
511 2009
729 567
1699 802
128 1402
853 668
1498 14
1715 752
289 210
565 541
698 713
1618 1797
9 1462
658 372
1191 1861
1538 1657
175 1864
363 356
1155 1767
517 339
1230 1135
121 1929
620 372
1366 1669
1721 57
50 985
351 1900
724 2002
817 997
866 1207
1226 1444
236 1673
627 887
639 1653
1321 371
1417 1507
1734 366
1114 1192
920 1345
1409 1543
1442 1810
308 158
566 486
1464 435
142 1732
238 1662
385 356
1741 1903
549 659
794 997
1070 1906
1318 1577
653 1014
1020 997
1129 1858
1199 548
1356 1464
1780 331
80 497
981 1207
1459 4
1604 948
626 1651
635 1523
1630 1799
1116 1746
304 1302
1426 887
1512 460
1691 1969
209 1242
359 356
918 694
469 413
938 273
798 793
867 1207
1397 1012
1437 1304
692 758
99 1253
118 1057
237 1413
207 1846
257 1729
608 1335
969 949
489 610
1352 1681
746 929
349 1543
1322 675
1702 1875
1401 10
54 606
540 372
1045 899
1069 968
1247 971
258 1211
267 159
1003 1827
728 1000
58 1820
818 997
1017 61
317 1774
572 1814
963 1167
1443 1420
71 974
1056 1288
1552 1929
185 116
495 1873
1173 1919
1519 477
7 1749
715 810
62 1521
188 874
1028 1632
1209 1840
1218 1665
1644 954
1762 1365
683 931
1162 497
425 100
893 876
994 1503
1178 1631
1215 997
4 1449
210 167
678 1817
147 1282
1393 1491
322 470
665 1198
801 233
1002 1326
1335 676
1710 1219
478 621
748 567
805 1006
917 223
1654 1304
1312 1681
3 1694
51 1327
1095 1666
1106 1662
1303 1242
204 1589
240 94
643 1119
860 977
1201 1302
1085 1935
5 1043
372 1576
845 1148
1351 1711
23 1636
613 900
1680 1101
901 976
1292 501
703 976
874 728
1763 1365
76 1257
327 289
437 1999
775 977
1148 1270
1457 1444
1602 1775
1683 1748
863 997
157 637
651 953
1072 304
1005 1213
1188 1798
75 836
154 233
348 1776
1190 28
107 728
219 20
262 410
1267 1258
330 1543
747 1472
1021 997
1156 160
1217 1406
1300 299
68 1224
253 1443
1360 1633
1413 579
954 1449
282 1574
601 797
650 929
89 836
306 1287
909 272
972 1258
1370 1466
1441 65
1172 1161
1324 1907
12 1043
499 711
1398 304
1660 1368
1668 1697
592 802
1350 1691
1775 848
158 1436
865 997
1165 828
326 405
1726 1919
870 1224
1134 501
1421 1401
1770 827
57 928
173 1767
212 1750
846 786
1516 1262
161 606
1331 1795
1446 1167
1704 1449
92 585
483 1869
604 865
725 651
788 986
1169 1631
97 1303
733 977
1754 1120
313 153
1166 1259
1189 1631
1501 281
1633 1808
44 1297
231 1270
342 1543
710 1817
144 1085
784 844
1712 1073
333 1687
779 1078
935 128
339 246
402 1870
1117 1643
125 1386
1161 1803
1385 1906
806 713
96 509
338 405
564 900
387 905
550 932
1583 1875
452 1569
583 358
1425 271
1764 727
202 0
243 1413
314 572
538 764
1121 1666
1295 1404
560 1814
621 1248
906 859
916 1521
1047 443
382 515
936 997
803 462
1146 807
1210 1630
1537 1687
1623 652
206 823
1092 1453
991 1666
1293 1141
400 905
281 1817
63 760
110 1313
192 1766
146 1833
807 713
1275 277
1481 1444
1622 1455
1687 1566
584 1608
1340 1401
1455 2006
1470 1186
843 1207
1524 303
35 1634
1099 1666
556 385
997 997
8 426
1122 1155
1458 1861
552 372
354 469
527 710
1071 276
444 1737
623 1192
1244 1444
1480 1547
1528 1880
1110 564
39 1288
145 1834
663 1746
1079 1526
962 1035
1327 1302
1460 2007
111 1508
1760 1358
458 1536
1044 1089
1679 802
1057 1226
226 527
376 451
887 997
1341 1510
1484 1136
1701 1850
26 1462
494 1689
532 756
1491 1910
1674 906
294 270
691 651
881 977
1639 833
78 700
1008 1306
1563 1305
31 1288
169 26
1125 1234
1590 1339
1661 1864
924 997
6 1043
176 1259
829 1014
1089 1476
890 1207
1139 1363
1367 1797
1432 575
655 977
1256 1101
529 771
1171 994
1575 470
427 1771
1182 1537
1554 1747
1561 318
197 960
1346 1683
490 551
20 1462
300 1302
1283 296
395 1737
687 1904
750 555
15 1926
652 763
661 1676
1254 1434
1472 1968
1731 390
760 1035
1345 1302
1713 1938
40 669
394 756
778 1129
1197 1798
1384 1401
1469 683
1559 1501
984 1326
479 756
615 541
131 1100
302 410
765 1817
1109 1666
1689 680
1613 1860
1705 822
443 1569
799 1142
872 848
952 695
1087 677
1479 1549
159 287
1428 1146
105 307
61 606
292 1548
37 1297
191 1297
248 1882
271 265
438 667
612 910
614 1033
684 859
93 693
1329 1706
717 977
757 279
955 1721
1376 1373
1477 462
674 885
682 713
926 1827
1103 693
1740 503
1724 324
1423 1515
187 1962
603 1119
624 1382
1642 1544
553 381
914 1195
1765 494
877 770
1081 564
1439 1285
299 182
727 986
857 713
450 413
656 1202
740 1914
840 1129
1077 564
311 1693
602 1904
789 929
978 235
503 1585
706 859
711 17
949 334
630 986
856 883
389 299
420 1173
713 1351
1246 1518
1717 1241
1164 1803
668 899
115 702
120 1336
1684 444
263 1589
707 776
1492 110
1068 1481
1558 244
1132 81
1527 1558
771 713
113 307
1309 501
861 996
1494 1815
1605 180
156 1453
43 1469
961 1035
390 644
1533 394
1703 872
11 1996
213 565
1280 1381
45 1469
168 1896
239 1673
950 1027
1202 1122
702 976
859 976
1317 847
1497 1551
1609 1322
274 152
696 1940
850 1529
1719 1468
106 1246
153 1555
341 1660
899 1102
177 437
1054 564
1574 1206
242 102
364 1543
1204 500
25 1634
800 104
838 1129
519 242
1328 4
907 273
864 1441
56 1328
1405 208
1532 1657
103 505
1396 52
419 278
480 1569
277 185
285 431
580 390
712 1521
822 1871
1203 1066
229 847
241 1538
910 320
915 1207
946 727
14 1336
1194 504
1733 1574
380 445
836 1715
1353 1797
245 1890
704 977
1495 1538
208 339
453 1581
548 910
1001 1935
1257 1101
1196 1803
1272 837
904 977
1266 462
38 974
24 1462
117 1669
862 1441
891 1430
1695 347
1411 1401
688 744
777 1053
1453 2005
1323 1302
1664 1821
303 1144
1082 564
1666 2006
265 193
941 345
332 1692
576 786
928 1229
1761 666
184 303
1486 477
102 1041
769 541
1167 1632
1427 208
27 1666
1279 1057
1354 208
163 731
671 713
837 859
1041 997
1128 1144
1530 1600
835 892
942 1089
1678 1900
81 731
957 128
1014 564
90 731
225 132
1108 1430
166 935
755 977
886 997
1113 1168
1158 504
1252 1650
1581 884
183 1899
247 53
585 1608
883 1547
959 1053
1365 1647
1449 1282
21 1462
46 1288
708 1119
932 977
933 977
1010 1719
178 1302
730 883
1107 1716
1508 1180
1535 1657
882 796
1124 1606
1468 1825
83 953
182 1302
1500 1858
198 1435
1176 1101
172 132
1716 845
880 976
1625 1938
442 756
1758 1755
329 572
1016 1526
95 693
1778 1631
34 1634
742 1521
944 1089
1120 348
472 466
473 1737
10 1336
814 279
923 1009
1154 1830
1187 1537
632 1014
546 1460
756 511
1521 1623
1709 1833
793 859
366 372
1029 358
1186 219
1310 548
1373 873
375 136
1055 564
1620 1329
134 116
749 883
1009 1449
1531 1657
1062 320
1708 1190
523 358
577 1327
1177 1798
1584 64
112 987
139 37
1243 997
1424 159
1431 2006
151 1433
922 1095
1619 2004
761 1035
1314 1797
780 1035
930 680
481 1737
1499 1815
1526 1569
47 1328
221 1766
593 780
1766 1449
996 210
1241 1233
1750 1374
903 977
956 976
249 288
434 1569
985 1213
84 275
670 713
1097 564
1607 1413
542 1803
919 1617
533 1737
736 830
1436 1230
109 1000
497 961
1048 618
1211 1345
1297 1409
1418 548
1063 1185
1170 53
758 978
1667 209
408 905
1482 61
13 492
897 319
934 892
998 997
1038 564
634 674
841 997
958 128
973 1486
1278 1689
1656 512
809 1046
830 1007
676 1119
1018 1964
1037 1322
1136 413
1485 1391
283 208
272 120
586 863
1593 527
716 1046
776 279
986 1858
1419 1709
1742 1737
42 1328
1023 1089
1414 27
246 823
1123 677
1576 1621
547 809
1696 1424
993 1666
1343 1957
1746 1912
298 251
418 437
929 253
1053 1322
951 1864
1517 299
104 1239
454 1737
816 1129
734 1137
735 279
971 155
1313 1683
459 673
960 1486
1060 320
1505 976
67 458
1744 489
808 976
842 320
1163 1499
423 1670
995 1322
1675 986
28 1634
672 1046
701 932
792 354
160 637
953 1449
879 129
1198 714
193 937
1098 325
16 1462
1102 693
412 1623
854 1180
1268 1449
616 815
720 1129
1700 1842
815 271
823 1529
1096 536
1334 1545
233 446
965 1827
218 265
1184 62
1205 1345
22 1215
943 1172
739 1667
340 1681
1225 1696
17 1748
465 1585
1466 1289
1259 2007
1264 455
588 238
1031 717
1151 0
1779 1563
1066 1213
839 997
1118 348
1488 1976
1738 1921
1185 1431
1195 219
1228 28
722 1242
1506 451
1608 98
982 1430
1059 997
1771 1936
100 1240
129 1438
195 1963
1175 834
1434 304
759 1441
574 863
1315 1639
230 668
266 141
878 883
1271 1382
1534 707
543 596
1025 681
301 158
654 1023
1753 683
631 900
731 1046
1222 696
36 347
1067 1213
162 132
633 1748
1127 1608
404 283
69 447
101 1241
1024 1089
1430 1304
126 1151
1147 1632
356 694
700 1094
1357 1339
1693 1686
254 1818
433 1804
980 997
763 1043
774 1682
575 1634
1588 1814
1749 1586
992 536
1174 1098
1682 278
19 1194
685 246
1562 1851
600 1907
468 1389
884 1712
940 1430
931 976
1152 316
29 347
170 81
413 1098
447 369
509 1737
1387 1828
1086 1089
1111 867
966 1089
1101 1193
194 926
1598 149
456 1605
876 1093
1392 324
361 1914
905 128
217 1301
399 1556
1040 1035
1284 1715
1403 908
1523 1898
1692 1599
1100 182
346 807
143 1209
398 828
1371 1683
1074 1425
1747 1571
32 607
791 903
1289 913
1465 1365
1281 2009
1673 802
135 1438
1168 219
1216 1608
721 1639
1149 1363
1748 1721
18 1462
797 1468
464 1922
1078 536
1035 101
1160 1292
902 1060
1594 1307
77 1139
705 859
990 536
786 527
223 132
783 1460
1743 1709
41 1297
260 84
167 132
1013 1336
1050 1834
33 1848
605 538
1774 1941
386 1848
1751 1854
1193 279
1192 1066
979 935
753 1778
1727 1290
1745 711
976 1530
1767 628
123 164
1076 915
305 1378
288 265
196 29
199 1149
130 1500
1015 536
752 1046
1011 1449
751 1645
1094 348
1388 324
1440 1061
732 1007
970 1701
1061 1441
1320 1486
1772 1883
133 1438
1380 1634
504 1774
164 1292
813 996
132 71
1646 1751
227 1760
279 430
476 1296
754 1108
1389 1782
858 1007
1706 98
291 250
531 1922
347 1180
743 1679
141 45
287 1357
1690 214
1051 1122
1093 1913
1347 1136
1560 1154
1033 867
1052 348
833 1682
82 952
581 667
873 1064
1659 1855
686 276
831 297
1034 536
1399 179
834 1522
851 307
1685 391
426 1026
1739 1871
521 1597
1571 1704
921 1682
772 101
810 51
367 593
449 1135
1305 1486
1653 905
228 1872
989 277
1694 1383
1285 1215
871 630
1304 161
1450 1683
1236 1317
293 265
1612 1399
1080 1473
232 502
1073 1719
1075 536
1456 1147
812 977
974 1285
875 254
273 53
264 1828
259 1818
1030 1721
1142 1806
1416 1507
908 1441
269 136
1036 536
1338 1422
1115 177
1049 1604
1697 1297
1522 1294
261 1845
1012 867
1150 1226
975 270
1287 161
1757 826
336 294
625 1449
431 1907
1157 1040
689 1713
1736 2006
297 1331
723 525
429 1802
1032 1829
381 1623
1756 1972
662 1612
642 1384
