img20c3.jpg img27c3.jpg
1392 1858
1545 2072
1227 1633
595 498
1401 1858
1544 1996
635 657
1384 2101
1221 515
486 528
1596 2022
528 525
306 108
1272 2022
1053 1699
359 550
1251 2164
1277 2010
1276 2011
518 292
1225 1631
743 562
1602 2010
1390 2095
1610 2010
319 571
326 108
1600 2022
475 1007
1003 2118
483 525
599 628
1093 1374
1447 1901
387 256
1190 1607
391 962
525 659
1211 2110
506 609
304 962
233 1865
617 2235
998 1699
1365 1816
448 1007
472 498
1586 1683
677 990
547 324
1691 1504
462 108
902 2009
48 611
1453 413
1150 1525
1547 2010
230 1749
1032 2118
1233 1653
1689 101
569 747
1459 1849
1666 2095
520 534
1543 1604
75 637
926 2010
563 550
541 628
1074 1504
311 962
620 515
1216 1888
199 2114
1441 1856
438 256
196 2114
191 1308
1496 1865
589 589
485 154
741 205
866 1776
403 2281
1220 747
1269 1683
1659 317
899 1566
1643 1691
1195 1826
1443 1867
565 154
480 292
1570 2015
1163 1481
1348 88
1141 1826
681 464
789 1066
192 1326
89 514
1595 1683
1686 899
1881 2276
1982 960
1580 1658
1202 1592
1143 1390
343 108
469 983
1420 1852
1750 1121
397 108
1452 2046
1324 747
504 483
447 531
586 324
880 1566
1599 1321
1089 1728
459 528
975 1566
613 908
1282 747
1647 2046
482 483
1400 2114
1200 899
1175 1888
1581 2015
1345 1816
1192 1852
1571 2021
1389 2101
363 223
959 2012
1136 1409
417 962
523 464
1328 899
1542 1764
1765 1702
1241 1580
1370 1801
314 438
1193 1888
1197 1583
1393 1826
1168 248
1146 2065
664 430
1274 2242
372 571
54 514
676 905
576 659
648 515
1178 1562
1336 1997
1237 1658
527 576
1287 2028
1054 2002
1261 1321
1634 2009
236 1867
437 324
1204 1826
1268 2015
1285 555
1149 248
1186 1562
702 1048
1555 309
1095 225
1895 1992
825 1170
428 962
1800 1124
60 2143
1771 232
135 1833
1055 553
1709 486
1734 1989
86 608
1413 2109
649 659
656 897
1260 744
1823 636
484 599
494 654
1230 1483
612 897
1335 2251
575 609
1182 1553
402 232
1674 1525
1167 515
616 349
1410 1854
883 1124
1812 458
1215 1826
1772 240
490 349
94 659
419 574
1293 1311
1429 1558
47 413
1061 1916
1776 261
562 250
619 638
1573 92
121 2149
1226 1615
1286 2085
1637 1691
806 1166
1154 508
1532 2017
1923 1483
471 625
307 438
1385 1851
922 1135
1231 1641
1279 2242
539 151
67 588
336 571
1159 1505
1858 1045
12 1995
1656 1064
1171 1583
1165 1756
29 514
958 149
1131 1658
1379 1326
889 2118
1090 1342
1290 1308
337 2009
971 92
133 1492
1166 1570
1457 1996
505 415
1248 2008
1463 2024
3 458
1169 1524
1741 2020
1914 1996
1138 1844
1483 248
203 1866
510 628
1172 248
1660 2101
55 1584
377 292
508 154
536 659
1312 1868
1566 66
1140 1993
101 682
355 76
852 2118
661 2281
807 1243
556 572
596 160
735 829
1408 1380
1176 248
1118 1481
725 659
598 115
2082 2132
6 509
172 1746
1330 1749
521 711
645 905
1497 76
1593 1011
967 2118
1835 1006
564 572
1442 428
1382 1570
1488 2280
925 465
1151 1894
1729 1124
663 368
1262 2123
1428 347
1126 1378
225 1749
1017 2118
1974 2179
1128 248
456 324
554 128
77 514
137 1670
1582 438
1601 2011
262 582
1480 64
339 2242
1082 2002
177 2059
982 2118
1933 2250
503 368
1372 1380
1577 1307
1966 2276
555 478
1157 585
1645 1650
457 286
1350 2119
995 1135
143 1828
375 227
1041 149
1492 2015
1696 949
606 659
1669 1852
1743 465
1137 1488
561 432
1975 944
1414 2101
924 1271
1349 1380
740 1012
496 644
1342 1833
705 368
1337 1658
1618 2008
1698 248
1862 465
156 882
1801 2242
1922 1566
1406 1047
581 1761
1530 1703
845 961
969 0
187 1313
378 259
1739 225
1958 1501
294 108
411 256
579 126
1123 1501
1987 2262
356 107
1367 894
1564 1120
1641 75
493 655
783 1604
1121 992
1902 1649
2087 302
107 611
69 404
818 1106
1097 1597
1177 1553
1210 89
1051 1657
39 658
168 1618
468 293
364 438
580 530
1651 66
1699 1892
1710 1884
1740 1788
117 1927
1033 110
1415 1592
1679 1858
1717 225
1880 404
1158 248
1203 1838
1798 2121
2093 1810
771 1034
2044 2008
273 1730
529 816
752 1569
1399 2164
158 2066
181 2059
805 1571
1218 609
1263 853
1449 675
1795 2242
73 1562
1522 1638
458 507
1117 1465
1527 2015
114 1754
152 1892
153 2117
367 1091
509 701
941 1045
1098 2072
1799 2035
348 2212
618 1888
392 995
1992 2261
106 515
1405 1321
1736 871
1675 2235
2030 335
30 608
264 89
479 478
1489 2186
413 1069
361 1789
488 249
522 655
629 675
1063 697
1072 554
1164 1553
753 1733
1111 992
2092 1884
908 2118
946 1278
1050 323
1315 1715
1898 1915
1209 2174
1476 173
566 773
701 990
1890 2008
550 515
16 1995
335 438
1386 2101
296 1699
1094 994
1502 509
301 2140
2010 2137
1028 539
249 1754
254 1601
538 625
386 292
1339 2065
900 1166
1015 2118
1044 1566
631 858
1878 1595
470 126
846 966
1045 1566
85 514
544 227
1059 1571
1472 1850
1512 1858
1962 634
134 1833
1208 807
1632 2007
2052 1910
1112 149
66 609
1646 101
1320 1229
1520 1858
59 610
491 2281
1391 1834
1984 1119
423 218
432 249
1224 1592
1383 1801
1427 114
721 1089
1019 101
1078 2065
1470 1870
2067 1789
100 1608
371 1334
1001 2118
1469 609
185 190
467 256
72 89
551 659
1421 480
58 1540
742 978
1314 199
162 1849
1394 925
1697 1688
1419 2278
1653 1655
1822 1392
1830 1069
1859 899
1106 2212
427 1683
1584 528
1777 1884
535 1908
1693 1106
1705 2119
21 1995
478 249
651 1747
1267 1326
1997 663
412 200
1521 1380
1317 1996
1101 1404
1523 2020
2055 89
552 690
1501 1091
440 1206
1084 1376
1817 1474
1338 1096
38 2222
662 2176
720 1710
1264 2159
308 1683
1363 1802
1956 1029
56 2129
675 1892
1608 275
1650 1679
180 1812
1625 651
823 276
870 1197
1758 1993
2018 548
658 86
847 258
923 1243
202 654
492 293
1536 1988
1676 165
263 86
1869 242
1940 2261
425 275
2084 2250
473 508
945 2118
422 1064
817 1571
1222 1896
1465 2280
1538 110
559 1921
369 1759
749 1302
45 1908
303 522
557 747
571 2149
1362 2282
1592 1048
102 1618
259 554
404 111
481 787
1846 961
105 636
313 2140
1730 2234
1946 930
453 625
332 181
1049 1766
1381 740
1 2017
1329 922
1455 2280
1466 928
132 1828
590 659
1258 622
1708 1346
1759 899
1820 204
239 58
1513 1846
1972 323
1115 1468
1487 234
1525 2020
345 344
696 596
833 1747
1179 158
1864 451
334 2212
610 1710
726 471
9 1995
477 1091
978 1137
1568 436
1904 2200
1942 1566
400 249
548 2052
1273 744
148 1850
399 1029
1148 1288
1579 2096
1620 1714
1725 2212
647 2252
1156 1549
1867 1984
2014 1648
5 1995
275 1308
1155 1998
1560 1299
327 344
358 522
1073 89
542 1319
633 324
1782 1201
1792 1491
37 638
526 549
979 1637
1504 1012
159 1266
329 1981
500 204
666 450
1088 1977
1853 2262
186 1750
691 978
1505 2242
219 1086
622 450
40 709
443 552
96 118
699 1029
1323 1918
1722 48
1979 688
295 1675
933 978
111 1866
407 990
597 604
636 450
1132 2081
1243 1699
1310 2141
78 413
104 1862
603 2281
1364 1552
1340 1187
1991 418
388 2212
781 978
1301 1769
1803 2211
1829 228
331 136
396 458
418 2212
820 1480
1064 2188
1749 181
4 200
229 76
1081 814
76 1859
1129 263
1583 2037
188 1308
398 2235
449 107
83 1750
1723 1346
1865 228
1969 2106
370 106
910 748
921 368
1085 1015
1970 2112
1445 1989
1727 2230
1941 1430
232 2045
379 1981
383 625
1534 1988
515 1746
2048 1442
1432 1611
1745 1892
87 402
267 835
1213 1326
360 947
1439 248
1567 2165
683 690
1107 651
1422 677
762 280
992 1566
293 205
122 41
1576 270
1781 255
1900 2200
1615 1648
1754 1123
1331 2229
1909 2176
1034 1524
1110 1629
1271 225
1591 1712
49 561
184 28
231 1833
1467 64
1718 640
871 474
1724 1626
1988 1604
325 141
1108 1359
118 1914
338 995
340 602
733 1569
1518 507
1603 253
222 55
577 540
1308 1868
1813 2280
842 1569
1016 1566
1417 1047
1526 323
2086 359
321 104
1030 1416
1613 1279
2050 2212
7 227
1395 86
1431 1611
1516 2020
1546 2255
1737 808
1861 198
1731 1566
108 590
1069 1186
1343 1833
1644 1833
217 922
1147 1326
228 751
588 2121
1062 1047
1461 1996
1639 944
1905 287
84 1578
634 2281
1954 2137
1707 1833
119 1670
357 438
997 2200
1183 835
1409 2165
1515 1640
1742 515
644 858
42 2118
1046 1903
1458 1679
829 1299
1212 838
1327 1850
2037 1121
328 191
415 107
1297 1943
1561 245
637 540
965 1292
1361 465
31 1670
103 1607
759 922
827 1997
1994 2120
895 1864
1174 1741
1495 1764
919 1869
1245 1714
1733 1877
1597 1992
1980 2175
93 404
226 248
429 181
766 978
1376 1012
2040 2253
1493 966
1944 1880
322 438
374 1926
2012 1626
1468 525
1557 1777
1012 1271
1973 224
1993 1266
1514 1464
169 1626
516 199
824 1092
1855 1584
779 978
1524 1703
431 1029
1133 1353
1440 1557
1511 1124
1794 507
1983 688
1038 347
442 995
1020 722
1510 1644
2009 1091
126 1884
268 86
877 1302
1751 616
667 877
885 2118
1042 1998
1454 1842
1533 1990
11 1995
215 1756
258 1671
1553 547
1985 1746
977 1243
591 239
678 922
1657 34
32 1995
173 0
405 2212
626 1747
537 540
1684 1887
553 291
320 947
464 1765
1371 1693
1789 2068
1025 2225
1721 2154
1791 2035
1874 169
828 767
1375 1708
1806 2165
220 156
906 1278
8 1995
390 438
1011 1903
1589 1679
1907 1595
1418 1971
2073 230
292 1742
463 1029
1556 1671
1633 2030
97 2240
767 1152
1932 1558
1949 2130
714 1152
1299 1683
1959 427
179 16
837 1292
1404 2280
1756 337
2034 838
160 2242
330 1683
380 138
685 1747
796 1747
1189 2101
1247 2017
1548 2084
1648 2179
347 438
1965 2269
792 752
1004 2024
1562 539
1854 1147
572 204
750 1569
1918 1188
654 1480
1252 1096
1356 1568
1617 1241
495 655
1366 2270
1039 1598
1927 841
140 2250
1761 416
532 967
803 1152
1109 1404
115 616
507 1793
1236 1597
1359 979
1785 1433
265 1854
1971 635
315 2235
850 1197
739 1746
1426 1332
2071 253
346 104
1585 1982
1711 1053
170 16
1347 1840
1825 1888
2066 991
2068 1558
1184 1588
2065 2157
1309 744
2059 1830
727 432
1134 1362
587 2281
843 368
953 1302
2001 2155
996 1243
1519 1047
61 174
116 1319
657 86
1851 536
28 1999
822 1818
984 1292
90 413
698 191
968 1197
1206 1622
1451 1683
1654 1543
1796 2112
216 1707
416 2020
674 1123
1223 1346
1609 1624
1755 947
1181 1859
1288 2024
1636 1166
1968 473
141 72
255 1662
1120 190
1484 1899
1703 1392
1981 1891
724 2247
91 1910
1809 992
223 1812
1091 1385
212 1197
342 522
1187 1580
1839 284
0 1981
80 1619
513 1299
2016 1178
859 1302
1254 831
1416 86
1549 623
2033 1007
46 513
487 949
1242 1064
1494 995
630 1029
1690 1486
251 86
782 786
1152 1868
1716 438
608 752
531 860
1259 1812
1478 565
938 2126
1732 1480
34 1578
498 248
860 890
1816 2116
2017 1322
451 1029
1748 2020
511 55
324 2018
592 690
671 642
1550 1868
1701 2078
82 418
476 248
1762 1884
736 1899
1815 91
1852 251
709 1747
1706 1470
2008 1319
333 344
680 293
994 1569
310 139
1104 1271
1658 2081
362 140
44 654
1105 616
1198 1767
800 1155
1160 1576
1346 2119
501 180
804 1152
2007 204
43 1578
382 1029
1326 1332
1266 717
1563 2234
1828 1092
2054 251
993 1569
1130 1244
1291 2221
341 1334
567 631
641 2007
1052 250
1619 2171
693 1848
1354 766
266 1692
940 1569
1943 2103
123 1821
717 1797
1199 1606
1952 1547
439 325
167 1527
373 259
1856 2219
2002 1556
1300 2153
1866 1771
98 712
1767 190
65 2079
1239 1843
1778 2138
1978 2122
1341 7
1901 2130
514 1723
865 308
1217 1846
1355 1806
366 1440
772 516
862 483
942 1157
1116 525
13 320
831 2195
937 483
1665 897
854 946
2049 290
10 2156
208 1828
632 12
1113 2012
1232 404
1402 23
1831 1944
1860 1599
692 890
623 521
754 12
1037 978
1142 1361
1616 253
1990 1267
797 642
863 1569
109 2096
929 1197
983 306
1448 1787
1009 1569
1125 1362
1687 922
1832 1091
113 1289
406 1436
2074 553
256 190
1244 1496
110 1856
452 1089
211 2045
270 76
318 1071
533 235
1358 97
1626 1415
785 261
813 1155
821 262
1316 436
1715 438
700 943
1144 156
1937 120
68 563
1135 525
205 1188
241 922
420 1440
1253 1665
1638 2021
1507 1065
1897 2196
543 262
1018 55
611 897
1311 225
35 1578
489 1127
670 643
582 897
621 471
774 2263
819 897
88 2192
408 159
614 1076
1023 978
1201 2101
1344 922
1578 2017
1621 188
1814 1813
1228 1326
193 1757
274 1308
1552 259
1826 1572
395 1723
1844 1244
812 2263
1079 1332
1961 783
57 1911
888 306
964 306
1027 1006
1307 539
1352 409
1769 2140
2027 1271
214 16
897 1569
980 1182
1574 1982
2056 1982
430 1313
1060 1243
1652 2056
15 311
1623 2028
209 1058
389 438
706 470
920 939
974 1566
1430 1483
778 1291
989 1864
1575 270
1377 897
245 1436
668 433
878 441
1207 275
1284 225
62 2000
79 616
560 783
1475 1073
2000 1428
1255 253
1423 2020
1939 1600
1479 1332
659 554
882 1006
421 1514
502 1998
1351 55
1998 2179
70 489
189 2003
625 1389
1014 334
1333 1572
1930 2066
1995 232
594 1394
652 672
1234 1868
1738 1197
2064 2263
2078 116
600 284
879 895
1087 1984
1554 967
1694 1840
41 2001
1714 1726
1996 220
884 201
898 2124
151 2120
200 1152
639 1747
1305 1168
2041 1740
1407 1592
1957 138
811 2276
1229 906
1612 1279
2025 522
237 101
607 454
1630 1029
2069 199
302 1802
1122 2217
190 1757
19 2000
201 1316
686 1747
765 1864
1057 1702
1099 1653
197 1833
583 36
844 985
1369 603
350 995
1435 1245
1770 691
147 1633
238 1750
1531 2017
71 897
250 989
1043 45
2090 2162
499 1326
893 1248
1462 1714
2079 946
50 2001
861 849
1127 1685
1471 1833
1668 2062
2031 200
716 853
1807 1715
441 1008
790 627
1649 1726
628 2198
948 432
224 2242
272 1839
799 1155
1670 1053
99 608
710 2048
886 306
2063 1166
1397 1982
2003 663
124 2149
1434 1878
1477 1535
1840 1834
1910 1650
624 1747
722 87
830 750
1565 436
808 1328
27 1995
954 483
570 551
758 1715
903 1096
1196 2182
247 1514
1256 1751
1768 1319
1180 87
1924 1984
853 432
1188 113
1270 1332
1283 623
2028 1732
446 325
687 673
936 1083
1680 1256
712 931
747 672
1214 1773
235 1558
1162 2068
1667 1621
1685 1321
26 681
95 943
497 648
791 1889
1322 875
1541 2239
23 2000
182 2209
309 438
18 2121
1805 315
426 252
930 474
955 1569
1977 1890
178 1480
1642 2162
809 1657
841 1569
2 242
284 1543
353 1947
734 1569
855 1769
1481 2239
704 408
1797 1300
1818 268
2060 1166
2062 1538
1672 1095
2023 2206
524 732
1663 1322
1380 1815
1673 703
1719 1752
112 454
221 1321
52 2124
393 1789
2011 618
1013 857
1378 2097
1604 941
646 141
788 2186
1080 943
1437 41
227 55
835 1262
1845 1325
770 1136
1319 2024
519 438
894 1183
932 1155
1302 1915
1473 1472
2029 2234
1446 2025
218 1794
665 1876
1205 1003
1398 1704
2089 179
707 1876
873 1747
874 1289
1000 2032
2019 2261
970 1435
1535 2015
1899 2236
125 1648
144 1821
764 672
312 1470
1304 583
1499 1053
713 978
911 2136
174 1188
1092 1359
1444 1875
650 568
1517 1052
1114 2101
1509 940
139 1820
679 2196
1075 579
864 1026
1702 6
751 1872
881 2126
1491 1714
1692 1843
723 141
896 1302
780 1566
815 1569
851 306
1296 177
999 1165
584 2007
957 73
1153 1868
1257 1107
1360 1125
1784 2099
1960 1268
2043 1843
146 2179
1071 1171
466 619
769 2126
1191 2054
1712 1412
682 690
1833 1561
578 1389
744 946
909 1644
1661 2079
20 1392
171 62
253 1513
351 200
445 1949
461 2158
436 1940
435 1947
690 885
801 1291
1783 1251
1793 640
688 672
1808 1988
786 12
1695 1576
279 129
973 978
1334 1600
1757 23
601 1947
944 306
1681 703
2053 1999
2085 2081
365 248
1704 1813
2047 2274
24 2161
939 851
1728 2231
2076 323
240 922
912 2195
1250 2081
74 2000
793 690
1403 2231
694 1582
1024 2126
1368 1034
1841 1949
207 978
1058 1879
2042 275
1070 1303
1834 1292
198 1971
672 1155
2004 256
455 509
1664 604
1763 2125
1847 2200
261 1746
1775 1729
1896 1990
1929 1521
1265 1694
1318 1332
1836 2147
1893 1624
260 1241
784 1025
1103 216
1810 1566
424 282
1124 525
1500 2033
684 1747
213 1744
1374 1559
1824 855
1963 1179
2005 2164
127 1775
875 347
1559 1833
962 1239
1614 662
615 1127
1278 623
1611 1250
1827 1572
2006 210
857 1183
981 440
1047 187
1587 307
1588 1809
689 671
1790 1500
1857 1243
244 62
768 2126
1056 86
1411 1657
1040 2225
917 2048
1843 1296
1433 2079
2013 1179
349 436
1951 2271
1100 171
1590 125
745 1747
1456 189
1917 2066
2036 210
352 1947
642 1298
849 1262
354 11
1161 1404
1838 1702
465 1073
1868 2048
1235 2213
1752 1296
1486 457
1506 116
2032 241
269 2101
669 1747
1892 1256
1955 2207
282 48
1624 190
1464 2205
444 1390
384 1947
410 1947
1280 1497
433 2211
1774 108
154 2067
290 1512
660 2197
1065 1702
1948 2132
63 2000
1029 336
2024 140
248 248
748 870
257 1536
593 471
732 1302
1678 1762
1912 2137
1539 258
737 1053
1747 1780
605 470
1605 1428
51 2001
1425 139
1537 1921
53 2181
1438 1244
1460 2231
376 148
409 274
604 2116
802 907
627 604
2015 1140
814 1302
1077 2126
131 814
585 1127
166 2043
609 2100
695 2071
868 2088
655 2103
901 1937
1219 897
1821 1305
1842 2123
36 1607
934 1302
163 1184
773 2247
1002 440
1848 1437
64 870
243 216
1450 2094
730 2048
573 619
746 1155
25 2079
1022 1183
283 1536
848 1143
1031 306
1194 179
1238 1597
1662 1892
2038 1274
1540 797
1760 2037
729 643
1989 2206
2045 1049
836 1598
907 1566
1682 64
1886 1494
1976 1572
323 1723
1598 1757
1919 1624
2022 1069
761 2191
1508 1699
1779 2281
728 1747
1321 2242
1096 1243
1313 1760
22 915
891 432
176 758
534 509
858 483
1173 2045
1744 1787
194 1109
252 1918
1474 2234
887 1278
931 1747
1145 1717
816 426
963 1538
673 1566
985 336
1006 978
1298 1960
2088 77
545 47
1628 87
1915 453
890 47
990 57
991 57
1804 1934
381 2235
558 1950
1485 1982
1766 2210
1607 1560
1925 1871
517 1093
794 946
1357 1357
287 1420
344 436
434 274
540 1298
826 1157
1139 2102
1877 1595
760 1650
840 1669
839 1352
574 1262
731 1598
1083 1424
246 694
512 2210
916 1701
1879 274
1713 875
638 1747
1295 83
1076 265
1373 2270
653 273
1875 210
242 26
927 334
1036 1461
1863 2196
2046 253
14 1473
165 2079
640 374
1388 97
2026 1990
602 619
1528 2231
1275 1428
1292 178
1788 2242
1811 1771
1606 215
385 1937
1572 1634
1786 123
1787 60
1872 2282
1934 491
703 2017
1119 584
976 896
195 111
1906 2269
1086 318
2057 1674
281 143
951 31
1010 1566
450 1939
1185 150
2075 2247
454 1127
546 1127
175 35
297 1351
155 1512
834 1251
1289 165
1622 1619
1008 238
1726 1140
288 1795
2021 335
474 1033
2077 1624
549 1069
1102 107
210 2175
892 946
81 452
92 2128
928 306
1026 2069
164 766
1021 31
1631 449
763 1499
777 1155
988 1155
1735 418
2080 1319
956 2069
1068 483
1629 62
17 2001
183 1305
1303 2221
1920 1304
1353 1857
1671 649
129 723
1048 1983
1926 2162
715 1078
401 1955
1903 1274
1911 943
2061 668
867 1500
1999 11
960 953
869 2120
738 1350
838 483
1005 1183
368 1050
943 1182
1720 83
935 890
1884 162
2083 811
1938 834
1067 2126
1916 2257
1246 1868
1928 671
2035 1845
987 1155
2072 31
1746 1861
1753 1008
1802 457
914 946
1240 29
1677 348
300 2175
947 1283
1640 2239
206 1076
1683 1780
1876 1811
149 1336
128 68
394 1436
1967 979
952 1796
33 320
286 2014
872 1747
810 1672
276 205
1436 812
1986 251
2051 229
161 1708
918 1576
145 1804
776 842
961 1500
317 2081
711 781
787 267
1412 1939
708 8
1482 1941
972 946
1498 1087
1558 1994
1913 1318
950 1214
1819 215
795 2035
755 1666
1281 2192
130 1808
1700 1709
136 1339
234 154
1170 104
2020 1063
876 251
1007 483
1066 1796
280 1682
1947 2184
1849 2034
1894 607
157 272
1773 1821
2058 1322
949 946
1764 971
1945 2126
1953 1338
316 804
856 794
1889 1203
1885 348
277 6
299 35
1594 371
278 181
913 8
2094 182
757 1342
986 946
298 32
1424 1982
1688 153
1306 1342
756 2078
1950 968
1332 51
204 342
798 794
1325 109
285 1781
915 15
1931 1495
966 2106
2091 1763
1249 1613
1635 2281
120 1288
1529 877
905 1246
1780 191
1887 2026
271 142
1396 1787
1503 190
1891 265
1655 2028
775 1217
832 2206
1837 1026
305 532
1888 729
1882 1382
2039 1867
697 2050
289 1719
568 676
1387 2264
1490 987
719 53
142 1366
904 1159
1935 1593
718 189
1569 2033
1883 1965
2070 1868
1871 1665
1551 1743
1035 75
414 1907
1850 2126
1873 2194
138 1835
1908 1979
530 2056
1870 2091
150 1627
1294 2187
1936 226
643 1512
460 161
291 2024
1921 1872
1627 640
1964 1446
2081 215
