img27c3.jpg img28c3.jpg
2054 1067
2114 109
2076 1067
1858 875
498 199
2024 740
1847 109
1380 923
2022 1128
127 263
2010 1133
324 238
2072 1062
1852 923
108 325
112 211
1865 701
550 307
1699 717
2009 1128
2119 1254
310 238
572 1722
1992 683
1901 916
1047 96
2110 1243
1599 702
1683 1119
2095 1243
525 276
280 234
1685 1067
504 308
978 923
2015 1094
309 1976
122 263
467 1479
2164 579
1996 1061
1578 1452
2057 1051
1690 1051
110 199
1321 680
895 407
1607 1487
1007 307
1504 1329
2250 1912
266 234
101 1282
317 1976
1850 846
2092 855
598 211
2083 1051
626 308
1993 1067
1648 1795
111 184
894 407
1086 717
962 292
275 253
2011 742
1525 1280
1499 1280
1828 72
160 1722
571 184
1041 407
1042 407
829 407
2147 1132
149 666
107 294
292 331
17 134
105 579
349 238
528 308
1880 916
1566 498
323 1976
783 923
1844 701
1888 1479
511 1567
645 1722
1299 427
1608 1452
2101 855
1489 701
659 310
438 250
1152 389
537 714
1793 1998
1085 2035
1491 663
2151 1067
2251 874
1711 1198
2008 1127
1856 140
959 407
1123 680
365 1567
1481 1280
871 407
2021 736
1589 1998
1118 389
255 234
1121 1103
337 1976
1011 1484
151 199
2207 1985
1332 725
1805 1280
413 944
787 701
2229 1385
318 290
2027 742
1746 86
1884 1378
2071 1061
1583 701
1166 500
1312 717
1826 896
672 349
1506 916
171 307
1537 1329
1889 909
489 364
1868 1894
1584 116
2253 874
2046 1061
1562 701
1824 691
1554 701
1859 1479
239 234
412 714
1602 1998
92 1038
1642 1998
506 307
707 141
1138 579
1515 1329
1614 1998
1855 916
638 487
554 308
502 308
1881 916
436 1450
1894 1329
1526 701
1802 1998
991 1484
418 324
1108 1936
2020 961
764 1216
1691 1007
899 141
1549 701
1754 508
920 853
1851 860
1834 579
1904 916
695 348
970 1448
1045 502
129 197
2194 501
1658 1103
2130 1347
1638 1998
1639 1998
1577 26
240 234
642 508
1483 1453
2117 1254
444 944
1134 389
1505 380
683 944
1603 1998
1708 846
15 1722
1553 1329
924 212
1048 1484
291 1976
1500 1280
658 714
1728 680
286 274
330 290
1853 82
232 234
673 349
235 243
1165 389
1848 703
164 1038
1816 141
1064 1225
1916 601
1513 1280
2252 873
1029 1921
2123 72
2202 2036
28 1282
276 258
1430 703
1501 1329
1635 1998
1135 500
1517 923
801 861
905 212
1838 691
560 714
1313 104
1812 1998
2216 1249
84 1282
356 944
784 923
86 166
1861 662
281 238
464 714
574 199
1749 134
589 32
1245 717
1629 719
256 303
1849 77
400 944
931 923
1618 82
131 199
2059 1094
199 476
2079 26
633 32
1997 601
2144 1071
1615 1492
1773 958
227 217
2214 1070
928 33
2132 1628
529 759
653 1461
2045 134
515 32
585 1461
1734 42
445 944
1308 1073
1777 426
176 222
994 1484
872 407
1640 263
682 714
146 215
269 238
1524 647
1867 142
2242 851
285 253
173 737
300 238
1866 40
338 303
889 923
1311 775
1832 1212
2017 1093
1006 485
485 1479
1195 1906
1488 1280
1786 380
2007 876
1664 579
414 944
1119 1731
548 1720
2109 855
114 1998
696 348
818 642
137 215
463 944
612 714
1136 485
158 263
599 1722
916 923
2139 1211
486 324
1830 874
481 714
508 1722
514 115
596 351
559 1133
1647 1423
138 221
142 259
1569 471
150 1713
2018 1098
2141 1062
2065 874
561 714
588 278
667 403
721 348
866 923
1620 1998
796 953
2023 95
470 1861
1585 109
1874 1567
75 1207
218 217
822 349
1206 697
1730 809
611 32
686 1461
1012 2032
1892 75
2003 1212
637 376
752 10
917 1426
223 253
853 141
1807 1293
1326 760
1540 26
1617 1998
1646 1998
347 703
1167 1998
399 944
553 737
555 752
671 514
1068 1293
224 264
747 141
545 403
737 348
1271 491
919 853
389 944
708 1461
2035 1356
2129 1569
803 1426
59 72
862 642
960 433
336 199
2075 1409
1703 812
2037 601
918 371
1409 802
2032 134
1644 1684
228 1902
1242 485
1582 874
1833 1749
1980 1043
3 50
368 31
2148 1133
48 1429
1714 1100
12 174
89 174
1507 702
1842 1489
90 1281
643 1720
977 923
2106 407
109 181
1801 1209
2281 456
1189 1887
249 260
390 714
180 1824
184 976
1926 879
983 433
54 1084
773 1722
947 1826
2140 1131
995 280
1324 839
1716 726
2053 1127
245 1976
386 532
1571 1464
1887 860
1518 696
1650 1904
540 428
944 200
290 1273
870 853
758 923
1547 673
636 31
709 944
834 1226
926 212
225 1894
430 383
718 403
1737 680
1763 1900
2033 1094
367 367
458 295
1570 817
1736 601
2271 270
312 291
499 1632
1751 508
1073 1308
1813 973
610 376
1028 936
1897 875
2028 1007
183 1769
1244 1996
483 15
724 953
1655 1220
1124 1878
2176 437
2263 1165
623 677
429 310
722 348
2275 427
1610 1998
76 1592
204 243
968 1484
1015 670
1062 433
2085 745
663 508
104 187
631 96
1402 802
128 181
1096 822
1008 735
2060 1007
2212 224
744 769
1243 539
1552 1176
1573 691
577 308
609 278
949 642
1702 1070
442 278
1565 1769
2235 1281
102 1125
738 348
888 923
967 251
1027 501
2143 881
465 1924
1899 1564
1900 1459
2180 891
1106 623
1769 809
669 10
1190 1111
1061 1259
1580 1887
248 909
496 562
257 258
407 264
605 308
961 473
2103 907
201 1365
207 1985
188 1592
1927 17
2104 696
712 2034
1120 1098
443 115
177 1429
810 846
405 296
427 1432
736 508
558 1000
2112 1909
51 1084
624 308
713 310
821 42
1712 680
1764 992
2081 676
597 33
634 714
769 384
749 1506
786 371
1364 802
1715 1094
1803 1236
938 407
1267 1569
1843 1499
654 121
675 1998
1707 134
2116 1555
785 1426
874 747
1759 1125
1942 1308
2074 1358
657 32
896 1699
1791 647
1908 1487
2061 1409
1542 1280
1598 944
1776 1936
1869 1329
366 1924
539 1731
586 32
602 268
1988 1035
52 1075
471 335
591 1976
1556 141
1747 526
835 663
2058 441
590 2036
401 944
725 953
190 760
2165 1352
162 264
1256 1699
2190 446
139 961
428 1432
536 944
1626 731
1862 36
551 746
763 846
1223 1906
2135 1914
826 1243
344 315
1601 163
2200 296
50 1297
1164 1565
655 487
1229 726
1394 561
606 96
827 1426
993 1879
1761 1222
212 408
234 221
535 22
1284 1893
1527 875
433 319
1034 1041
219 1729
350 1853
532 594
640 1144
1150 1259
1596 1998
1766 600
1981 1115
2084 757
693 403
1230 1378
1624 1821
2215 631
719 33
767 1216
885 480
908 212
440 1437
790 1216
237 1669
165 1282
608 28
893 371
1559 1017
299 1080
527 1000
778 953
860 419
2197 2034
850 407
1428 676
1436 508
1536 760
72 1251
1416 673
1671 167
2179 1728
851 454
945 1448
620 1722
2097 669
2240 1571
198 212
263 243
505 1380
1275 490
2174 1669
462 1709
582 308
1435 601
1597 668
194 1592
262 260
1025 454
2121 437
119 1713
690 384
1935 1308
382 278
534 367
711 278
802 371
1053 726
200 304
756 953
2270 1254
64 1251
181 1467
526 268
1257 517
828 1426
130 262
154 737
723 514
627 759
838 1722
1336 999
1860 958
1466 134
1484 1724
23 1207
500 1933
817 642
900 811
1298 680
1753 740
2030 601
2152 33
220 1199
1600 1846
2111 1540
466 1924
251 1491
253 1281
512 32
776 953
1000 1426
2234 1419
417 1628
748 589
1670 149
575 1722
739 514
1721 902
1903 911
1914 1819
229 1289
684 367
700 827
858 1226
992 678
1918 784
2244 1659
2107 417
635 1567
1771 893
1089 476
1307 798
1934 1613
397 944
842 480
1109 1878
1772 1297
13 612
656 115
1649 873
1886 657
2128 1638
2149 33
115 1762
120 262
203 243
211 264
734 1722
1846 889
216 476
1741 725
60 1070
503 841
641 1722
998 953
325 304
666 508
1101 1259
279 1199
698 719
688 600
990 1878
1990 1043
1548 958
1604 911
2064 745
106 294
195 185
848 1426
1161 1903
2 635
272 1392
416 296
1641 33
233 232
849 446
1031 200
2118 967
867 430
1788 1998
1871 324
996 670
1054 1378
1391 1895
957 1426
1202 1906
1205 697
1480 1354
394 1724
411 278
1059 1259
1595 1663
2191 296
42 1848
387 115
1105 446
1346 1520
1472 726
1756 759
1823 1892
328 869
1704 823
1787 237
1757 642
441 27
875 925
2012 743
2181 31
354 278
1091 1431
1468 95
1611 1487
2269 1595
1004 454
1840 1230
1989 1439
2228 1011
209 752
410 944
141 262
450 478
2062 1073
820 349
808 1375
1187 579
1982 1046
293 291
913 497
74 1251
134 244
909 348
922 811
1987 1042
113 181
369 278
1043 485
1657 1094
477 1000
1292 703
1760 653
2156 1080
322 1289
963 1921
1471 1280
2247 426
36 1423
578 1000
55 1125
396 367
538 2034
557 594
670 348
710 278
732 296
795 348
1227 1665
1686 760
1458 885
2154 1207
772 1205
879 348
125 1587
547 348
566 384
601 737
616 1970
546 562
625 268
1065 260
1132 1259
1693 1263
124 737
740 953
979 1426
242 1883
431 319
594 1722
697 719
935 1426
469 2035
929 349
484 278
856 1476
966 1878
1774 958
250 681
381 115
614 1877
1071 1293
1094 1612
2237 1419
66 1125
509 281
513 278
2080 1459
69 925
1637 42
1675 746
117 1282
958 1808
70 1263
1666 1887
921 454
1277 490
406 384
1508 740
1765 267
868 371
1621 668
2002 624
191 201
562 714
1789 1385
1837 418
404 2034
943 1726
1066 476
1069 1612
1238 1906
1412 1415
1558 1709
1883 913
1910 1188
984 1752
425 758
1083 446
1477 1352
648 683
1171 1612
1984 491
2222 1751
1279 364
283 1454
897 1480
1907 1071
2178 1500
168 266
380 916
685 714
1049 1043
1692 879
9 50
580 1935
873 141
1325 1409
370 278
478 936
1044 1699
791 319
2220 1596
169 212
383 367
530 1998
2044 1499
766 846
839 348
982 530
1677 1390
0 1423
5 1423
32 612
334 1755
843 480
1345 1251
1684 977
335 1273
556 268
1052 1933
126 181
746 1218
1319 790
1457 1121
1462 691
159 1998
1016 348
1392 702
618 42
2261 1327
549 1713
564 2034
34 1297
757 719
865 480
403 296
807 771
1225 1752
903 1503
1186 1861
940 2034
1005 530
1278 697
1576 1351
751 508
797 953
1821 38
1877 1710
1991 631
409 367
2230 1408
1415 1147
1920 211
2096 843
2245 121
157 265
1302 991
2073 380
2195 1095
576 841
701 1431
855 1503
2051 816
569 1205
1448 802
1464 1352
1873 1878
2196 1994
587 487
2169 1001
16 423
57 1282
517 384
1817 68
2137 1821
988 185
2115 875
359 1134
361 116
1497 17
676 1001
1509 1430
2125 1724
480 28
699 349
846 1280
1107 682
1405 1774
1726 1683
1947 281
2049 1529
595 1722
937 853
1681 958
179 1330
689 1324
840 379
1879 1392
7 144
205 223
743 394
1185 446
880 514
1082 141
1770 1900
1810 873
1937 288
2276 1766
153 198
182 759
454 327
755 953
1915 1119
26 148
384 1464
565 731
986 264
1592 1329
14 1207
972 1900
1116 1903
243 1289
823 480
936 853
1237 490
1331 1665
1437 1047
446 367
490 365
1010 1117
174 1722
793 561
863 349
1450 561
1669 1423
2127 1679
2150 1996
583 1495
687 411
457 1036
1653 933
1946 1613
2172 1739
2206 1853
1002 388
1067 1293
1241 1375
1411 601
2223 1871
302 1886
890 1459
197 198
579 664
639 411
941 801
1479 134
1863 308
2066 1352
252 1482
1035 1041
1040 1573
2232 856
765 1573
2159 847
1445 1253
206 997
259 316
953 480
1137 1818
1444 616
426 944
997 349
1434 802
2082 1145
892 388
1176 1210
2105 767
2188 2011
186 194
1921 357
40 925
288 271
1350 1907
77 902
170 265
1456 1430
1896 97
1955 233
398 278
816 1722
1217 1906
1365 58
1742 1215
2278 1611
1168 746
2267 1749
185 1440
214 1639
362 1755
779 953
1679 998
451 334
798 953
1188 1731
1335 75
1925 1280
1943 279
2040 1542
487 1731
2221 97
172 243
2236 1225
1727 1858
1944 1613
2186 1732
1660 1423
1438 1354
1498 1369
2102 736
474 1202
1374 802
2255 786
65 1084
96 1570
424 278
1541 1280
148 1587
1103 1903
1841 673
1663 541
420 185
1320 1292
1561 2036
1718 585
1026 472
230 1281
99 1568
213 1169
402 1711
521 75
1971 971
2277 1984
1342 802
1678 1895
492 1499
522 96
861 1722
1039 1904
1911 1487
166 181
878 1722
1676 725
2160 849
1239 1537
1544 63
2056 1126
604 844
1790 699
435 185
771 518
777 953
1512 726
391 212
1129 683
1251 1906
1287 1833
447 278
939 868
1800 914
552 256
1153 1153
1266 490
1798 889
2039 96
2204 1595
44 1204
600 1863
1885 430
2225 546
2266 427
468 1976
1722 1977
2120 1880
355 367
573 268
1403 802
1557 942
2146 1067
2280 1026
775 348
1725 1421
1994 107
261 1050
395 278
1125 308
1414 1352
43 1204
1087 476
1178 490
2268 1723
2282 888
1379 1880
136 262
717 1908
800 480
1446 1061
544 1722
911 953
942 1213
282 1381
2274 1752
1470 95
2249 1700
2262 1914
912 1001
1998 1072
273 1199
353 1567
456 1989
531 268
563 376
39 1251
1063 539
1720 722
45 474
81 96
1055 1207
1492 1151
301 291
376 278
886 480
1588 815
1210 1632
1733 1178
1938 1632
2026 1106
2108 1517
1514 719
1898 874
731 2035
2138 1408
644 1998
646 221
932 1459
1060 1906
1795 669
1949 1612
1301 1019
2167 1457
287 243
432 335
1100 1280
1122 265
1197 490
388 758
1170 1278
1283 1070
1710 754
2124 437
1033 1571
1272 668
1797 1385
1930 1103
135 1587
568 392
621 752
831 532
832 1394
1220 1720
1236 963
1355 532
1390 561
1619 895
358 425
869 371
1058 1906
1422 601
1700 745
2005 1933
147 1722
97 914
1288 1253
58 1383
123 197
857 1226
1375 802
1494 1834
1568 388
1932 1094
1543 95
1667 574
2243 623
132 1445
1323 1577
1564 445
2162 1405
1503 431
1594 1729
91 999
152 1935
385 278
989 2032
1023 388
1281 904
1739 1212
2227 778
964 1167
1551 1698
1732 920
88 1297
175 806
352 28
1404 508
1131 1280
910 348
1334 261
1872 1441
2025 1246
448 32
950 953
1530 868
1572 1540
311 1771
156 653
284 1482
882 138
1634 1454
1550 825
881 953
1322 1374
1360 601
1738 1521
2238 1771
516 839
662 30
507 1247
735 486
1731 1374
449 1638
238 1561
661 1436
1253 967
2088 773
2161 1063
847 1573
1141 1615
1709 1584
715 1165
813 1485
1535 1522
1723 372
2189 891
1985 631
965 1629
1240 1906
1429 688
1555 1907
1836 688
482 142
2126 655
2052 1330
1306 780
1780 555
2047 1153
1454 632
1928 727
1933 1612
613 714
841 953
1825 673
1 1783
1659 830
1809 300
782 923
925 1245
1328 1577
2094 1010
71 72
1286 58
1475 17
2122 1724
1282 380
1410 561
82 1996
241 942
2210 434
1146 1730
1250 1135
876 735
1652 1423
167 1495
1502 110
987 561
1038 480
1285 746
343 423
2077 51
1469 449
419 787
946 525
1050 1277
1986 631
973 1934
1939 340
1070 1612
1219 1906
1476 1352
1036 101
1017 349
1162 954
1354 1251
1931 746
1977 667
379 714
1075 330
1169 725
1362 1350
702 1952
985 418
934 388
305 841
1864 515
2036 447
1224 1218
1268 1970
1923 419
1179 1779
143 1004
1051 1615
1875 411
62 1423
1003 1421
1538 1411
1794 836
476 1722
1574 1769
1815 1134
271 358
1705 1996
47 1423
584 231
1643 1340
2134 1501
2136 359
116 1587
1148 1296
930 527
974 725
1079 1904
1140 710
681 1755
1113 1902
1755 1522
2224 1865
1628 1001
2203 719
319 1037
495 1722
664 930
1940 219
1995 1860
2168 829
155 1076
1493 1352
1857 1151
2175 1782
491 1678
1439 1354
1467 1298
630 144
716 30
812 180
145 1445
1020 138
4 171
258 303
501 1850
1095 1857
1183 1164
1269 857
1423 1835
1442 427
1876 400
192 180
202 185
703 1535
30 1490
85 1352
93 1353
1534 1242
1579 1522
1651 38
1913 1348
133 1576
488 1302
1014 1033
1139 710
1829 673
1979 1668
95 1704
377 713
1717 673
1912 1003
619 486
891 1243
981 1808
1463 1815
1929 1293
649 1535
1371 1350
2038 842
38 345
163 212
523 1722
1207 64
360 1446
1056 725
274 374
1673 1195
1750 689
140 775
315 1230
437 668
1300 674
2272 1565
364 1567
452 2035
674 251
1341 641
1633 1205
2248 1578
781 520
1622 20
2031 745
455 1685
2239 1369
2259 63
760 1145
819 553
877 602
1519 738
1973 1946
692 1722
898 896
1688 48
118 294
956 657
2219 1659
2265 1893
415 376
720 149
824 520
1814 1166
375 405
1147 1054
1149 1906
1835 1535
2198 799
494 930
1297 384
2218 631
46 1007
933 923
1184 1006
1563 749
2205 1051
278 1365
975 1001
1092 308
270 1093
660 1861
1427 1430
1440 1033
1936 682
1018 954
1142 1018
1449 561
1453 1352
1999 1272
2068 901
378 1755
677 921
1952 1117
1465 1147
1486 1354
2158 784
2233 1545
1293 458
1520 995
2171 2011
37 1251
805 1467
1425 1699
1451 1047
2000 322
1389 312
1567 690
1478 1455
1818 2035
1893 346
1351 579
1310 87
1752 1535
268 1271
1163 1248
1226 493
41 50
615 1324
845 430
533 1755
87 693
954 846
1258 1292
31 58
346 942
603 983
622 149
1882 1819
2019 111
2246 1889
453 319
714 479
1221 1537
1352 1139
2209 93
906 735
94 148
1291 570
1455 1147
1822 688
372 1634
497 1990
1781 1570
864 239
951 954
1377 402
1523 693
333 1563
1533 743
2256 786
1819 1521
244 156
1294 1271
971 1629
1303 904
277 623
1369 782
825 430
1510 1182
1808 553
1204 821
1388 601
1854 164
61 1505
733 334
1385 1139
1474 677
196 909
1110 502
11 526
189 1576
267 1584
652 1541
1030 735
1155 1328
1264 1906
1689 1895
80 146
1631 1463
1820 1236
770 623
1009 735
1057 1739
314 1681
1316 777
423 1437
342 1282
651 845
2086 1176
2153 1079
210 1584
1280 2036
1661 602
332 322
1093 340
1329 1039
8 2007
1359 1531
1262 495
1529 749
2177 1870
792 420
1443 888
2173 1443
1395 673
1482 1391
741 480
2067 69
1104 1248
1919 1329
1950 374
2042 1858
581 256
1433 495
1255 1924
592 953
830 1535
1701 926
694 348
799 480
1784 963
2192 1912
2241 1946
2157 1786
1254 701
1612 20
2193 1728
307 1134
1672 1230
1890 1446
1696 676
2226 2036
1259 2015
2100 1825
247 990
1381 1638
1870 904
1249 1135
1305 1141
1744 1462
6 1393
260 434
363 1567
628 944
1248 553
1344 469
1528 1746
759 1689
1021 788
1127 317
1485 885
2048 60
754 280
1363 163
2163 143
320 1396
479 1463
510 1437
780 480
1948 1482
357 390
1609 1347
2231 1019
1295 1453
1378 1677
1461 872
1962 559
1656 725
1697 1430
1001 1280
1274 1845
1460 1391
1521 1795
221 1015
969 1629
976 687
691 264
178 492
742 480
1804 1455
2063 764
794 280
665 601
2133 1040
901 666
1216 592
726 480
1945 271
1317 1605
1735 752
1961 1117
2055 51
1296 515
1151 110
1441 743
907 582
1983 1875
1496 743
264 713
2013 69
809 735
1130 1459
1796 615
53 879
1077 480
1459 888
1719 1875
632 38
887 61
1399 1885
1022 430
1902 1513
1969 1170
473 359
1115 430
1560 1769
999 687
1111 761
647 1400
1080 483
1099 902
1252 553
289 1151
1090 502
1213 439
2001 624
2283 903
10 1623
1318 703
1531 1529
1625 870
2166 1338
952 1529
1729 1091
2069 597
1340 1743
837 392
18 633
236 16
1532 1795
1831 1880
246 1639
750 1149
2184 174
329 1977
1917 1982
341 853
1158 444
1665 1368
1366 66
2217 1957
193 1059
902 762
980 701
103 619
265 1584
955 1906
2113 1684
73 1889
593 420
1487 743
524 315
541 359
1338 1731
1490 825
1424 1130
2034 132
2183 1245
2211 1308
2273 1565
144 1404
308 655
814 939
1304 1544
19 766
1372 2000
2201 203
217 1806
914 388
1177 1135
1745 1678
2279 303
1231 1001
1957 218
2050 1230
1112 1869
1522 46
161 1015
923 759
567 1868
1114 60
22 97
1906 985
306 615
680 1667
187 1161
629 350
1452 1352
2142 1849
408 404
472 1301
1373 877
1775 1236
371 2000
1376 163
1495 1416
2043 759
1273 926
1337 1638
1398 1429
1895 409
811 1977
1133 760
1209 687
1265 673
1878 180
208 1607
1013 1629
1591 709
854 1039
1126 1947
815 335
1024 1421
1546 1822
1768 1616
1357 1531
1682 712
730 954
836 589
1074 1611
1400 163
1662 1486
1767 1517
1084 1765
1088 1610
1401 1350
327 866
33 1174
326 116
340 853
1954 250
705 267
1076 474
67 171
1098 1902
2131 1621
2187 140
24 174
543 282
915 1739
1368 1951
1196 553
1276 468
2182 1488
339 23
1290 1549
1315 777
1845 1670
222 655
1762 889
1263 553
1431 1139
1924 1463
1356 163
1909 127
83 168
1143 604
1078 1296
1706 461
1839 1977
668 1536
617 426
1406 529
2199 952
1694 42
1713 359
63 1024
1539 910
1270 791
1370 1793
2014 84
1545 388
321 1572
1353 344
1953 625
1799 1412
351 869
1421 163
1426 2037
1407 1139
1419 163
1922 1684
374 803
461 374
1361 1818
2099 1430
1019 1248
78 1390
904 735
373 271
844 480
79 1490
1117 1421
1630 724
20 811
2213 823
948 194
1806 1385
226 1529
927 273
1408 163
1420 1885
1175 1135
1432 163
254 219
1447 687
1740 1109
35 227
1978 321
1037 1248
1891 480
1680 1501
542 1503
1606 213
1097 1805
1172 746
1191 626
1974 1946
1785 1216
1212 1328
859 1919
1234 1328
1289 926
2089 126
121 774
1782 566
774 1743
678 504
833 1974
1964 374
434 953
1811 121
1102 1421
884 480
1081 1421
1473 1529
768 465
303 1956
1386 163
304 1399
1387 2000
1724 461
519 400
1235 439
2004 1528
231 655
1748 175
493 1499
2145 1657
2170 1485
2185 1534
2254 849
421 990
570 392
27 1254
1072 1615
68 1748
2016 92
2029 989
348 1413
392 609
520 1296
1970 321
729 1057
804 1497
1575 1581
1792 50
789 180
1348 275
1367 1849
1397 1411
2258 691
295 849
1516 1881
2090 1630
2091 1109
1593 1791
2264 657
745 1931
1215 1135
215 193
1144 543
1193 596
1393 1586
1975 1946
1261 592
1349 1536
1413 1430
762 1807
98 1284
1645 1020
1200 1075
1396 1682
2087 390
2208 271
1233 1328
1956 938
2155 156
650 95
1199 592
1330 1521
1587 1784
21 136
1211 97
1180 1200
1384 1429
1247 1328
1203 1517
1046 28
1358 687
1743 1831
1976 665
1228 198
1201 243
1668 1971
1941 1353
806 1467
1160 243
1182 68
29 195
1260 1845
1605 583
1695 186
1208 1714
1347 594
1674 1289
298 1396
1159 1905
2260 921
1174 1328
679 685
1687 1736
1758 685
49 2030
2093 34
1032 1629
2070 1183
297 1396
1616 1003
852 235
1965 1872
1586 1540
1966 1117
475 1190
1958 1117
1198 1745
2078 1353
1145 1402
1905 501
1613 1684
1214 1135
2041 1353
518 365
1333 1575
1951 218
1632 1387
1960 1117
422 1946
100 1897
728 1695
1218 592
1968 1058
1343 2020
1222 695
2257 1345
1698 1186
1967 1667
56 851
704 114
883 361
1309 1663
1581 555
294 1658
316 929
1173 872
761 1056
1232 1111
331 560
753 898
706 954
1590 853
1636 47
1157 821
345 894
1154 872
607 743
313 317
1192 1328
1972 485
1627 127
1383 1682
393 624
1959 990
1327 688
1827 1606
1382 1682
25 1206
1339 908
2098 1670
1246 1426
1194 592
1511 145
1778 566
1181 604
1779 901
1783 1456
1314 1749
727 504
460 1667
1128 429
439 1157
1623 184
1417 665
2006 795
788 1684
1654 1156
1418 275
459 1515
1963 340
296 956
1156 1960
