img27c3.jpg img29c3.jpg
1858 1289
1599 1146
1633 1152
498 521
1380 1308
127 307
2072 1390
1007 430
1852 1308
528 470
543 1151
1901 1316
108 313
2119 1292
110 575
808 552
2022 1195
1685 1392
572 1649
1048 626
638 714
525 294
1865 230
2101 1284
628 493
559 393
2009 1195
1690 1200
2095 1290
2027 1200
2053 1194
550 414
2010 1443
810 552
978 1308
2024 1198
571 290
292 487
476 1151
873 552
2008 1194
349 555
1491 1060
1996 1388
112 382
504 470
962 290
1308 192
2117 1292
1733 732
1816 1269
256 358
324 515
665 1151
905 624
990 682
747 552
151 575
858 527
651 479
1844 1143
2011 1442
1880 1316
853 552
1833 140
514 96
2003 1477
1566 944
1992 470
1764 1231
2118 952
154 548
1728 1075
515 615
1489 1143
1889 1299
711 502
1856 1292
659 506
310 515
2242 1549
1011 626
856 527
1867 1326
2114 201
506 414
637 89
1699 1000
2147 1200
1524 1081
967 682
669 1159
2054 1392
250 391
899 1519
555 444
560 60
908 640
928 1159
2109 1284
1683 1190
1848 1145
968 626
1537 1368
1828 1504
816 1151
1908 777
783 1308
131 548
2076 1392
1717 1276
1997 1020
1855 1316
494 1152
1505 1087
2164 1000
633 60
1847 1284
1851 1289
1881 1316
2015 1431
611 60
1583 1133
2057 1200
523 1151
894 1281
1066 750
527 1098
2075 1194
557 430
598 467
896 1574
926 596
1504 1023
1012 711
1631 1151
499 1098
655 714
1826 1140
588 714
992 641
589 60
1525 1087
556 368
1518 206
1562 1060
2235 1473
2110 1308
636 1670
111 307
124 548
248 1106
1904 1316
734 1151
1435 1621
597 1159
2083 1200
438 390
861 1151
2021 1414
897 595
171 467
1993 1554
269 389
1121 1040
1691 1474
558 1098
1570 1109
991 626
300 555
735 1152
1206 410
1312 1075
703 658
834 527
1321 1185
1124 843
994 626
1029 624
122 575
478 454
105 1000
203 391
443 714
1786 1103
410 502
626 470
736 1159
1658 1165
2214 1196
101 1469
1108 711
413 1333
838 1151
1558 1581
1580 1131
1752 658
692 1151
787 1143
1471 1102
875 580
1611 1312
1311 1213
160 1649
1271 881
534 502
610 73
1995 31
2229 1531
2281 366
204 391
532 430
707 1269
719 1159
1086 1165
1849 234
2012 910
512 502
1506 1146
173 1447
644 545
855 580
1195 410
602 454
1746 177
2129 1679
608 88
276 389
1345 1475
427 535
1064 1486
1749 229
531 520
1584 56
2046 1476
686 1670
1091 641
1866 210
526 454
1515 1368
682 59
1554 1143
1582 52
1553 1368
2092 1284
1517 1308
2140 1436
871 1281
328 1261
1430 1145
1787 662
1838 1136
2151 1554
931 1308
1379 1014
574 521
667 1159
624 548
1540 1673
1789 333
1313 1566
1757 1231
577 548
380 502
807 565
59 1504
619 1151
2216 1496
763 552
502 470
609 714
1436 1341
464 1146
1500 1357
1526 1368
1832 1477
15 1468
223 365
554 470
285 409
585 68
649 658
766 552
801 1308
1243 769
2071 1476
389 601
266 896
1549 1368
447 502
1597 1048
784 1308
399 601
793 1152
1245 1075
2032 1566
657 60
693 1159
179 1360
709 615
746 511
835 1124
1894 1368
1342 1043
2065 1249
235 391
444 1333
503 1363
675 377
656 601
683 1333
1501 1368
225 1361
924 596
1607 72
2144 1200
1346 147
2212 1420
398 502
495 1151
537 1316
575 1098
903 580
1135 896
2097 1085
1047 1165
2251 1243
594 1151
960 1325
275 334
983 1325
64 1487
866 1308
317 177
587 714
752 1159
995 322
418 1603
599 1649
158 1121
1493 1070
84 1429
601 548
227 391
576 1363
1824 1136
625 377
889 1308
1507 1146
1861 1308
2007 1388
92 1367
149 1061
386 1103
645 1649
2060 1474
1592 1150
1988 1385
445 60
1138 426
1921 531
718 1159
1034 641
1089 750
347 1145
2148 1468
104 376
165 1429
552 413
463 59
1854 1296
356 1333
513 714
1730 1237
281 487
66 1409
109 562
562 502
1242 1574
1483 106
1791 1072
1868 1486
412 1316
2253 1243
214 1494
400 1333
2106 1281
457 662
772 1152
1006 1574
2207 1528
368 633
634 601
708 584
2156 884
535 59
1377 1079
2275 474
586 60
17 227
28 1429
612 601
2270 1139
484 714
613 502
1653 1161
1762 1224
569 1151
710 601
1887 1289
1776 711
218 391
872 1140
916 1308
561 61
977 1308
563 73
1884 129
2276 1603
654 476
1703 1379
621 1186
1332 188
1409 1227
1585 1505
336 575
1899 1131
2240 641
653 68
641 1151
1544 1261
1711 1020
2033 1372
2104 206
2115 1139
2143 62
530 490
548 1159
773 1649
1747 619
2028 1474
2149 1345
381 502
580 429
1892 159
658 1333
1455 1070
232 365
642 1159
483 60
414 1333
536 59
2061 1243
2079 1670
1354 1475
280 334
751 1152
2215 882
1897 1289
2018 1407
150 1645
1754 1237
489 1594
2084 1474
164 1367
90 1344
1710 680
126 562
448 502
1035 641
477 1098
947 640
382 601
54 1248
249 447
1638 1377
115 576
1109 610
1773 1368
16 1413
240 365
255 554
1326 1265
1106 882
1488 1110
1640 575
1238 410
2123 146
3 1488
383 96
1830 1091
1793 429
1850 1513
212 391
1092 1152
2250 1594
1548 1102
713 1557
966 711
1087 828
2085 1204
436 1548
467 1326
1508 1095
1916 1243
2059 1431
1481 1357
1837 732
2081 1076
507 477
1751 1474
286 400
1671 1170
2096 966
239 896
369 714
1402 1227
1734 136
428 1115
646 547
664 1151
584 1588
545 1159
1299 474
573 454
821 1060
1910 1147
401 535
553 1195
1714 186
1769 1237
1805 1143
1927 125
989 711
2020 1378
1621 1286
1736 1020
1860 1127
2132 1616
5 1409
508 1098
1944 1302
2252 1243
184 1081
442 601
1045 897
1392 1029
2280 1364
72 1512
458 4
1096 1245
1466 1095
1513 1097
857 527
1298 431
1503 1083
1655 1482
1903 997
430 645
132 1098
138 577
237 1708
415 501
1834 426
549 562
1336 1475
1598 996
1842 1292
643 1159
1229 1192
1766 999
758 1308
36 1413
888 1308
1152 1281
1275 410
1888 206
1981 1423
1120 1407
1708 1275
1283 552
1650 1473
1715 750
411 502
481 601
1556 1666
1618 51
367 602
1364 1227
1134 1140
1608 105
1033 641
1479 1095
41 1171
75 1512
291 554
330 515
578 1344
1050 684
1118 1140
1937 1183
1971 1314
524 1296
1620 1377
2191 1694
145 1090
1617 1301
1071 684
1788 412
1862 120
0 902
207 1546
485 1647
1812 1379
338 487
546 1159
1542 1357
988 70
309 1585
606 1075
1166 896
361 68
1578 234
1989 1546
1499 1357
283 1447
465 883
234 520
318 487
355 96
744 1221
128 546
538 1694
199 683
1411 1080
1634 1186
450 572
544 1152
1042 1281
2002 1041
119 546
1069 440
1761 565
1026 1574
1205 847
1237 614
1624 1616
1686 186
1741 309
2064 1204
34 1512
89 119
446 502
2111 1440
9 1488
922 1236
107 348
397 601
23 1512
216 447
831 511
1230 1686
172 1725
829 1281
959 1140
496 1473
1041 1281
409 1600
1573 1140
99 1576
299 1433
685 502
51 1248
396 535
480 68
945 597
1987 1385
262 420
263 1073
404 69
432 536
717 1151
1648 1687
878 1151
1082 1519
2141 858
1136 769
1457 1095
1480 1231
2030 1335
1700 1041
2171 1231
1577 1673
1679 1480
1635 1301
1942 1202
539 979
425 106
1898 1621
2103 1498
257 400
1707 227
1445 1276
1739 1389
623 1454
688 999
921 1519
1712 524
379 601
1241 1526
2044 1475
509 1183
814 1033
1434 1621
1982 1546
2222 35
48 1472
2247 686
50 1512
188 1429
335 583
70 1504
895 1281
1801 292
2263 1615
2 971
1990 1385
2045 1124
1604 997
1926 420
2237 1541
622 1186
486 517
1920 575
169 1679
1925 230
2228 542
2037 1476
337 177
1646 1377
1664 1040
1813 174
7 237
666 1159
1264 614
1571 786
1600 1728
74 1475
106 327
1841 1276
130 311
245 365
684 61
1692 1178
1802 490
137 317
180 1715
370 601
663 1473
1821 1275
1859 90
2017 1430
344 308
1835 526
470 715
1171 319
2023 1479
2234 1541
323 1585
1292 831
1943 1211
384 502
1702 1523
1984 1039
157 348
253 1503
1737 1040
1777 686
2058 1112
440 1670
1446 1621
1236 614
120 311
1256 1574
605 1344
1165 1140
1753 1237
963 596
1637 1060
1795 1085
191 326
1197 754
2180 52
540 603
874 1001
1846 2
1449 1621
1378 1080
441 1333
1569 706
117 921
417 1557
551 1098
595 1152
1721 1519
2176 632
13 921
462 1670
1869 1368
416 1557
1302 890
1547 1133
1840 1490
2165 1567
1448 1011
1595 1620
1879 1333
1015 1036
1065 1546
1438 1070
1390 1093
918 1637
1639 520
1803 1735
230 1340
1527 1289
1603 1631
1225 1574
505 330
860 1152
487 118
1279 1694
492 638
1202 410
1360 1080
993 1528
1167 1379
1187 320
1282 1081
1998 910
767 796
1123 1040
1307 1419
1465 1070
96 1735
1820 1161
350 1732
961 806
522 1000
690 517
949 177
205 284
582 1429
1484 1140
2102 1636
2169 1357
395 502
1119 979
168 1699
2146 1554
466 51
1394 796
1541 1102
1189 1442
1319 711
47 1409
1025 1647
1422 1080
1601 251
591 177
765 511
1626 633
1677 1171
2158 1630
1853 584
749 645
1055 1735
1602 1301
1670 95
264 1662
1450 1093
1915 1011
129 287
1004 1519
1144 780
174 1344
620 227
1053 1535
1403 1079
2066 1475
1137 645
1759 1429
220 1473
1807 1379
2282 1272
134 299
365 1316
456 350
1062 1140
1460 159
1475 1572
1614 1377
2188 1231
142 1341
190 186
830 658
39 1350
86 1535
200 5
1293 794
1642 1301
2139 1335
2261 1694
407 596
2186 1563
1389 1621
826 1102
996 1036
1374 1011
501 368
697 188
270 1379
449 999
614 1585
1107 1420
162 1251
846 451
848 1637
1375 1621
891 557
82 1202
877 1650
1530 1123
1649 1028
2152 600
2172 1661
55 902
828 1637
1772 1504
2073 1368
2062 132
159 1375
1657 1301
1885 1102
385 502
2174 1139
1075 641
1277 924
970 626
135 1580
156 1059
1244 1725
1675 181
1994 1362
2154 1472
1410 1621
1482 1475
125 1588
390 601
1267 1679
166 562
616 732
701 1364
1716 1118
2130 806
102 971
596 676
1492 1095
1557 1309
1774 95
2047 1705
153 311
1456 1070
1462 1136
1641 1159
1428 1076
2121 1664
387 96
113 562
2116 1309
827 1637
1781 1171
1825 1133
2159 1188
259 436
618 95
1054 1735
1325 1482
209 444
1468 186
2181 633
97 1241
940 963
604 577
785 1637
1413 1070
146 319
136 311
566 1603
1750 95
2197 964
1568 1262
722 972
429 1557
2271 515
346 37
937 1530
1706 493
715 1459
757 188
986 174
1596 1377
517 929
1404 1059
2128 999
43 1
802 1637
1141 1364
1179 1680
1278 918
1723 481
2262 1695
311 10
698 188
1610 1301
140 448
147 576
301 8
377 96
782 1278
1979 897
2236 1365
1153 320
1510 84
1798 1247
57 1345
284 480
1817 1242
2265 140
529 1108
778 1735
900 1236
1458 84
935 1281
1760 1566
1911 1123
511 1316
882 164
1756 1108
366 1146
2267 140
42 1735
1266 166
1871 506
1470 1063
2160 910
681 36
273 1708
716 1459
1991 1385
2040 761
60 1086
176 1556
568 607
437 1594
1384 1044
1474 1572
52 1512
1186 979
1536 1389
648 1075
1240 1503
1704 1407
2173 1526
911 1735
912 1357
1427 1070
1843 1055
1552 1292
32 1367
76 274
290 1340
1810 1243
279 1444
1615 1647
71 1512
170 404
700 591
748 866
224 1679
424 502
426 584
1095 1328
2112 1289
354 714
312 440
939 452
1980 1353
1589 1301
314 1250
479 1152
1688 1599
2026 129
2048 670
2243 788
867 1071
1415 1070
1809 1263
77 511
277 358
1561 84
1765 682
2036 1467
2200 806
2278 1544
862 607
1478 1070
521 585
1306 711
1883 1327
631 182
731 999
1361 1013
1494 1434
1496 1169
1257 1040
141 311
1771 1171
635 96
482 777
1002 1637
1103 1637
2198 590
352 1145
2221 187
2150 966
452 99
1125 1152
360 1144
1472 406
2195 798
320 16
261 1360
786 1637
1049 736
1551 1262
288 466
1028 1407
1463 1080
2039 1034
185 1679
1863 1344
1986 1047
302 8
712 741
1176 410
1190 1011
1594 1668
1669 1523
730 1595
1251 795
1864 874
516 739
564 99
1742 296
1935 1202
1131 1102
2074 1616
2249 401
1010 1121
85 1206
183 999
1223 410
984 1574
1936 1183
2210 898
832 1131
1440 362
1720 1075
1900 1292
2000 15
2124 746
2125 168
791 585
1391 137
402 100
639 1585
803 1637
189 284
942 680
1727 1407
944 1555
1744 122
676 1357
1693 1504
1365 1475
359 1444
1684 685
1870 739
670 717
1105 708
1369 1168
2108 401
293 466
1254 614
12 1248
45 265
590 979
818 607
1285 181
724 1735
919 944
1183 852
95 934
186 596
813 1048
941 1236
353 855
737 972
1027 1615
1217 451
1977 1039
306 917
455 1332
1100 1357
1388 1011
699 1475
812 677
1043 769
1178 410
1220 794
1815 1091
1872 210
1896 459
1874 106
2204 1556
474 603
1423 1478
1469 543
1666 1339
2202 213
155 1188
1005 552
672 671
849 206
198 1679
981 1690
1823 1270
139 1165
1334 316
81 538
2126 728
1268 1147
2035 737
2255 1389
282 1714
1044 1574
1083 708
583 529
1031 1230
847 1637
1023 1637
1572 1238
2194 964
721 972
1288 1003
2227 979
953 854
1291 782
1907 1420
46 1346
152 1073
1122 1426
1210 456
1255 1600
1628 1159
1932 1211
2266 1694
768 93
1939 1447
62 1409
671 651
1619 80
1719 1572
1768 526
325 466
565 1163
998 1512
1441 1205
1663 1034
2230 1536
362 1662
1016 159
2051 683
2239 625
40 1248
65 1248
792 585
1543 1483
943 118
1253 614
1923 542
892 1637
925 1306
661 585
936 1239
2213 1516
219 1653
1127 463
167 437
221 858
251 476
1129 1075
1539 1373
471 779
920 787
1919 1180
206 1424
898 1253
307 1440
933 1102
1259 981
1416 1292
1857 1198
37 1487
1058 1357
1797 679
118 1090
630 1445
723 151
702 431
913 552
1335 159
1431 1045
1497 1572
1678 1655
144 1224
228 1173
1239 1570
2086 1043
2224 168
739 151
1514 1389
1735 1186
229 48
1405 1701
1412 1515
2231 1466
887 1229
1227 522
1836 1136
468 1697
1918 1361
2274 506
1401 1045
11 814
351 1261
2175 1492
1207 1286
1804 638
2077 186
640 1568
870 1239
1219 795
1574 503
1170 1726
2178 1333
547 1399
687 1585
1316 208
1509 1454
2107 168
364 96
1188 213
1324 999
917 1273
490 634
893 746
1498 1122
2217 1077
997 1295
1000 1637
2189 1143
405 964
1385 1044
2134 1690
14 1488
1831 1728
2196 1603
433 688
1512 1192
2138 1536
1426 84
2161 28
864 986
885 672
2220 1126
2225 989
1355 1447
1395 1085
1738 1467
769 1163
627 1108
1168 181
378 96
1265 1133
1344 495
1535 1063
358 570
403 806
1946 547
2099 1542
1155 801
2056 1337
2179 1289
233 596
1258 1202
1477 1454
1502 203
2205 1442
287 339
842 672
1185 452
1522 1111
1341 999
1940 383
114 966
1017 84
1588 320
2163 234
315 1490
1873 406
2001 54
820 578
851 825
1224 1519
581 523
938 168
1565 1600
1877 715
2105 1183
116 1588
211 1679
738 972
890 1146
1151 1637
1262 830
2182 1130
30 237
91 122
1164 706
2135 806
1248 871
1659 1476
1796 994
2206 1732
743 672
845 1102
1039 1688
1076 582
629 354
69 580
1272 1163
1297 1163
955 632
1644 1661
1814 1231
533 839
1952 1021
2190 730
689 1048
790 796
333 767
850 168
1442 741
1559 128
133 1580
1052 1328
1676 309
1373 1568
308 977
1260 1730
1320 577
1362 1058
363 36
771 585
1001 1102
194 1523
593 1422
982 1519
1732 189
1947 422
192 1024
226 1677
987 619
1142 1374
1564 727
2088 845
2082 1504
202 1679
388 96
1093 486
1724 493
1949 1477
195 1679
1576 672
1955 1183
123 287
1101 1637
2211 1578
2268 140
26 239
181 1098
825 1102
88 1475
775 445
1398 1056
673 671
764 796
1249 816
1060 613
1111 466
2277 1659
8 800
1785 1085
1357 1568
148 1211
779 1735
1115 1102
1209 1513
44 1131
714 742
934 1637
1099 1233
1221 27
1532 1272
1 1420
243 1679
909 159
1310 864
1643 228
1790 1133
822 1512
1022 1102
58 237
1289 836
1656 125
1731 122
2087 169
2137 1628
600 454
1169 309
1287 1603
1203 1565
2136 867
1139 1719
2127 63
231 943
863 445
958 1690
1057 1661
177 1271
1331 1424
795 1466
1146 1321
2038 1460
2203 1306
258 789
923 1108
1929 1424
2016 829
2122 1281
500 711
1359 1058
1399 1366
343 630
755 445
1673 1366
1713 165
1725 1118
163 624
196 1299
750 797
1315 208
2209 183
342 1606
770 789
930 892
1523 1104
161 1091
510 1269
1681 1102
677 252
732 964
740 1735
1204 1244
1419 1064
406 82
1030 796
1094 440
1305 1648
1665 193
265 1582
394 1140
1705 1419
1999 34
2025 1478
2219 1039
222 978
1421 1064
1444 1070
1162 1185
1533 1169
2094 1336
334 983
469 964
929 1295
1008 496
1406 495
1718 961
1913 1544
1933 1364
289 884
979 1637
1545 203
1763 972
674 682
798 1735
1350 754
1443 84
2080 892
305 1270
488 212
774 122
319 1732
975 1111
241 1324
972 578
1073 684
1616 1056
1270 1062
1486 362
1770 972
652 87
910 159
1882 999
2233 1133
242 1084
1914 1019
2031 1204
1079 613
1126 1719
1182 1240
1352 1366
1938 1424
1931 1379
2177 72
2232 536
720 236
1063 769
143 268
497 350
1467 1510
1822 1136
31 1512
1147 1389
1437 261
1625 123
1902 1164
2283 92
2269 1684
695 717
868 746
1067 463
1143 801
1150 1637
454 121
461 530
946 970
1464 1454
451 1603
1878 1306
2192 1676
1454 553
1563 1262
332 230
1934 1374
376 502
725 1735
881 578
2052 443
2162 1715
733 881
839 972
1036 188
1978 927
950 578
1284 625
1353 1092
1794 1235
1780 1530
87 1462
869 1637
805 1212
865 854
2279 465
696 1104
1085 999
1296 1294
1647 139
836 866
901 1131
420 596
1606 1135
1886 1281
1930 1477
1084 806
1294 33
1845 1262
2223 1536
1199 1565
1519 553
1148 1242
879 578
1301 1297
73 748
957 1513
2245 49
1697 1542
2120 1242
809 1131
2069 976
391 596
980 1143
1689 1556
1800 1576
1453 1515
2049 201
491 1123
579 367
841 1422
1876 758
777 578
815 259
1175 801
1520 415
1300 1051
1309 734
1414 1454
1912 1044
1917 1348
408 1041
603 431
837 607
1591 1141
1829 1600
1928 576
1985 947
2201 287
93 1540
1386 1064
453 143
932 1669
1376 1064
1784 1082
2218 897
660 108
1660 1469
1672 793
121 1212
691 174
1280 1648
1818 808
1340 1568
1651 128
178 610
840 1206
1439 1070
1487 1169
1875 665
2248 1648
472 138
297 20
419 515
819 445
1722 1192
2043 1469
854 1131
1806 1256
2254 1262
1158 811
1020 229
1819 7
1059 1595
1149 613
238 943
1303 1022
1351 347
1528 148
2256 1389
2259 1273
271 515
1200 871
1473 38
244 977
817 1231
2005 446
1338 1654
322 945
374 691
796 1171
1021 1233
2168 1136
880 651
1370 727
1534 696
1550 495
1956 485
2183 1137
1516 1614
19 18
213 969
175 1219
662 177
1740 1631
2050 1490
1555 804
1743 1709
2244 897
1184 1220
1950 421
1407 1058
1726 1478
1425 1594
1895 571
1276 782
1636 1057
884 916
1233 780
1948 1364
236 33
372 1091
1273 122
1701 129
2272 1015
493 1295
1014 1650
1216 852
1459 83
201 811
1476 1042
326 56
952 1357
2167 1368
254 943
541 596
1433 1515
252 845
1018 1304
1451 261
1629 1328
375 230
1252 871
100 1160
797 1422
1397 266
4 74
260 202
1339 1709
1371 1515
760 1480
1114 1350
1133 1462
274 530
295 22
592 617
756 651
1323 1697
2068 145
567 715
927 640
2166 911
1247 1730
1560 51
1924 630
2185 1137
1954 319
197 1320
706 277
951 188
1452 1491
18 919
1003 203
2153 240
1056 1245
27 1498
1420 280
80 712
103 276
1962 1061
907 803
974 1421
985 827
1222 27
1839 263
781 672
1116 1262
182 395
2133 1379
1274 1730
1521 1643
1893 850
2055 140
2226 1459
53 1724
217 1704
1080 493
1329 1668
434 121
1945 440
694 362
705 1066
1393 1045
63 1367
2019 183
2029 737
971 1023
94 237
1286 1512
1586 1238
2100 637
964 483
1228 289
973 717
1040 632
754 682
800 672
1263 782
1363 1064
1198 1240
1983 792
2004 1464
2063 260
1674 888
520 1166
1546 1290
2184 1235
83 262
2258 1253
906 605
976 153
1104 1495
1531 1119
1261 871
914 854
1652 575
1160 751
1328 867
2273 878
278 863
615 573
2208 950
776 578
1061 1637
753 133
1317 734
1694 85
67 696
1177 871
1400 1064
357 630
1161 1040
1424 1540
1461 1235
1356 1064
1630 116
1077 1596
1191 722
1680 1463
473 121
435 596
210 1147
268 48
1172 1090
1922 1172
1110 1377
1973 1651
680 1270
1068 684
1218 871
1709 48
999 251
1358 1064
1682 629
2157 880
915 1661
617 812
1485 129
38 343
632 1262
1231 1357
2145 1061
1322 1568
272 967
1214 871
1408 1064
1567 1403
187 927
1117 1495
1318 1145
1953 383
246 1494
1432 1064
1961 1034
2013 1530
2170 1319
1193 1448
1490 1262
1767 1731
35 247
1696 1076
852 453
348 1540
1748 1043
1140 1719
21 1341
1290 620
1159 1719
1246 774
843 672
79 237
1613 1148
1281 1318
1605 244
2260 1154
341 28
965 970
1957 1579
1347 1220
393 1250
1098 1357
954 1233
1662 1163
215 276
247 1651
1024 258
1215 816
2238 12
1013 1090
1632 1160
24 1300
1074 1374
1269 1722
1538 854
1775 1531
2246 1720
1194 1565
1211 187
1811 1003
208 197
339 91
668 1399
876 1276
1196 738
1495 1224
2199 382
345 1445
1330 1467
1235 669
844 672
1667 528
1130 493
1755 642
298 14
542 174
1046 1145
1051 1375
1337 979
33 1521
392 1027
2034 224
193 5
1226 758
1906 1528
1782 906
794 1176
519 92
969 223
2131 505
1201 1134
2067 1596
2078 990
1213 873
1799 1573
331 41
61 506
948 1557
1304 1678
1695 629
1966 631
823 672
1951 530
2187 1498
1070 466
1212 1730
22 325
327 1145
1090 1010
1387 1064
1622 1360
1968 1010
1745 107
2091 1267
1827 564
78 194
607 416
859 894
1132 1595
329 1286
1180 1724
1783 145
729 309
1792 871
1964 530
741 672
1009 1131
1072 345
1113 127
1372 898
886 672
431 573
1654 224
780 243
806 453
439 1197
1381 979
1429 1633
1447 1513
1348 299
2142 1436
20 237
902 980
956 1637
1163 1122
2014 282
1581 43
1234 781
1145 780
1174 801
742 243
1579 928
1078 1504
679 278
1232 793
29 1167
1909 1092
1097 243
1208 713
267 735
799 251
1905 1564
789 1036
1609 897
1157 8
2041 1113
647 1361
1758 1062
2155 240
304 1388
1970 1609
762 1566
1314 1373
1038 251
373 440
2241 1609
518 100
1368 909
10 543
1575 897
1965 1307
2089 881
1976 1046
1081 1495
1349 1092
1173 973
2070 1251
1295 208
904 728
726 672
1612 1654
1102 1637
1511 1153
1778 1254
1019 1703
1975 1609
1645 1411
6 642
68 611
423 1325
1192 901
1623 1588
1890 753
475 536
811 1170
1941 1356
313 1263
1250 871
1808 871
728 1228
1333 1435
1037 1275
371 788
1729 1401
650 582
570 1399
1418 1374
1529 1262
460 530
824 672
1587 619
2042 1544
761 1168
1661 460
1891 1554
422 1651
2090 1485
2193 1224
2006 1336
303 431
1396 1613
2113 1259
1367 1656
1112 1573
56 695
98 1123
833 521
1963 463
421 138
1154 793
1969 927
1687 1076
316 1586
883 1719
1366 271
1974 990
2098 931
1593 212
1627 542
49 919
321 1717
704 684
1972 1046
1958 1191
1960 1191
340 23
804 986
1181 940
1590 816
788 1396
294 1605
759 906
1032 154
296 41
745 686
1383 1521
2093 1038
1128 700
1382 1627
1668 281
1698 1656
459 205
25 1540
1967 1135
678 1077
1417 998
1088 710
2264 816
2257 1629
1779 659
1327 1633
1156 484
727 1485
1959 1413
1343 626
