img22c3.jpg img26c3.jpg
1149 1050
1633 1329
1653 1353
1688 1486
1148 1050
1871 1644
166 241
1768 1550
1235 1068
1836 1607
164 239
1114 1050
1812 1169
1174 1011
787 877
847 878
1570 1289
1600 1313
1234 1087
573 659
777 890
1920 1716
1486 1246
1258 1101
1439 1169
313 363
1761 1528
1484 1199
570 581
798 649
1254 1094
399 427
140 213
293 356
1854 1624
124 194
388 440
1891 1658
36 81
931 953
796 834
1652 1351
425 484
635 719
1532 1257
1689 1465
453 578
1865 1639
1069 1017
1128 956
1083 884
1212 1063
599 576
1584 1289
868 915
1894 1289
47 122
1367 1128
1846 1366
89 154
94 178
428 536
1036 1020
1015 943
250 309
954 1049
1242 1093
879 815
387 407
1629 1316
1598 1320
861 930
1025 850
591 617
1459 1536
842 815
919 982
545 559
571 559
1494 1242
1751 1483
1144 1058
1571 1663
240 296
1078 1035
410 500
990 1005
1789 1552
1639 1341
1123 1042
1928 1721
401 407
1161 1050
1672 1395
1505 1249
1455 1200
1002 1071
1034 993
1631 1366
1879 1645
130 205
617 618
1093 983
1806 1581
1262 1105
1907 1692
1750 1505
1847 1628
280 329
1855 1598
1184 1023
1225 1064
1617 1369
857 815
877 843
896 907
1666 1439
900 815
1779 1539
690 838
1247 1091
1766 1538
159 232
1039 919
1100 900
1845 1621
840 928
1159 1049
1327 1119
277 328
1060 779
956 930
1233 1089
929 815
947 891
996 871
1526 1231
1590 1333
1720 1509
548 495
952 815
927 929
1135 1022
1115 946
342 393
943 939
1122 1041
834 800
1023 964
1861 1632
1884 1650
1685 1480
580 559
878 961
620 697
678 829
903 952
560 629
906 718
14 50
893 844
1919 1723
932 952
1160 1054
1110 1049
239 295
1108 983
1438 1179
998 952
1565 1278
338 388
1610 1308
328 365
814 724
1881 1647
433 500
993 893
1588 1340
605 644
1684 1479
564 558
848 866
1527 1251
74 146
592 589
1641 1389
1932 1736
727 746
80 164
424 477
287 340
469 527
806 878
1050 972
1106 1027
1037 961
1377 1137
137 209
975 975
1680 1464
86 166
788 887
1022 952
1492 1223
118 192
750 714
1071 1005
290 337
418 504
1074 974
1541 1296
102 173
1351 1129
1536 1284
585 597
899 929
979 1050
1577 1119
153 223
817 671
615 559
687 516
981 863
835 774
1058 903
1003 765
386 578
644 770
794 927
1136 1023
324 374
444 397
627 768
989 951
1592 1306
1831 1578
724 840
915 924
1164 999
1797 1483
1096 964
624 653
1246 1096
1799 1571
374 448
378 516
772 784
980 795
1040 911
1830 1544
792 738
193 262
375 476
924 671
807 809
397 432
488 484
1670 1448
1924 1724
343 389
567 684
106 1129
1024 861
1556 1658
156 228
1098 945
474 553
1000 836
1126 903
491 492
524 494
528 566
973 928
1487 1221
1104 1039
1905 1695
555 644
897 961
588 666
1145 1053
1428 1149
778 993
49 140
480 470
978 882
64 152
25 111
73 151
816 691
1436 1185
1940 1741
432 499
569 614
82 156
230 286
248 299
1507 1234
1773 1517
540 614
1913 1700
169 244
691 808
1357 1257
1696 1412
403 578
464 427
1673 1646
1125 1035
129 199
1558 1267
1616 1374
841 983
1081 1023
855 649
966 969
1499 1229
856 649
1304 1106
1080 931
1147 1049
409 499
831 842
950 974
1659 1428
1868 1633
610 781
1116 932
9 108
904 976
1445 1224
1042 985
318 366
478 501
1580 1336
398 499
765 774
1095 985
1467 1198
1221 1084
1448 1202
33 99
481 471
1434 1155
1660 1381
21 105
258 310
1090 1020
1904 1689
467 525
1410 1201
5 90
285 336
745 783
1460 1166
1678 1479
934 837
1447 1168
1862 1614
1079 954
1363 1123
1018 895
1425 1157
892 982
1035 982
1091 972
1268 1117
971 907
1933 1735
1075 815
1842 1592
142 216
292 349
296 344
1043 1050
670 599
1769 1543
1785 1523
90 175
552 588
914 938
1348 788
355 418
406 542
1691 1487
838 649
1132 1043
1068 1038
1941 1742
4 89
793 890
581 546
1056 921
1124 1028
1454 1215
1412 1150
1903 140
695 712
883 882
1411 967
228 301
1127 996
1788 1533
1053 930
1811 1614
182 254
701 867
1157 1066
1808 1559
282 330
654 771
1170 1070
1319 1100
110 182
391 448
1026 837
114 187
160 234
507 582
850 855
907 805
933 730
1605 1314
1898 1691
66 145
549 629
638 769
818 813
832 822
953 1059
574 651
1057 912
1601 1358
853 707
1072 942
1578 1257
1585 1662
926 803
1638 1323
1668 1382
1693 1482
994 894
1908 1696
382 397
1510 1238
1901 1678
895 802
1340 788
1821 1589
98 179
763 760
1113 977
126 196
1421 1148
200 278
245 317
442 497
833 811
1099 922
1105 1040
321 360
1841 1601
192 269
664 720
881 848
995 880
543 520
1044 862
194 261
621 698
656 645
1890 1657
1101 806
155 230
294 350
1573 1311
858 848
1112 1049
1477 1191
1912 1701
211 287
220 292
408 476
685 621
957 765
1133 930
1552 1123
1775 1520
851 832
1542 1276
1813 1582
75 155
201 266
1150 1024
1197 1073
969 1019
1647 1337
304 353
753 833
1562 1295
143 218
1889 1655
1209 1080
1822 1536
1866 1341
44 120
54 153
1172 1056
1383 1143
1508 1226
1784 1529
1910 1698
1735 1451
815 1005
133 208
795 906
131 198
882 836
209 280
447 429
725 720
23 73
300 348
598 609
1772 1516
944 926
946 890
411 510
786 936
1622 1327
385 407
577 615
436 572
967 950
1051 944
1479 1214
1 30
283 341
723 839
958 742
1756 1494
1019 896
1840 1613
427 584
494 638
597 643
891 868
976 882
1369 703
1782 1541
37 109
314 358
563 596
836 707
1599 1311
547 503
1021 882
1152 998
205 271
320 373
513 470
556 464
1013 1006
1162 956
1626 1378
1753 1493
210 272
402 499
525 464
873 866
1731 1445
1800 1554
105 181
1210 1081
1926 1734
1603 1364
1917 1708
522 520
1267 1111
1739 1453
445 542
646 711
705 578
1200 1014
1632 1332
341 375
1607 1365
236 302
948 846
1190 959
1534 1264
1897 1668
1927 1720
395 552
1175 433
35 100
633 782
1547 1628
1732 1437
1063 792
1437 1186
325 368
889 901
1572 1252
58 131
176 249
554 575
1564 1306
1001 849
1746 1444
1502 1692
219 294
244 297
533 558
1869 1638
394 383
922 1005
1085 1063
264 320
534 445
1902 1688
307 364
303 359
509 593
520 641
875 888
887 937
1224 1067
1554 244
1612 1305
663 744
923 834
1070 1018
1253 1097
1250 968
16 108
136 210
120 190
1045 851
1086 1091
514 493
700 866
974 815
1755 1656
145 220
417 499
874 721
119 189
1796 1534
122 1258
1446 1197
551 595
925 994
2 103
83 169
284 342
1041 897
1094 1048
1476 1195
446 588
612 756
1052 983
1140 1341
1158 1053
256 314
138 211
988 960
151 229
774 761
1382 1177
1458 1173
1464 1206
538 601
661 457
694 757
1259 1109
1719 1408
1747 1445
1109 1059
1793 1557
949 928
302 346
935 837
91 174
222 285
1609 1137
747 736
767 678
334 386
561 623
901 848
1465 1207
1048 1614
1483 1208
970 879
281 333
1384 1144
1733 1511
1930 1727
1807 1161
813 833
1794 1546
717 676
732 627
1587 1346
1853 1622
128 197
658 598
675 516
733 715
972 848
1243 1090
749 721
291 351
1593 1307
1740 1454
1780 1521
148 224
376 381
1102 463
177 247
1563 1285
1636 1385
1055 985
1111 1048
1725 1420
312 354
1435 959
849 867
1619 1349
503 472
890 889
1089 1019
1316 1329
1752 1554
113 184
583 525
667 733
992 1020
184 250
669 598
1171 996
1936 1737
666 662
680 619
59 133
1749 1507
1154 196
682 721
1814 1170
7 92
353 425
715 665
762 830
1726 1512
672 606
1827 1585
84 1289
336 385
477 566
1880 1689
232 282
789 821
1606 1363
604 697
1249 1076
1665 1545
699 721
1531 1259
414 526
1718 1407
40 110
255 319
50 131
716 738
1489 1203
162 236
330 379
1791 1530
1850 1604
231 281
1426 1153
1516 1287
1589 1483
1765 1549
454 523
968 981
530 614
48 139
404 433
576 602
999 1059
1416 1222
1882 1617
479 506
930 871
1468 1189
18 93
1076 952
1887 1655
1661 1371
1896 1685
1073 973
1828 1579
172 245
921 858
1630 1375
623 617
830 841
1895 1663
81 1289
616 632
671 605
1611 1304
422 542
431 502
997 1059
490 506
1004 1032
316 372
1543 1260
1690 1403
87 1648
735 427
860 975
459 469
501 512
363 465
1328 1116
1582 1302
1713 1414
22 96
512 525
754 869
790 785
1679 1528
115 185
360 447
1059 899
1859 154
157 231
673 591
1016 880
273 338
1442 1156
79 167
720 538
389 510
645 732
586 464
711 736
837 1005
1686 1488
15 101
917 904
1475 1064
260 311
1646 1352
247 298
326 369
1208 1079
886 990
348 405
766 774
1649 1439
426 417
531 574
1627 1347
339 392
519 525
1771 1540
20 72
704 774
1849 1544
279 339
495 586
572 589
1272 1121
237 1099
502 596
1851 1618
1867 1544
1893 1684
595 660
1186 796
1711 1397
559 650
603 470
726 549
1694 1486
1754 1484
1817 1572
61 137
241 304
301 345
217 291
532 642
565 545
714 664
1265 192
1402 622
1852 1602
24 73
32 113
1038 928
1176 1165
1581 1310
132 207
225 288
898 962
1134 1053
1173 875
1339 788
254 318
902 180
977 1059
1305 1267
1805 1536
26 97
1758 1017
31 115
188 256
1129 957
344 404
1020 180
430 498
955 895
1451 170
1918 1711
614 685
10 70
637 734
1117 933
1594 1714
1777 188
234 312
1708 1404
1028 900
1146 1048
1264 1115
1354 788
1511 1233
1675 1467
1787 1635
270 323
368 460
1663 1394
51 127
109 1360
468 469
175 248
340 394
189 260
1737 1454
982 933
1727 1597
1276 1069
1485 1256
642 551
804 949
1504 1248
1712 1544
505 473
758 554
1900 1686
41 125
1188 1201
423 476
991 917
1153 958
1275 1106
497 554
1440 1161
764 737
1092 973
808 855
1222 1082
1544 1286
1372 759
1491 989
1500 1230
498 629
1344 681
1774 1518
315 355
0 106
101 153
1734 1716
553 453
1856 1619
429 497
1359 788
208 279
1427 1154
1493 1213
1744 1444
67 141
191 257
894 845
959 1693
1240 1104
1820 1627
651 569
1676 1463
681 687
562 602
233 308
354 423
905 912
62 132
1943 1745
215 273
916 925
1669 1444
141 215
299 352
347 411
748 620
1613 1309
1723 1419
123 186
443 499
452 522
648 687
419 502
557 711
1323 81
359 430
518 572
1729 1441
85 157
1118 1068
1198 1057
1061 1036
46 121
1077 1028
1528 1219
55 134
1674 1355
224 300
458 450
125 1680
266 331
249 289
206 267
1244 1085
1915 1704
8 85
1450 1203
829 878
1529 136
286 1168
1469 1190
1518 1214
1687 1600
1722 1420
1137 948
1519 136
364 436
1261 1575
1538 1269
1790 1378
1870 1643
1875 1597
1358 1122
1574 1267
1141 876
517 579
703 676
1380 1143
1624 1315
1738 1452
486 578
683 626
310 362
460 588
536 487
575 641
1012 960
1707 1667
1748 1513
1370 1306
1700 1502
1163 1010
1703 1017
737 660
918 722
945 981
1047 1034
529 512
542 544
629 589
392 381
1974 859
1561 1291
1701 1504
1710 1396
251 306
365 454
379 371
650 605
308 361
1385 1147
1760 1497
332 324
728 704
888 866
1947 1571
655 720
1579 1445
238 303
1551 1255
731 905
1017 848
1368 1138
1521 1239
1530 1220
1682 1646
1169 1714
721 684
920 857
1324 1127
1406 1178
1557 1273
1401 1250
393 499
1346 1127
1555 1163
1778 1545
1288 1255
39 118
11 71
1878 1626
483 444
1355 788
1860 1179
859 871
1608 1621
186 253
636 710
928 658
1944 1746
400 420
438 443
1481 1244
1916 1707
246 313
1497 140
516 482
541 453
812 993
1334 1269
1441 1162
729 689
527 613
657 633
1211 1074
515 480
1717 1421
56 149
65 135
104 177
196 264
752 670
511 566
951 962
1263 1025
589 642
1336 81
1405 935
1925 1720
730 670
1857 1615
214 275
1950 415
641 598
1088 506
1741 1455
1923 1732
463 552
1062 818
1392 624
1888 244
1006 755
1471 1193
1743 1455
1730 1443
600 844
1763 1515
456 629
487 564
1815 1561
1970 401
526 1624
1957 1666
1512 140
1677 401
1709 1405
1506 1236
1724 1435
381 516
590 616
1548 1267
876 951
53 142
1618 1483
462 492
1671 1719
1325 1170
93 161
407 561
451 172
1107 962
1403 1167
1457 1183
71 144
676 660
384 499
839 894
568 608
298 250
1306 1086
1539 1260
1824 895
1988 239
706 684
652 527
1872 344
1715 1418
1781 1533
1863 1610
70 148
267 325
1266 261
771 820
504 479
371 488
872 598
1699 1149
819 962
1165 934
1371 1135
257 968
346 395
274 335
1767 1532
492 487
420 967
1523 1219
17 662
485 438
1637 1325
3 662
1356 1534
609 625
268 322
643 704
1764 1514
712 924
112 1094
1010 613
1802 1547
1837 1590
579 603
1014 918
396 419
1644 1342
602 1267
276 1428
297 357
350 412
1449 140
1714 1416
880 928
1049 1020
1728 1450
1029 1300
165 1150
1151 997
1792 196
1302 877
470 492
1818 1575
311 1099
1008 651
1376 48
57 149
352 399
489 526
167 243
805 662
1501 1214
1549 1699
1139 1063
213 284
1245 967
1770 1519
622 686
1301 1223
1361 202
751 761
1462 1473
1097 955
1545 1261
43 130
649 746
740 1554
708 684
738 1160
461 641
846 352
1011 1016
327 367
606 758
698 820
702 636
1352 1314
1829 1364
1883 152
1934 900
117 183
1400 676
383 565
1375 1141
510 555
1087 588
295 1170
1007 651
1503 1262
1745 1444
134 203
500 518
662 461
1067 1445
181 251
369 466
1065 518
278 326
450 202
1496 1685
370 196
173 235
1540 1296
710 1366
1522 1231
262 1293
1270 202
1373 1313
68 159
1413 120
1313 877
800 1747
351 406
619 977
377 377
1420 1182
30 1290
757 660
1297 102
759 1101
779 847
1227 1662
1478 1176
1583 1301
29 86
827 865
1394 1151
333 380
1658 1427
1189 967
1166 935
854 749
1119 1258
1362 756
1667 1667
147 219
697 551
746 1128
1317 877
1433 1195
1550 1261
203 235
1312 877
158 233
1736 1445
466 505
566 683
1576 164
660 761
688 574
940 629
358 1649
366 1668
1345 1133
88 1633
719 527
811 940
1084 966
1876 1636
1463 1186
1951 1631
12 93
632 1349
1353 1120
1960 1176
305 1601
825 1381
1404 1150
269 327
1338 681
1515 1251
1809 1548
1975 1094
1130 1082
1873 1629
707 1160
1634 1322
1187 1037
1199 378
1307 348
1332 1118
2004 1452
1702 1486
962 629
1248 967
550 630
684 688
665 848
679 745
1989 487
212 290
776 890
1389 1151
1553 1287
508 841
631 35
1456 1188
331 343
544 686
692 700
154 225
218 316
1984 1592
441 562
199 1229
630 610
736 684
1864 1611
195 270
942 980
356 413
1945 784
337 839
885 1300
1422 1201
1946 957
472 592
1443 203
1801 1555
1142 1076
1591 1298
960 246
987 1003
349 396
1415 203
1650 1578
1656 1428
1783 1518
828 62
1899 356
116 1378
135 1577
1625 1317
227 305
523 686
1602 1063
693 625
1955 459
1360 1157
197 235
1326 788
1378 73
1568 114
1795 189
1226 1150
1604 1312
722 1068
216 293
229 1004
1681 81
1956 1753
937 384
1964 480
179 1464
111 235
1938 884
770 1475
1931 1183
265 315
634 150
1803 1542
1452 1034
1461 1628
797 749
1525 1100
289 1168
780 1222
843 1307
1692 1489
361 196
1953 1609
42 128
1398 1539
1697 1483
476 524
1364 211
1286 1223
1374 1318
92 70
1524 245
100 161
773 551
963 1671
1786 1415
1031 1293
1381 350
1397 786
1968 790
96 1154
1414 125
2000 1735
174 246
207 1380
1490 232
1597 1693
810 902
852 801
686 904
696 551
761 854
271 289
769 1265
1615 1698
1937 1728
587 758
1256 1519
1470 140
1488 1202
108 1117
909 1116
421 428
867 299
19 79
242 304
329 1279
1387 1012
149 222
1343 1118
69 1378
1566 1685
1586 1329
2002 155
1969 1437
1223 1085
824 1384
870 821
168 1295
781 1554
983 253
984 1297
1640 1018
99 416
822 1218
1251 54
1798 1335
611 1226
1742 1451
1388 1520
226 285
936 1384
357 196
782 1265
475 967
496 987
77 150
152 226
1196 709
202 268
1341 937
1642 1428
161 1201
1825 1347
484 686
938 1193
275 352
323 949
1614 1269
755 1511
1429 1016
198 270
1567 955
1655 1640
1990 1079
1419 413
647 668
1279 290
1935 1738
1295 1223
594 258
1054 1294
911 1300
1877 1695
659 939
734 1511
823 968
910 340
1514 1233
309 1104
1030 1642
362 536
866 317
1315 1538
1498 1378
52 133
1759 1284
1993 165
1967 371
235 385
709 441
826 317
1972 1456
34 99
820 1157
1466 1097
405 241
713 560
1365 1362
871 635
1520 165
465 1336
1032 1408
1255 1088
1804 1535
1886 1467
718 684
1320 1391
204 283
677 507
1985 1089
869 702
1342 829
1560 120
1424 373
1431 1222
1994 98
584 631
1453 1060
163 257
640 42
908 351
601 1329
1121 1180
1575 1339
739 1097
1929 806
1005 1090
1981 1382
1495 1232
183 252
558 1474
455 489
1294 1223
1835 1297
1321 1161
185 666
372 483
1517 1237
473 1551
1064 1671
1662 1428
345 1349
1596 781
1009 1702
1595 755
1623 216
471 766
1963 1257
1645 1391
76 160
964 1039
1103 1550
1282 1448
1330 859
6 91
127 536
1654 1659
319 385
1292 290
1986 1375
187 234
1239 709
95 713
864 1384
38 950
1892 1564
741 1377
961 305
1120 239
1816 1528
150 693
1379 638
1329 1264
45 129
1819 166
1833 1258
939 1686
1252 1117
689 457
1311 738
499 623
607 745
1349 1134
1533 211
743 1265
1651 1210
190 1444
1318 1511
1999 1207
618 16
1721 1430
261 584
317 1733
1954 57
1998 1446
1776 1736
537 987
1287 534
13 63
985 1089
449 151
1066 1671
180 30
1409 1178
1300 290
1513 622
1906 228
521 1346
78 163
668 639
1535 1260
1971 1452
1705 1338
628 581
1635 1655
1757 1233
535 660
674 1690
768 1525
625 627
448 1158
1874 304
1942 1081
1303 1708
1843 1087
1308 832
1546 1243
1695 1227
1509 281
1202 803
367 1128
1131 401
1216 826
1314 1391
27 1063
1185 215
1952 1489
1480 1318
1716 1416
1838 1391
223 277
335 1628
756 684
799 1208
2003 791
1885 304
221 1737
1082 1747
1219 1053
1214 861
742 1525
821 1208
1220 1029
1289 1293
2001 1749
1979 1514
139 759
865 1219
965 1089
1648 188
178 53
1027 820
1230 1086
1231 709
1337 1058
1390 96
1474 9
28 999
60 1642
1922 353
1395 1520
1966 583
626 548
913 593
434 57
1207 1029
1296 720
306 125
1322 1701
440 571
593 854
1704 1589
1277 1335
1138 105
1195 1549
1698 1735
1921 1168
272 308
322 279
97 177
653 1114
107 1092
1241 875
613 390
1823 1276
263 341
539 580
912 1219
1310 1223
1180 388
252 915
1331 1671
1178 119
243 245
1423 1539
253 235
1976 1588
1664 304
1204 388
1473 9
1257 1131
1958 1019
1218 1008
639 700
1949 1638
801 266
1366 210
1391 3
1965 900
1430 334
103 1092
596 1688
1810 742
1939 1224
1628 291
760 266
1683 1445
1995 551
1977 147
784 374
1285 1595
809 1669
1281 1718
1280 290
1657 1025
1182 388
1229 392
171 49
1238 795
1706 1468
941 1323
1291 1634
1217 388
1973 144
1978 139
775 799
415 121
1183 1549
1191 119
1232 826
1293 1634
1309 1634
1472 1298
1143 1575
1201 398
986 1662
1961 1599
457 478
1914 1018
1215 43
1826 269
1559 562
72 32
783 374
1298 447
1033 162
121 1115
435 458
1858 701
439 1124
1335 340
259 319
845 1150
1834 1132
1203 388
1444 724
1284 1381
1299 1634
1283 290
1909 613
1848 1238
1417 698
1980 1717
288 969
1181 156
1192 803
1418 1555
1273 1151
1948 812
863 1706
1155 1088
1643 1391
1962 592
1996 1200
1269 1565
1844 1232
144 1717
1620 1082
791 792
546 581
1408 12
1271 467
1959 1215
412 623
1393 472
1205 302
1432 1519
146 236
1333 1478
744 720
1194 388
1482 595
1386 1436
1569 1298
578 1633
862 9
1537 783
413 579
63 155
380 762
1236 1670
1278 1335
1213 896
1997 1735
482 168
1177 1710
416 979
1237 861
785 1555
1407 1200
1839 1132
373 496
1290 171
1832 167
1206 1549
1168 1352
1399 222
390 531
884 297
1046 162
1396 428
582 1146
437 555
1911 1317
1193 392
1347 104
1179 1575
1621 700
608 65
1260 1323
1992 1447
506 643
1762 1280
1982 3
803 1253
802 1610
1228 43
493 96
1991 300
1274 1011
1350 1176
170 0
1156 571
844 1375
1987 656
1983 130
1167 1016
