img26c3.jpg img29c3.jpg
1289 1289
1022 746
1465 1368
427 521
500 521
516 290
1623 1381
1157 1190
578 330
963 1072
457 426
1169 1442
553 290
1366 1344
1091 1165
538 521
1662 1292
1678 1501
792 538
597 365
1035 674
1102 1100
1474 1390
883 786
1581 1200
1336 1465
1617 1344
815 1072
1300 1282
24 20
1607 1465
1050 707
1129 1308
1073 769
888 603
1376 1475
965 786
20 27
197 192
39 13
442 426
1176 1549
1201 1000
617 409
504 330
1119 1308
797 426
974 1072
1553 1441
1177 1173
1267 1136
0 27
136 1512
1257 1291
752 1072
861 944
1362 1304
1252 1290
764 1071
681 1072
881 1072
120 128
34 13
1544 229
1350 1468
788 1065
1676 1504
1541 1419
19 13
848 1072
467 294
1170 1474
484 292
10 21
3 13
143 1350
1567 1200
240 226
1329 234
759 615
565 292
702 714
1049 784
829 1087
673 1065
1250 1165
642 356
777 1071
1044 786
239 1340
168 168
660 356
1473 1512
1007 1072
1554 1195
1582 1443
995 674
387 455
1320 1308
375 279
1246 1243
712 633
1286 1308
434 662
1631 1388
1247 1243
1341 1477
140 1512
985 804
383 415
1525 1390
693 1072
1668 1292
2 22
1594 229
1149 1091
397 330
1054 804
930 674
1094 1165
152 146
1637 1475
518 683
1160 1121
1558 1443
188 186
1161 1443
1306 1492
1531 1443
1484 884
491 683
976 727
506 683
1589 1204
1658 1284
568 357
1137 1326
1644 1443
1031 768
4 8
1364 1332
378 426
867 687
50 1282
1635 455
698 373
773 714
1357 1415
1551 1431
983 1072
1533 1430
576 466
569 517
376 310
81 1237
1165 1194
1184 1183
415 307
108 60
469 663
49 72
529 357
1030 746
180 1086
904 603
952 854
1444 1385
667 334
527 344
1539 1407
546 487
51 31
5 64
21 22
1382 1357
871 1072
727 1065
1340 1337
652 384
746 476
13 8
1299 1308
1689 1344
1017 1469
1123 1140
512 682
804 1071
919 1072
8 5
1230 1233
137 140
1657 1289
559 423
1646 1237
1483 0
826 746
1101 1040
165 1292
825 1072
953 674
64 63
914 1000
1380 1350
9 27
194 188
769 630
967 1
1318 1145
1348 1350
209 1141
1179 1436
630 321
589 389
1068 1040
714 717
1699 1140
626 516
899 805
1139 1482
1716 1245
156 1291
85 100
169 167
653 389
38 60
1353 1201
1645 1487
641 397
68 72
125 129
944 1072
639 474
1598 1237
497 352
1116 1275
1493 1200
54 100
662 35
1142 1040
139 146
614 397
822 687
929 1072
1338 1548
564 404
150 1118
262 1630
507 344
535 334
1546 1465
306 258
683 541
785 543
1384 1321
1534 1203
48 72
609 389
1208 431
713 714
1520 1407
470 344
632 389
1009 989
1621 1346
947 881
117 188
463 662
1663 1290
343 267
586 404
1711 1498
486 662
1064 575
1107 1294
519 386
112 1545
461 376
1221 1220
1305 1312
1377 1302
1685 1503
1024 769
1028 1308
1118 1143
550 1333
697 438
509 365
1126 1305
1368 1307
795 707
202 200
993 635
1369 1449
595 683
959 1034
196 189
703 96
1285 1283
250 237
1528 1486
174 171
896 892
1060 727
1153 1389
391 415
536 184
588 682
939 688
644 423
1552 1382
1388 1321
210 1139
964 944
1061 727
1536 1474
204 199
1324 1274
542 596
155 159
1331 1271
1575 1444
1724 177
596 356
1302 1490
69 115
213 207
47 91
552 404
790 707
1321 1326
1 6
58 86
1373 1271
445 423
922 69
1278 1292
875 882
1029 653
1086 993
245 595
1540 1431
733 601
1163 159
37 115
448 376
1045 964
1100 602
717 1071
1294 1087
342 263
806 1477
215 172
401 292
502 490
767 882
950 779
1464 1256
1521 1419
14 64
356 252
543 386
1082 788
1597 229
503 515
863 769
78 90
1628 1512
510 292
827 1203
1148 1020
100 181
1243 1133
40 64
1653 1472
924 517
1124 1133
1156 1341
1343 1314
154 1171
699 388
921 894
31 615
365 273
779 69
1360 1379
1557 1407
1693 732
581 438
390 376
80 101
946 769
676 1152
1602 607
1223 1227
885 487
860 854
1601 1535
791 788
1222 1211
1516 1430
494 365
895 1127
982 650
72 94
574 529
756 1409
189 188
523 523
1109 187
1193 119
261 1043
1665 1497
650 1237
1342 1389
1378 1337
1578 192
1639 1194
217 72
371 455
199 140
336 1236
1614 1469
1213 1192
1273 1289
1705 1513
175 173
310 258
377 1302
1706 1538
102 1673
103 115
1016 244
42 75
765 1281
1737 1548
805 1281
955 707
1545 1430
192 1549
234 221
1735 1686
1719 1300
1096 1210
1339 1314
840 1549
857 227
1505 984
492 5
651 321
934 1183
1571 1436
182 319
836 854
1071 823
1032 896
1111 1346
53 68
65 75
1698 177
582 388
92 99
244 1284
426 1725
719 346
737 603
12 25
476 352
541 244
1069 1261
1332 1490
1478 1363
665 603
566 350
618 1332
1178 1432
605 516
873 944
992 1469
1604 291
674 571
70 92
408 336
1280 1284
928 672
1183 1203
521 388
932 769
1513 187
449 490
309 600
577 516
816 746
1390 1330
1648 227
798 516
164 1735
666 397
62 506
459 423
1048 876
238 225
715 1159
984 837
1021 1308
1023 731
1081 896
104 91
687 106
820 715
1738 597
344 258
1025 188
862 805
300 199
370 376
686 439
866 1603
394 995
772 584
353 244
525 322
1529 1477
292 140
920 727
925 603
1168 1549
1277 1290
409 490
956 896
1229 1236
200 192
522 348
624 682
1600 229
407 376
732 389
621 586
872 854
1296 1236
1327 1146
933 929
1574 52
1295 132
1523 1414
615 484
1152 1379
1313 1145
604 50
849 654
954 744
859 1065
1482 1289
453 386
663 502
912 894
1517 1382
1532 1431
249 210
704 645
1062 730
1238 1486
184 1220
1014 1192
1504 1260
419 376
842 779
134 137
708 1637
882 706
1122 1269
1530 1200
1691 1531
98 1693
684 1098
996 747
1449 1511
1666 1674
1729 1193
235 222
789 854
556 343
796 806
1714 173
778 746
1507 984
573 683
1059 837
1127 1293
584 970
514 346
654 1151
1446 1343
228 1720
735 715
981 619
1097 1073
1351 1483
530 36
647 687
817 706
18 37
36 48
878 665
966 964
1538 1447
241 1346
1695 1106
110 125
1066 1124
1272 1284
957 881
1239 192
1739 843
901 688
1198 1213
1012 966
1130 1512
837 694
841 517
1656 1344
280 1126
1251 200
1269 210
911 694
1000 1415
487 515
537 352
1704 498
634 68
1618 1382
513 562
990 902
1361 1548
1712 1525
289 264
1051 1019
1454 1385
755 898
1608 1535
73 83
766 1574
1258 196
113 1163
900 897
88 68
299 199
1008 1278
350 1535
1106 1144
1448 2
909 1071
970 635
971 1036
1708 1524
1439 1434
720 713
847 671
1428 1178
1132 1402
962 652
1605 1466
93 506
725 836
865 505
1138 167
710 400
1379 1340
1573 1159
800 136
1053 724
1749 580
898 727
232 1413
287 182
1333 1315
1389 708
1297 159
223 1504
760 536
1383 227
629 596
1453 1382
1486 1322
414 284
622 549
1394 1155
295 1346
938 866
1135 230
1194 1367
1145 1432
1410 1336
400 376
1677 187
594 596
464 346
723 1159
843 559
850 823
1374 18
45 36
157 161
267 245
1671 343
89 79
593 288
855 687
619 714
207 198
834 620
844 676
851 1574
999 1301
1451 1380
607 1728
1381 1275
1511 1295
931 729
1429 498
1450 643
1488 1413
1609 1486
1636 186
1638 1481
1681 258
659 1237
830 724
212 91
452 355
1180 1184
450 682
237 129
95 107
214 207
807 1170
1316 1327
753 1637
997 1615
351 552
481 573
786 1151
1346 1329
1455 1382
115 199
159 157
381 287
645 68
1547 1566
1723 1548
57 432
501 1560
1307 1144
1480 1364
1588 1185
1684 1284
297 1282
1076 884
1550 320
191 1192
533 397
1150 1034
123 1214
446 1072
1543 1412
25 1721
41 75
583 586
633 584
439 376
945 729
1215 970
480 1676
739 136
747 1159
1254 1490
915 495
1707 1261
86 111
913 731
1284 1272
628 136
661 584
877 776
258 239
754 706
761 603
1680 129
1715 1530
1577 1422
975 1368
1075 881
160 1292
1058 147
1627 1535
1463 1409
298 256
333 261
1265 638
1692 1504
1055 822
603 351
734 1146
1027 721
1171 1451
28 68
83 96
389 258
549 805
305 708
910 892
32 855
431 376
1056 805
206 1549
398 549
718 706
1475 186
1584 1214
203 244
1128 1670
679 651
812 836
1471 828
1216 1407
600 1159
1287 258
1537 265
711 466
903 694
1500 1378
248 1311
876 1449
554 1446
572 596
774 126
441 292
567 682
1314 88
67 57
1731 265
326 261
839 1576
1018 1231
1502 1477
1572 1204
640 630
709 1281
1275 1176
1046 1535
308 848
1467 1330
706 126
783 60
986 1532
916 669
1640 1411
424 1679
784 536
677 1728
897 1107
386 874
570 1497
17 75
599 1603
808 466
1146 1165
968 1175
1220 531
1514 843
539 1001
688 758
1743 1282
417 663
874 69
1074 964
1750 1606
646 758
1036 896
1496 625
1702 300
16 76
286 147
1204 186
1290 413
602 322
1219 1398
296 367
669 616
927 126
977 787
1509 1260
451 1251
949 1409
1218 445
1310 1101
162 1023
793 688
1117 1005
1347 1342
499 306
178 658
335 1300
809 666
1586 1144
320 495
374 265
420 1213
1105 1049
1256 1243
1349 103
314 677
1099 140
775 651
1424 1330
462 490
1395 543
475 750
1042 620
99 181
227 1350
682 1637
880 203
1186 1431
1268 207
856 1468
29 1672
161 1113
635 645
731 188
1259 1260
1727 1585
472 351
1108 1647
275 187
763 651
153 95
884 896
1414 486
166 1735
890 619
908 672
1559 1732
824 672
1162 475
30 115
135 236
498 353
118 705
540 322
831 665
1087 1046
1226 237
690 136
193 459
253 221
114 837
1235 1490
56 116
906 669
101 1670
616 364
1630 192
1004 629
433 490
1560 1413
1643 1
440 336
558 373
598 572
738 1151
989 1176
1015 1608
869 1152
1006 651
236 224
382 1332
833 635
52 64
1736 628
771 358
821 665
1358 1227
917 636
1443 1047
1445 736
515 465
852 884
1155 63
1303 301
172 1469
937 608
524 637
170 39
1173 1041
222 1429
304 137
1110 693
1188 182
742 1574
1721 1615
355 268
1214 258
1393 1535
316 1100
447 1081
1209 1460
429 663
1697 177
1065 1078
591 798
373 276
870 836
1345 1287
1115 184
1199 187
290 1048
1026 1036
1563 645
142 141
1752 1715
648 1587
1479 392
388 1504
1211 1332
277 595
294 253
887 1473
1041 1472
1441 1314
1158 384
1526 1391
1720 1615
1282 661
22 75
471 387
1166 549
1263 1657
1592 1462
1375 128
190 459
823 651
838 266
1462 1430
782 582
44 66
627 1243
728 1637
740 746
90 108
590 502
730 825
811 507
891 669
1011 683
7 274
1494 910
1002 778
35 66
412 1233
606 1497
902 1151
201 244
1491 1073
1651 1455
318 260
430 188
780 1163
216 208
1595 1162
282 250
1570 143
151 148
1084 248
1472 1263
1745 638
1642 1398
283 1367
477 353
1260 231
198 216
520 364
787 836
1244 1199
1356 1297
923 1252
1304 1311
1402 1373
384 1526
63 82
545 374
803 651
1172 1549
187 1389
436 193
750 651
960 814
1687 1514
105 118
111 837
416 624
557 1183
144 178
363 1472
15 86
257 254
330 262
655 1159
75 50
1470 1187
1489 419
1590 1055
149 1167
649 836
941 1036
1634 1515
266 992
801 1728
1620 881
468 596
1040 992
1548 1528
736 979
456 1725
534 1183
819 1301
1174 84
1399 1477
1647 1521
385 1395
379 265
466 279
1083 498
1334 1548
1114 84
1190 1221
1754 1234
11 66
474 400
561 848
246 595
678 1104
1397 422
721 687
460 264
1010 98
1063 1301
211 203
770 1676
323 263
352 565
493 408
91 69
671 836
141 122
392 282
1125 1249
247 1519
455 287
1019 669
490 624
528 374
1649 1170
1261 1281
60 67
116 603
664 1603
1744 1499
361 1409
259 1272
263 1429
551 806
1070 1024
1524 1478
1141 970
1710 1366
265 1474
695 223
167 1289
403 640
620 517
670 1166
1245 1284
1667 1212
183 1216
1210 1321
1675 1701
1077 1368
1747 658
179 892
347 1236
1262 1259
724 669
1512 426
348 2
1391 1070
254 728
613 596
1192 1284
1403 1695
1613 1337
186 216
1154 1236
1187 737
495 643
701 1269
119 751
757 864
148 148
1144 1123
74 86
274 231
813 836
894 672
1270 231
255 1715
271 992
658 704
828 1348
1655 1538
66 1721
368 511
59 66
942 721
1196 63
195 244
1672 1090
1090 1210
1522 177
482 346
700 1730
1495 1307
726 243
1406 1378
1309 572
1354 174
972 620
1370 1118
1490 591
781 582
1624 641
146 1487
354 1023
694 1637
94 91
444 1482
1234 1300
1599 1457
1728 4
611 586
1371 1499
1549 1571
675 779
1385 1345
1562 1400
479 796
1337 1214
1641 1411
889 619
608 321
1499 1347
940 618
716 651
1519 1478
405 84
473 1693
1085 100
1131 50
107 948
1690 1155
707 669
762 669
1392 1385
1650 661
722 1151
1079 1036
1291 1451
1591 1440
233 1532
1212 478
1422 1363
410 244
33 1282
231 582
1363 1476
1583 1462
935 1000
76 1672
372 1526
1020 721
1039 189
278 848
1733 1498
691 836
1034 1141
1437 1187
1688 1501
340 1236
437 596
748 669
1632 1483
357 134
485 395
508 1482
638 1136
346 264
1231 62
1372 1476
205 195
998 346
1225 970
1325 1621
454 137
432 287
835 672
1095 446
1569 1574
643 364
1191 1208
1335 1226
324 220
729 944
743 223
1700 1231
1718 1515
406 1421
657 721
994 445
1555 1411
987 1174
1113 1275
421 341
1457 1287
547 488
1542 1686
1206 1207
1633 1292
1660 717
980 903
1228 445
1696 1458
1080 708
1606 1456
1159 124
281 1241
741 823
810 687
126 1486
1326 1077
1742 370
1140 432
1240 1085
1407 1447
1396 1202
1713 1245
1452 1039
171 129
443 1226
587 321
1037 1463
1461 1353
1686 580
331 677
505 1679
892 669
1207 711
1412 1522
1701 1263
1072 1275
46 476
526 596
1659 1351
592 69
758 1269
243 274
768 266
858 815
1098 1269
145 128
396 202
1038 712
1561 482
173 836
1057 1568
109 1206
399 244
1308 505
1726 1715
77 476
284 1499
1005 669
339 367
1579 1023
749 1595
1386 1375
71 81
1748 1224
23 38
1189 1337
1292 1350
1404 319
1596 1463
1089 110
1236 1550
1255 1085
1564 177
362 270
1167 1207
1405 1202
1442 1379
1003 955
1565 979
1670 1466
1232 1616
1587 735
1202 188
1622 1476
1652 503
252 602
907 445
961 721
1078 1144
279 1429
1401 1402
1423 1332
832 549
1430 1098
1459 1591
794 746
1315 505
1612 1461
511 1183
926 589
705 999
1725 946
6 1445
1518 641
423 528
1120 1136
465 1131
1427 1524
307 199
814 672
269 1596
1200 263
1492 167
329 1100
1227 186
1717 1147
636 121
969 301
1323 1653
1182 1518
1317 715
943 651
435 260
637 836
853 1445
1456 1379
27 66
364 1476
366 1520
610 1259
242 146
325 132
846 669
918 164
1185 1231
1421 1553
1585 1122
1293 1227
1409 1431
176 554
272 1059
341 169
1205 84
1224 1646
1203 1504
1568 196
1276 1504
1481 377
1682 1558
1164 1411
1322 768
97 101
358 1228
1415 499
369 1462
886 432
948 1286
61 92
1503 1203
548 1445
991 794
317 376
1121 942
138 239
221 244
818 93
1013 1000
1359 736
1093 881
585 251
1264 1035
1664 1557
1740 1156
1355 800
478 1202
276 246
1067 999
218 51
220 449
1416 463
43 1721
517 999
413 1341
1197 1406
291 1163
425 1186
1233 1122
1674 1142
868 587
106 132
428 1595
229 1310
288 1442
26 37
84 98
395 1535
418 187
1615 13
121 1687
1506 1295
1092 1113
1458 686
1703 1141
1312 1663
1487 1322
879 836
158 1077
1535 1609
1556 792
360 609
689 82
1447 631
1619 1624
224 470
1435 1377
122 1236
1400 267
905 814
256 490
1112 237
1753 292
87 113
1195 1156
1498 460
1266 1043
1580 177
1367 1301
1515 1656
1476 1359
625 76
1217 341
1365 383
845 131
751 723
293 472
1398 1184
1425 1399
270 260
302 916
1387 1057
96 1623
1485 577
147 1160
132 122
1694 1090
131 1420
1683 689
1477 1019
1352 1547
575 476
1510 1376
1730 175
312 1345
438 1494
367 1230
1151 250
1501 1719
349 1233
1298 265
1133 1457
177 815
802 815
1279 1238
130 142
560 1019
1181 1461
1253 1100
1281 258
127 1551
334 240
1328 197
1527 1067
1734 1550
1654 372
1248 1145
1432 610
1709 1071
668 600
129 1089
1143 245
124 1205
273 1576
978 474
1249 115
1751 1196
951 668
973 986
328 163
1052 190
864 1387
958 1462
1440 1377
321 1266
612 71
1469 1026
1419 1377
133 239
1175 336
1288 540
656 1231
1147 138
1413 770
163 1229
696 1219
1241 1287
1460 138
744 466
1344 611
563 19
1408 1175
359 1706
285 1350
327 1499
219 214
936 1177
1616 1360
55 282
1418 1307
631 164
208 1411
854 981
1033 623
311 259
672 723
1611 525
226 664
544 1144
988 1638
1242 1239
1319 1470
404 293
1301 580
1497 1041
319 245
301 981
1431 1374
185 1406
1283 609
1271 1206
1433 1135
1741 681
680 243
488 1277
601 331
1661 715
260 1734
1673 1070
411 1483
181 1506
1566 1263
562 63
1436 1135
380 1206
1237 1478
337 280
1043 723
1088 1181
1104 354
322 1181
1438 1354
1434 1377
230 159
128 348
1274 603
893 713
82 866
1610 325
264 243
692 243
1593 1576
79 403
1576 1471
1420 1374
303 1007
1732 1257
393 580
483 740
1603 1502
580 623
1411 1526
1508 1597
268 639
345 1317
1136 1147
799 1491
685 909
332 1356
745 1721
496 1155
979 8
1746 1226
776 243
1103 875
1426 1586
458 1156
1629 1561
1417 485
402 285
225 1657
1047 723
315 1542
1330 202
1626 657
1466 947
338 881
1001 25
579 1149
313 1569
422 1077
1679 1718
571 1646
1311 258
489 1732
1669 1611
1722 1356
1134 911
532 980
1625 863
623 1203
251 727
531 1713
1468 347
555 178
